w Re-xx Im-xx Re-yy Im-yy Re-zz Im-zz
# Gaussian absolute broadening  0.15 [eV]
   0.0000000  7.680157e-01  8.822660e-05  7.680205e-01  8.822682e-05  7.257182e-01  7.914371e-05  
   0.0200000  7.681156e-01  9.442453e-05  7.681205e-01  9.442483e-05  7.258077e-01  8.470262e-05  
   0.0410000  7.682340e-01  1.014872e-04  7.682390e-01  1.014876e-04  7.259138e-01  9.103693e-05  
   0.0620000  7.683692e-01  1.091545e-04  7.683741e-01  1.091550e-04  7.260351e-01  9.791316e-05  
   0.0830000  7.685226e-01  1.174601e-04  7.685275e-01  1.174608e-04  7.261727e-01  1.053616e-04  
   0.1040000  7.686967e-01  1.264335e-04  7.687016e-01  1.264343e-04  7.263291e-01  1.134084e-04  
   0.1240000  7.688834e-01  1.356216e-04  7.688881e-01  1.356227e-04  7.264966e-01  1.216473e-04  
   0.1450000  7.691036e-01  1.459584e-04  7.691085e-01  1.459597e-04  7.266942e-01  1.309155e-04  
   0.1660000  7.693509e-01  1.570077e-04  7.693557e-01  1.570093e-04  7.269157e-01  1.408219e-04  
   0.1870000  7.696274e-01  1.687661e-04  7.696323e-01  1.687680e-04  7.271637e-01  1.513631e-04  
   0.2080000  7.699347e-01  1.812190e-04  7.699397e-01  1.812213e-04  7.274399e-01  1.625258e-04  
   0.2290000  7.702753e-01  1.943412e-04  7.702802e-01  1.943439e-04  7.277451e-01  1.742872e-04  
   0.2490000  7.706319e-01  2.074287e-04  7.706369e-01  2.074318e-04  7.280647e-01  1.860162e-04  
   0.2700000  7.710412e-01  2.217483e-04  7.710460e-01  2.217519e-04  7.284316e-01  1.988477e-04  
   0.2910000  7.714871e-01  2.366107e-04  7.714921e-01  2.366147e-04  7.288314e-01  2.121639e-04  
   0.3120000  7.719706e-01  2.519623e-04  7.719758e-01  2.519668e-04  7.292653e-01  2.259161e-04  
   0.3330000  7.724922e-01  2.677481e-04  7.724974e-01  2.677531e-04  7.297328e-01  2.400549e-04  
   0.3540000  7.730526e-01  2.839147e-04  7.730575e-01  2.839202e-04  7.302351e-01  2.545321e-04  
   0.3740000  7.736218e-01  2.996202e-04  7.736269e-01  2.996261e-04  7.307452e-01  2.685937e-04  
   0.3950000  7.742568e-01  3.163923e-04  7.742619e-01  3.163985e-04  7.313148e-01  2.836072e-04  
   0.4160000  7.749302e-01  3.334154e-04  7.749352e-01  3.334220e-04  7.319182e-01  2.988419e-04  
   0.4374300  7.756574e-01  3.510137e-04  7.756626e-01  3.510206e-04  7.325701e-01  3.145875e-04  
   0.4574300  7.763714e-01  3.676214e-04  7.763768e-01  3.676288e-04  7.332102e-01  3.294434e-04  
   0.4784300  7.771590e-01  3.852336e-04  7.771642e-01  3.852414e-04  7.339158e-01  3.451937e-04  
   0.4994300  7.779843e-01  4.030120e-04  7.779894e-01  4.030204e-04  7.346552e-01  3.610882e-04  
   0.5204300  7.788479e-01  4.209497e-04  7.788531e-01  4.209587e-04  7.354288e-01  3.771206e-04  
   0.5414300  7.797496e-01  4.390428e-04  7.797549e-01  4.390527e-04  7.362368e-01  3.932873e-04  
   0.5614300  7.806445e-01  4.564185e-04  7.806498e-01  4.564294e-04  7.370384e-01  4.088084e-04  
   0.5824300  7.816221e-01  4.748167e-04  7.816273e-01  4.748289e-04  7.379138e-01  4.252377e-04  
   0.6034300  7.826383e-01  4.933749e-04  7.826436e-01  4.933887e-04  7.388238e-01  4.418049e-04  
   0.6244300  7.836940e-01  5.120988e-04  7.836995e-01  5.121147e-04  7.397693e-01  4.585141e-04  
   0.6454300  7.847895e-01  5.309939e-04  7.847950e-01  5.310117e-04  7.407500e-01  4.753704e-04  
   0.6664300  7.859250e-01  5.500659e-04  7.859305e-01  5.500861e-04  7.417664e-01  4.923787e-04  
   0.6864300  7.870433e-01  5.684003e-04  7.870491e-01  5.684228e-04  7.427673e-01  5.087231e-04  
   0.7074300  7.882574e-01  5.878375e-04  7.882632e-01  5.878629e-04  7.438543e-01  5.260445e-04  
   0.7284300  7.895128e-01  6.074724e-04  7.895185e-01  6.075003e-04  7.449772e-01  5.435350e-04  
   0.7494300  7.908096e-01  6.273126e-04  7.908154e-01  6.273432e-04  7.461376e-01  5.612015e-04  
   0.7704300  7.921482e-01  6.473652e-04  7.921538e-01  6.473982e-04  7.473348e-01  5.790500e-04  
   0.7914300  7.935292e-01  6.676392e-04  7.935351e-01  6.676747e-04  7.485702e-01  5.970873e-04  
   0.8114300  7.948837e-01  6.871601e-04  7.948896e-01  6.871978e-04  7.497813e-01  6.144476e-04  
   0.8324300  7.963483e-01  7.078894e-04  7.963542e-01  7.079291e-04  7.510909e-01  6.328743e-04  
   0.8540300  7.979009e-01  7.294686e-04  7.979068e-01  7.295104e-04  7.524790e-01  6.520473e-04  
   0.8740300  7.993797e-01  7.496903e-04  7.993858e-01  7.497338e-04  7.538007e-01  6.700063e-04  
   0.8950300  8.009766e-01  7.711825e-04  8.009828e-01  7.712278e-04  7.552276e-01  6.890842e-04  
   0.9160300  8.026186e-01  7.929502e-04  8.026248e-01  7.929970e-04  7.566949e-01  7.083974e-04  
   0.9370300  8.043066e-01  8.150039e-04  8.043130e-01  8.150520e-04  7.582027e-01  7.279541e-04  
   0.9580300  8.060412e-01  8.373540e-04  8.060476e-01  8.374036e-04  7.597517e-01  7.477638e-04  
   0.9780300  8.077375e-01  8.589261e-04  8.077440e-01  8.589772e-04  7.612663e-01  7.668738e-04  
   0.9990300  8.095652e-01  8.818878e-04  8.095716e-01  8.819402e-04  7.628980e-01  7.872043e-04  
   1.0200300  8.114415e-01  9.051794e-04  8.114480e-01  9.052336e-04  7.645728e-01  8.078158e-04  
   1.0410300  8.133673e-01  9.288131e-04  8.133739e-01  9.288687e-04  7.662911e-01  8.287185e-04  
   1.0620300  8.153434e-01  9.528007e-04  8.153502e-01  9.528581e-04  7.680541e-01  8.499221e-04  
   1.0830300  8.173703e-01  9.771552e-04  8.173770e-01  9.772142e-04  7.698616e-01  8.714374e-04  
   1.1030300  8.193482e-01  1.000702e-03  8.193552e-01  1.000763e-03  7.716255e-01  8.922275e-04  
   1.1240300  8.214764e-01  1.025809e-03  8.214833e-01  1.025871e-03  7.735229e-01  9.143820e-04  
   1.1450300  8.236577e-01  1.051320e-03  8.236646e-01  1.051384e-03  7.754669e-01  9.368801e-04  
   1.1660300  8.258930e-01  1.077252e-03  8.259002e-01  1.077317e-03  7.774587e-01  9.597342e-04  
   1.1870300  8.281831e-01  1.103617e-03  8.281903e-01  1.103683e-03  7.794988e-01  9.829557e-04  
   1.2080300  8.305292e-01  1.130430e-03  8.305365e-01  1.130498e-03  7.815880e-01  1.006559e-03  
   1.2280300  8.328155e-01  1.156399e-03  8.328232e-01  1.156467e-03  7.836236e-01  1.029402e-03  
   1.2490300  8.352728e-01  1.184135e-03  8.352805e-01  1.184204e-03  7.858107e-01  1.053785e-03  
   1.2706300  8.378621e-01  1.213184e-03  8.378699e-01  1.213254e-03  7.881146e-01  1.079306e-03  
   1.2906300  8.403155e-01  1.240567e-03  8.403232e-01  1.240637e-03  7.902969e-01  1.103347e-03  
   1.3116300  8.429509e-01  1.269843e-03  8.429589e-01  1.269913e-03  7.926406e-01  1.129033e-03  
   1.3326300  8.456485e-01  1.299672e-03  8.456567e-01  1.299743e-03  7.950385e-01  1.155187e-03  
   1.3536299  8.484089e-01  1.330077e-03  8.484172e-01  1.330148e-03  7.974916e-01  1.181827e-03  
   1.3746300  8.512340e-01  1.361079e-03  8.512423e-01  1.361150e-03  8.000016e-01  1.208971e-03  
   1.3946300  8.539860e-01  1.391180e-03  8.539945e-01  1.391251e-03  8.024457e-01  1.235309e-03  
   1.4156300  8.569410e-01  1.423414e-03  8.569494e-01  1.423485e-03  8.050691e-01  1.263491e-03  
   1.4366300  8.599644e-01  1.456312e-03  8.599733e-01  1.456384e-03  8.077524e-01  1.292235e-03  
   1.4576300  8.630581e-01  1.489902e-03  8.630669e-01  1.489975e-03  8.104970e-01  1.321562e-03  
   1.4786299  8.662232e-01  1.524210e-03  8.662322e-01  1.524283e-03  8.133039e-01  1.351491e-03  
   1.4996300  8.694614e-01  1.559260e-03  8.694705e-01  1.559335e-03  8.161746e-01  1.382047e-03  
   1.5196300  8.726141e-01  1.593358e-03  8.726234e-01  1.593434e-03  8.189686e-01  1.411749e-03  
   1.5406300  8.759989e-01  1.629944e-03  8.760083e-01  1.630021e-03  8.219673e-01  1.443593e-03  
   1.5616300  8.794615e-01  1.667359e-03  8.794711e-01  1.667439e-03  8.250334e-01  1.476134e-03  
   1.5826300  8.830035e-01  1.705637e-03  8.830134e-01  1.705719e-03  8.281683e-01  1.509398e-03  
   1.6036299  8.866268e-01  1.744812e-03  8.866369e-01  1.744895e-03  8.313740e-01  1.543413e-03  
   1.6246300  8.903330e-01  1.784917e-03  8.903431e-01  1.785004e-03  8.346519e-01  1.578208e-03  
   1.6446300  8.939417e-01  1.824014e-03  8.939521e-01  1.824103e-03  8.378419e-01  1.612099e-03  
   1.6656300  8.978156e-01  1.866049e-03  8.978261e-01  1.866141e-03  8.412649e-01  1.648506e-03  
   1.6872300  9.018936e-01  1.910381e-03  9.019047e-01  1.910476e-03  8.448669e-01  1.686870e-03  
   1.7072300  9.057555e-01  1.952459e-03  9.057666e-01  1.952559e-03  8.482763e-01  1.723253e-03  
   1.7282300  9.099029e-01  1.997759e-03  9.099138e-01  1.997861e-03  8.519355e-01  1.762386e-03  
   1.7492300  9.141458e-01  2.044247e-03  9.141569e-01  2.044353e-03  8.556777e-01  1.802512e-03  
   1.7702301  9.184871e-01  2.091980e-03  9.184991e-01  2.092090e-03  8.595050e-01  1.843676e-03  
   1.7912300  9.229306e-01  2.141016e-03  9.229426e-01  2.141129e-03  8.634200e-01  1.885924e-03  
   1.8112299  9.272599e-01  2.188982e-03  9.272720e-01  2.189100e-03  8.672323e-01  1.927219e-03  
   1.8322300  9.319102e-01  2.240739e-03  9.319226e-01  2.240861e-03  8.713252e-01  1.971737e-03  
   1.8532300  9.366705e-01  2.293988e-03  9.366833e-01  2.294114e-03  8.755131e-01  2.017503e-03  
   1.8742300  9.415444e-01  2.348807e-03  9.415577e-01  2.348938e-03  8.797985e-01  2.064578e-03  
   1.8952301  9.465357e-01  2.405272e-03  9.465489e-01  2.405407e-03  8.841844e-01  2.113033e-03  
   1.9162300  9.516475e-01  2.463470e-03  9.516606e-01  2.463610e-03  8.886732e-01  2.162939e-03  
   1.9362299  9.566300e-01  2.520590e-03  9.566437e-01  2.520734e-03  8.930466e-01  2.211895e-03  
   1.9572300  9.619864e-01  2.582442e-03  9.620005e-01  2.582592e-03  8.977448e-01  2.264883e-03  
   1.9782300  9.674740e-01  2.646321e-03  9.674884e-01  2.646478e-03  9.025559e-01  2.319592e-03  
   1.9992300  9.730970e-01  2.712345e-03  9.731116e-01  2.712507e-03  9.074820e-01  2.376135e-03  
   2.0202301  9.788600e-01  2.780644e-03  9.788749e-01  2.780813e-03  9.125274e-01  2.434642e-03  
   2.0412300  9.847667e-01  2.851359e-03  9.847826e-01  2.851535e-03  9.176955e-01  2.495253e-03  
   2.0612299  9.905300e-01  2.921094e-03  9.905458e-01  2.921277e-03  9.227347e-01  2.555089e-03  
   2.0822301  9.967319e-01  2.996993e-03  9.967483e-01  2.997183e-03  9.281543e-01  2.620308e-03  
   2.1038301  1.003278e+00  3.078118e-03  1.003294e+00  3.078316e-03  9.338697e-01  2.690176e-03  
   2.1238301  1.009494e+00  3.156194e-03  1.009511e+00  3.156401e-03  9.392933e-01  2.757613e-03  
   2.1448300  1.016187e+00  3.241471e-03  1.016205e+00  3.241688e-03  9.451294e-01  2.831530e-03  
   2.1658299  1.023058e+00  3.330380e-03  1.023076e+00  3.330609e-03  9.511150e-01  2.908943e-03  
   2.1868300  1.030113e+00  3.423220e-03  1.030131e+00  3.423460e-03  9.572568e-01  2.990205e-03  
   2.2078300  1.037357e+00  3.520309e-03  1.037377e+00  3.520562e-03  9.635587e-01  3.075706e-03  
   2.2278299  1.044443e+00  3.617062e-03  1.044462e+00  3.617326e-03  9.697164e-01  3.161478e-03  
   2.2488301  1.052083e+00  3.723535e-03  1.052103e+00  3.723814e-03  9.763511e-01  3.256555e-03  
   2.2698300  1.059938e+00  3.835441e-03  1.059958e+00  3.835737e-03  9.831651e-01  3.357278e-03  
   2.2908299  1.068016e+00  3.953273e-03  1.068037e+00  3.953584e-03  9.901670e-01  3.464213e-03  
   2.3118300  1.076326e+00  4.077565e-03  1.076349e+00  4.077895e-03  9.973629e-01  3.577962e-03  
   2.3328300  1.084881e+00  4.208902e-03  1.084903e+00  4.209252e-03  1.004761e+00  3.699165e-03  
   2.3528299  1.093262e+00  4.341126e-03  1.093285e+00  4.341494e-03  1.012003e+00  3.822161e-03  
   2.3738301  1.102321e+00  4.488128e-03  1.102344e+00  4.488520e-03  1.019820e+00  3.959954e-03  
   2.3948300  1.111655e+00  4.644248e-03  1.111679e+00  4.644667e-03  1.027866e+00  4.107369e-03  
   2.4158299  1.121279e+00  4.810322e-03  1.121304e+00  4.810767e-03  1.036149e+00  4.265246e-03  
   2.4368300  1.131205e+00  4.987258e-03  1.131231e+00  4.987733e-03  1.044682e+00  4.434488e-03  
   2.4578300  1.141449e+00  5.176063e-03  1.141476e+00  5.176569e-03  1.053475e+00  4.616066e-03  
   2.4778299  1.151516e+00  5.367923e-03  1.151543e+00  5.368459e-03  1.062102e+00  4.801437e-03  
   2.4988301  1.162428e+00  5.583208e-03  1.162456e+00  5.583780e-03  1.071439e+00  5.010261e-03  
   2.5204301  1.174039e+00  5.820869e-03  1.174068e+00  5.821484e-03  1.081357e+00  5.241550e-03  
   2.5404301  1.185159e+00  6.057079e-03  1.185188e+00  6.057734e-03  1.090836e+00  5.471980e-03  
   2.5614300  1.197238e+00  6.323596e-03  1.197269e+00  6.324298e-03  1.101116e+00  5.732360e-03  
   2.5824299  1.209756e+00  6.611176e-03  1.209788e+00  6.611930e-03  1.111745e+00  6.013464e-03  
   2.6034300  1.222742e+00  6.922402e-03  1.222776e+00  6.923216e-03  1.122746e+00  6.317472e-03  
   2.6244299  1.236226e+00  7.260418e-03  1.236260e+00  7.261295e-03  1.134140e+00  6.646925e-03  
   2.6444299  1.249562e+00  7.610825e-03  1.249598e+00  7.611768e-03  1.145382e+00  6.987141e-03  
   2.6654301  1.264120e+00  8.013431e-03  1.264157e+00  8.014453e-03  1.157619e+00  7.375690e-03  
   2.6864300  1.279291e+00  8.457861e-03  1.279329e+00  8.458973e-03  1.170330e+00  7.800805e-03  
   2.7074299  1.295121e+00  8.952553e-03  1.295162e+00  8.953765e-03  1.183551e+00  8.268218e-03  
   2.7284300  1.311667e+00  9.508763e-03  1.311709e+00  9.510091e-03  1.197317e+00  8.785235e-03  
   2.7494299  1.328988e+00  1.014166e-02  1.329032e+00  1.014313e-02  1.211671e+00  9.361284e-03  
   2.7694299  1.346271e+00  1.083450e-02  1.346316e+00  1.083611e-02  1.225931e+00  9.975997e-03  
   2.7904301  1.365317e+00  1.168321e-02  1.365365e+00  1.168502e-02  1.241572e+00  1.070619e-02  
   2.8114300  1.385372e+00  1.269291e-02  1.385422e+00  1.269496e-02  1.257956e+00  1.154365e-02  
   2.8324299  1.406533e+00  1.391377e-02  1.406586e+00  1.391614e-02  1.275149e+00  1.251551e-02  
   2.8534300  1.428908e+00  1.541263e-02  1.428964e+00  1.541541e-02  1.293222e+00  1.365703e-02  
   2.8744299  1.452615e+00  1.727740e-02  1.452674e+00  1.728071e-02  1.312256e+00  1.501375e-02  
   2.8944299  1.476543e+00  1.949759e-02  1.476606e+00  1.950158e-02  1.331356e+00  1.655929e-02  
   2.9154301  1.503207e+00  2.243422e-02  1.503273e+00  2.243916e-02  1.352522e+00  1.851930e-02  
   2.9370301  1.532408e+00  2.628949e-02  1.532478e+00  2.629571e-02  1.375583e+00  2.099231e-02  
   2.9570301  1.561157e+00  3.082171e-02  1.561230e+00  3.082947e-02  1.398200e+00  2.380409e-02  
   2.9780300  1.593205e+00  3.683474e-02  1.593284e+00  3.684460e-02  1.423354e+00  2.743536e-02  
   2.9990301  1.627226e+00  4.443977e-02  1.627310e+00  4.445229e-02  1.450049e+00  3.193362e-02  
   3.0200300  1.663237e+00  5.399277e-02  1.663326e+00  5.400864e-02  1.478372e+00  3.750774e-02  
   3.0410299  1.701198e+00  6.588937e-02  1.701293e+00  6.590938e-02  1.508397e+00  4.440482e-02  
   3.0610299  1.739062e+00  7.978723e-02  1.739162e+00  7.981202e-02  1.538614e+00  5.246548e-02  
   3.0820301  1.780422e+00  9.749912e-02  1.780526e+00  9.752988e-02  1.572050e+00  6.280816e-02  
   3.1030300  1.823130e+00  1.188353e-01  1.823240e+00  1.188731e-01  1.607189e+00  7.543024e-02  
   3.1240301  1.866792e+00  1.442058e-01  1.866907e+00  1.442515e-01  1.643922e+00  9.072098e-02  
   3.1450300  1.910902e+00  1.739655e-01  1.911020e+00  1.740202e-01  1.682055e+00  1.090863e-01  
   3.1660299  1.954863e+00  2.083885e-01  1.954985e+00  2.084531e-01  1.721306e+00  1.309337e-01  
   3.1860299  1.995976e+00  2.456603e-01  1.996101e+00  2.457350e-01  1.759377e+00  1.553338e-01  
   3.2070301  2.037652e+00  2.895432e-01  2.037776e+00  2.896291e-01  1.799609e+00  1.850585e-01  
   3.2280300  2.077057e+00  3.381796e-01  2.077182e+00  3.382770e-01  1.839529e+00  2.192584e-01  
   3.2490301  2.113454e+00  3.913048e-01  2.113578e+00  3.914135e-01  1.878462e+00  2.581122e-01  
   3.2700300  2.146159e+00  4.484961e-01  2.146279e+00  4.486162e-01  1.915662e+00  3.016719e-01  
   3.2910299  2.174575e+00  5.091913e-01  2.174690e+00  5.093220e-01  1.950339e+00  3.498423e-01  
   3.3110299  2.197222e+00  5.696316e-01  2.197332e+00  5.697719e-01  1.980292e+00  3.997706e-01  
   3.3320301  2.216059e+00  6.351281e-01  2.216163e+00  6.352776e-01  2.007777e+00  4.560401e-01  
   3.3536301  2.230000e+00  7.038333e-01  2.230098e+00  7.039909e-01  2.031103e+00  5.174119e-01  
   3.3736300  2.238012e+00  7.679015e-01  2.238103e+00  7.680661e-01  2.047694e+00  5.767027e-01  
   3.3946300  2.241542e+00  8.349022e-01  2.241625e+00  8.350726e-01  2.059540e+00  6.406694e-01  
   3.4156301  2.240390e+00  9.009574e-01  2.240467e+00  9.011327e-01  2.065457e+00  7.054543e-01  
   3.4366300  2.235000e+00  9.655019e-01  2.235071e+00  9.656818e-01  2.065441e+00  7.700651e-01  
   3.4576299  2.225888e+00  1.028109e+00  2.225954e+00  1.028292e+00  2.059706e+00  8.335227e-01  
   3.4776299  2.214249e+00  1.085675e+00  2.214310e+00  1.085861e+00  2.049311e+00  8.920482e-01  
   3.4986300  2.199434e+00  1.143818e+00  2.199494e+00  1.144007e+00  2.033807e+00  9.507223e-01  
   3.5196300  2.182451e+00  1.199583e+00  2.182508e+00  1.199774e+00  2.014349e+00  1.005913e+00  
   3.5406301  2.163723e+00  1.253050e+00  2.163779e+00  1.253243e+00  1.991811e+00  1.057165e+00  
   3.5616300  2.143584e+00  1.304362e+00  2.143638e+00  1.304557e+00  1.967106e+00  1.104230e+00  
   3.5826299  2.122279e+00  1.353697e+00  2.122332e+00  1.353894e+00  1.941151e+00  1.147079e+00  
   3.6026299  2.101049e+00  1.399006e+00  2.101101e+00  1.399203e+00  1.916044e+00  1.184125e+00  
   3.6236300  2.077862e+00  1.444962e+00  2.077912e+00  1.445160e+00  1.889982e+00  1.219407e+00  
   3.6446300  2.053811e+00  1.489357e+00  2.053858e+00  1.489554e+00  1.864806e+00  1.251456e+00  
   3.6656301  2.028934e+00  1.532235e+00  2.028978e+00  1.532430e+00  1.840927e+00  1.280840e+00  
   3.6866300  2.003292e+00  1.573577e+00  2.003332e+00  1.573769e+00  1.818576e+00  1.308153e+00  
   3.7076299  1.976986e+00  1.613320e+00  1.977021e+00  1.613507e+00  1.797820e+00  1.333973e+00  
   3.7276299  1.951469e+00  1.649598e+00  1.951499e+00  1.649779e+00  1.779462e+00  1.357634e+00  
   3.7486300  1.924418e+00  1.685944e+00  1.924441e+00  1.686118e+00  1.761502e+00  1.381888e+00  
   3.7702301  1.896657e+00  1.721386e+00  1.896674e+00  1.721551e+00  1.744206e+00  1.406488e+00  
   3.7902300  1.871374e+00  1.752422e+00  1.871385e+00  1.752579e+00  1.729047e+00  1.429088e+00  
   3.8112299  1.845707e+00  1.783224e+00  1.845713e+00  1.783372e+00  1.713849e+00  1.452670e+00  
   3.8322301  1.821421e+00  1.812354e+00  1.821423e+00  1.812493e+00  1.699303e+00  1.476048e+00  
   3.8532300  1.799012e+00  1.840093e+00  1.799010e+00  1.840224e+00  1.685431e+00  1.499127e+00  
   3.8742299  1.778949e+00  1.866862e+00  1.778947e+00  1.866987e+00  1.672378e+00  1.521818e+00  
   3.8942299  1.762394e+00  1.891962e+00  1.762393e+00  1.892082e+00  1.660935e+00  1.543028e+00  
   3.9152300  1.747977e+00  1.918564e+00  1.747978e+00  1.918681e+00  1.650279e+00  1.564927e+00  
   3.9362299  1.736758e+00  1.946213e+00  1.736763e+00  1.946330e+00  1.641396e+00  1.586623e+00  
   3.9572301  1.728721e+00  1.975806e+00  1.728732e+00  1.975927e+00  1.634672e+00  1.608448e+00  
   3.9782300  1.723645e+00  2.008297e+00  1.723663e+00  2.008424e+00  1.630448e+00  1.630892e+00  
   3.9992299  1.721076e+00  2.044654e+00  1.721101e+00  2.044792e+00  1.628964e+00  1.654604e+00  
   4.0192299  1.720330e+00  2.083726e+00  1.720362e+00  2.083878e+00  1.630189e+00  1.679083e+00  
   4.0402298  1.720447e+00  2.130227e+00  1.720486e+00  2.130395e+00  1.634159e+00  1.707633e+00  
   4.0612302  1.720362e+00  2.183017e+00  1.720405e+00  2.183207e+00  1.640572e+00  1.740034e+00  
   4.0822301  1.718748e+00  2.242595e+00  1.718792e+00  2.242806e+00  1.648877e+00  1.777250e+00  
   4.1032300  1.714131e+00  2.309208e+00  1.714175e+00  2.309442e+00  1.658262e+00  1.820195e+00  
   4.1242299  1.704957e+00  2.382832e+00  1.704994e+00  2.383090e+00  1.667662e+00  1.869682e+00  
   4.1442299  1.690534e+00  2.459175e+00  1.690562e+00  2.459453e+00  1.675435e+00  1.923474e+00  
   4.1652298  1.667946e+00  2.545270e+00  1.667958e+00  2.545569e+00  1.680904e+00  1.987340e+00  
   4.1868300  1.635283e+00  2.639228e+00  1.635272e+00  2.639544e+00  1.681912e+00  2.061044e+00  
   4.2068300  1.595336e+00  2.730004e+00  1.595299e+00  2.730332e+00  1.677005e+00  2.136324e+00  
   4.2278299  1.542350e+00  2.827858e+00  1.542280e+00  2.828194e+00  1.664051e+00  2.222070e+00  
   4.2488298  1.477293e+00  2.926737e+00  1.477185e+00  2.927074e+00  1.641383e+00  2.313702e+00  
   4.2698302  1.399675e+00  3.024897e+00  1.399523e+00  3.025230e+00  1.607399e+00  2.409838e+00  
   4.2908301  1.309309e+00  3.120486e+00  1.309111e+00  3.120810e+00  1.560752e+00  2.508711e+00  
   4.3108301  1.211493e+00  3.207407e+00  1.211248e+00  3.207718e+00  1.503638e+00  2.603515e+00  
   4.3318300  1.096829e+00  3.292523e+00  1.096534e+00  3.292815e+00  1.429792e+00  2.701487e+00  
   4.3528299  9.705791e-01  3.369503e+00  9.702359e-01  3.369773e+00  1.341653e+00  2.795396e+00  
   4.3738298  8.336837e-01  3.436553e+00  8.332928e-01  3.436798e+00  1.239674e+00  2.882706e+00  
   4.3948302  6.873262e-01  3.491988e+00  6.868912e-01  3.492208e+00  1.124859e+00  2.960967e+00  
   4.4158301  5.329319e-01  3.534264e+00  5.324575e-01  3.534455e+00  9.987430e-01  3.027920e+00  
   4.4358301  3.799084e-01  3.561049e+00  3.794023e-01  3.561213e+00  8.699484e-01  3.079412e+00  
   4.4568300  2.147116e-01  3.573920e+00  2.141789e-01  3.574057e+00  7.278677e-01  3.119147e+00  
   4.4778299  4.685425e-02  3.570300e+00  4.630256e-02  3.570409e+00  5.813525e-01  3.143207e+00  
   4.4988298  -1.215108e-01  3.549609e+00  -1.220736e-01  3.549692e+00  4.331490e-01  3.151127e+00  
   4.5198302  -2.881218e-01  3.511616e+00  -2.886878e-01  3.511674e+00  2.859897e-01  3.142996e+00  
   4.5408301  -4.506412e-01  3.456487e+00  -4.512027e-01  3.456521e+00  1.424712e-01  3.119436e+00  
   4.5608301  -5.994881e-01  3.388577e+00  -6.000389e-01  3.388589e+00  1.130275e-02  3.083645e+00  
   4.5818300  -7.473739e-01  3.302063e+00  -7.479082e-01  3.302053e+00  -1.187242e-01  3.033456e+00  
   4.6034298  -8.883236e-01  3.198316e+00  -8.888353e-01  3.198285e+00  -2.426046e-01  2.970179e+00  
   4.6234298  -1.006997e+00  3.090632e+00  -1.007485e+00  3.090584e+00  -3.473240e-01  2.902864e+00  
   4.6444302  -1.117873e+00  2.967661e+00  -1.118333e+00  2.967595e+00  -4.462632e-01  2.825104e+00  
   4.6654301  -1.213573e+00  2.836979e+00  -1.214004e+00  2.836898e+00  -5.336206e-01  2.742055e+00  
   4.6864300  -1.293437e+00  2.701221e+00  -1.293841e+00  2.701126e+00  -6.094570e-01  2.655616e+00  
   4.7074299  -1.357300e+00  2.563080e+00  -1.357678e+00  2.562972e+00  -6.741303e-01  2.567528e+00  
   4.7274299  -1.403540e+00  2.431701e+00  -1.403894e+00  2.431582e+00  -7.258830e-01  2.483517e+00  
   4.7484298  -1.437521e+00  2.296290e+00  -1.437852e+00  2.296161e+00  -7.706124e-01  2.396460e+00  
   4.7694302  -1.457717e+00  2.165597e+00  -1.458029e+00  2.165456e+00  -8.063430e-01  2.311671e+00  
   4.7904301  -1.465585e+00  2.041416e+00  -1.465880e+00  2.041265e+00  -8.339872e-01  2.230038e+00  
   4.8114300  -1.462785e+00  1.925127e+00  -1.463066e+00  1.924966e+00  -8.544754e-01  2.152236e+00  
   4.8324299  -1.451074e+00  1.817687e+00  -1.451342e+00  1.817515e+00  -8.687208e-01  2.078747e+00  
   4.8524299  -1.433245e+00  1.724093e+00  -1.433503e+00  1.723911e+00  -8.772828e-01  2.013058e+00  
   4.8734298  -1.409128e+00  1.635169e+00  -1.409374e+00  1.634975e+00  -8.818036e-01  1.948760e+00  
   4.8944302  -1.380996e+00  1.555702e+00  -1.381232e+00  1.555497e+00  -8.824880e-01  1.889299e+00  
   4.9154301  -1.350209e+00  1.485332e+00  -1.350434e+00  1.485115e+00  -8.800191e-01  1.834621e+00  
   4.9364300  -1.317921e+00  1.423511e+00  -1.318136e+00  1.423282e+00  -8.750075e-01  1.784586e+00  
   4.9574299  -1.285081e+00  1.369574e+00  -1.285283e+00  1.369332e+00  -8.679900e-01  1.738995e+00  
   4.9774299  -1.253978e+00  1.324868e+00  -1.254168e+00  1.324615e+00  -8.598699e-01  1.699482e+00  
   4.9984298  -1.222052e+00  1.284200e+00  -1.222228e+00  1.283934e+00  -8.502206e-01  1.661830e+00  
