w Re-xx Im-xx Re-yy Im-yy Re-zz Im-zz
# Gaussian absolute broadening  0.15 [eV]
   0.0000000  7.679809e-01  8.822660e-05  7.679769e-01  8.822682e-05  7.252353e-01  7.897379e-05  
   0.0200000  7.680808e-01  9.442453e-05  7.680767e-01  9.442483e-05  7.253247e-01  8.452032e-05  
   0.0410000  7.681996e-01  1.014872e-04  7.681956e-01  1.014876e-04  7.254307e-01  9.084048e-05  
   0.0620000  7.683346e-01  1.091545e-04  7.683305e-01  1.091550e-04  7.255516e-01  9.770141e-05  
   0.0830000  7.684880e-01  1.174601e-04  7.684839e-01  1.174608e-04  7.256890e-01  1.051332e-04  
   0.1040000  7.686620e-01  1.264335e-04  7.686580e-01  1.264343e-04  7.258447e-01  1.131622e-04  
   0.1240000  7.688485e-01  1.356216e-04  7.688445e-01  1.356227e-04  7.260119e-01  1.213827e-04  
   0.1450000  7.690688e-01  1.459584e-04  7.690647e-01  1.459597e-04  7.262090e-01  1.306304e-04  
   0.1660000  7.693160e-01  1.570077e-04  7.693120e-01  1.570093e-04  7.264303e-01  1.405148e-04  
   0.1870000  7.695926e-01  1.687660e-04  7.695886e-01  1.687680e-04  7.266777e-01  1.510325e-04  
   0.2080000  7.699002e-01  1.812188e-04  7.698962e-01  1.812212e-04  7.269529e-01  1.621705e-04  
   0.2290000  7.702406e-01  1.943409e-04  7.702367e-01  1.943439e-04  7.272577e-01  1.739058e-04  
   0.2490000  7.705972e-01  2.074284e-04  7.705931e-01  2.074318e-04  7.275766e-01  1.856086e-04  
   0.2700000  7.710063e-01  2.217479e-04  7.710024e-01  2.217519e-04  7.279427e-01  1.984116e-04  
   0.2910000  7.714524e-01  2.366101e-04  7.714484e-01  2.366147e-04  7.283418e-01  2.116979e-04  
   0.3120000  7.719360e-01  2.519615e-04  7.719320e-01  2.519668e-04  7.287745e-01  2.254191e-04  
   0.3330000  7.724575e-01  2.677470e-04  7.724537e-01  2.677529e-04  7.292411e-01  2.395258e-04  
   0.3540000  7.730176e-01  2.839133e-04  7.730137e-01  2.839199e-04  7.297421e-01  2.539700e-04  
   0.3740000  7.735869e-01  2.996184e-04  7.735832e-01  2.996257e-04  7.302512e-01  2.679992e-04  
   0.3950000  7.742220e-01  3.163899e-04  7.742181e-01  3.163980e-04  7.308193e-01  2.829777e-04  
   0.4160000  7.748954e-01  3.334124e-04  7.748915e-01  3.334213e-04  7.314214e-01  2.981766e-04  
   0.4374300  7.756224e-01  3.510101e-04  7.756188e-01  3.510196e-04  7.320718e-01  3.138847e-04  
   0.4574300  7.763367e-01  3.676171e-04  7.763329e-01  3.676275e-04  7.327107e-01  3.287047e-04  
   0.4784300  7.771240e-01  3.852285e-04  7.771204e-01  3.852397e-04  7.334144e-01  3.444165e-04  
   0.4994300  7.779493e-01  4.030059e-04  7.779456e-01  4.030182e-04  7.341521e-01  3.602718e-04  
   0.5204300  7.788129e-01  4.209427e-04  7.788093e-01  4.209559e-04  7.349242e-01  3.762639e-04  
   0.5414300  7.797147e-01  4.390349e-04  7.797111e-01  4.390492e-04  7.357303e-01  3.923897e-04  
   0.5614300  7.806096e-01  4.564099e-04  7.806060e-01  4.564252e-04  7.365298e-01  4.078710e-04  
   0.5824300  7.815871e-01  4.748073e-04  7.815835e-01  4.748238e-04  7.374033e-01  4.242578e-04  
   0.6034300  7.826033e-01  4.933648e-04  7.825999e-01  4.933827e-04  7.383112e-01  4.407816e-04  
   0.6244300  7.836592e-01  5.120882e-04  7.836556e-01  5.121077e-04  7.392545e-01  4.574470e-04  
   0.6454300  7.847545e-01  5.309827e-04  7.847511e-01  5.310039e-04  7.402328e-01  4.742582e-04  
   0.6664300  7.858898e-01  5.500547e-04  7.858864e-01  5.500775e-04  7.412468e-01  4.912208e-04  
   0.6864300  7.870083e-01  5.683888e-04  7.870050e-01  5.684135e-04  7.422457e-01  5.075211e-04  
   0.7074300  7.882224e-01  5.878262e-04  7.882192e-01  5.878528e-04  7.433298e-01  5.247953e-04  
   0.7284300  7.894777e-01  6.074611e-04  7.894745e-01  6.074897e-04  7.444503e-01  5.422378e-04  
   0.7494300  7.907746e-01  6.273016e-04  7.907714e-01  6.273323e-04  7.456079e-01  5.598555e-04  
   0.7704300  7.921129e-01  6.473546e-04  7.921098e-01  6.473873e-04  7.468021e-01  5.776540e-04  
   0.7914300  7.934940e-01  6.676289e-04  7.934909e-01  6.676638e-04  7.480344e-01  5.956409e-04  
   0.8114300  7.948484e-01  6.871502e-04  7.948453e-01  6.871872e-04  7.492428e-01  6.129518e-04  
   0.8324300  7.963132e-01  7.078799e-04  7.963102e-01  7.079191e-04  7.505490e-01  6.313258e-04  
   0.8540300  7.978657e-01  7.294594e-04  7.978628e-01  7.295011e-04  7.519336e-01  6.504438e-04  
   0.8740300  7.993444e-01  7.496816e-04  7.993416e-01  7.497251e-04  7.532524e-01  6.683504e-04  
   0.8950300  8.009413e-01  7.711742e-04  8.009384e-01  7.712200e-04  7.546757e-01  6.873723e-04  
   0.9160300  8.025835e-01  7.929422e-04  8.025805e-01  7.929901e-04  7.561393e-01  7.066281e-04  
   0.9370300  8.042714e-01  8.149961e-04  8.042689e-01  8.150461e-04  7.576433e-01  7.261266e-04  
   0.9580300  8.060059e-01  8.373467e-04  8.060033e-01  8.373986e-04  7.591886e-01  7.458763e-04  
   0.9780300  8.077021e-01  8.589191e-04  8.076997e-01  8.589731e-04  7.606993e-01  7.649282e-04  
   0.9990300  8.095298e-01  8.818812e-04  8.095275e-01  8.819369e-04  7.623268e-01  7.851963e-04  
   1.0200300  8.114061e-01  9.051734e-04  8.114038e-01  9.052309e-04  7.639973e-01  8.057435e-04  
   1.0410300  8.133320e-01  9.288075e-04  8.133296e-01  9.288668e-04  7.657113e-01  8.265803e-04  
   1.0620300  8.153081e-01  9.527958e-04  8.153061e-01  9.528570e-04  7.674695e-01  8.477165e-04  
   1.0830300  8.173349e-01  9.771507e-04  8.173327e-01  9.772135e-04  7.692726e-01  8.691624e-04  
   1.1030300  8.193129e-01  1.000698e-03  8.193110e-01  1.000763e-03  7.710317e-01  8.898844e-04  
   1.1240300  8.214411e-01  1.025805e-03  8.214390e-01  1.025871e-03  7.729240e-01  9.119652e-04  
   1.1450300  8.236223e-01  1.051318e-03  8.236203e-01  1.051386e-03  7.748628e-01  9.343879e-04  
   1.1660300  8.258579e-01  1.077250e-03  8.258559e-01  1.077319e-03  7.768492e-01  9.571635e-04  
   1.1870300  8.281478e-01  1.103615e-03  8.281460e-01  1.103685e-03  7.788840e-01  9.803042e-04  
   1.2080300  8.304939e-01  1.130430e-03  8.304922e-01  1.130500e-03  7.809675e-01  1.003823e-03  
   1.2280300  8.327803e-01  1.156399e-03  8.327788e-01  1.156471e-03  7.829974e-01  1.026584e-03  
   1.2490300  8.352377e-01  1.184136e-03  8.352360e-01  1.184208e-03  7.851787e-01  1.050878e-03  
   1.2706300  8.378266e-01  1.213186e-03  8.378253e-01  1.213259e-03  7.874759e-01  1.076303e-03  
   1.2906300  8.402800e-01  1.240570e-03  8.402788e-01  1.240643e-03  7.896520e-01  1.100253e-03  
   1.3116300  8.429158e-01  1.269847e-03  8.429146e-01  1.269920e-03  7.919891e-01  1.125839e-03  
   1.3326300  8.456131e-01  1.299678e-03  8.456121e-01  1.299751e-03  7.943801e-01  1.151888e-03  
   1.3536299  8.483737e-01  1.330084e-03  8.483729e-01  1.330157e-03  7.968264e-01  1.178420e-03  
   1.3746300  8.511988e-01  1.361088e-03  8.511980e-01  1.361160e-03  7.993290e-01  1.205452e-03  
   1.3946300  8.539509e-01  1.391191e-03  8.539501e-01  1.391263e-03  8.017659e-01  1.231678e-03  
   1.4156300  8.569058e-01  1.423427e-03  8.569053e-01  1.423499e-03  8.043816e-01  1.259739e-03  
   1.4366300  8.599292e-01  1.456328e-03  8.599290e-01  1.456399e-03  8.070566e-01  1.288356e-03  
   1.4576300  8.630230e-01  1.489921e-03  8.630227e-01  1.489992e-03  8.097930e-01  1.317551e-03  
   1.4786299  8.661882e-01  1.524231e-03  8.661880e-01  1.524302e-03  8.125914e-01  1.347343e-03  
   1.4996300  8.694262e-01  1.559284e-03  8.694264e-01  1.559356e-03  8.154532e-01  1.377755e-03  
   1.5196300  8.725790e-01  1.593385e-03  8.725793e-01  1.593458e-03  8.182385e-01  1.407315e-03  
   1.5406300  8.759640e-01  1.629974e-03  8.759643e-01  1.630047e-03  8.212276e-01  1.439005e-03  
   1.5616300  8.794267e-01  1.667392e-03  8.794273e-01  1.667467e-03  8.242838e-01  1.471384e-03  
   1.5826300  8.829686e-01  1.705673e-03  8.829695e-01  1.705749e-03  8.274087e-01  1.504479e-03  
   1.6036299  8.865919e-01  1.744850e-03  8.865927e-01  1.744928e-03  8.306038e-01  1.538318e-03  
   1.6246300  8.902983e-01  1.784959e-03  8.902995e-01  1.785040e-03  8.338708e-01  1.572930e-03  
   1.6446300  8.939070e-01  1.824057e-03  8.939082e-01  1.824140e-03  8.370500e-01  1.606638e-03  
   1.6656300  8.977809e-01  1.866093e-03  8.977824e-01  1.866180e-03  8.404614e-01  1.642846e-03  
   1.6872300  9.018595e-01  1.910426e-03  9.018614e-01  1.910517e-03  8.440508e-01  1.680995e-03  
   1.7072300  9.057214e-01  1.952505e-03  9.057232e-01  1.952602e-03  8.474483e-01  1.717171e-03  
   1.7282300  9.098681e-01  1.997801e-03  9.098703e-01  1.997902e-03  8.510944e-01  1.756074e-03  
   1.7492300  9.141115e-01  2.044288e-03  9.141137e-01  2.044393e-03  8.548232e-01  1.795962e-03  
   1.7702301  9.184531e-01  2.092015e-03  9.184557e-01  2.092126e-03  8.586364e-01  1.836873e-03  
   1.7912300  9.228968e-01  2.141043e-03  9.228994e-01  2.141160e-03  8.625369e-01  1.878856e-03  
   1.8112299  9.272262e-01  2.188999e-03  9.272291e-01  2.189120e-03  8.663349e-01  1.919883e-03  
   1.8322300  9.318765e-01  2.240740e-03  9.318798e-01  2.240866e-03  8.704119e-01  1.964104e-03  
   1.8532300  9.366368e-01  2.293971e-03  9.366404e-01  2.294102e-03  8.745834e-01  2.009549e-03  
   1.8742300  9.415112e-01  2.348763e-03  9.415151e-01  2.348900e-03  8.788517e-01  2.056281e-03  
   1.8952301  9.465025e-01  2.405196e-03  9.465064e-01  2.405339e-03  8.832199e-01  2.104359e-03  
   1.9162300  9.516143e-01  2.463354e-03  9.516189e-01  2.463502e-03  8.876900e-01  2.153853e-03  
   1.9362299  9.565971e-01  2.520429e-03  9.566018e-01  2.520581e-03  8.920448e-01  2.202370e-03  
   1.9572300  9.619537e-01  2.582225e-03  9.619586e-01  2.582382e-03  8.967230e-01  2.254839e-03  
   1.9782300  9.674417e-01  2.646039e-03  9.674467e-01  2.646202e-03  9.015126e-01  2.308957e-03  
   1.9992300  9.730647e-01  2.711989e-03  9.730703e-01  2.712157e-03  9.064166e-01  2.364814e-03  
   2.0202301  9.788281e-01  2.780207e-03  9.788334e-01  2.780380e-03  9.114386e-01  2.422519e-03  
   2.0412300  9.847352e-01  2.850831e-03  9.847414e-01  2.851011e-03  9.165825e-01  2.482182e-03  
   2.0612299  9.904988e-01  2.920475e-03  9.905052e-01  2.920661e-03  9.215974e-01  2.540943e-03  
   2.0822301  9.967009e-01  2.996272e-03  9.967077e-01  2.996464e-03  9.269902e-01  2.604820e-03  
   2.1038301  1.003247e+00  3.077286e-03  1.003254e+00  3.077486e-03  9.326765e-01  2.673015e-03  
   2.1238301  1.009463e+00  3.155257e-03  1.009471e+00  3.155464e-03  9.380714e-01  2.738582e-03  
   2.1448300  1.016157e+00  3.240415e-03  1.016165e+00  3.240631e-03  9.438769e-01  2.810131e-03  
   2.1658299  1.023028e+00  3.329196e-03  1.023036e+00  3.329422e-03  9.498294e-01  2.884673e-03  
   2.1868300  1.030083e+00  3.421891e-03  1.030092e+00  3.422126e-03  9.559359e-01  2.962465e-03  
   2.2078300  1.037328e+00  3.518810e-03  1.037338e+00  3.519056e-03  9.622012e-01  3.043780e-03  
   2.2278299  1.044414e+00  3.615362e-03  1.044423e+00  3.615619e-03  9.683225e-01  3.124785e-03  
   2.2488301  1.052054e+00  3.721567e-03  1.052065e+00  3.721836e-03  9.749168e-01  3.213907e-03  
   2.2698300  1.059909e+00  3.833123e-03  1.059920e+00  3.833407e-03  9.816884e-01  3.307558e-03  
   2.2908299  1.067987e+00  3.950488e-03  1.067999e+00  3.950790e-03  9.886450e-01  3.406151e-03  
   2.3118300  1.076298e+00  4.074162e-03  1.076310e+00  4.074480e-03  9.957944e-01  3.510129e-03  
   2.3328300  1.084852e+00  4.204680e-03  1.084865e+00  4.205017e-03  1.003144e+00  3.619980e-03  
   2.3528299  1.093233e+00  4.335888e-03  1.093247e+00  4.336244e-03  1.010336e+00  3.730544e-03  
   2.3738301  1.102292e+00  4.481524e-03  1.102306e+00  4.481901e-03  1.018099e+00  3.853438e-03  
   2.3948300  1.111626e+00  4.635902e-03  1.111640e+00  4.636304e-03  1.026089e+00  3.983921e-03  
   2.4158299  1.121249e+00  4.799792e-03  1.121264e+00  4.800216e-03  1.034313e+00  4.122695e-03  
   2.4368300  1.131175e+00  4.974028e-03  1.131191e+00  4.974478e-03  1.042785e+00  4.270523e-03  
   2.4578300  1.141418e+00  5.159535e-03  1.141435e+00  5.160012e-03  1.051514e+00  4.428256e-03  
   2.4778299  1.151484e+00  5.347630e-03  1.151502e+00  5.348137e-03  1.060078e+00  4.588547e-03  
   2.4988301  1.162396e+00  5.558235e-03  1.162414e+00  5.558771e-03  1.069347e+00  4.768440e-03  
   2.5204301  1.174006e+00  5.790227e-03  1.174026e+00  5.790797e-03  1.079191e+00  4.967075e-03  
   2.5404301  1.185126e+00  6.020340e-03  1.185147e+00  6.020945e-03  1.088602e+00  5.164543e-03  
   2.5614300  1.197206e+00  6.279505e-03  1.197227e+00  6.280144e-03  1.098805e+00  5.387376e-03  
   2.5824299  1.209725e+00  6.558687e-03  1.209748e+00  6.559369e-03  1.109355e+00  5.627793e-03  
   2.6034300  1.222713e+00  6.860398e-03  1.222737e+00  6.861125e-03  1.120274e+00  5.887825e-03  
   2.6244299  1.236199e+00  7.187696e-03  1.236224e+00  7.188477e-03  1.131585e+00  6.169865e-03  
   2.6444299  1.249539e+00  7.526724e-03  1.249566e+00  7.527558e-03  1.142742e+00  6.461559e-03  
   2.6654301  1.264104e+00  7.916079e-03  1.264131e+00  7.916973e-03  1.154889e+00  6.795427e-03  
   2.6864300  1.279281e+00  8.345849e-03  1.279311e+00  8.346821e-03  1.167507e+00  7.161803e-03  
   2.7074299  1.295122e+00  8.824416e-03  1.295153e+00  8.825474e-03  1.180630e+00  7.566125e-03  
   2.7284300  1.311681e+00  9.362986e-03  1.311714e+00  9.364147e-03  1.194294e+00  8.015347e-03  
   2.7494299  1.329020e+00  9.976706e-03  1.329055e+00  9.977991e-03  1.208542e+00  8.518436e-03  
   2.7694299  1.346323e+00  1.064985e-02  1.346359e+00  1.065128e-02  1.222696e+00  9.058301e-03  
   2.7904301  1.365395e+00  1.147645e-02  1.365434e+00  1.147806e-02  1.238221e+00  9.703483e-03  
   2.8114300  1.385483e+00  1.246272e-02  1.385525e+00  1.246456e-02  1.254483e+00  1.044827e-02  
   2.8324299  1.406685e+00  1.365910e-02  1.406729e+00  1.366126e-02  1.271547e+00  1.131828e-02  
   2.8534300  1.429110e+00  1.513293e-02  1.429157e+00  1.513548e-02  1.289484e+00  1.234675e-02  
   2.8744299  1.452875e+00  1.697286e-02  1.452926e+00  1.697595e-02  1.308372e+00  1.357661e-02  
   2.8944299  1.476871e+00  1.917071e-02  1.476925e+00  1.917443e-02  1.327325e+00  1.498539e-02  
   2.9154301  1.503620e+00  2.208686e-02  1.503677e+00  2.209149e-02  1.348327e+00  1.678101e-02  
   2.9370301  1.532923e+00  2.592684e-02  1.532984e+00  2.593269e-02  1.371210e+00  1.905741e-02  
   2.9570301  1.561782e+00  3.045323e-02  1.561848e+00  3.046055e-02  1.393651e+00  2.165657e-02  
   2.9780300  1.593965e+00  3.647302e-02  1.594034e+00  3.648233e-02  1.418613e+00  2.502618e-02  
   2.9990301  1.628137e+00  4.410349e-02  1.628212e+00  4.411535e-02  1.445110e+00  2.921579e-02  
   3.0200300  1.664317e+00  5.370736e-02  1.664396e+00  5.372240e-02  1.473231e+00  3.442590e-02  
   3.0410299  1.702463e+00  6.568806e-02  1.702547e+00  6.570707e-02  1.503054e+00  4.089507e-02  
   3.0610299  1.740513e+00  7.970485e-02  1.740602e+00  7.972839e-02  1.533085e+00  4.848122e-02  
   3.0820301  1.782075e+00  9.759100e-02  1.782168e+00  9.762026e-02  1.566337e+00  5.824826e-02  
   3.1030300  1.824985e+00  1.191604e-01  1.825081e+00  1.191963e-01  1.601313e+00  7.020976e-02  
   3.1240301  1.868838e+00  1.448303e-01  1.868936e+00  1.448740e-01  1.637911e+00  8.475173e-02  
   3.1450300  1.913116e+00  1.749606e-01  1.913216e+00  1.750130e-01  1.675947e+00  1.022802e-01  
   3.1660299  1.957212e+00  2.098271e-01  1.957313e+00  2.098891e-01  1.715149e+00  1.232072e-01  
   3.1860299  1.998412e+00  2.475863e-01  1.998511e+00  2.476584e-01  1.753225e+00  1.466612e-01  
   3.2070301  2.040123e+00  2.920423e-01  2.040219e+00  2.921257e-01  1.793525e+00  1.753333e-01  
   3.2280300  2.079497e+00  3.413024e-01  2.079588e+00  3.413973e-01  1.833584e+00  2.084388e-01  
   3.2490301  2.115790e+00  3.950846e-01  2.115875e+00  3.951915e-01  1.872729e+00  2.461801e-01  
   3.2700300  2.148312e+00  4.529457e-01  2.148389e+00  4.530644e-01  1.910214e+00  2.886358e-01  
   3.2910299  2.176470e+00  5.143004e-01  2.176537e+00  5.144310e-01  1.945247e+00  3.357399e-01  
   3.3110299  2.198804e+00  5.753388e-01  2.198862e+00  5.754803e-01  1.975595e+00  3.847134e-01  
   3.3320301  2.217253e+00  6.414121e-01  2.217298e+00  6.415641e-01  2.003548e+00  4.400700e-01  
   3.3536301  2.230738e+00  7.106382e-01  2.230772e+00  7.108007e-01  2.027394e+00  5.006209e-01  
   3.3736300  2.238295e+00  7.751145e-01  2.238316e+00  7.752857e-01  2.044488e+00  5.592736e-01  
   3.3946300  2.241320e+00  8.424623e-01  2.241329e+00  8.426418e-01  2.056865e+00  6.227067e-01  
   3.4156301  2.239650e+00  9.087843e-01  2.239649e+00  9.089714e-01  2.063308e+00  6.870992e-01  
   3.4366300  2.233737e+00  9.735234e-01  2.233726e+00  9.737172e-01  2.063793e+00  7.514552e-01  
   3.4576299  2.224101e+00  1.036264e+00  2.224080e+00  1.036464e+00  2.058527e+00  8.147866e-01  
   3.4776299  2.211964e+00  1.093912e+00  2.211935e+00  1.094118e+00  2.048547e+00  8.732998e-01  
   3.4986300  2.196626e+00  1.152103e+00  2.196591e+00  1.152314e+00  2.033441e+00  9.320608e-01  
   3.5196300  2.179115e+00  1.207882e+00  2.179074e+00  1.208097e+00  2.014355e+00  9.874268e-01  
   3.5406301  2.159850e+00  1.261325e+00  2.159804e+00  1.261544e+00  1.992168e+00  1.038931e+00  
   3.5616300  2.139160e+00  1.312567e+00  2.139111e+00  1.312788e+00  1.967815e+00  1.086319e+00  
   3.5826299  2.117291e+00  1.361764e+00  2.117239e+00  1.361987e+00  1.942226e+00  1.129557e+00  
   3.6026299  2.095517e+00  1.406856e+00  2.095462e+00  1.407080e+00  1.917504e+00  1.167036e+00  
   3.6236300  2.071760e+00  1.452466e+00  2.071703e+00  1.452690e+00  1.891900e+00  1.202840e+00  
   3.6446300  2.047159e+00  1.496364e+00  2.047101e+00  1.496586e+00  1.867255e+00  1.235488e+00  
   3.6656301  2.021780e+00  1.538566e+00  2.021722e+00  1.538785e+00  1.843996e+00  1.265552e+00  
   3.6866300  1.995717e+00  1.579035e+00  1.995660e+00  1.579249e+00  1.822365e+00  1.293636e+00  
   3.7076299  1.969111e+00  1.617699e+00  1.969055e+00  1.617906e+00  1.802430e+00  1.320317e+00  
   3.7276299  1.943458e+00  1.652763e+00  1.943405e+00  1.652961e+00  1.784949e+00  1.344885e+00  
   3.7486300  1.916469e+00  1.687658e+00  1.916419e+00  1.687847e+00  1.767999e+00  1.370181e+00  
   3.7702301  1.889032e+00  1.721458e+00  1.888985e+00  1.721638e+00  1.751820e+00  1.395943e+00  
   3.7902300  1.864319e+00  1.750888e+00  1.864279e+00  1.751058e+00  1.737745e+00  1.419694e+00  
   3.8112299  1.839553e+00  1.779977e+00  1.839518e+00  1.780138e+00  1.723711e+00  1.444551e+00  
   3.8322301  1.816492e+00  1.807440e+00  1.816465e+00  1.807593e+00  1.710321e+00  1.469261e+00  
   3.8532300  1.795627e+00  1.833638e+00  1.795608e+00  1.833785e+00  1.697566e+00  1.493715e+00  
   3.8742299  1.777403e+00  1.859071e+00  1.777392e+00  1.859214e+00  1.685551e+00  1.517810e+00  
   3.8942299  1.762830e+00  1.883155e+00  1.762828e+00  1.883298e+00  1.674997e+00  1.540371e+00  
   3.9152300  1.750678e+00  1.909023e+00  1.750684e+00  1.909170e+00  1.665138e+00  1.563684e+00  
   3.9362299  1.741835e+00  1.936323e+00  1.741849e+00  1.936477e+00  1.656885e+00  1.586770e+00  
   3.9572301  1.736194e+00  1.965984e+00  1.736215e+00  1.966151e+00  1.650609e+00  1.609940e+00  
   3.9782300  1.733435e+00  1.998970e+00  1.733461e+00  1.999153e+00  1.646635e+00  1.633660e+00  
   3.9992299  1.733011e+00  2.036235e+00  1.733040e+00  2.036439e+00  1.645202e+00  1.658552e+00  
   4.0192299  1.734067e+00  2.076526e+00  1.734098e+00  2.076752e+00  1.646291e+00  1.684045e+00  
   4.0402298  1.735752e+00  2.124629e+00  1.735781e+00  2.124882e+00  1.649933e+00  1.713516e+00  
   4.0612302  1.736849e+00  2.179289e+00  1.736873e+00  2.179571e+00  1.655847e+00  1.746674e+00  
   4.0822301  1.735996e+00  2.240920e+00  1.736012e+00  2.241232e+00  1.663495e+00  1.784462e+00  
   4.1032300  1.731708e+00  2.309688e+00  1.731711e+00  2.310029e+00  1.672091e+00  1.827786e+00  
   4.1242299  1.722437e+00  2.385482e+00  1.722422e+00  2.385850e+00  1.680588e+00  1.877453e+00  
   4.1442299  1.707548e+00  2.463822e+00  1.707514e+00  2.464213e+00  1.687414e+00  1.931241e+00  
   4.1652298  1.684117e+00  2.551869e+00  1.684057e+00  2.552281e+00  1.691819e+00  1.994931e+00  
   4.1868300  1.650250e+00  2.647603e+00  1.650162e+00  2.648031e+00  1.691677e+00  2.068293e+00  
   4.2068300  1.608932e+00  2.739761e+00  1.608814e+00  2.740196e+00  1.685670e+00  2.143139e+00  
   4.2278299  1.554282e+00  2.838750e+00  1.554131e+00  2.839188e+00  1.671542e+00  2.228343e+00  
   4.2488298  1.487373e+00  2.938411e+00  1.487186e+00  2.938842e+00  1.647697e+00  2.319378e+00  
   4.2698302  1.407750e+00  3.036988e+00  1.407529e+00  3.037407e+00  1.612552e+00  2.414903e+00  
   4.2908301  1.315263e+00  3.132632e+00  1.315005e+00  3.133031e+00  1.564781e+00  2.513184e+00  
   4.3108301  1.215346e+00  3.219284e+00  1.215054e+00  3.219657e+00  1.506648e+00  2.607477e+00  
   4.3318300  1.098420e+00  3.303812e+00  1.098094e+00  3.304153e+00  1.431808e+00  2.704992e+00  
   4.3528299  9.698907e-01  3.379931e+00  9.695317e-01  3.380234e+00  1.342775e+00  2.798551e+00  
   4.3738298  8.307363e-01  3.445900e+00  8.303468e-01  3.446162e+00  1.240022e+00  2.885638e+00  
   4.3948302  6.821882e-01  3.500091e+00  6.817708e-01  3.500309e+00  1.124571e+00  2.963807e+00  
   4.4158301  5.257238e-01  3.541020e+00  5.252820e-01  3.541193e+00  9.979730e-01  3.030813e+00  
   4.4358301  3.708894e-01  3.566485e+00  3.704280e-01  3.566617e+00  8.688673e-01  3.082484e+00  
   4.4568300  2.040093e-01  3.577992e+00  2.035315e-01  3.578080e+00  7.266189e-01  3.122538e+00  
   4.4778299  3.473576e-02  3.573084e+00  3.424640e-02  3.573130e+00  5.800929e-01  3.147038e+00  
   4.4988298  -1.347463e-01  3.551233e+00  -1.352422e-01  3.551241e+00  4.320220e-01  3.155505e+00  
   4.5198302  -3.021584e-01  3.512252e+00  -3.026554e-01  3.512225e+00  2.851162e-01  3.148010e+00  
   4.5408301  -4.651653e-01  3.456337e+00  -4.656578e-01  3.456280e+00  1.419442e-01  3.125150e+00  
   4.5608301  -6.142042e-01  3.387889e+00  -6.146871e-01  3.387805e+00  1.115931e-02  3.090067e+00  
   4.5818300  -7.620425e-01  3.301035e+00  -7.625100e-01  3.300926e+00  -1.184461e-01  3.040637e+00  
   4.6034298  -9.027294e-01  3.197175e+00  -9.031757e-01  3.197045e+00  -2.419157e-01  2.978130e+00  
   4.6234298  -1.021022e+00  3.089578e+00  -1.021445e+00  3.089433e+00  -3.463131e-01  2.911491e+00  
   4.6444302  -1.131415e+00  2.966868e+00  -1.131810e+00  2.966708e+00  -4.450101e-01  2.834372e+00  
   4.6654301  -1.226604e+00  2.836575e+00  -1.226967e+00  2.836406e+00  -5.322531e-01  2.751869e+00  
   4.6864300  -1.305978e+00  2.701283e+00  -1.306307e+00  2.701108e+00  -6.081243e-01  2.665851e+00  
   4.7074299  -1.369407e+00  2.563637e+00  -1.369702e+00  2.563456e+00  -6.729926e-01  2.578038e+00  
   4.7274299  -1.415307e+00  2.432708e+00  -1.415569e+00  2.432525e+00  -7.250798e-01  2.494136e+00  
   4.7484298  -1.449016e+00  2.297706e+00  -1.449246e+00  2.297523e+00  -7.703075e-01  2.407024e+00  
   4.7694302  -1.469027e+00  2.167321e+00  -1.469225e+00  2.167140e+00  -8.066685e-01  2.322002e+00  
   4.7904301  -1.476785e+00  2.043326e+00  -1.476954e+00  2.043148e+00  -8.350505e-01  2.239965e+00  
   4.8114300  -1.473935e+00  1.927089e+00  -1.474077e+00  1.926914e+00  -8.563548e-01  2.161599e+00  
   4.8324299  -1.462218e+00  1.819565e+00  -1.462336e+00  1.819395e+00  -8.714653e-01  2.087408e+00  
   4.8524299  -1.444408e+00  1.725777e+00  -1.444507e+00  1.725611e+00  -8.808708e-01  2.020941e+00  
   4.8734298  -1.420324e+00  1.636542e+00  -1.420404e+00  1.636379e+00  -8.862743e-01  1.955740e+00  
   4.8944302  -1.392230e+00  1.556677e+00  -1.392295e+00  1.556518e+00  -8.878188e-01  1.895314e+00  
   4.9154301  -1.361480e+00  1.485844e+00  -1.361531e+00  1.485688e+00  -8.861721e-01  1.839635e+00  
   4.9364300  -1.329227e+00  1.423520e+00  -1.329267e+00  1.423367e+00  -8.819354e-01  1.788590e+00  
   4.9574299  -1.296422e+00  1.369061e+00  -1.296452e+00  1.368911e+00  -8.756402e-01  1.741999e+00  
   4.9774299  -1.265355e+00  1.323859e+00  -1.265377e+00  1.323709e+00  -8.681585e-01  1.701561e+00  
   4.9984298  -1.233475e+00  1.282684e+00  -1.233490e+00  1.282535e+00  -8.591297e-01  1.662977e+00  
