w Re-xx Im-xx Re-yy Im-yy Re-zz Im-zz
# Gaussian absolute broadening  0.15 [eV]
   0.0000000  7.681665e-01  8.830958e-05  7.681630e-01  8.830958e-05  7.239754e-01  7.874693e-05  
   0.0200000  7.682664e-01  9.451394e-05  7.682629e-01  9.451394e-05  7.240644e-01  8.427874e-05  
   0.0410000  7.683852e-01  1.015840e-04  7.683814e-01  1.015840e-04  7.241702e-01  9.058214e-05  
   0.0620000  7.685203e-01  1.092593e-04  7.685168e-01  1.092593e-04  7.242906e-01  9.742473e-05  
   0.0830000  7.686741e-01  1.175737e-04  7.686703e-01  1.175737e-04  7.244275e-01  1.048366e-04  
   0.1040000  7.688481e-01  1.265567e-04  7.688445e-01  1.265567e-04  7.245830e-01  1.128440e-04  
   0.1240000  7.690350e-01  1.357547e-04  7.690313e-01  1.357547e-04  7.247496e-01  1.210423e-04  
   0.1450000  7.692554e-01  1.461026e-04  7.692518e-01  1.461026e-04  7.249463e-01  1.302650e-04  
   0.1660000  7.695029e-01  1.571639e-04  7.694992e-01  1.571639e-04  7.251669e-01  1.401224e-04  
   0.1870000  7.697797e-01  1.689349e-04  7.697762e-01  1.689350e-04  7.254137e-01  1.506114e-04  
   0.2080000  7.700877e-01  1.814013e-04  7.700840e-01  1.814013e-04  7.256882e-01  1.617188e-04  
   0.2290000  7.704285e-01  1.945377e-04  7.704250e-01  1.945377e-04  7.259921e-01  1.734218e-04  
   0.2490000  7.707852e-01  2.076392e-04  7.707817e-01  2.076393e-04  7.263101e-01  1.850923e-04  
   0.2700000  7.711947e-01  2.219742e-04  7.711913e-01  2.219742e-04  7.266753e-01  1.978598e-04  
   0.2910000  7.716413e-01  2.368523e-04  7.716379e-01  2.368525e-04  7.270733e-01  2.111090e-04  
   0.3120000  7.721255e-01  2.522201e-04  7.721219e-01  2.522203e-04  7.275047e-01  2.247920e-04  
   0.3330000  7.726475e-01  2.680223e-04  7.726440e-01  2.680227e-04  7.279703e-01  2.388593e-04  
   0.3540000  7.732080e-01  2.842056e-04  7.732045e-01  2.842061e-04  7.284698e-01  2.532629e-04  
   0.3740000  7.737778e-01  2.999272e-04  7.737745e-01  2.999278e-04  7.289774e-01  2.672526e-04  
   0.3950000  7.744136e-01  3.167161e-04  7.744103e-01  3.167169e-04  7.295442e-01  2.821890e-04  
   0.4160000  7.750877e-01  3.337561e-04  7.750843e-01  3.337572e-04  7.301446e-01  2.973450e-04  
   0.4374300  7.758155e-01  3.513719e-04  7.758123e-01  3.513733e-04  7.307930e-01  3.130088e-04  
   0.4574300  7.765304e-01  3.679958e-04  7.765272e-01  3.679978e-04  7.314302e-01  3.277872e-04  
   0.4784300  7.773186e-01  3.856253e-04  7.773154e-01  3.856278e-04  7.321320e-01  3.434547e-04  
   0.4994300  7.781448e-01  4.034210e-04  7.781414e-01  4.034243e-04  7.328677e-01  3.592654e-04  
   0.5204300  7.790093e-01  4.213761e-04  7.790061e-01  4.213802e-04  7.336375e-01  3.752127e-04  
   0.5414300  7.799119e-01  4.394869e-04  7.799088e-01  4.394920e-04  7.344414e-01  3.912932e-04  
   0.5614300  7.808077e-01  4.568798e-04  7.808044e-01  4.568859e-04  7.352389e-01  4.067312e-04  
   0.5824300  7.817861e-01  4.752960e-04  7.817831e-01  4.753034e-04  7.361099e-01  4.230722e-04  
   0.6034300  7.828034e-01  4.938730e-04  7.828003e-01  4.938818e-04  7.370153e-01  4.395500e-04  
   0.6244300  7.838603e-01  5.126161e-04  7.838572e-01  5.126263e-04  7.379559e-01  4.561688e-04  
   0.6454300  7.849567e-01  5.315307e-04  7.849537e-01  5.315426e-04  7.389315e-01  4.729333e-04  
   0.6664300  7.860932e-01  5.506229e-04  7.860903e-01  5.506365e-04  7.399429e-01  4.898487e-04  
   0.6864300  7.872128e-01  5.689769e-04  7.872100e-01  5.689920e-04  7.409386e-01  5.061037e-04  
   0.7074300  7.884285e-01  5.884354e-04  7.884256e-01  5.884522e-04  7.420199e-01  5.233297e-04  
   0.7284300  7.896848e-01  6.080920e-04  7.896819e-01  6.081105e-04  7.431375e-01  5.407238e-04  
   0.7494300  7.909829e-01  6.279546e-04  7.909803e-01  6.279746e-04  7.442918e-01  5.582921e-04  
   0.7704300  7.923227e-01  6.480301e-04  7.923199e-01  6.480518e-04  7.454827e-01  5.760412e-04  
   0.7914300  7.937052e-01  6.683275e-04  7.937024e-01  6.683505e-04  7.467117e-01  5.939775e-04  
   0.8114300  7.950611e-01  6.878714e-04  7.950584e-01  6.878955e-04  7.479165e-01  6.112398e-04  
   0.8324300  7.965273e-01  7.086248e-04  7.965249e-01  7.086503e-04  7.492192e-01  6.295620e-04  
   0.8540300  7.980813e-01  7.302296e-04  7.980787e-01  7.302561e-04  7.505998e-01  6.486255e-04  
   0.8740300  7.995619e-01  7.504757e-04  7.995594e-01  7.505033e-04  7.519150e-01  6.664810e-04  
   0.8950300  8.011603e-01  7.719939e-04  8.011580e-01  7.720225e-04  7.533342e-01  6.854485e-04  
   0.9160300  8.028039e-01  7.937883e-04  8.028016e-01  7.938177e-04  7.547935e-01  7.046484e-04  
   0.9370300  8.044939e-01  8.158691e-04  8.044916e-01  8.158995e-04  7.562937e-01  7.240901e-04  
   0.9580300  8.062303e-01  8.382470e-04  8.062282e-01  8.382783e-04  7.578345e-01  7.437819e-04  
   0.9780300  8.079283e-01  8.598462e-04  8.079262e-01  8.598786e-04  7.593409e-01  7.627773e-04  
   0.9990300  8.097581e-01  8.828367e-04  8.097560e-01  8.828701e-04  7.609637e-01  7.829849e-04  
   1.0200300  8.116362e-01  9.061584e-04  8.116344e-01  9.061932e-04  7.626296e-01  8.034705e-04  
   1.0410300  8.135643e-01  9.298226e-04  8.135622e-01  9.298587e-04  7.643387e-01  8.242440e-04  
   1.0620300  8.155425e-01  9.538418e-04  8.155406e-01  9.538793e-04  7.660922e-01  8.453157e-04  
   1.0830300  8.175713e-01  9.782284e-04  8.175697e-01  9.782671e-04  7.678897e-01  8.666954e-04  
   1.1030300  8.195516e-01  1.001807e-03  8.195500e-01  1.001847e-03  7.696442e-01  8.873534e-04  
   1.1240300  8.216820e-01  1.026948e-03  8.216805e-01  1.026989e-03  7.715311e-01  9.093654e-04  
   1.1450300  8.238659e-01  1.052494e-03  8.238645e-01  1.052537e-03  7.734645e-01  9.317179e-04  
   1.1660300  8.261037e-01  1.078461e-03  8.261024e-01  1.078506e-03  7.754451e-01  9.544219e-04  
   1.1870300  8.283963e-01  1.104862e-03  8.283951e-01  1.104908e-03  7.774740e-01  9.774895e-04  
   1.2080300  8.307450e-01  1.131714e-03  8.307440e-01  1.131761e-03  7.795516e-01  1.000934e-03  
   1.2280300  8.330342e-01  1.157718e-03  8.330330e-01  1.157768e-03  7.815759e-01  1.023623e-03  
   1.2490300  8.354940e-01  1.185494e-03  8.354931e-01  1.185545e-03  7.837507e-01  1.047840e-03  
   1.2706300  8.380864e-01  1.214585e-03  8.380855e-01  1.214638e-03  7.860413e-01  1.073184e-03  
   1.2906300  8.405426e-01  1.242007e-03  8.405418e-01  1.242062e-03  7.882113e-01  1.097058e-03  
   1.3116300  8.431813e-01  1.271325e-03  8.431805e-01  1.271383e-03  7.905417e-01  1.122562e-03  
   1.3326300  8.458818e-01  1.301199e-03  8.458813e-01  1.301259e-03  7.929259e-01  1.148531e-03  
   1.3536299  8.486456e-01  1.331649e-03  8.486452e-01  1.331712e-03  7.953649e-01  1.174979e-03  
   1.3746300  8.514739e-01  1.362697e-03  8.514737e-01  1.362762e-03  7.978601e-01  1.201925e-03  
   1.3946300  8.542292e-01  1.392845e-03  8.542290e-01  1.392913e-03  8.002899e-01  1.228069e-03  
   1.4156300  8.571876e-01  1.425127e-03  8.571876e-01  1.425199e-03  8.028979e-01  1.256042e-03  
   1.4366300  8.602149e-01  1.458078e-03  8.602149e-01  1.458151e-03  8.055654e-01  1.284569e-03  
   1.4576300  8.633122e-01  1.491721e-03  8.633124e-01  1.491797e-03  8.082937e-01  1.313672e-03  
   1.4786299  8.664812e-01  1.526083e-03  8.664817e-01  1.526162e-03  8.110839e-01  1.343370e-03  
   1.4996300  8.697234e-01  1.561191e-03  8.697240e-01  1.561272e-03  8.139374e-01  1.373686e-03  
   1.5196300  8.728800e-01  1.595345e-03  8.728805e-01  1.595429e-03  8.167141e-01  1.403153e-03  
   1.5406300  8.762690e-01  1.631992e-03  8.762700e-01  1.632078e-03  8.196947e-01  1.434741e-03  
   1.5616300  8.797362e-01  1.669471e-03  8.797371e-01  1.669559e-03  8.227419e-01  1.467016e-03  
   1.5826300  8.832825e-01  1.707814e-03  8.832838e-01  1.707904e-03  8.258575e-01  1.500005e-03  
   1.6036299  8.869105e-01  1.747055e-03  8.869120e-01  1.747148e-03  8.290431e-01  1.533734e-03  
   1.6246300  8.906219e-01  1.787232e-03  8.906234e-01  1.787326e-03  8.323004e-01  1.568232e-03  
   1.6446300  8.942347e-01  1.826397e-03  8.942363e-01  1.826492e-03  8.354702e-01  1.601830e-03  
   1.6656300  8.981137e-01  1.868505e-03  8.981160e-01  1.868604e-03  8.388713e-01  1.637918e-03  
   1.6872300  9.021973e-01  1.912914e-03  9.021994e-01  1.913015e-03  8.424500e-01  1.675940e-03  
   1.7072300  9.060648e-01  1.955068e-03  9.060671e-01  1.955171e-03  8.458373e-01  1.711994e-03  
   1.7282300  9.102172e-01  2.000444e-03  9.102197e-01  2.000549e-03  8.494725e-01  1.750766e-03  
   1.7492300  9.144660e-01  2.047012e-03  9.144688e-01  2.047119e-03  8.531898e-01  1.790516e-03  
   1.7702301  9.188138e-01  2.094824e-03  9.188167e-01  2.094934e-03  8.569915e-01  1.831288e-03  
   1.7912300  9.232631e-01  2.143937e-03  9.232665e-01  2.144050e-03  8.608802e-01  1.873125e-03  
   1.8112299  9.275984e-01  2.191975e-03  9.276020e-01  2.192090e-03  8.646665e-01  1.914009e-03  
   1.8322300  9.322548e-01  2.243801e-03  9.322588e-01  2.243921e-03  8.687314e-01  1.958073e-03  
   1.8532300  9.370221e-01  2.297116e-03  9.370261e-01  2.297239e-03  8.728902e-01  2.003359e-03  
   1.8742300  9.419038e-01  2.351992e-03  9.419079e-01  2.352119e-03  8.771455e-01  2.049925e-03  
   1.8952301  9.469016e-01  2.408504e-03  9.469064e-01  2.408635e-03  8.814999e-01  2.097835e-03  
   1.9162300  9.520210e-01  2.466736e-03  9.520257e-01  2.466872e-03  8.859563e-01  2.147155e-03  
   1.9362299  9.570108e-01  2.523876e-03  9.570159e-01  2.524017e-03  8.902977e-01  2.195508e-03  
   1.9572300  9.623752e-01  2.585733e-03  9.623807e-01  2.585878e-03  8.949612e-01  2.247805e-03  
   1.9782300  9.678714e-01  2.649597e-03  9.678772e-01  2.649749e-03  8.997366e-01  2.301751e-03  
   1.9992300  9.735027e-01  2.715588e-03  9.735086e-01  2.715745e-03  9.046248e-01  2.357443e-03  
   2.0202301  9.792746e-01  2.783833e-03  9.792813e-01  2.783996e-03  9.096313e-01  2.414991e-03  
   2.0412300  9.851905e-01  2.854472e-03  9.851974e-01  2.854642e-03  9.147590e-01  2.474509e-03  
   2.0612299  9.909630e-01  2.924115e-03  9.909704e-01  2.924291e-03  9.197584e-01  2.533148e-03  
   2.0822301  9.971752e-01  2.999896e-03  9.971825e-01  3.000079e-03  9.251338e-01  2.596915e-03  
   2.1038301  1.003731e+00  3.080876e-03  1.003739e+00  3.081067e-03  9.308023e-01  2.665018e-03  
   2.1238301  1.009957e+00  3.158801e-03  1.009966e+00  3.159000e-03  9.361806e-01  2.730526e-03  
   2.1448300  1.016662e+00  3.243893e-03  1.016671e+00  3.244102e-03  9.419671e-01  2.802041e-03  
   2.1658299  1.023544e+00  3.332593e-03  1.023553e+00  3.332812e-03  9.479013e-01  2.876581e-03  
   2.1868300  1.030610e+00  3.425190e-03  1.030620e+00  3.425420e-03  9.539883e-01  2.954398e-03  
   2.2078300  1.037868e+00  3.521996e-03  1.037878e+00  3.522237e-03  9.602337e-01  3.035770e-03  
   2.2278299  1.044965e+00  3.618425e-03  1.044976e+00  3.618680e-03  9.663348e-01  3.116854e-03  
   2.2488301  1.052619e+00  3.724484e-03  1.052630e+00  3.724752e-03  9.729076e-01  3.206080e-03  
   2.2698300  1.060487e+00  3.835875e-03  1.060499e+00  3.836161e-03  9.796573e-01  3.299855e-03  
   2.2908299  1.068579e+00  3.953061e-03  1.068592e+00  3.953361e-03  9.865915e-01  3.398581e-03  
   2.3118300  1.076906e+00  4.076530e-03  1.076918e+00  4.076848e-03  9.937170e-01  3.502694e-03  
   2.3328300  1.085475e+00  4.206821e-03  1.085488e+00  4.207159e-03  1.001042e+00  3.612670e-03  
   2.3528299  1.093871e+00  4.337787e-03  1.093885e+00  4.338146e-03  1.008210e+00  3.723336e-03  
   2.3738301  1.102947e+00  4.483139e-03  1.102961e+00  4.483517e-03  1.015948e+00  3.846304e-03  
   2.3948300  1.112298e+00  4.637192e-03  1.112314e+00  4.637596e-03  1.023910e+00  3.976817e-03  
   2.4158299  1.121940e+00  4.800709e-03  1.121956e+00  4.801139e-03  1.032107e+00  4.115563e-03  
   2.4368300  1.131885e+00  4.974513e-03  1.131902e+00  4.974970e-03  1.040550e+00  4.263298e-03  
   2.4578300  1.142149e+00  5.159516e-03  1.142166e+00  5.160003e-03  1.049250e+00  4.420858e-03  
   2.4778299  1.152235e+00  5.347044e-03  1.152253e+00  5.347563e-03  1.057786e+00  4.580904e-03  
   2.4988301  1.163169e+00  5.556938e-03  1.163189e+00  5.557494e-03  1.067023e+00  4.760446e-03  
   2.5204301  1.174805e+00  5.788047e-03  1.174825e+00  5.788642e-03  1.076834e+00  4.958627e-03  
   2.5404301  1.185948e+00  6.017170e-03  1.185970e+00  6.017807e-03  1.086213e+00  5.155590e-03  
   2.5614300  1.198055e+00  6.275082e-03  1.198078e+00  6.275767e-03  1.096382e+00  5.377825e-03  
   2.5824299  1.210603e+00  6.552750e-03  1.210626e+00  6.553488e-03  1.106898e+00  5.617600e-03  
   2.6034300  1.223621e+00  6.852646e-03  1.223646e+00  6.853442e-03  1.117782e+00  5.876994e-03  
   2.6244299  1.237139e+00  7.177792e-03  1.237165e+00  7.178655e-03  1.129056e+00  6.158456e-03  
   2.6444299  1.250512e+00  7.514415e-03  1.250539e+00  7.515348e-03  1.140179e+00  6.449737e-03  
   2.6654301  1.265113e+00  7.900856e-03  1.265141e+00  7.901869e-03  1.152289e+00  6.783423e-03  
   2.6864300  1.280329e+00  8.327302e-03  1.280359e+00  8.328401e-03  1.164868e+00  7.150006e-03  
   2.7074299  1.296212e+00  8.802119e-03  1.296244e+00  8.803324e-03  1.177952e+00  7.555097e-03  
   2.7284300  1.312816e+00  9.336546e-03  1.312849e+00  9.337866e-03  1.191577e+00  8.005848e-03  
   2.7494299  1.330202e+00  9.945761e-03  1.330238e+00  9.947220e-03  1.205784e+00  8.511458e-03  
   2.7694299  1.347555e+00  1.061436e-02  1.347592e+00  1.061598e-02  1.219899e+00  9.054889e-03  
   2.7904301  1.366684e+00  1.143604e-02  1.366724e+00  1.143786e-02  1.235380e+00  9.705322e-03  
   2.8114300  1.386833e+00  1.241744e-02  1.386875e+00  1.241952e-02  1.251596e+00  1.045723e-02  
   2.8324299  1.408103e+00  1.360932e-02  1.408147e+00  1.361174e-02  1.268611e+00  1.133659e-02  
   2.8534300  1.430602e+00  1.507943e-02  1.430649e+00  1.508230e-02  1.286494e+00  1.237702e-02  
   2.8744299  1.454450e+00  1.691708e-02  1.454501e+00  1.692055e-02  1.305323e+00  1.362182e-02  
   2.8944299  1.478532e+00  1.911483e-02  1.478586e+00  1.911905e-02  1.324212e+00  1.504796e-02  
   2.9154301  1.505380e+00  2.203418e-02  1.505438e+00  2.203943e-02  1.345138e+00  1.686537e-02  
   2.9370301  1.534797e+00  2.588237e-02  1.534859e+00  2.588905e-02  1.367928e+00  1.916825e-02  
   2.9570301  1.563773e+00  3.042245e-02  1.563838e+00  3.043086e-02  1.390268e+00  2.179561e-02  
   2.9780300  1.596088e+00  3.646493e-02  1.596159e+00  3.647564e-02  1.415102e+00  2.519850e-02  
   2.9990301  1.630404e+00  4.412885e-02  1.630480e+00  4.414250e-02  1.441443e+00  2.942465e-02  
   3.0200300  1.666740e+00  5.377949e-02  1.666820e+00  5.379681e-02  1.469375e+00  3.467371e-02  
   3.0410299  1.705049e+00  6.582303e-02  1.705135e+00  6.584486e-02  1.498968e+00  4.118289e-02  
   3.0610299  1.743261e+00  7.991715e-02  1.743352e+00  7.994415e-02  1.528736e+00  4.880639e-02  
   3.0820301  1.784995e+00  9.790546e-02  1.785091e+00  9.793886e-02  1.561659e+00  5.860954e-02  
   3.1030300  1.828074e+00  1.196011e-01  1.828173e+00  1.196419e-01  1.596245e+00  7.060099e-02  
   3.1240301  1.872085e+00  1.454237e-01  1.872188e+00  1.454729e-01  1.632385e+00  8.516309e-02  
   3.1450300  1.916504e+00  1.757355e-01  1.916609e+00  1.757940e-01  1.669894e+00  1.026978e-01  
   3.1660299  1.960713e+00  2.108140e-01  1.960819e+00  2.108826e-01  1.708497e+00  1.236123e-01  
   3.1860299  2.001982e+00  2.488054e-01  2.002088e+00  2.488842e-01  1.745940e+00  1.470325e-01  
   3.2070301  2.043715e+00  2.935385e-01  2.043821e+00  2.936282e-01  1.785515e+00  1.756410e-01  
   3.2280300  2.083050e+00  3.431112e-01  2.083152e+00  3.432119e-01  1.824798e+00  2.086489e-01  
   3.2490301  2.119229e+00  3.972431e-01  2.119327e+00  3.973544e-01  1.863134e+00  2.462533e-01  
   3.2700300  2.151553e+00  4.554929e-01  2.151644e+00  4.556142e-01  1.899797e+00  2.885284e-01  
   3.2910299  2.179423e+00  5.172765e-01  2.179506e+00  5.174069e-01  1.934021e+00  3.354041e-01  
   3.3110299  2.201398e+00  5.787626e-01  2.201471e+00  5.789003e-01  1.963639e+00  3.841131e-01  
   3.3320301  2.219377e+00  6.453477e-01  2.219440e+00  6.454917e-01  1.990897e+00  4.391415e-01  
   3.3536301  2.232293e+00  7.151462e-01  2.232344e+00  7.152953e-01  2.014138e+00  4.993017e-01  
   3.3736300  2.239251e+00  7.801938e-01  2.239290e+00  7.803462e-01  2.030801e+00  5.575474e-01  
   3.3946300  2.241590e+00  8.481833e-01  2.241617e+00  8.483374e-01  2.042887e+00  6.205104e-01  
   3.4156301  2.239198e+00  9.151886e-01  2.239212e+00  9.153433e-01  2.049223e+00  6.843973e-01  
   3.4366300  2.232551e+00  9.806479e-01  2.232551e+00  9.808025e-01  2.049801e+00  7.482204e-01  
   3.4576299  2.222193e+00  1.044141e+00  2.222181e+00  1.044295e+00  2.044835e+00  8.110014e-01  
   3.4776299  2.209408e+00  1.102530e+00  2.209383e+00  1.102682e+00  2.035328e+00  8.689843e-01  
   3.4986300  2.193454e+00  1.161514e+00  2.193417e+00  1.161665e+00  2.020906e+00  9.271912e-01  
   3.5196300  2.175415e+00  1.218089e+00  2.175367e+00  1.218239e+00  2.002670e+00  9.820154e-01  
   3.5406301  2.155729e+00  1.272320e+00  2.155669e+00  1.272471e+00  1.981474e+00  1.032997e+00  
   3.5616300  2.134740e+00  1.324325e+00  2.134670e+00  1.324476e+00  1.958217e+00  1.079885e+00  
   3.5826299  2.112694e+00  1.374246e+00  2.112612e+00  1.374398e+00  1.933789e+00  1.122652e+00  
   3.6026299  2.090863e+00  1.419977e+00  2.090775e+00  1.420130e+00  1.910197e+00  1.159708e+00  
   3.6236300  2.067155e+00  1.466189e+00  2.067057e+00  1.466344e+00  1.885772e+00  1.195098e+00  
   3.6446300  2.042691e+00  1.510608e+00  2.042586e+00  1.510764e+00  1.862257e+00  1.227363e+00  
   3.6656301  2.017507e+00  1.553238e+00  2.017396e+00  1.553397e+00  1.840051e+00  1.257082e+00  
   3.6866300  1.991658e+00  1.594038e+00  1.991545e+00  1.594198e+00  1.819369e+00  1.284862e+00  
   3.7076299  1.965245e+00  1.632933e+00  1.965128e+00  1.633094e+00  1.800262e+00  1.311289e+00  
   3.7276299  1.939711e+00  1.668123e+00  1.939594e+00  1.668284e+00  1.783446e+00  1.335676e+00  
   3.7486300  1.912734e+00  1.703056e+00  1.912617e+00  1.703218e+00  1.767058e+00  1.360856e+00  
   3.7702301  1.885141e+00  1.736796e+00  1.885028e+00  1.736956e+00  1.751318e+00  1.386593e+00  
   3.7902300  1.860099e+00  1.766081e+00  1.859990e+00  1.766241e+00  1.737528e+00  1.410420e+00  
   3.8112299  1.834771e+00  1.794925e+00  1.834668e+00  1.795083e+00  1.723685e+00  1.435465e+00  
   3.8322301  1.810911e+00  1.822043e+00  1.810816e+00  1.822200e+00  1.710391e+00  1.460481e+00  
   3.8532300  1.789019e+00  1.847788e+00  1.788930e+00  1.847945e+00  1.697657e+00  1.485359e+00  
   3.8742299  1.769557e+00  1.872645e+00  1.769477e+00  1.872803e+00  1.685610e+00  1.509986e+00  
   3.8942299  1.753648e+00  1.896057e+00  1.753576e+00  1.896217e+00  1.674992e+00  1.533143e+00  
   3.9152300  1.739977e+00  1.921074e+00  1.739914e+00  1.921237e+00  1.665045e+00  1.557161e+00  
   3.9362299  1.729558e+00  1.947364e+00  1.729503e+00  1.947533e+00  1.656694e+00  1.581014e+00  
   3.9572301  1.722355e+00  1.975851e+00  1.722308e+00  1.976028e+00  1.650311e+00  1.604992e+00  
   3.9782300  1.718120e+00  2.007497e+00  1.718079e+00  2.007685e+00  1.646219e+00  1.629544e+00  
   3.9992299  1.716371e+00  2.043270e+00  1.716335e+00  2.043470e+00  1.644647e+00  1.655278e+00  
   4.0192299  1.716358e+00  2.082017e+00  1.716324e+00  2.082231e+00  1.645567e+00  1.681572e+00  
   4.0402298  1.717162e+00  2.128397e+00  1.717129e+00  2.128628e+00  1.648974e+00  1.711876e+00  
   4.0612302  1.717652e+00  2.181268e+00  1.717618e+00  2.181515e+00  1.654569e+00  1.745854e+00  
   4.0822301  1.716476e+00  2.241088e+00  1.716437e+00  2.241353e+00  1.661794e+00  1.784452e+00  
   4.1032300  1.712140e+00  2.308071e+00  1.712093e+00  2.308353e+00  1.669836e+00  1.828572e+00  
   4.1242299  1.703077e+00  2.382154e+00  1.703020e+00  2.382452e+00  1.677636e+00  1.879018e+00  
   4.1442299  1.688597e+00  2.458978e+00  1.688527e+00  2.459289e+00  1.683657e+00  1.933525e+00  
   4.1652298  1.665781e+00  2.545594e+00  1.665693e+00  2.545916e+00  1.687070e+00  1.997938e+00  
   4.1868300  1.632712e+00  2.640065e+00  1.632603e+00  2.640393e+00  1.685766e+00  2.071990e+00  
   4.2068300  1.592252e+00  2.731267e+00  1.592120e+00  2.731598e+00  1.678578e+00  2.147408e+00  
   4.2278299  1.538605e+00  2.829495e+00  1.538446e+00  2.829823e+00  1.663138e+00  2.233116e+00  
   4.2488298  1.472791e+00  2.928654e+00  1.472602e+00  2.928975e+00  1.637949e+00  2.324533e+00  
   4.2698302  1.394351e+00  3.026988e+00  1.394129e+00  3.027298e+00  1.601487e+00  2.420289e+00  
   4.2908301  1.303137e+00  3.122647e+00  1.302882e+00  3.122940e+00  1.552480e+00  2.518631e+00  
   4.3108301  1.204527e+00  3.209539e+00  1.204239e+00  3.209816e+00  1.493300e+00  2.612811e+00  
   4.3318300  1.089085e+00  3.294541e+00  1.088761e+00  3.294796e+00  1.417553e+00  2.710021e+00  
   4.3528299  9.621568e-01  3.371341e+00  9.617987e-01  3.371573e+00  1.327858e+00  2.803092e+00  
   4.3738298  8.247246e-01  3.438170e+00  8.243332e-01  3.438378e+00  1.224731e+00  2.889527e+00  
   4.3948302  6.780084e-01  3.493367e+00  6.775862e-01  3.493552e+00  1.109222e+00  2.966908e+00  
   4.4158301  5.234635e-01  3.535418e+00  5.230133e-01  3.535581e+00  9.829014e-01  3.033028e+00  
   4.4358301  3.705066e-01  3.562019e+00  3.700339e-01  3.562164e+00  8.543748e-01  3.083812e+00  
   4.4568300  2.056045e-01  3.574752e+00  2.051130e-01  3.574878e+00  7.130545e-01  3.122936e+00  
   4.4778299  3.826256e-02  3.571055e+00  3.775780e-02  3.571168e+00  5.677612e-01  3.146564e+00  
   4.4988298  -1.293932e-01  3.550359e+00  -1.299049e-01  3.550461e+00  4.211911e-01  3.154267e+00  
   4.5198302  -2.951420e-01  3.512429e+00  -2.956542e-01  3.512522e+00  2.760047e-01  3.146162e+00  
   4.5408301  -4.567004e-01  3.457422e+00  -4.572069e-01  3.457507e+00  1.347103e-01  3.122886e+00  
   4.5608301  -6.045975e-01  3.389670e+00  -6.050930e-01  3.389751e+00  5.798597e-03  3.087611e+00  
   4.5818300  -7.515137e-01  3.303350e+00  -7.519922e-01  3.303426e+00  -1.218229e-01  3.038209e+00  
   4.6034298  -8.915611e-01  3.199810e+00  -8.920175e-01  3.199884e+00  -2.433137e-01  2.975979e+00  
   4.6234298  -1.009539e+00  3.092307e+00  -1.009972e+00  3.092378e+00  -3.460061e-01  2.909814e+00  
   4.6444302  -1.119871e+00  2.969495e+00  -1.120278e+00  2.969561e+00  -4.431130e-01  2.833399e+00  
   4.6654301  -1.215246e+00  2.838923e+00  -1.215626e+00  2.838983e+00  -5.290302e-01  2.751787e+00  
   4.6864300  -1.295016e+00  2.703209e+00  -1.295370e+00  2.703260e+00  -6.038851e-01  2.666813e+00  
   4.7074299  -1.359009e+00  2.565037e+00  -1.359337e+00  2.565075e+00  -6.680744e-01  2.580162e+00  
   4.7274299  -1.405558e+00  2.433552e+00  -1.405866e+00  2.433575e+00  -7.198365e-01  2.497443e+00  
   4.7484298  -1.440028e+00  2.297947e+00  -1.440317e+00  2.297951e+00  -7.650492e-01  2.411618e+00  
   4.7694302  -1.460840e+00  2.166978e+00  -1.461112e+00  2.166958e+00  -8.017005e-01  2.327899e+00  
   4.7904301  -1.469407e+00  2.042449e+00  -1.469666e+00  2.042400e+00  -8.306337e-01  2.247153e+00  
   4.8114300  -1.467345e+00  1.925747e+00  -1.467593e+00  1.925668e+00  -8.526958e-01  2.170045e+00  
   4.8324299  -1.456375e+00  1.817846e+00  -1.456613e+00  1.817731e+00  -8.687096e-01  2.097061e+00  
   4.8524299  -1.439223e+00  1.723784e+00  -1.439453e+00  1.723633e+00  -8.790546e-01  2.031687e+00  
   4.8734298  -1.415765e+00  1.634352e+00  -1.415987e+00  1.634160e+00  -8.854716e-01  1.967570e+00  
   4.8944302  -1.388225e+00  1.554378e+00  -1.388438e+00  1.554144e+00  -8.880070e-01  1.908157e+00  
   4.9154301  -1.357955e+00  1.483516e+00  -1.358158e+00  1.483240e+00  -8.872854e-01  1.853425e+00  
   4.9364300  -1.326109e+00  1.421234e+00  -1.326300e+00  1.420914e+00  -8.838750e-01  1.803264e+00  
   4.9574299  -1.293639e+00  1.366876e+00  -1.293816e+00  1.366513e+00  -8.782851e-01  1.757499e+00  
   4.9774299  -1.262830e+00  1.321814e+00  -1.262992e+00  1.321411e+00  -8.713502e-01  1.717798e+00  
   4.9984298  -1.231161e+00  1.280827e+00  -1.231304e+00  1.280383e+00  -8.627586e-01  1.679947e+00  
