w Re-xx Im-xx Re-yy Im-yy Re-zz Im-zz
# Gaussian absolute broadening  0.15 [eV]
   0.0000000  7.679951e-01  8.822660e-05  7.680004e-01  8.822682e-05  7.255722e-01  7.909573e-05  
   0.0200000  7.680950e-01  9.442453e-05  7.681003e-01  9.442483e-05  7.256617e-01  8.465118e-05  
   0.0410000  7.682137e-01  1.014872e-04  7.682190e-01  1.014876e-04  7.257677e-01  9.098143e-05  
   0.0620000  7.683488e-01  1.091545e-04  7.683539e-01  1.091550e-04  7.258890e-01  9.785320e-05  
   0.0830000  7.685021e-01  1.174601e-04  7.685075e-01  1.174608e-04  7.260267e-01  1.052967e-04  
   0.1040000  7.686762e-01  1.264335e-04  7.686815e-01  1.264343e-04  7.261828e-01  1.133381e-04  
   0.1240000  7.688629e-01  1.356216e-04  7.688682e-01  1.356227e-04  7.263499e-01  1.215714e-04  
   0.1450000  7.690828e-01  1.459584e-04  7.690884e-01  1.459597e-04  7.265475e-01  1.308333e-04  
   0.1660000  7.693301e-01  1.570077e-04  7.693355e-01  1.570093e-04  7.267691e-01  1.407326e-04  
   0.1870000  7.696066e-01  1.687661e-04  7.696121e-01  1.687680e-04  7.270168e-01  1.512663e-04  
   0.2080000  7.699143e-01  1.812189e-04  7.699196e-01  1.812212e-04  7.272927e-01  1.624209e-04  
   0.2290000  7.702548e-01  1.943411e-04  7.702602e-01  1.943439e-04  7.275978e-01  1.741737e-04  
   0.2490000  7.706112e-01  2.074286e-04  7.706167e-01  2.074318e-04  7.279170e-01  1.858940e-04  
   0.2700000  7.710206e-01  2.217482e-04  7.710259e-01  2.217519e-04  7.282837e-01  1.987159e-04  
   0.2910000  7.714667e-01  2.366106e-04  7.714722e-01  2.366147e-04  7.286832e-01  2.120218e-04  
   0.3120000  7.719501e-01  2.519621e-04  7.719555e-01  2.519668e-04  7.291169e-01  2.257634e-04  
   0.3330000  7.724718e-01  2.677478e-04  7.724771e-01  2.677529e-04  7.295843e-01  2.398910e-04  
   0.3540000  7.730320e-01  2.839144e-04  7.730373e-01  2.839199e-04  7.300859e-01  2.543569e-04  
   0.3740000  7.736012e-01  2.996197e-04  7.736065e-01  2.996257e-04  7.305957e-01  2.684071e-04  
   0.3950000  7.742360e-01  3.163917e-04  7.742417e-01  3.163980e-04  7.311646e-01  2.834084e-04  
   0.4160000  7.749096e-01  3.334145e-04  7.749151e-01  3.334213e-04  7.317680e-01  2.986304e-04  
   0.4374300  7.756367e-01  3.510126e-04  7.756425e-01  3.510196e-04  7.324191e-01  3.143632e-04  
   0.4574300  7.763510e-01  3.676200e-04  7.763566e-01  3.676275e-04  7.330589e-01  3.292066e-04  
   0.4784300  7.771382e-01  3.852319e-04  7.771440e-01  3.852397e-04  7.337638e-01  3.449437e-04  
   0.4994300  7.779636e-01  4.030098e-04  7.779692e-01  4.030182e-04  7.345028e-01  3.608248e-04  
   0.5204300  7.788272e-01  4.209470e-04  7.788331e-01  4.209559e-04  7.352759e-01  3.768435e-04  
   0.5414300  7.797288e-01  4.390397e-04  7.797348e-01  4.390492e-04  7.360831e-01  3.929963e-04  
   0.5614300  7.806237e-01  4.564150e-04  7.806296e-01  4.564252e-04  7.368841e-01  4.085041e-04  
   0.5824300  7.816013e-01  4.748126e-04  7.816072e-01  4.748238e-04  7.377591e-01  4.249192e-04  
   0.6034300  7.826176e-01  4.933703e-04  7.826236e-01  4.933827e-04  7.386684e-01  4.414718e-04  
   0.6244300  7.836734e-01  5.120937e-04  7.836793e-01  5.121077e-04  7.396131e-01  4.581668e-04  
   0.6454300  7.847688e-01  5.309883e-04  7.847747e-01  5.310039e-04  7.405931e-01  4.750083e-04  
   0.6664300  7.859042e-01  5.500600e-04  7.859102e-01  5.500775e-04  7.416086e-01  4.920013e-04  
   0.6864300  7.870226e-01  5.683940e-04  7.870287e-01  5.684135e-04  7.426089e-01  5.083312e-04  
   0.7074300  7.882368e-01  5.878310e-04  7.882429e-01  5.878528e-04  7.436950e-01  5.256372e-04  
   0.7284300  7.894918e-01  6.074655e-04  7.894981e-01  6.074897e-04  7.448170e-01  5.431118e-04  
   0.7494300  7.907888e-01  6.273056e-04  7.907951e-01  6.273323e-04  7.459767e-01  5.607622e-04  
   0.7704300  7.921273e-01  6.473581e-04  7.921336e-01  6.473873e-04  7.471729e-01  5.785939e-04  
   0.7914300  7.935082e-01  6.676320e-04  7.935147e-01  6.676638e-04  7.484073e-01  5.966144e-04  
   0.8114300  7.948627e-01  6.871527e-04  7.948692e-01  6.871872e-04  7.496175e-01  6.139582e-04  
   0.8324300  7.963274e-01  7.078820e-04  7.963339e-01  7.079191e-04  7.509261e-01  6.323671e-04  
   0.8540300  7.978797e-01  7.294611e-04  7.978864e-01  7.295011e-04  7.523126e-01  6.515218e-04  
   0.8740300  7.993589e-01  7.496830e-04  7.993655e-01  7.497251e-04  7.536336e-01  6.694632e-04  
   0.8950300  8.009556e-01  7.711753e-04  8.009623e-01  7.712200e-04  7.550594e-01  6.885220e-04  
   0.9160300  8.025978e-01  7.929431e-04  8.026043e-01  7.929901e-04  7.565255e-01  7.078159e-04  
   0.9370300  8.042856e-01  8.149969e-04  8.042925e-01  8.150461e-04  7.580319e-01  7.273529e-04  
   0.9580300  8.060201e-01  8.373472e-04  8.060272e-01  8.373986e-04  7.595801e-01  7.471423e-04  
   0.9780300  8.077164e-01  8.589195e-04  8.077236e-01  8.589731e-04  7.610933e-01  7.662330e-04  
   0.9990300  8.095441e-01  8.818814e-04  8.095514e-01  8.819369e-04  7.627236e-01  7.865425e-04  
   1.0200300  8.114205e-01  9.051735e-04  8.114277e-01  9.052309e-04  7.643969e-01  8.071325e-04  
   1.0410300  8.133462e-01  9.288076e-04  8.133535e-01  9.288668e-04  7.661139e-01  8.280132e-04  
   1.0620300  8.153223e-01  9.527958e-04  8.153297e-01  9.528570e-04  7.678751e-01  8.491947e-04  
   1.0830300  8.173492e-01  9.771506e-04  8.173566e-01  9.772135e-04  7.696814e-01  8.706872e-04  
   1.1030300  8.193272e-01  1.000698e-03  8.193348e-01  1.000763e-03  7.714435e-01  8.914548e-04  
   1.1240300  8.214553e-01  1.025805e-03  8.214631e-01  1.025871e-03  7.733393e-01  9.135851e-04  
   1.1450300  8.236362e-01  1.051318e-03  8.236442e-01  1.051386e-03  7.752816e-01  9.360595e-04  
   1.1660300  8.258718e-01  1.077250e-03  8.258798e-01  1.077319e-03  7.772716e-01  9.588882e-04  
   1.1870300  8.281618e-01  1.103615e-03  8.281699e-01  1.103685e-03  7.793101e-01  9.820844e-04  
   1.2080300  8.305080e-01  1.130429e-03  8.305160e-01  1.130500e-03  7.813973e-01  1.005660e-03  
   1.2280300  8.327944e-01  1.156398e-03  8.328027e-01  1.156471e-03  7.834314e-01  1.028478e-03  
   1.2490300  8.352517e-01  1.184135e-03  8.352602e-01  1.184208e-03  7.856162e-01  1.052832e-03  
   1.2706300  8.378409e-01  1.213185e-03  8.378494e-01  1.213259e-03  7.879180e-01  1.078323e-03  
   1.2906300  8.402942e-01  1.240568e-03  8.403026e-01  1.240643e-03  7.900983e-01  1.102335e-03  
   1.3116300  8.429298e-01  1.269845e-03  8.429385e-01  1.269920e-03  7.924400e-01  1.127989e-03  
   1.3326300  8.456274e-01  1.299675e-03  8.456360e-01  1.299751e-03  7.948355e-01  1.154109e-03  
   1.3536299  8.483878e-01  1.330081e-03  8.483969e-01  1.330157e-03  7.972866e-01  1.180714e-03  
   1.3746300  8.512130e-01  1.361084e-03  8.512222e-01  1.361160e-03  7.997940e-01  1.207821e-03  
   1.3946300  8.539650e-01  1.391186e-03  8.539744e-01  1.391263e-03  8.022356e-01  1.234122e-03  
   1.4156300  8.569200e-01  1.423421e-03  8.569293e-01  1.423499e-03  8.048565e-01  1.262264e-03  
   1.4366300  8.599434e-01  1.456321e-03  8.599530e-01  1.456399e-03  8.075371e-01  1.290965e-03  
   1.4576300  8.630369e-01  1.489913e-03  8.630466e-01  1.489992e-03  8.102790e-01  1.320247e-03  
   1.4786299  8.662021e-01  1.524222e-03  8.662121e-01  1.524302e-03  8.130832e-01  1.350130e-03  
   1.4996300  8.694403e-01  1.559274e-03  8.694503e-01  1.559356e-03  8.159510e-01  1.380636e-03  
   1.5196300  8.725932e-01  1.593374e-03  8.726033e-01  1.593458e-03  8.187420e-01  1.410290e-03  
   1.5406300  8.759779e-01  1.629962e-03  8.759883e-01  1.630047e-03  8.217375e-01  1.442081e-03  
   1.5616300  8.794408e-01  1.667379e-03  8.794511e-01  1.667467e-03  8.248003e-01  1.474565e-03  
   1.5826300  8.829826e-01  1.705659e-03  8.829935e-01  1.705749e-03  8.279320e-01  1.507772e-03  
   1.6036299  8.866057e-01  1.744834e-03  8.866169e-01  1.744928e-03  8.311339e-01  1.541725e-03  
   1.6246300  8.903123e-01  1.784942e-03  8.903234e-01  1.785039e-03  8.344085e-01  1.576458e-03  
   1.6446300  8.939209e-01  1.824039e-03  8.939323e-01  1.824140e-03  8.375948e-01  1.610286e-03  
   1.6656300  8.977948e-01  1.866074e-03  8.978066e-01  1.866180e-03  8.410137e-01  1.646626e-03  
   1.6872300  9.018732e-01  1.910406e-03  9.018849e-01  1.910516e-03  8.446117e-01  1.684918e-03  
   1.7072300  9.057351e-01  1.952483e-03  9.057470e-01  1.952598e-03  8.480171e-01  1.721232e-03  
   1.7282300  9.098825e-01  1.997777e-03  9.098945e-01  1.997897e-03  8.516720e-01  1.760289e-03  
   1.7492300  9.141254e-01  2.044259e-03  9.141378e-01  2.044384e-03  8.554096e-01  1.800337e-03  
   1.7702301  9.184668e-01  2.091981e-03  9.184796e-01  2.092112e-03  8.592322e-01  1.841422e-03  
   1.7912300  9.229107e-01  2.141003e-03  9.229235e-01  2.141138e-03  8.631424e-01  1.883587e-03  
   1.8112299  9.272399e-01  2.188948e-03  9.272529e-01  2.189089e-03  8.669499e-01  1.924799e-03  
   1.8322300  9.318902e-01  2.240674e-03  9.319038e-01  2.240821e-03  8.710375e-01  1.969228e-03  
   1.8532300  9.366508e-01  2.293885e-03  9.366645e-01  2.294036e-03  8.752199e-01  2.014901e-03  
   1.8742300  9.415250e-01  2.348651e-03  9.415392e-01  2.348808e-03  8.794999e-01  2.061878e-03  
   1.8952301  9.465165e-01  2.405050e-03  9.465307e-01  2.405210e-03  8.838796e-01  2.110229e-03  
   1.9162300  9.516283e-01  2.463163e-03  9.516427e-01  2.463329e-03  8.883623e-01  2.160025e-03  
   1.9362299  9.566111e-01  2.520185e-03  9.566259e-01  2.520356e-03  8.927291e-01  2.208868e-03  
   1.9572300  9.619675e-01  2.581915e-03  9.619827e-01  2.582090e-03  8.974208e-01  2.261727e-03  
   1.9782300  9.674559e-01  2.645653e-03  9.674713e-01  2.645833e-03  9.022245e-01  2.316297e-03  
   1.9992300  9.730788e-01  2.711518e-03  9.730950e-01  2.711702e-03  9.071429e-01  2.372689e-03  
   2.0202301  9.788423e-01  2.779641e-03  9.788585e-01  2.779830e-03  9.121808e-01  2.431026e-03  
   2.0412300  9.847495e-01  2.850170e-03  9.847665e-01  2.850365e-03  9.173403e-01  2.491451e-03  
   2.0612299  9.905137e-01  2.919730e-03  9.905308e-01  2.919930e-03  9.223719e-01  2.551085e-03  
   2.0822301  9.967162e-01  2.995455e-03  9.967338e-01  2.995660e-03  9.277821e-01  2.616064e-03  
   2.1038301  1.003263e+00  3.076431e-03  1.003281e+00  3.076643e-03  9.334882e-01  2.685640e-03  
   2.1238301  1.009479e+00  3.154418e-03  1.009498e+00  3.154638e-03  9.389017e-01  2.752753e-03  
   2.1448300  1.016175e+00  3.239671e-03  1.016193e+00  3.239898e-03  9.447274e-01  2.826255e-03  
   2.1658299  1.023046e+00  3.328657e-03  1.023065e+00  3.328893e-03  9.507019e-01  2.903146e-03  
   2.1868300  1.030102e+00  3.421702e-03  1.030122e+00  3.421947e-03  9.568312e-01  2.983746e-03  
   2.2078300  1.037348e+00  3.519159e-03  1.037369e+00  3.519416e-03  9.631201e-01  3.068399e-03  
   2.2278299  1.044435e+00  3.616439e-03  1.044456e+00  3.616708e-03  9.692652e-01  3.153142e-03  
   2.2488301  1.052077e+00  3.723683e-03  1.052098e+00  3.723963e-03  9.758857e-01  3.246844e-03  
   2.2698300  1.059933e+00  3.836609e-03  1.059955e+00  3.836903e-03  9.826846e-01  3.345824e-03  
   2.2908299  1.068013e+00  3.955730e-03  1.068036e+00  3.956040e-03  9.896698e-01  3.450571e-03  
   2.3118300  1.076326e+00  4.081597e-03  1.076349e+00  4.081922e-03  9.968486e-01  3.561603e-03  
   2.3328300  1.084881e+00  4.214800e-03  1.084905e+00  4.215145e-03  1.004229e+00  3.679481e-03  
   2.3528299  1.093264e+00  4.349071e-03  1.093289e+00  4.349433e-03  1.011451e+00  3.798656e-03  
   2.3738301  1.102324e+00  4.498499e-03  1.102349e+00  4.498881e-03  1.019248e+00  3.931671e-03  
   2.3948300  1.111660e+00  4.657305e-03  1.111686e+00  4.657707e-03  1.027272e+00  4.073446e-03  
   2.4158299  1.121284e+00  4.826292e-03  1.121310e+00  4.826715e-03  1.035533e+00  4.224729e-03  
   2.4368300  1.131210e+00  5.006335e-03  1.131238e+00  5.006781e-03  1.044041e+00  4.386348e-03  
   2.4578300  1.141454e+00  5.198385e-03  1.141483e+00  5.198856e-03  1.052809e+00  4.559194e-03  
   2.4778299  1.151520e+00  5.393415e-03  1.151549e+00  5.393911e-03  1.061411e+00  4.735153e-03  
   2.4988301  1.162431e+00  5.612054e-03  1.162461e+00  5.612575e-03  1.070721e+00  4.932872e-03  
   2.5204301  1.174040e+00  5.853116e-03  1.174071e+00  5.853671e-03  1.080608e+00  5.151363e-03  
   2.5404301  1.185158e+00  6.092358e-03  1.185190e+00  6.092945e-03  1.090060e+00  5.368630e-03  
   2.5614300  1.197235e+00  6.361846e-03  1.197268e+00  6.362470e-03  1.100309e+00  5.613761e-03  
   2.5824299  1.209750e+00  6.652087e-03  1.209784e+00  6.652753e-03  1.110906e+00  5.878076e-03  
   2.6034300  1.222732e+00  6.965558e-03  1.222767e+00  6.966268e-03  1.121875e+00  6.163680e-03  
   2.6244299  1.236210e+00  7.305266e-03  1.236247e+00  7.306032e-03  1.133236e+00  6.473035e-03  
   2.6444299  1.249542e+00  7.656650e-03  1.249580e+00  7.657469e-03  1.144444e+00  6.792466e-03  
   2.6654301  1.264096e+00  8.059471e-03  1.264135e+00  8.060361e-03  1.156646e+00  7.157389e-03  
   2.6864300  1.279261e+00  8.503110e-03  1.279302e+00  8.504077e-03  1.169321e+00  7.556961e-03  
   2.7074299  1.295086e+00  8.995806e-03  1.295129e+00  8.996870e-03  1.182504e+00  7.996831e-03  
   2.7284300  1.311627e+00  9.548617e-03  1.311671e+00  9.549792e-03  1.196230e+00  8.484218e-03  
   2.7494299  1.328945e+00  1.017649e-02  1.328992e+00  1.017780e-02  1.210545e+00  9.028437e-03  
   2.7694299  1.346225e+00  1.086281e-02  1.346273e+00  1.086427e-02  1.224764e+00  9.610612e-03  
   2.7904301  1.365270e+00  1.170261e-02  1.365321e+00  1.170426e-02  1.240362e+00  1.030404e-02  
   2.8114300  1.385326e+00  1.270106e-02  1.385379e+00  1.270298e-02  1.256700e+00  1.110164e-02  
   2.8324299  1.406491e+00  1.390813e-02  1.406546e+00  1.391037e-02  1.273844e+00  1.202990e-02  
   2.8534300  1.428874e+00  1.539048e-02  1.428933e+00  1.539314e-02  1.291865e+00  1.312313e-02  
   2.8744299  1.452592e+00  1.723598e-02  1.452654e+00  1.723919e-02  1.310843e+00  1.442561e-02  
   2.8944299  1.476537e+00  1.943537e-02  1.476601e+00  1.943927e-02  1.329885e+00  1.591242e-02  
   2.9154301  1.503223e+00  2.234798e-02  1.503291e+00  2.235281e-02  1.350986e+00  1.780138e-02  
   2.9370301  1.532453e+00  2.617704e-02  1.532526e+00  2.618314e-02  1.373975e+00  2.018872e-02  
   2.9570301  1.561237e+00  3.068484e-02  1.561314e+00  3.069245e-02  1.396521e+00  2.290716e-02  
   2.9780300  1.593329e+00  3.667397e-02  1.593411e+00  3.668360e-02  1.421598e+00  2.642296e-02  
   2.9990301  1.627401e+00  4.425960e-02  1.627487e+00  4.427180e-02  1.448212e+00  3.078481e-02  
   3.0200300  1.663468e+00  5.380129e-02  1.663560e+00  5.381667e-02  1.476454e+00  3.619855e-02  
   3.0410299  1.701492e+00  6.569905e-02  1.701589e+00  6.571836e-02  1.506400e+00  4.290871e-02  
   3.0610299  1.739415e+00  7.961439e-02  1.739517e+00  7.963821e-02  1.536547e+00  5.076499e-02  
   3.0820301  1.780836e+00  9.736720e-02  1.780943e+00  9.739655e-02  1.569918e+00  6.086470e-02  
   3.1030300  1.823597e+00  1.187728e-01  1.823708e+00  1.188086e-01  1.605005e+00  7.321544e-02  
   3.1240301  1.867295e+00  1.442461e-01  1.867409e+00  1.442892e-01  1.641705e+00  8.820906e-02  
   3.1450300  1.911417e+00  1.741452e-01  1.911534e+00  1.741965e-01  1.679828e+00  1.062562e-01  
   3.1660299  1.955359e+00  2.087451e-01  1.955478e+00  2.088054e-01  1.719100e+00  1.277719e-01  
   3.1860299  1.996415e+00  2.462180e-01  1.996533e+00  2.462872e-01  1.757223e+00  1.518519e-01  
   3.2070301  2.037980e+00  2.903399e-01  2.038098e+00  2.904190e-01  1.797551e+00  1.812479e-01  
   3.2280300  2.077218e+00  3.392333e-01  2.077334e+00  3.393224e-01  1.837614e+00  2.151401e-01  
   3.2490301  2.113387e+00  3.926178e-01  2.113499e+00  3.927168e-01  1.876742e+00  2.537224e-01  
   3.2700300  2.145799e+00  4.500521e-01  2.145907e+00  4.501606e-01  1.914192e+00  2.970613e-01  
   3.2910299  2.173865e+00  5.109519e-01  2.173966e+00  5.110695e-01  1.949174e+00  3.450761e-01  
   3.3110299  2.196131e+00  5.715314e-01  2.196226e+00  5.716566e-01  1.979468e+00  3.949268e-01  
   3.3320301  2.214533e+00  6.370958e-01  2.214621e+00  6.372282e-01  2.007368e+00  4.511967e-01  
   3.3536301  2.228003e+00  7.057701e-01  2.228084e+00  7.059090e-01  2.031171e+00  5.126593e-01  
   3.3736300  2.235581e+00  7.697107e-01  2.235656e+00  7.698544e-01  2.048247e+00  5.721130e-01  
   3.3946300  2.238675e+00  8.364731e-01  2.238744e+00  8.366212e-01  2.060637e+00  6.363238e-01  
   3.4156301  2.237131e+00  9.021928e-01  2.237195e+00  9.023445e-01  2.067132e+00  7.014141e-01  
   3.4366300  2.231410e+00  9.663242e-01  2.231472e+00  9.664791e-01  2.067714e+00  7.663723e-01  
   3.4576299  2.222044e+00  1.028469e+00  2.222103e+00  1.028626e+00  2.062587e+00  8.301976e-01  
   3.4776299  2.210244e+00  1.085582e+00  2.210302e+00  1.085742e+00  2.052778e+00  8.890719e-01  
   3.4986300  2.195346e+00  1.143275e+00  2.195403e+00  1.143438e+00  2.037882e+00  9.480897e-01  
   3.5196300  2.178363e+00  1.198654e+00  2.178420e+00  1.198820e+00  2.019021e+00  1.003583e+00  
   3.5406301  2.159708e+00  1.251838e+00  2.159766e+00  1.252007e+00  1.997056e+00  1.055081e+00  
   3.5616300  2.139700e+00  1.302996e+00  2.139758e+00  1.303168e+00  1.972901e+00  1.102330e+00  
   3.5826299  2.118564e+00  1.352328e+00  2.118622e+00  1.352503e+00  1.947456e+00  1.145302e+00  
   3.6026299  2.097515e+00  1.397778e+00  2.097570e+00  1.397956e+00  1.922801e+00  1.182415e+00  
   3.6236300  2.074519e+00  1.444028e+00  2.074570e+00  1.444209e+00  1.897171e+00  1.217726e+00  
   3.6446300  2.050647e+00  1.488849e+00  2.050694e+00  1.489032e+00  1.872380e+00  1.249784e+00  
   3.6656301  2.025926e+00  1.532255e+00  2.025966e+00  1.532439e+00  1.848842e+00  1.279179e+00  
   3.6866300  2.000415e+00  1.574193e+00  2.000447e+00  1.574377e+00  1.826787e+00  1.306533e+00  
   3.7076299  1.974217e+00  1.614560e+00  1.974240e+00  1.614742e+00  1.806286e+00  1.332448e+00  
   3.7276299  1.948789e+00  1.651421e+00  1.948802e+00  1.651602e+00  1.788142e+00  1.356272e+00  
   3.7486300  1.921831e+00  1.688335e+00  1.921834e+00  1.688512e+00  1.770380e+00  1.380793e+00  
   3.7702301  1.894179e+00  1.724280e+00  1.894172e+00  1.724454e+00  1.753269e+00  1.405786e+00  
   3.7902300  1.869028e+00  1.755690e+00  1.869014e+00  1.755859e+00  1.738272e+00  1.428865e+00  
   3.8112299  1.843545e+00  1.786774e+00  1.843524e+00  1.786938e+00  1.723242e+00  1.453066e+00  
   3.8322301  1.819503e+00  1.816071e+00  1.819476e+00  1.816230e+00  1.708866e+00  1.477178e+00  
   3.8532300  1.797405e+00  1.843866e+00  1.797376e+00  1.844020e+00  1.695172e+00  1.501090e+00  
   3.8742299  1.777721e+00  1.870590e+00  1.777693e+00  1.870741e+00  1.682301e+00  1.524689e+00  
   3.8942299  1.761584e+00  1.895568e+00  1.761559e+00  1.895718e+00  1.671034e+00  1.546811e+00  
   3.9152300  1.747654e+00  1.921977e+00  1.747635e+00  1.922127e+00  1.660558e+00  1.569687e+00  
   3.9362299  1.736951e+00  1.949386e+00  1.736940e+00  1.949539e+00  1.651838e+00  1.592346e+00  
   3.9572301  1.729434e+00  1.978716e+00  1.729433e+00  1.978873e+00  1.645247e+00  1.615087e+00  
   3.9782300  1.724849e+00  2.010939e+00  1.724859e+00  2.011103e+00  1.641109e+00  1.638369e+00  
   3.9992299  1.722712e+00  2.047041e+00  1.722736e+00  2.047217e+00  1.639645e+00  1.662811e+00  
   4.0192299  1.722297e+00  2.085900e+00  1.722331e+00  2.086087e+00  1.640809e+00  1.687867e+00  
   4.0402298  1.722646e+00  2.132218e+00  1.722691e+00  2.132421e+00  1.644612e+00  1.716877e+00  
   4.0612302  1.722654e+00  2.184884e+00  1.722708e+00  2.185102e+00  1.650733e+00  1.749581e+00  
   4.0822301  1.720978e+00  2.244398e+00  1.721037e+00  2.244633e+00  1.658602e+00  1.786933e+00  
   4.1032300  1.716135e+00  2.311015e+00  1.716197e+00  2.311267e+00  1.667393e+00  1.829846e+00  
   4.1242299  1.706568e+00  2.384708e+00  1.706625e+00  2.384977e+00  1.676029e+00  1.879132e+00  
   4.1442299  1.691619e+00  2.461169e+00  1.691669e+00  2.461451e+00  1.682909e+00  1.932579e+00  
   4.1652298  1.668329e+00  2.547432e+00  1.668366e+00  2.547725e+00  1.687268e+00  1.995925e+00  
   4.1868300  1.634795e+00  2.641584e+00  1.634813e+00  2.641884e+00  1.686958e+00  2.068930e+00  
   4.2068300  1.593925e+00  2.732534e+00  1.593920e+00  2.732836e+00  1.680683e+00  2.143418e+00  
   4.2278299  1.539862e+00  2.830531e+00  1.539828e+00  2.830829e+00  1.666160e+00  2.228187e+00  
   4.2488298  1.473634e+00  2.929471e+00  1.473567e+00  2.929762e+00  1.641817e+00  2.318705e+00  
   4.2698302  1.394769e+00  3.027573e+00  1.394667e+00  3.027849e+00  1.606086e+00  2.413600e+00  
   4.2908301  1.303102e+00  3.122946e+00  1.302964e+00  3.123204e+00  1.557666e+00  2.511124e+00  
   4.3108301  1.204020e+00  3.209484e+00  1.203846e+00  3.209721e+00  1.498876e+00  2.604569e+00  
   4.3318300  1.088024e+00  3.293994e+00  1.087813e+00  3.294205e+00  1.423333e+00  2.701071e+00  
   4.3528299  9.604803e-01  3.370154e+00  9.602339e-01  3.370337e+00  1.333608e+00  2.793509e+00  
   4.3738298  8.223706e-01  3.436182e+00  8.220910e-01  3.436335e+00  1.230207e+00  2.879402e+00  
   4.3948302  6.749285e-01  3.490424e+00  6.746201e-01  3.490548e+00  1.114179e+00  2.956352e+00  
   4.4158301  5.196328e-01  3.531387e+00  5.192997e-01  3.531482e+00  9.871071e-01  3.022164e+00  
   4.4358301  3.659685e-01  3.556870e+00  3.656170e-01  3.556939e+00  8.576747e-01  3.072777e+00  
   4.4568300  2.003715e-01  3.568399e+00  2.000064e-01  3.568443e+00  7.152445e-01  3.111852e+00  
   4.4778299  3.242700e-02  3.563539e+00  3.205421e-02  3.563563e+00  5.687311e-01  3.135561e+00  
   4.4988298  -1.356942e-01  3.541796e+00  -1.360689e-01  3.541799e+00  4.208950e-01  3.143461e+00  
   4.5198302  -3.017324e-01  3.503009e+00  -3.021031e-01  3.502997e+00  2.744680e-01  3.135651e+00  
   4.5408301  -4.633746e-01  3.447397e+00  -4.637357e-01  3.447372e+00  1.320328e-01  3.112741e+00  
   4.5608301  -6.111435e-01  3.379346e+00  -6.114912e-01  3.379313e+00  2.193435e-03  3.077856e+00  
   4.5818300  -7.577028e-01  3.293026e+00  -7.580318e-01  3.292984e+00  -1.261714e-01  3.028887e+00  
   4.6034298  -8.971549e-01  3.189822e+00  -8.974617e-01  3.189774e+00  -2.481213e-01  2.967102e+00  
   4.6234298  -1.014396e+00  3.082910e+00  -1.014679e+00  3.082857e+00  -3.509230e-01  2.901340e+00  
   4.6444302  -1.123792e+00  2.960964e+00  -1.124050e+00  2.960908e+00  -4.477934e-01  2.825337e+00  
   4.6654301  -1.218102e+00  2.831455e+00  -1.218334e+00  2.831393e+00  -5.331082e-01  2.744125e+00  
   4.6864300  -1.296720e+00  2.696933e+00  -1.296925e+00  2.696865e+00  -6.070081e-01  2.659550e+00  
   4.7074299  -1.359513e+00  2.560014e+00  -1.359692e+00  2.559940e+00  -6.699220e-01  2.573314e+00  
   4.7274299  -1.404910e+00  2.429724e+00  -1.405065e+00  2.429642e+00  -7.202153e-01  2.491019e+00  
   4.7484298  -1.438190e+00  2.295322e+00  -1.438322e+00  2.295231e+00  -7.636778e-01  2.405684e+00  
   4.7694302  -1.457857e+00  2.165466e+00  -1.457968e+00  2.165363e+00  -7.984340e-01  2.322511e+00  
   4.7904301  -1.465343e+00  2.041930e+00  -1.465436e+00  2.041815e+00  -8.253995e-01  2.242371e+00  
   4.8114300  -1.462277e+00  1.926091e+00  -1.462352e+00  1.925960e+00  -8.454917e-01  2.165922e+00  
   4.8324299  -1.450384e+00  1.818916e+00  -1.450444e+00  1.818769e+00  -8.595989e-01  2.093643e+00  
   4.8524299  -1.432432e+00  1.725423e+00  -1.432478e+00  1.725259e+00  -8.682382e-01  2.028968e+00  
   4.8734298  -1.408212e+00  1.636471e+00  -1.408246e+00  1.636289e+00  -8.730232e-01  1.965592e+00  
   4.8944302  -1.379988e+00  1.556869e+00  -1.380010e+00  1.556668e+00  -8.741214e-01  1.906909e+00  
   4.9154301  -1.349105e+00  1.486286e+00  -1.349115e+00  1.486066e+00  -8.721792e-01  1.852871e+00  
   4.9364300  -1.316709e+00  1.424201e+00  -1.316708e+00  1.423962e+00  -8.677737e-01  1.803347e+00  
   4.9574299  -1.283745e+00  1.369975e+00  -1.283733e+00  1.369717e+00  -8.614141e-01  1.758147e+00  
   4.9774299  -1.252510e+00  1.324986e+00  -1.252488e+00  1.324711e+00  -8.539481e-01  1.718902e+00  
   4.9984298  -1.220434e+00  1.284028e+00  -1.220400e+00  1.283735e+00  -8.449973e-01  1.681431e+00  
