w Re-xx Im-xx Re-yy Im-yy Re-zz Im-zz
# Gaussian absolute broadening  0.15 [eV]
   0.0000000  7.687522e-01  8.846745e-05  7.687511e-01  8.847074e-05  7.243590e-01  7.869089e-05  
   0.0200000  7.688521e-01  9.468257e-05  7.688513e-01  9.468637e-05  7.244478e-01  8.421818e-05  
   0.0410000  7.689711e-01  1.017651e-04  7.689701e-01  1.017694e-04  7.245536e-01  9.051647e-05  
   0.0620000  7.691065e-01  1.094540e-04  7.691057e-01  1.094589e-04  7.246744e-01  9.735358e-05  
   0.0830000  7.692606e-01  1.177833e-04  7.692599e-01  1.177889e-04  7.248113e-01  1.047596e-04  
   0.1040000  7.694348e-01  1.267825e-04  7.694340e-01  1.267888e-04  7.249663e-01  1.127605e-04  
   0.1240000  7.696224e-01  1.359973e-04  7.696214e-01  1.360043e-04  7.251328e-01  1.209524e-04  
   0.1450000  7.698432e-01  1.463644e-04  7.698423e-01  1.463720e-04  7.253293e-01  1.301677e-04  
   0.1660000  7.700912e-01  1.574463e-04  7.700905e-01  1.574547e-04  7.255498e-01  1.400174e-04  
   0.1870000  7.703683e-01  1.692395e-04  7.703676e-01  1.692486e-04  7.257962e-01  1.504979e-04  
   0.2080000  7.706767e-01  1.817296e-04  7.706759e-01  1.817394e-04  7.260706e-01  1.615965e-04  
   0.2290000  7.710183e-01  1.948913e-04  7.710176e-01  1.949016e-04  7.263743e-01  1.732899e-04  
   0.2490000  7.713758e-01  2.080182e-04  7.713753e-01  2.080290e-04  7.266921e-01  1.849508e-04  
   0.2700000  7.717861e-01  2.223812e-04  7.717852e-01  2.223925e-04  7.270569e-01  1.977076e-04  
   0.2910000  7.722334e-01  2.372887e-04  7.722326e-01  2.373004e-04  7.274545e-01  2.109457e-04  
   0.3120000  7.727184e-01  2.526870e-04  7.727178e-01  2.526989e-04  7.278858e-01  2.246168e-04  
   0.3330000  7.732417e-01  2.685208e-04  7.732410e-01  2.685330e-04  7.283509e-01  2.386719e-04  
   0.3540000  7.738034e-01  2.847367e-04  7.738028e-01  2.847490e-04  7.288501e-01  2.530629e-04  
   0.3740000  7.743742e-01  3.004900e-04  7.743736e-01  3.005024e-04  7.293572e-01  2.670402e-04  
   0.3950000  7.750112e-01  3.173131e-04  7.750106e-01  3.173256e-04  7.299233e-01  2.819631e-04  
   0.4160000  7.756866e-01  3.343878e-04  7.756861e-01  3.344004e-04  7.305236e-01  2.971054e-04  
   0.4374300  7.764160e-01  3.520394e-04  7.764155e-01  3.520522e-04  7.311715e-01  3.127551e-04  
   0.4574300  7.771323e-01  3.686977e-04  7.771316e-01  3.687107e-04  7.318078e-01  3.275199e-04  
   0.4784300  7.779218e-01  3.863633e-04  7.779212e-01  3.863766e-04  7.325094e-01  3.431732e-04  
   0.4994300  7.787496e-01  4.041959e-04  7.787490e-01  4.042095e-04  7.332444e-01  3.589695e-04  
   0.5204300  7.796156e-01  4.221882e-04  7.796153e-01  4.222022e-04  7.340136e-01  3.749024e-04  
   0.5414300  7.805200e-01  4.403369e-04  7.805196e-01  4.403513e-04  7.348167e-01  3.909682e-04  
   0.5614300  7.814178e-01  4.577665e-04  7.814174e-01  4.577812e-04  7.356135e-01  4.063923e-04  
   0.5824300  7.823981e-01  4.762216e-04  7.823978e-01  4.762368e-04  7.364840e-01  4.227182e-04  
   0.6034300  7.834173e-01  4.948382e-04  7.834170e-01  4.948539e-04  7.373887e-01  4.391807e-04  
   0.6244300  7.844762e-01  5.136215e-04  7.844760e-01  5.136378e-04  7.383285e-01  4.557841e-04  
   0.6454300  7.855750e-01  5.325769e-04  7.855749e-01  5.325934e-04  7.393035e-01  4.725328e-04  
   0.6664300  7.867140e-01  5.517108e-04  7.867137e-01  5.517276e-04  7.403139e-01  4.894319e-04  
   0.6864300  7.878357e-01  5.701050e-04  7.878355e-01  5.701222e-04  7.413087e-01  5.056708e-04  
   0.7074300  7.890536e-01  5.896066e-04  7.890535e-01  5.896240e-04  7.423888e-01  5.228794e-04  
   0.7284300  7.903126e-01  6.093070e-04  7.903125e-01  6.093245e-04  7.435055e-01  5.402556e-04  
   0.7494300  7.916133e-01  6.292143e-04  7.916134e-01  6.292321e-04  7.446585e-01  5.578052e-04  
   0.7704300  7.929558e-01  6.493353e-04  7.929558e-01  6.493533e-04  7.458489e-01  5.755346e-04  
   0.7914300  7.943410e-01  6.696792e-04  7.943412e-01  6.696974e-04  7.470766e-01  5.934506e-04  
   0.8114300  7.956997e-01  6.892678e-04  7.956998e-01  6.892865e-04  7.482804e-01  6.106931e-04  
   0.8324300  7.971687e-01  7.100696e-04  7.971691e-01  7.100889e-04  7.495819e-01  6.289936e-04  
   0.8540300  7.987262e-01  7.317250e-04  7.987266e-01  7.317449e-04  7.509614e-01  6.480343e-04  
   0.8740300  8.002096e-01  7.520187e-04  8.002101e-01  7.520397e-04  7.522750e-01  6.658676e-04  
   0.8950300  8.018114e-01  7.735879e-04  8.018118e-01  7.736098e-04  7.536930e-01  6.848112e-04  
   0.9160300  8.034586e-01  7.954343e-04  8.034592e-01  7.954576e-04  7.551510e-01  7.039870e-04  
   0.9370300  8.051520e-01  8.175684e-04  8.051526e-01  8.175932e-04  7.566496e-01  7.234033e-04  
   0.9580300  8.068920e-01  8.400005e-04  8.068927e-01  8.400272e-04  7.581890e-01  7.430692e-04  
   0.9780300  8.085936e-01  8.616525e-04  8.085945e-01  8.616810e-04  7.596939e-01  7.620393e-04  
   0.9990300  8.104270e-01  8.847000e-04  8.104278e-01  8.847307e-04  7.613155e-01  7.822196e-04  
   1.0200300  8.123094e-01  9.080798e-04  8.123104e-01  9.081127e-04  7.629795e-01  8.026772e-04  
   1.0410300  8.142414e-01  9.318035e-04  8.142426e-01  9.318391e-04  7.646870e-01  8.234219e-04  
   1.0620300  8.162239e-01  9.558834e-04  8.162251e-01  9.559222e-04  7.664385e-01  8.444637e-04  
   1.0830300  8.182573e-01  9.803320e-04  8.182583e-01  9.803744e-04  7.682344e-01  8.658132e-04  
   1.1030300  8.202416e-01  1.003971e-03  8.202431e-01  1.004016e-03  7.699870e-01  8.864411e-04  
   1.1240300  8.223769e-01  1.029177e-03  8.223783e-01  1.029226e-03  7.718720e-01  9.084208e-04  
   1.1450300  8.245653e-01  1.054791e-03  8.245668e-01  1.054843e-03  7.738032e-01  9.307399e-04  
   1.1660300  8.268079e-01  1.080827e-03  8.268095e-01  1.080882e-03  7.757819e-01  9.534089e-04  
   1.1870300  8.291057e-01  1.107299e-03  8.291076e-01  1.107358e-03  7.778085e-01  9.764411e-04  
   1.2080300  8.314595e-01  1.134224e-03  8.314613e-01  1.134286e-03  7.798840e-01  9.998479e-04  
   1.2280300  8.337539e-01  1.160300e-03  8.337557e-01  1.160365e-03  7.819059e-01  1.022501e-03  
   1.2490300  8.362194e-01  1.188154e-03  8.362214e-01  1.188221e-03  7.840782e-01  1.046677e-03  
   1.2706300  8.388174e-01  1.217327e-03  8.388194e-01  1.217397e-03  7.863665e-01  1.071978e-03  
   1.2906300  8.412790e-01  1.244829e-03  8.412814e-01  1.244901e-03  7.885339e-01  1.095811e-03  
   1.3116300  8.439237e-01  1.274233e-03  8.439262e-01  1.274307e-03  7.908617e-01  1.121270e-03  
   1.3326300  8.466304e-01  1.304195e-03  8.466331e-01  1.304271e-03  7.932429e-01  1.147191e-03  
   1.3536299  8.494008e-01  1.334736e-03  8.494034e-01  1.334813e-03  7.956792e-01  1.173590e-03  
   1.3746300  8.522356e-01  1.365880e-03  8.522384e-01  1.365957e-03  7.981714e-01  1.200486e-03  
   1.3946300  8.549975e-01  1.396120e-03  8.550005e-01  1.396199e-03  8.005983e-01  1.226579e-03  
   1.4156300  8.579630e-01  1.428504e-03  8.579662e-01  1.428584e-03  8.032033e-01  1.254497e-03  
   1.4366300  8.609973e-01  1.461560e-03  8.610006e-01  1.461639e-03  8.058673e-01  1.282967e-03  
   1.4576300  8.641020e-01  1.495311e-03  8.641056e-01  1.495391e-03  8.085921e-01  1.312009e-03  
   1.4786299  8.672787e-01  1.529785e-03  8.672825e-01  1.529865e-03  8.113789e-01  1.341646e-03  
   1.4996300  8.705288e-01  1.565008e-03  8.705326e-01  1.565088e-03  8.142285e-01  1.371897e-03  
   1.5196300  8.736931e-01  1.599277e-03  8.736970e-01  1.599357e-03  8.170018e-01  1.401300e-03  
   1.5406300  8.770907e-01  1.636047e-03  8.770947e-01  1.636128e-03  8.199782e-01  1.432819e-03  
   1.5616300  8.805662e-01  1.673654e-03  8.805704e-01  1.673736e-03  8.230214e-01  1.465022e-03  
   1.5826300  8.841215e-01  1.712131e-03  8.841260e-01  1.712214e-03  8.261328e-01  1.497935e-03  
   1.6036299  8.877587e-01  1.751512e-03  8.877633e-01  1.751596e-03  8.293139e-01  1.531586e-03  
   1.6246300  8.914792e-01  1.791833e-03  8.914839e-01  1.791918e-03  8.325667e-01  1.566002e-03  
   1.6446300  8.951018e-01  1.831140e-03  8.951068e-01  1.831228e-03  8.357317e-01  1.599518e-03  
   1.6656300  8.989910e-01  1.873406e-03  8.989964e-01  1.873496e-03  8.391281e-01  1.635516e-03  
   1.6872300  9.030851e-01  1.917986e-03  9.030906e-01  1.918078e-03  8.427015e-01  1.673441e-03  
   1.7072300  9.069626e-01  1.960305e-03  9.069685e-01  1.960400e-03  8.460837e-01  1.709401e-03  
   1.7282300  9.111260e-01  2.005864e-03  9.111320e-01  2.005962e-03  8.497133e-01  1.748069e-03  
   1.7492300  9.153866e-01  2.052626e-03  9.153926e-01  2.052727e-03  8.534250e-01  1.787708e-03  
   1.7702301  9.197464e-01  2.100646e-03  9.197528e-01  2.100750e-03  8.572207e-01  1.828362e-03  
   1.7912300  9.242083e-01  2.149981e-03  9.242147e-01  2.150087e-03  8.611031e-01  1.870073e-03  
   1.8112299  9.285557e-01  2.198247e-03  9.285623e-01  2.198357e-03  8.648834e-01  1.910829e-03  
   1.8322300  9.332251e-01  2.250334e-03  9.332323e-01  2.250447e-03  8.689415e-01  1.954752e-03  
   1.8532300  9.380061e-01  2.303933e-03  9.380139e-01  2.304050e-03  8.730932e-01  1.999884e-03  
   1.8742300  9.429014e-01  2.359121e-03  9.429089e-01  2.359242e-03  8.773412e-01  2.046286e-03  
   1.8952301  9.479144e-01  2.415979e-03  9.479223e-01  2.416104e-03  8.816886e-01  2.094021e-03  
   1.9162300  9.530487e-01  2.474595e-03  9.530570e-01  2.474723e-03  8.861369e-01  2.143154e-03  
   1.9362299  9.580538e-01  2.532142e-03  9.580622e-01  2.532274e-03  8.904706e-01  2.191320e-03  
   1.9572300  9.634338e-01  2.594473e-03  9.634430e-01  2.594610e-03  8.951258e-01  2.243411e-03  
   1.9782300  9.689472e-01  2.658872e-03  9.689566e-01  2.659015e-03  8.998922e-01  2.297146e-03  
   1.9992300  9.745964e-01  2.725461e-03  9.746059e-01  2.725611e-03  9.047716e-01  2.352627e-03  
   2.0202301  9.803865e-01  2.794378e-03  9.803964e-01  2.794534e-03  9.097685e-01  2.409967e-03  
   2.0412300  9.863215e-01  2.865771e-03  9.863318e-01  2.865936e-03  9.148864e-01  2.469295e-03  
   2.0612299  9.921131e-01  2.936221e-03  9.921236e-01  2.936393e-03  9.198762e-01  2.527777e-03  
   2.0822301  9.983454e-01  3.012945e-03  9.983565e-01  3.013127e-03  9.252412e-01  2.591420e-03  
   2.1038301  1.004923e+00  3.095015e-03  1.004935e+00  3.095207e-03  9.308984e-01  2.659461e-03  
   2.1238301  1.011171e+00  3.174063e-03  1.011183e+00  3.174265e-03  9.362659e-01  2.724987e-03  
   2.1448300  1.017898e+00  3.260465e-03  1.017910e+00  3.260677e-03  9.420403e-01  2.796628e-03  
   2.1658299  1.024803e+00  3.350613e-03  1.024817e+00  3.350837e-03  9.479617e-01  2.871426e-03  
   2.1868300  1.031895e+00  3.444803e-03  1.031909e+00  3.445041e-03  9.540363e-01  2.949666e-03  
   2.2078300  1.039178e+00  3.543350e-03  1.039192e+00  3.543599e-03  9.602679e-01  3.031655e-03  
   2.2278299  1.046301e+00  3.641574e-03  1.046315e+00  3.641840e-03  9.663555e-01  3.113530e-03  
   2.2488301  1.053982e+00  3.749658e-03  1.053997e+00  3.749939e-03  9.729133e-01  3.203828e-03  
   2.2698300  1.061879e+00  3.863209e-03  1.061895e+00  3.863506e-03  9.796467e-01  3.298934e-03  
   2.2908299  1.070002e+00  3.982668e-03  1.070018e+00  3.982981e-03  9.865642e-01  3.399263e-03  
   2.3118300  1.078360e+00  4.108511e-03  1.078376e+00  4.108844e-03  9.936716e-01  3.505248e-03  
   2.3328300  1.086961e+00  4.241252e-03  1.086979e+00  4.241604e-03  1.000978e+00  3.617346e-03  
   2.3528299  1.095391e+00  4.374599e-03  1.095409e+00  4.374973e-03  1.008126e+00  3.730239e-03  
   2.3738301  1.104502e+00  4.522474e-03  1.104521e+00  4.522870e-03  1.015842e+00  3.855715e-03  
   2.3948300  1.113891e+00  4.679060e-03  1.113910e+00  4.679480e-03  1.023781e+00  3.988847e-03  
   2.4158299  1.123572e+00  4.845097e-03  1.123593e+00  4.845544e-03  1.031953e+00  4.130243e-03  
   2.4368300  1.133559e+00  5.021407e-03  1.133580e+00  5.021881e-03  1.040369e+00  4.280566e-03  
   2.4578300  1.143867e+00  5.208903e-03  1.143889e+00  5.209405e-03  1.049040e+00  4.440554e-03  
   2.4778299  1.153998e+00  5.398817e-03  1.154021e+00  5.399349e-03  1.057545e+00  4.602667e-03  
   2.4988301  1.164982e+00  5.611266e-03  1.165006e+00  5.611834e-03  1.066749e+00  4.784022e-03  
   2.5204301  1.176671e+00  5.845121e-03  1.176696e+00  5.845728e-03  1.076524e+00  4.983573e-03  
   2.5404301  1.187869e+00  6.076981e-03  1.187895e+00  6.077628e-03  1.085867e+00  5.181277e-03  
   2.5614300  1.200035e+00  6.338072e-03  1.200062e+00  6.338765e-03  1.095995e+00  5.403660e-03  
   2.5824299  1.212647e+00  6.619386e-03  1.212675e+00  6.620131e-03  1.106467e+00  5.642870e-03  
   2.6034300  1.225734e+00  6.923582e-03  1.225763e+00  6.924384e-03  1.117305e+00  5.900944e-03  
   2.6244299  1.239326e+00  7.253918e-03  1.239357e+00  7.254784e-03  1.128530e+00  6.180311e-03  
   2.6444299  1.252774e+00  7.596591e-03  1.252807e+00  7.597520e-03  1.139603e+00  6.468899e-03  
   2.6654301  1.267462e+00  7.990902e-03  1.267495e+00  7.991912e-03  1.151656e+00  6.799100e-03  
   2.6864300  1.282772e+00  8.427259e-03  1.282807e+00  8.428356e-03  1.164176e+00  7.161673e-03  
   2.7074299  1.298756e+00  8.914676e-03  1.298792e+00  8.915875e-03  1.177197e+00  7.562482e-03  
   2.7284300  1.315470e+00  9.465228e-03  1.315508e+00  9.466546e-03  1.190755e+00  8.009056e-03  
   2.7494299  1.332977e+00  1.009524e-02  1.333017e+00  1.009670e-02  1.204891e+00  8.511123e-03  
   2.7694299  1.350453e+00  1.078934e-02  1.350495e+00  1.079095e-02  1.218932e+00  9.052433e-03  
   2.7904301  1.369724e+00  1.164567e-02  1.369769e+00  1.164748e-02  1.234331e+00  9.702826e-03  
   2.8114300  1.390027e+00  1.267230e-02  1.390075e+00  1.267437e-02  1.250458e+00  1.045803e-02  
   2.8324299  1.411463e+00  1.392325e-02  1.411514e+00  1.392565e-02  1.267375e+00  1.134532e-02  
   2.8534300  1.434143e+00  1.547042e-02  1.434197e+00  1.547324e-02  1.285149e+00  1.239978e-02  
   2.8744299  1.458187e+00  1.740823e-02  1.458244e+00  1.741159e-02  1.303857e+00  1.366622e-02  
   2.8944299  1.482469e+00  1.972844e-02  1.482528e+00  1.973249e-02  1.322614e+00  1.512141e-02  
   2.9154301  1.509541e+00  2.281174e-02  1.509604e+00  2.281675e-02  1.343382e+00  1.697950e-02  
   2.9370301  1.539201e+00  2.687491e-02  1.539268e+00  2.688121e-02  1.365985e+00  1.933609e-02  
   2.9570301  1.568412e+00  3.166445e-02  1.568484e+00  3.167232e-02  1.388125e+00  2.202441e-02  
   2.9780300  1.600984e+00  3.803037e-02  1.601060e+00  3.804035e-02  1.412717e+00  2.550266e-02  
   2.9990301  1.635563e+00  4.609047e-02  1.635644e+00  4.610313e-02  1.438780e+00  2.981477e-02  
   3.0200300  1.672163e+00  5.621935e-02  1.672248e+00  5.623542e-02  1.466397e+00  3.515830e-02  
   3.0410299  1.710735e+00  6.883159e-02  1.710825e+00  6.885185e-02  1.495635e+00  4.176739e-02  
   3.0610299  1.749190e+00  8.355725e-02  1.749284e+00  8.358236e-02  1.525028e+00  4.948751e-02  
   3.0820301  1.791165e+00  1.023066e-01  1.791263e+00  1.023378e-01  1.557522e+00  5.938923e-02  
   3.1030300  1.834467e+00  1.248637e-01  1.834567e+00  1.249020e-01  1.591646e+00  7.147139e-02  
   3.1240301  1.878673e+00  1.516440e-01  1.878777e+00  1.516905e-01  1.627303e+00  8.611168e-02  
   3.1450300  1.923257e+00  1.830001e-01  1.923360e+00  1.830558e-01  1.664315e+00  1.037080e-01  
   3.1660299  1.967594e+00  2.191949e-01  1.967696e+00  2.192608e-01  1.702421e+00  1.246650e-01  
   3.1860299  2.008946e+00  2.582977e-01  2.009047e+00  2.583740e-01  1.739406e+00  1.481070e-01  
   3.2070301  2.050725e+00  3.042239e-01  2.050821e+00  3.043118e-01  1.778531e+00  1.767196e-01  
   3.2280300  2.090059e+00  3.549871e-01  2.090150e+00  3.550869e-01  1.817413e+00  2.097154e-01  
   3.2490301  2.126190e+00  4.102735e-01  2.126274e+00  4.103853e-01  1.855413e+00  2.472957e-01  
   3.2700300  2.158424e+00  4.696062e-01  2.158498e+00  4.697298e-01  1.891826e+00  2.895398e-01  
   3.2910299  2.186158e+00  5.323656e-01  2.186223e+00  5.325006e-01  1.925899e+00  3.363822e-01  
   3.3110299  2.207966e+00  5.946491e-01  2.208021e+00  5.947941e-01  1.955483e+00  3.850605e-01  
   3.3320301  2.225731e+00  6.619033e-01  2.225774e+00  6.620575e-01  1.982833e+00  4.400575e-01  
   3.3536301  2.238382e+00  7.321814e-01  2.238416e+00  7.323443e-01  2.006320e+00  5.001835e-01  
   3.3736300  2.245053e+00  7.974636e-01  2.245078e+00  7.976331e-01  2.023359e+00  5.583894e-01  
   3.3946300  2.247041e+00  8.654679e-01  2.247058e+00  8.656430e-01  2.036005e+00  6.212925e-01  
   3.4156301  2.244238e+00  9.322419e-01  2.244246e+00  9.324211e-01  2.043077e+00  6.850888e-01  
   3.4366300  2.237102e+00  9.972220e-01  2.237105e+00  9.974045e-01  2.044574e+00  7.487784e-01  
   3.4576299  2.226163e+00  1.059994e+00  2.226163e+00  1.060178e+00  2.040704e+00  8.113744e-01  
   3.4776299  2.212722e+00  1.117482e+00  2.212719e+00  1.117667e+00  2.032402e+00  8.691290e-01  
   3.4986300  2.195955e+00  1.175315e+00  2.195951e+00  1.175499e+00  2.019396e+00  9.270453e-01  
   3.5196300  2.176966e+00  1.230557e+00  2.176962e+00  1.230739e+00  2.002706e+00  9.815392e-01  
   3.5406301  2.156187e+00  1.283305e+00  2.156182e+00  1.283485e+00  1.983151e+00  1.032175e+00  
   3.5616300  2.133963e+00  1.333718e+00  2.133958e+00  1.333893e+00  1.961586e+00  1.078735e+00  
   3.5826299  2.110559e+00  1.381984e+00  2.110553e+00  1.382154e+00  1.938853e+00  1.121228e+00  
   3.6026299  2.087343e+00  1.426125e+00  2.087337e+00  1.426290e+00  1.916829e+00  1.158117e+00  
   3.6236300  2.062121e+00  1.470705e+00  2.062112e+00  1.470863e+00  1.893952e+00  1.193467e+00  
   3.6446300  2.036127e+00  1.513578e+00  2.036114e+00  1.513728e+00  1.871842e+00  1.225867e+00  
   3.6656301  2.009448e+00  1.554797e+00  2.009430e+00  1.554938e+00  1.850856e+00  1.255916e+00  
   3.6866300  1.982194e+00  1.594357e+00  1.982170e+00  1.594489e+00  1.831189e+00  1.284231e+00  
   3.7076299  1.954511e+00  1.632212e+00  1.954479e+00  1.632334e+00  1.812878e+00  1.311389e+00  
   3.7276299  1.927933e+00  1.666610e+00  1.927894e+00  1.666724e+00  1.796623e+00  1.336626e+00  
   3.7486300  1.900061e+00  1.700920e+00  1.900015e+00  1.701025e+00  1.780635e+00  1.362821e+00  
   3.7702301  1.871780e+00  1.734226e+00  1.871726e+00  1.734323e+00  1.765137e+00  1.389675e+00  
   3.7902300  1.846310e+00  1.763272e+00  1.846250e+00  1.763362e+00  1.751458e+00  1.414545e+00  
   3.8112299  1.820734e+00  1.791995e+00  1.820669e+00  1.792079e+00  1.737656e+00  1.440640e+00  
   3.8322301  1.796808e+00  1.819084e+00  1.796738e+00  1.819165e+00  1.724373e+00  1.466604e+00  
   3.8532300  1.774991e+00  1.844846e+00  1.774919e+00  1.844924e+00  1.711661e+00  1.492290e+00  
   3.8742299  1.755705e+00  1.869724e+00  1.755634e+00  1.869803e+00  1.699687e+00  1.517563e+00  
   3.8942299  1.740017e+00  1.893131e+00  1.739947e+00  1.893211e+00  1.689207e+00  1.541180e+00  
   3.9152300  1.726595e+00  1.918087e+00  1.726529e+00  1.918171e+00  1.679496e+00  1.565530e+00  
   3.9362299  1.716408e+00  1.944253e+00  1.716346e+00  1.944341e+00  1.671479e+00  1.589587e+00  
   3.9572301  1.709395e+00  1.972549e+00  1.709339e+00  1.972644e+00  1.665524e+00  1.613680e+00  
   3.9782300  1.705291e+00  2.003955e+00  1.705241e+00  2.004057e+00  1.661943e+00  1.638300e+00  
   3.9992299  1.703609e+00  2.039456e+00  1.703566e+00  2.039567e+00  1.660944e+00  1.664099e+00  
   4.0192299  1.703606e+00  2.077941e+00  1.703569e+00  2.078061e+00  1.662447e+00  1.690484e+00  
   4.0402298  1.704374e+00  2.124071e+00  1.704342e+00  2.124203e+00  1.666481e+00  1.720948e+00  
   4.0612302  1.704800e+00  2.176747e+00  1.704770e+00  2.176890e+00  1.672691e+00  1.755172e+00  
   4.0822301  1.703551e+00  2.236449e+00  1.703522e+00  2.236603e+00  1.680493e+00  1.794112e+00  
   4.1032300  1.699160e+00  2.303406e+00  1.699126e+00  2.303569e+00  1.689050e+00  1.838677e+00  
   4.1242299  1.690079e+00  2.377556e+00  1.690038e+00  2.377729e+00  1.697278e+00  1.889669e+00  
   4.1442299  1.675638e+00  2.454527e+00  1.675585e+00  2.454707e+00  1.703608e+00  1.944782e+00  
   4.1652298  1.652940e+00  2.541368e+00  1.652871e+00  2.541553e+00  1.707224e+00  2.009917e+00  
   4.1868300  1.620094e+00  2.636119e+00  1.620003e+00  2.636307e+00  1.705982e+00  2.084795e+00  
   4.2068300  1.579949e+00  2.727597e+00  1.579833e+00  2.727787e+00  1.698713e+00  2.161046e+00  
   4.2278299  1.526759e+00  2.826103e+00  1.526615e+00  2.826289e+00  1.683039e+00  2.247691e+00  
   4.2488298  1.461547e+00  2.925498e+00  1.461369e+00  2.925681e+00  1.657472e+00  2.340103e+00  
   4.2698302  1.383868e+00  3.024009e+00  1.383654e+00  3.024182e+00  1.620497e+00  2.436901e+00  
   4.2908301  1.293583e+00  3.119766e+00  1.293331e+00  3.119929e+00  1.570866e+00  2.536316e+00  
   4.3108301  1.196017e+00  3.206677e+00  1.195727e+00  3.206832e+00  1.511015e+00  2.631526e+00  
   4.3318300  1.081833e+00  3.291629e+00  1.081504e+00  3.291771e+00  1.434515e+00  2.729805e+00  
   4.3528299  9.563177e-01  3.368319e+00  9.559515e-01  3.368450e+00  1.344054e+00  2.823897e+00  
   4.3738298  8.204267e-01  3.435005e+00  8.200241e-01  3.435127e+00  1.240190e+00  2.911264e+00  
   4.3948302  6.753421e-01  3.490057e+00  6.749071e-01  3.490169e+00  1.124011e+00  2.989448e+00  
   4.4158301  5.224704e-01  3.531986e+00  5.220078e-01  3.532090e+00  9.971184e-01  3.056197e+00  
   4.4358301  3.710945e-01  3.558524e+00  3.706107e-01  3.558624e+00  8.681613e-01  3.107381e+00  
   4.4568300  2.077813e-01  3.571266e+00  2.072815e-01  3.571362e+00  7.265239e-01  3.146679e+00  
   4.4778299  4.189623e-02  3.567677e+00  4.138749e-02  3.567773e+00  5.810561e-01  3.170203e+00  
   4.4988298  -1.244867e-01  3.547193e+00  -1.249975e-01  3.547292e+00  4.344493e-01  3.177511e+00  
   4.5198302  -2.891885e-01  3.509584e+00  -2.896940e-01  3.509687e+00  2.893495e-01  3.168719e+00  
   4.5408301  -4.499513e-01  3.454999e+00  -4.504452e-01  3.455107e+00  1.482438e-01  3.144480e+00  
   4.5608301  -5.973325e-01  3.387731e+00  -5.978102e-01  3.387846e+00  1.958327e-02  3.108058e+00  
   4.5818300  -7.439525e-01  3.301982e+00  -7.444088e-01  3.302105e+00  -1.077255e-01  3.057256e+00  
   4.6034298  -8.839324e-01  3.199076e+00  -8.843638e-01  3.199208e+00  -2.288690e-01  2.993429e+00  
   4.6234298  -1.002028e+00  3.092172e+00  -1.002435e+00  3.092313e+00  -3.312366e-01  2.925699e+00  
   4.6444302  -1.112628e+00  2.969976e+00  -1.113010e+00  2.970128e+00  -4.280141e-01  2.847610e+00  
   4.6654301  -1.208371e+00  2.839982e+00  -1.208731e+00  2.840144e+00  -5.136209e-01  2.764343e+00  
   4.6864300  -1.288564e+00  2.704785e+00  -1.288905e+00  2.704957e+00  -5.881849e-01  2.677778e+00  
   4.7074299  -1.352993e+00  2.567050e+00  -1.353321e+00  2.567231e+00  -6.520945e-01  2.589633e+00  
   4.7274299  -1.399942e+00  2.435897e+00  -1.400263e+00  2.436086e+00  -7.035883e-01  2.505598e+00  
   4.7484298  -1.434791e+00  2.300544e+00  -1.435110e+00  2.300741e+00  -7.485000e-01  2.418511e+00  
   4.7694302  -1.455926e+00  2.169728e+00  -1.456249e+00  2.169931e+00  -7.848113e-01  2.333649e+00  
   4.7904301  -1.464755e+00  2.045256e+00  -1.465086e+00  2.045462e+00  -8.133465e-01  2.251864e+00  
   4.8114300  -1.462892e+00  1.928527e+00  -1.463237e+00  1.928733e+00  -8.349356e-01  2.173804e+00  
   4.8324299  -1.452065e+00  1.820523e+00  -1.452427e+00  1.820727e+00  -8.503879e-01  2.099933e+00  
   4.8524299  -1.435007e+00  1.726305e+00  -1.435388e+00  1.726504e+00  -8.601092e-01  2.033756e+00  
   4.8734298  -1.411613e+00  1.636663e+00  -1.412014e+00  1.636854e+00  -8.657741e-01  1.968821e+00  
   4.8944302  -1.384113e+00  1.556444e+00  -1.384535e+00  1.556625e+00  -8.674591e-01  1.908604e+00  
   4.9154301  -1.353872e+00  1.485315e+00  -1.354313e+00  1.485482e+00  -8.657945e-01  1.853068e+00  
   4.9364300  -1.322053e+00  1.422752e+00  -1.322512e+00  1.422902e+00  -8.613564e-01  1.802097e+00  
   4.9574299  -1.289617e+00  1.368109e+00  -1.290092e+00  1.368241e+00  -8.546649e-01  1.755515e+00  
   4.9774299  -1.258855e+00  1.322777e+00  -1.259341e+00  1.322891e+00  -8.466224e-01  1.715030e+00  
   4.9984298  -1.227255e+00  1.281509e+00  -1.227751e+00  1.281603e+00  -8.368179e-01  1.676349e+00  
