w Re-xx Im-xx Re-yy Im-yy Re-zz Im-zz
# Gaussian absolute broadening  0.15 [eV]
   0.0000000  7.684375e-01  8.834191e-05  7.684441e-01  8.835687e-05  7.254915e-01  7.892857e-05  
   0.0200000  7.685373e-01  9.454825e-05  7.685440e-01  9.456384e-05  7.255808e-01  8.447131e-05  
   0.0410000  7.686563e-01  1.016206e-04  7.686630e-01  1.016368e-04  7.256870e-01  9.078722e-05  
   0.0620000  7.687917e-01  1.092985e-04  7.687984e-01  1.093152e-04  7.258076e-01  9.764358e-05  
   0.0830000  7.689452e-01  1.176157e-04  7.689520e-01  1.176329e-04  7.259449e-01  1.050706e-04  
   0.1040000  7.691195e-01  1.266017e-04  7.691262e-01  1.266193e-04  7.261009e-01  1.130943e-04  
   0.1240000  7.693064e-01  1.358028e-04  7.693130e-01  1.358208e-04  7.262676e-01  1.213098e-04  
   0.1450000  7.695268e-01  1.461544e-04  7.695336e-01  1.461726e-04  7.264649e-01  1.305518e-04  
   0.1660000  7.697745e-01  1.572195e-04  7.697811e-01  1.572379e-04  7.266859e-01  1.404302e-04  
   0.1870000  7.700515e-01  1.689948e-04  7.700582e-01  1.690131e-04  7.269331e-01  1.509417e-04  
   0.2080000  7.703593e-01  1.814656e-04  7.703662e-01  1.814839e-04  7.272083e-01  1.620732e-04  
   0.2290000  7.707003e-01  1.946067e-04  7.707072e-01  1.946248e-04  7.275131e-01  1.738018e-04  
   0.2490000  7.710572e-01  2.077130e-04  7.710641e-01  2.077310e-04  7.278317e-01  1.854980e-04  
   0.2700000  7.714671e-01  2.220532e-04  7.714738e-01  2.220709e-04  7.281976e-01  1.982938e-04  
   0.2910000  7.719137e-01  2.369369e-04  7.719206e-01  2.369542e-04  7.285962e-01  2.115728e-04  
   0.3120000  7.723980e-01  2.523104e-04  7.724048e-01  2.523274e-04  7.290290e-01  2.252866e-04  
   0.3330000  7.729203e-01  2.681186e-04  7.729272e-01  2.681353e-04  7.294952e-01  2.393857e-04  
   0.3540000  7.734812e-01  2.843079e-04  7.734881e-01  2.843243e-04  7.299960e-01  2.538223e-04  
   0.3740000  7.740512e-01  3.000355e-04  7.740580e-01  3.000518e-04  7.305048e-01  2.678441e-04  
   0.3950000  7.746871e-01  3.168310e-04  7.746941e-01  3.168471e-04  7.310727e-01  2.828148e-04  
   0.4160000  7.753615e-01  3.338777e-04  7.753685e-01  3.338937e-04  7.316745e-01  2.980056e-04  
   0.4374300  7.760898e-01  3.515004e-04  7.760968e-01  3.515163e-04  7.323245e-01  3.137057e-04  
   0.4574300  7.768049e-01  3.681312e-04  7.768120e-01  3.681470e-04  7.329627e-01  3.285181e-04  
   0.4784300  7.775933e-01  3.857678e-04  7.776003e-01  3.857836e-04  7.336663e-01  3.442217e-04  
   0.4994300  7.784197e-01  4.035711e-04  7.784271e-01  4.035868e-04  7.344037e-01  3.600688e-04  
   0.5204300  7.792848e-01  4.215339e-04  7.792918e-01  4.215495e-04  7.351750e-01  3.760527e-04  
   0.5414300  7.801876e-01  4.396526e-04  7.801951e-01  4.396683e-04  7.359808e-01  3.921700e-04  
   0.5614300  7.810838e-01  4.570531e-04  7.810911e-01  4.570688e-04  7.367801e-01  4.076432e-04  
   0.5824300  7.820628e-01  4.754777e-04  7.820700e-01  4.754936e-04  7.376531e-01  4.240212e-04  
   0.6034300  7.830802e-01  4.940633e-04  7.830876e-01  4.940793e-04  7.385606e-01  4.405361e-04  
   0.6244300  7.841375e-01  5.128149e-04  7.841451e-01  5.128314e-04  7.395031e-01  4.571921e-04  
   0.6454300  7.852345e-01  5.317382e-04  7.852418e-01  5.317552e-04  7.404809e-01  4.739939e-04  
   0.6664300  7.863715e-01  5.508392e-04  7.863790e-01  5.508567e-04  7.414944e-01  4.909469e-04  
   0.6864300  7.874914e-01  5.692018e-04  7.874991e-01  5.692201e-04  7.424924e-01  5.072375e-04  
   0.7074300  7.887076e-01  5.886693e-04  7.887151e-01  5.886889e-04  7.435762e-01  5.245012e-04  
   0.7284300  7.899646e-01  6.083350e-04  7.899722e-01  6.083556e-04  7.446958e-01  5.419329e-04  
   0.7494300  7.912632e-01  6.282065e-04  7.912711e-01  6.282285e-04  7.458526e-01  5.595393e-04  
   0.7704300  7.926034e-01  6.482911e-04  7.926115e-01  6.483148e-04  7.470465e-01  5.773262e-04  
   0.7914300  7.939864e-01  6.685974e-04  7.939943e-01  6.686227e-04  7.482780e-01  5.953007e-04  
   0.8114300  7.953431e-01  6.881501e-04  7.953508e-01  6.881770e-04  7.494858e-01  6.125997e-04  
   0.8324300  7.968097e-01  7.089128e-04  7.968177e-01  7.089416e-04  7.507910e-01  6.309602e-04  
   0.8540300  7.983646e-01  7.305270e-04  7.983725e-01  7.305577e-04  7.521747e-01  6.500639e-04  
   0.8740300  7.998456e-01  7.507820e-04  7.998537e-01  7.508146e-04  7.534928e-01  6.679570e-04  
   0.8950300  8.014447e-01  7.723098e-04  8.014529e-01  7.723439e-04  7.549152e-01  6.869638e-04  
   0.9160300  8.030894e-01  7.941136e-04  8.030974e-01  7.941494e-04  7.563778e-01  7.062042e-04  
   0.9370300  8.047796e-01  8.162042e-04  8.047882e-01  8.162413e-04  7.578811e-01  7.256865e-04  
   0.9580300  8.065171e-01  8.385921e-04  8.065254e-01  8.386304e-04  7.594253e-01  7.454195e-04  
   0.9780300  8.082157e-01  8.602011e-04  8.082241e-01  8.602404e-04  7.609352e-01  7.644547e-04  
   0.9990300  8.100461e-01  8.832023e-04  8.100547e-01  8.832421e-04  7.625615e-01  7.847047e-04  
   1.0200300  8.119251e-01  9.065346e-04  8.119337e-01  9.065753e-04  7.642310e-01  8.052337e-04  
   1.0410300  8.138536e-01  9.302102e-04  8.138625e-01  9.302514e-04  7.659439e-01  8.260513e-04  
   1.0620300  8.158329e-01  9.542400e-04  8.158418e-01  9.542818e-04  7.677011e-01  8.471683e-04  
   1.0830300  8.178627e-01  9.786384e-04  8.178715e-01  9.786808e-04  7.695029e-01  8.685941e-04  
   1.1030300  8.198437e-01  1.002228e-03  8.198527e-01  1.002270e-03  7.712609e-01  8.892962e-04  
   1.1240300  8.219751e-01  1.027380e-03  8.219843e-01  1.027422e-03  7.731519e-01  9.113564e-04  
   1.1450300  8.241597e-01  1.052938e-03  8.241688e-01  1.052981e-03  7.750894e-01  9.337576e-04  
   1.1660300  8.263983e-01  1.078917e-03  8.264077e-01  1.078961e-03  7.770745e-01  9.565118e-04  
   1.1870300  8.286920e-01  1.105330e-03  8.287016e-01  1.105375e-03  7.791077e-01  9.796300e-04  
   1.2080300  8.310418e-01  1.132194e-03  8.310514e-01  1.132240e-03  7.811899e-01  1.003126e-03  
   1.2280300  8.333317e-01  1.158210e-03  8.333415e-01  1.158257e-03  7.832187e-01  1.025865e-03  
   1.2490300  8.357928e-01  1.185998e-03  8.358029e-01  1.186047e-03  7.853982e-01  1.050135e-03  
   1.2706300  8.383861e-01  1.215101e-03  8.383961e-01  1.215152e-03  7.876939e-01  1.075535e-03  
   1.2906300  8.408432e-01  1.242537e-03  8.408534e-01  1.242588e-03  7.898686e-01  1.099460e-03  
   1.3116300  8.434832e-01  1.271868e-03  8.434931e-01  1.271921e-03  7.922039e-01  1.125020e-03  
   1.3326300  8.461846e-01  1.301755e-03  8.461950e-01  1.301810e-03  7.945932e-01  1.151044e-03  
   1.3536299  8.489497e-01  1.332218e-03  8.489602e-01  1.332276e-03  7.970376e-01  1.177549e-03  
   1.3746300  8.517793e-01  1.363281e-03  8.517899e-01  1.363340e-03  7.995384e-01  1.204552e-03  
   1.3946300  8.545359e-01  1.393442e-03  8.545466e-01  1.393503e-03  8.019735e-01  1.230750e-03  
   1.4156300  8.574954e-01  1.425739e-03  8.575063e-01  1.425803e-03  8.045872e-01  1.258782e-03  
   1.4366300  8.605238e-01  1.458704e-03  8.605350e-01  1.458771e-03  8.072603e-01  1.287368e-03  
   1.4576300  8.636227e-01  1.492363e-03  8.636338e-01  1.492431e-03  8.099943e-01  1.316531e-03  
   1.4786299  8.667930e-01  1.526740e-03  8.668045e-01  1.526811e-03  8.127909e-01  1.346290e-03  
   1.4996300  8.700365e-01  1.561864e-03  8.700480e-01  1.561938e-03  8.156504e-01  1.376667e-03  
   1.5196300  8.731944e-01  1.596034e-03  8.732063e-01  1.596110e-03  8.184336e-01  1.406194e-03  
   1.5406300  8.765851e-01  1.632697e-03  8.765971e-01  1.632775e-03  8.214202e-01  1.437846e-03  
   1.5616300  8.800535e-01  1.670193e-03  8.800656e-01  1.670274e-03  8.244739e-01  1.470186e-03  
   1.5826300  8.836016e-01  1.708554e-03  8.836140e-01  1.708637e-03  8.275963e-01  1.503241e-03  
   1.6036299  8.872311e-01  1.747814e-03  8.872434e-01  1.747899e-03  8.307889e-01  1.537038e-03  
   1.6246300  8.909438e-01  1.788008e-03  8.909563e-01  1.788096e-03  8.340529e-01  1.571605e-03  
   1.6446300  8.945584e-01  1.827191e-03  8.945715e-01  1.827282e-03  8.372297e-01  1.605270e-03  
   1.6656300  8.984392e-01  1.869319e-03  8.984524e-01  1.869413e-03  8.406380e-01  1.641429e-03  
   1.6872300  9.025248e-01  1.913750e-03  9.025380e-01  1.913846e-03  8.442244e-01  1.679526e-03  
   1.7072300  9.063935e-01  1.955924e-03  9.064069e-01  1.956022e-03  8.476190e-01  1.715650e-03  
   1.7282300  9.105476e-01  2.001321e-03  9.105613e-01  2.001421e-03  8.512618e-01  1.754497e-03  
   1.7492300  9.147981e-01  2.047909e-03  9.148126e-01  2.048013e-03  8.549870e-01  1.794323e-03  
   1.7702301  9.191479e-01  2.095743e-03  9.191624e-01  2.095849e-03  8.587971e-01  1.835170e-03  
   1.7912300  9.235997e-01  2.144878e-03  9.236141e-01  2.144987e-03  8.626939e-01  1.877084e-03  
   1.8112299  9.279367e-01  2.192935e-03  9.279513e-01  2.193049e-03  8.664883e-01  1.918040e-03  
   1.8322300  9.325953e-01  2.244784e-03  9.326103e-01  2.244901e-03  8.705616e-01  1.962180e-03  
   1.8532300  9.373644e-01  2.298120e-03  9.373800e-01  2.298240e-03  8.747292e-01  2.007542e-03  
   1.8742300  9.422478e-01  2.353015e-03  9.422634e-01  2.353140e-03  8.789935e-01  2.054182e-03  
   1.8952301  9.472482e-01  2.409546e-03  9.472643e-01  2.409676e-03  8.833573e-01  2.102163e-03  
   1.9162300  9.523697e-01  2.467796e-03  9.523863e-01  2.467930e-03  8.878228e-01  2.151553e-03  
   1.9362299  9.573618e-01  2.524948e-03  9.573787e-01  2.525089e-03  8.921735e-01  2.199967e-03  
   1.9572300  9.627284e-01  2.586817e-03  9.627456e-01  2.586963e-03  8.968469e-01  2.252323e-03  
   1.9782300  9.682274e-01  2.650690e-03  9.682446e-01  2.650843e-03  9.016315e-01  2.306323e-03  
   1.9992300  9.738611e-01  2.716684e-03  9.738787e-01  2.716844e-03  9.065302e-01  2.362060e-03  
   2.0202301  9.796358e-01  2.784926e-03  9.796535e-01  2.785094e-03  9.115473e-01  2.419643e-03  
   2.0412300  9.855543e-01  2.855557e-03  9.855725e-01  2.855733e-03  9.166858e-01  2.479184e-03  
   2.0612299  9.913293e-01  2.925187e-03  9.913482e-01  2.925371e-03  9.216954e-01  2.537830e-03  
   2.0822301  9.975441e-01  3.000945e-03  9.975632e-01  3.001140e-03  9.270822e-01  2.601587e-03  
   2.1038301  1.004104e+00  3.081897e-03  1.004123e+00  3.082101e-03  9.327617e-01  2.669662e-03  
   2.1238301  1.010333e+00  3.159788e-03  1.010352e+00  3.160001e-03  9.381513e-01  2.735120e-03  
   2.1448300  1.017040e+00  3.244841e-03  1.017061e+00  3.245065e-03  9.439496e-01  2.806557e-03  
   2.1658299  1.023925e+00  3.333496e-03  1.023946e+00  3.333732e-03  9.498954e-01  2.880989e-03  
   2.1868300  1.030995e+00  3.426046e-03  1.031017e+00  3.426295e-03  9.559947e-01  2.958667e-03  
   2.2078300  1.038257e+00  3.522803e-03  1.038278e+00  3.523068e-03  9.622529e-01  3.039866e-03  
   2.2278299  1.045357e+00  3.619193e-03  1.045380e+00  3.619469e-03  9.683666e-01  3.120751e-03  
   2.2488301  1.053015e+00  3.725216e-03  1.053038e+00  3.725508e-03  9.749523e-01  3.209730e-03  
   2.2698300  1.060887e+00  3.836588e-03  1.060911e+00  3.836898e-03  9.817157e-01  3.303215e-03  
   2.2908299  1.068983e+00  3.953768e-03  1.069007e+00  3.954093e-03  9.886636e-01  3.401608e-03  
   2.3118300  1.077313e+00  4.077258e-03  1.077338e+00  4.077600e-03  9.958034e-01  3.505343e-03  
   2.3328300  1.085887e+00  4.207594e-03  1.085913e+00  4.207958e-03  1.003143e+00  3.614893e-03  
   2.3528299  1.094288e+00  4.338632e-03  1.094314e+00  4.339015e-03  1.010326e+00  3.725108e-03  
   2.3738301  1.103368e+00  4.484090e-03  1.103395e+00  4.484496e-03  1.018078e+00  3.847557e-03  
   2.3948300  1.112725e+00  4.638290e-03  1.112753e+00  4.638720e-03  1.026056e+00  3.977499e-03  
   2.4158299  1.122372e+00  4.801989e-03  1.122400e+00  4.802442e-03  1.034270e+00  4.115627e-03  
   2.4368300  1.132322e+00  4.976010e-03  1.132351e+00  4.976491e-03  1.042729e+00  4.262694e-03  
   2.4578300  1.142591e+00  5.161268e-03  1.142622e+00  5.161778e-03  1.051446e+00  4.419541e-03  
   2.4778299  1.152683e+00  5.349074e-03  1.152715e+00  5.349615e-03  1.059998e+00  4.578867e-03  
   2.4988301  1.163624e+00  5.559298e-03  1.163655e+00  5.559873e-03  1.069254e+00  4.757619e-03  
   2.5204301  1.175266e+00  5.790789e-03  1.175299e+00  5.791402e-03  1.079085e+00  4.954950e-03  
   2.5404301  1.186416e+00  6.020306e-03  1.186450e+00  6.020962e-03  1.088482e+00  5.151105e-03  
   2.5614300  1.198530e+00  6.278689e-03  1.198565e+00  6.279390e-03  1.098670e+00  5.372463e-03  
   2.5824299  1.211085e+00  6.556896e-03  1.211121e+00  6.557650e-03  1.109207e+00  5.611342e-03  
   2.6034300  1.224110e+00  6.857424e-03  1.224147e+00  6.858234e-03  1.120112e+00  5.869822e-03  
   2.6244299  1.237636e+00  7.183315e-03  1.237675e+00  7.184186e-03  1.131408e+00  6.150340e-03  
   2.6444299  1.251017e+00  7.520780e-03  1.251056e+00  7.521718e-03  1.142553e+00  6.440696e-03  
   2.6654301  1.265626e+00  7.908285e-03  1.265668e+00  7.909298e-03  1.154685e+00  6.773360e-03  
   2.6864300  1.280852e+00  8.336004e-03  1.280895e+00  8.337107e-03  1.167288e+00  7.138848e-03  
   2.7074299  1.296744e+00  8.812365e-03  1.296789e+00  8.813566e-03  1.180397e+00  7.542735e-03  
   2.7284300  1.313358e+00  9.348642e-03  1.313404e+00  9.349954e-03  1.194047e+00  7.992135e-03  
   2.7494299  1.330755e+00  9.960067e-03  1.330804e+00  9.961510e-03  1.208279e+00  8.496169e-03  
   2.7694299  1.348118e+00  1.063113e-02  1.348168e+00  1.063274e-02  1.222418e+00  9.037834e-03  
   2.7904301  1.367258e+00  1.145584e-02  1.367311e+00  1.145765e-02  1.237927e+00  9.686027e-03  
   2.8114300  1.387419e+00  1.244076e-02  1.387474e+00  1.244283e-02  1.254170e+00  1.043519e-02  
   2.8324299  1.408701e+00  1.363666e-02  1.408759e+00  1.363908e-02  1.271212e+00  1.131116e-02  
   2.8534300  1.431213e+00  1.511136e-02  1.431274e+00  1.511424e-02  1.289124e+00  1.234742e-02  
   2.8744299  1.455076e+00  1.695419e-02  1.455140e+00  1.695768e-02  1.307983e+00  1.358707e-02  
   2.8944299  1.479174e+00  1.915743e-02  1.479241e+00  1.916170e-02  1.326901e+00  1.500726e-02  
   2.9154301  1.506040e+00  2.208319e-02  1.506111e+00  2.208854e-02  1.347857e+00  1.681723e-02  
   2.9370301  1.535478e+00  2.593875e-02  1.535553e+00  2.594556e-02  1.370681e+00  1.911099e-02  
   2.9570301  1.564476e+00  3.048641e-02  1.564556e+00  3.049500e-02  1.393054e+00  2.172858e-02  
   2.9780300  1.596820e+00  3.653777e-02  1.596904e+00  3.654876e-02  1.417927e+00  2.511982e-02  
   2.9990301  1.631172e+00  4.421173e-02  1.631261e+00  4.422576e-02  1.444308e+00  2.933303e-02  
   3.0200300  1.667550e+00  5.387378e-02  1.667645e+00  5.389163e-02  1.472287e+00  3.456803e-02  
   3.0410299  1.705914e+00  6.593052e-02  1.706013e+00  6.595302e-02  1.501933e+00  4.106231e-02  
   3.0610299  1.744188e+00  8.003908e-02  1.744293e+00  8.006692e-02  1.531757e+00  4.867115e-02  
   3.0820301  1.786000e+00  9.804486e-02  1.786111e+00  9.807934e-02  1.564748e+00  5.845876e-02  
   3.1030300  1.829173e+00  1.197606e-01  1.829288e+00  1.198027e-01  1.599410e+00  7.043479e-02  
   3.1240301  1.873292e+00  1.456061e-01  1.873410e+00  1.456569e-01  1.635637e+00  8.498187e-02  
   3.1450300  1.917832e+00  1.759432e-01  1.917954e+00  1.760035e-01  1.673242e+00  1.025019e-01  
   3.1660299  1.962175e+00  2.110488e-01  1.962299e+00  2.111194e-01  1.711950e+00  1.234024e-01  
   3.1860299  2.003580e+00  2.490667e-01  2.003704e+00  2.491476e-01  1.749501e+00  1.468094e-01  
   3.2070301  2.045458e+00  2.938269e-01  2.045583e+00  2.939190e-01  1.789197e+00  1.754038e-01  
   3.2280300  2.084935e+00  3.434238e-01  2.085058e+00  3.435269e-01  1.828606e+00  2.083977e-01  
   3.2490301  2.121246e+00  3.975749e-01  2.121366e+00  3.976884e-01  1.867070e+00  2.459880e-01  
   3.2700300  2.153687e+00  4.558364e-01  2.153802e+00  4.559596e-01  1.903862e+00  2.882498e-01  
   3.2910299  2.181651e+00  5.176221e-01  2.181759e+00  5.177537e-01  1.938213e+00  3.351141e-01  
   3.3110299  2.203689e+00  5.791004e-01  2.203789e+00  5.792388e-01  1.967947e+00  3.838165e-01  
   3.3320301  2.221706e+00  6.456672e-01  2.221797e+00  6.458111e-01  1.995320e+00  4.388453e-01  
   3.3536301  2.234630e+00  7.154378e-01  2.234709e+00  7.155852e-01  2.018671e+00  4.990185e-01  
   3.3736300  2.241567e+00  7.804546e-01  2.241636e+00  7.806041e-01  2.035427e+00  5.572921e-01  
   3.3946300  2.243864e+00  8.484131e-01  2.243922e+00  8.485628e-01  2.047600e+00  6.203070e-01  
   3.4156301  2.241416e+00  9.153952e-01  2.241461e+00  9.155441e-01  2.054010e+00  6.842735e-01  
   3.4366300  2.234703e+00  9.808495e-01  2.234735e+00  9.809957e-01  2.054656e+00  7.482095e-01  
   3.4576299  2.224285e+00  1.044364e+00  2.224303e+00  1.044509e+00  2.049745e+00  8.111410e-01  
   3.4776299  2.211452e+00  1.102807e+00  2.211457e+00  1.102949e+00  2.040285e+00  8.693038e-01  
   3.4986300  2.195467e+00  1.161892e+00  2.195458e+00  1.162032e+00  2.025908e+00  9.277391e-01  
   3.5196300  2.177418e+00  1.218622e+00  2.177396e+00  1.218760e+00  2.007718e+00  9.828309e-01  
   3.5406301  2.157750e+00  1.273064e+00  2.157713e+00  1.273201e+00  1.986568e+00  1.034116e+00  
   3.5616300  2.136803e+00  1.325338e+00  2.136752e+00  1.325474e+00  1.963364e+00  1.081338e+00  
   3.5826299  2.114820e+00  1.375584e+00  2.114756e+00  1.375721e+00  1.939001e+00  1.124460e+00  
   3.6026299  2.093065e+00  1.421673e+00  2.092988e+00  1.421812e+00  1.915483e+00  1.161871e+00  
   3.6236300  2.069444e+00  1.468305e+00  2.069353e+00  1.468446e+00  1.891149e+00  1.197640e+00  
   3.6446300  2.045068e+00  1.513180e+00  2.044966e+00  1.513325e+00  1.867743e+00  1.230283e+00  
   3.6656301  2.019963e+00  1.556294e+00  2.019850e+00  1.556441e+00  1.845660e+00  1.260369e+00  
   3.6866300  1.994179e+00  1.597593e+00  1.994056e+00  1.597742e+00  1.825113e+00  1.288498e+00  
   3.7076299  1.967805e+00  1.636989e+00  1.967673e+00  1.637140e+00  1.806142e+00  1.315249e+00  
   3.7276299  1.942284e+00  1.672649e+00  1.942145e+00  1.672802e+00  1.789455e+00  1.339913e+00  
   3.7486300  1.915287e+00  1.708055e+00  1.915143e+00  1.708208e+00  1.773193e+00  1.365344e+00  
   3.7702301  1.887637e+00  1.742244e+00  1.887491e+00  1.742399e+00  1.757560e+00  1.391292e+00  
   3.7902300  1.862506e+00  1.771904e+00  1.862359e+00  1.772057e+00  1.743846e+00  1.415264e+00  
   3.8112299  1.837049e+00  1.801080e+00  1.836903e+00  1.801233e+00  1.730047e+00  1.440409e+00  
   3.8322301  1.813026e+00  1.828460e+00  1.812882e+00  1.828612e+00  1.716759e+00  1.465467e+00  
   3.8532300  1.790934e+00  1.854381e+00  1.790796e+00  1.854533e+00  1.703991e+00  1.490324e+00  
   3.8742299  1.771246e+00  1.879320e+00  1.771112e+00  1.879472e+00  1.691871e+00  1.514870e+00  
   3.8942299  1.755098e+00  1.902717e+00  1.754971e+00  1.902872e+00  1.681153e+00  1.537892e+00  
   3.9152300  1.741161e+00  1.927616e+00  1.741042e+00  1.927773e+00  1.671079e+00  1.561710e+00  
   3.9362299  1.730471e+00  1.953686e+00  1.730359e+00  1.953848e+00  1.662590e+00  1.585307e+00  
   3.9572301  1.723002e+00  1.981859e+00  1.722899e+00  1.982028e+00  1.656071e+00  1.608974e+00  
   3.9782300  1.718520e+00  2.013113e+00  1.718425e+00  2.013291e+00  1.651865e+00  1.633165e+00  
   3.9992299  1.716558e+00  2.048432e+00  1.716470e+00  2.048622e+00  1.650215e+00  1.658491e+00  
   4.0192299  1.716387e+00  2.086712e+00  1.716304e+00  2.086914e+00  1.651110e+00  1.684357e+00  
   4.0402298  1.717086e+00  2.132586e+00  1.717007e+00  2.132804e+00  1.654559e+00  1.714176e+00  
   4.0612302  1.717548e+00  2.184963e+00  1.717469e+00  2.185197e+00  1.660277e+00  1.747639e+00  
   4.0822301  1.716428e+00  2.244319e+00  1.716347e+00  2.244571e+00  1.667714e+00  1.785697e+00  
   4.1032300  1.712242e+00  2.310893e+00  1.712155e+00  2.311162e+00  1.676067e+00  1.829264e+00  
   4.1242299  1.703423e+00  2.384632e+00  1.703326e+00  2.384917e+00  1.684276e+00  1.879155e+00  
   4.1442299  1.689262e+00  2.461195e+00  1.689153e+00  2.461495e+00  1.690775e+00  1.933148e+00  
   4.1652298  1.666866e+00  2.547610e+00  1.666739e+00  2.547924e+00  1.694771e+00  1.997049e+00  
   4.1868300  1.634305e+00  2.641949e+00  1.634156e+00  2.642272e+00  1.694141e+00  2.070629e+00  
   4.2068300  1.594371e+00  2.733088e+00  1.594198e+00  2.733417e+00  1.687622e+00  2.145677e+00  
   4.2278299  1.541315e+00  2.831303e+00  1.541113e+00  2.831634e+00  1.672909e+00  2.231086e+00  
   4.2488298  1.476108e+00  2.930492e+00  1.475874e+00  2.930819e+00  1.648444e+00  2.322321e+00  
   4.2698302  1.398271e+00  3.028890e+00  1.398004e+00  3.029210e+00  1.612669e+00  2.418025e+00  
   4.2908301  1.307633e+00  3.124638e+00  1.307330e+00  3.124945e+00  1.564284e+00  2.516462e+00  
   4.3108301  1.209525e+00  3.211636e+00  1.209187e+00  3.211929e+00  1.505603e+00  2.610873e+00  
   4.3318300  1.094542e+00  3.296768e+00  1.094167e+00  3.297040e+00  1.430256e+00  2.708480e+00  
   4.3528299  9.679890e-01  3.373717e+00  9.675774e-01  3.373968e+00  1.340805e+00  2.802099e+00  
   4.3738298  8.308334e-01  3.440718e+00  8.303870e-01  3.440945e+00  1.237747e+00  2.889218e+00  
   4.3948302  6.842879e-01  3.496115e+00  6.838086e-01  3.496317e+00  1.122115e+00  2.967407e+00  
   4.4158301  5.298027e-01  3.538395e+00  5.292937e-01  3.538573e+00  9.954690e-01  3.034430e+00  
   4.4358301  3.768015e-01  3.565246e+00  3.762678e-01  3.565401e+00  8.664416e-01  3.086137e+00  
   4.4568300  2.117518e-01  3.578272e+00  2.111970e-01  3.578403e+00  7.243997e-01  3.126263e+00  
   4.4778299  4.416825e-02  3.574898e+00  4.359810e-02  3.575005e+00  5.781955e-01  3.150892e+00  
   4.4988298  -1.238087e-01  3.554543e+00  -1.243880e-01  3.554630e+00  4.305452e-01  3.159556e+00  
   4.5198302  -2.899408e-01  3.516963e+00  -2.905227e-01  3.517031e+00  2.841391e-01  3.152336e+00  
   4.5408301  -4.519249e-01  3.462297e+00  -4.525024e-01  3.462347e+00  1.415223e-01  3.129831e+00  
   4.5608301  -6.002474e-01  3.394848e+00  -6.008143e-01  3.394881e+00  1.129669e-02  3.095155e+00  
   4.5818300  -7.476103e-01  3.308800e+00  -7.481596e-01  3.308816e+00  -1.177128e-01  3.046211e+00  
   4.6034298  -8.880959e-01  3.205471e+00  -8.886210e-01  3.205470e+00  -2.405835e-01  2.984247e+00  
   4.6234298  -1.006442e+00  3.098080e+00  -1.006941e+00  3.098065e+00  -3.444587e-01  2.918127e+00  
   4.6444302  -1.117108e+00  2.975285e+00  -1.117574e+00  2.975255e+00  -4.426584e-01  2.841545e+00  
   4.6654301  -1.212749e+00  2.844614e+00  -1.213181e+00  2.844568e+00  -5.294704e-01  2.759544e+00  
   4.6864300  -1.292710e+00  2.708679e+00  -1.293105e+00  2.708620e+00  -6.049871e-01  2.673971e+00  
   4.7074299  -1.356815e+00  2.570163e+00  -1.357174e+00  2.570091e+00  -6.695828e-01  2.586526e+00  
   4.7274299  -1.403401e+00  2.438245e+00  -1.403725e+00  2.438160e+00  -7.214877e-01  2.502890e+00  
   4.7484298  -1.437836e+00  2.302084e+00  -1.438127e+00  2.301987e+00  -7.666009e-01  2.415961e+00  
   4.7694302  -1.458549e+00  2.170470e+00  -1.458809e+00  2.170362e+00  -8.029184e-01  2.331026e+00  
   4.7904301  -1.466960e+00  2.045229e+00  -1.467192e+00  2.045110e+00  -8.313159e-01  2.248982e+00  
   4.8114300  -1.464699e+00  1.927770e+00  -1.464905e+00  1.927640e+00  -8.526812e-01  2.170525e+00  
   4.8324299  -1.453495e+00  1.819085e+00  -1.453678e+00  1.818945e+00  -8.678814e-01  2.096174e+00  
   4.8524299  -1.436100e+00  1.724270e+00  -1.436263e+00  1.724122e+00  -8.773854e-01  2.029505e+00  
   4.8734298  -1.412374e+00  1.634059e+00  -1.412520e+00  1.633901e+00  -8.828903e-01  1.964055e+00  
   4.8944302  -1.384563e+00  1.553329e+00  -1.384692e+00  1.553163e+00  -8.845209e-01  1.903359e+00  
   4.9154301  -1.354025e+00  1.481748e+00  -1.354139e+00  1.481572e+00  -8.829334e-01  1.847405e+00  
   4.9364300  -1.321918e+00  1.418786e+00  -1.322018e+00  1.418603e+00  -8.787196e-01  1.796094e+00  
   4.9574299  -1.289201e+00  1.363797e+00  -1.289287e+00  1.363604e+00  -8.724046e-01  1.749259e+00  
   4.9774299  -1.258170e+00  1.318178e+00  -1.258243e+00  1.317978e+00  -8.648605e-01  1.708615e+00  
   4.9984298  -1.226282e+00  1.276652e+00  -1.226342e+00  1.276444e+00  -8.557185e-01  1.669853e+00  
