w Re-xx Im-xx Re-yy Im-yy Re-zz Im-zz
# Gaussian absolute broadening  0.15 [eV]
   0.0000000  7.684817e-01  8.838010e-05  7.684841e-01  8.838453e-05  7.245642e-01  7.875192e-05  
   0.0200000  7.685815e-01  9.458883e-05  7.685840e-01  9.459390e-05  7.246531e-01  8.428459e-05  
   0.0410000  7.687004e-01  1.016640e-04  7.687030e-01  1.016697e-04  7.247591e-01  9.058899e-05  
   0.0620000  7.688357e-01  1.093448e-04  7.688383e-01  1.093514e-04  7.248797e-01  9.743275e-05  
   0.0830000  7.689894e-01  1.176653e-04  7.689921e-01  1.176728e-04  7.250165e-01  1.048459e-04  
   0.1040000  7.691636e-01  1.266549e-04  7.691664e-01  1.266634e-04  7.251722e-01  1.128547e-04  
   0.1240000  7.693508e-01  1.358599e-04  7.693533e-01  1.358693e-04  7.253387e-01  1.210545e-04  
   0.1450000  7.695714e-01  1.462158e-04  7.695740e-01  1.462263e-04  7.255354e-01  1.302788e-04  
   0.1660000  7.698191e-01  1.572856e-04  7.698218e-01  1.572973e-04  7.257560e-01  1.401381e-04  
   0.1870000  7.700962e-01  1.690660e-04  7.700989e-01  1.690789e-04  7.260029e-01  1.506290e-04  
   0.2080000  7.704043e-01  1.815425e-04  7.704069e-01  1.815565e-04  7.262774e-01  1.617384e-04  
   0.2290000  7.707453e-01  1.946896e-04  7.707480e-01  1.947049e-04  7.265813e-01  1.734436e-04  
   0.2490000  7.711027e-01  2.078022e-04  7.711053e-01  2.078185e-04  7.268994e-01  1.851161e-04  
   0.2700000  7.715124e-01  2.221493e-04  7.715151e-01  2.221668e-04  7.272646e-01  1.978858e-04  
   0.2910000  7.719593e-01  2.370403e-04  7.719621e-01  2.370588e-04  7.276624e-01  2.111373e-04  
   0.3120000  7.724438e-01  2.524215e-04  7.724465e-01  2.524409e-04  7.280943e-01  2.248226e-04  
   0.3330000  7.729664e-01  2.682377e-04  7.729691e-01  2.682579e-04  7.285598e-01  2.388921e-04  
   0.3540000  7.735276e-01  2.844354e-04  7.735303e-01  2.844564e-04  7.290593e-01  2.532982e-04  
   0.3740000  7.740977e-01  3.001712e-04  7.741006e-01  3.001926e-04  7.295671e-01  2.672901e-04  
   0.3950000  7.747340e-01  3.169755e-04  7.747370e-01  3.169972e-04  7.301339e-01  2.822287e-04  
   0.4160000  7.754090e-01  3.340311e-04  7.754118e-01  3.340531e-04  7.307344e-01  2.973870e-04  
   0.4374300  7.761375e-01  3.516630e-04  7.761403e-01  3.516851e-04  7.313831e-01  3.130532e-04  
   0.4574300  7.768528e-01  3.683025e-04  7.768558e-01  3.683246e-04  7.320200e-01  3.278337e-04  
   0.4784300  7.776417e-01  3.859485e-04  7.776445e-01  3.859704e-04  7.327221e-01  3.435035e-04  
   0.4994300  7.784686e-01  4.037612e-04  7.784714e-01  4.037827e-04  7.334580e-01  3.593163e-04  
   0.5204300  7.793338e-01  4.217334e-04  7.793368e-01  4.217546e-04  7.342278e-01  3.752657e-04  
   0.5414300  7.802373e-01  4.398617e-04  7.802403e-01  4.398825e-04  7.350317e-01  3.913480e-04  
   0.5614300  7.811338e-01  4.572714e-04  7.811370e-01  4.572917e-04  7.358294e-01  4.067878e-04  
   0.5824300  7.821131e-01  4.757058e-04  7.821163e-01  4.757261e-04  7.367006e-01  4.231303e-04  
   0.6034300  7.831312e-01  4.943010e-04  7.831343e-01  4.943212e-04  7.376063e-01  4.396093e-04  
   0.6244300  7.841891e-01  5.130628e-04  7.841921e-01  5.130829e-04  7.385470e-01  4.562293e-04  
   0.6454300  7.852865e-01  5.319961e-04  7.852898e-01  5.320164e-04  7.395227e-01  4.729947e-04  
   0.6664300  7.864241e-01  5.511073e-04  7.864273e-01  5.511278e-04  7.405340e-01  4.899105e-04  
   0.6864300  7.875446e-01  5.694795e-04  7.875479e-01  5.695008e-04  7.415302e-01  5.061656e-04  
   0.7074300  7.887613e-01  5.889575e-04  7.887647e-01  5.889797e-04  7.426115e-01  5.233914e-04  
   0.7284300  7.900190e-01  6.086335e-04  7.900224e-01  6.086570e-04  7.437290e-01  5.407847e-04  
   0.7494300  7.913184e-01  6.285156e-04  7.913217e-01  6.285407e-04  7.448833e-01  5.583521e-04  
   0.7704300  7.926593e-01  6.486106e-04  7.926630e-01  6.486379e-04  7.460746e-01  5.760997e-04  
   0.7914300  7.940429e-01  6.689280e-04  7.940466e-01  6.689575e-04  7.473036e-01  5.940340e-04  
   0.8114300  7.954000e-01  6.884910e-04  7.954038e-01  6.885229e-04  7.485086e-01  6.112944e-04  
   0.8324300  7.968675e-01  7.092649e-04  7.968712e-01  7.092994e-04  7.498114e-01  6.296141e-04  
   0.8540300  7.984230e-01  7.308910e-04  7.984269e-01  7.309286e-04  7.511921e-01  6.486748e-04  
   0.8740300  7.999052e-01  7.511573e-04  7.999089e-01  7.511977e-04  7.525072e-01  6.665275e-04  
   0.8950300  8.015048e-01  7.726971e-04  8.015088e-01  7.727406e-04  7.539266e-01  6.854918e-04  
   0.9160300  8.031504e-01  7.945134e-04  8.031543e-01  7.945598e-04  7.553862e-01  7.046887e-04  
   0.9370300  8.048417e-01  8.166170e-04  8.048458e-01  8.166663e-04  7.568863e-01  7.241269e-04  
   0.9580300  8.065797e-01  8.390187e-04  8.065838e-01  8.390702e-04  7.584272e-01  7.438154e-04  
   0.9780300  8.082792e-01  8.606411e-04  8.082836e-01  8.606947e-04  7.599337e-01  7.628077e-04  
   0.9990300  8.101107e-01  8.836567e-04  8.101150e-01  8.837123e-04  7.615570e-01  7.830119e-04  
   1.0200300  8.119906e-01  9.070045e-04  8.119950e-01  9.070609e-04  7.632227e-01  8.034941e-04  
   1.0410300  8.139204e-01  9.306959e-04  8.139250e-01  9.307535e-04  7.649317e-01  8.242643e-04  
   1.0620300  8.159006e-01  9.547427e-04  8.159050e-01  9.548004e-04  7.666852e-01  8.453328e-04  
   1.0830300  8.179315e-01  9.791580e-04  8.179361e-01  9.792156e-04  7.684832e-01  8.667093e-04  
   1.1030300  8.199137e-01  1.002764e-03  8.199185e-01  1.002821e-03  7.702373e-01  8.873639e-04  
   1.1240300  8.220463e-01  1.027935e-03  8.220512e-01  1.027992e-03  7.721243e-01  9.093723e-04  
   1.1450300  8.242320e-01  1.053513e-03  8.242369e-01  1.053568e-03  7.740577e-01  9.317211e-04  
   1.1660300  8.264719e-01  1.079511e-03  8.264771e-01  1.079566e-03  7.760383e-01  9.544210e-04  
   1.1870300  8.287672e-01  1.105945e-03  8.287724e-01  1.105999e-03  7.780674e-01  9.774844e-04  
   1.2080300  8.311179e-01  1.132830e-03  8.311232e-01  1.132882e-03  7.801450e-01  1.000924e-03  
   1.2280300  8.334092e-01  1.158867e-03  8.334146e-01  1.158918e-03  7.821690e-01  1.023608e-03  
   1.2490300  8.358718e-01  1.186677e-03  8.358771e-01  1.186728e-03  7.843439e-01  1.047818e-03  
   1.2706300  8.384664e-01  1.215805e-03  8.384721e-01  1.215856e-03  7.866345e-01  1.073155e-03  
   1.2906300  8.409252e-01  1.243262e-03  8.409308e-01  1.243313e-03  7.888044e-01  1.097021e-03  
   1.3116300  8.435666e-01  1.272618e-03  8.435724e-01  1.272669e-03  7.911345e-01  1.122517e-03  
   1.3326300  8.462697e-01  1.302530e-03  8.462757e-01  1.302582e-03  7.935185e-01  1.148474e-03  
   1.3536299  8.490365e-01  1.333019e-03  8.490427e-01  1.333072e-03  7.959577e-01  1.174911e-03  
   1.3746300  8.518676e-01  1.364108e-03  8.518739e-01  1.364163e-03  7.984526e-01  1.201845e-03  
   1.3946300  8.546259e-01  1.394294e-03  8.546324e-01  1.394352e-03  8.008820e-01  1.227975e-03  
   1.4156300  8.575873e-01  1.426620e-03  8.575941e-01  1.426680e-03  8.034900e-01  1.255933e-03  
   1.4366300  8.606176e-01  1.459614e-03  8.606242e-01  1.459678e-03  8.061571e-01  1.284443e-03  
   1.4576300  8.637184e-01  1.493302e-03  8.637252e-01  1.493370e-03  8.088851e-01  1.313528e-03  
   1.4786299  8.668909e-01  1.527711e-03  8.668978e-01  1.527781e-03  8.116750e-01  1.343207e-03  
   1.4996300  8.701361e-01  1.562867e-03  8.701435e-01  1.562942e-03  8.145280e-01  1.373503e-03  
   1.5196300  8.732964e-01  1.597069e-03  8.733037e-01  1.597147e-03  8.173046e-01  1.402949e-03  
   1.5406300  8.766891e-01  1.633767e-03  8.766966e-01  1.633849e-03  8.202844e-01  1.434514e-03  
   1.5616300  8.801599e-01  1.671299e-03  8.801678e-01  1.671385e-03  8.233310e-01  1.466765e-03  
   1.5826300  8.837101e-01  1.709697e-03  8.837181e-01  1.709788e-03  8.264461e-01  1.499728e-03  
   1.6036299  8.873422e-01  1.748996e-03  8.873502e-01  1.749090e-03  8.296314e-01  1.533430e-03  
   1.6246300  8.910574e-01  1.789232e-03  8.910659e-01  1.789329e-03  8.328878e-01  1.567900e-03  
   1.6446300  8.946746e-01  1.828456e-03  8.946833e-01  1.828556e-03  8.360568e-01  1.601469e-03  
   1.6656300  8.985580e-01  1.870628e-03  8.985668e-01  1.870732e-03  8.394572e-01  1.637525e-03  
   1.6872300  9.026464e-01  1.915106e-03  9.026554e-01  1.915213e-03  8.430351e-01  1.675511e-03  
   1.7072300  9.065184e-01  1.957325e-03  9.065274e-01  1.957435e-03  8.464215e-01  1.711531e-03  
   1.7282300  9.106753e-01  2.002774e-03  9.106849e-01  2.002886e-03  8.500555e-01  1.750263e-03  
   1.7492300  9.149291e-01  2.049416e-03  9.149386e-01  2.049531e-03  8.537719e-01  1.789971e-03  
   1.7702301  9.192819e-01  2.097306e-03  9.192917e-01  2.097422e-03  8.575724e-01  1.830696e-03  
   1.7912300  9.237369e-01  2.146499e-03  9.237472e-01  2.146618e-03  8.614597e-01  1.872484e-03  
   1.8112299  9.280770e-01  2.194615e-03  9.280876e-01  2.194738e-03  8.652448e-01  1.913315e-03  
   1.8322300  9.327393e-01  2.246529e-03  9.327502e-01  2.246655e-03  8.693079e-01  1.957320e-03  
   1.8532300  9.375126e-01  2.299935e-03  9.375237e-01  2.300064e-03  8.734652e-01  2.002539e-03  
   1.8742300  9.423996e-01  2.354903e-03  9.424109e-01  2.355037e-03  8.777189e-01  2.049033e-03  
   1.8952301  9.474043e-01  2.411515e-03  9.474159e-01  2.411653e-03  8.820716e-01  2.096861e-03  
   1.9162300  9.525299e-01  2.469853e-03  9.525419e-01  2.469994e-03  8.865259e-01  2.146093e-03  
   1.9362299  9.575265e-01  2.527099e-03  9.575387e-01  2.527246e-03  8.908654e-01  2.194349e-03  
   1.9572300  9.628974e-01  2.589075e-03  9.629101e-01  2.589228e-03  8.955268e-01  2.246535e-03  
   1.9782300  9.684010e-01  2.653072e-03  9.684138e-01  2.653232e-03  9.002994e-01  2.300358e-03  
   1.9992300  9.740398e-01  2.719210e-03  9.740529e-01  2.719376e-03  9.051854e-01  2.355912e-03  
   2.0202301  9.798195e-01  2.787622e-03  9.798332e-01  2.787796e-03  9.101888e-01  2.413306e-03  
   2.0412300  9.857434e-01  2.858452e-03  9.857575e-01  2.858636e-03  9.153137e-01  2.472651e-03  
   2.0612299  9.915243e-01  2.928310e-03  9.915384e-01  2.928502e-03  9.203101e-01  2.531111e-03  
   2.0822301  9.977448e-01  3.004354e-03  9.977596e-01  3.004557e-03  9.256821e-01  2.594669e-03  
   2.1038301  1.004310e+00  3.085660e-03  1.004325e+00  3.085873e-03  9.313471e-01  2.662539e-03  
   2.1238301  1.010546e+00  3.163943e-03  1.010561e+00  3.164167e-03  9.367216e-01  2.727809e-03  
   2.1448300  1.017261e+00  3.249483e-03  1.017276e+00  3.249720e-03  9.425039e-01  2.799054e-03  
   2.1658299  1.024152e+00  3.338715e-03  1.024169e+00  3.338964e-03  9.484336e-01  2.873302e-03  
   2.1868300  1.031229e+00  3.431937e-03  1.031247e+00  3.432201e-03  9.545158e-01  2.950805e-03  
   2.2078300  1.038498e+00  3.529472e-03  1.038516e+00  3.529752e-03  9.607564e-01  3.031840e-03  
   2.2278299  1.045606e+00  3.626698e-03  1.045624e+00  3.626992e-03  9.668523e-01  3.112577e-03  
   2.2488301  1.053272e+00  3.733702e-03  1.053290e+00  3.734015e-03  9.734194e-01  3.201409e-03  
   2.2698300  1.061153e+00  3.846146e-03  1.061172e+00  3.846477e-03  9.801624e-01  3.294746e-03  
   2.2908299  1.069258e+00  3.964487e-03  1.069278e+00  3.964838e-03  9.870902e-01  3.392981e-03  
   2.3118300  1.077597e+00  4.089198e-03  1.077618e+00  4.089570e-03  9.942085e-01  3.496531e-03  
   2.3328300  1.086180e+00  4.220797e-03  1.086201e+00  4.221191e-03  1.001526e+00  3.605848e-03  
   2.3528299  1.094591e+00  4.353042e-03  1.094612e+00  4.353458e-03  1.008686e+00  3.715765e-03  
   2.3738301  1.103680e+00  4.499741e-03  1.103703e+00  4.500182e-03  1.016415e+00  3.837788e-03  
   2.3948300  1.113048e+00  4.655110e-03  1.113071e+00  4.655578e-03  1.024367e+00  3.967140e-03  
   2.4158299  1.122705e+00  4.819868e-03  1.122729e+00  4.820360e-03  1.032555e+00  4.104460e-03  
   2.4368300  1.132667e+00  4.994793e-03  1.132692e+00  4.995315e-03  1.040986e+00  4.250443e-03  
   2.4578300  1.142949e+00  5.180755e-03  1.142974e+00  5.181307e-03  1.049674e+00  4.405863e-03  
   2.4778299  1.153053e+00  5.369012e-03  1.153079e+00  5.369594e-03  1.058197e+00  4.563445e-03  
   2.4988301  1.164007e+00  5.579447e-03  1.164034e+00  5.580066e-03  1.067422e+00  4.739891e-03  
   2.5204301  1.175663e+00  5.810843e-03  1.175691e+00  5.811500e-03  1.077218e+00  4.934270e-03  
   2.5404301  1.186827e+00  6.039980e-03  1.186857e+00  6.040676e-03  1.086582e+00  5.127093e-03  
   2.5614300  1.198958e+00  6.297645e-03  1.198988e+00  6.298385e-03  1.096735e+00  5.344277e-03  
   2.5824299  1.211530e+00  6.574814e-03  1.211561e+00  6.575603e-03  1.107233e+00  5.578230e-03  
   2.6034300  1.224575e+00  6.873997e-03  1.224607e+00  6.874837e-03  1.118099e+00  5.830976e-03  
   2.6244299  1.238121e+00  7.198267e-03  1.238155e+00  7.199169e-03  1.129353e+00  6.104921e-03  
   2.6444299  1.251523e+00  7.533992e-03  1.251559e+00  7.534959e-03  1.140456e+00  6.388207e-03  
   2.6654301  1.266158e+00  7.919531e-03  1.266195e+00  7.920571e-03  1.152543e+00  6.712604e-03  
   2.6864300  1.281411e+00  8.345286e-03  1.281449e+00  8.346408e-03  1.165098e+00  7.068979e-03  
   2.7074299  1.297333e+00  8.819858e-03  1.297374e+00  8.821074e-03  1.178156e+00  7.462979e-03  
   2.7284300  1.313981e+00  9.354793e-03  1.314023e+00  9.356126e-03  1.191753e+00  7.901805e-03  
   2.7494299  1.331416e+00  9.965719e-03  1.331460e+00  9.967183e-03  1.205931e+00  8.394760e-03  
   2.7694299  1.348819e+00  1.063758e-02  1.348865e+00  1.063921e-02  1.220014e+00  8.925595e-03  
   2.7904301  1.368007e+00  1.146517e-02  1.368055e+00  1.146700e-02  1.235461e+00  9.562423e-03  
   2.8114300  1.388221e+00  1.245605e-02  1.388272e+00  1.245814e-02  1.251639e+00  1.030061e-02  
   2.8324299  1.409562e+00  1.366234e-02  1.409616e+00  1.366477e-02  1.268612e+00  1.116646e-02  
   2.8534300  1.432142e+00  1.515357e-02  1.432199e+00  1.515644e-02  1.286449e+00  1.219403e-02  
   2.8744299  1.456079e+00  1.702128e-02  1.456139e+00  1.702474e-02  1.305228e+00  1.342706e-02  
   2.8944299  1.480256e+00  1.925850e-02  1.480319e+00  1.926271e-02  1.324064e+00  1.484352e-02  
   2.9154301  1.507215e+00  2.223392e-02  1.507282e+00  2.223915e-02  1.344929e+00  1.665295e-02  
   2.9370301  1.536760e+00  2.615955e-02  1.536831e+00  2.616618e-02  1.367651e+00  1.895056e-02  
   2.9570301  1.565867e+00  3.079347e-02  1.565942e+00  3.080177e-02  1.389924e+00  2.157628e-02  
   2.9780300  1.598336e+00  3.696224e-02  1.598416e+00  3.697278e-02  1.414686e+00  2.498131e-02  
   2.9990301  1.632824e+00  4.478620e-02  1.632908e+00  4.479961e-02  1.440953e+00  2.921396e-02  
   3.0200300  1.669347e+00  5.463598e-02  1.669437e+00  5.465297e-02  1.468814e+00  3.447403e-02  
   3.0410299  1.707863e+00  6.692282e-02  1.707957e+00  6.694420e-02  1.498344e+00  4.099859e-02  
   3.0610299  1.746287e+00  8.129349e-02  1.746386e+00  8.131991e-02  1.528062e+00  4.864031e-02  
   3.0820301  1.788259e+00  9.962192e-02  1.788362e+00  9.965462e-02  1.560950e+00  5.846532e-02  
   3.1030300  1.831587e+00  1.217093e-01  1.831694e+00  1.217493e-01  1.595526e+00  7.047974e-02  
   3.1240301  1.875853e+00  1.479734e-01  1.875963e+00  1.480217e-01  1.631689e+00  8.506372e-02  
   3.1450300  1.920525e+00  1.787709e-01  1.920637e+00  1.788283e-01  1.669258e+00  1.026162e-01  
   3.1660299  1.964978e+00  2.143705e-01  1.965091e+00  2.144379e-01  1.707969e+00  1.235409e-01  
   3.1860299  2.006460e+00  2.528791e-01  2.006575e+00  2.529566e-01  1.745560e+00  1.469600e-01  
   3.2070301  2.048386e+00  2.981612e-01  2.048498e+00  2.982495e-01  1.785344e+00  1.755518e-01  
   3.2280300  2.087869e+00  3.482691e-01  2.087981e+00  3.483683e-01  1.824891e+00  2.085228e-01  
   3.2490301  2.124140e+00  4.029003e-01  2.124248e+00  4.030097e-01  1.863548e+00  2.460655e-01  
   3.2700300  2.156490e+00  4.615891e-01  2.156592e+00  4.617081e-01  1.900585e+00  2.882506e-01  
   3.2910299  2.184309e+00  5.237280e-01  2.184405e+00  5.238556e-01  1.935233e+00  3.350040e-01  
   3.3110299  2.206158e+00  5.854546e-01  2.206249e+00  5.855887e-01  1.965295e+00  3.835649e-01  
   3.3320301  2.223923e+00  6.521714e-01  2.224006e+00  6.523108e-01  1.993060e+00  4.384028e-01  
   3.3536301  2.236529e+00  7.219620e-01  2.236604e+00  7.221048e-01  2.016858e+00  4.983299e-01  
   3.3736300  2.243124e+00  7.868650e-01  2.243192e+00  7.870089e-01  2.034064e+00  5.563274e-01  
   3.3946300  2.245012e+00  8.545588e-01  2.245073e+00  8.547021e-01  2.046748e+00  6.189989e-01  
   3.4156301  2.242104e+00  9.211249e-01  2.242157e+00  9.212656e-01  2.053702e+00  6.825670e-01  
   3.4366300  2.234887e+00  9.860121e-01  2.234931e+00  9.861490e-01  2.054922e+00  7.460511e-01  
   3.4576299  2.223918e+00  1.048815e+00  2.223955e+00  1.048947e+00  2.050616e+00  8.084804e-01  
   3.4776299  2.210521e+00  1.106453e+00  2.210551e+00  1.106580e+00  2.041752e+00  8.661258e-01  
   3.4986300  2.193906e+00  1.164572e+00  2.193930e+00  1.164693e+00  2.028015e+00  9.239874e-01  
   3.5196300  2.175196e+00  1.220226e+00  2.175213e+00  1.220341e+00  2.010468e+00  9.784890e-01  
   3.5406301  2.154840e+00  1.273501e+00  2.154849e+00  1.273610e+00  1.989952e+00  1.029184e+00  
   3.5616300  2.133186e+00  1.324535e+00  2.133189e+00  1.324640e+00  1.967352e+00  1.075839e+00  
   3.5826299  2.110494e+00  1.373494e+00  2.110490e+00  1.373595e+00  1.943546e+00  1.118439e+00  
   3.6026299  2.088074e+00  1.418330e+00  2.088063e+00  1.418429e+00  1.920496e+00  1.155410e+00  
   3.6236300  2.063784e+00  1.463645e+00  2.063767e+00  1.463742e+00  1.896571e+00  1.190799e+00  
   3.6446300  2.038788e+00  1.507223e+00  2.038765e+00  1.507320e+00  1.873477e+00  1.223160e+00  
   3.6656301  2.013134e+00  1.549085e+00  2.013106e+00  1.549182e+00  1.851603e+00  1.253071e+00  
   3.6866300  1.986892e+00  1.589199e+00  1.986858e+00  1.589296e+00  1.831162e+00  1.281137e+00  
   3.7076299  1.960170e+00  1.627498e+00  1.960133e+00  1.627597e+00  1.812210e+00  1.307935e+00  
   3.7276299  1.934434e+00  1.662212e+00  1.934393e+00  1.662314e+00  1.795471e+00  1.332734e+00  
   3.7486300  1.907345e+00  1.696743e+00  1.907304e+00  1.696848e+00  1.779108e+00  1.358392e+00  
   3.7702301  1.879752e+00  1.730174e+00  1.879709e+00  1.730282e+00  1.763354e+00  1.384643e+00  
   3.7902300  1.854811e+00  1.759264e+00  1.854769e+00  1.759377e+00  1.749538e+00  1.408940e+00  
   3.8112299  1.829689e+00  1.787992e+00  1.829649e+00  1.788110e+00  1.735672e+00  1.434451e+00  
   3.8322301  1.806129e+00  1.815077e+00  1.806092e+00  1.815202e+00  1.722380e+00  1.459881e+00  
   3.8532300  1.784612e+00  1.840862e+00  1.784577e+00  1.840994e+00  1.709682e+00  1.485105e+00  
   3.8742299  1.765584e+00  1.865824e+00  1.765553e+00  1.865965e+00  1.697713e+00  1.510001e+00  
   3.8942299  1.750121e+00  1.889386e+00  1.750093e+00  1.889537e+00  1.687204e+00  1.533343e+00  
   3.9152300  1.736930e+00  1.914606e+00  1.736906e+00  1.914769e+00  1.677403e+00  1.557485e+00  
   3.9362299  1.726979e+00  1.941143e+00  1.726958e+00  1.941318e+00  1.669218e+00  1.581404e+00  
   3.9572301  1.720212e+00  1.969915e+00  1.720193e+00  1.970106e+00  1.663003e+00  1.605408e+00  
   3.9782300  1.716359e+00  2.001889e+00  1.716341e+00  2.002094e+00  1.659065e+00  1.629971e+00  
   3.9992299  1.714925e+00  2.038029e+00  1.714907e+00  2.038252e+00  1.657614e+00  1.655720e+00  
   4.0192299  1.715140e+00  2.077167e+00  1.715122e+00  2.077406e+00  1.658608e+00  1.682054e+00  
   4.0402298  1.716108e+00  2.124003e+00  1.716085e+00  2.124259e+00  1.662039e+00  1.712447e+00  
   4.0612302  1.716684e+00  2.177376e+00  1.716656e+00  2.177648e+00  1.667594e+00  1.746575e+00  
   4.0822301  1.715524e+00  2.237744e+00  1.715486e+00  2.238031e+00  1.674711e+00  1.785391e+00  
   4.1032300  1.711144e+00  2.305315e+00  1.711096e+00  2.305616e+00  1.682578e+00  1.829803e+00  
   4.1242299  1.701989e+00  2.380018e+00  1.701927e+00  2.380331e+00  1.690136e+00  1.880614e+00  
   4.1442299  1.687391e+00  2.457449e+00  1.687312e+00  2.457771e+00  1.695864e+00  1.935529e+00  
   4.1652298  1.664432e+00  2.544707e+00  1.664332e+00  2.545034e+00  1.698904e+00  2.000425e+00  
   4.1868300  1.631207e+00  2.639821e+00  1.631082e+00  2.640151e+00  1.697149e+00  2.075019e+00  
   4.2068300  1.590603e+00  2.731586e+00  1.590453e+00  2.731915e+00  1.689480e+00  2.150966e+00  
   4.2278299  1.536816e+00  2.830350e+00  1.536635e+00  2.830673e+00  1.673472e+00  2.237243e+00  
   4.2488298  1.470876e+00  2.929971e+00  1.470663e+00  2.930283e+00  1.647656e+00  2.329232e+00  
   4.2698302  1.392333e+00  3.028679e+00  1.392087e+00  3.028977e+00  1.610508e+00  2.425549e+00  
   4.2908301  1.301043e+00  3.124611e+00  1.300762e+00  3.124891e+00  1.560771e+00  2.524433e+00  
   4.3108301  1.202389e+00  3.211667e+00  1.202074e+00  3.211928e+00  1.500865e+00  2.619102e+00  
   4.3318300  1.086935e+00  3.296737e+00  1.086584e+00  3.296976e+00  1.424338e+00  2.716795e+00  
   4.3528299  9.600358e-01  3.373507e+00  9.596505e-01  3.373722e+00  1.333866e+00  2.810314e+00  
   4.3738298  8.226777e-01  3.440220e+00  8.222588e-01  3.440413e+00  1.229986e+00  2.897158e+00  
   4.3948302  6.760848e-01  3.495237e+00  6.756353e-01  3.495407e+00  1.113771e+00  2.974913e+00  
   4.4158301  5.217162e-01  3.537060e+00  5.212389e-01  3.537208e+00  9.868087e-01  3.041371e+00  
   4.4358301  3.689773e-01  3.563421e+00  3.684775e-01  3.563551e+00  8.577492e-01  3.092442e+00  
   4.4568300  2.043567e-01  3.575903e+00  2.038374e-01  3.576015e+00  7.159630e-01  3.131830e+00  
   4.4778299  3.734532e-02  3.571975e+00  3.681212e-02  3.572073e+00  5.703081e-01  3.155676e+00  
   4.4988298  -1.299371e-01  3.551079e+00  -1.304787e-01  3.551166e+00  4.234832e-01  3.163548e+00  
   4.5198302  -2.952799e-01  3.513000e+00  -2.958243e-01  3.513078e+00  2.781473e-01  3.155555e+00  
   4.5408301  -4.564133e-01  3.457895e+00  -4.569547e-01  3.457967e+00  1.368007e-01  3.132324e+00  
   4.5608301  -6.039011e-01  3.390099e+00  -6.044345e-01  3.390165e+00  7.920481e-03  3.097017e+00  
   4.5818300  -7.503987e-01  3.303773e+00  -7.509189e-01  3.303837e+00  -1.195951e-01  3.047496e+00  
   4.6034298  -8.900431e-01  3.200261e+00  -8.905455e-01  3.200323e+00  -2.409128e-01  2.985041e+00  
   4.6234298  -1.007686e+00  3.092797e+00  -1.008169e+00  3.092859e+00  -3.433991e-01  2.918567e+00  
   4.6444302  -1.117717e+00  2.970021e+00  -1.118177e+00  2.970081e+00  -4.402526e-01  2.841723e+00  
   4.6654301  -1.212849e+00  2.839459e+00  -1.213285e+00  2.839521e+00  -5.258865e-01  2.759567e+00  
   4.6864300  -1.292437e+00  2.703715e+00  -1.292848e+00  2.703778e+00  -6.004332e-01  2.673939e+00  
   4.7074299  -1.356305e+00  2.565456e+00  -1.356693e+00  2.565520e+00  -6.642906e-01  2.586529e+00  
   4.7274299  -1.402784e+00  2.433830e+00  -1.403151e+00  2.433895e+00  -7.157134e-01  2.502995e+00  
   4.7484298  -1.437221e+00  2.298014e+00  -1.437567e+00  2.298079e+00  -7.605422e-01  2.416230e+00  
   4.7694302  -1.458030e+00  2.166770e+00  -1.458356e+00  2.166833e+00  -7.967766e-01  2.331498e+00  
   4.7904301  -1.466611e+00  2.041909e+00  -1.466919e+00  2.041971e+00  -8.252555e-01  2.249681e+00  
   4.8114300  -1.464565e+00  1.924832e+00  -1.464858e+00  1.924891e+00  -8.468214e-01  2.171458e+00  
   4.8324299  -1.453602e+00  1.816524e+00  -1.453881e+00  1.816578e+00  -8.622948e-01  2.097333e+00  
   4.8524299  -1.436442e+00  1.722059e+00  -1.436707e+00  1.722107e+00  -8.720832e-01  2.030864e+00  
   4.8734298  -1.412951e+00  1.632202e+00  -1.413203e+00  1.632241e+00  -8.778729e-01  1.965601e+00  
   4.8944302  -1.385351e+00  1.551814e+00  -1.385590e+00  1.551844e+00  -8.797392e-01  1.905062e+00  
   4.9154301  -1.354991e+00  1.480561e+00  -1.355216e+00  1.480579e+00  -8.783116e-01  1.849236e+00  
   4.9364300  -1.323027e+00  1.417919e+00  -1.323238e+00  1.417923e+00  -8.741628e-01  1.798022e+00  
   4.9574299  -1.290413e+00  1.363239e+00  -1.290609e+00  1.363229e+00  -8.678080e-01  1.751256e+00  
   4.9774299  -1.259445e+00  1.317910e+00  -1.259627e+00  1.317885e+00  -8.601250e-01  1.710656e+00  
   4.9984298  -1.227591e+00  1.276685e+00  -1.227757e+00  1.276643e+00  -8.507326e-01  1.671920e+00  
