w Re-xx Im-xx Re-yy Im-yy Re-zz Im-zz
# Gaussian absolute broadening  0.15 [eV]
   0.0000000  7.684857e-01  8.837978e-05  7.684866e-01  8.838450e-05  7.246094e-01  7.877258e-05  
   0.0200000  7.685857e-01  9.458842e-05  7.685866e-01  9.459385e-05  7.246984e-01  8.430647e-05  
   0.0410000  7.687046e-01  1.016634e-04  7.687056e-01  1.016697e-04  7.248045e-01  9.061224e-05  
   0.0620000  7.688399e-01  1.093442e-04  7.688408e-01  1.093514e-04  7.249251e-01  9.745752e-05  
   0.0830000  7.689937e-01  1.176645e-04  7.689947e-01  1.176727e-04  7.250619e-01  1.048723e-04  
   0.1040000  7.691678e-01  1.266538e-04  7.691689e-01  1.266633e-04  7.252175e-01  1.128829e-04  
   0.1240000  7.693548e-01  1.358586e-04  7.693558e-01  1.358691e-04  7.253840e-01  1.210846e-04  
   0.1450000  7.695755e-01  1.462142e-04  7.695765e-01  1.462260e-04  7.255807e-01  1.303111e-04  
   0.1660000  7.698232e-01  1.572837e-04  7.698242e-01  1.572970e-04  7.258017e-01  1.401727e-04  
   0.1870000  7.701004e-01  1.690637e-04  7.701012e-01  1.690784e-04  7.260484e-01  1.506661e-04  
   0.2080000  7.704083e-01  1.815397e-04  7.704095e-01  1.815559e-04  7.263231e-01  1.617783e-04  
   0.2290000  7.707496e-01  1.946865e-04  7.707506e-01  1.947040e-04  7.266271e-01  1.734864e-04  
   0.2490000  7.711067e-01  2.077986e-04  7.711077e-01  2.078174e-04  7.269451e-01  1.851619e-04  
   0.2700000  7.715165e-01  2.221453e-04  7.715175e-01  2.221654e-04  7.273104e-01  1.979349e-04  
   0.2910000  7.719634e-01  2.370359e-04  7.719646e-01  2.370571e-04  7.277085e-01  2.111898e-04  
   0.3120000  7.724480e-01  2.524166e-04  7.724493e-01  2.524388e-04  7.281402e-01  2.248786e-04  
   0.3330000  7.729705e-01  2.682325e-04  7.729717e-01  2.682554e-04  7.286058e-01  2.389518e-04  
   0.3540000  7.735317e-01  2.844300e-04  7.735328e-01  2.844534e-04  7.291055e-01  2.533615e-04  
   0.3740000  7.741018e-01  3.001656e-04  7.741031e-01  3.001892e-04  7.296136e-01  2.673571e-04  
   0.3950000  7.747383e-01  3.169698e-04  7.747394e-01  3.169933e-04  7.301804e-01  2.822996e-04  
   0.4160000  7.754129e-01  3.340254e-04  7.754142e-01  3.340488e-04  7.307810e-01  2.974616e-04  
   0.4374300  7.761415e-01  3.516574e-04  7.761428e-01  3.516803e-04  7.314297e-01  3.131316e-04  
   0.4574300  7.768569e-01  3.682971e-04  7.768582e-01  3.683195e-04  7.320669e-01  3.279155e-04  
   0.4784300  7.776455e-01  3.859433e-04  7.776470e-01  3.859650e-04  7.327693e-01  3.435889e-04  
   0.4994300  7.784727e-01  4.037562e-04  7.784740e-01  4.037772e-04  7.335051e-01  3.594051e-04  
   0.5204300  7.793377e-01  4.217286e-04  7.793392e-01  4.217490e-04  7.342751e-01  3.753579e-04  
   0.5414300  7.802413e-01  4.398572e-04  7.802427e-01  4.398771e-04  7.350793e-01  3.914436e-04  
   0.5614300  7.811378e-01  4.572670e-04  7.811393e-01  4.572864e-04  7.358772e-01  4.068865e-04  
   0.5824300  7.821171e-01  4.757015e-04  7.821187e-01  4.757210e-04  7.367485e-01  4.232325e-04  
   0.6034300  7.831352e-01  4.942968e-04  7.831368e-01  4.943163e-04  7.376543e-01  4.397148e-04  
   0.6244300  7.841929e-01  5.130586e-04  7.841946e-01  5.130784e-04  7.385951e-01  4.563381e-04  
   0.6454300  7.852903e-01  5.319918e-04  7.852921e-01  5.320123e-04  7.395711e-01  4.731066e-04  
   0.6664300  7.864279e-01  5.511027e-04  7.864297e-01  5.511242e-04  7.405826e-01  4.900260e-04  
   0.6864300  7.875486e-01  5.694747e-04  7.875504e-01  5.694974e-04  7.415791e-01  5.062844e-04  
   0.7074300  7.887651e-01  5.889524e-04  7.887670e-01  5.889765e-04  7.426605e-01  5.235139e-04  
   0.7284300  7.900229e-01  6.086282e-04  7.900247e-01  6.086541e-04  7.437783e-01  5.409110e-04  
   0.7494300  7.913221e-01  6.285100e-04  7.913241e-01  6.285377e-04  7.449329e-01  5.584823e-04  
   0.7704300  7.926632e-01  6.486048e-04  7.926651e-01  6.486347e-04  7.461245e-01  5.762337e-04  
   0.7914300  7.940468e-01  6.689221e-04  7.940488e-01  6.689543e-04  7.473537e-01  5.941725e-04  
   0.8114300  7.954038e-01  6.884849e-04  7.954059e-01  6.885195e-04  7.485592e-01  6.114369e-04  
   0.8324300  7.968714e-01  7.092587e-04  7.968733e-01  7.092954e-04  7.498621e-01  6.297611e-04  
   0.8540300  7.984267e-01  7.308846e-04  7.984290e-01  7.309241e-04  7.512432e-01  6.488266e-04  
   0.8740300  7.999087e-01  7.511509e-04  7.999112e-01  7.511923e-04  7.525585e-01  6.666835e-04  
   0.8950300  8.015084e-01  7.726907e-04  8.015110e-01  7.727343e-04  7.539784e-01  6.856526e-04  
   0.9160300  8.031539e-01  7.945069e-04  8.031563e-01  7.945526e-04  7.554382e-01  7.048543e-04  
   0.9370300  8.048453e-01  8.166103e-04  8.048479e-01  8.166580e-04  7.569388e-01  7.242972e-04  
   0.9580300  8.065833e-01  8.390116e-04  8.065859e-01  8.390609e-04  7.584798e-01  7.439907e-04  
   0.9780300  8.082829e-01  8.606334e-04  8.082856e-01  8.606843e-04  7.599869e-01  7.629877e-04  
   0.9990300  8.101143e-01  8.836484e-04  8.101169e-01  8.837007e-04  7.616103e-01  7.831971e-04  
   1.0200300  8.119942e-01  9.069951e-04  8.119972e-01  9.070485e-04  7.632765e-01  8.036845e-04  
   1.0410300  8.139240e-01  9.306853e-04  8.139269e-01  9.307403e-04  7.649860e-01  8.244599e-04  
   1.0620300  8.159041e-01  9.547307e-04  8.159071e-01  9.547864e-04  7.667400e-01  8.455340e-04  
   1.0830300  8.179350e-01  9.791446e-04  8.179380e-01  9.792013e-04  7.685384e-01  8.669160e-04  
   1.1030300  8.199171e-01  1.002749e-03  8.199202e-01  1.002807e-03  7.702929e-01  8.875768e-04  
   1.1240300  8.220496e-01  1.027918e-03  8.220530e-01  1.027977e-03  7.721805e-01  9.095918e-04  
   1.1450300  8.242353e-01  1.053493e-03  8.242387e-01  1.053553e-03  7.741144e-01  9.319474e-04  
   1.1660300  8.264753e-01  1.079489e-03  8.264786e-01  1.079551e-03  7.760956e-01  9.546546e-04  
   1.1870300  8.287702e-01  1.105921e-03  8.287740e-01  1.105984e-03  7.781249e-01  9.777258e-04  
   1.2080300  8.311212e-01  1.132804e-03  8.311247e-01  1.132868e-03  7.802030e-01  1.001173e-03  
   1.2280300  8.334125e-01  1.158839e-03  8.334160e-01  1.158904e-03  7.822278e-01  1.023865e-03  
   1.2490300  8.358749e-01  1.186647e-03  8.358787e-01  1.186715e-03  7.844028e-01  1.048084e-03  
   1.2706300  8.384694e-01  1.215771e-03  8.384736e-01  1.215842e-03  7.866942e-01  1.073430e-03  
   1.2906300  8.409281e-01  1.243227e-03  8.409323e-01  1.243300e-03  7.888645e-01  1.097305e-03  
   1.3116300  8.435695e-01  1.272582e-03  8.435737e-01  1.272656e-03  7.911955e-01  1.122810e-03  
   1.3326300  8.462726e-01  1.302492e-03  8.462769e-01  1.302569e-03  7.935800e-01  1.148778e-03  
   1.3536299  8.490393e-01  1.332980e-03  8.490438e-01  1.333059e-03  7.960197e-01  1.175225e-03  
   1.3746300  8.518702e-01  1.364068e-03  8.518750e-01  1.364149e-03  7.985154e-01  1.202169e-03  
   1.3946300  8.546285e-01  1.394254e-03  8.546335e-01  1.394336e-03  8.009455e-01  1.228309e-03  
   1.4156300  8.575900e-01  1.426579e-03  8.575950e-01  1.426663e-03  8.035541e-01  1.256279e-03  
   1.4366300  8.606202e-01  1.459572e-03  8.606251e-01  1.459658e-03  8.062220e-01  1.284801e-03  
   1.4576300  8.637208e-01  1.493260e-03  8.637260e-01  1.493348e-03  8.089507e-01  1.313897e-03  
   1.4786299  8.668932e-01  1.527669e-03  8.668985e-01  1.527758e-03  8.117415e-01  1.343589e-03  
   1.4996300  8.701384e-01  1.562824e-03  8.701441e-01  1.562915e-03  8.145953e-01  1.373897e-03  
   1.5196300  8.732985e-01  1.597025e-03  8.733042e-01  1.597117e-03  8.173726e-01  1.403356e-03  
   1.5406300  8.766913e-01  1.633722e-03  8.766973e-01  1.633815e-03  8.203534e-01  1.434934e-03  
   1.5616300  8.801621e-01  1.671253e-03  8.801680e-01  1.671348e-03  8.234010e-01  1.467200e-03  
   1.5826300  8.837119e-01  1.709649e-03  8.837184e-01  1.709746e-03  8.265169e-01  1.500177e-03  
   1.6036299  8.873439e-01  1.748946e-03  8.873503e-01  1.749044e-03  8.297029e-01  1.533894e-03  
   1.6246300  8.910592e-01  1.789179e-03  8.910657e-01  1.789278e-03  8.329605e-01  1.568380e-03  
   1.6446300  8.946762e-01  1.828400e-03  8.946832e-01  1.828501e-03  8.361305e-01  1.601965e-03  
   1.6656300  8.985595e-01  1.870569e-03  8.985664e-01  1.870673e-03  8.395318e-01  1.638038e-03  
   1.6872300  9.026476e-01  1.915044e-03  9.026548e-01  1.915149e-03  8.431107e-01  1.676043e-03  
   1.7072300  9.065194e-01  1.957260e-03  9.065267e-01  1.957367e-03  8.464983e-01  1.712079e-03  
   1.7282300  9.106761e-01  2.002705e-03  9.106840e-01  2.002815e-03  8.501335e-01  1.750832e-03  
   1.7492300  9.149296e-01  2.049343e-03  9.149377e-01  2.049457e-03  8.538511e-01  1.790559e-03  
   1.7702301  9.192826e-01  2.097229e-03  9.192907e-01  2.097347e-03  8.576529e-01  1.831305e-03  
   1.7912300  9.237372e-01  2.146422e-03  9.237457e-01  2.146543e-03  8.615414e-01  1.873116e-03  
   1.8112299  9.280773e-01  2.194538e-03  9.280860e-01  2.194663e-03  8.653278e-01  1.913969e-03  
   1.8322300  9.327393e-01  2.246453e-03  9.327484e-01  2.246583e-03  8.693924e-01  1.958000e-03  
   1.8532300  9.375120e-01  2.299862e-03  9.375215e-01  2.299997e-03  8.735510e-01  2.003246e-03  
   1.8742300  9.423989e-01  2.354837e-03  9.424086e-01  2.354977e-03  8.778061e-01  2.049769e-03  
   1.8952301  9.474034e-01  2.411457e-03  9.474134e-01  2.411603e-03  8.821602e-01  2.097628e-03  
   1.9162300  9.525288e-01  2.469804e-03  9.525388e-01  2.469956e-03  8.866162e-01  2.146892e-03  
   1.9362299  9.575248e-01  2.527061e-03  9.575354e-01  2.527219e-03  8.909573e-01  2.195181e-03  
   1.9572300  9.628955e-01  2.589048e-03  9.629064e-01  2.589212e-03  8.956203e-01  2.247400e-03  
   1.9782300  9.683985e-01  2.653050e-03  9.684098e-01  2.653222e-03  9.003947e-01  2.301254e-03  
   1.9992300  9.740373e-01  2.719187e-03  9.740484e-01  2.719365e-03  9.052822e-01  2.356835e-03  
   2.0202301  9.798161e-01  2.787583e-03  9.798279e-01  2.787770e-03  9.102879e-01  2.414247e-03  
   2.0412300  9.857396e-01  2.858379e-03  9.857517e-01  2.858573e-03  9.154146e-01  2.473599e-03  
   2.0612299  9.915197e-01  2.928174e-03  9.915322e-01  2.928375e-03  9.204127e-01  2.532042e-03  
   2.0822301  9.977394e-01  3.004110e-03  9.977523e-01  3.004320e-03  9.257869e-01  2.595556e-03  
   2.1038301  1.004305e+00  3.085247e-03  1.004318e+00  3.085466e-03  9.314538e-01  2.663339e-03  
   2.1238301  1.010539e+00  3.163304e-03  1.010553e+00  3.163532e-03  9.368307e-01  2.728483e-03  
   2.1448300  1.017252e+00  3.248523e-03  1.017267e+00  3.248760e-03  9.426153e-01  2.799533e-03  
   2.1658299  1.024143e+00  3.337322e-03  1.024158e+00  3.337571e-03  9.485470e-01  2.873508e-03  
   2.1868300  1.031220e+00  3.429988e-03  1.031235e+00  3.430248e-03  9.546320e-01  2.950650e-03  
   2.2078300  1.038487e+00  3.526822e-03  1.038503e+00  3.527094e-03  9.608750e-01  3.031219e-03  
   2.2278299  1.045594e+00  3.623236e-03  1.045611e+00  3.623520e-03  9.669737e-01  3.111408e-03  
   2.2488301  1.053259e+00  3.729220e-03  1.053275e+00  3.729519e-03  9.735438e-01  3.199543e-03  
   2.2698300  1.061138e+00  3.840473e-03  1.061156e+00  3.840786e-03  9.802904e-01  3.292059e-03  
   2.2908299  1.069243e+00  3.957447e-03  1.069261e+00  3.957775e-03  9.872214e-01  3.389345e-03  
   2.3118300  1.077581e+00  4.080620e-03  1.077600e+00  4.080967e-03  9.943436e-01  3.491825e-03  
   2.3328300  1.086163e+00  4.210533e-03  1.086182e+00  4.210897e-03  1.001665e+00  3.599962e-03  
   2.3528299  1.094573e+00  4.341051e-03  1.094593e+00  4.341435e-03  1.008830e+00  3.708674e-03  
   2.3738301  1.103663e+00  4.485843e-03  1.103683e+00  4.486247e-03  1.016563e+00  3.829371e-03  
   2.3948300  1.113030e+00  4.639248e-03  1.113051e+00  4.639677e-03  1.024521e+00  3.957372e-03  
   2.4158299  1.122687e+00  4.802033e-03  1.122709e+00  4.802486e-03  1.032714e+00  4.093355e-03  
   2.4368300  1.132649e+00  4.975036e-03  1.132672e+00  4.975512e-03  1.041152e+00  4.238070e-03  
   2.4578300  1.142931e+00  5.159181e-03  1.142955e+00  5.159686e-03  1.049847e+00  4.392340e-03  
   2.4778299  1.153036e+00  5.345864e-03  1.153060e+00  5.346399e-03  1.058378e+00  4.548994e-03  
   2.4988301  1.163991e+00  5.554873e-03  1.164016e+00  5.555441e-03  1.067611e+00  4.724706e-03  
   2.5204301  1.175648e+00  5.785112e-03  1.175674e+00  5.785718e-03  1.077417e+00  4.918646e-03  
   2.5404301  1.186814e+00  6.013513e-03  1.186841e+00  6.014159e-03  1.086790e+00  5.111419e-03  
   2.5614300  1.198944e+00  6.270808e-03  1.198973e+00  6.271498e-03  1.096953e+00  5.328975e-03  
   2.5824299  1.211518e+00  6.548070e-03  1.211547e+00  6.548807e-03  1.107463e+00  5.563801e-03  
   2.6034300  1.224564e+00  6.847842e-03  1.224594e+00  6.848635e-03  1.118340e+00  5.817983e-03  
   2.6244299  1.238111e+00  7.173235e-03  1.238143e+00  7.174086e-03  1.129608e+00  6.093984e-03  
   2.6444299  1.251514e+00  7.510526e-03  1.251547e+00  7.511441e-03  1.140723e+00  6.379851e-03  
   2.6654301  1.266148e+00  7.898231e-03  1.266182e+00  7.899222e-03  1.152825e+00  6.707649e-03  
   2.6864300  1.281400e+00  8.326651e-03  1.281437e+00  8.327723e-03  1.165396e+00  7.068168e-03  
   2.7074299  1.297322e+00  8.804322e-03  1.297360e+00  8.805495e-03  1.178470e+00  7.467062e-03  
   2.7284300  1.313967e+00  9.342695e-03  1.314007e+00  9.343984e-03  1.192084e+00  7.911526e-03  
   2.7494299  1.331399e+00  9.957238e-03  1.331441e+00  9.958660e-03  1.206279e+00  8.410826e-03  
   2.7694299  1.348798e+00  1.063254e-02  1.348841e+00  1.063412e-02  1.220381e+00  8.948313e-03  
   2.7904301  1.367980e+00  1.146344e-02  1.368026e+00  1.146523e-02  1.235847e+00  9.592686e-03  
   2.8114300  1.388187e+00  1.245697e-02  1.388236e+00  1.245903e-02  1.252046e+00  1.033889e-02  
   2.8324299  1.409521e+00  1.366479e-02  1.409572e+00  1.366720e-02  1.269041e+00  1.121309e-02  
   2.8534300  1.432090e+00  1.515582e-02  1.432144e+00  1.515870e-02  1.286901e+00  1.224922e-02  
   2.8744299  1.456018e+00  1.702087e-02  1.456075e+00  1.702440e-02  1.305704e+00  1.349091e-02  
   2.8944299  1.480186e+00  1.925245e-02  1.480246e+00  1.925679e-02  1.324566e+00  1.491556e-02  
   2.9154301  1.507135e+00  2.221766e-02  1.507199e+00  2.222314e-02  1.345458e+00  1.673350e-02  
   2.9370301  1.536672e+00  2.612690e-02  1.536740e+00  2.613395e-02  1.368210e+00  1.903969e-02  
   2.9570301  1.565775e+00  3.073900e-02  1.565847e+00  3.074797e-02  1.390511e+00  2.167324e-02  
   2.9780300  1.598246e+00  3.687648e-02  1.598323e+00  3.688804e-02  1.415303e+00  2.508642e-02  
   2.9990301  1.632744e+00  4.465886e-02  1.632825e+00  4.467376e-02  1.441601e+00  2.932732e-02  
   3.0200300  1.669289e+00  5.445508e-02  1.669374e+00  5.447417e-02  1.469490e+00  3.459598e-02  
   3.0410299  1.707841e+00  6.667466e-02  1.707932e+00  6.669898e-02  1.499044e+00  4.112979e-02  
   3.0610299  1.746320e+00  8.096726e-02  1.746415e+00  8.099756e-02  1.528780e+00  4.878122e-02  
   3.0820301  1.788370e+00  9.919784e-02  1.788469e+00  9.923564e-02  1.561680e+00  5.861762e-02  
   3.1030300  1.831804e+00  1.211705e-01  1.831907e+00  1.212171e-01  1.596254e+00  7.064493e-02  
   3.1240301  1.876207e+00  1.473033e-01  1.876313e+00  1.473599e-01  1.632400e+00  8.524319e-02  
   3.1450300  1.921049e+00  1.779539e-01  1.921157e+00  1.780215e-01  1.669932e+00  1.028109e-01  
   3.1660299  1.965706e+00  2.133931e-01  1.965814e+00  2.134729e-01  1.708579e+00  1.237510e-01  
   3.1860299  2.007413e+00  2.517398e-01  2.007521e+00  2.518318e-01  1.746081e+00  1.471833e-01  
   3.2070301  2.049602e+00  2.968465e-01  2.049709e+00  2.969517e-01  1.785737e+00  1.757852e-01  
   3.2280300  2.089371e+00  3.467799e-01  2.089476e+00  3.468984e-01  1.825114e+00  2.087594e-01  
   3.2490301  2.125941e+00  4.012442e-01  2.126043e+00  4.013757e-01  1.863553e+00  2.462946e-01  
   3.2700300  2.158591e+00  4.597828e-01  2.158689e+00  4.599261e-01  1.900323e+00  2.884569e-01  
   3.2910299  2.186699e+00  5.217973e-01  2.186790e+00  5.219508e-01  1.934650e+00  3.351685e-01  
   3.3110299  2.208798e+00  5.834377e-01  2.208882e+00  5.835994e-01  1.964357e+00  3.836679e-01  
   3.3320301  2.226784e+00  6.501086e-01  2.226861e+00  6.502767e-01  1.991694e+00  4.384160e-01  
   3.3536301  2.239554e+00  7.199095e-01  2.239623e+00  7.200815e-01  2.014999e+00  4.982228e-01  
   3.3736300  2.246233e+00  7.848827e-01  2.246294e+00  7.850559e-01  2.031705e+00  5.560847e-01  
   3.3946300  2.248124e+00  8.527219e-01  2.248177e+00  8.528935e-01  2.043821e+00  6.185929e-01  
   3.4156301  2.245127e+00  9.195136e-01  2.245172e+00  9.196814e-01  2.050179e+00  6.819828e-01  
   3.4366300  2.237726e+00  9.847134e-01  2.237762e+00  9.848754e-01  2.050783e+00  7.452827e-01  
   3.4576299  2.226481e+00  1.047920e+00  2.226508e+00  1.048074e+00  2.045850e+00  8.075345e-01  
   3.4776299  2.212742e+00  1.106027e+00  2.212761e+00  1.106173e+00  2.036398e+00  8.650283e-01  
   3.4986300  2.195699e+00  1.164729e+00  2.195709e+00  1.164865e+00  2.022061e+00  9.227610e-01  
   3.5196300  2.176507e+00  1.221052e+00  2.176506e+00  1.221179e+00  2.003948e+00  9.771763e-01  
   3.5406301  2.155638e+00  1.275077e+00  2.155627e+00  1.275194e+00  1.982918e+00  1.027838e+00  
   3.5616300  2.133466e+00  1.326931e+00  2.133445e+00  1.327039e+00  1.959865e+00  1.074517e+00  
   3.5826299  2.110276e+00  1.376763e+00  2.110243e+00  1.376864e+00  1.935680e+00  1.117200e+00  
   3.6026299  2.087424e+00  1.422467e+00  2.087377e+00  1.422562e+00  1.912344e+00  1.154306e+00  
   3.6236300  2.062740e+00  1.468710e+00  2.062680e+00  1.468801e+00  1.888205e+00  1.189888e+00  
   3.6446300  2.037430e+00  1.513212e+00  2.037356e+00  1.513301e+00  1.864984e+00  1.222487e+00  
   3.6656301  2.011551e+00  1.555970e+00  2.011463e+00  1.556058e+00  1.843066e+00  1.252671e+00  
   3.6866300  1.985173e+00  1.596928e+00  1.985073e+00  1.597016e+00  1.822660e+00  1.281037e+00  
   3.7076299  1.958400e+00  1.635997e+00  1.958289e+00  1.636088e+00  1.803806e+00  1.308149e+00  
   3.7276299  1.932683e+00  1.671355e+00  1.932562e+00  1.671449e+00  1.787208e+00  1.333258e+00  
   3.7486300  1.905667e+00  1.706452e+00  1.905538e+00  1.706550e+00  1.771028e+00  1.359243e+00  
   3.7702301  1.878182e+00  1.740331e+00  1.878046e+00  1.740433e+00  1.755480e+00  1.385832e+00  
   3.7902300  1.853347e+00  1.769707e+00  1.853207e+00  1.769814e+00  1.741858e+00  1.410442e+00  
   3.8112299  1.828319e+00  1.798595e+00  1.828177e+00  1.798707e+00  1.728184e+00  1.436282e+00  
   3.8322301  1.804814e+00  1.825694e+00  1.804672e+00  1.825813e+00  1.715062e+00  1.462042e+00  
   3.8532300  1.783294e+00  1.851353e+00  1.783154e+00  1.851478e+00  1.702507e+00  1.487597e+00  
   3.8742299  1.764198e+00  1.876057e+00  1.764062e+00  1.876189e+00  1.690653e+00  1.512823e+00  
   3.8942299  1.748604e+00  1.899263e+00  1.748474e+00  1.899402e+00  1.680231e+00  1.536472e+00  
   3.9152300  1.735214e+00  1.924008e+00  1.735091e+00  1.924154e+00  1.670504e+00  1.560923e+00  
   3.9362299  1.725015e+00  1.949981e+00  1.724899e+00  1.950135e+00  1.662384e+00  1.585124e+00  
   3.9572301  1.717969e+00  1.978122e+00  1.717860e+00  1.978286e+00  1.656240e+00  1.609372e+00  
   3.9782300  1.713831e+00  2.009416e+00  1.713730e+00  2.009590e+00  1.652392e+00  1.634122e+00  
   3.9992299  1.712134e+00  2.044848e+00  1.712040e+00  2.045033e+00  1.651064e+00  1.659992e+00  
   4.0192299  1.712146e+00  2.083298e+00  1.712057e+00  2.083494e+00  1.652216e+00  1.686363e+00  
   4.0402298  1.712971e+00  2.129412e+00  1.712885e+00  2.129622e+00  1.655866e+00  1.716704e+00  
   4.0612302  1.713499e+00  2.182077e+00  1.713414e+00  2.182302e+00  1.661705e+00  1.750682e+00  
   4.0822301  1.712402e+00  2.241759e+00  1.712315e+00  2.241998e+00  1.669176e+00  1.789250e+00  
   4.1032300  1.708207e+00  2.308672e+00  1.708114e+00  2.308926e+00  1.677472e+00  1.833321e+00  
   4.1242299  1.699363e+00  2.382748e+00  1.699260e+00  2.383016e+00  1.685534e+00  1.883710e+00  
   4.1442299  1.685174e+00  2.459612e+00  1.685059e+00  2.459894e+00  1.691811e+00  1.938166e+00  
   4.1652298  1.662758e+00  2.546307e+00  1.662626e+00  2.546600e+00  1.695498e+00  2.002544e+00  
   4.1868300  1.630200e+00  2.640878e+00  1.630047e+00  2.641181e+00  1.694475e+00  2.076592e+00  
   4.2068300  1.590300e+00  2.732174e+00  1.590123e+00  2.732484e+00  1.687538e+00  2.152051e+00  
   4.2278299  1.537323e+00  2.830487e+00  1.537117e+00  2.830801e+00  1.672341e+00  2.237860e+00  
   4.2488298  1.472247e+00  2.929705e+00  1.472011e+00  2.930017e+00  1.647364e+00  2.329452e+00  
   4.2698302  1.394601e+00  3.028067e+00  1.394332e+00  3.028376e+00  1.611067e+00  2.425460e+00  
   4.2908301  1.304218e+00  3.123723e+00  1.303914e+00  3.124023e+00  1.562166e+00  2.524137e+00  
   4.3108301  1.206414e+00  3.210589e+00  1.206076e+00  3.210879e+00  1.503022e+00  2.618709e+00  
   4.3318300  1.091811e+00  3.295552e+00  1.091436e+00  3.295827e+00  1.427233e+00  2.716398e+00  
   4.3528299  9.656917e-01  3.372313e+00  9.652821e-01  3.372571e+00  1.337404e+00  2.810005e+00  
   4.3738298  8.290126e-01  3.439121e+00  8.285689e-01  3.439363e+00  1.234045e+00  2.897012e+00  
   4.3948302  6.829669e-01  3.494334e+00  6.824925e-01  3.494557e+00  1.118200e+00  2.974981e+00  
   4.4158301  5.289859e-01  3.536446e+00  5.284839e-01  3.536649e+00  9.914322e-01  3.041682e+00  
   4.4358301  3.764468e-01  3.563157e+00  3.759227e-01  3.563342e+00  8.623755e-01  3.092991e+00  
   4.4568300  2.118425e-01  3.576060e+00  2.113001e-01  3.576228e+00  7.203881e-01  3.132613e+00  
   4.4778299  4.464341e-02  3.572587e+00  4.408834e-02  3.572738e+00  5.743170e-01  3.156668e+00  
   4.4988298  -1.230260e-01  3.552157e+00  -1.235875e-01  3.552292e+00  4.268651e-01  3.164707e+00  
   4.5198302  -2.889377e-01  3.514522e+00  -2.894993e-01  3.514642e+00  2.807056e-01  3.156837e+00  
   4.5408301  -4.507913e-01  3.459816e+00  -4.513471e-01  3.459925e+00  1.383650e-01  3.133681e+00  
   4.5608301  -5.990701e-01  3.392343e+00  -5.996147e-01  3.392440e+00  8.412053e-03  3.098405e+00  
   4.5818300  -7.464622e-01  3.306282e+00  -7.469908e-01  3.306371e+00  -1.203199e-01  3.048877e+00  
   4.6034298  -8.870431e-01  3.202960e+00  -8.875511e-01  3.203041e+00  -2.429333e-01  2.986378e+00  
   4.6234298  -1.005522e+00  3.095594e+00  -1.006008e+00  3.095668e+00  -3.466104e-01  2.919836e+00  
   4.6444302  -1.116354e+00  2.972851e+00  -1.116816e+00  2.972920e+00  -4.446546e-01  2.842893e+00  
   4.6654301  -1.212175e+00  2.842261e+00  -1.212614e+00  2.842327e+00  -5.313720e-01  2.760617e+00  
   4.6864300  -1.292315e+00  2.706441e+00  -1.292732e+00  2.706506e+00  -6.068560e-01  2.674848e+00  
   4.7074299  -1.356588e+00  2.568075e+00  -1.356985e+00  2.568140e+00  -6.714767e-01  2.587275e+00  
   4.7274299  -1.403318e+00  2.436331e+00  -1.403698e+00  2.436397e+00  -7.234495e-01  2.503572e+00  
   4.7484298  -1.437888e+00  2.300384e+00  -1.438254e+00  2.300451e+00  -7.686659e-01  2.416612e+00  
   4.7694302  -1.458715e+00  2.169012e+00  -1.459070e+00  2.169080e+00  -8.051015e-01  2.331673e+00  
   4.7904301  -1.467225e+00  2.044033e+00  -1.467573e+00  2.044102e+00  -8.336114e-01  2.249637e+00  
   4.8114300  -1.465050e+00  1.926848e+00  -1.465392e+00  1.926918e+00  -8.550617e-01  2.171190e+00  
   4.8324299  -1.453923e+00  1.818444e+00  -1.454263e+00  1.818514e+00  -8.703006e-01  2.096838e+00  
   4.8524299  -1.436597e+00  1.723896e+00  -1.436935e+00  1.723963e+00  -8.797818e-01  2.030156e+00  
   4.8734298  -1.412943e+00  1.633956e+00  -1.413280e+00  1.634021e+00  -8.851877e-01  1.964674e+00  
   4.8944302  -1.385204e+00  1.553488e+00  -1.385540e+00  1.553547e+00  -8.866322e-01  1.903928e+00  
   4.9154301  -1.354741e+00  1.482151e+00  -1.355074e+00  1.482203e+00  -8.847661e-01  1.847907e+00  
   4.9364300  -1.322715e+00  1.419418e+00  -1.323045e+00  1.419461e+00  -8.801794e-01  1.796514e+00  
   4.9574299  -1.290082e+00  1.364637e+00  -1.290407e+00  1.364671e+00  -8.733996e-01  1.749586e+00  
   4.9774299  -1.259137e+00  1.319202e+00  -1.259455e+00  1.319225e+00  -8.653315e-01  1.708847e+00  
   4.9984298  -1.227345e+00  1.277851e+00  -1.227655e+00  1.277862e+00  -8.555606e-01  1.669984e+00  
