w Re-xx Im-xx Re-yy Im-yy Re-zz Im-zz
# Gaussian absolute broadening  0.15 [eV]
   0.0000000  7.701788e-01  8.899291e-05  7.701672e-01  8.899298e-05  7.251650e-01  7.887776e-05  
   0.0200000  7.702794e-01  9.524674e-05  7.702680e-01  9.524683e-05  7.252541e-01  8.441658e-05  
   0.0410000  7.703991e-01  1.023732e-04  7.703878e-01  1.023733e-04  7.253603e-01  9.072807e-05  
   0.0620000  7.705355e-01  1.101097e-04  7.705239e-01  1.101099e-04  7.254809e-01  9.757964e-05  
   0.0830000  7.706900e-01  1.184906e-04  7.706786e-01  1.184908e-04  7.256182e-01  1.050015e-04  
   0.1040000  7.708656e-01  1.275453e-04  7.708543e-01  1.275456e-04  7.257738e-01  1.130197e-04  
   0.1240000  7.710538e-01  1.368168e-04  7.710425e-01  1.368172e-04  7.259405e-01  1.212294e-04  
   0.1450000  7.712760e-01  1.472474e-04  7.712647e-01  1.472480e-04  7.261377e-01  1.304651e-04  
   0.1660000  7.715258e-01  1.583972e-04  7.715144e-01  1.583980e-04  7.263587e-01  1.403366e-04  
   0.1870000  7.718046e-01  1.702625e-04  7.717931e-01  1.702634e-04  7.266056e-01  1.508409e-04  
   0.2080000  7.721149e-01  1.828288e-04  7.721035e-01  1.828300e-04  7.268807e-01  1.619647e-04  
   0.2290000  7.724583e-01  1.960706e-04  7.724471e-01  1.960721e-04  7.271850e-01  1.736852e-04  
   0.2490000  7.728181e-01  2.092775e-04  7.728066e-01  2.092793e-04  7.275035e-01  1.853733e-04  
   0.2700000  7.732309e-01  2.237279e-04  7.732195e-01  2.237301e-04  7.278691e-01  1.981602e-04  
   0.2910000  7.736808e-01  2.387262e-04  7.736694e-01  2.387288e-04  7.282676e-01  2.114298e-04  
   0.3120000  7.741688e-01  2.542185e-04  7.741575e-01  2.542216e-04  7.287001e-01  2.251340e-04  
   0.3330000  7.746951e-01  2.701491e-04  7.746838e-01  2.701527e-04  7.291660e-01  2.392232e-04  
   0.3540000  7.752603e-01  2.864646e-04  7.752489e-01  2.864688e-04  7.296664e-01  2.536494e-04  
   0.3740000  7.758347e-01  3.023149e-04  7.758230e-01  3.023195e-04  7.301748e-01  2.676612e-04  
   0.3950000  7.764753e-01  3.192424e-04  7.764640e-01  3.192475e-04  7.307423e-01  2.826212e-04  
   0.4160000  7.771550e-01  3.364237e-04  7.771436e-01  3.364292e-04  7.313437e-01  2.978012e-04  
   0.4374300  7.778886e-01  3.541864e-04  7.778773e-01  3.541924e-04  7.319932e-01  3.134901e-04  
   0.4574300  7.786092e-01  3.709501e-04  7.785978e-01  3.709565e-04  7.326313e-01  3.282921e-04  
   0.4784300  7.794037e-01  3.887287e-04  7.793923e-01  3.887353e-04  7.333342e-01  3.439850e-04  
   0.4994300  7.802364e-01  4.066761e-04  7.802252e-01  4.066831e-04  7.340709e-01  3.598212e-04  
   0.5204300  7.811079e-01  4.247855e-04  7.810968e-01  4.247927e-04  7.348421e-01  3.757943e-04  
   0.5414300  7.820178e-01  4.430532e-04  7.820067e-01  4.430606e-04  7.356471e-01  3.919007e-04  
   0.5614300  7.829210e-01  4.605980e-04  7.829099e-01  4.606055e-04  7.364458e-01  4.073638e-04  
   0.5824300  7.839074e-01  4.791765e-04  7.838964e-01  4.791843e-04  7.373181e-01  4.237312e-04  
   0.6034300  7.849330e-01  4.979189e-04  7.849216e-01  4.979268e-04  7.382249e-01  4.402354e-04  
   0.6244300  7.859984e-01  5.168299e-04  7.859874e-01  5.168382e-04  7.391670e-01  4.568810e-04  
   0.6454300  7.871041e-01  5.359155e-04  7.870932e-01  5.359241e-04  7.401443e-01  4.736721e-04  
   0.6664300  7.882498e-01  5.551817e-04  7.882389e-01  5.551908e-04  7.411571e-01  4.906140e-04  
   0.6864300  7.893788e-01  5.737048e-04  7.893679e-01  5.737141e-04  7.421545e-01  5.068947e-04  
   0.7074300  7.906043e-01  5.933439e-04  7.905934e-01  5.933539e-04  7.432372e-01  5.241475e-04  
   0.7284300  7.918712e-01  6.131844e-04  7.918604e-01  6.131951e-04  7.443563e-01  5.415683e-04  
   0.7494300  7.931803e-01  6.332344e-04  7.931696e-01  6.332461e-04  7.455125e-01  5.591638e-04  
   0.7704300  7.945315e-01  6.535013e-04  7.945209e-01  6.535141e-04  7.467055e-01  5.769399e-04  
   0.7914300  7.959256e-01  6.739938e-04  7.959149e-01  6.740079e-04  7.479363e-01  5.949038e-04  
   0.8114300  7.972931e-01  6.937276e-04  7.972825e-01  6.937430e-04  7.491432e-01  6.121929e-04  
   0.8324300  7.987717e-01  7.146846e-04  7.987612e-01  7.147017e-04  7.504479e-01  6.305436e-04  
   0.8540300  8.003392e-01  7.365035e-04  8.003287e-01  7.365223e-04  7.518306e-01  6.496372e-04  
   0.8740300  8.018324e-01  7.569522e-04  8.018218e-01  7.569728e-04  7.531478e-01  6.675213e-04  
   0.8950300  8.034447e-01  7.786884e-04  8.034343e-01  7.787111e-04  7.545692e-01  6.865193e-04  
   0.9160300  8.051027e-01  8.007059e-04  8.050923e-01  8.007306e-04  7.560311e-01  7.057512e-04  
   0.9370300  8.068075e-01  8.230155e-04  8.067971e-01  8.230422e-04  7.575333e-01  7.252258e-04  
   0.9580300  8.085590e-01  8.456283e-04  8.085487e-01  8.456570e-04  7.590767e-01  7.449516e-04  
   0.9780300  8.102722e-01  8.674570e-04  8.102618e-01  8.674874e-04  7.605855e-01  7.639811e-04  
   0.9990300  8.121181e-01  8.906953e-04  8.121079e-01  8.907273e-04  7.622110e-01  7.842251e-04  
   1.0200300  8.140129e-01  9.142712e-04  8.140031e-01  9.143049e-04  7.638794e-01  8.047486e-04  
   1.0410300  8.159584e-01  9.381975e-04  8.159483e-01  9.382325e-04  7.655913e-01  8.255613e-04  
   1.0620300  8.179543e-01  9.624863e-04  8.179445e-01  9.625218e-04  7.673475e-01  8.466741e-04  
   1.0830300  8.200018e-01  9.871506e-04  8.199920e-01  9.871867e-04  7.691482e-01  8.680956e-04  
   1.1030300  8.220002e-01  1.011001e-03  8.219905e-01  1.011038e-03  7.709053e-01  8.887946e-04  
   1.1240300  8.241501e-01  1.036435e-03  8.241404e-01  1.036472e-03  7.727953e-01  9.108514e-04  
   1.1450300  8.263543e-01  1.062285e-03  8.263445e-01  1.062322e-03  7.747318e-01  9.332503e-04  
   1.1660300  8.286130e-01  1.088564e-03  8.286034e-01  1.088602e-03  7.767160e-01  9.560018e-04  
   1.1870300  8.309272e-01  1.115288e-03  8.309178e-01  1.115326e-03  7.787480e-01  9.791187e-04  
   1.2080300  8.332981e-01  1.142472e-03  8.332889e-01  1.142510e-03  7.808293e-01  1.002613e-03  
   1.2280300  8.356090e-01  1.168803e-03  8.355998e-01  1.168842e-03  7.828568e-01  1.025352e-03  
   1.2490300  8.380930e-01  1.196932e-03  8.380836e-01  1.196973e-03  7.850352e-01  1.049622e-03  
   1.2706300  8.407101e-01  1.226399e-03  8.407009e-01  1.226441e-03  7.873299e-01  1.075023e-03  
   1.2906300  8.431903e-01  1.254182e-03  8.431811e-01  1.254227e-03  7.895033e-01  1.098951e-03  
   1.3116300  8.458548e-01  1.283892e-03  8.458459e-01  1.283938e-03  7.918379e-01  1.124514e-03  
   1.3326300  8.485821e-01  1.314170e-03  8.485732e-01  1.314219e-03  7.942262e-01  1.150542e-03  
   1.3536299  8.513736e-01  1.345041e-03  8.513648e-01  1.345092e-03  7.966695e-01  1.177053e-03  
   1.3746300  8.542308e-01  1.376525e-03  8.542220e-01  1.376579e-03  7.991689e-01  1.204065e-03  
   1.3946300  8.570139e-01  1.407102e-03  8.570054e-01  1.407159e-03  8.016033e-01  1.230273e-03  
   1.4156300  8.600029e-01  1.439854e-03  8.599946e-01  1.439913e-03  8.042158e-01  1.258316e-03  
   1.4366300  8.630614e-01  1.473292e-03  8.630533e-01  1.473354e-03  8.068880e-01  1.286917e-03  
   1.4576300  8.661914e-01  1.507443e-03  8.661832e-01  1.507507e-03  8.096215e-01  1.316097e-03  
   1.4786299  8.693940e-01  1.542333e-03  8.693858e-01  1.542400e-03  8.124169e-01  1.345876e-03  
   1.4996300  8.726707e-01  1.577993e-03  8.726627e-01  1.578061e-03  8.152755e-01  1.376278e-03  
   1.5196300  8.758616e-01  1.612695e-03  8.758538e-01  1.612765e-03  8.180580e-01  1.405830e-03  
   1.5406300  8.792876e-01  1.649941e-03  8.792799e-01  1.650012e-03  8.210437e-01  1.437513e-03  
   1.5616300  8.827929e-01  1.688047e-03  8.827853e-01  1.688121e-03  8.240967e-01  1.469890e-03  
   1.5826300  8.863791e-01  1.727049e-03  8.863717e-01  1.727124e-03  8.272187e-01  1.502985e-03  
   1.6036299  8.900480e-01  1.766984e-03  8.900408e-01  1.767060e-03  8.304110e-01  1.536829e-03  
   1.6246300  8.938016e-01  1.807889e-03  8.937947e-01  1.807968e-03  8.336746e-01  1.571449e-03  
   1.6446300  8.974568e-01  1.847788e-03  8.974500e-01  1.847869e-03  8.368509e-01  1.605171e-03  
   1.6656300  9.013818e-01  1.890716e-03  9.013749e-01  1.890798e-03  8.402590e-01  1.641399e-03  
   1.6872300  9.055136e-01  1.936027e-03  9.055071e-01  1.936111e-03  8.438455e-01  1.679576e-03  
   1.7072300  9.094273e-01  1.979078e-03  9.094210e-01  1.979164e-03  8.472403e-01  1.715784e-03  
   1.7282300  9.136310e-01  2.025473e-03  9.136248e-01  2.025562e-03  8.508831e-01  1.754733e-03  
   1.7492300  9.179326e-01  2.073156e-03  9.179268e-01  2.073248e-03  8.546094e-01  1.794676e-03  
   1.7702301  9.223354e-01  2.122200e-03  9.223297e-01  2.122296e-03  8.584200e-01  1.835658e-03  
   1.7912300  9.268422e-01  2.172688e-03  9.268368e-01  2.172787e-03  8.623179e-01  1.877732e-03  
   1.8112299  9.312339e-01  2.222201e-03  9.312285e-01  2.222304e-03  8.661136e-01  1.918866e-03  
   1.8322300  9.359524e-01  2.275791e-03  9.359473e-01  2.275896e-03  8.701890e-01  1.963231e-03  
   1.8532300  9.407842e-01  2.331137e-03  9.407794e-01  2.331248e-03  8.743585e-01  2.008862e-03  
   1.8742300  9.457324e-01  2.388378e-03  9.457279e-01  2.388494e-03  8.786253e-01  2.055835e-03  
   1.8952301  9.508016e-01  2.447665e-03  9.507971e-01  2.447786e-03  8.829921e-01  2.104232e-03  
   1.9162300  9.559937e-01  2.509174e-03  9.559894e-01  2.509300e-03  8.874614e-01  2.154146e-03  
   1.9362299  9.610565e-01  2.569997e-03  9.610525e-01  2.570128e-03  8.918161e-01  2.203193e-03  
   1.9572300  9.665000e-01  2.636427e-03  9.664968e-01  2.636565e-03  8.964947e-01  2.256404e-03  
   1.9782300  9.720798e-01  2.705723e-03  9.720767e-01  2.705868e-03  9.012854e-01  2.311512e-03  
   1.9992300  9.777983e-01  2.778147e-03  9.777952e-01  2.778300e-03  9.061911e-01  2.368695e-03  
   2.0202301  9.836608e-01  2.853987e-03  9.836582e-01  2.854148e-03  9.112161e-01  2.428161e-03  
   2.0412300  9.896713e-01  2.933544e-03  9.896691e-01  2.933715e-03  9.163634e-01  2.490159e-03  
   2.0612299  9.955385e-01  3.013060e-03  9.955363e-01  3.013241e-03  9.213832e-01  2.551824e-03  
   2.0822301  1.001853e+00  3.100806e-03  1.001851e+00  3.101000e-03  9.267818e-01  2.619645e-03  
   2.1038301  1.008520e+00  3.195958e-03  1.008519e+00  3.196166e-03  9.324757e-01  2.693098e-03  
   2.1238301  1.014853e+00  3.288810e-03  1.014852e+00  3.289034e-03  9.378791e-01  2.764862e-03  
   2.1448300  1.021673e+00  3.391555e-03  1.021673e+00  3.391795e-03  9.436944e-01  2.844586e-03  
   2.1658299  1.028676e+00  3.500020e-03  1.028675e+00  3.500278e-03  9.496586e-01  2.929333e-03  
   2.1868300  1.035868e+00  3.614559e-03  1.035868e+00  3.614837e-03  9.557781e-01  3.019712e-03  
   2.2078300  1.043256e+00  3.735524e-03  1.043256e+00  3.735823e-03  9.620577e-01  3.116372e-03  
   2.2278299  1.050481e+00  3.857051e-03  1.050483e+00  3.857370e-03  9.681938e-01  3.214901e-03  
   2.2488301  1.058276e+00  3.991675e-03  1.058277e+00  3.992015e-03  9.748042e-01  3.325845e-03  
   2.2698300  1.066290e+00  4.133910e-03  1.066292e+00  4.134272e-03  9.815929e-01  3.445184e-03  
   2.2908299  1.074534e+00  4.284248e-03  1.074537e+00  4.284633e-03  9.885677e-01  3.573678e-03  
   2.3118300  1.083018e+00  4.443232e-03  1.083022e+00  4.443640e-03  9.957347e-01  3.712089e-03  
   2.3328300  1.091753e+00  4.611478e-03  1.091757e+00  4.611911e-03  1.003101e+00  3.861181e-03  
   2.3528299  1.100314e+00  4.780966e-03  1.100319e+00  4.781422e-03  1.010310e+00  4.013816e-03  
   2.3738301  1.109570e+00  4.969425e-03  1.109576e+00  4.969908e-03  1.018090e+00  4.186013e-03  
   2.3948300  1.119111e+00  5.169524e-03  1.119117e+00  5.170035e-03  1.026093e+00  4.371218e-03  
   2.4158299  1.128953e+00  5.382294e-03  1.128959e+00  5.382834e-03  1.034331e+00  4.570279e-03  
   2.4368300  1.139108e+00  5.608901e-03  1.139115e+00  5.609474e-03  1.042814e+00  4.784086e-03  
   2.4578300  1.149594e+00  5.850651e-03  1.149602e+00  5.851261e-03  1.051552e+00  5.013586e-03  
   2.4778299  1.159904e+00  6.096333e-03  1.159913e+00  6.096983e-03  1.060122e+00  5.247711e-03  
   2.4988301  1.171087e+00  6.372149e-03  1.171097e+00  6.372842e-03  1.069393e+00  5.510985e-03  
   2.5204301  1.182995e+00  6.676959e-03  1.183006e+00  6.677706e-03  1.079237e+00  5.801762e-03  
   2.5404301  1.194407e+00  6.980432e-03  1.194418e+00  6.981235e-03  1.088644e+00  6.090438e-03  
   2.5614300  1.206814e+00  7.323732e-03  1.206826e+00  7.324597e-03  1.098839e+00  6.415303e-03  
   2.5824299  1.219684e+00  7.695547e-03  1.219698e+00  7.696484e-03  1.109378e+00  6.764399e-03  
   2.6034300  1.233047e+00  8.099985e-03  1.233062e+00  8.101000e-03  1.120282e+00  7.140102e-03  
   2.6244299  1.246938e+00  8.542148e-03  1.246954e+00  8.543243e-03  1.131572e+00  7.545288e-03  
   2.6444299  1.260691e+00  9.004270e-03  1.260709e+00  9.005457e-03  1.142709e+00  7.961912e-03  
   2.6654301  1.275724e+00  9.540522e-03  1.275744e+00  9.541810e-03  1.154828e+00  8.436038e-03  
   2.6864300  1.291409e+00  1.013952e-02  1.291430e+00  1.014093e-02  1.167415e+00  8.953533e-03  
   2.7074299  1.307800e+00  1.081515e-02  1.307822e+00  1.081669e-02  1.180503e+00  9.522048e-03  
   2.7284300  1.324955e+00  1.158554e-02  1.324979e+00  1.158722e-02  1.194130e+00  1.015155e-02  
   2.7494299  1.342940e+00  1.247440e-02  1.342966e+00  1.247626e-02  1.208336e+00  1.085492e-02  
   2.7694299  1.360907e+00  1.345946e-02  1.360935e+00  1.346153e-02  1.222445e+00  1.160867e-02  
   2.7904301  1.380733e+00  1.467809e-02  1.380763e+00  1.468043e-02  1.237916e+00  1.250846e-02  
   2.8114300  1.401632e+00  1.613713e-02  1.401664e+00  1.613983e-02  1.254112e+00  1.354548e-02  
   2.8324299  1.423701e+00  1.790433e-02  1.423736e+00  1.790748e-02  1.271094e+00  1.475307e-02  
   2.8534300  1.447047e+00  2.006660e-02  1.447086e+00  2.007035e-02  1.288922e+00  1.617259e-02  
   2.8744299  1.471783e+00  2.273422e-02  1.471825e+00  2.273876e-02  1.307665e+00  1.785485e-02  
   2.8944299  1.496735e+00  2.587087e-02  1.496781e+00  2.587642e-02  1.326432e+00  1.975782e-02  
   2.9154301  1.524509e+00  2.995370e-02  1.524558e+00  2.996060e-02  1.347170e+00  2.214357e-02  
   2.9370301  1.554866e+00  3.521099e-02  1.554919e+00  3.521973e-02  1.369686e+00  2.510476e-02  
   2.9570301  1.584673e+00  4.126609e-02  1.584731e+00  4.127700e-02  1.391676e+00  2.840570e-02  
   2.9780300  1.617791e+00  4.913178e-02  1.617854e+00  4.914558e-02  1.416023e+00  3.257383e-02  
   2.9990301  1.652796e+00  5.886603e-02  1.652863e+00  5.888345e-02  1.441731e+00  3.760970e-02  
   3.0200300  1.689660e+00  7.083496e-02  1.689732e+00  7.085682e-02  1.468864e+00  4.369015e-02  
   3.0410299  1.728294e+00  8.543525e-02  1.728370e+00  8.546245e-02  1.497476e+00  5.102166e-02  
   3.0610299  1.766579e+00  1.021663e-01  1.766659e+00  1.021996e-01  1.526130e+00  5.938460e-02  
   3.0820301  1.808099e+00  1.231021e-01  1.808183e+00  1.231427e-01  1.557695e+00  6.987451e-02  
   3.1030300  1.850628e+00  1.478805e-01  1.850715e+00  1.479295e-01  1.590740e+00  8.241064e-02  
   3.1240301  1.893723e+00  1.768596e-01  1.893812e+00  1.769180e-01  1.625183e+00  9.732138e-02  
   3.1450300  1.936843e+00  2.103282e-01  1.936932e+00  2.103967e-01  1.660872e+00  1.149539e-01  
   3.1660299  1.979367e+00  2.484820e-01  1.979455e+00  2.485615e-01  1.697587e+00  1.356640e-01  
   3.1860299  2.018688e+00  2.892473e-01  2.018774e+00  2.893377e-01  1.733223e+00  1.585665e-01  
   3.2070301  2.058045e+00  3.366474e-01  2.058127e+00  3.367496e-01  1.770959e+00  1.862568e-01  
   3.2280300  2.094709e+00  3.885568e-01  2.094787e+00  3.886707e-01  1.808536e+00  2.179383e-01  
   3.2490301  2.127985e+00  4.446261e-01  2.128055e+00  4.447514e-01  1.845376e+00  2.537960e-01  
   3.2700300  2.157237e+00  5.043612e-01  2.157299e+00  5.044973e-01  1.880824e+00  2.939071e-01  
   3.2910299  2.181936e+00  5.671455e-01  2.181991e+00  5.672917e-01  1.914178e+00  3.382187e-01  
   3.3110299  2.200857e+00  6.291236e-01  2.200902e+00  6.292783e-01  1.943336e+00  3.841437e-01  
   3.3320301  2.215647e+00  6.957509e-01  2.215681e+00  6.959133e-01  1.970541e+00  4.359334e-01  
   3.3536301  2.225339e+00  7.651147e-01  2.225362e+00  7.652838e-01  1.994220e+00  4.924874e-01  
   3.3736300  2.229385e+00  8.293679e-01  2.229398e+00  8.295420e-01  2.011754e+00  5.472128e-01  
   3.3946300  2.228748e+00  8.961673e-01  2.228752e+00  8.963451e-01  2.025246e+00  6.063749e-01  
   3.4156301  2.223457e+00  9.616701e-01  2.223450e+00  9.618506e-01  2.033498e+00  6.664480e-01  
   3.4366300  2.213968e+00  1.025365e+00  2.213949e+00  1.025547e+00  2.036497e+00  7.265533e-01  
   3.4576299  2.200807e+00  1.086873e+00  2.200777e+00  1.087056e+00  2.034442e+00  7.858303e-01  
   3.4776299  2.185372e+00  1.143193e+00  2.185332e+00  1.143376e+00  2.028142e+00  8.407872e-01  
   3.4986300  2.166653e+00  1.199837e+00  2.166601e+00  1.200019e+00  2.017501e+00  8.962645e-01  
   3.5196300  2.145877e+00  1.253909e+00  2.145812e+00  1.254089e+00  2.003412e+00  9.489346e-01  
   3.5406301  2.123507e+00  1.305472e+00  2.123428e+00  1.305652e+00  1.986645e+00  9.984418e-01  
   3.5616300  2.099931e+00  1.354643e+00  2.099839e+00  1.354822e+00  1.967987e+00  1.044614e+00  
   3.5826299  2.075461e+00  1.401561e+00  2.075355e+00  1.401738e+00  1.948210e+00  1.087468e+00  
   3.6026299  2.051536e+00  1.444276e+00  2.051414e+00  1.444451e+00  1.928956e+00  1.125356e+00  
   3.6236300  2.025921e+00  1.487166e+00  2.025784e+00  1.487340e+00  1.908848e+00  1.162365e+00  
   3.6446300  1.999922e+00  1.528123e+00  1.999772e+00  1.528294e+00  1.889271e+00  1.196922e+00  
   3.6656301  1.973636e+00  1.567177e+00  1.973473e+00  1.567345e+00  1.870491e+00  1.229468e+00  
   3.6866300  1.947165e+00  1.604323e+00  1.946991e+00  1.604488e+00  1.852634e+00  1.260442e+00  
   3.7076299  1.920634e+00  1.639530e+00  1.920451e+00  1.639691e+00  1.835694e+00  1.290241e+00  
   3.7276299  1.895463e+00  1.671221e+00  1.895275e+00  1.671380e+00  1.820326e+00  1.317820e+00  
   3.7486300  1.869352e+00  1.702547e+00  1.869161e+00  1.702701e+00  1.804850e+00  1.346159e+00  
   3.7702301  1.843129e+00  1.732707e+00  1.842938e+00  1.732856e+00  1.789481e+00  1.374772e+00  
   3.7902300  1.819737e+00  1.758848e+00  1.819550e+00  1.758993e+00  1.775634e+00  1.400815e+00  
   3.8112299  1.796468e+00  1.784624e+00  1.796289e+00  1.784764e+00  1.761446e+00  1.427663e+00  
   3.8322301  1.774927e+00  1.808966e+00  1.774759e+00  1.809102e+00  1.747659e+00  1.453928e+00  
   3.8532300  1.755521e+00  1.832277e+00  1.755365e+00  1.832410e+00  1.734422e+00  1.479539e+00  
   3.8742299  1.738625e+00  1.855091e+00  1.738484e+00  1.855222e+00  1.721985e+00  1.504469e+00  
   3.8942299  1.725152e+00  1.876955e+00  1.725025e+00  1.877085e+00  1.711186e+00  1.527622e+00  
   3.9152300  1.713949e+00  1.900791e+00  1.713837e+00  1.900921e+00  1.701313e+00  1.551469e+00  
   3.9362299  1.705830e+00  1.926374e+00  1.705733e+00  1.926508e+00  1.693340e+00  1.575135e+00  
   3.9572301  1.700692e+00  1.954638e+00  1.700607e+00  1.954777e+00  1.687644e+00  1.599068e+00  
   3.9782300  1.698227e+00  1.986539e+00  1.698152e+00  1.986684e+00  1.684530e+00  1.623867e+00  
   3.9992299  1.697910e+00  2.023025e+00  1.697843e+00  2.023177e+00  1.684186e+00  1.650272e+00  
   4.0192299  1.698917e+00  2.062844e+00  1.698852e+00  2.063005e+00  1.686465e+00  1.677701e+00  
   4.0402298  1.700413e+00  2.110716e+00  1.700347e+00  2.110887e+00  1.691441e+00  1.709802e+00  
   4.0612302  1.701203e+00  2.165392e+00  1.701131e+00  2.165571e+00  1.698688e+00  1.746257e+00  
   4.0822301  1.699943e+00  2.227246e+00  1.699861e+00  2.227436e+00  1.707578e+00  1.788041e+00  
   4.1032300  1.695170e+00  2.296406e+00  1.695072e+00  2.296601e+00  1.717230e+00  1.836066e+00  
   4.1242299  1.685358e+00  2.372694e+00  1.685241e+00  2.372895e+00  1.726508e+00  1.891108e+00  
   4.1442299  1.669936e+00  2.451545e+00  1.669795e+00  2.451747e+00  1.733742e+00  1.950587e+00  
   4.1652298  1.645969e+00  2.540095e+00  1.645799e+00  2.540294e+00  1.738144e+00  2.020762e+00  
   4.1868300  1.611644e+00  2.636224e+00  1.611441e+00  2.636418e+00  1.737466e+00  2.101202e+00  
   4.2068300  1.570063e+00  2.728561e+00  1.569828e+00  2.728746e+00  1.730428e+00  2.182812e+00  
   4.2278299  1.515403e+00  2.827474e+00  1.515132e+00  2.827647e+00  1.714635e+00  2.275147e+00  
   4.2488298  1.448865e+00  2.926732e+00  1.448556e+00  2.926890e+00  1.688515e+00  2.373133e+00  
   4.2698302  1.370111e+00  3.024544e+00  1.369765e+00  3.024683e+00  1.650510e+00  2.475199e+00  
   4.2908301  1.279093e+00  3.119055e+00  1.278710e+00  3.119177e+00  1.599340e+00  2.579389e+00  
   4.3108301  1.181210e+00  3.204314e+00  1.180794e+00  3.204418e+00  1.537543e+00  2.678533e+00  
   4.3318300  1.067133e+00  3.287111e+00  1.066685e+00  3.287195e+00  1.458507e+00  2.780159e+00  
   4.3528299  9.421858e-01  3.361315e+00  9.417087e-01  3.361382e+00  1.365034e+00  2.876695e+00  
   4.3738298  8.072991e-01  3.425306e+00  8.067970e-01  3.425355e+00  1.257731e+00  2.965543e+00  
   4.3948302  6.636001e-01  3.477586e+00  6.630776e-01  3.477619e+00  1.137745e+00  3.044236e+00  
   4.4158301  5.124154e-01  3.516807e+00  5.118775e-01  3.516826e+00  1.006753e+00  3.110561e+00  
   4.4358301  3.628371e-01  3.540948e+00  3.622896e-01  3.540955e+00  8.736928e-01  3.160547e+00  
   4.4568300  2.015114e-01  3.551480e+00  2.009588e-01  3.551473e+00  7.276176e-01  3.197866e+00  
   4.4778299  3.761550e-02  3.546090e+00  3.706347e-02  3.546069e+00  5.776682e-01  3.218818e+00  
   4.4988298  -1.268682e-01  3.524286e+00  -1.274144e-01  3.524253e+00  4.266278e-01  3.223116e+00  
   4.5198302  -2.898334e-01  3.485881e+00  -2.903686e-01  3.485831e+00  2.772369e-01  3.211045e+00  
   4.5408301  -4.490731e-01  3.431026e+00  -4.495927e-01  3.430960e+00  1.320792e-01  3.183417e+00  
   4.5608301  -5.952261e-01  3.363978e+00  -5.957271e-01  3.363896e+00  -1.295919e-04  3.143801e+00  
   4.5818300  -7.407939e-01  3.278921e+00  -7.412719e-01  3.278821e+00  -1.307478e-01  3.089806e+00  
   4.6034298  -8.799299e-01  3.177160e+00  -8.803809e-01  3.177038e+00  -2.547597e-01  3.022974e+00  
   4.6234298  -9.974312e-01  3.071641e+00  -9.978561e-01  3.071500e+00  -3.592286e-01  2.952794e+00  
   4.6444302  -1.107564e+00  2.951167e+00  -1.107960e+00  2.951005e+00  -4.575817e-01  2.872527e+00  
   4.6654301  -1.202963e+00  2.823096e+00  -1.203328e+00  2.822912e+00  -5.440827e-01  2.787518e+00  
   4.6864300  -1.282891e+00  2.689954e+00  -1.283227e+00  2.689750e+00  -6.188486e-01  2.699653e+00  
   4.7074299  -1.347105e+00  2.554351e+00  -1.347412e+00  2.554127e+00  -6.822847e-01  2.610644e+00  
   4.7274299  -1.393868e+00  2.425252e+00  -1.394148e+00  2.425009e+00  -7.327393e-01  2.526168e+00  
   4.7484298  -1.428526e+00  2.292046e+00  -1.428779e+00  2.291785e+00  -7.760068e-01  2.438986e+00  
   4.7694302  -1.449464e+00  2.163337e+00  -1.449692e+00  2.163059e+00  -8.101920e-01  2.354369e+00  
   4.7904301  -1.458086e+00  2.040913e+00  -1.458289e+00  2.040620e+00  -8.362170e-01  2.273130e+00  
   4.8114300  -1.456013e+00  1.926161e+00  -1.456192e+00  1.925852e+00  -8.550157e-01  2.195876e+00  
   4.8324299  -1.444976e+00  1.820057e+00  -1.445133e+00  1.819734e+00  -8.675008e-01  2.123041e+00  
   4.8524299  -1.427727e+00  1.727575e+00  -1.427864e+00  1.727239e+00  -8.743187e-01  2.058038e+00  
   4.8734298  -1.404154e+00  1.639680e+00  -1.404269e+00  1.639330e+00  -8.769361e-01  1.994508e+00  
   4.8944302  -1.376505e+00  1.561133e+00  -1.376599e+00  1.560769e+00  -8.756436e-01  1.935856e+00  
   4.9154301  -1.346152e+00  1.491603e+00  -1.346226e+00  1.491226e+00  -8.711277e-01  1.882032e+00  
   4.9364300  -1.314268e+00  1.430571e+00  -1.314321e+00  1.430180e+00  -8.640052e-01  1.832912e+00  
   4.9574299  -1.281817e+00  1.377392e+00  -1.281850e+00  1.376988e+00  -8.548224e-01  1.788311e+00  
   4.9774299  -1.251089e+00  1.333396e+00  -1.251102e+00  1.332979e+00  -8.446001e-01  1.749828e+00  
   4.9984298  -1.219577e+00  1.293472e+00  -1.219569e+00  1.293041e+00  -8.327138e-01  1.713368e+00  
