w Re-xx Im-xx Re-yy Im-yy Re-zz Im-zz
# Gaussian absolute broadening  0.15 [eV]
   0.0000000  7.700607e-01  8.895624e-05  7.700626e-01  8.895630e-05  7.252101e-01  7.889085e-05  
   0.0200000  7.701613e-01  9.520620e-05  7.701632e-01  9.520630e-05  7.252992e-01  8.443047e-05  
   0.0410000  7.702809e-01  1.023283e-04  7.702829e-01  1.023284e-04  7.254052e-01  9.074281e-05  
   0.0620000  7.704172e-01  1.100601e-04  7.704191e-01  1.100603e-04  7.255260e-01  9.759526e-05  
   0.0830000  7.705718e-01  1.184359e-04  7.705738e-01  1.184361e-04  7.256632e-01  1.050179e-04  
   0.1040000  7.707473e-01  1.274851e-04  7.707492e-01  1.274854e-04  7.258187e-01  1.130371e-04  
   0.1240000  7.709355e-01  1.367511e-04  7.709374e-01  1.367515e-04  7.259858e-01  1.212477e-04  
   0.1450000  7.711576e-01  1.471755e-04  7.711594e-01  1.471762e-04  7.261827e-01  1.304842e-04  
   0.1660000  7.714070e-01  1.583187e-04  7.714089e-01  1.583196e-04  7.264037e-01  1.403568e-04  
   0.1870000  7.716857e-01  1.701770e-04  7.716876e-01  1.701782e-04  7.266508e-01  1.508620e-04  
   0.2080000  7.719957e-01  1.827360e-04  7.719980e-01  1.827375e-04  7.269259e-01  1.619868e-04  
   0.2290000  7.723392e-01  1.959701e-04  7.723412e-01  1.959720e-04  7.272303e-01  1.737084e-04  
   0.2490000  7.726986e-01  2.091692e-04  7.727008e-01  2.091716e-04  7.275488e-01  1.853976e-04  
   0.2700000  7.731112e-01  2.236113e-04  7.731133e-01  2.236142e-04  7.279145e-01  1.981859e-04  
   0.2910000  7.735609e-01  2.386008e-04  7.735628e-01  2.386043e-04  7.283130e-01  2.114570e-04  
   0.3120000  7.740487e-01  2.540839e-04  7.740508e-01  2.540882e-04  7.287454e-01  2.251627e-04  
   0.3330000  7.745748e-01  2.700050e-04  7.745768e-01  2.700101e-04  7.292116e-01  2.392538e-04  
   0.3540000  7.751395e-01  2.863106e-04  7.751415e-01  2.863167e-04  7.297119e-01  2.536821e-04  
   0.3740000  7.757134e-01  3.021513e-04  7.757156e-01  3.021583e-04  7.302205e-01  2.676960e-04  
   0.3950000  7.763539e-01  3.190684e-04  7.763561e-01  3.190764e-04  7.307880e-01  2.826584e-04  
   0.4160000  7.770330e-01  3.362391e-04  7.770352e-01  3.362480e-04  7.313894e-01  2.978409e-04  
   0.4374300  7.777664e-01  3.539907e-04  7.777686e-01  3.540007e-04  7.320391e-01  3.135325e-04  
   0.4574300  7.784868e-01  3.707440e-04  7.784889e-01  3.707549e-04  7.326770e-01  3.283371e-04  
   0.4784300  7.792807e-01  3.885113e-04  7.792831e-01  3.885230e-04  7.333802e-01  3.440327e-04  
   0.4994300  7.801130e-01  4.064475e-04  7.801153e-01  4.064601e-04  7.341172e-01  3.598715e-04  
   0.5204300  7.809841e-01  4.245456e-04  7.809864e-01  4.245588e-04  7.348880e-01  3.758472e-04  
   0.5414300  7.818936e-01  4.428018e-04  7.818961e-01  4.428157e-04  7.356935e-01  3.919563e-04  
   0.5614300  7.827961e-01  4.603361e-04  7.827984e-01  4.603505e-04  7.364922e-01  4.074215e-04  
   0.5824300  7.837819e-01  4.789030e-04  7.837844e-01  4.789178e-04  7.373647e-01  4.237911e-04  
   0.6034300  7.848069e-01  4.976340e-04  7.848094e-01  4.976488e-04  7.382714e-01  4.402974e-04  
   0.6244300  7.858720e-01  5.165335e-04  7.858745e-01  5.165486e-04  7.392139e-01  4.569450e-04  
   0.6454300  7.869770e-01  5.356077e-04  7.869796e-01  5.356228e-04  7.401910e-01  4.737379e-04  
   0.6664300  7.881222e-01  5.548624e-04  7.881249e-01  5.548775e-04  7.412040e-01  4.906819e-04  
   0.6864300  7.892504e-01  5.733740e-04  7.892530e-01  5.733892e-04  7.422015e-01  5.069638e-04  
   0.7074300  7.904752e-01  5.930011e-04  7.904778e-01  5.930162e-04  7.432845e-01  5.242184e-04  
   0.7284300  7.917415e-01  6.128296e-04  7.917444e-01  6.128446e-04  7.444037e-01  5.416409e-04  
   0.7494300  7.930499e-01  6.328670e-04  7.930527e-01  6.328820e-04  7.455601e-01  5.592379e-04  
   0.7704300  7.944002e-01  6.531213e-04  7.944030e-01  6.531363e-04  7.467532e-01  5.770157e-04  
   0.7914300  7.957936e-01  6.736006e-04  7.957964e-01  6.736156e-04  7.479839e-01  5.949811e-04  
   0.8114300  7.971604e-01  6.933216e-04  7.971632e-01  6.933366e-04  7.491910e-01  6.122717e-04  
   0.8324300  7.986380e-01  7.142648e-04  7.986408e-01  7.142795e-04  7.504959e-01  6.306240e-04  
   0.8540300  8.002046e-01  7.360689e-04  8.002076e-01  7.360836e-04  7.518790e-01  6.497193e-04  
   0.8740300  8.016968e-01  7.565037e-04  8.017000e-01  7.565182e-04  7.531962e-01  6.676050e-04  
   0.8950300  8.033081e-01  7.782244e-04  8.033115e-01  7.782390e-04  7.546179e-01  6.866048e-04  
   0.9160300  8.049651e-01  8.002261e-04  8.049685e-01  8.002403e-04  7.560799e-01  7.058386e-04  
   0.9370300  8.066689e-01  8.225192e-04  8.066721e-01  8.225334e-04  7.575823e-01  7.253151e-04  
   0.9580300  8.084192e-01  8.451149e-04  8.084227e-01  8.451288e-04  7.591257e-01  7.450428e-04  
   0.9780300  8.101313e-01  8.669266e-04  8.101348e-01  8.669405e-04  7.606348e-01  7.640742e-04  
   0.9990300  8.119761e-01  8.901466e-04  8.119797e-01  8.901602e-04  7.622606e-01  7.843203e-04  
   1.0200300  8.138699e-01  9.137036e-04  8.138735e-01  9.137174e-04  7.639292e-01  8.048457e-04  
   1.0410300  8.158140e-01  9.376093e-04  8.158178e-01  9.376232e-04  7.656412e-01  8.256610e-04  
   1.0620300  8.178087e-01  9.618767e-04  8.178126e-01  9.618914e-04  7.673976e-01  8.467759e-04  
   1.0830300  8.198549e-01  9.865187e-04  8.198587e-01  9.865343e-04  7.691987e-01  8.682001e-04  
   1.1030300  8.218519e-01  1.010347e-03  8.218558e-01  1.010363e-03  7.709558e-01  8.889016e-04  
   1.1240300  8.240005e-01  1.035757e-03  8.240046e-01  1.035775e-03  7.728463e-01  9.109607e-04  
   1.1450300  8.262030e-01  1.061581e-03  8.262071e-01  1.061600e-03  7.747828e-01  9.333619e-04  
   1.1660300  8.284603e-01  1.087833e-03  8.284644e-01  1.087855e-03  7.767671e-01  9.561161e-04  
   1.1870300  8.307731e-01  1.114529e-03  8.307772e-01  1.114553e-03  7.787995e-01  9.792354e-04  
   1.2080300  8.331423e-01  1.141684e-03  8.331467e-01  1.141710e-03  7.808809e-01  1.002732e-03  
   1.2280300  8.354514e-01  1.167986e-03  8.354560e-01  1.168015e-03  7.829086e-01  1.025473e-03  
   1.2490300  8.379333e-01  1.196085e-03  8.379381e-01  1.196116e-03  7.850875e-01  1.049745e-03  
   1.2706300  8.405487e-01  1.225518e-03  8.405536e-01  1.225553e-03  7.873823e-01  1.075148e-03  
   1.2906300  8.430271e-01  1.253269e-03  8.430319e-01  1.253306e-03  7.895561e-01  1.099077e-03  
   1.3116300  8.456896e-01  1.282943e-03  8.456947e-01  1.282983e-03  7.918909e-01  1.124642e-03  
   1.3326300  8.484149e-01  1.313185e-03  8.484201e-01  1.313227e-03  7.942792e-01  1.150671e-03  
   1.3536299  8.512044e-01  1.344016e-03  8.512096e-01  1.344061e-03  7.967228e-01  1.177183e-03  
   1.3746300  8.540590e-01  1.375459e-03  8.540645e-01  1.375507e-03  7.992228e-01  1.204195e-03  
   1.3946300  8.568403e-01  1.405996e-03  8.568457e-01  1.406046e-03  8.016570e-01  1.230403e-03  
   1.4156300  8.598269e-01  1.438703e-03  8.598324e-01  1.438755e-03  8.042701e-01  1.258446e-03  
   1.4366300  8.628827e-01  1.472093e-03  8.628888e-01  1.472147e-03  8.069425e-01  1.287046e-03  
   1.4576300  8.660102e-01  1.506193e-03  8.660161e-01  1.506250e-03  8.096762e-01  1.316224e-03  
   1.4786299  8.692102e-01  1.541030e-03  8.692161e-01  1.541089e-03  8.124720e-01  1.346001e-03  
   1.4996300  8.724840e-01  1.576631e-03  8.724902e-01  1.576693e-03  8.153307e-01  1.376399e-03  
   1.5196300  8.756719e-01  1.611274e-03  8.756784e-01  1.611339e-03  8.181134e-01  1.405948e-03  
   1.5406300  8.790951e-01  1.648454e-03  8.791015e-01  1.648521e-03  8.210993e-01  1.437627e-03  
   1.5616300  8.825974e-01  1.686490e-03  8.826039e-01  1.686560e-03  8.241528e-01  1.469998e-03  
   1.5826300  8.861798e-01  1.725413e-03  8.861868e-01  1.725487e-03  8.272749e-01  1.503087e-03  
   1.6036299  8.898454e-01  1.765261e-03  8.898525e-01  1.765338e-03  8.304672e-01  1.536922e-03  
   1.6246300  8.935955e-01  1.806072e-03  8.936028e-01  1.806152e-03  8.337312e-01  1.571532e-03  
   1.6446300  8.972471e-01  1.845869e-03  8.972543e-01  1.845952e-03  8.369076e-01  1.605243e-03  
   1.6656300  9.011674e-01  1.888672e-03  9.011754e-01  1.888760e-03  8.403159e-01  1.641457e-03  
   1.6872300  9.052954e-01  1.933835e-03  9.053032e-01  1.933926e-03  8.439025e-01  1.679616e-03  
   1.7072300  9.092050e-01  1.976723e-03  9.092131e-01  1.976817e-03  8.472972e-01  1.715807e-03  
   1.7282300  9.134036e-01  2.022913e-03  9.134117e-01  2.023011e-03  8.509403e-01  1.754733e-03  
   1.7492300  9.177008e-01  2.070345e-03  9.177091e-01  2.070447e-03  8.546664e-01  1.794649e-03  
   1.7702301  9.220982e-01  2.119077e-03  9.221067e-01  2.119183e-03  8.584768e-01  1.835601e-03  
   1.7912300  9.265990e-01  2.169176e-03  9.266082e-01  2.169286e-03  8.623745e-01  1.877636e-03  
   1.8112299  9.309853e-01  2.218224e-03  9.309946e-01  2.218337e-03  8.661700e-01  1.918726e-03  
   1.8322300  9.356979e-01  2.271201e-03  9.357070e-01  2.271320e-03  8.702447e-01  1.963033e-03  
   1.8532300  9.405226e-01  2.325776e-03  9.405323e-01  2.325900e-03  8.744140e-01  2.008590e-03  
   1.8742300  9.454642e-01  2.382047e-03  9.454744e-01  2.382175e-03  8.786799e-01  2.055463e-03  
   1.8952301  9.505258e-01  2.440117e-03  9.505362e-01  2.440251e-03  8.830460e-01  2.103726e-03  
   1.9162300  9.557098e-01  2.500108e-03  9.557204e-01  2.500249e-03  8.875143e-01  2.153456e-03  
   1.9362299  9.607645e-01  2.559156e-03  9.607754e-01  2.559301e-03  8.918680e-01  2.202262e-03  
   1.9572300  9.662003e-01  2.623308e-03  9.662114e-01  2.623460e-03  8.965446e-01  2.255117e-03  
   1.9782300  9.717705e-01  2.689840e-03  9.717821e-01  2.689998e-03  9.013335e-01  2.309729e-03  
   1.9992300  9.774795e-01  2.758941e-03  9.774913e-01  2.759108e-03  9.062368e-01  2.366220e-03  
   2.0202301  9.833328e-01  2.830837e-03  9.833445e-01  2.831011e-03  9.112595e-01  2.424732e-03  
   2.0412300  9.893330e-01  2.905768e-03  9.893457e-01  2.905950e-03  9.164036e-01  2.485421e-03  
   2.0612299  9.951904e-01  2.980201e-03  9.952035e-01  2.980392e-03  9.214196e-01  2.545416e-03  
   2.0822301  1.001495e+00  3.061871e-03  1.001508e+00  3.062072e-03  9.268140e-01  2.610918e-03  
   2.1038301  1.008151e+00  3.149974e-03  1.008165e+00  3.150187e-03  9.325029e-01  2.681220e-03  
   2.1238301  1.014475e+00  3.235598e-03  1.014489e+00  3.235823e-03  9.379012e-01  2.749222e-03  
   2.1448300  1.021286e+00  3.330077e-03  1.021300e+00  3.330315e-03  9.437106e-01  2.823938e-03  
   2.1658299  1.028280e+00  3.429670e-03  1.028295e+00  3.429922e-03  9.496687e-01  2.902397e-03  
   2.1868300  1.035463e+00  3.534856e-03  1.035479e+00  3.535125e-03  9.557812e-01  2.985002e-03  
   2.2078300  1.042843e+00  3.646158e-03  1.042859e+00  3.646445e-03  9.620542e-01  3.072196e-03  
   2.2278299  1.050063e+00  3.758378e-03  1.050080e+00  3.758683e-03  9.681835e-01  3.159959e-03  
   2.2488301  1.057852e+00  3.883352e-03  1.057869e+00  3.883680e-03  9.747871e-01  3.257589e-03  
   2.2698300  1.065862e+00  4.016336e-03  1.065879e+00  4.016686e-03  9.815699e-01  3.361411e-03  
   2.2908299  1.074103e+00  4.158117e-03  1.074121e+00  4.158495e-03  9.885390e-01  3.472074e-03  
   2.3118300  1.082585e+00  4.309563e-03  1.082604e+00  4.309969e-03  9.957016e-01  3.590274e-03  
   2.3328300  1.091318e+00  4.471627e-03  1.091338e+00  4.472063e-03  1.003066e+00  3.716755e-03  
   2.3528299  1.099879e+00  4.636801e-03  1.099898e+00  4.637269e-03  1.010273e+00  3.845655e-03  
   2.3738301  1.109134e+00  4.822700e-03  1.109154e+00  4.823204e-03  1.018054e+00  3.990689e-03  
   2.3948300  1.118674e+00  5.022570e-03  1.118695e+00  5.023112e-03  1.026062e+00  4.146562e-03  
   2.4158299  1.128513e+00  5.237729e-03  1.128535e+00  5.238309e-03  1.034306e+00  4.314277e-03  
   2.4368300  1.138665e+00  5.469569e-03  1.138687e+00  5.470192e-03  1.042798e+00  4.494919e-03  
   2.4578300  1.149145e+00  5.719565e-03  1.149169e+00  5.720231e-03  1.051550e+00  4.689656e-03  
   2.4778299  1.159446e+00  5.975952e-03  1.159471e+00  5.976662e-03  1.060136e+00  4.889408e-03  
   2.4988301  1.170616e+00  6.265955e-03  1.170642e+00  6.266713e-03  1.069429e+00  5.115514e-03  
   2.5204301  1.182505e+00  6.588287e-03  1.182531e+00  6.589103e-03  1.079299e+00  5.367206e-03  
   2.5404301  1.193894e+00  6.910282e-03  1.193921e+00  6.911153e-03  1.088734e+00  5.619207e-03  
   2.5614300  1.206270e+00  7.274819e-03  1.206298e+00  7.275755e-03  1.098963e+00  5.905368e-03  
   2.5824299  1.219099e+00  7.668901e-03  1.219129e+00  7.669907e-03  1.109542e+00  6.215891e-03  
   2.6034300  1.232413e+00  8.095521e-03  1.232444e+00  8.096608e-03  1.120490e+00  6.553483e-03  
   2.6244299  1.246243e+00  8.558409e-03  1.246275e+00  8.559586e-03  1.131830e+00  6.921343e-03  
   2.6444299  1.259929e+00  9.037364e-03  1.259962e+00  9.038635e-03  1.143018e+00  7.303371e-03  
   2.6654301  1.274878e+00  9.586307e-03  1.274913e+00  9.587685e-03  1.155198e+00  7.742338e-03  
   2.6864300  1.290465e+00  1.019061e-02  1.290503e+00  1.019212e-02  1.167850e+00  8.225881e-03  
   2.7074299  1.306745e+00  1.086149e-02  1.306783e+00  1.086314e-02  1.181009e+00  8.761482e-03  
   2.7284300  1.323774e+00  1.161411e-02  1.323815e+00  1.161593e-02  1.194710e+00  9.358686e-03  
   2.7494299  1.341619e+00  1.246890e-02  1.341661e+00  1.247092e-02  1.208997e+00  1.002974e-02  
   2.7694299  1.359440e+00  1.340309e-02  1.359484e+00  1.340533e-02  1.223186e+00  1.075183e-02  
   2.7904301  1.379097e+00  1.454526e-02  1.379144e+00  1.454778e-02  1.238747e+00  1.161645e-02  
   2.8114300  1.399814e+00  1.590025e-02  1.399863e+00  1.590314e-02  1.255040e+00  1.261514e-02  
   2.8324299  1.421688e+00  1.753155e-02  1.421740e+00  1.753490e-02  1.272124e+00  1.378015e-02  
   2.8534300  1.444829e+00  1.952170e-02  1.444884e+00  1.952562e-02  1.290065e+00  1.515201e-02  
   2.8744299  1.469349e+00  2.197657e-02  1.469408e+00  2.198127e-02  1.308933e+00  1.678124e-02  
   2.8944299  1.494092e+00  2.486889e-02  1.494154e+00  2.487454e-02  1.327832e+00  1.862924e-02  
   2.9154301  1.521643e+00  2.864744e-02  1.521710e+00  2.865440e-02  1.348727e+00  2.095418e-02  
   2.9370301  1.551775e+00  3.353705e-02  1.551846e+00  3.354576e-02  1.371427e+00  2.385290e-02  
   2.9570301  1.581382e+00  3.919949e-02  1.581458e+00  3.921029e-02  1.393614e+00  2.710063e-02  
   2.9780300  1.614307e+00  4.659715e-02  1.614388e+00  4.661074e-02  1.418198e+00  3.122449e-02  
   2.9990301  1.649144e+00  5.580594e-02  1.649230e+00  5.582303e-02  1.444177e+00  3.623686e-02  
   3.0200300  1.685877e+00  6.719359e-02  1.685969e+00  6.721501e-02  1.471616e+00  4.232588e-02  
   3.0410299  1.724427e+00  8.116090e-02  1.724525e+00  8.118759e-02  1.500568e+00  4.971134e-02  
   3.0610299  1.762688e+00  9.724757e-02  1.762791e+00  9.728018e-02  1.529572e+00  5.818163e-02  
   3.0820301  1.804252e+00  1.174730e-01  1.804361e+00  1.175129e-01  1.561524e+00  6.885859e-02  
   3.1030300  1.846906e+00  1.415204e-01  1.847021e+00  1.415687e-01  1.594962e+00  8.167456e-02  
   3.1240301  1.890217e+00  1.697656e-01  1.890336e+00  1.698233e-01  1.629783e+00  9.697424e-02  
   3.1450300  1.933648e+00  2.025186e-01  1.933771e+00  2.025866e-01  1.665811e+00  1.151199e-01  
   3.1660299  1.976582e+00  2.399991e-01  1.976708e+00  2.400783e-01  1.702795e+00  1.364794e-01  
   3.1860299  2.016383e+00  2.801860e-01  2.016510e+00  2.802763e-01  1.738592e+00  1.601349e-01  
   3.2070301  2.056331e+00  3.270697e-01  2.056459e+00  3.271719e-01  1.776362e+00  1.887598e-01  
   3.2280300  2.093667e+00  3.785793e-01  2.093793e+00  3.786934e-01  1.813802e+00  2.215199e-01  
   3.2490301  2.127677e+00  4.343864e-01  2.127801e+00  4.345119e-01  1.850299e+00  2.585893e-01  
   3.2700300  2.157717e+00  4.940121e-01  2.157836e+00  4.941482e-01  1.885177e+00  3.000255e-01  
   3.2910299  2.183236e+00  5.568484e-01  2.183351e+00  5.569942e-01  1.917716e+00  3.457479e-01  
   3.3110299  2.202957e+00  6.190269e-01  2.203065e+00  6.191807e-01  1.945869e+00  3.930613e-01  
   3.3320301  2.218598e+00  6.860172e-01  2.218699e+00  6.861776e-01  1.971785e+00  4.463127e-01  
   3.3536301  2.229172e+00  7.559034e-01  2.229264e+00  7.560689e-01  1.993915e+00  5.043191e-01  
   3.3736300  2.234041e+00  8.207576e-01  2.234124e+00  8.209262e-01  2.009846e+00  5.602878e-01  
   3.3946300  2.234280e+00  8.882881e-01  2.234355e+00  8.884584e-01  2.021531e+00  6.205894e-01  
   3.4156301  2.229886e+00  9.546020e-01  2.229951e+00  9.547722e-01  2.027904e+00  6.815702e-01  
   3.4366300  2.221325e+00  1.019167e+00  2.221379e+00  1.019336e+00  2.029024e+00  7.422894e-01  
   3.4576299  2.209132e+00  1.081586e+00  2.209177e+00  1.081753e+00  2.025153e+00  8.018324e-01  
   3.4776299  2.194660e+00  1.138801e+00  2.194696e+00  1.138967e+00  2.017250e+00  8.566794e-01  
   3.4986300  2.176992e+00  1.196408e+00  2.177019e+00  1.196571e+00  2.005119e+00  9.116315e-01  
   3.5196300  2.157294e+00  1.251467e+00  2.157309e+00  1.251627e+00  1.989796e+00  9.633464e-01  
   3.5406301  2.136003e+00  1.304049e+00  2.136009e+00  1.304207e+00  1.972096e+00  1.011481e+00  
   3.5616300  2.113475e+00  1.354281e+00  2.113472e+00  1.354439e+00  1.952846e+00  1.055901e+00  
   3.5826299  2.089967e+00  1.402320e+00  2.089955e+00  1.402477e+00  1.932829e+00  1.096682e+00  
   3.6026299  2.066832e+00  1.446171e+00  2.066810e+00  1.446329e+00  1.913686e+00  1.132376e+00  
   3.6236300  2.041851e+00  1.490343e+00  2.041822e+00  1.490503e+00  1.894032e+00  1.166946e+00  
   3.6446300  2.016223e+00  1.532679e+00  2.016185e+00  1.532842e+00  1.875226e+00  1.199041e+00  
   3.6656301  1.989979e+00  1.573213e+00  1.989934e+00  1.573379e+00  1.857490e+00  1.229222e+00  
   3.6866300  1.963161e+00  1.611928e+00  1.963111e+00  1.612098e+00  1.840887e+00  1.258044e+00  
   3.7076299  1.935843e+00  1.648765e+00  1.935790e+00  1.648937e+00  1.825337e+00  1.286008e+00  
   3.7276299  1.909482e+00  1.682027e+00  1.909427e+00  1.682201e+00  1.811344e+00  1.312213e+00  
   3.7486300  1.881639e+00  1.714961e+00  1.881584e+00  1.715137e+00  1.797287e+00  1.339553e+00  
   3.7702301  1.853121e+00  1.746650e+00  1.853067e+00  1.746827e+00  1.783261e+00  1.367642e+00  
   3.7902300  1.827167e+00  1.774012e+00  1.827118e+00  1.774190e+00  1.770481e+00  1.393645e+00  
   3.8112299  1.800807e+00  1.800774e+00  1.800764e+00  1.800952e+00  1.757165e+00  1.420871e+00  
   3.8322301  1.775839e+00  1.825707e+00  1.775804e+00  1.825883e+00  1.743950e+00  1.447874e+00  
   3.8532300  1.752775e+00  1.849128e+00  1.752749e+00  1.849304e+00  1.730953e+00  1.474486e+00  
   3.8742299  1.732114e+00  1.871505e+00  1.732099e+00  1.871680e+00  1.718413e+00  1.500562e+00  
   3.8942299  1.715083e+00  1.892406e+00  1.715077e+00  1.892579e+00  1.707210e+00  1.524831e+00  
   3.9152300  1.700315e+00  1.914645e+00  1.700320e+00  1.914817e+00  1.696621e+00  1.549752e+00  
   3.9362299  1.688951e+00  1.938055e+00  1.688967e+00  1.938229e+00  1.687680e+00  1.574274e+00  
   3.9572301  1.681032e+00  1.963619e+00  1.681057e+00  1.963796e+00  1.680826e+00  1.598739e+00  
   3.9782300  1.676380e+00  1.992378e+00  1.676410e+00  1.992561e+00  1.676436e+00  1.623659e+00  
   3.9992299  1.674574e+00  2.025385e+00  1.674608e+00  2.025575e+00  1.674774e+00  1.649716e+00  
   4.0192299  1.674892e+00  2.061686e+00  1.674925e+00  2.061888e+00  1.675830e+00  1.676349e+00  
   4.0402298  1.676483e+00  2.105770e+00  1.676510e+00  2.105986e+00  1.679627e+00  1.707124e+00  
   4.0612302  1.678233e+00  2.156681e+00  1.678251e+00  2.156916e+00  1.685871e+00  1.741778e+00  
   4.0822301  1.678799e+00  2.214914e+00  1.678801e+00  2.215170e+00  1.694000e+00  1.781340e+00  
   4.1032300  1.676687e+00  2.280692e+00  1.676669e+00  2.280972e+00  1.703188e+00  1.826798e+00  
   4.1242299  1.670316e+00  2.353931e+00  1.670271e+00  2.354236e+00  1.712349e+00  1.879025e+00  
   4.1442299  1.658816e+00  2.430245e+00  1.658743e+00  2.430577e+00  1.719828e+00  1.935686e+00  
   4.1652298  1.639540e+00  2.516573e+00  1.639432e+00  2.516932e+00  1.724889e+00  2.002863e+00  
   4.1868300  1.610513e+00  2.610928e+00  1.610365e+00  2.611316e+00  1.725336e+00  2.080287e+00  
   4.2068300  1.574116e+00  2.702109e+00  1.573930e+00  2.702522e+00  1.719748e+00  2.159257e+00  
   4.2278299  1.525014e+00  2.800327e+00  1.524786e+00  2.800765e+00  1.705884e+00  2.249055e+00  
   4.2488298  1.463963e+00  2.899421e+00  1.463694e+00  2.899879e+00  1.682083e+00  2.344805e+00  
   4.2698302  1.390423e+00  2.997586e+00  1.390113e+00  2.998061e+00  1.646736e+00  2.444981e+00  
   4.2908301  1.304152e+00  3.092944e+00  1.303803e+00  3.093431e+00  1.598502e+00  2.547651e+00  
   4.3108301  1.210188e+00  3.179428e+00  1.209804e+00  3.179918e+00  1.539685e+00  2.645697e+00  
   4.3318300  1.099448e+00  3.263890e+00  1.099031e+00  3.264380e+00  1.463888e+00  2.746536e+00  
   4.3528299  9.769256e-01  3.340081e+00  9.764812e-01  3.340561e+00  1.373679e+00  2.842641e+00  
   4.3738298  8.434867e-01  3.406293e+00  8.430189e-01  3.406758e+00  1.269572e+00  2.931400e+00  
   4.3948302  7.002493e-01  3.460941e+00  6.997635e-01  3.461380e+00  1.152634e+00  3.010326e+00  
   4.4158301  5.485860e-01  3.502586e+00  5.480878e-01  3.502994e+00  1.024464e+00  3.077189e+00  
   4.4358301  3.977676e-01  3.529010e+00  3.972632e-01  3.529380e+00  8.938296e-01  3.127957e+00  
   4.4568300  2.344505e-01  3.541841e+00  2.339456e-01  3.542168e+00  7.499823e-01  3.166366e+00  
   4.4778299  6.802395e-02  3.538599e+00  6.752433e-02  3.538876e+00  6.019025e-01  3.188659e+00  
   4.4988298  -9.934741e-02  3.518753e+00  -9.983560e-02  3.518978e+00  4.523525e-01  3.194525e+00  
   4.5198302  -2.653769e-01  3.482095e+00  -2.658479e-01  3.482265e+00  3.040650e-01  3.184202e+00  
   4.5408301  -4.276935e-01  3.428777e+00  -4.281424e-01  3.428895e+00  1.596236e-01  3.158453e+00  
   4.5608301  -5.766640e-01  3.363006e+00  -5.770878e-01  3.363076e+00  2.774384e-02  3.120689e+00  
   4.5818300  -7.249737e-01  3.279112e+00  -7.253680e-01  3.279136e+00  -1.028851e-01  3.068626e+00  
   4.6034298  -8.666303e-01  3.178379e+00  -8.669919e-01  3.178359e+00  -2.272665e-01  3.003691e+00  
   4.6234298  -9.861670e-01  3.073679e+00  -9.864976e-01  3.073627e+00  -3.323742e-01  2.935106e+00  
   4.6444302  -1.098127e+00  2.953942e+00  -1.098426e+00  2.953863e+00  -4.316698e-01  2.856283e+00  
   4.6654301  -1.195055e+00  2.826490e+00  -1.195325e+00  2.826392e+00  -5.193484e-01  2.772426e+00  
   4.6864300  -1.276256e+00  2.693858e+00  -1.276499e+00  2.693748e+00  -5.954770e-01  2.685389e+00  
   4.7074299  -1.341524e+00  2.558647e+00  -1.341746e+00  2.558535e+00  -6.604067e-01  2.596868e+00  
   4.7274299  -1.389130e+00  2.429813e+00  -1.389337e+00  2.429703e+00  -7.123537e-01  2.512551e+00  
   4.7484298  -1.424538e+00  2.296763e+00  -1.424736e+00  2.296662e+00  -7.572084e-01  2.425239e+00  
   4.7694302  -1.446119e+00  2.168079e+00  -1.446314e+00  2.167992e+00  -7.929499e-01  2.340223e+00  
   4.7904301  -1.455294e+00  2.045548e+00  -1.455493e+00  2.045476e+00  -8.204542e-01  2.258361e+00  
   4.8114300  -1.453696e+00  1.930554e+00  -1.453904e+00  1.930499e+00  -8.406169e-01  2.180306e+00  
   4.8324299  -1.443058e+00  1.824077e+00  -1.443281e+00  1.824039e+00  -8.543208e-01  2.106528e+00  
   4.8524299  -1.426117e+00  1.731125e+00  -1.426357e+00  1.731102e+00  -8.621455e-01  2.040528e+00  
   4.8734298  -1.402780e+00  1.642624e+00  -1.403042e+00  1.642615e+00  -8.656463e-01  1.975870e+00  
   4.8944302  -1.375270e+00  1.563369e+00  -1.375556e+00  1.563371e+00  -8.650544e-01  1.916023e+00  
   4.9154301  -1.344951e+00  1.493043e+00  -1.345262e+00  1.493052e+00  -8.610580e-01  1.860946e+00  
   4.9364300  -1.312983e+00  1.431140e+00  -1.313319e+00  1.431154e+00  -8.542804e-01  1.810515e+00  
   4.9574299  -1.280327e+00  1.377034e+00  -1.280688e+00  1.377049e+00  -8.452781e-01  1.764544e+00  
   4.9774299  -1.249286e+00  1.332115e+00  -1.249669e+00  1.332128e+00  -8.350868e-01  1.724700e+00  
   4.9984298  -1.217321e+00  1.291195e+00  -1.217726e+00  1.291202e+00  -8.230990e-01  1.686745e+00  
