w Re-xx Im-xx Re-yy Im-yy Re-zz Im-zz
# Gaussian absolute broadening  0.15 [eV]
   0.0000000  7.680168e-01  8.829040e-05  7.680094e-01  8.829618e-05  7.231777e-01  7.867673e-05  
   0.0200000  7.681168e-01  9.449289e-05  7.681094e-01  9.449935e-05  7.232667e-01  8.420199e-05  
   0.0410000  7.682356e-01  1.015608e-04  7.682279e-01  1.015680e-04  7.233723e-01  9.049790e-05  
   0.0620000  7.683707e-01  1.092339e-04  7.683633e-01  1.092419e-04  7.234929e-01  9.733234e-05  
   0.0830000  7.685241e-01  1.175458e-04  7.685167e-01  1.175546e-04  7.236295e-01  1.047355e-04  
   0.1040000  7.686983e-01  1.265260e-04  7.686909e-01  1.265357e-04  7.237850e-01  1.127333e-04  
   0.1240000  7.688850e-01  1.357213e-04  7.688777e-01  1.357318e-04  7.239513e-01  1.209219e-04  
   0.1450000  7.691056e-01  1.460661e-04  7.690983e-01  1.460775e-04  7.241477e-01  1.301336e-04  
   0.1660000  7.693532e-01  1.571241e-04  7.693458e-01  1.571363e-04  7.243680e-01  1.399795e-04  
   0.1870000  7.696297e-01  1.688917e-04  7.696224e-01  1.689048e-04  7.246146e-01  1.504562e-04  
   0.2080000  7.699374e-01  1.813544e-04  7.699302e-01  1.813682e-04  7.248889e-01  1.615507e-04  
   0.2290000  7.702782e-01  1.944870e-04  7.702709e-01  1.945016e-04  7.251924e-01  1.732400e-04  
   0.2490000  7.706351e-01  2.075848e-04  7.706279e-01  2.076001e-04  7.255100e-01  1.848971e-04  
   0.2700000  7.710447e-01  2.219159e-04  7.710372e-01  2.219318e-04  7.258748e-01  1.976499e-04  
   0.2910000  7.714911e-01  2.367902e-04  7.714836e-01  2.368066e-04  7.262722e-01  2.108841e-04  
   0.3120000  7.719752e-01  2.521541e-04  7.719676e-01  2.521709e-04  7.267035e-01  2.245515e-04  
   0.3330000  7.724970e-01  2.679525e-04  7.724896e-01  2.679696e-04  7.271683e-01  2.386031e-04  
   0.3540000  7.730576e-01  2.841321e-04  7.730503e-01  2.841495e-04  7.276673e-01  2.529907e-04  
   0.3740000  7.736272e-01  2.998502e-04  7.736202e-01  2.998678e-04  7.281744e-01  2.669651e-04  
   0.3950000  7.742626e-01  3.166360e-04  7.742556e-01  3.166537e-04  7.287404e-01  2.818851e-04  
   0.4160000  7.749367e-01  3.336727e-04  7.749296e-01  3.336905e-04  7.293403e-01  2.970248e-04  
   0.4374300  7.756644e-01  3.512852e-04  7.756573e-01  3.513030e-04  7.299883e-01  3.126721e-04  
   0.4574300  7.763793e-01  3.679068e-04  7.763720e-01  3.679246e-04  7.306244e-01  3.274347e-04  
   0.4784300  7.771673e-01  3.855336e-04  7.771603e-01  3.855513e-04  7.313258e-01  3.430858e-04  
   0.4994300  7.779934e-01  4.033270e-04  7.779863e-01  4.033446e-04  7.320606e-01  3.588802e-04  
   0.5204300  7.788575e-01  4.212797e-04  7.788506e-01  4.212974e-04  7.328296e-01  3.748111e-04  
   0.5414300  7.797601e-01  4.393882e-04  7.797530e-01  4.394059e-04  7.336326e-01  3.908752e-04  
   0.5614300  7.806556e-01  4.567790e-04  7.806486e-01  4.567969e-04  7.344293e-01  4.062976e-04  
   0.5824300  7.816337e-01  4.751932e-04  7.816267e-01  4.752114e-04  7.352991e-01  4.226221e-04  
   0.6034300  7.826509e-01  4.937679e-04  7.826442e-01  4.937864e-04  7.362037e-01  4.390831e-04  
   0.6244300  7.837075e-01  5.125087e-04  7.837007e-01  5.125277e-04  7.371433e-01  4.556851e-04  
   0.6454300  7.848039e-01  5.314211e-04  7.847971e-01  5.314405e-04  7.381181e-01  4.724326e-04  
   0.6664300  7.859401e-01  5.505108e-04  7.859335e-01  5.505309e-04  7.391282e-01  4.893307e-04  
   0.6864300  7.870595e-01  5.688623e-04  7.870529e-01  5.688829e-04  7.401231e-01  5.055689e-04  
   0.7074300  7.882750e-01  5.883182e-04  7.882681e-01  5.883396e-04  7.412031e-01  5.227770e-04  
   0.7284300  7.895309e-01  6.079721e-04  7.895243e-01  6.079942e-04  7.423193e-01  5.401528e-04  
   0.7494300  7.908291e-01  6.278318e-04  7.908224e-01  6.278544e-04  7.434724e-01  5.577026e-04  
   0.7704300  7.921686e-01  6.479044e-04  7.921621e-01  6.479278e-04  7.446620e-01  5.754324e-04  
   0.7914300  7.935508e-01  6.681988e-04  7.935443e-01  6.682227e-04  7.458897e-01  5.933491e-04  
   0.8114300  7.949064e-01  6.877395e-04  7.949000e-01  6.877640e-04  7.470933e-01  6.105928e-04  
   0.8324300  7.963724e-01  7.084903e-04  7.963659e-01  7.085154e-04  7.483948e-01  6.288951e-04  
   0.8540300  7.979263e-01  7.300917e-04  7.979200e-01  7.301174e-04  7.497739e-01  6.479380e-04  
   0.8740300  7.994065e-01  7.503345e-04  7.994001e-01  7.503609e-04  7.510873e-01  6.657740e-04  
   0.8950300  8.010044e-01  7.718494e-04  8.009982e-01  7.718767e-04  7.525054e-01  6.847209e-04  
   0.9160300  8.026482e-01  7.936404e-04  8.026419e-01  7.936683e-04  7.539632e-01  7.039006e-04  
   0.9370300  8.043376e-01  8.157179e-04  8.043313e-01  8.157466e-04  7.554616e-01  7.233217e-04  
   0.9580300  8.060737e-01  8.380925e-04  8.060675e-01  8.381222e-04  7.570006e-01  7.429929e-04  
   0.9780300  8.077714e-01  8.596884e-04  8.077654e-01  8.597191e-04  7.585056e-01  7.619688e-04  
   0.9990300  8.096007e-01  8.826754e-04  8.095947e-01  8.827072e-04  7.601270e-01  7.821560e-04  
   1.0200300  8.114788e-01  9.059937e-04  8.114728e-01  9.060269e-04  7.617907e-01  8.026211e-04  
   1.0410300  8.134063e-01  9.296543e-04  8.134005e-01  9.296885e-04  7.634982e-01  8.233741e-04  
   1.0620300  8.153841e-01  9.536699e-04  8.153782e-01  9.537054e-04  7.652497e-01  8.444254e-04  
   1.0830300  8.174126e-01  9.780530e-04  8.174071e-01  9.780895e-04  7.670457e-01  8.657845e-04  
   1.1030300  8.193928e-01  1.001628e-03  8.193870e-01  1.001665e-03  7.687980e-01  8.864230e-04  
   1.1240300  8.215227e-01  1.026765e-03  8.215171e-01  1.026803e-03  7.706827e-01  9.084142e-04  
   1.1450300  8.237062e-01  1.052308e-03  8.237007e-01  1.052347e-03  7.726142e-01  9.307455e-04  
   1.1660300  8.259434e-01  1.078272e-03  8.259380e-01  1.078311e-03  7.745929e-01  9.534279e-04  
   1.1870300  8.282357e-01  1.104669e-03  8.282305e-01  1.104709e-03  7.766196e-01  9.764738e-04  
   1.2080300  8.305839e-01  1.131518e-03  8.305788e-01  1.131557e-03  7.786950e-01  9.998959e-04  
   1.2280300  8.328729e-01  1.157519e-03  8.328676e-01  1.157559e-03  7.807171e-01  1.022563e-03  
   1.2490300  8.353322e-01  1.185291e-03  8.353272e-01  1.185331e-03  7.828894e-01  1.046756e-03  
   1.2706300  8.379242e-01  1.214379e-03  8.379191e-01  1.214418e-03  7.851778e-01  1.072076e-03  
   1.2906300  8.403797e-01  1.241799e-03  8.403749e-01  1.241838e-03  7.873453e-01  1.095926e-03  
   1.3116300  8.430179e-01  1.271114e-03  8.430131e-01  1.271152e-03  7.896736e-01  1.121406e-03  
   1.3326300  8.457180e-01  1.300984e-03  8.457134e-01  1.301022e-03  7.920550e-01  1.147348e-03  
   1.3536299  8.484815e-01  1.331431e-03  8.484768e-01  1.331469e-03  7.944917e-01  1.173769e-03  
   1.3746300  8.513094e-01  1.362476e-03  8.513048e-01  1.362515e-03  7.969843e-01  1.200688e-03  
   1.3946300  8.540642e-01  1.392619e-03  8.540598e-01  1.392659e-03  7.994115e-01  1.226805e-03  
   1.4156300  8.570219e-01  1.424898e-03  8.570178e-01  1.424939e-03  8.020170e-01  1.254751e-03  
   1.4366300  8.600487e-01  1.457844e-03  8.600446e-01  1.457888e-03  8.046817e-01  1.283249e-03  
   1.4576300  8.631456e-01  1.491483e-03  8.631415e-01  1.491528e-03  8.074070e-01  1.312322e-03  
   1.4786299  8.663142e-01  1.525840e-03  8.663104e-01  1.525889e-03  8.101944e-01  1.341991e-03  
   1.4996300  8.695555e-01  1.560943e-03  8.695520e-01  1.560994e-03  8.130450e-01  1.372277e-03  
   1.5196300  8.727117e-01  1.595093e-03  8.727081e-01  1.595147e-03  8.158190e-01  1.401715e-03  
   1.5406300  8.761001e-01  1.631733e-03  8.760968e-01  1.631792e-03  8.187963e-01  1.433272e-03  
   1.5616300  8.795667e-01  1.669207e-03  8.795636e-01  1.669269e-03  8.218402e-01  1.465516e-03  
   1.5826300  8.831123e-01  1.707544e-03  8.831093e-01  1.707611e-03  8.249528e-01  1.498473e-03  
   1.6036299  8.867399e-01  1.746779e-03  8.867370e-01  1.746850e-03  8.281351e-01  1.532171e-03  
   1.6246300  8.904505e-01  1.786949e-03  8.904477e-01  1.787025e-03  8.313892e-01  1.566636e-03  
   1.6446300  8.940628e-01  1.826108e-03  8.940603e-01  1.826187e-03  8.345557e-01  1.600203e-03  
   1.6656300  8.979410e-01  1.868210e-03  8.979385e-01  1.868294e-03  8.379532e-01  1.636258e-03  
   1.6872300  9.020242e-01  1.912613e-03  9.020220e-01  1.912700e-03  8.415285e-01  1.674245e-03  
   1.7072300  9.058906e-01  1.954759e-03  9.058888e-01  1.954851e-03  8.449122e-01  1.710267e-03  
   1.7282300  9.100425e-01  2.000129e-03  9.100407e-01  2.000225e-03  8.485436e-01  1.749004e-03  
   1.7492300  9.142904e-01  2.046690e-03  9.142888e-01  2.046790e-03  8.522575e-01  1.788721e-03  
   1.7702301  9.186377e-01  2.094495e-03  9.186364e-01  2.094598e-03  8.560555e-01  1.829458e-03  
   1.7912300  9.230866e-01  2.143601e-03  9.230853e-01  2.143709e-03  8.599399e-01  1.871262e-03  
   1.8112299  9.274210e-01  2.191633e-03  9.274198e-01  2.191745e-03  8.637227e-01  1.912113e-03  
   1.8322300  9.320769e-01  2.243455e-03  9.320759e-01  2.243571e-03  8.677830e-01  1.956146e-03  
   1.8532300  9.368433e-01  2.296765e-03  9.368427e-01  2.296886e-03  8.719378e-01  2.001400e-03  
   1.8742300  9.417236e-01  2.351638e-03  9.417233e-01  2.351763e-03  8.761889e-01  2.047938e-03  
   1.8952301  9.467214e-01  2.408149e-03  9.467213e-01  2.408279e-03  8.805393e-01  2.095822e-03  
   1.9162300  9.518396e-01  2.466384e-03  9.518397e-01  2.466518e-03  8.849913e-01  2.145120e-03  
   1.9362299  9.568285e-01  2.523530e-03  9.568294e-01  2.523668e-03  8.893284e-01  2.193456e-03  
   1.9572300  9.621923e-01  2.585395e-03  9.621934e-01  2.585540e-03  8.939877e-01  2.245740e-03  
   1.9782300  9.676875e-01  2.649276e-03  9.676888e-01  2.649426e-03  8.987579e-01  2.299681e-03  
   1.9992300  9.733183e-01  2.715289e-03  9.733194e-01  2.715444e-03  9.036417e-01  2.355376e-03  
   2.0202301  9.790888e-01  2.783563e-03  9.790906e-01  2.783725e-03  9.086434e-01  2.412936e-03  
   2.0412300  9.850044e-01  2.854241e-03  9.850062e-01  2.854409e-03  9.137660e-01  2.472478e-03  
   2.0612299  9.907757e-01  2.923931e-03  9.907779e-01  2.924107e-03  9.187608e-01  2.531152e-03  
   2.0822301  9.969869e-01  2.999773e-03  9.969896e-01  2.999957e-03  9.241312e-01  2.594969e-03  
   2.1038301  1.003542e+00  3.080832e-03  1.003545e+00  3.081025e-03  9.297943e-01  2.663144e-03  
   2.1238301  1.009768e+00  3.158843e-03  1.009771e+00  3.159045e-03  9.351675e-01  2.728736e-03  
   2.1448300  1.016471e+00  3.244045e-03  1.016475e+00  3.244257e-03  9.409487e-01  2.800361e-03  
   2.1658299  1.023352e+00  3.332871e-03  1.023357e+00  3.333097e-03  9.468770e-01  2.875033e-03  
   2.1868300  1.030418e+00  3.425616e-03  1.030423e+00  3.425853e-03  9.529582e-01  2.953010e-03  
   2.2078300  1.037674e+00  3.522590e-03  1.037679e+00  3.522840e-03  9.591980e-01  3.034570e-03  
   2.2278299  1.044771e+00  3.619201e-03  1.044776e+00  3.619465e-03  9.652939e-01  3.115862e-03  
   2.2488301  1.052423e+00  3.725473e-03  1.052430e+00  3.725753e-03  9.718608e-01  3.205337e-03  
   2.2698300  1.060290e+00  3.837102e-03  1.060297e+00  3.837397e-03  9.786038e-01  3.299394e-03  
   2.2908299  1.068382e+00  3.954547e-03  1.068389e+00  3.954860e-03  9.855320e-01  3.398437e-03  
   2.3118300  1.076707e+00  4.078303e-03  1.076714e+00  4.078633e-03  9.926509e-01  3.502902e-03  
   2.3328300  1.085274e+00  4.208908e-03  1.085283e+00  4.209258e-03  9.999691e-01  3.613263e-03  
   2.3528299  1.093670e+00  4.340196e-03  1.093679e+00  4.340569e-03  1.007131e+00  3.724332e-03  
   2.3738301  1.102744e+00  4.485918e-03  1.102753e+00  4.486311e-03  1.014862e+00  3.847757e-03  
   2.3948300  1.112095e+00  4.640377e-03  1.112105e+00  4.640795e-03  1.022817e+00  3.978760e-03  
   2.4158299  1.121734e+00  4.804340e-03  1.121746e+00  4.804782e-03  1.031007e+00  4.118029e-03  
   2.4368300  1.131678e+00  4.978633e-03  1.131690e+00  4.979101e-03  1.039442e+00  4.266321e-03  
   2.4578300  1.141941e+00  5.164177e-03  1.141953e+00  5.164674e-03  1.048134e+00  4.424466e-03  
   2.4778299  1.152025e+00  5.352275e-03  1.152039e+00  5.352802e-03  1.056662e+00  4.585094e-03  
   2.4988301  1.162958e+00  5.562834e-03  1.162972e+00  5.563394e-03  1.065891e+00  4.765276e-03  
   2.5204301  1.174592e+00  5.794697e-03  1.174607e+00  5.795296e-03  1.075694e+00  4.964139e-03  
   2.5404301  1.185734e+00  6.024595e-03  1.185750e+00  6.025235e-03  1.085064e+00  5.161761e-03  
   2.5614300  1.197839e+00  6.283404e-03  1.197856e+00  6.284088e-03  1.095224e+00  5.384708e-03  
   2.5824299  1.210385e+00  6.562056e-03  1.210403e+00  6.562793e-03  1.105731e+00  5.625227e-03  
   2.6034300  1.223401e+00  6.863024e-03  1.223420e+00  6.863819e-03  1.116606e+00  5.885397e-03  
   2.6244299  1.236917e+00  7.189335e-03  1.236937e+00  7.190193e-03  1.127870e+00  6.167674e-03  
   2.6444299  1.250288e+00  7.527156e-03  1.250309e+00  7.528078e-03  1.138984e+00  6.459782e-03  
   2.6654301  1.264886e+00  7.914940e-03  1.264910e+00  7.915942e-03  1.151083e+00  6.794402e-03  
   2.6864300  1.280101e+00  8.342821e-03  1.280125e+00  8.343914e-03  1.163652e+00  7.162009e-03  
   2.7074299  1.295982e+00  8.819180e-03  1.296008e+00  8.820374e-03  1.176726e+00  7.568242e-03  
   2.7284300  1.312583e+00  9.355262e-03  1.312611e+00  9.356569e-03  1.190340e+00  8.020294e-03  
   2.7494299  1.329968e+00  9.966271e-03  1.329998e+00  9.967716e-03  1.204535e+00  8.527412e-03  
   2.7694299  1.347318e+00  1.063673e-02  1.347350e+00  1.063833e-02  1.218639e+00  9.072522e-03  
   2.7904301  1.366445e+00  1.146056e-02  1.366479e+00  1.146236e-02  1.234109e+00  9.725050e-03  
   2.8114300  1.386593e+00  1.244437e-02  1.386629e+00  1.244643e-02  1.250313e+00  1.047948e-02  
   2.8324299  1.407860e+00  1.363898e-02  1.407899e+00  1.364138e-02  1.267317e+00  1.136189e-02  
   2.8534300  1.430357e+00  1.511223e-02  1.430399e+00  1.511506e-02  1.285188e+00  1.240601e-02  
   2.8744299  1.454204e+00  1.695350e-02  1.454249e+00  1.695693e-02  1.304006e+00  1.365527e-02  
   2.8944299  1.478285e+00  1.915519e-02  1.478333e+00  1.915936e-02  1.322885e+00  1.508643e-02  
   2.9154301  1.505131e+00  2.207925e-02  1.505183e+00  2.208443e-02  1.343799e+00  1.691007e-02  
   2.9370301  1.534547e+00  2.593289e-02  1.534603e+00  2.593946e-02  1.366578e+00  1.922037e-02  
   2.9570301  1.563520e+00  3.047847e-02  1.563580e+00  3.048671e-02  1.388907e+00  2.185555e-02  
   2.9780300  1.595832e+00  3.652698e-02  1.595896e+00  3.653747e-02  1.413731e+00  2.526752e-02  
   2.9990301  1.630143e+00  4.419686e-02  1.630212e+00  4.421020e-02  1.440062e+00  2.950343e-02  
   3.0200300  1.666469e+00  5.385281e-02  1.666544e+00  5.386974e-02  1.467983e+00  3.476258e-02  
   3.0410299  1.704767e+00  6.590032e-02  1.704846e+00  6.592163e-02  1.497566e+00  4.128174e-02  
   3.0610299  1.742963e+00  7.999606e-02  1.743046e+00  8.002240e-02  1.527323e+00  4.891404e-02  
   3.0820301  1.784674e+00  9.798270e-02  1.784762e+00  9.801526e-02  1.560233e+00  5.872499e-02  
   3.1030300  1.827723e+00  1.196720e-01  1.827815e+00  1.197118e-01  1.594806e+00  7.072186e-02  
   3.1240301  1.871698e+00  1.454824e-01  1.871793e+00  1.455303e-01  1.630933e+00  8.528614e-02  
   3.1450300  1.916072e+00  1.757747e-01  1.916170e+00  1.758318e-01  1.668428e+00  1.028188e-01  
   3.1660299  1.960230e+00  2.108257e-01  1.960329e+00  2.108926e-01  1.707017e+00  1.237263e-01  
   3.1860299  2.001446e+00  2.487831e-01  2.001544e+00  2.488598e-01  1.744448e+00  1.471345e-01  
   3.2070301  2.043121e+00  2.934717e-01  2.043217e+00  2.935593e-01  1.784011e+00  1.757242e-01  
   3.2280300  2.082397e+00  3.429918e-01  2.082490e+00  3.430901e-01  1.823283e+00  2.087066e-01  
   3.2490301  2.118520e+00  3.970643e-01  2.118607e+00  3.971731e-01  1.861611e+00  2.462789e-01  
   3.2700300  2.150795e+00  4.552490e-01  2.150875e+00  4.553680e-01  1.898268e+00  2.885152e-01  
   3.2910299  2.178625e+00  5.169646e-01  2.178697e+00  5.170925e-01  1.932489e+00  3.353456e-01  
   3.3110299  2.200573e+00  5.783842e-01  2.200636e+00  5.785198e-01  1.962108e+00  3.840059e-01  
   3.3320301  2.218542e+00  6.448997e-01  2.218592e+00  6.450422e-01  1.989369e+00  4.389769e-01  
   3.3536301  2.231462e+00  7.146280e-01  2.231499e+00  7.147759e-01  2.012614e+00  4.990722e-01  
   3.3736300  2.238436e+00  7.796122e-01  2.238462e+00  7.797636e-01  2.029281e+00  5.572520e-01  
   3.3946300  2.240808e+00  8.475353e-01  2.240819e+00  8.476894e-01  2.041371e+00  6.201400e-01  
   3.4156301  2.238457e+00  9.144726e-01  2.238456e+00  9.146280e-01  2.047709e+00  6.839446e-01  
   3.4366300  2.231857e+00  9.798598e-01  2.231842e+00  9.800161e-01  2.048287e+00  7.476783e-01  
   3.4576299  2.221547e+00  1.043272e+00  2.221521e+00  1.043429e+00  2.043315e+00  8.103625e-01  
   3.4776299  2.208803e+00  1.101573e+00  2.208765e+00  1.101729e+00  2.033798e+00  8.682453e-01  
   3.4986300  2.192886e+00  1.160450e+00  2.192836e+00  1.160605e+00  2.019358e+00  9.263395e-01  
   3.5196300  2.174871e+00  1.216900e+00  2.174811e+00  1.217055e+00  2.001099e+00  9.810436e-01  
   3.5406301  2.155194e+00  1.270987e+00  2.155124e+00  1.271142e+00  1.979869e+00  1.031898e+00  
   3.5616300  2.134197e+00  1.322828e+00  2.134117e+00  1.322983e+00  1.956570e+00  1.078656e+00  
   3.5826299  2.112125e+00  1.372567e+00  2.112038e+00  1.372724e+00  1.932092e+00  1.121288e+00  
   3.6026299  2.090255e+00  1.418110e+00  2.090162e+00  1.418269e+00  1.908442e+00  1.158216e+00  
   3.6236300  2.066490e+00  1.464116e+00  2.066390e+00  1.464275e+00  1.883945e+00  1.193475e+00  
   3.6446300  2.041954e+00  1.508320e+00  2.041849e+00  1.508481e+00  1.860352e+00  1.225614e+00  
   3.6656301  2.016688e+00  1.550736e+00  2.016580e+00  1.550898e+00  1.838058e+00  1.255215e+00  
   3.6866300  1.990746e+00  1.591324e+00  1.990637e+00  1.591487e+00  1.817282e+00  1.282888e+00  
   3.7076299  1.964232e+00  1.630016e+00  1.964123e+00  1.630179e+00  1.798077e+00  1.309224e+00  
   3.7276299  1.938600e+00  1.665024e+00  1.938492e+00  1.665186e+00  1.781165e+00  1.333538e+00  
   3.7486300  1.911518e+00  1.699782e+00  1.911414e+00  1.699943e+00  1.764681e+00  1.358658e+00  
   3.7702301  1.883819e+00  1.733364e+00  1.883721e+00  1.733523e+00  1.748849e+00  1.384354e+00  
   3.7902300  1.858684e+00  1.762528e+00  1.858592e+00  1.762684e+00  1.734986e+00  1.408162e+00  
   3.8112299  1.833269e+00  1.791273e+00  1.833185e+00  1.791427e+00  1.721082e+00  1.433209e+00  
   3.8322301  1.809338e+00  1.818327e+00  1.809263e+00  1.818479e+00  1.707750e+00  1.458246e+00  
   3.8532300  1.787391e+00  1.844048e+00  1.787326e+00  1.844198e+00  1.695004e+00  1.483164e+00  
   3.8742299  1.767898e+00  1.868925e+00  1.767842e+00  1.869075e+00  1.682974e+00  1.507849e+00  
   3.8942299  1.751983e+00  1.892400e+00  1.751936e+00  1.892552e+00  1.672403e+00  1.531076e+00  
   3.9152300  1.738332e+00  1.917528e+00  1.738293e+00  1.917683e+00  1.662542e+00  1.555178e+00  
   3.9362299  1.727960e+00  1.943976e+00  1.727929e+00  1.944135e+00  1.654313e+00  1.579125e+00  
   3.9572301  1.720829e+00  1.972662e+00  1.720804e+00  1.972830e+00  1.648090e+00  1.603201e+00  
   3.9782300  1.716685e+00  2.004544e+00  1.716666e+00  2.004723e+00  1.644194e+00  1.627853e+00  
   3.9992299  1.715042e+00  2.040581e+00  1.715027e+00  2.040771e+00  1.642851e+00  1.653686e+00  
   4.0192299  1.715136e+00  2.079591e+00  1.715122e+00  2.079797e+00  1.644017e+00  1.680071e+00  
   4.0402298  1.716052e+00  2.126253e+00  1.716037e+00  2.126476e+00  1.647706e+00  1.710468e+00  
   4.0612302  1.716643e+00  2.179399e+00  1.716625e+00  2.179639e+00  1.653598e+00  1.744538e+00  
   4.0822301  1.715550e+00  2.239476e+00  1.715526e+00  2.239735e+00  1.661127e+00  1.783226e+00  
   4.1032300  1.711275e+00  2.306694e+00  1.711241e+00  2.306971e+00  1.669472e+00  1.827439e+00  
   4.1242299  1.702240e+00  2.380982e+00  1.702195e+00  2.381276e+00  1.677561e+00  1.877987e+00  
   4.1442299  1.687758e+00  2.457974e+00  1.687697e+00  2.458280e+00  1.683834e+00  1.932600e+00  
   4.1652298  1.664905e+00  2.544737e+00  1.664828e+00  2.545053e+00  1.687478e+00  1.997135e+00  
   4.1868300  1.631763e+00  2.639331e+00  1.631663e+00  2.639655e+00  1.686366e+00  2.071325e+00  
   4.2068300  1.591206e+00  2.730628e+00  1.591083e+00  2.730954e+00  1.679306e+00  2.146880e+00  
   4.2278299  1.537430e+00  2.828940e+00  1.537279e+00  2.829263e+00  1.663943e+00  2.232738e+00  
   4.2488298  1.471461e+00  2.928170e+00  1.471281e+00  2.928485e+00  1.638774e+00  2.324304e+00  
   4.2698302  1.392849e+00  3.026570e+00  1.392636e+00  3.026873e+00  1.602269e+00  2.420199e+00  
   4.2908301  1.301450e+00  3.122286e+00  1.301202e+00  3.122572e+00  1.553162e+00  2.518660e+00  
   4.3108301  1.202654e+00  3.209227e+00  1.202373e+00  3.209495e+00  1.493837e+00  2.612922e+00  
   4.3318300  1.087012e+00  3.294270e+00  1.086694e+00  3.294516e+00  1.417891e+00  2.710179e+00  
   4.3528299  9.598851e-01  3.371097e+00  9.595315e-01  3.371320e+00  1.327956e+00  2.803245e+00  
   4.3738298  8.222574e-01  3.437934e+00  8.218685e-01  3.438133e+00  1.224557e+00  2.889609e+00  
   4.3948302  6.753528e-01  3.493117e+00  6.749305e-01  3.493294e+00  1.108754e+00  2.966853e+00  
   4.4158301  5.206301e-01  3.535123e+00  5.201766e-01  3.535280e+00  9.821257e-01  3.032764e+00  
   4.4358301  3.675165e-01  3.561654e+00  3.670363e-01  3.561794e+00  8.533038e-01  3.083280e+00  
   4.4568300  2.024667e-01  3.574281e+00  2.019617e-01  3.574406e+00  7.116807e-01  3.122056e+00  
   4.4778299  3.499641e-02  3.570450e+00  3.447121e-02  3.570563e+00  5.661032e-01  3.145272e+00  
   4.4988298  -1.327648e-01  3.549590e+00  -1.333061e-01  3.549696e+00  4.192775e-01  3.152511e+00  
   4.5198302  -2.985936e-01  3.511477e+00  -2.991463e-01  3.511580e+00  2.738742e-01  3.143903e+00  
   4.5408301  -4.602036e-01  3.456275e+00  -4.607634e-01  3.456375e+00  1.324101e-01  3.120106e+00  
   4.5608301  -6.081215e-01  3.388338e+00  -6.086842e-01  3.388438e+00  3.386547e-03  3.084335e+00  
   4.5818300  -7.550279e-01  3.301832e+00  -7.555900e-01  3.301932e+00  -1.242962e-01  3.034433e+00  
   4.6034298  -8.950299e-01  3.198124e+00  -8.955883e-01  3.198226e+00  -2.457887e-01  2.971735e+00  
   4.6234298  -1.012934e+00  3.090496e+00  -1.013486e+00  3.090598e+00  -3.484292e-01  2.905202e+00  
   4.6444302  -1.123155e+00  2.967592e+00  -1.123699e+00  2.967693e+00  -4.454305e-01  2.828488e+00  
   4.6654301  -1.218387e+00  2.836977e+00  -1.218923e+00  2.837073e+00  -5.311971e-01  2.746680e+00  
   4.6864300  -1.297986e+00  2.701271e+00  -1.298511e+00  2.701360e+00  -6.058653e-01  2.661629e+00  
   4.7074299  -1.361781e+00  2.563160e+00  -1.362296e+00  2.563237e+00  -6.698412e-01  2.575023e+00  
   4.7274299  -1.408124e+00  2.431782e+00  -1.408628e+00  2.431843e+00  -7.213839e-01  2.492459e+00  
   4.7484298  -1.442364e+00  2.296336e+00  -1.442855e+00  2.296376e+00  -7.663581e-01  2.406909e+00  
   4.7694302  -1.462938e+00  2.165567e+00  -1.463416e+00  2.165581e+00  -8.027700e-01  2.323568e+00  
   4.7904301  -1.471266e+00  2.041272e+00  -1.471729e+00  2.041255e+00  -8.314690e-01  2.243286e+00  
   4.8114300  -1.468970e+00  1.924832e+00  -1.469416e+00  1.924779e+00  -8.533062e-01  2.166703e+00  
   4.8324299  -1.457776e+00  1.817207e+00  -1.458203e+00  1.817116e+00  -8.691072e-01  2.094286e+00  
   4.8524299  -1.440427e+00  1.723417e+00  -1.440833e+00  1.723287e+00  -8.792623e-01  2.029470e+00  
   4.8734298  -1.416781e+00  1.634273e+00  -1.417163e+00  1.634098e+00  -8.854940e-01  1.965936e+00  
   4.8944302  -1.389077e+00  1.554582e+00  -1.389432e+00  1.554363e+00  -8.878582e-01  1.907089e+00  
   4.9154301  -1.358668e+00  1.483995e+00  -1.358993e+00  1.483730e+00  -8.869798e-01  1.852887e+00  
   4.9364300  -1.326711e+00  1.421974e+00  -1.327003e+00  1.421663e+00  -8.834262e-01  1.803208e+00  
   4.9574299  -1.294155e+00  1.367862e+00  -1.294412e+00  1.367507e+00  -8.777068e-01  1.757873e+00  
   4.9774299  -1.263289e+00  1.323020e+00  -1.263511e+00  1.322624e+00  -8.706611e-01  1.718526e+00  
   4.9984298  -1.231584e+00  1.282245e+00  -1.231767e+00  1.281809e+00  -8.619669e-01  1.680986e+00  
