w Re-xx Im-xx Re-yy Im-yy Re-zz Im-zz
# Gaussian absolute broadening  0.15 [eV]
   0.0000000  7.679713e-01  8.822656e-05  7.679671e-01  8.822660e-05  7.252572e-01  7.898277e-05  
   0.0200000  7.680709e-01  9.442449e-05  7.680670e-01  9.442453e-05  7.253463e-01  8.452966e-05  
   0.0410000  7.681897e-01  1.014871e-04  7.681856e-01  1.014872e-04  7.254524e-01  9.085020e-05  
   0.0620000  7.683249e-01  1.091544e-04  7.683207e-01  1.091545e-04  7.255735e-01  9.771152e-05  
   0.0830000  7.684783e-01  1.174600e-04  7.684741e-01  1.174601e-04  7.257108e-01  1.051437e-04  
   0.1040000  7.686524e-01  1.264333e-04  7.686483e-01  1.264335e-04  7.258667e-01  1.131730e-04  
   0.1240000  7.688388e-01  1.356212e-04  7.688347e-01  1.356216e-04  7.260337e-01  1.213940e-04  
   0.1450000  7.690591e-01  1.459580e-04  7.690552e-01  1.459584e-04  7.262310e-01  1.306420e-04  
   0.1660000  7.693063e-01  1.570070e-04  7.693022e-01  1.570077e-04  7.264522e-01  1.405268e-04  
   0.1870000  7.695828e-01  1.687651e-04  7.695786e-01  1.687661e-04  7.266996e-01  1.510449e-04  
   0.2080000  7.698903e-01  1.812176e-04  7.698864e-01  1.812189e-04  7.269750e-01  1.621832e-04  
   0.2290000  7.702309e-01  1.943393e-04  7.702267e-01  1.943411e-04  7.272797e-01  1.739189e-04  
   0.2490000  7.705872e-01  2.074263e-04  7.705835e-01  2.074286e-04  7.275987e-01  1.856220e-04  
   0.2700000  7.709965e-01  2.217451e-04  7.709924e-01  2.217482e-04  7.279649e-01  1.984253e-04  
   0.2910000  7.714425e-01  2.366066e-04  7.714387e-01  2.366106e-04  7.283638e-01  2.117118e-04  
   0.3120000  7.719261e-01  2.519571e-04  7.719221e-01  2.519621e-04  7.287966e-01  2.254332e-04  
   0.3330000  7.724477e-01  2.677415e-04  7.724438e-01  2.677478e-04  7.292632e-01  2.395401e-04  
   0.3540000  7.730078e-01  2.839065e-04  7.730039e-01  2.839144e-04  7.297644e-01  2.539844e-04  
   0.3740000  7.735769e-01  2.996102e-04  7.735730e-01  2.996197e-04  7.302735e-01  2.680138e-04  
   0.3950000  7.742121e-01  3.163803e-04  7.742081e-01  3.163917e-04  7.308416e-01  2.829924e-04  
   0.4160000  7.748854e-01  3.334011e-04  7.748814e-01  3.334145e-04  7.314436e-01  2.981916e-04  
   0.4374300  7.756124e-01  3.509969e-04  7.756088e-01  3.510126e-04  7.320942e-01  3.139000e-04  
   0.4574300  7.763266e-01  3.676023e-04  7.763230e-01  3.676201e-04  7.327330e-01  3.287204e-04  
   0.4784300  7.771140e-01  3.852119e-04  7.771102e-01  3.852319e-04  7.334369e-01  3.444328e-04  
   0.4994300  7.779394e-01  4.029877e-04  7.779356e-01  4.030099e-04  7.341747e-01  3.602888e-04  
   0.5204300  7.788029e-01  4.209227e-04  7.787991e-01  4.209471e-04  7.349467e-01  3.762819e-04  
   0.5414300  7.797046e-01  4.390135e-04  7.797009e-01  4.390398e-04  7.357529e-01  3.924090e-04  
   0.5614300  7.805995e-01  4.563872e-04  7.805958e-01  4.564151e-04  7.365525e-01  4.078916e-04  
   0.5824300  7.815770e-01  4.747834e-04  7.815734e-01  4.748128e-04  7.374261e-01  4.242800e-04  
   0.6034300  7.825930e-01  4.933401e-04  7.825895e-01  4.933705e-04  7.383342e-01  4.408057e-04  
   0.6244300  7.836488e-01  5.120628e-04  7.836453e-01  5.120940e-04  7.392774e-01  4.574731e-04  
   0.6454300  7.847440e-01  5.309570e-04  7.847405e-01  5.309888e-04  7.402560e-01  4.742864e-04  
   0.6664300  7.858794e-01  5.500286e-04  7.858761e-01  5.500606e-04  7.412700e-01  4.912516e-04  
   0.6864300  7.869980e-01  5.683627e-04  7.869944e-01  5.683948e-04  7.422689e-01  5.075542e-04  
   0.7074300  7.882121e-01  5.877999e-04  7.882088e-01  5.878321e-04  7.433529e-01  5.248309e-04  
   0.7284300  7.894673e-01  6.074350e-04  7.894640e-01  6.074669e-04  7.444736e-01  5.422758e-04  
   0.7494300  7.907642e-01  6.272754e-04  7.907609e-01  6.273074e-04  7.456312e-01  5.598959e-04  
   0.7704300  7.921024e-01  6.473283e-04  7.920992e-01  6.473602e-04  7.468258e-01  5.776968e-04  
   0.7914300  7.934835e-01  6.676025e-04  7.934802e-01  6.676345e-04  7.480581e-01  5.956857e-04  
   0.8114300  7.948378e-01  6.871237e-04  7.948347e-01  6.871559e-04  7.492665e-01  6.129989e-04  
   0.8324300  7.963027e-01  7.078532e-04  7.962996e-01  7.078856e-04  7.505728e-01  6.313749e-04  
   0.8540300  7.978549e-01  7.294324e-04  7.978519e-01  7.294652e-04  7.519577e-01  6.504947e-04  
   0.8740300  7.993336e-01  7.496539e-04  7.993307e-01  7.496875e-04  7.532762e-01  6.684029e-04  
   0.8950300  8.009305e-01  7.711460e-04  8.009278e-01  7.711803e-04  7.546998e-01  6.874265e-04  
   0.9160300  8.025723e-01  7.929134e-04  8.025695e-01  7.929486e-04  7.561637e-01  7.066836e-04  
   0.9370300  8.042605e-01  8.149666e-04  8.042577e-01  8.150027e-04  7.576678e-01  7.261831e-04  
   0.9580300  8.059949e-01  8.373164e-04  8.059923e-01  8.373535e-04  7.592131e-01  7.459338e-04  
   0.9780300  8.076910e-01  8.588882e-04  8.076885e-01  8.589261e-04  7.607238e-01  7.649867e-04  
   0.9990300  8.095188e-01  8.818500e-04  8.095163e-01  8.818884e-04  7.623516e-01  7.852556e-04  
   1.0200300  8.113951e-01  9.051414e-04  8.113926e-01  9.051809e-04  7.640220e-01  8.058036e-04  
   1.0410300  8.133206e-01  9.287753e-04  8.133183e-01  9.288152e-04  7.657363e-01  8.266413e-04  
   1.0620300  8.152968e-01  9.527635e-04  8.152945e-01  9.528037e-04  7.674948e-01  8.477783e-04  
   1.0830300  8.173236e-01  9.771184e-04  8.173211e-01  9.771590e-04  7.692979e-01  8.692252e-04  
   1.1030300  8.193014e-01  1.000666e-03  8.192993e-01  1.000707e-03  7.710572e-01  8.899479e-04  
   1.1240300  8.214294e-01  1.025774e-03  8.214274e-01  1.025815e-03  7.729497e-01  9.120304e-04  
   1.1450300  8.236105e-01  1.051286e-03  8.236086e-01  1.051328e-03  7.748887e-01  9.344539e-04  
   1.1660300  8.258460e-01  1.077218e-03  8.258440e-01  1.077261e-03  7.768751e-01  9.572314e-04  
   1.1870300  8.281357e-01  1.103583e-03  8.281342e-01  1.103626e-03  7.789100e-01  9.803743e-04  
   1.2080300  8.304818e-01  1.130398e-03  8.304801e-01  1.130441e-03  7.809938e-01  1.003895e-03  
   1.2280300  8.327682e-01  1.156366e-03  8.327667e-01  1.156411e-03  7.830240e-01  1.026659e-03  
   1.2490300  8.352255e-01  1.184102e-03  8.352239e-01  1.184149e-03  7.852051e-01  1.050955e-03  
   1.2706300  8.378145e-01  1.213151e-03  8.378133e-01  1.213200e-03  7.875028e-01  1.076383e-03  
   1.2906300  8.402677e-01  1.240534e-03  8.402664e-01  1.240584e-03  7.896791e-01  1.100335e-03  
   1.3116300  8.429032e-01  1.269810e-03  8.429021e-01  1.269861e-03  7.920163e-01  1.125924e-03  
   1.3326300  8.456005e-01  1.299639e-03  8.455996e-01  1.299692e-03  7.944075e-01  1.151977e-03  
   1.3536299  8.483611e-01  1.330043e-03  8.483601e-01  1.330098e-03  7.968541e-01  1.178512e-03  
   1.3746300  8.511861e-01  1.361044e-03  8.511853e-01  1.361102e-03  7.993568e-01  1.205548e-03  
   1.3946300  8.539380e-01  1.391146e-03  8.539374e-01  1.391205e-03  8.017938e-01  1.231777e-03  
   1.4156300  8.568929e-01  1.423378e-03  8.568922e-01  1.423440e-03  8.044099e-01  1.259842e-03  
   1.4366300  8.599164e-01  1.456277e-03  8.599159e-01  1.456341e-03  8.070852e-01  1.288463e-03  
   1.4576300  8.630097e-01  1.489866e-03  8.630095e-01  1.489933e-03  8.098215e-01  1.317661e-03  
   1.4786299  8.661747e-01  1.524173e-03  8.661747e-01  1.524243e-03  8.126203e-01  1.347457e-03  
   1.4996300  8.694128e-01  1.559223e-03  8.694128e-01  1.559296e-03  8.154824e-01  1.377873e-03  
   1.5196300  8.725655e-01  1.593322e-03  8.725658e-01  1.593396e-03  8.182681e-01  1.407437e-03  
   1.5406300  8.759502e-01  1.629907e-03  8.759506e-01  1.629984e-03  8.212572e-01  1.439131e-03  
   1.5616300  8.794128e-01  1.667323e-03  8.794134e-01  1.667403e-03  8.243137e-01  1.471514e-03  
   1.5826300  8.829546e-01  1.705601e-03  8.829553e-01  1.705684e-03  8.274391e-01  1.504613e-03  
   1.6036299  8.865777e-01  1.744774e-03  8.865787e-01  1.744861e-03  8.306344e-01  1.538457e-03  
   1.6246300  8.902842e-01  1.784880e-03  8.902853e-01  1.784970e-03  8.339017e-01  1.573073e-03  
   1.6446300  8.938926e-01  1.823975e-03  8.938940e-01  1.824068e-03  8.370813e-01  1.606786e-03  
   1.6656300  8.977662e-01  1.866009e-03  8.977677e-01  1.866106e-03  8.404928e-01  1.642999e-03  
   1.6872300  9.018443e-01  1.910339e-03  9.018459e-01  1.910440e-03  8.440827e-01  1.681154e-03  
   1.7072300  9.057064e-01  1.952416e-03  9.057083e-01  1.952522e-03  8.474807e-01  1.717334e-03  
   1.7282300  9.098532e-01  1.997710e-03  9.098551e-01  1.997820e-03  8.511268e-01  1.756243e-03  
   1.7492300  9.140963e-01  2.044195e-03  9.140986e-01  2.044308e-03  8.548560e-01  1.796136e-03  
   1.7702301  9.184377e-01  2.091920e-03  9.184403e-01  2.092039e-03  8.586696e-01  1.837054e-03  
   1.7912300  9.228811e-01  2.140947e-03  9.228838e-01  2.141069e-03  8.625706e-01  1.879043e-03  
   1.8112299  9.272104e-01  2.188901e-03  9.272133e-01  2.189028e-03  8.663687e-01  1.920076e-03  
   1.8322300  9.318604e-01  2.240641e-03  9.318636e-01  2.240773e-03  8.704463e-01  1.964302e-03  
   1.8532300  9.366210e-01  2.293870e-03  9.366241e-01  2.294008e-03  8.746184e-01  2.009755e-03  
   1.8742300  9.414949e-01  2.348662e-03  9.414987e-01  2.348805e-03  8.788869e-01  2.056493e-03  
   1.8952301  9.464861e-01  2.405096e-03  9.464898e-01  2.405243e-03  8.832555e-01  2.104577e-03  
   1.9162300  9.515975e-01  2.463254e-03  9.516018e-01  2.463406e-03  8.877259e-01  2.154076e-03  
   1.9362299  9.565801e-01  2.520330e-03  9.565846e-01  2.520488e-03  8.920814e-01  2.202599e-03  
   1.9572300  9.619362e-01  2.582128e-03  9.619410e-01  2.582290e-03  8.967599e-01  2.255074e-03  
   1.9782300  9.674242e-01  2.645946e-03  9.674293e-01  2.646113e-03  9.015499e-01  2.309197e-03  
   1.9992300  9.730470e-01  2.711901e-03  9.730522e-01  2.712074e-03  9.064543e-01  2.365059e-03  
   2.0202301  9.788097e-01  2.780125e-03  9.788157e-01  2.780303e-03  9.114771e-01  2.422768e-03  
   2.0412300  9.847167e-01  2.850757e-03  9.847227e-01  2.850941e-03  9.166211e-01  2.482436e-03  
   2.0612299  9.904802e-01  2.920411e-03  9.904867e-01  2.920601e-03  9.216371e-01  2.541202e-03  
   2.0822301  9.966822e-01  2.996220e-03  9.966888e-01  2.996416e-03  9.270300e-01  2.605083e-03  
   2.1038301  1.003227e+00  3.077248e-03  1.003235e+00  3.077452e-03  9.327168e-01  2.673282e-03  
   2.1238301  1.009444e+00  3.155236e-03  1.009452e+00  3.155446e-03  9.381126e-01  2.738853e-03  
   2.1448300  1.016137e+00  3.240415e-03  1.016146e+00  3.240634e-03  9.439185e-01  2.810408e-03  
   2.1658299  1.023008e+00  3.329221e-03  1.023017e+00  3.329449e-03  9.498719e-01  2.884956e-03  
   2.1868300  1.030062e+00  3.421945e-03  1.030072e+00  3.422182e-03  9.559790e-01  2.962754e-03  
   2.2078300  1.037307e+00  3.518897e-03  1.037317e+00  3.519146e-03  9.622454e-01  3.044078e-03  
   2.2278299  1.044392e+00  3.615485e-03  1.044402e+00  3.615745e-03  9.683669e-01  3.125094e-03  
   2.2488301  1.052033e+00  3.721735e-03  1.052044e+00  3.722009e-03  9.749621e-01  3.214228e-03  
   2.2698300  1.059887e+00  3.833342e-03  1.059898e+00  3.833629e-03  9.817343e-01  3.307897e-03  
   2.2908299  1.067965e+00  3.950767e-03  1.067977e+00  3.951069e-03  9.886920e-01  3.406509e-03  
   2.3118300  1.076276e+00  4.074505e-03  1.076288e+00  4.074825e-03  9.958419e-01  3.510513e-03  
   2.3328300  1.084829e+00  4.205099e-03  1.084842e+00  4.205436e-03  1.003192e+00  3.620395e-03  
   2.3528299  1.093210e+00  4.336387e-03  1.093223e+00  4.336743e-03  1.010385e+00  3.730996e-03  
   2.3738301  1.102268e+00  4.482118e-03  1.102282e+00  4.482493e-03  1.018149e+00  3.853936e-03  
   2.3948300  1.111602e+00  4.636602e-03  1.111616e+00  4.636999e-03  1.026140e+00  3.984474e-03  
   2.4158299  1.121224e+00  4.800605e-03  1.121240e+00  4.801026e-03  1.034366e+00  4.123310e-03  
   2.4368300  1.131150e+00  4.974970e-03  1.131166e+00  4.975413e-03  1.042838e+00  4.271212e-03  
   2.4578300  1.141392e+00  5.160620e-03  1.141410e+00  5.161091e-03  1.051569e+00  4.429026e-03  
   2.4778299  1.151458e+00  5.348864e-03  1.151476e+00  5.349362e-03  1.060134e+00  4.589402e-03  
   2.4988301  1.162369e+00  5.559645e-03  1.162388e+00  5.560171e-03  1.069404e+00  4.769391e-03  
   2.5204301  1.173979e+00  5.791836e-03  1.173999e+00  5.792394e-03  1.079249e+00  4.968131e-03  
   2.5404301  1.185098e+00  6.022154e-03  1.185119e+00  6.022744e-03  1.088661e+00  5.165700e-03  
   2.5614300  1.197177e+00  6.281555e-03  1.197199e+00  6.282184e-03  1.098865e+00  5.388638e-03  
   2.5824299  1.209696e+00  6.561000e-03  1.209719e+00  6.561673e-03  1.109417e+00  5.629160e-03  
   2.6034300  1.222683e+00  6.863007e-03  1.222707e+00  6.863726e-03  1.120338e+00  5.889295e-03  
   2.6244299  1.236168e+00  7.190638e-03  1.236194e+00  7.191410e-03  1.131649e+00  6.171429e-03  
   2.6444299  1.249507e+00  7.530016e-03  1.249534e+00  7.530843e-03  1.142808e+00  6.463206e-03  
   2.6654301  1.264071e+00  7.919781e-03  1.264099e+00  7.920672e-03  1.154957e+00  6.797150e-03  
   2.6864300  1.279248e+00  8.350011e-03  1.279277e+00  8.350982e-03  1.167576e+00  7.163582e-03  
   2.7074299  1.295087e+00  8.829090e-03  1.295119e+00  8.830148e-03  1.180700e+00  7.567952e-03  
   2.7284300  1.311645e+00  9.368233e-03  1.311678e+00  9.369397e-03  1.194367e+00  8.017203e-03  
   2.7494299  1.328983e+00  9.982595e-03  1.329018e+00  9.983883e-03  1.208616e+00  8.520304e-03  
   2.7694299  1.346284e+00  1.065642e-02  1.346321e+00  1.065785e-02  1.222772e+00  9.060160e-03  
   2.7904301  1.365355e+00  1.148380e-02  1.365394e+00  1.148541e-02  1.238300e+00  9.705310e-03  
   2.8114300  1.385441e+00  1.247092e-02  1.385482e+00  1.247277e-02  1.254564e+00  1.045004e-02  
   2.8324299  1.406641e+00  1.366824e-02  1.406685e+00  1.367040e-02  1.271630e+00  1.131998e-02  
   2.8534300  1.429063e+00  1.514306e-02  1.429110e+00  1.514562e-02  1.289569e+00  1.234837e-02  
   2.8744299  1.452827e+00  1.698406e-02  1.452877e+00  1.698713e-02  1.308461e+00  1.357813e-02  
   2.8944299  1.476820e+00  1.918290e-02  1.476873e+00  1.918663e-02  1.327417e+00  1.498685e-02  
   2.9154301  1.503565e+00  2.210009e-02  1.503623e+00  2.210472e-02  1.348422e+00  1.678247e-02  
   2.9370301  1.532866e+00  2.594101e-02  1.532927e+00  2.594686e-02  1.371308e+00  1.905902e-02  
   2.9570301  1.561722e+00  3.046806e-02  1.561788e+00  3.047540e-02  1.393754e+00  2.165852e-02  
   2.9780300  1.593902e+00  3.648823e-02  1.593972e+00  3.649756e-02  1.418722e+00  2.502885e-02  
   2.9990301  1.628072e+00  4.411852e-02  1.628146e+00  4.413040e-02  1.445225e+00  2.921974e-02  
   3.0200300  1.664249e+00  5.372145e-02  1.664328e+00  5.373654e-02  1.473354e+00  3.443192e-02  
   3.0410299  1.702393e+00  6.570017e-02  1.702477e+00  6.571922e-02  1.503186e+00  4.090431e-02  
   3.0610299  1.740442e+00  7.971376e-02  1.740531e+00  7.973740e-02  1.533227e+00  4.849486e-02  
   3.0820301  1.782004e+00  9.759489e-02  1.782097e+00  9.762427e-02  1.566492e+00  5.826836e-02  
   3.1030300  1.824915e+00  1.191571e-01  1.825011e+00  1.191932e-01  1.601482e+00  7.023863e-02  
   3.1240301  1.868769e+00  1.448173e-01  1.868869e+00  1.448611e-01  1.638098e+00  8.479209e-02  
   3.1450300  1.913051e+00  1.749349e-01  1.913152e+00  1.749876e-01  1.676153e+00  1.023352e-01  
   3.1660299  1.957154e+00  2.097854e-01  1.957255e+00  2.098478e-01  1.715377e+00  1.232804e-01  
   3.1860299  1.998360e+00  2.475260e-01  1.998460e+00  2.475985e-01  1.753478e+00  1.467551e-01  
   3.2070301  2.040078e+00  2.919589e-01  2.040177e+00  2.920426e-01  1.793806e+00  1.754525e-01  
   3.2280300  2.079462e+00  3.411919e-01  2.079556e+00  3.412873e-01  1.833896e+00  2.085869e-01  
   3.2490301  2.115766e+00  3.949430e-01  2.115853e+00  3.950505e-01  1.873073e+00  2.463601e-01  
   3.2700300  2.148299e+00  4.527696e-01  2.148378e+00  4.528891e-01  1.910594e+00  2.888504e-01  
   3.2910299  2.176468e+00  5.140868e-01  2.176538e+00  5.142182e-01  1.945662e+00  3.359903e-01  
   3.3110299  2.198812e+00  5.750871e-01  2.198873e+00  5.752295e-01  1.976045e+00  3.849982e-01  
   3.3320301  2.217270e+00  6.411185e-01  2.217319e+00  6.412714e-01  2.004032e+00  4.403898e-01  
   3.3536301  2.230765e+00  7.103003e-01  2.230802e+00  7.104636e-01  2.027911e+00  5.009744e-01  
   3.3736300  2.238327e+00  7.747357e-01  2.238352e+00  7.749076e-01  2.045032e+00  5.596543e-01  
   3.3946300  2.241354e+00  8.420410e-01  2.241368e+00  8.422212e-01  2.057435e+00  6.231106e-01  
   3.4156301  2.239685e+00  9.083225e-01  2.239687e+00  9.085103e-01  2.063896e+00  6.875203e-01  
   3.4366300  2.233767e+00  9.730235e-01  2.233760e+00  9.732178e-01  2.064394e+00  7.518865e-01  
   3.4576299  2.224124e+00  1.035730e+00  2.224107e+00  1.035931e+00  2.059135e+00  8.152205e-01  
   3.4776299  2.211976e+00  1.093350e+00  2.211951e+00  1.093555e+00  2.049154e+00  8.737295e-01  
   3.4986300  2.196625e+00  1.151516e+00  2.196593e+00  1.151726e+00  2.034041e+00  9.324790e-01  
   3.5196300  2.179098e+00  1.207276e+00  2.179061e+00  1.207490e+00  2.014941e+00  9.878289e-01  
   3.5406301  2.159816e+00  1.260707e+00  2.159774e+00  1.260925e+00  1.992733e+00  1.039312e+00  
   3.5616300  2.139110e+00  1.311942e+00  2.139064e+00  1.312162e+00  1.968353e+00  1.086677e+00  
   3.5826299  2.117224e+00  1.361139e+00  2.117175e+00  1.361362e+00  1.942731e+00  1.129891e+00  
   3.6026299  2.095436e+00  1.406238e+00  2.095384e+00  1.406461e+00  1.917972e+00  1.167347e+00  
   3.6236300  2.071669e+00  1.451861e+00  2.071614e+00  1.452082e+00  1.892325e+00  1.203132e+00  
   3.6446300  2.047059e+00  1.495776e+00  2.047005e+00  1.495996e+00  1.867634e+00  1.235765e+00  
   3.6656301  2.021678e+00  1.537999e+00  2.021622e+00  1.538215e+00  1.844326e+00  1.265820e+00  
   3.6866300  1.995617e+00  1.578492e+00  1.995562e+00  1.578703e+00  1.822642e+00  1.293898e+00  
   3.7076299  1.969017e+00  1.617180e+00  1.968963e+00  1.617384e+00  1.802655e+00  1.320580e+00  
   3.7276299  1.943375e+00  1.652267e+00  1.943322e+00  1.652463e+00  1.785123e+00  1.345154e+00  
   3.7486300  1.916402e+00  1.687186e+00  1.916352e+00  1.687372e+00  1.768123e+00  1.370458e+00  
   3.7702301  1.888982e+00  1.721007e+00  1.888937e+00  1.721183e+00  1.751895e+00  1.396231e+00  
   3.7902300  1.864290e+00  1.750454e+00  1.864250e+00  1.750621e+00  1.737777e+00  1.419993e+00  
   3.8112299  1.839548e+00  1.779558e+00  1.839515e+00  1.779715e+00  1.723703e+00  1.444860e+00  
   3.8322301  1.816512e+00  1.807033e+00  1.816486e+00  1.807182e+00  1.710277e+00  1.469578e+00  
   3.8532300  1.795674e+00  1.833244e+00  1.795655e+00  1.833387e+00  1.697492e+00  1.494038e+00  
   3.8742299  1.777474e+00  1.858689e+00  1.777464e+00  1.858829e+00  1.685453e+00  1.518133e+00  
   3.8942299  1.762925e+00  1.882789e+00  1.762922e+00  1.882929e+00  1.674880e+00  1.540689e+00  
   3.9152300  1.750797e+00  1.908676e+00  1.750802e+00  1.908819e+00  1.665006e+00  1.563993e+00  
   3.9362299  1.741974e+00  1.936002e+00  1.741987e+00  1.936153e+00  1.656744e+00  1.587067e+00  
   3.9572301  1.736351e+00  1.965697e+00  1.736371e+00  1.965859e+00  1.650462e+00  1.610221e+00  
   3.9782300  1.733607e+00  1.998725e+00  1.733632e+00  1.998903e+00  1.646487e+00  1.633922e+00  
   3.9992299  1.733196e+00  2.036039e+00  1.733224e+00  2.036238e+00  1.645056e+00  1.658796e+00  
   4.0192299  1.734262e+00  2.076385e+00  1.734291e+00  2.076607e+00  1.646151e+00  1.684271e+00  
   4.0402298  1.735954e+00  2.124551e+00  1.735982e+00  2.124799e+00  1.649803e+00  1.713725e+00  
   4.0612302  1.737056e+00  2.179276e+00  1.737079e+00  2.179553e+00  1.655729e+00  1.746867e+00  
   4.0822301  1.736206e+00  2.240973e+00  1.736220e+00  2.241281e+00  1.663396e+00  1.784641e+00  
   4.1032300  1.731920e+00  2.309805e+00  1.731921e+00  2.310142e+00  1.672013e+00  1.827955e+00  
   4.1242299  1.722648e+00  2.385657e+00  1.722632e+00  2.386022e+00  1.680535e+00  1.877615e+00  
   4.1442299  1.707758e+00  2.464045e+00  1.707722e+00  2.464433e+00  1.687390e+00  1.931398e+00  
   4.1652298  1.684324e+00  2.552132e+00  1.684263e+00  2.552542e+00  1.691828e+00  1.995085e+00  
   4.1868300  1.650451e+00  2.647896e+00  1.650362e+00  2.648321e+00  1.691724e+00  2.068449e+00  
   4.2068300  1.609125e+00  2.740069e+00  1.609006e+00  2.740503e+00  1.685753e+00  2.143299e+00  
   4.2278299  1.554462e+00  2.839061e+00  1.554310e+00  2.839497e+00  1.671665e+00  2.228507e+00  
   4.2488298  1.487537e+00  2.938713e+00  1.487350e+00  2.939143e+00  1.647859e+00  2.319551e+00  
   4.2698302  1.407894e+00  3.037269e+00  1.407672e+00  3.037687e+00  1.612754e+00  2.415085e+00  
   4.2908301  1.315381e+00  3.132884e+00  1.315124e+00  3.133281e+00  1.565019e+00  2.513378e+00  
   4.3108301  1.215435e+00  3.219501e+00  1.215144e+00  3.219872e+00  1.506918e+00  2.607682e+00  
   4.3318300  1.098476e+00  3.303986e+00  1.098151e+00  3.304324e+00  1.432106e+00  2.705211e+00  
   4.3528299  9.699086e-01  3.380059e+00  9.695510e-01  3.380360e+00  1.343094e+00  2.798784e+00  
   4.3738298  8.307148e-01  3.445981e+00  8.303269e-01  3.446240e+00  1.240357e+00  2.885885e+00  
   4.3948302  6.821260e-01  3.500126e+00  6.817104e-01  3.500341e+00  1.124913e+00  2.964067e+00  
   4.4158301  5.256216e-01  3.541012e+00  5.251819e-01  3.541182e+00  9.983147e-01  3.031084e+00  
   4.4358301  3.707520e-01  3.566439e+00  3.702928e-01  3.566567e+00  8.692025e-01  3.082764e+00  
   4.4568300  2.038391e-01  3.577914e+00  2.033637e-01  3.577996e+00  7.269397e-01  3.122822e+00  
   4.4778299  3.453879e-02  3.572975e+00  3.405161e-02  3.573017e+00  5.803927e-01  3.147322e+00  
   4.4988298  -1.349625e-01  3.551103e+00  -1.354562e-01  3.551106e+00  4.322954e-01  3.155785e+00  
   4.5198302  -3.023853e-01  3.512107e+00  -3.028801e-01  3.512076e+00  2.853590e-01  3.148279e+00  
   4.5408301  -4.653937e-01  3.456186e+00  -4.658841e-01  3.456123e+00  1.421528e-01  3.125404e+00  
   4.5608301  -6.144253e-01  3.387738e+00  -6.149064e-01  3.387648e+00  1.133391e-02  3.090299e+00  
   4.5818300  -7.622471e-01  3.300890e+00  -7.627130e-01  3.300776e+00  -1.183076e-01  3.040842e+00  
   4.6034298  -9.029090e-01  3.197042e+00  -9.033539e-01  3.196908e+00  -2.418127e-01  2.978299e+00  
   4.6234298  -1.021172e+00  3.089462e+00  -1.021594e+00  3.089312e+00  -3.462403e-01  2.911623e+00  
   4.6444302  -1.131529e+00  2.966772e+00  -1.131923e+00  2.966609e+00  -4.449646e-01  2.834462e+00  
   4.6654301  -1.226679e+00  2.836503e+00  -1.227041e+00  2.836330e+00  -5.322294e-01  2.751913e+00  
   4.6864300  -1.306012e+00  2.701237e+00  -1.306340e+00  2.701058e+00  -6.081153e-01  2.665848e+00  
   4.7074299  -1.369400e+00  2.563616e+00  -1.369695e+00  2.563434e+00  -6.729905e-01  2.577986e+00  
   4.7274299  -1.415263e+00  2.432712e+00  -1.415525e+00  2.432528e+00  -7.250768e-01  2.494038e+00  
   4.7484298  -1.448936e+00  2.297735e+00  -1.449165e+00  2.297551e+00  -7.702954e-01  2.406877e+00  
   4.7694302  -1.468914e+00  2.167373e+00  -1.469112e+00  2.167190e+00  -8.066396e-01  2.321809e+00  
   4.7904301  -1.476644e+00  2.043398e+00  -1.476813e+00  2.043220e+00  -8.349974e-01  2.239730e+00  
   4.8114300  -1.473770e+00  1.927179e+00  -1.473913e+00  1.927003e+00  -8.562713e-01  2.161323e+00  
   4.8324299  -1.462032e+00  1.819670e+00  -1.462152e+00  1.819499e+00  -8.713462e-01  2.087094e+00  
   4.8524299  -1.444207e+00  1.725893e+00  -1.444307e+00  1.725726e+00  -8.807144e-01  2.020595e+00  
   4.8734298  -1.420109e+00  1.636667e+00  -1.420191e+00  1.636505e+00  -8.860759e-01  1.955364e+00  
   4.8944302  -1.392005e+00  1.556809e+00  -1.392072e+00  1.556651e+00  -8.875772e-01  1.894911e+00  
   4.9154301  -1.361247e+00  1.485982e+00  -1.361301e+00  1.485827e+00  -8.858868e-01  1.839208e+00  
   4.9364300  -1.328988e+00  1.423661e+00  -1.329031e+00  1.423509e+00  -8.816069e-01  1.788142e+00  
   4.9574299  -1.296177e+00  1.369204e+00  -1.296210e+00  1.369055e+00  -8.752703e-01  1.741533e+00  
   4.9774299  -1.265106e+00  1.324002e+00  -1.265131e+00  1.323854e+00  -8.677511e-01  1.701079e+00  
   4.9984298  -1.233222e+00  1.282827e+00  -1.233241e+00  1.282680e+00  -8.586849e-01  1.662482e+00  
