w Re-xx Im-xx Re-yy Im-yy Re-zz Im-zz
# Gaussian absolute broadening  0.15 [eV]
   0.0000000  7.685869e-01  8.843168e-05  7.685946e-01  8.843218e-05  7.369433e-01  8.299270e-05  
   0.0200000  7.686870e-01  9.464539e-05  7.686949e-01  9.464602e-05  7.370371e-01  8.882378e-05  
   0.0410000  7.688057e-01  1.017262e-04  7.688136e-01  1.017270e-04  7.371485e-01  9.546868e-05  
   0.0620000  7.689413e-01  1.094131e-04  7.689493e-01  1.094141e-04  7.372757e-01  1.026828e-04  
   0.0830000  7.690951e-01  1.177402e-04  7.691029e-01  1.177415e-04  7.374200e-01  1.104979e-04  
   0.1040000  7.692695e-01  1.267369e-04  7.692775e-01  1.267384e-04  7.375839e-01  1.189417e-04  
   0.1240000  7.694566e-01  1.359489e-04  7.694645e-01  1.359508e-04  7.377595e-01  1.275879e-04  
   0.1450000  7.696774e-01  1.463129e-04  7.696853e-01  1.463152e-04  7.379667e-01  1.373156e-04  
   0.1660000  7.699254e-01  1.573913e-04  7.699334e-01  1.573941e-04  7.381995e-01  1.477144e-04  
   0.1870000  7.702025e-01  1.691809e-04  7.702105e-01  1.691842e-04  7.384595e-01  1.587810e-04  
   0.2080000  7.705109e-01  1.816670e-04  7.705188e-01  1.816710e-04  7.387490e-01  1.705019e-04  
   0.2290000  7.708521e-01  1.948244e-04  7.708603e-01  1.948290e-04  7.390694e-01  1.828534e-04  
   0.2490000  7.712097e-01  2.079473e-04  7.712176e-01  2.079525e-04  7.394048e-01  1.951731e-04  
   0.2700000  7.716199e-01  2.223059e-04  7.716279e-01  2.223119e-04  7.397898e-01  2.086533e-04  
   0.2910000  7.720669e-01  2.372091e-04  7.720750e-01  2.372157e-04  7.402096e-01  2.226454e-04  
   0.3120000  7.725518e-01  2.526031e-04  7.725598e-01  2.526104e-04  7.406648e-01  2.370991e-04  
   0.3330000  7.730747e-01  2.684327e-04  7.730828e-01  2.684408e-04  7.411556e-01  2.519628e-04  
   0.3540000  7.736363e-01  2.846447e-04  7.736445e-01  2.846534e-04  7.416826e-01  2.671863e-04  
   0.3740000  7.742069e-01  3.003945e-04  7.742152e-01  3.004037e-04  7.422184e-01  2.819767e-04  
   0.3950000  7.748438e-01  3.172143e-04  7.748520e-01  3.172241e-04  7.428163e-01  2.977733e-04  
   0.4160000  7.755190e-01  3.342860e-04  7.755271e-01  3.342963e-04  7.434499e-01  3.138078e-04  
   0.4374300  7.762482e-01  3.519352e-04  7.762563e-01  3.519458e-04  7.441345e-01  3.303861e-04  
   0.4574300  7.769639e-01  3.685915e-04  7.769724e-01  3.686024e-04  7.448068e-01  3.460336e-04  
   0.4784300  7.777534e-01  3.862556e-04  7.777618e-01  3.862669e-04  7.455480e-01  3.626296e-04  
   0.4994300  7.785810e-01  4.040872e-04  7.785894e-01  4.040986e-04  7.463247e-01  3.793848e-04  
   0.5204300  7.794468e-01  4.220788e-04  7.794552e-01  4.220904e-04  7.471377e-01  3.962929e-04  
   0.5414300  7.803511e-01  4.402272e-04  7.803595e-01  4.402392e-04  7.479868e-01  4.133508e-04  
   0.5614300  7.812486e-01  4.576570e-04  7.812570e-01  4.576695e-04  7.488293e-01  4.297357e-04  
   0.5824300  7.822285e-01  4.761131e-04  7.822369e-01  4.761262e-04  7.497498e-01  4.470882e-04  
   0.6034300  7.832474e-01  4.947313e-04  7.832561e-01  4.947451e-04  7.507066e-01  4.645963e-04  
   0.6244300  7.843060e-01  5.135168e-04  7.843148e-01  5.135315e-04  7.517009e-01  4.822647e-04  
   0.6454300  7.854047e-01  5.324751e-04  7.854134e-01  5.324908e-04  7.527324e-01  5.000993e-04  
   0.6664300  7.865432e-01  5.516124e-04  7.865519e-01  5.516293e-04  7.538021e-01  5.181063e-04  
   0.6864300  7.876647e-01  5.700109e-04  7.876735e-01  5.700291e-04  7.548556e-01  5.354218e-04  
   0.7074300  7.888826e-01  5.895179e-04  7.888914e-01  5.895376e-04  7.559994e-01  5.537844e-04  
   0.7284300  7.901413e-01  6.092248e-04  7.901502e-01  6.092460e-04  7.571819e-01  5.723400e-04  
   0.7494300  7.914419e-01  6.291395e-04  7.914509e-01  6.291624e-04  7.584039e-01  5.910964e-04  
   0.7704300  7.927842e-01  6.492697e-04  7.927933e-01  6.492942e-04  7.596653e-01  6.100606e-04  
   0.7914300  7.941692e-01  6.696237e-04  7.941784e-01  6.696497e-04  7.609668e-01  6.292413e-04  
   0.8114300  7.955278e-01  6.892239e-04  7.955371e-01  6.892514e-04  7.622436e-01  6.477175e-04  
   0.8324300  7.969970e-01  7.100394e-04  7.970061e-01  7.100685e-04  7.636241e-01  6.673460e-04  
   0.8540300  7.985542e-01  7.317108e-04  7.985636e-01  7.317410e-04  7.650879e-01  6.877884e-04  
   0.8740300  8.000379e-01  7.520213e-04  8.000472e-01  7.520529e-04  7.664825e-01  7.069547e-04  
   0.8950300  8.016396e-01  7.736105e-04  8.016489e-01  7.736433e-04  7.679883e-01  7.273357e-04  
   0.9160300  8.032867e-01  7.954792e-04  8.032964e-01  7.955132e-04  7.695371e-01  7.479899e-04  
   0.9370300  8.049803e-01  8.176379e-04  8.049900e-01  8.176733e-04  7.711295e-01  7.689278e-04  
   0.9580300  8.067203e-01  8.400978e-04  8.067300e-01  8.401345e-04  7.727663e-01  7.901614e-04  
   0.9780300  8.084223e-01  8.617791e-04  8.084321e-01  8.618172e-04  7.743670e-01  8.106697e-04  
   0.9990300  8.102562e-01  8.848602e-04  8.102660e-01  8.848999e-04  7.760922e-01  8.325153e-04  
   1.0200300  8.121389e-01  9.082772e-04  8.121489e-01  9.083185e-04  7.778637e-01  8.546925e-04  
   1.0410300  8.140712e-01  9.320424e-04  8.140813e-01  9.320854e-04  7.796823e-01  8.772158e-04  
   1.0620300  8.160542e-01  9.561681e-04  8.160645e-01  9.562130e-04  7.815489e-01  9.000981e-04  
   1.0830300  8.180882e-01  9.806675e-04  8.180983e-01  9.807142e-04  7.834639e-01  9.233546e-04  
   1.1030300  8.200735e-01  1.004359e-03  8.200837e-01  1.004407e-03  7.853330e-01  9.458657e-04  
   1.1240300  8.222094e-01  1.029626e-03  8.222201e-01  1.029676e-03  7.873451e-01  9.698981e-04  
   1.1450300  8.243988e-01  1.055306e-03  8.244095e-01  1.055358e-03  7.894077e-01  9.943547e-04  
   1.1660300  8.266425e-01  1.081416e-03  8.266534e-01  1.081470e-03  7.915221e-01  1.019257e-03  
   1.1870300  8.289418e-01  1.107970e-03  8.289529e-01  1.108025e-03  7.936893e-01  1.044626e-03  
   1.2080300  8.312971e-01  1.134985e-03  8.313080e-01  1.135041e-03  7.959101e-01  1.070492e-03  
   1.2280300  8.335930e-01  1.161156e-03  8.336041e-01  1.161214e-03  7.980757e-01  1.095617e-03  
   1.2490300  8.360603e-01  1.189120e-03  8.360716e-01  1.189180e-03  8.004040e-01  1.122555e-03  
   1.2706300  8.386605e-01  1.218421e-03  8.386719e-01  1.218483e-03  8.028585e-01  1.150911e-03  
   1.2906300  8.411247e-01  1.246057e-03  8.411363e-01  1.246120e-03  8.051855e-01  1.177811e-03  
   1.3116300  8.437719e-01  1.275620e-03  8.437837e-01  1.275685e-03  8.076867e-01  1.206805e-03  
   1.3326300  8.464816e-01  1.305767e-03  8.464932e-01  1.305835e-03  8.102482e-01  1.236668e-03  
   1.3536299  8.492551e-01  1.336526e-03  8.492672e-01  1.336595e-03  8.128718e-01  1.267531e-03  
   1.3746300  8.520938e-01  1.367929e-03  8.521059e-01  1.368000e-03  8.155584e-01  1.299556e-03  
   1.3946300  8.548597e-01  1.398468e-03  8.548721e-01  1.398541e-03  8.181779e-01  1.331320e-03  
   1.4156300  8.578298e-01  1.431236e-03  8.578424e-01  1.431311e-03  8.209926e-01  1.366228e-03  
   1.4366300  8.608693e-01  1.464772e-03  8.608820e-01  1.464851e-03  8.238754e-01  1.403009e-03  
   1.4576300  8.639802e-01  1.499134e-03  8.639930e-01  1.499214e-03  8.268274e-01  1.441989e-03  
   1.4786299  8.671635e-01  1.534389e-03  8.671763e-01  1.534474e-03  8.298509e-01  1.483537e-03  
   1.4996300  8.704208e-01  1.570623e-03  8.704340e-01  1.570710e-03  8.329468e-01  1.528058e-03  
   1.5196300  8.735929e-01  1.606128e-03  8.736063e-01  1.606219e-03  8.359640e-01  1.573622e-03  
   1.5406300  8.769997e-01  1.644569e-03  8.770133e-01  1.644664e-03  8.392059e-01  1.625232e-03  
   1.5616300  8.804854e-01  1.684338e-03  8.804990e-01  1.684437e-03  8.425254e-01  1.681170e-03  
   1.5826300  8.840517e-01  1.725595e-03  8.840659e-01  1.725698e-03  8.459236e-01  1.741920e-03  
   1.6036299  8.877012e-01  1.768527e-03  8.877155e-01  1.768635e-03  8.494022e-01  1.807970e-03  
   1.6246300  8.914354e-01  1.813346e-03  8.914497e-01  1.813460e-03  8.529633e-01  1.879804e-03  
   1.6446300  8.950717e-01  1.857998e-03  8.950864e-01  1.858117e-03  8.564321e-01  1.954035e-03  
   1.6656300  8.989764e-01  1.907187e-03  8.989913e-01  1.907312e-03  8.601573e-01  2.038544e-03  
   1.6872300  9.030881e-01  1.960515e-03  9.031031e-01  1.960646e-03  8.640805e-01  2.132973e-03  
   1.7072300  9.069822e-01  2.012606e-03  9.069978e-01  2.012743e-03  8.677967e-01  2.227617e-03  
   1.7282300  9.111643e-01  2.070346e-03  9.111799e-01  2.070489e-03  8.717871e-01  2.334869e-03  
   1.7492300  9.154435e-01  2.131416e-03  9.154592e-01  2.131565e-03  8.758700e-01  2.450563e-03  
   1.7702301  9.198223e-01  2.195990e-03  9.198385e-01  2.196147e-03  8.800480e-01  2.575011e-03  
   1.7912300  9.243034e-01  2.264185e-03  9.243196e-01  2.264348e-03  8.843228e-01  2.708434e-03  
   1.8112299  9.286691e-01  2.332550e-03  9.286857e-01  2.332719e-03  8.884864e-01  2.843957e-03  
   1.8322300  9.333573e-01  2.407905e-03  9.333741e-01  2.408081e-03  8.929588e-01  2.995160e-03  
   1.8532300  9.381564e-01  2.486848e-03  9.381735e-01  2.487030e-03  8.975369e-01  3.155464e-03  
   1.8742300  9.430693e-01  2.569260e-03  9.430867e-01  2.569450e-03  9.022248e-01  3.324883e-03  
   1.8952301  9.480991e-01  2.655012e-03  9.481169e-01  2.655208e-03  9.070275e-01  3.503595e-03  
   1.9162300  9.532502e-01  2.743989e-03  9.532682e-01  2.744194e-03  9.119496e-01  3.692126e-03  
   1.9362299  9.582714e-01  2.831689e-03  9.582900e-01  2.831902e-03  9.167541e-01  3.881782e-03  
   1.9572300  9.636695e-01  2.926952e-03  9.636883e-01  2.927173e-03  9.219265e-01  4.093277e-03  
   1.9782300  9.692013e-01  3.025702e-03  9.692207e-01  3.025932e-03  9.272378e-01  4.320147e-03  
   1.9992300  9.748708e-01  3.128365e-03  9.748902e-01  3.128606e-03  9.326932e-01  4.566227e-03  
   2.0202301  9.806834e-01  3.235603e-03  9.807034e-01  3.235855e-03  9.382999e-01  4.836480e-03  
   2.0412300  9.866437e-01  3.348299e-03  9.866641e-01  3.348564e-03  9.440623e-01  5.136924e-03  
   2.0612299  9.924619e-01  3.461707e-03  9.924828e-01  3.461985e-03  9.496988e-01  5.457407e-03  
   2.0822301  9.987254e-01  3.588389e-03  9.987465e-01  3.588681e-03  9.557765e-01  5.837075e-03  
   2.1038301  1.005339e+00  3.728252e-03  1.005360e+00  3.728557e-03  9.621996e-01  6.281454e-03  
   2.1238301  1.011621e+00  3.867736e-03  1.011643e+00  3.868053e-03  9.683015e-01  6.748228e-03  
   2.1448300  1.018385e+00  4.025869e-03  1.018408e+00  4.026197e-03  9.748666e-01  7.301529e-03  
   2.1658299  1.025330e+00  4.197209e-03  1.025353e+00  4.197548e-03  9.815903e-01  7.924184e-03  
   2.1868300  1.032458e+00  4.382849e-03  1.032481e+00  4.383198e-03  9.884712e-01  8.619094e-03  
   2.2078300  1.039775e+00  4.583617e-03  1.039800e+00  4.583972e-03  9.955036e-01  9.387024e-03  
   2.2278299  1.046927e+00  4.789420e-03  1.046952e+00  4.789776e-03  1.002339e+00  1.018500e-02  
   2.2488301  1.054634e+00  5.021120e-03  1.054659e+00  5.021474e-03  1.009660e+00  1.108942e-02  
   2.2698300  1.062549e+00  5.268835e-03  1.062575e+00  5.269186e-03  1.017125e+00  1.205661e-02  
   2.2908299  1.070681e+00  5.532406e-03  1.070708e+00  5.532749e-03  1.024736e+00  1.307955e-02  
   2.3118300  1.079039e+00  5.811508e-03  1.079066e+00  5.811842e-03  1.032495e+00  1.415007e-02  
   2.3328300  1.087631e+00  6.105736e-03  1.087659e+00  6.106061e-03  1.040407e+00  1.525932e-02  
   2.3528299  1.096041e+00  6.399664e-03  1.096069e+00  6.399980e-03  1.048090e+00  1.634354e-02  
   2.3738301  1.105120e+00  6.722386e-03  1.105149e+00  6.722698e-03  1.056320e+00  1.750282e-02  
   2.3948300  1.114466e+00  7.059393e-03  1.114496e+00  7.059701e-03  1.064728e+00  1.867550e-02  
   2.4158299  1.124092e+00  7.410739e-03  1.124123e+00  7.411054e-03  1.073326e+00  1.985449e-02  
   2.4368300  1.134011e+00  7.776755e-03  1.134043e+00  7.777085e-03  1.082129e+00  2.103385e-02  
   2.4578300  1.144240e+00  8.158056e-03  1.144272e+00  8.158409e-03  1.091151e+00  2.220885e-02  
   2.4778299  1.154283e+00  8.536281e-03  1.154317e+00  8.536662e-03  1.099963e+00  2.332078e-02  
   2.4988301  1.165164e+00  8.950510e-03  1.165199e+00  8.950935e-03  1.109467e+00  2.447891e-02  
   2.5204301  1.176734e+00  9.396588e-03  1.176769e+00  9.397074e-03  1.119531e+00  2.565951e-02  
   2.5404301  1.187809e+00  9.829698e-03  1.187845e+00  9.830248e-03  1.129134e+00  2.674388e-02  
   2.5614300  1.199834e+00  1.030775e-02  1.199872e+00  1.030838e-02  1.139535e+00  2.787582e-02  
   2.5824299  1.212291e+00  1.081276e-02  1.212329e+00  1.081347e-02  1.150289e+00  2.900509e-02  
   2.6034300  1.225208e+00  1.134854e-02  1.225248e+00  1.134934e-02  1.161427e+00  3.013770e-02  
   2.6244299  1.238615e+00  1.191972e-02  1.238656e+00  1.192061e-02  1.172982e+00  3.128171e-02  
   2.6444299  1.251872e+00  1.250179e-02  1.251914e+00  1.250278e-02  1.184405e+00  3.239102e-02  
   2.6654301  1.266339e+00  1.315964e-02  1.266382e+00  1.316072e-02  1.196875e+00  3.358844e-02  
   2.6864300  1.281409e+00  1.387377e-02  1.281454e+00  1.387494e-02  1.209870e+00  3.483355e-02  
   2.7074299  1.297130e+00  1.465502e-02  1.297176e+00  1.465628e-02  1.223433e+00  3.614337e-02  
   2.7284300  1.313554e+00  1.551719e-02  1.313602e+00  1.551855e-02  1.237605e+00  3.753747e-02  
   2.7494299  1.330740e+00  1.647804e-02  1.330790e+00  1.647949e-02  1.252437e+00  3.903832e-02  
   2.7694299  1.347878e+00  1.750598e-02  1.347930e+00  1.750753e-02  1.267220e+00  4.059057e-02  
   2.7904301  1.366754e+00  1.873275e-02  1.366808e+00  1.873444e-02  1.283486e+00  4.237831e-02  
   2.8114300  1.386616e+00  2.014939e-02  1.386672e+00  2.015127e-02  1.300572e+00  4.436240e-02  
   2.8324299  1.407555e+00  2.180777e-02  1.407614e+00  2.180990e-02  1.318546e+00  4.658499e-02  
   2.8534300  1.429676e+00  2.377583e-02  1.429737e+00  2.377831e-02  1.337478e+00  4.909710e-02  
   2.8744299  1.453087e+00  2.614178e-02  1.453151e+00  2.614478e-02  1.357447e+00  5.196147e-02  
   2.8944299  1.476690e+00  2.886852e-02  1.476758e+00  2.887221e-02  1.377509e+00  5.508767e-02  
   2.9154301  1.502958e+00  3.236604e-02  1.503030e+00  3.237075e-02  1.399755e+00  5.888017e-02  
   2.9370301  1.531686e+00  3.682598e-02  1.531762e+00  3.683214e-02  1.423997e+00  6.344832e-02  
   2.9570301  1.559927e+00  4.193866e-02  1.560007e+00  4.194660e-02  1.447759e+00  6.841670e-02  
   2.9780300  1.591361e+00  4.857579e-02  1.591446e+00  4.858624e-02  1.474155e+00  7.456777e-02  
   2.9990301  1.624673e+00  5.681084e-02  1.624763e+00  5.682454e-02  1.502109e+00  8.188249e-02  
   3.0200300  1.659874e+00  6.698795e-02  1.659969e+00  6.700580e-02  1.531674e+00  9.060782e-02  
   3.0410299  1.696913e+00  7.948804e-02  1.697014e+00  7.951110e-02  1.562875e+00  1.010302e-01  
   3.0610299  1.733790e+00  9.392550e-02  1.733897e+00  9.395465e-02  1.594097e+00  1.128308e-01  
   3.0820301  1.773997e+00  1.121475e-01  1.774109e+00  1.121844e-01  1.628392e+00  1.275342e-01  
   3.1030300  1.815433e+00  1.339136e-01  1.815552e+00  1.339596e-01  1.664098e+00  1.449859e-01  
   3.1240301  1.857707e+00  1.596094e-01  1.857829e+00  1.596659e-01  1.700996e+00  1.655872e-01  
   3.1450300  1.900323e+00  1.895642e-01  1.900451e+00  1.896327e-01  1.738773e+00  1.897378e-01  
   3.1660299  1.942701e+00  2.240267e-01  1.942832e+00  2.241086e-01  1.777018e+00  2.178159e-01  
   3.1860299  1.982237e+00  2.611692e-01  1.982370e+00  2.612648e-01  1.813406e+00  2.485117e-01  
   3.2070301  2.022205e+00  3.047197e-01  2.022339e+00  3.048304e-01  1.850993e+00  2.851424e-01  
   3.2280300  2.059873e+00  3.528036e-01  2.060007e+00  3.529301e-01  1.887258e+00  3.264310e-01  
   3.2490301  2.094528e+00  4.051414e-01  2.094661e+00  4.052835e-01  1.921445e+00  3.724017e-01  
   3.2700300  2.125509e+00  4.613007e-01  2.125638e+00  4.614581e-01  1.952759e+00  4.229199e-01  
   3.2910299  2.152243e+00  5.207145e-01  2.152367e+00  5.208859e-01  1.980410e+00  4.776788e-01  
   3.3110299  2.173348e+00  5.797031e-01  2.173467e+00  5.798867e-01  2.002654e+00  5.333278e-01  
   3.3320301  2.190649e+00  6.434387e-01  2.190761e+00  6.436329e-01  2.021085e+00  5.947971e-01  
   3.3536301  2.203120e+00  7.100917e-01  2.203223e+00  7.102942e-01  2.034237e+00  6.604186e-01  
   3.3736300  2.209893e+00  7.720575e-01  2.209988e+00  7.722653e-01  2.040836e+00  7.224597e-01  
   3.3946300  2.212268e+00  8.366619e-01  2.212354e+00  8.368726e-01  2.041850e+00  7.879281e-01  
   3.4156301  2.210145e+00  9.001529e-01  2.210222e+00  9.003633e-01  2.036881e+00  8.526860e-01  
   3.4366300  2.203995e+00  9.619935e-01  2.204062e+00  9.622014e-01  2.026230e+00  9.156962e-01  
   3.4576299  2.194372e+00  1.021790e+00  2.194429e+00  1.021992e+00  2.010412e+00  9.760116e-01  
   3.4776299  2.182512e+00  1.076608e+00  2.182562e+00  1.076804e+00  1.991182e+00  1.030210e+00  
   3.4986300  2.167787e+00  1.131824e+00  2.167829e+00  1.132011e+00  1.967421e+00  1.083113e+00  
   3.5196300  2.151256e+00  1.184647e+00  2.151290e+00  1.184825e+00  1.940911e+00  1.131512e+00  
   3.5406301  2.133380e+00  1.235183e+00  2.133408e+00  1.235351e+00  1.912604e+00  1.175236e+00  
   3.5616300  2.114522e+00  1.283595e+00  2.114543e+00  1.283754e+00  1.883415e+00  1.214340e+00  
   3.5826299  2.094944e+00  1.330076e+00  2.094960e+00  1.330226e+00  1.854175e+00  1.249090e+00  
   3.6026299  2.075786e+00  1.372714e+00  2.075797e+00  1.372858e+00  1.826920e+00  1.278537e+00  
   3.6236300  2.055223e+00  1.415920e+00  2.055229e+00  1.416057e+00  1.799446e+00  1.306160e+00  
   3.6446300  2.034247e+00  1.457619e+00  2.034249e+00  1.457752e+00  1.773507e+00  1.331020e+00  
   3.6656301  2.012888e+00  1.497858e+00  2.012888e+00  1.497988e+00  1.749303e+00  1.353752e+00  
   3.6866300  1.991191e+00  1.536630e+00  1.991187e+00  1.536759e+00  1.726883e+00  1.374958e+00  
   3.7076299  1.969240e+00  1.573895e+00  1.969234e+00  1.574024e+00  1.706178e+00  1.395162e+00  
   3.7276299  1.948233e+00  1.607940e+00  1.948227e+00  1.608070e+00  1.687914e+00  1.413863e+00  
   3.7486300  1.926285e+00  1.642139e+00  1.926279e+00  1.642273e+00  1.670084e+00  1.433232e+00  
   3.7702301  1.904140e+00  1.675682e+00  1.904134e+00  1.675820e+00  1.652984e+00  1.453090e+00  
   3.7902300  1.884360e+00  1.705352e+00  1.884356e+00  1.705495e+00  1.638125e+00  1.471529e+00  
   3.8112299  1.864738e+00  1.735263e+00  1.864734e+00  1.735412e+00  1.623432e+00  1.491000e+00  
   3.8322301  1.846704e+00  1.764210e+00  1.846702e+00  1.764365e+00  1.609642e+00  1.510605e+00  
   3.8532300  1.830657e+00  1.792632e+00  1.830658e+00  1.792796e+00  1.596803e+00  1.530365e+00  
   3.8742299  1.816940e+00  1.821096e+00  1.816943e+00  1.821267e+00  1.585034e+00  1.550334e+00  
   3.8942299  1.806265e+00  1.848859e+00  1.806270e+00  1.849039e+00  1.574982e+00  1.569649e+00  
   3.9152300  1.797667e+00  1.879433e+00  1.797673e+00  1.879622e+00  1.565845e+00  1.590421e+00  
   3.9362299  1.791692e+00  1.912280e+00  1.791700e+00  1.912480e+00  1.558380e+00  1.611976e+00  
   3.9572301  1.788098e+00  1.948261e+00  1.788107e+00  1.948472e+00  1.552790e+00  1.634702e+00  
   3.9782300  1.786436e+00  1.988222e+00  1.786447e+00  1.988444e+00  1.549223e+00  1.659091e+00  
   3.9992299  1.786050e+00  2.032954e+00  1.786060e+00  2.033188e+00  1.547741e+00  1.685734e+00  
   4.0192299  1.786080e+00  2.080631e+00  1.786091e+00  2.080876e+00  1.548210e+00  1.713823e+00  
   4.0402298  1.785530e+00  2.136558e+00  1.785539e+00  2.136814e+00  1.550464e+00  1.746871e+00  
   4.0612302  1.783201e+00  2.198869e+00  1.783209e+00  2.199135e+00  1.554120e+00  1.784313e+00  
   4.0822301  1.777773e+00  2.267733e+00  1.777779e+00  2.268008e+00  1.558557e+00  1.826896e+00  
   4.1032300  1.767856e+00  2.343083e+00  1.767859e+00  2.343366e+00  1.562921e+00  1.875303e+00  
   4.1242299  1.752035e+00  2.424601e+00  1.752031e+00  2.424888e+00  1.566131e+00  1.930098e+00  
   4.1442299  1.730209e+00  2.507444e+00  1.730199e+00  2.507733e+00  1.566930e+00  1.988571e+00  
   4.1652298  1.698949e+00  2.599105e+00  1.698930e+00  2.599393e+00  1.563979e+00  2.056699e+00  
   4.1868300  1.656672e+00  2.697283e+00  1.656642e+00  2.697567e+00  1.555232e+00  2.133805e+00  
   4.2068300  1.607446e+00  2.790524e+00  1.607404e+00  2.790800e+00  1.540412e+00  2.211085e+00  
   4.2278299  1.544577e+00  2.889438e+00  1.544521e+00  2.889704e+00  1.516310e+00  2.297470e+00  
   4.2488298  1.469735e+00  2.987822e+00  1.469662e+00  2.988074e+00  1.481974e+00  2.387993e+00  
   4.2698302  1.382653e+00  3.083985e+00  1.382560e+00  3.084220e+00  1.436110e+00  2.481041e+00  
   4.2908301  1.283345e+00  3.176161e+00  1.283231e+00  3.176377e+00  1.377745e+00  2.574670e+00  
   4.3108301  1.177663e+00  3.258619e+00  1.177528e+00  3.258815e+00  1.310006e+00  2.662383e+00  
   4.3318300  1.055583e+00  3.337904e+00  1.055425e+00  3.338078e+00  1.225999e+00  2.750686e+00  
   4.3528299  9.229364e-01  3.408037e+00  9.227530e-01  3.408186e+00  1.129161e+00  2.832731e+00  
   4.3738298  7.808076e-01  3.467401e+00  7.805985e-01  3.467525e+00  1.020367e+00  2.906171e+00  
   4.3948302  6.305174e-01  3.514511e+00  6.302832e-01  3.514609e+00  9.009760e-01  2.968830e+00  
   4.4158301  4.736153e-01  3.548044e+00  4.733565e-01  3.548117e+00  7.727937e-01  3.018827e+00  
   4.4358301  3.196197e-01  3.566340e+00  3.193393e-01  3.566389e+00  6.445117e-01  3.053302e+00  
   4.4568300  1.549540e-01  3.570379e+00  1.546528e-01  3.570404e+00  5.056219e-01  3.074707e+00  
   4.4778299  -1.076133e-02  3.558280e+00  -1.108005e-02  3.558279e+00  3.649570e-01  3.080435e+00  
   4.4988298  -1.754073e-01  3.529735e+00  -1.757398e-01  3.529711e+00  2.251101e-01  3.070480e+00  
   4.5198302  -3.368186e-01  3.484777e+00  -3.371603e-01  3.484731e+00  8.858459e-02  3.045353e+00  
   4.5408301  -4.928197e-01  3.423805e+00  -4.931657e-01  3.423738e+00  -4.230123e-02  3.006047e+00  
   4.5608301  -6.344351e-01  3.351553e+00  -6.347807e-01  3.351467e+00  -1.598575e-01  2.956703e+00  
   4.5818300  -7.739131e-01  3.261895e+00  -7.742535e-01  3.261791e+00  -2.742274e-01  2.894036e+00  
   4.6034298  -9.056590e-01  3.156508e+00  -9.059891e-01  3.156387e+00  -3.808535e-01  2.819991e+00  
   4.6234298  -1.015606e+00  3.048753e+00  -1.015923e+00  3.048620e+00  -4.688189e-01  2.744701e+00  
   4.6444302  -1.117408e+00  2.927150e+00  -1.117709e+00  2.927006e+00  -5.496135e-01  2.660716e+00  
   4.6654301  -1.204407e+00  2.799193e+00  -1.204690e+00  2.799042e+00  -6.185003e-01  2.573690e+00  
   4.6864300  -1.276185e+00  2.667347e+00  -1.276449e+00  2.667191e+00  -6.757710e-01  2.485524e+00  
   4.7074299  -1.332763e+00  2.534100e+00  -1.333009e+00  2.533943e+00  -7.220078e-01  2.397925e+00  
   4.7274299  -1.372926e+00  2.408084e+00  -1.373157e+00  2.407930e+00  -7.565219e-01  2.316372e+00  
   4.7484298  -1.401492e+00  2.278822e+00  -1.401711e+00  2.278673e+00  -7.836910e-01  2.233874e+00  
   4.7694302  -1.417275e+00  2.154586e+00  -1.417484e+00  2.154446e+00  -8.026113e-01  2.155519e+00  
   4.7904301  -1.421694e+00  2.036974e+00  -1.421898e+00  2.036844e+00  -8.143789e-01  2.082004e+00  
   4.8114300  -1.416335e+00  1.927190e+00  -1.416540e+00  1.927074e+00  -8.200799e-01  2.013780e+00  
   4.8324299  -1.402859e+00  1.826054e+00  -1.403068e+00  1.825953e+00  -8.207503e-01  1.951089e+00  
   4.8524299  -1.383984e+00  1.738185e+00  -1.384201e+00  1.738099e+00  -8.175889e-01  1.896586e+00  
   4.8734298  -1.359323e+00  1.654909e+00  -1.359552e+00  1.654838e+00  -8.111096e-01  1.844744e+00  
   4.8944302  -1.331107e+00  1.580677e+00  -1.331352e+00  1.580623e+00  -8.021416e-01  1.798230e+00  
   4.9154301  -1.300591e+00  1.515111e+00  -1.300855e+00  1.515072e+00  -7.913404e-01  1.756771e+00  
   4.9364300  -1.268839e+00  1.457665e+00  -1.269124e+00  1.457640e+00  -7.792577e-01  1.720041e+00  
   4.9574299  -1.236721e+00  1.407688e+00  -1.237028e+00  1.407677e+00  -7.663496e-01  1.687678e+00  
   4.9774299  -1.206419e+00  1.366391e+00  -1.206749e+00  1.366391e+00  -7.536280e-01  1.660574e+00  
   4.9984298  -1.175405e+00  1.328950e+00  -1.175759e+00  1.328961e+00  -7.401044e-01  1.635660e+00  
