w Re-xx Im-xx Re-yy Im-yy Re-zz Im-zz
# Gaussian absolute broadening  0.15 [eV]
   0.0000000  7.692581e-01  8.866038e-05  7.692665e-01  8.866248e-05  7.244517e-01  7.869098e-05  
   0.0200000  7.693584e-01  9.488906e-05  7.693669e-01  9.489157e-05  7.245405e-01  8.421832e-05  
   0.0410000  7.694774e-01  1.019869e-04  7.694858e-01  1.019899e-04  7.246462e-01  9.051666e-05  
   0.0620000  7.696134e-01  1.096926e-04  7.696218e-01  1.096961e-04  7.247670e-01  9.735383e-05  
   0.0830000  7.697676e-01  1.180399e-04  7.697759e-01  1.180441e-04  7.249036e-01  1.047599e-04  
   0.1040000  7.699423e-01  1.270585e-04  7.699508e-01  1.270635e-04  7.250590e-01  1.127610e-04  
   0.1240000  7.701299e-01  1.362932e-04  7.701384e-01  1.362989e-04  7.252254e-01  1.209531e-04  
   0.1450000  7.703513e-01  1.466825e-04  7.703599e-01  1.466889e-04  7.254219e-01  1.301686e-04  
   0.1660000  7.705999e-01  1.577883e-04  7.706085e-01  1.577956e-04  7.256426e-01  1.400186e-04  
   0.1870000  7.708777e-01  1.696068e-04  7.708861e-01  1.696149e-04  7.258889e-01  1.504996e-04  
   0.2080000  7.711868e-01  1.821236e-04  7.711953e-01  1.821326e-04  7.261633e-01  1.615986e-04  
   0.2290000  7.715290e-01  1.953136e-04  7.715375e-01  1.953233e-04  7.264670e-01  1.732926e-04  
   0.2490000  7.718873e-01  2.084688e-04  7.718959e-01  2.084791e-04  7.267846e-01  1.849542e-04  
   0.2700000  7.722987e-01  2.228628e-04  7.723070e-01  2.228736e-04  7.271495e-01  1.977119e-04  
   0.2910000  7.727466e-01  2.378027e-04  7.727552e-01  2.378138e-04  7.275471e-01  2.109510e-04  
   0.3120000  7.732329e-01  2.532345e-04  7.732414e-01  2.532459e-04  7.279786e-01  2.246232e-04  
   0.3330000  7.737572e-01  2.691030e-04  7.737658e-01  2.691144e-04  7.284437e-01  2.386797e-04  
   0.3540000  7.743201e-01  2.853547e-04  7.743288e-01  2.853659e-04  7.289429e-01  2.530720e-04  
   0.3740000  7.748921e-01  3.011429e-04  7.749008e-01  3.011539e-04  7.294501e-01  2.670507e-04  
   0.3950000  7.755304e-01  3.180036e-04  7.755392e-01  3.180141e-04  7.300163e-01  2.819752e-04  
   0.4160000  7.762074e-01  3.351169e-04  7.762161e-01  3.351269e-04  7.306163e-01  2.971191e-04  
   0.4374300  7.769383e-01  3.528086e-04  7.769471e-01  3.528181e-04  7.312645e-01  3.127704e-04  
   0.4574300  7.776562e-01  3.695049e-04  7.776649e-01  3.695139e-04  7.319009e-01  3.275365e-04  
   0.4784300  7.784474e-01  3.872112e-04  7.784563e-01  3.872198e-04  7.326021e-01  3.431913e-04  
   0.4994300  7.792770e-01  4.050851e-04  7.792858e-01  4.050933e-04  7.333375e-01  3.589889e-04  
   0.5204300  7.801449e-01  4.231193e-04  7.801538e-01  4.231274e-04  7.341066e-01  3.749229e-04  
   0.5414300  7.810515e-01  4.413104e-04  7.810605e-01  4.413186e-04  7.349098e-01  3.909896e-04  
   0.5614300  7.819511e-01  4.587811e-04  7.819600e-01  4.587896e-04  7.357067e-01  4.064145e-04  
   0.5824300  7.829334e-01  4.772802e-04  7.829425e-01  4.772890e-04  7.365771e-01  4.227410e-04  
   0.6034300  7.839550e-01  4.959412e-04  7.839640e-01  4.959507e-04  7.374818e-01  4.392040e-04  
   0.6244300  7.850161e-01  5.147697e-04  7.850255e-01  5.147801e-04  7.384216e-01  4.558076e-04  
   0.6454300  7.861174e-01  5.337711e-04  7.861268e-01  5.337827e-04  7.393966e-01  4.725565e-04  
   0.6664300  7.872587e-01  5.529515e-04  7.872680e-01  5.529643e-04  7.404070e-01  4.894556e-04  
   0.6864300  7.883830e-01  5.713912e-04  7.883921e-01  5.714055e-04  7.414019e-01  5.056948e-04  
   0.7074300  7.896037e-01  5.909413e-04  7.896131e-01  5.909572e-04  7.424826e-01  5.229034e-04  
   0.7284300  7.908657e-01  6.106911e-04  7.908750e-01  6.107086e-04  7.435989e-01  5.402797e-04  
   0.7494300  7.921694e-01  6.306485e-04  7.921789e-01  6.306678e-04  7.447522e-01  5.578295e-04  
   0.7704300  7.935150e-01  6.508209e-04  7.935244e-01  6.508421e-04  7.459424e-01  5.755593e-04  
   0.7914300  7.949033e-01  6.712169e-04  7.949129e-01  6.712402e-04  7.471702e-01  5.934756e-04  
   0.8114300  7.962648e-01  6.908565e-04  7.962745e-01  6.908818e-04  7.483740e-01  6.107185e-04  
   0.8324300  7.977375e-01  7.117129e-04  7.977473e-01  7.117403e-04  7.496756e-01  6.290196e-04  
   0.8540300  7.992986e-01  7.334254e-04  7.993085e-01  7.334553e-04  7.510552e-01  6.480608e-04  
   0.8740300  8.007854e-01  7.537737e-04  8.007952e-01  7.538058e-04  7.523689e-01  6.658949e-04  
   0.8950300  8.023909e-01  7.754012e-04  8.024008e-01  7.754358e-04  7.537869e-01  6.848390e-04  
   0.9160300  8.040421e-01  7.973076e-04  8.040522e-01  7.973447e-04  7.552451e-01  7.040156e-04  
   0.9370300  8.057395e-01  8.195033e-04  8.057495e-01  8.195427e-04  7.567436e-01  7.234327e-04  
   0.9580300  8.074837e-01  8.419989e-04  8.074936e-01  8.420407e-04  7.582832e-01  7.430993e-04  
   0.9780300  8.091891e-01  8.637128e-04  8.091993e-01  8.637567e-04  7.597884e-01  7.620702e-04  
   0.9990300  8.110272e-01  8.868273e-04  8.110374e-01  8.868732e-04  7.614098e-01  7.822515e-04  
   1.0200300  8.129141e-01  9.102760e-04  8.129246e-01  9.103236e-04  7.630737e-01  8.027101e-04  
   1.0410300  8.148506e-01  9.340710e-04  8.148609e-01  9.341202e-04  7.647815e-01  8.234560e-04  
   1.0620300  8.168381e-01  9.582243e-04  8.168486e-01  9.582752e-04  7.665331e-01  8.444996e-04  
   1.0830300  8.188763e-01  9.827494e-04  8.188870e-01  9.828011e-04  7.683292e-01  8.658507e-04  
   1.1030300  8.208656e-01  1.006462e-03  8.208765e-01  1.006515e-03  7.700819e-01  8.864804e-04  
   1.1240300  8.230062e-01  1.031749e-03  8.230169e-01  1.031802e-03  7.719669e-01  9.084629e-04  
   1.1450300  8.251999e-01  1.057446e-03  8.252111e-01  1.057500e-03  7.738983e-01  9.307847e-04  
   1.1660300  8.274484e-01  1.083567e-03  8.274594e-01  1.083622e-03  7.758771e-01  9.534574e-04  
   1.1870300  8.297521e-01  1.110128e-03  8.297632e-01  1.110183e-03  7.779040e-01  9.764933e-04  
   1.2080300  8.321121e-01  1.137143e-03  8.321232e-01  1.137199e-03  7.799792e-01  9.999045e-04  
   1.2280300  8.344122e-01  1.163309e-03  8.344237e-01  1.163366e-03  7.820013e-01  1.022561e-03  
   1.2490300  8.368840e-01  1.191259e-03  8.368956e-01  1.191317e-03  7.841740e-01  1.046743e-03  
   1.2706300  8.394889e-01  1.220535e-03  8.395005e-01  1.220594e-03  7.864623e-01  1.072049e-03  
   1.2906300  8.419571e-01  1.248136e-03  8.419688e-01  1.248195e-03  7.886299e-01  1.095887e-03  
   1.3116300  8.446090e-01  1.277645e-03  8.446208e-01  1.277706e-03  7.909578e-01  1.121352e-03  
   1.3326300  8.473227e-01  1.307718e-03  8.473349e-01  1.307780e-03  7.933391e-01  1.147278e-03  
   1.3536299  8.501005e-01  1.338374e-03  8.501126e-01  1.338438e-03  7.957757e-01  1.173683e-03  
   1.3746300  8.529434e-01  1.369636e-03  8.529558e-01  1.369701e-03  7.982682e-01  1.200585e-03  
   1.3946300  8.557127e-01  1.399993e-03  8.557251e-01  1.400060e-03  8.006953e-01  1.226684e-03  
   1.4156300  8.586865e-01  1.432505e-03  8.586991e-01  1.432574e-03  8.033000e-01  1.254608e-03  
   1.4366300  8.617291e-01  1.465692e-03  8.617421e-01  1.465763e-03  8.059645e-01  1.283085e-03  
   1.4576300  8.648428e-01  1.499581e-03  8.648558e-01  1.499654e-03  8.086895e-01  1.312134e-03  
   1.4786299  8.680286e-01  1.534199e-03  8.680418e-01  1.534274e-03  8.114764e-01  1.341778e-03  
   1.4996300  8.712879e-01  1.569572e-03  8.713015e-01  1.569650e-03  8.143266e-01  1.372036e-03  
   1.5196300  8.744617e-01  1.603988e-03  8.744752e-01  1.604069e-03  8.171000e-01  1.401447e-03  
   1.5406300  8.778693e-01  1.640921e-03  8.778831e-01  1.641004e-03  8.200764e-01  1.432974e-03  
   1.5616300  8.813552e-01  1.678697e-03  8.813693e-01  1.678783e-03  8.231201e-01  1.465186e-03  
   1.5826300  8.849214e-01  1.717350e-03  8.849355e-01  1.717439e-03  8.262317e-01  1.498108e-03  
   1.6036299  8.885698e-01  1.756916e-03  8.885841e-01  1.757007e-03  8.294134e-01  1.531769e-03  
   1.6246300  8.923018e-01  1.797429e-03  8.923164e-01  1.797524e-03  8.326665e-01  1.566196e-03  
   1.6446300  8.959358e-01  1.836930e-03  8.959506e-01  1.837028e-03  8.358320e-01  1.599725e-03  
   1.6656300  8.998373e-01  1.879407e-03  8.998522e-01  1.879508e-03  8.392288e-01  1.635736e-03  
   1.6872300  9.039449e-01  1.924215e-03  9.039601e-01  1.924320e-03  8.428026e-01  1.673676e-03  
   1.7072300  9.078349e-01  1.966756e-03  9.078504e-01  1.966865e-03  8.461850e-01  1.709652e-03  
   1.7282300  9.120123e-01  2.012561e-03  9.120279e-01  2.012673e-03  8.498154e-01  1.748337e-03  
   1.7492300  9.162868e-01  2.059582e-03  9.163026e-01  2.059699e-03  8.535275e-01  1.787998e-03  
   1.7702301  9.206613e-01  2.107878e-03  9.206776e-01  2.107998e-03  8.573240e-01  1.828675e-03  
   1.7912300  9.251388e-01  2.157507e-03  9.251553e-01  2.157630e-03  8.612070e-01  1.870413e-03  
   1.8112299  9.295015e-01  2.206072e-03  9.295181e-01  2.206200e-03  8.649879e-01  1.911198e-03  
   1.8322300  9.341881e-01  2.258499e-03  9.342049e-01  2.258632e-03  8.690467e-01  1.955155e-03  
   1.8532300  9.389863e-01  2.312474e-03  9.390039e-01  2.312609e-03  8.731993e-01  2.000329e-03  
   1.8742300  9.438996e-01  2.368078e-03  9.439173e-01  2.368218e-03  8.774485e-01  2.046780e-03  
   1.8952301  9.489319e-01  2.425410e-03  9.489498e-01  2.425554e-03  8.817964e-01  2.094572e-03  
   1.9162300  9.540858e-01  2.484574e-03  9.541042e-01  2.484722e-03  8.862461e-01  2.143776e-03  
   1.9362299  9.591107e-01  2.542731e-03  9.591293e-01  2.542885e-03  8.905811e-01  2.192022e-03  
   1.9572300  9.645134e-01  2.605830e-03  9.645320e-01  2.605988e-03  8.952375e-01  2.244220e-03  
   1.9782300  9.700490e-01  2.671161e-03  9.700682e-01  2.671325e-03  9.000055e-01  2.298091e-03  
   1.9992300  9.757217e-01  2.738893e-03  9.757415e-01  2.739063e-03  9.048864e-01  2.353745e-03  
   2.0202301  9.815369e-01  2.809224e-03  9.815568e-01  2.809400e-03  9.098853e-01  2.411310e-03  
   2.0412300  9.874978e-01  2.882365e-03  9.875182e-01  2.882547e-03  9.150056e-01  2.470928e-03  
   2.0612299  9.933155e-01  2.954855e-03  9.933364e-01  2.955046e-03  9.199976e-01  2.529770e-03  
   2.0822301  9.995769e-01  3.034198e-03  9.995980e-01  3.034398e-03  9.253649e-01  2.593903e-03  
   2.1038301  1.006186e+00  3.119552e-03  1.006207e+00  3.119763e-03  9.310250e-01  2.662605e-03  
   2.1238301  1.012463e+00  3.202254e-03  1.012485e+00  3.202475e-03  9.363957e-01  2.728924e-03  
   2.1448300  1.019223e+00  3.293204e-03  1.019245e+00  3.293437e-03  9.421739e-01  2.801630e-03  
   2.1658299  1.026163e+00  3.388698e-03  1.026186e+00  3.388945e-03  9.480994e-01  2.877795e-03  
   2.1868300  1.033290e+00  3.489088e-03  1.033313e+00  3.489349e-03  9.541778e-01  2.957771e-03  
   2.2078300  1.040609e+00  3.594725e-03  1.040633e+00  3.595002e-03  9.604146e-01  3.041943e-03  
   2.2278299  1.047768e+00  3.700546e-03  1.047793e+00  3.700837e-03  9.665071e-01  3.126397e-03  
   2.2488301  1.055489e+00  3.817487e-03  1.055514e+00  3.817796e-03  9.730704e-01  3.220015e-03  
   2.2698300  1.063426e+00  3.940764e-03  1.063452e+00  3.941092e-03  9.798099e-01  3.319175e-03  
   2.2908299  1.071591e+00  4.070767e-03  1.071618e+00  4.071115e-03  9.867336e-01  3.424396e-03  
   2.3118300  1.079991e+00  4.207903e-03  1.080018e+00  4.208270e-03  9.938481e-01  3.536224e-03  
   2.3328300  1.088638e+00  4.352594e-03  1.088666e+00  4.352982e-03  1.001161e+00  3.655227e-03  
   2.3528299  1.097111e+00  4.497848e-03  1.097139e+00  4.498255e-03  1.008316e+00  3.775779e-03  
   2.3738301  1.106270e+00  4.658693e-03  1.106300e+00  4.659126e-03  1.016039e+00  3.910537e-03  
   2.3948300  1.115710e+00  4.828642e-03  1.115740e+00  4.829098e-03  1.023985e+00  4.054310e-03  
   2.4158299  1.125443e+00  5.008365e-03  1.125474e+00  5.008847e-03  1.032163e+00  4.207790e-03  
   2.4368300  1.135485e+00  5.198644e-03  1.135517e+00  5.199154e-03  1.040585e+00  4.371716e-03  
   2.4578300  1.145852e+00  5.400378e-03  1.145884e+00  5.400919e-03  1.049262e+00  4.546877e-03  
   2.4778299  1.156041e+00  5.604125e-03  1.156075e+00  5.604698e-03  1.057773e+00  4.724949e-03  
   2.4988301  1.167091e+00  5.831453e-03  1.167126e+00  5.832065e-03  1.066982e+00  4.924671e-03  
   2.5204301  1.178853e+00  6.081106e-03  1.178888e+00  6.081761e-03  1.076760e+00  5.144856e-03  
   2.5404301  1.190122e+00  6.328193e-03  1.190159e+00  6.328894e-03  1.086105e+00  5.363247e-03  
   2.5614300  1.202371e+00  6.606123e-03  1.202408e+00  6.606875e-03  1.096235e+00  5.608980e-03  
   2.5824299  1.215070e+00  6.905431e-03  1.215109e+00  6.906244e-03  1.106708e+00  5.873203e-03  
   2.6034300  1.228253e+00  7.229158e-03  1.228293e+00  7.230034e-03  1.117545e+00  6.157937e-03  
   2.6244299  1.241949e+00  7.581030e-03  1.241991e+00  7.581984e-03  1.128768e+00  6.465601e-03  
   2.6444299  1.255506e+00  7.946629e-03  1.255548e+00  7.947661e-03  1.139838e+00  6.782664e-03  
   2.6654301  1.270316e+00  8.368262e-03  1.270361e+00  8.369395e-03  1.151888e+00  7.144391e-03  
   2.6864300  1.285761e+00  8.836196e-03  1.285808e+00  8.837439e-03  1.164404e+00  7.540237e-03  
   2.7074299  1.301894e+00  9.360606e-03  1.301942e+00  9.361985e-03  1.177419e+00  7.976179e-03  
   2.7284300  1.318771e+00  9.955033e-03  1.318820e+00  9.956568e-03  1.190971e+00  8.459951e-03  
   2.7494299  1.336457e+00  1.063758e-02  1.336509e+00  1.063930e-02  1.205099e+00  9.001569e-03  
   2.7694299  1.354121e+00  1.139177e-02  1.354175e+00  1.139371e-02  1.219133e+00  9.583059e-03  
   2.7904301  1.373610e+00  1.232428e-02  1.373666e+00  1.232651e-02  1.234525e+00  1.027870e-02  
   2.8114300  1.394152e+00  1.344359e-02  1.394211e+00  1.344618e-02  1.250644e+00  1.108276e-02  
   2.8324299  1.415852e+00  1.480742e-02  1.415914e+00  1.481047e-02  1.267551e+00  1.202297e-02  
   2.8534300  1.438822e+00  1.649190e-02  1.438887e+00  1.649558e-02  1.285314e+00  1.313475e-02  
   2.8744299  1.463181e+00  1.859631e-02  1.463249e+00  1.860078e-02  1.304008e+00  1.446303e-02  
   2.8944299  1.487788e+00  2.110735e-02  1.487860e+00  2.111281e-02  1.322750e+00  1.598104e-02  
   2.9154301  1.515228e+00  2.443038e-02  1.515304e+00  2.443721e-02  1.343496e+00  1.790836e-02  
   2.9370301  1.545291e+00  2.878858e-02  1.545371e+00  2.879723e-02  1.366070e+00  2.033787e-02  
   2.9570301  1.574893e+00  3.390092e-02  1.574978e+00  3.391175e-02  1.388174e+00  2.309262e-02  
   2.9780300  1.607889e+00  4.066295e-02  1.607978e+00  4.067668e-02  1.412721e+00  2.663556e-02  
   2.9990301  1.642895e+00  4.918286e-02  1.642988e+00  4.920026e-02  1.438726e+00  3.100161e-02  
   3.0200300  1.679911e+00  5.983941e-02  1.680009e+00  5.986137e-02  1.466271e+00  3.638104e-02  
   3.0410299  1.718874e+00  7.304927e-02  1.718977e+00  7.307680e-02  1.495425e+00  4.299901e-02  
   3.0610299  1.757658e+00  8.840875e-02  1.757765e+00  8.844261e-02  1.524729e+00  5.069273e-02  
   3.0820301  1.799913e+00  1.078880e-01  1.800023e+00  1.079296e-01  1.557120e+00  6.051856e-02  
   3.1030300  1.843401e+00  1.312331e-01  1.843513e+00  1.312839e-01  1.591141e+00  7.246276e-02  
   3.1240301  1.887676e+00  1.588476e-01  1.887790e+00  1.589085e-01  1.626698e+00  8.688968e-02  
   3.1450300  1.932184e+00  1.910671e-01  1.932298e+00  1.911393e-01  1.663624e+00  1.041842e-01  
   3.1660299  1.976277e+00  2.281331e-01  1.976388e+00  2.282176e-01  1.701668e+00  1.247393e-01  
   3.1860299  2.017225e+00  2.680501e-01  2.017333e+00  2.681470e-01  1.738622e+00  1.476960e-01  
   3.2070301  2.058386e+00  3.147888e-01  2.058488e+00  3.148992e-01  1.777755e+00  1.756847e-01  
   3.2280300  2.096899e+00  3.662933e-01  2.096994e+00  3.664171e-01  1.816693e+00  2.079350e-01  
   3.2490301  2.132014e+00  4.222237e-01  2.132098e+00  4.223607e-01  1.854800e+00  2.446476e-01  
   3.2700300  2.163045e+00  4.820803e-01  2.163118e+00  4.822300e-01  1.891367e+00  2.859044e-01  
   3.2910299  2.189420e+00  5.452273e-01  2.189479e+00  5.453884e-01  1.925638e+00  3.316461e-01  
   3.3110299  2.209813e+00  6.077444e-01  2.209858e+00  6.079156e-01  1.955438e+00  3.791789e-01  
   3.3320301  2.226002e+00  6.751010e-01  2.226031e+00  6.752812e-01  1.983035e+00  4.328829e-01  
   3.3536301  2.236978e+00  7.453392e-01  2.236990e+00  7.455271e-01  2.006780e+00  4.915983e-01  
   3.3736300  2.242085e+00  8.104663e-01  2.242082e+00  8.106598e-01  2.024049e+00  5.484415e-01  
   3.3946300  2.242457e+00  8.782027e-01  2.242437e+00  8.784005e-01  2.036919e+00  6.098758e-01  
   3.4156301  2.238093e+00  9.446202e-01  2.238058e+00  9.448215e-01  2.044196e+00  6.721885e-01  
   3.4366300  2.229482e+00  1.009174e+00  2.229433e+00  1.009378e+00  2.045887e+00  7.344083e-01  
   3.4576299  2.217178e+00  1.071462e+00  2.217116e+00  1.071667e+00  2.042219e+00  7.955804e-01  
   3.4776299  2.202554e+00  1.128440e+00  2.202480e+00  1.128646e+00  2.034139e+00  8.520538e-01  
   3.4986300  2.184683e+00  1.185683e+00  2.184599e+00  1.185890e+00  2.021431e+00  9.087399e-01  
   3.5196300  2.164739e+00  1.240268e+00  2.164647e+00  1.240475e+00  2.005143e+00  9.621590e-01  
   3.5406301  2.143166e+00  1.292272e+00  2.143068e+00  1.292481e+00  1.986124e+00  1.011909e+00  
   3.5616300  2.120318e+00  1.341831e+00  2.120216e+00  1.342041e+00  1.965256e+00  1.057798e+00  
   3.5826299  2.096471e+00  1.389108e+00  2.096364e+00  1.389319e+00  1.943397e+00  1.099856e+00  
   3.6026299  2.073007e+00  1.432161e+00  2.072900e+00  1.432374e+00  1.922368e+00  1.136553e+00  
   3.6236300  2.047714e+00  1.475427e+00  2.047606e+00  1.475642e+00  1.900683e+00  1.171925e+00  
   3.6446300  2.021849e+00  1.516803e+00  2.021742e+00  1.517021e+00  1.879885e+00  1.204554e+00  
   3.6656301  1.995504e+00  1.556344e+00  1.995398e+00  1.556564e+00  1.860276e+00  1.235002e+00  
   3.6866300  1.968786e+00  1.594059e+00  1.968683e+00  1.594281e+00  1.841991e+00  1.263840e+00  
   3.7076299  1.941842e+00  1.629929e+00  1.941742e+00  1.630154e+00  1.825001e+00  1.291595e+00  
   3.7276299  1.916150e+00  1.662346e+00  1.916054e+00  1.662574e+00  1.809887e+00  1.317423e+00  
   3.7486300  1.889394e+00  1.694528e+00  1.889302e+00  1.694759e+00  1.794925e+00  1.344218e+00  
   3.7702301  1.862449e+00  1.725657e+00  1.862361e+00  1.725891e+00  1.780253e+00  1.371635e+00  
   3.7902300  1.838374e+00  1.752760e+00  1.838292e+00  1.752996e+00  1.767107e+00  1.396957e+00  
   3.8112299  1.814416e+00  1.779588e+00  1.814338e+00  1.779828e+00  1.753616e+00  1.423449e+00  
   3.8322301  1.792243e+00  1.804996e+00  1.792171e+00  1.805240e+00  1.740401e+00  1.449744e+00  
   3.8532300  1.772289e+00  1.829359e+00  1.772223e+00  1.829607e+00  1.727538e+00  1.475714e+00  
   3.8742299  1.754949e+00  1.853177e+00  1.754889e+00  1.853431e+00  1.715228e+00  1.501256e+00  
   3.8942299  1.741153e+00  1.875929e+00  1.741098e+00  1.876187e+00  1.704301e+00  1.525151e+00  
   3.9152300  1.729716e+00  1.900603e+00  1.729667e+00  1.900867e+00  1.694031e+00  1.549855e+00  
   3.9362299  1.721461e+00  1.926914e+00  1.721418e+00  1.927183e+00  1.685413e+00  1.574373e+00  
   3.9572301  1.716271e+00  1.955780e+00  1.716233e+00  1.956056e+00  1.678859e+00  1.599072e+00  
   3.9782300  1.713823e+00  1.988158e+00  1.713791e+00  1.988441e+00  1.674722e+00  1.624483e+00  
   3.9992299  1.713575e+00  2.025000e+00  1.713548e+00  2.025289e+00  1.673239e+00  1.651294e+00  
   4.0192299  1.714687e+00  2.065055e+00  1.714662e+00  2.065350e+00  1.674371e+00  1.678879e+00  
   4.0402298  1.716326e+00  2.113081e+00  1.716303e+00  2.113383e+00  1.678118e+00  1.710878e+00  
   4.0612302  1.717289e+00  2.167835e+00  1.717266e+00  2.168143e+00  1.684151e+00  1.746946e+00  
   4.0822301  1.716234e+00  2.229725e+00  1.716208e+00  2.230037e+00  1.691875e+00  1.788053e+00  
   4.1032300  1.711693e+00  2.298898e+00  1.711662e+00  2.299214e+00  1.700433e+00  1.835118e+00  
   4.1242299  1.702138e+00  2.375218e+00  1.702099e+00  2.375537e+00  1.708714e+00  1.888931e+00  
   4.1442299  1.686971e+00  2.454140e+00  1.686920e+00  2.454459e+00  1.715107e+00  1.947006e+00  
   4.1652298  1.663256e+00  2.542840e+00  1.663192e+00  2.543157e+00  1.718761e+00  2.015491e+00  
   4.1868300  1.629137e+00  2.639227e+00  1.629057e+00  2.639542e+00  1.717481e+00  2.093996e+00  
   4.2068300  1.587647e+00  2.731913e+00  1.587550e+00  2.732222e+00  1.710057e+00  2.173676e+00  
   4.2278299  1.532915e+00  2.831306e+00  1.532799e+00  2.831609e+00  1.694053e+00  2.263884e+00  
   4.2488298  1.466062e+00  2.931148e+00  1.465927e+00  2.931442e+00  1.667940e+00  2.359691e+00  
   4.2698302  1.386679e+00  3.029619e+00  1.386526e+00  3.029903e+00  1.630169e+00  2.459580e+00  
   4.2908301  1.294652e+00  3.124820e+00  1.294481e+00  3.125093e+00  1.579464e+00  2.561649e+00  
   4.3108301  1.195417e+00  3.210709e+00  1.195229e+00  3.210971e+00  1.518320e+00  2.658877e+00  
   4.3318300  1.079490e+00  3.294073e+00  1.079287e+00  3.294323e+00  1.440179e+00  2.758649e+00  
   4.3528299  9.522642e-01  3.368679e+00  9.520487e-01  3.368919e+00  1.347799e+00  2.853536e+00  
   4.3738298  8.147197e-01  3.432840e+00  8.144929e-01  3.433071e+00  1.241765e+00  2.940984e+00  
   4.3948302  6.680666e-01  3.485011e+00  6.678310e-01  3.485232e+00  1.123205e+00  3.018557e+00  
   4.4158301  5.137445e-01  3.523814e+00  5.135015e-01  3.524027e+00  9.937714e-01  3.084068e+00  
   4.4358301  3.611281e-01  3.547266e+00  3.608798e-01  3.547472e+00  8.623030e-01  3.133578e+00  
   4.4568300  1.966942e-01  3.556795e+00  1.964416e-01  3.556993e+00  7.179962e-01  3.170720e+00  
   4.4778299  2.990818e-02  3.550172e+00  2.965184e-02  3.550364e+00  5.698965e-01  3.191819e+00  
   4.4988298  -1.371292e-01  3.526983e+00  -1.373885e-01  3.527165e+00  4.207664e-01  3.196581e+00  
   4.5198302  -3.022197e-01  3.487128e+00  -3.024819e-01  3.487301e+00  2.733215e-01  3.185256e+00  
   4.5408301  -4.630989e-01  3.430861e+00  -4.633639e-01  3.431025e+00  1.301121e-01  3.158623e+00  
   4.5608301  -6.103430e-01  3.362585e+00  -6.106109e-01  3.362735e+00  -2.777745e-04  3.120142e+00  
   4.5818300  -7.565763e-01  3.276429e+00  -7.568474e-01  3.276566e+00  -1.290723e-01  3.067472e+00  
   4.6034298  -8.959293e-01  3.173790e+00  -8.962042e-01  3.173909e+00  -2.513583e-01  3.002079e+00  
   4.6234298  -1.013272e+00  3.067704e+00  -1.013551e+00  3.067808e+00  -3.544192e-01  2.933228e+00  
   4.6444302  -1.122943e+00  2.946878e+00  -1.123227e+00  2.946963e+00  -4.515438e-01  2.854288e+00  
   4.6654301  -1.217658e+00  2.818661e+00  -1.217948e+00  2.818727e+00  -5.371189e-01  2.770468e+00  
   4.6864300  -1.296760e+00  2.685526e+00  -1.297057e+00  2.685572e+00  -6.112965e-01  2.683600e+00  
   4.7074299  -1.360072e+00  2.550008e+00  -1.360376e+00  2.550033e+00  -6.745022e-01  2.595352e+00  
   4.7274299  -1.405954e+00  2.420998e+00  -1.406267e+00  2.421003e+00  -7.250727e-01  2.511358e+00  
   4.7484298  -1.439699e+00  2.287833e+00  -1.440022e+00  2.287815e+00  -7.688019e-01  2.424417e+00  
   4.7694302  -1.459759e+00  2.159056e+00  -1.460093e+00  2.159015e+00  -8.037704e-01  2.339777e+00  
   4.7904301  -1.467548e+00  2.036422e+00  -1.467893e+00  2.036357e+00  -8.308625e-01  2.258266e+00  
   4.8114300  -1.464686e+00  1.921299e+00  -1.465044e+00  1.921208e+00  -8.509670e-01  2.180520e+00  
   4.8324299  -1.452901e+00  1.814662e+00  -1.453272e+00  1.814544e+00  -8.649491e-01  2.107001e+00  
   4.8524299  -1.434971e+00  1.721536e+00  -1.435354e+00  1.721391e+00  -8.733270e-01  2.041201e+00  
   4.8734298  -1.410703e+00  1.632841e+00  -1.411099e+00  1.632666e+00  -8.776802e-01  1.976710e+00  
   4.8944302  -1.382375e+00  1.553398e+00  -1.382782e+00  1.553191e+00  -8.781860e-01  1.916998e+00  
   4.9154301  -1.351353e+00  1.482908e+00  -1.351770e+00  1.482668e+00  -8.754975e-01  1.862038e+00  
   4.9364300  -1.318801e+00  1.420884e+00  -1.319228e+00  1.420608e+00  -8.702049e-01  1.811720e+00  
   4.9574299  -1.285684e+00  1.366710e+00  -1.286119e+00  1.366399e+00  -8.628345e-01  1.765872e+00  
   4.9774299  -1.254321e+00  1.321784e+00  -1.254763e+00  1.321438e+00  -8.543079e-01  1.726163e+00  
   4.9984298  -1.222143e+00  1.280923e+00  -1.222589e+00  1.280540e+00  -8.441602e-01  1.688374e+00  
