w Re-xx Im-xx Re-yy Im-yy Re-zz Im-zz
# Gaussian absolute broadening  0.15 [eV]
   0.0000000  7.689370e-01  8.842385e-05  7.689573e-01  8.842391e-05  7.282233e-01  7.928941e-05  
   0.0200000  7.690371e-01  9.463637e-05  7.690573e-01  9.463644e-05  7.283128e-01  8.485879e-05  
   0.0410000  7.691559e-01  1.017157e-04  7.691761e-01  1.017158e-04  7.284194e-01  9.120492e-05  
   0.0620000  7.692917e-01  1.094010e-04  7.693116e-01  1.094012e-04  7.285410e-01  9.809388e-05  
   0.0830000  7.694452e-01  1.177262e-04  7.694654e-01  1.177264e-04  7.286788e-01  1.055560e-04  
   0.1040000  7.696194e-01  1.267208e-04  7.696399e-01  1.267211e-04  7.288353e-01  1.136175e-04  
   0.1240000  7.698066e-01  1.359305e-04  7.698269e-01  1.359311e-04  7.290029e-01  1.218713e-04  
   0.1450000  7.700274e-01  1.462918e-04  7.700476e-01  1.462925e-04  7.292010e-01  1.311563e-04  
   0.1660000  7.702752e-01  1.573672e-04  7.702956e-01  1.573682e-04  7.294230e-01  1.410805e-04  
   0.1870000  7.705523e-01  1.691533e-04  7.705727e-01  1.691547e-04  7.296714e-01  1.516405e-04  
   0.2080000  7.708606e-01  1.816355e-04  7.708809e-01  1.816374e-04  7.299477e-01  1.628231e-04  
   0.2290000  7.712018e-01  1.947886e-04  7.712223e-01  1.947911e-04  7.302538e-01  1.746053e-04  
   0.2490000  7.715591e-01  2.079069e-04  7.715795e-01  2.079100e-04  7.305740e-01  1.863549e-04  
   0.2700000  7.719690e-01  2.222601e-04  7.719898e-01  2.222642e-04  7.309418e-01  1.992090e-04  
   0.2910000  7.724163e-01  2.371572e-04  7.724367e-01  2.371625e-04  7.313421e-01  2.125482e-04  
   0.3120000  7.729010e-01  2.525445e-04  7.729215e-01  2.525511e-04  7.317768e-01  2.263241e-04  
   0.3330000  7.734239e-01  2.683669e-04  7.734444e-01  2.683751e-04  7.322454e-01  2.404870e-04  
   0.3540000  7.739851e-01  2.845709e-04  7.740059e-01  2.845809e-04  7.327482e-01  2.549888e-04  
   0.3740000  7.745557e-01  3.003123e-04  7.745765e-01  3.003244e-04  7.332596e-01  2.690738e-04  
   0.3950000  7.751923e-01  3.171227e-04  7.752130e-01  3.171370e-04  7.338299e-01  2.841120e-04  
   0.4160000  7.758673e-01  3.341844e-04  7.758880e-01  3.342012e-04  7.344345e-01  2.993715e-04  
   0.4374300  7.765962e-01  3.518226e-04  7.766168e-01  3.518421e-04  7.350873e-01  3.151424e-04  
   0.4574300  7.773120e-01  3.684680e-04  7.773328e-01  3.684903e-04  7.357286e-01  3.300216e-04  
   0.4784300  7.781010e-01  3.861201e-04  7.781220e-01  3.861452e-04  7.364355e-01  3.457964e-04  
   0.4994300  7.789285e-01  4.039391e-04  7.789494e-01  4.039669e-04  7.371761e-01  3.617152e-04  
   0.5204300  7.797939e-01  4.219176e-04  7.798148e-01  4.219482e-04  7.379512e-01  3.777716e-04  
   0.5414300  7.806981e-01  4.400526e-04  7.807187e-01  4.400857e-04  7.387604e-01  3.939620e-04  
   0.5614300  7.815950e-01  4.574689e-04  7.816159e-01  4.575042e-04  7.395633e-01  4.095056e-04  
   0.5824300  7.825746e-01  4.759106e-04  7.825956e-01  4.759479e-04  7.404402e-01  4.259582e-04  
   0.6034300  7.835930e-01  4.945134e-04  7.836142e-01  4.945526e-04  7.413519e-01  4.425485e-04  
   0.6244300  7.846515e-01  5.132828e-04  7.846726e-01  5.133236e-04  7.422988e-01  4.592808e-04  
   0.6454300  7.857493e-01  5.322242e-04  7.857708e-01  5.322664e-04  7.432812e-01  4.761596e-04  
   0.6664300  7.868876e-01  5.513440e-04  7.869087e-01  5.513871e-04  7.442992e-01  4.931902e-04  
   0.6864300  7.880085e-01  5.697248e-04  7.880298e-01  5.697687e-04  7.453020e-01  5.095559e-04  
   0.7074300  7.892259e-01  5.892118e-04  7.892473e-01  5.892562e-04  7.463906e-01  5.268987e-04  
   0.7284300  7.904838e-01  6.088972e-04  7.905055e-01  6.089422e-04  7.475153e-01  5.444110e-04  
   0.7494300  7.917839e-01  6.287888e-04  7.918053e-01  6.288344e-04  7.486776e-01  5.620985e-04  
   0.7704300  7.931255e-01  6.488941e-04  7.931470e-01  6.489400e-04  7.498769e-01  5.799675e-04  
   0.7914300  7.945097e-01  6.692213e-04  7.945313e-01  6.692679e-04  7.511140e-01  5.980250e-04  
   0.8114300  7.958673e-01  6.887934e-04  7.958892e-01  6.888409e-04  7.523270e-01  6.154039e-04  
   0.8324300  7.973357e-01  7.095773e-04  7.973576e-01  7.096259e-04  7.536386e-01  6.338497e-04  
   0.8540300  7.988918e-01  7.312135e-04  7.989137e-01  7.312631e-04  7.550287e-01  6.530418e-04  
   0.8740300  8.003742e-01  7.514890e-04  8.003961e-01  7.515397e-04  7.563526e-01  6.710177e-04  
   0.8950300  8.019748e-01  7.730385e-04  8.019970e-01  7.730904e-04  7.577819e-01  6.901128e-04  
   0.9160300  8.036209e-01  7.948642e-04  8.036430e-01  7.949177e-04  7.592511e-01  7.094424e-04  
   0.9370300  8.053131e-01  8.169772e-04  8.053355e-01  8.170318e-04  7.607611e-01  7.290150e-04  
   0.9580300  8.070518e-01  8.393879e-04  8.070741e-01  8.394439e-04  7.623124e-01  7.488396e-04  
   0.9780300  8.087521e-01  8.610189e-04  8.087745e-01  8.610762e-04  7.638292e-01  7.679636e-04  
   0.9990300  8.105845e-01  8.840438e-04  8.106069e-01  8.841020e-04  7.654632e-01  7.883078e-04  
   1.0200300  8.124654e-01  9.074004e-04  8.124881e-01  9.074595e-04  7.671403e-01  8.089321e-04  
   1.0410300  8.143957e-01  9.311005e-04  8.144186e-01  9.311603e-04  7.688609e-01  8.298465e-04  
   1.0620300  8.163769e-01  9.551567e-04  8.163997e-01  9.552170e-04  7.706262e-01  8.510611e-04  
   1.0830300  8.184084e-01  9.795811e-04  8.184316e-01  9.796415e-04  7.724363e-01  8.725865e-04  
   1.1030300  8.203916e-01  1.003196e-03  8.204144e-01  1.003256e-03  7.742025e-01  8.933853e-04  
   1.1240300  8.225249e-01  1.028377e-03  8.225481e-01  1.028437e-03  7.761022e-01  9.155473e-04  
   1.1450300  8.247117e-01  1.053963e-03  8.247351e-01  1.054024e-03  7.780486e-01  9.380525e-04  
   1.1660300  8.269527e-01  1.079972e-03  8.269760e-01  1.080032e-03  7.800428e-01  9.609117e-04  
   1.1870300  8.292487e-01  1.106415e-03  8.292723e-01  1.106475e-03  7.820854e-01  9.841372e-04  
   1.2080300  8.316005e-01  1.133309e-03  8.316242e-01  1.133370e-03  7.841772e-01  1.007742e-03  
   1.2280300  8.338929e-01  1.159356e-03  8.339168e-01  1.159417e-03  7.862152e-01  1.030586e-03  
   1.2490300  8.363563e-01  1.187176e-03  8.363804e-01  1.187237e-03  7.884049e-01  1.054968e-03  
   1.2706300  8.389522e-01  1.216314e-03  8.389764e-01  1.216376e-03  7.907110e-01  1.080485e-03  
   1.2906300  8.414117e-01  1.243781e-03  8.414361e-01  1.243844e-03  7.928959e-01  1.104521e-03  
   1.3116300  8.440542e-01  1.273147e-03  8.440787e-01  1.273212e-03  7.952418e-01  1.130199e-03  
   1.3326300  8.467585e-01  1.303070e-03  8.467832e-01  1.303136e-03  7.976422e-01  1.156343e-03  
   1.3536299  8.495263e-01  1.333569e-03  8.495511e-01  1.333638e-03  8.000979e-01  1.182971e-03  
   1.3746300  8.523588e-01  1.364669e-03  8.523839e-01  1.364740e-03  8.026102e-01  1.210100e-03  
   1.3946300  8.551181e-01  1.394866e-03  8.551432e-01  1.394939e-03  8.050564e-01  1.236420e-03  
   1.4156300  8.580809e-01  1.427203e-03  8.581063e-01  1.427279e-03  8.076820e-01  1.264581e-03  
   1.4366300  8.611125e-01  1.460208e-03  8.611379e-01  1.460287e-03  8.103676e-01  1.293301e-03  
   1.4576300  8.642141e-01  1.493908e-03  8.642399e-01  1.493990e-03  8.131144e-01  1.322598e-03  
   1.4786299  8.673880e-01  1.528328e-03  8.674138e-01  1.528413e-03  8.159237e-01  1.352496e-03  
   1.4996300  8.706348e-01  1.563495e-03  8.706608e-01  1.563584e-03  8.187965e-01  1.383015e-03  
   1.5196300  8.737960e-01  1.597708e-03  8.738223e-01  1.597799e-03  8.215923e-01  1.412679e-03  
   1.5406300  8.771904e-01  1.634417e-03  8.772167e-01  1.634512e-03  8.245927e-01  1.444479e-03  
   1.5616300  8.806625e-01  1.671961e-03  8.806890e-01  1.672059e-03  8.276606e-01  1.476970e-03  
   1.5826300  8.842140e-01  1.710371e-03  8.842409e-01  1.710473e-03  8.307972e-01  1.510179e-03  
   1.6036299  8.878477e-01  1.749681e-03  8.878747e-01  1.749786e-03  8.340047e-01  1.544134e-03  
   1.6246300  8.915640e-01  1.789929e-03  8.915914e-01  1.790037e-03  8.372841e-01  1.578863e-03  
   1.6446300  8.951829e-01  1.829163e-03  8.952104e-01  1.829276e-03  8.404754e-01  1.612684e-03  
   1.6656300  8.990678e-01  1.871348e-03  8.990957e-01  1.871464e-03  8.438993e-01  1.649012e-03  
   1.6872300  9.031574e-01  1.915839e-03  9.031857e-01  1.915959e-03  8.475024e-01  1.687286e-03  
   1.7072300  9.070305e-01  1.958069e-03  9.070589e-01  1.958194e-03  8.509126e-01  1.723578e-03  
   1.7282300  9.111896e-01  2.003530e-03  9.112180e-01  2.003659e-03  8.545723e-01  1.762604e-03  
   1.7492300  9.154449e-01  2.050184e-03  9.154736e-01  2.050319e-03  8.583148e-01  1.802614e-03  
   1.7702301  9.197996e-01  2.098086e-03  9.198284e-01  2.098225e-03  8.621423e-01  1.843649e-03  
   1.7912300  9.242558e-01  2.147291e-03  9.242854e-01  2.147436e-03  8.660572e-01  1.885754e-03  
   1.8112299  9.285981e-01  2.195419e-03  9.286277e-01  2.195569e-03  8.698691e-01  1.926895e-03  
   1.8322300  9.332618e-01  2.247345e-03  9.332917e-01  2.247499e-03  8.739613e-01  1.971233e-03  
   1.8532300  9.380370e-01  2.300760e-03  9.380670e-01  2.300921e-03  8.781479e-01  2.016794e-03  
   1.8742300  9.429256e-01  2.355739e-03  9.429564e-01  2.355905e-03  8.824318e-01  2.063637e-03  
   1.8952301  9.479325e-01  2.412356e-03  9.479635e-01  2.412530e-03  8.868157e-01  2.111823e-03  
   1.9162300  9.530596e-01  2.470697e-03  9.530912e-01  2.470876e-03  8.913022e-01  2.161419e-03  
   1.9362299  9.580579e-01  2.527940e-03  9.580896e-01  2.528126e-03  8.956726e-01  2.210030e-03  
   1.9572300  9.634309e-01  2.589907e-03  9.634630e-01  2.590100e-03  9.003678e-01  2.262594e-03  
   1.9782300  9.689363e-01  2.653887e-03  9.689687e-01  2.654085e-03  9.051746e-01  2.316799e-03  
   1.9992300  9.745772e-01  2.719992e-03  9.746104e-01  2.720199e-03  9.100958e-01  2.372741e-03  
   2.0202301  9.803590e-01  2.788357e-03  9.803922e-01  2.788570e-03  9.151360e-01  2.430522e-03  
   2.0412300  9.862850e-01  2.859120e-03  9.863186e-01  2.859341e-03  9.202978e-01  2.490257e-03  
   2.0612299  9.920676e-01  2.928890e-03  9.921020e-01  2.929119e-03  9.253306e-01  2.549081e-03  
   2.0822301  9.982905e-01  3.004817e-03  9.983248e-01  3.005054e-03  9.307419e-01  2.613015e-03  
   2.1038301  1.004858e+00  3.085969e-03  1.004893e+00  3.086214e-03  9.364482e-01  2.681259e-03  
   2.1238301  1.011096e+00  3.164077e-03  1.011131e+00  3.164333e-03  9.418621e-01  2.746859e-03  
   2.1448300  1.017813e+00  3.249404e-03  1.017848e+00  3.249668e-03  9.476873e-01  2.818429e-03  
   2.1658299  1.024708e+00  3.338389e-03  1.024744e+00  3.338663e-03  9.536607e-01  2.892975e-03  
   2.1868300  1.031787e+00  3.431341e-03  1.031825e+00  3.431626e-03  9.597882e-01  2.970745e-03  
   2.2078300  1.039059e+00  3.528590e-03  1.039096e+00  3.528887e-03  9.660746e-01  3.052012e-03  
   2.2278299  1.046170e+00  3.625546e-03  1.046208e+00  3.625854e-03  9.722162e-01  3.132939e-03  
   2.2488301  1.053839e+00  3.732290e-03  1.053877e+00  3.732614e-03  9.788328e-01  3.221936e-03  
   2.2698300  1.061723e+00  3.844535e-03  1.061762e+00  3.844873e-03  9.856272e-01  3.315412e-03  
   2.2908299  1.069832e+00  3.962761e-03  1.069872e+00  3.963114e-03  9.926069e-01  3.413770e-03  
   2.3118300  1.078175e+00  4.087497e-03  1.078215e+00  4.087868e-03  9.997796e-01  3.517442e-03  
   2.3328300  1.086762e+00  4.219308e-03  1.086803e+00  4.219698e-03  1.007152e+00  3.626904e-03  
   2.3528299  1.095177e+00  4.351988e-03  1.095219e+00  4.352397e-03  1.014368e+00  3.737013e-03  
   2.3738301  1.104271e+00  4.499441e-03  1.104314e+00  4.499873e-03  1.022157e+00  3.859328e-03  
   2.3948300  1.113644e+00  4.655940e-03  1.113688e+00  4.656396e-03  1.030172e+00  3.989120e-03  
   2.4158299  1.123307e+00  4.822268e-03  1.123351e+00  4.822751e-03  1.038423e+00  4.127079e-03  
   2.4368300  1.133274e+00  4.999280e-03  1.133319e+00  4.999790e-03  1.046921e+00  4.273969e-03  
   2.4578300  1.143561e+00  5.187913e-03  1.143607e+00  5.188454e-03  1.055678e+00  4.430639e-03  
   2.4778299  1.153671e+00  5.379319e-03  1.153718e+00  5.379891e-03  1.064270e+00  4.589805e-03  
   2.4988301  1.164631e+00  5.593767e-03  1.164678e+00  5.594375e-03  1.073568e+00  4.768407e-03  
   2.5204301  1.176293e+00  5.830111e-03  1.176342e+00  5.830761e-03  1.083444e+00  4.965621e-03  
   2.5404301  1.187463e+00  6.064642e-03  1.187513e+00  6.065332e-03  1.092884e+00  5.161710e-03  
   2.5614300  1.199599e+00  6.328876e-03  1.199650e+00  6.329613e-03  1.103120e+00  5.383060e-03  
   2.5824299  1.212177e+00  6.613619e-03  1.212229e+00  6.614408e-03  1.113705e+00  5.622009e-03  
   2.6034300  1.225226e+00  6.921452e-03  1.225280e+00  6.922298e-03  1.124660e+00  5.880648e-03  
   2.6244299  1.238778e+00  7.255535e-03  1.238833e+00  7.256443e-03  1.136008e+00  6.161440e-03  
   2.6444299  1.252184e+00  7.601756e-03  1.252240e+00  7.602730e-03  1.147202e+00  6.452159e-03  
   2.6654301  1.266821e+00  7.999605e-03  1.266880e+00  8.000650e-03  1.159390e+00  6.785336e-03  
   2.6864300  1.282077e+00  8.439043e-03  1.282136e+00  8.440173e-03  1.172050e+00  7.151471e-03  
   2.7074299  1.298000e+00  8.928725e-03  1.298062e+00  8.929948e-03  1.185218e+00  7.556140e-03  
   2.7284300  1.314647e+00  9.480188e-03  1.314710e+00  9.481524e-03  1.198928e+00  8.006445e-03  
   2.7494299  1.332080e+00  1.010899e-02  1.332145e+00  1.011046e-02  1.213223e+00  8.511497e-03  
   2.7694299  1.349478e+00  1.079897e-02  1.349545e+00  1.080059e-02  1.227424e+00  9.054198e-03  
   2.7904301  1.368659e+00  1.164641e-02  1.368729e+00  1.164824e-02  1.243000e+00  9.703501e-03  
   2.8114300  1.388862e+00  1.265747e-02  1.388935e+00  1.265957e-02  1.259313e+00  1.045373e-02  
   2.8324299  1.410190e+00  1.388346e-02  1.410265e+00  1.388590e-02  1.276429e+00  1.133064e-02  
   2.8534300  1.432752e+00  1.539273e-02  1.432830e+00  1.539565e-02  1.294417e+00  1.236757e-02  
   2.8744299  1.456668e+00  1.727520e-02  1.456749e+00  1.727874e-02  1.313356e+00  1.360757e-02  
   2.8944299  1.480820e+00  1.952148e-02  1.480905e+00  1.952581e-02  1.332357e+00  1.502764e-02  
   2.9154301  1.507749e+00  2.249848e-02  1.507838e+00  2.250392e-02  1.353407e+00  1.683691e-02  
   2.9370301  1.537259e+00  2.641372e-02  1.537352e+00  2.642066e-02  1.376336e+00  1.912931e-02  
   2.9570301  1.566330e+00  3.102328e-02  1.566427e+00  3.103206e-02  1.398818e+00  2.174500e-02  
   2.9780300  1.598760e+00  3.714665e-02  1.598863e+00  3.715789e-02  1.423819e+00  2.513357e-02  
   2.9990301  1.633208e+00  4.489964e-02  1.633316e+00  4.491403e-02  1.450349e+00  2.934336e-02  
   3.0200300  1.669695e+00  5.464726e-02  1.669808e+00  5.466561e-02  1.478498e+00  3.457405e-02  
   3.0410299  1.708181e+00  6.679503e-02  1.708299e+00  6.681826e-02  1.508343e+00  4.106290e-02  
   3.0610299  1.746585e+00  8.099403e-02  1.746709e+00  8.102284e-02  1.538388e+00  4.866499e-02  
   3.0820301  1.788550e+00  9.909658e-02  1.788679e+00  9.913234e-02  1.571647e+00  5.844288e-02  
   3.1030300  1.831887e+00  1.209081e-01  1.832022e+00  1.209519e-01  1.606622e+00  7.040518e-02  
   3.1240301  1.876186e+00  1.468447e-01  1.876326e+00  1.468977e-01  1.643210e+00  8.493254e-02  
   3.1450300  1.920917e+00  1.772640e-01  1.921061e+00  1.773271e-01  1.681226e+00  1.024245e-01  
   3.1660299  1.965455e+00  2.124380e-01  1.965602e+00  2.125120e-01  1.720400e+00  1.232859e-01  
   3.1860299  2.007044e+00  2.505032e-01  2.007193e+00  2.505882e-01  1.758443e+00  1.466433e-01  
   3.2070301  2.049109e+00  2.952886e-01  2.049260e+00  2.953853e-01  1.798705e+00  1.751712e-01  
   3.2280300  2.088756e+00  3.448803e-01  2.088906e+00  3.449886e-01  1.838724e+00  2.080832e-01  
   3.2490301  2.125209e+00  3.989902e-01  2.125359e+00  3.991097e-01  1.877835e+00  2.455785e-01  
   3.2700300  2.157755e+00  4.571703e-01  2.157902e+00  4.572999e-01  1.915297e+00  2.877366e-01  
   3.2910299  2.185782e+00  5.188309e-01  2.185925e+00  5.189692e-01  1.950327e+00  3.344972e-01  
   3.3110299  2.207833e+00  5.801473e-01  2.207970e+00  5.802927e-01  1.980698e+00  3.831114e-01  
   3.3320301  2.225810e+00  6.464998e-01  2.225941e+00  6.466507e-01  2.008711e+00  4.380729e-01  
   3.3536301  2.238633e+00  7.160047e-01  2.238755e+00  7.161590e-01  2.032668e+00  4.982227e-01  
   3.3736300  2.245428e+00  7.807387e-01  2.245541e+00  7.808944e-01  2.049916e+00  5.565338e-01  
   3.3946300  2.247526e+00  8.483679e-01  2.247630e+00  8.485233e-01  2.062517e+00  6.196669e-01  
   3.4156301  2.244837e+00  9.149962e-01  2.244928e+00  9.151500e-01  2.069251e+00  6.838499e-01  
   3.4366300  2.237850e+00  9.800819e-01  2.237930e+00  9.802333e-01  2.070105e+00  7.481140e-01  
   3.4576299  2.227135e+00  1.043226e+00  2.227202e+00  1.043374e+00  2.065286e+00  8.114924e-01  
   3.4776299  2.214008e+00  1.101325e+00  2.214062e+00  1.101470e+00  2.055810e+00  8.701947e-01  
   3.4986300  2.197712e+00  1.160071e+00  2.197751e+00  1.160213e+00  2.041318e+00  9.293122e-01  
   3.5196300  2.179361e+00  1.216497e+00  2.179384e+00  1.216636e+00  2.022929e+00  9.851949e-01  
   3.5406301  2.159404e+00  1.270685e+00  2.159411e+00  1.270823e+00  2.001525e+00  1.037366e+00  
   3.5616300  2.138187e+00  1.322766e+00  2.138179e+00  1.322904e+00  1.978035e+00  1.085553e+00  
   3.5826299  2.115959e+00  1.372893e+00  2.115934e+00  1.373031e+00  1.953379e+00  1.129701e+00  
   3.6026299  2.093990e+00  1.418944e+00  2.093949e+00  1.419084e+00  1.929595e+00  1.168125e+00  
   3.6236300  2.070163e+00  1.465623e+00  2.070106e+00  1.465766e+00  1.905013e+00  1.204979e+00  
   3.6446300  2.045593e+00  1.510635e+00  2.045519e+00  1.510781e+00  1.881397e+00  1.238710e+00  
   3.6656301  2.020298e+00  1.553975e+00  2.020209e+00  1.554124e+00  1.859142e+00  1.269871e+00  
   3.6866300  1.994315e+00  1.595581e+00  1.994211e+00  1.595732e+00  1.838451e+00  1.299042e+00  
   3.7076299  1.967720e+00  1.635355e+00  1.967604e+00  1.635508e+00  1.819348e+00  1.326789e+00  
   3.7276299  1.941952e+00  1.671426e+00  1.941826e+00  1.671579e+00  1.802524e+00  1.352340e+00  
   3.7486300  1.914649e+00  1.707296e+00  1.914513e+00  1.707450e+00  1.786085e+00  1.378626e+00  
   3.7702301  1.886616e+00  1.741977e+00  1.886474e+00  1.742129e+00  1.770209e+00  1.405356e+00  
   3.7902300  1.861064e+00  1.772080e+00  1.860919e+00  1.772230e+00  1.756195e+00  1.429952e+00  
   3.8112299  1.835090e+00  1.801691e+00  1.834943e+00  1.801838e+00  1.741991e+00  1.455641e+00  
   3.8322301  1.810474e+00  1.829453e+00  1.810328e+00  1.829595e+00  1.728200e+00  1.481125e+00  
   3.8532300  1.787725e+00  1.855692e+00  1.787582e+00  1.855830e+00  1.714834e+00  1.506296e+00  
   3.8742299  1.767326e+00  1.880879e+00  1.767187e+00  1.881014e+00  1.702034e+00  1.531051e+00  
   3.8942299  1.750473e+00  1.904451e+00  1.750341e+00  1.904582e+00  1.690610e+00  1.554191e+00  
   3.9152300  1.735791e+00  1.929477e+00  1.735666e+00  1.929606e+00  1.679760e+00  1.578071e+00  
   3.9362299  1.724378e+00  1.955638e+00  1.724262e+00  1.955766e+00  1.670490e+00  1.601694e+00  
   3.9572301  1.716240e+00  1.983891e+00  1.716131e+00  1.984020e+00  1.663222e+00  1.625389e+00  
   3.9782300  1.711168e+00  2.015245e+00  1.711068e+00  2.015376e+00  1.658331e+00  1.649643e+00  
   3.9992299  1.708721e+00  2.050719e+00  1.708627e+00  2.050856e+00  1.656093e+00  1.675107e+00  
   4.0192299  1.708202e+00  2.089226e+00  1.708111e+00  2.089371e+00  1.656547e+00  1.701205e+00  
   4.0402298  1.708666e+00  2.135452e+00  1.708576e+00  2.135607e+00  1.659679e+00  1.731409e+00  
   4.0612302  1.709030e+00  2.188316e+00  1.708936e+00  2.188482e+00  1.665249e+00  1.765428e+00  
   4.0822301  1.707945e+00  2.248312e+00  1.707843e+00  2.248489e+00  1.672719e+00  1.804233e+00  
   4.1032300  1.703916e+00  2.315671e+00  1.703801e+00  2.315861e+00  1.681291e+00  1.848753e+00  
   4.1242299  1.695360e+00  2.390331e+00  1.695226e+00  2.390532e+00  1.689903e+00  1.899804e+00  
   4.1442299  1.681530e+00  2.467873e+00  1.681374e+00  2.468085e+00  1.696949e+00  1.955084e+00  
   4.1652298  1.659545e+00  2.555387e+00  1.659361e+00  2.555605e+00  1.701680e+00  2.020511e+00  
   4.1868300  1.627457e+00  2.650880e+00  1.627238e+00  2.651103e+00  1.701954e+00  2.095807e+00  
   4.2068300  1.587987e+00  2.743058e+00  1.587734e+00  2.743282e+00  1.696386e+00  2.172536e+00  
   4.2278299  1.535432e+00  2.842274e+00  1.535139e+00  2.842492e+00  1.682756e+00  2.259754e+00  
   4.2488298  1.470730e+00  2.942313e+00  1.470397e+00  2.942524e+00  1.659431e+00  2.352777e+00  
   4.2698302  1.393393e+00  3.041359e+00  1.393019e+00  3.041557e+00  1.624811e+00  2.450183e+00  
   4.2908301  1.303246e+00  3.137505e+00  1.302832e+00  3.137685e+00  1.577555e+00  2.550172e+00  
   4.3108301  1.205594e+00  3.224620e+00  1.205143e+00  3.224781e+00  1.519886e+00  2.645861e+00  
   4.3318300  1.091071e+00  3.309581e+00  1.090586e+00  3.309717e+00  1.445485e+00  2.744549e+00  
   4.3528299  9.649557e-01  3.386056e+00  9.644390e-01  3.386168e+00  1.356817e+00  2.838931e+00  
   4.3738298  8.282053e-01  3.452295e+00  8.276621e-01  3.452379e+00  1.254331e+00  2.926465e+00  
   4.3948302  6.820216e-01  3.506674e+00  6.814567e-01  3.506731e+00  1.139017e+00  3.004699e+00  
   4.4158301  5.278413e-01  3.547724e+00  5.272610e-01  3.547754e+00  1.012393e+00  3.071391e+00  
   4.4358301  3.750639e-01  3.573258e+00  3.744738e-01  3.573263e+00  8.830886e-01  3.122436e+00  
   4.4568300  2.101659e-01  3.584809e+00  2.095720e-01  3.584791e+00  7.404216e-01  3.161522e+00  
   4.4778299  4.263775e-02  3.579933e+00  4.204628e-02  3.579893e+00  5.932502e-01  3.184784e+00  
   4.4988298  -1.253854e-01  3.558119e+00  -1.259682e-01  3.558057e+00  4.443060e-01  3.191792e+00  
   4.5198302  -2.916638e-01  3.519180e+00  -2.922315e-01  3.519099e+00  2.963164e-01  3.182673e+00  
   4.5408301  -4.538829e-01  3.463309e+00  -4.544299e-01  3.463210e+00  1.518854e-01  3.158080e+00  
   4.5608301  -6.024931e-01  3.394892e+00  -6.030151e-01  3.394777e+00  1.979017e-02  3.121294e+00  
   4.5818300  -7.501973e-01  3.308043e+00  -7.506881e-01  3.307913e+00  -1.112384e-01  3.070076e+00  
   4.6034298  -8.910380e-01  3.204135e+00  -8.914924e-01  3.203992e+00  -2.361328e-01  3.005781e+00  
   4.6234298  -1.009679e+00  3.096431e+00  -1.010096e+00  3.096276e+00  -3.417274e-01  2.937582e+00  
   4.6444302  -1.120579e+00  2.973526e+00  -1.120955e+00  2.973361e+00  -4.414653e-01  2.858974e+00  
   4.6654301  -1.216340e+00  2.842948e+00  -1.216672e+00  2.842776e+00  -5.294453e-01  2.775177e+00  
   4.6864300  -1.296275e+00  2.707282e+00  -1.296564e+00  2.707103e+00  -6.056811e-01  2.688101e+00  
   4.7074299  -1.360185e+00  2.569177e+00  -1.360430e+00  2.568997e+00  -6.704947e-01  2.599500e+00  
   4.7274299  -1.406417e+00  2.437750e+00  -1.406623e+00  2.437569e+00  -7.221206e-01  2.515119e+00  
   4.7484298  -1.440307e+00  2.302178e+00  -1.440473e+00  2.302000e+00  -7.664381e-01  2.427797e+00  
   4.7694302  -1.460307e+00  2.171196e+00  -1.460436e+00  2.171024e+00  -8.014797e-01  2.342865e+00  
   4.7904301  -1.467857e+00  2.046602e+00  -1.467952e+00  2.046436e+00  -8.281807e-01  2.261203e+00  
   4.8114300  -1.464615e+00  1.929779e+00  -1.464680e+00  1.929621e+00  -8.475048e-01  2.183468e+00  
   4.8324299  -1.452342e+00  1.821700e+00  -1.452379e+00  1.821553e+00  -8.604053e-01  2.110129e+00  
   4.8524299  -1.433876e+00  1.727420e+00  -1.433890e+00  1.727283e+00  -8.675585e-01  2.044640e+00  
   4.8734298  -1.408999e+00  1.637714e+00  -1.408992e+00  1.637588e+00  -8.705074e-01  1.980599e+00  
   4.8944302  -1.380038e+00  1.557426e+00  -1.380012e+00  1.557311e+00  -8.695655e-01  1.921422e+00  
   4.9154301  -1.348373e+00  1.486215e+00  -1.348331e+00  1.486111e+00  -8.654521e-01  1.867043e+00  
   4.9364300  -1.315183e+00  1.423553e+00  -1.315127e+00  1.423460e+00  -8.588075e-01  1.817309e+00  
   4.9574299  -1.281437e+00  1.368793e+00  -1.281368e+00  1.368708e+00  -8.501924e-01  1.772013e+00  
   4.9774299  -1.249486e+00  1.323329e+00  -1.249406e+00  1.323253e+00  -8.405997e-01  1.732770e+00  
   4.9984298  -1.216699e+00  1.281902e+00  -1.216609e+00  1.281834e+00  -8.294660e-01  1.695386e+00  
