w Re-xx Im-xx Re-yy Im-yy Re-zz Im-zz
# Gaussian absolute broadening  0.15 [eV]
   0.0000000  7.672411e-01  8.808903e-05  7.672777e-01  8.808961e-05  7.318103e-01  8.092651e-05  
   0.0200000  7.673408e-01  9.427659e-05  7.673772e-01  9.427735e-05  7.319019e-01  8.661182e-05  
   0.0410000  7.674593e-01  1.013276e-04  7.674959e-01  1.013285e-04  7.320107e-01  9.309027e-05  
   0.0620000  7.675942e-01  1.089822e-04  7.676308e-01  1.089834e-04  7.321346e-01  1.001231e-04  
   0.0830000  7.677473e-01  1.172742e-04  7.677838e-01  1.172758e-04  7.322754e-01  1.077412e-04  
   0.1040000  7.679210e-01  1.262329e-04  7.679575e-01  1.262349e-04  7.324353e-01  1.159716e-04  
   0.1240000  7.681072e-01  1.354062e-04  7.681441e-01  1.354087e-04  7.326061e-01  1.243986e-04  
   0.1450000  7.683271e-01  1.457263e-04  7.683638e-01  1.457294e-04  7.328081e-01  1.338787e-04  
   0.1660000  7.685742e-01  1.567578e-04  7.686107e-01  1.567616e-04  7.330350e-01  1.440118e-04  
   0.1870000  7.688500e-01  1.684974e-04  7.688868e-01  1.685020e-04  7.332887e-01  1.547946e-04  
   0.2080000  7.691573e-01  1.809303e-04  7.691942e-01  1.809359e-04  7.335707e-01  1.662136e-04  
   0.2290000  7.694973e-01  1.940315e-04  7.695340e-01  1.940382e-04  7.338830e-01  1.782456e-04  
   0.2490000  7.698532e-01  2.070981e-04  7.698899e-01  2.071060e-04  7.342100e-01  1.902450e-04  
   0.2700000  7.702619e-01  2.213949e-04  7.702984e-01  2.214041e-04  7.345852e-01  2.033731e-04  
   0.2910000  7.707070e-01  2.362337e-04  7.707437e-01  2.362444e-04  7.349942e-01  2.169976e-04  
   0.3120000  7.711897e-01  2.515608e-04  7.712266e-01  2.515731e-04  7.354377e-01  2.310694e-04  
   0.3330000  7.717106e-01  2.673213e-04  7.717475e-01  2.673354e-04  7.359163e-01  2.455379e-04  
   0.3540000  7.722698e-01  2.834622e-04  7.723067e-01  2.834781e-04  7.364298e-01  2.603538e-04  
   0.3740000  7.728383e-01  2.991426e-04  7.728750e-01  2.991602e-04  7.369517e-01  2.747458e-04  
   0.3950000  7.734723e-01  3.158879e-04  7.735093e-01  3.159074e-04  7.375342e-01  2.901134e-04  
   0.4160000  7.741445e-01  3.328837e-04  7.741815e-01  3.329052e-04  7.381515e-01  3.057090e-04  
   0.4374300  7.748706e-01  3.504539e-04  7.749075e-01  3.504774e-04  7.388180e-01  3.218297e-04  
   0.4574300  7.755837e-01  3.670353e-04  7.756209e-01  3.670607e-04  7.394730e-01  3.370412e-04  
   0.4784300  7.763698e-01  3.846194e-04  7.764070e-01  3.846467e-04  7.401948e-01  3.531704e-04  
   0.4994300  7.771938e-01  4.023697e-04  7.772310e-01  4.023989e-04  7.409512e-01  3.694498e-04  
   0.5204300  7.780561e-01  4.202791e-04  7.780935e-01  4.203100e-04  7.417432e-01  3.858723e-04  
   0.5414300  7.789564e-01  4.383439e-04  7.789937e-01  4.383764e-04  7.425696e-01  4.024348e-04  
   0.5614300  7.798499e-01  4.556928e-04  7.798872e-01  4.557268e-04  7.433898e-01  4.183385e-04  
   0.5824300  7.808259e-01  4.740627e-04  7.808633e-01  4.740978e-04  7.442857e-01  4.351749e-04  
   0.6034300  7.818405e-01  4.925931e-04  7.818779e-01  4.926293e-04  7.452168e-01  4.521558e-04  
   0.6244300  7.828946e-01  5.112892e-04  7.829321e-01  5.113261e-04  7.461846e-01  4.692855e-04  
   0.6454300  7.839882e-01  5.301564e-04  7.840258e-01  5.301940e-04  7.471883e-01  4.865683e-04  
   0.6664300  7.851220e-01  5.492010e-04  7.851597e-01  5.492389e-04  7.482286e-01  5.040107e-04  
   0.6864300  7.862386e-01  5.675089e-04  7.862764e-01  5.675473e-04  7.492534e-01  5.207757e-04  
   0.7074300  7.874510e-01  5.869191e-04  7.874888e-01  5.869574e-04  7.503658e-01  5.385463e-04  
   0.7284300  7.887042e-01  6.065267e-04  7.887421e-01  6.065651e-04  7.515159e-01  5.564947e-04  
   0.7494300  7.899991e-01  6.263398e-04  7.900371e-01  6.263782e-04  7.527038e-01  5.746275e-04  
   0.7704300  7.913354e-01  6.463650e-04  7.913738e-01  6.464036e-04  7.539296e-01  5.929515e-04  
   0.7914300  7.927142e-01  6.666117e-04  7.927526e-01  6.666507e-04  7.551947e-01  6.114744e-04  
   0.8114300  7.940668e-01  6.861066e-04  7.941052e-01  6.861461e-04  7.564352e-01  6.293064e-04  
   0.8324300  7.955292e-01  7.068084e-04  7.955677e-01  7.068486e-04  7.577764e-01  6.482390e-04  
   0.8540300  7.970793e-01  7.283592e-04  7.971178e-01  7.284005e-04  7.591982e-01  6.679444e-04  
   0.8740300  7.985561e-01  7.485545e-04  7.985947e-01  7.485970e-04  7.605523e-01  6.864071e-04  
   0.8950300  8.001505e-01  7.700190e-04  8.001892e-01  7.700633e-04  7.620143e-01  7.060267e-04  
   0.9160300  8.017899e-01  7.917589e-04  8.018286e-01  7.918052e-04  7.635175e-01  7.258942e-04  
   0.9370300  8.034754e-01  8.137846e-04  8.035146e-01  8.138330e-04  7.650627e-01  7.460196e-04  
   0.9580300  8.052074e-01  8.361073e-04  8.052464e-01  8.361579e-04  7.666503e-01  7.664122e-04  
   0.9780300  8.069012e-01  8.576532e-04  8.069404e-01  8.577063e-04  7.682028e-01  7.860917e-04  
   0.9990300  8.087263e-01  8.805876e-04  8.087655e-01  8.806430e-04  7.698755e-01  8.070361e-04  
   1.0200300  8.105996e-01  9.038527e-04  8.106390e-01  9.039102e-04  7.715924e-01  8.282783e-04  
   1.0410300  8.125225e-01  9.274602e-04  8.125621e-01  9.275199e-04  7.733546e-01  8.498300e-04  
   1.0620300  8.144959e-01  9.514221e-04  8.145356e-01  9.514839e-04  7.751626e-01  8.717015e-04  
   1.0830300  8.165196e-01  9.757509e-04  8.165595e-01  9.758148e-04  7.770166e-01  8.939048e-04  
   1.1030300  8.184950e-01  9.992736e-04  8.185349e-01  9.993395e-04  7.788262e-01  9.153700e-04  
   1.1240300  8.206200e-01  1.024356e-03  8.206601e-01  1.024424e-03  7.807726e-01  9.382555e-04  
   1.1450300  8.227981e-01  1.049845e-03  8.228384e-01  1.049914e-03  7.827677e-01  9.615090e-04  
   1.1660300  8.250304e-01  1.075753e-03  8.250707e-01  1.075824e-03  7.848119e-01  9.851434e-04  
   1.1870300  8.273174e-01  1.102095e-03  8.273579e-01  1.102168e-03  7.869065e-01  1.009173e-03  
   1.2080300  8.296601e-01  1.128887e-03  8.297008e-01  1.128962e-03  7.890515e-01  1.033612e-03  
   1.2280300  8.319434e-01  1.154835e-03  8.319845e-01  1.154913e-03  7.911420e-01  1.057281e-03  
   1.2490300  8.343974e-01  1.182551e-03  8.344384e-01  1.182632e-03  7.933887e-01  1.082565e-03  
   1.2706300  8.369831e-01  1.211582e-03  8.370244e-01  1.211664e-03  7.957557e-01  1.109050e-03  
   1.2906300  8.394331e-01  1.238949e-03  8.394746e-01  1.239034e-03  7.979982e-01  1.134022e-03  
   1.3116300  8.420652e-01  1.268209e-03  8.421071e-01  1.268297e-03  8.004072e-01  1.160729e-03  
   1.3326300  8.447591e-01  1.298026e-03  8.448008e-01  1.298118e-03  8.028728e-01  1.187956e-03  
   1.3536299  8.475163e-01  1.328421e-03  8.475581e-01  1.328515e-03  8.053959e-01  1.215728e-03  
   1.3746300  8.503379e-01  1.359416e-03  8.503801e-01  1.359514e-03  8.079781e-01  1.244073e-03  
   1.3946300  8.530865e-01  1.389515e-03  8.531289e-01  1.389617e-03  8.104934e-01  1.271635e-03  
   1.4156300  8.560380e-01  1.421752e-03  8.560805e-01  1.421857e-03  8.131940e-01  1.301205e-03  
   1.4366300  8.590580e-01  1.454662e-03  8.591008e-01  1.454770e-03  8.159575e-01  1.331471e-03  
   1.4576300  8.621479e-01  1.488273e-03  8.621911e-01  1.488384e-03  8.187850e-01  1.362495e-03  
   1.4786299  8.653098e-01  1.522615e-03  8.653529e-01  1.522728e-03  8.216785e-01  1.394352e-03  
   1.4996300  8.685444e-01  1.557718e-03  8.685879e-01  1.557833e-03  8.246387e-01  1.427141e-03  
   1.5196300  8.716939e-01  1.591888e-03  8.717375e-01  1.592006e-03  8.275210e-01  1.459345e-03  
   1.5406300  8.750755e-01  1.628579e-03  8.751192e-01  1.628699e-03  8.306161e-01  1.494334e-03  
   1.5616300  8.785347e-01  1.666142e-03  8.785790e-01  1.666265e-03  8.337830e-01  1.530712e-03  
   1.5826300  8.820738e-01  1.704624e-03  8.821180e-01  1.704748e-03  8.370228e-01  1.568708e-03  
   1.6036299  8.856938e-01  1.744076e-03  8.857387e-01  1.744203e-03  8.403378e-01  1.608600e-03  
   1.6246300  8.893975e-01  1.784556e-03  8.894424e-01  1.784685e-03  8.437297e-01  1.650711e-03  
   1.6446300  8.930035e-01  1.824123e-03  8.930486e-01  1.824255e-03  8.470330e-01  1.693217e-03  
   1.6656300  8.968751e-01  1.866806e-03  8.969204e-01  1.866942e-03  8.505798e-01  1.740766e-03  
   1.6872300  9.009509e-01  1.912010e-03  9.009966e-01  1.912149e-03  8.543144e-01  1.793258e-03  
   1.7072300  9.048109e-01  1.955126e-03  9.048572e-01  1.955270e-03  8.578517e-01  1.845548e-03  
   1.7282300  9.089562e-01  2.001804e-03  9.090026e-01  2.001952e-03  8.616505e-01  1.904749e-03  
   1.7492300  9.131976e-01  2.050030e-03  9.132444e-01  2.050184e-03  8.655376e-01  1.968843e-03  
   1.7702301  9.175383e-01  2.099927e-03  9.175856e-01  2.100086e-03  8.695156e-01  2.038332e-03  
   1.7912300  9.219809e-01  2.151626e-03  9.220285e-01  2.151791e-03  8.735858e-01  2.113704e-03  
   1.8112299  9.263099e-01  2.202667e-03  9.263572e-01  2.202839e-03  8.775508e-01  2.191396e-03  
   1.8322300  9.309592e-01  2.258295e-03  9.310071e-01  2.258473e-03  8.818088e-01  2.279629e-03  
   1.8532300  9.357194e-01  2.316156e-03  9.357679e-01  2.316341e-03  8.861658e-01  2.375129e-03  
   1.8742300  9.405931e-01  2.376403e-03  9.406424e-01  2.376596e-03  8.906243e-01  2.478351e-03  
   1.8952301  9.455844e-01  2.439189e-03  9.456333e-01  2.439387e-03  8.951868e-01  2.589742e-03  
   1.9162300  9.506953e-01  2.504653e-03  9.507448e-01  2.504859e-03  8.998547e-01  2.709731e-03  
   1.9362299  9.556776e-01  2.569610e-03  9.557272e-01  2.569823e-03  9.044013e-01  2.832374e-03  
   1.9572300  9.610326e-01  2.640663e-03  9.610832e-01  2.640882e-03  9.092825e-01  2.970273e-03  
   1.9782300  9.665188e-01  2.714723e-03  9.665695e-01  2.714947e-03  9.142758e-01  3.117790e-03  
   1.9992300  9.721395e-01  2.791848e-03  9.721907e-01  2.792079e-03  9.193842e-01  3.275081e-03  
   2.0202301  9.778993e-01  2.872076e-03  9.779509e-01  2.872313e-03  9.246104e-01  3.442164e-03  
   2.0412300  9.838018e-01  2.955412e-03  9.838542e-01  2.955656e-03  9.299569e-01  3.618893e-03  
   2.0612299  9.895607e-01  3.037662e-03  9.896134e-01  3.037911e-03  9.351640e-01  3.795895e-03  
   2.0822301  9.957569e-01  3.127035e-03  9.958099e-01  3.127290e-03  9.407557e-01  3.990437e-03  
   2.1038301  1.002296e+00  3.222174e-03  1.002349e+00  3.222436e-03  9.466449e-01  4.199262e-03  
   2.1238301  1.008505e+00  3.313190e-03  1.008559e+00  3.313460e-03  9.522269e-01  4.399951e-03  
   2.1448300  1.015191e+00  3.411866e-03  1.015246e+00  3.412144e-03  9.582258e-01  4.617730e-03  
   2.1658299  1.022053e+00  3.513884e-03  1.022109e+00  3.514169e-03  9.643717e-01  4.842286e-03  
   2.1868300  1.029101e+00  3.619520e-03  1.029156e+00  3.619813e-03  9.706722e-01  5.073343e-03  
   2.2078300  1.036339e+00  3.729168e-03  1.036395e+00  3.729472e-03  9.771331e-01  5.310833e-03  
   2.2278299  1.043418e+00  3.837835e-03  1.043475e+00  3.838148e-03  9.834422e-01  5.543164e-03  
   2.2488301  1.051053e+00  3.957073e-03  1.051111e+00  3.957395e-03  9.902374e-01  5.793981e-03  
   2.2698300  1.058904e+00  4.082439e-03  1.058963e+00  4.082777e-03  9.972147e-01  6.052486e-03  
   2.2908299  1.066982e+00  4.214990e-03  1.067041e+00  4.215341e-03  1.004383e+00  6.319571e-03  
   2.3118300  1.075294e+00  4.355933e-03  1.075354e+00  4.356300e-03  1.011748e+00  6.596305e-03  
   2.3328300  1.083850e+00  4.506617e-03  1.083911e+00  4.507001e-03  1.019320e+00  6.883919e-03  
   2.3528299  1.092237e+00  4.660526e-03  1.092298e+00  4.660929e-03  1.026731e+00  7.169212e-03  
   2.3738301  1.101302e+00  4.834545e-03  1.101364e+00  4.834969e-03  1.034730e+00  7.482171e-03  
   2.3948300  1.110644e+00  5.022849e-03  1.110706e+00  5.023295e-03  1.042961e+00  7.810437e-03  
   2.4158299  1.120274e+00  5.227051e-03  1.120338e+00  5.227525e-03  1.051434e+00  8.155752e-03  
   2.4368300  1.130207e+00  5.448736e-03  1.130272e+00  5.449241e-03  1.060158e+00  8.519934e-03  
   2.4578300  1.140456e+00  5.689415e-03  1.140522e+00  5.689951e-03  1.069146e+00  8.904854e-03  
   2.4778299  1.150524e+00  5.937588e-03  1.150591e+00  5.938159e-03  1.077958e+00  9.292440e-03  
   2.4988301  1.161434e+00  6.219337e-03  1.161502e+00  6.219946e-03  1.087491e+00  9.723233e-03  
   2.5204301  1.173036e+00  6.532997e-03  1.173105e+00  6.533653e-03  1.097608e+00  1.019360e-02  
   2.5404301  1.184142e+00  6.846040e-03  1.184211e+00  6.846743e-03  1.107271e+00  1.065525e-02  
   2.5614300  1.196198e+00  7.199198e-03  1.196269e+00  7.199951e-03  1.117740e+00  1.116836e-02  
   2.5824299  1.208685e+00  7.578555e-03  1.208757e+00  7.579367e-03  1.128554e+00  1.171168e-02  
   2.6034300  1.221629e+00  7.985490e-03  1.221703e+00  7.986366e-03  1.139735e+00  1.228617e-02  
   2.6244299  1.235062e+00  8.421793e-03  1.235137e+00  8.422737e-03  1.151305e+00  1.289261e-02  
   2.6444299  1.248340e+00  8.866915e-03  1.248417e+00  8.867932e-03  1.162707e+00  1.350061e-02  
   2.6654301  1.262829e+00  9.368792e-03  1.262908e+00  9.369891e-03  1.175108e+00  1.417187e-02  
   2.6864300  1.277921e+00  9.911041e-03  1.278001e+00  9.912235e-03  1.187979e+00  1.487822e-02  
   2.7074299  1.293666e+00  1.050102e-02  1.293747e+00  1.050232e-02  1.201355e+00  1.562199e-02  
   2.7284300  1.310118e+00  1.114918e-02  1.310201e+00  1.115060e-02  1.215276e+00  1.640700e-02  
   2.7494299  1.327341e+00  1.187023e-02  1.327427e+00  1.187180e-02  1.229786e+00  1.723928e-02  
   2.7694299  1.344525e+00  1.264344e-02  1.344613e+00  1.264517e-02  1.244198e+00  1.808421e-02  
   2.7904301  1.363466e+00  1.357312e-02  1.363556e+00  1.357506e-02  1.260009e+00  1.903916e-02  
   2.8114300  1.383413e+00  1.466104e-02  1.383506e+00  1.466325e-02  1.276576e+00  2.008220e-02  
   2.8324299  1.404467e+00  1.595851e-02  1.404562e+00  1.596106e-02  1.293972e+00  2.123962e-02  
   2.8534300  1.426735e+00  1.753383e-02  1.426834e+00  1.753683e-02  1.312274e+00  2.254703e-02  
   2.8744299  1.450335e+00  1.947661e-02  1.450437e+00  1.948020e-02  1.331570e+00  2.405174e-02  
   2.8944299  1.474164e+00  2.177421e-02  1.474270e+00  2.177854e-02  1.350957e+00  2.572462e-02  
   2.9154301  1.500725e+00  2.479709e-02  1.500834e+00  2.480243e-02  1.372472e+00  2.780887e-02  
   2.9370301  1.529821e+00  2.874801e-02  1.529936e+00  2.875475e-02  1.395952e+00  3.040672e-02  
   2.9570301  1.558475e+00  3.337615e-02  1.558594e+00  3.338459e-02  1.419018e+00  3.333984e-02  
   2.9780300  1.590424e+00  3.949814e-02  1.590548e+00  3.950884e-02  1.444715e+00  3.711538e-02  
   2.9990301  1.624346e+00  4.722043e-02  1.624475e+00  4.723405e-02  1.472032e+00  4.178886e-02  
   3.0200300  1.660257e+00  5.689802e-02  1.660392e+00  5.691530e-02  1.501062e+00  4.758567e-02  
   3.0410299  1.698116e+00  6.892461e-02  1.698259e+00  6.894646e-02  1.531883e+00  5.477262e-02  
   3.0610299  1.735881e+00  8.294873e-02  1.736030e+00  8.297586e-02  1.562941e+00  6.319256e-02  
   3.0820301  1.777134e+00  1.007922e-01  1.777289e+00  1.008260e-01  1.597344e+00  7.402442e-02  
   3.1030300  1.819731e+00  1.222547e-01  1.819893e+00  1.222963e-01  1.633529e+00  8.727781e-02  
   3.1240301  1.863273e+00  1.477413e-01  1.863442e+00  1.477920e-01  1.671372e+00  1.033712e-01  
   3.1450300  1.907253e+00  1.776020e-01  1.907429e+00  1.776629e-01  1.710658e+00  1.227399e-01  
   3.1660299  1.951068e+00  2.121057e-01  1.951251e+00  2.121782e-01  1.751078e+00  1.458183e-01  
   3.1860299  1.992020e+00  2.494312e-01  1.992208e+00  2.495156e-01  1.790246e+00  1.716228e-01  
   3.2070301  2.033492e+00  2.933416e-01  2.033684e+00  2.934393e-01  1.831573e+00  2.030803e-01  
   3.2280300  2.072642e+00  3.419716e-01  2.072840e+00  3.420833e-01  1.872484e+00  2.392822e-01  
   3.2490301  2.108716e+00  3.950517e-01  2.108918e+00  3.951778e-01  1.912258e+00  2.803993e-01  
   3.2700300  2.141008e+00  4.521548e-01  2.141213e+00  4.522950e-01  1.950101e+00  3.264611e-01  
   3.2910299  2.168899e+00  5.127118e-01  2.169108e+00  5.128660e-01  1.985182e+00  3.773346e-01  
   3.3110299  2.190924e+00  5.729683e-01  2.191135e+00  5.731350e-01  2.015261e+00  4.299757e-01  
   3.3320301  2.208965e+00  6.382080e-01  2.209176e+00  6.383870e-01  2.042591e+00  4.891770e-01  
   3.3536301  2.221920e+00  7.065699e-01  2.222131e+00  7.067602e-01  2.065436e+00  5.535759e-01  
   3.3736300  2.228870e+00  7.702388e-01  2.229079e+00  7.704378e-01  2.081300e+00  6.156069e-01  
   3.3946300  2.231138e+00  8.367224e-01  2.231347e+00  8.369299e-01  2.092113e+00  6.823128e-01  
   3.4156301  2.228603e+00  9.021503e-01  2.228808e+00  9.023643e-01  2.096766e+00  7.496294e-01  
   3.4366300  2.221745e+00  9.659468e-01  2.221947e+00  9.661657e-01  2.095303e+00  8.165112e-01  
   3.4576299  2.211133e+00  1.027678e+00  2.211332e+00  1.027900e+00  2.088002e+00  8.819471e-01  
   3.4776299  2.198096e+00  1.084286e+00  2.198289e+00  1.084511e+00  2.076066e+00  9.420760e-01  
   3.4986300  2.181912e+00  1.141295e+00  2.182098e+00  1.141523e+00  2.058947e+00  1.002152e+00  
   3.5196300  2.163732e+00  1.195800e+00  2.163910e+00  1.196027e+00  2.037928e+00  1.058490e+00  
   3.5406301  2.144050e+00  1.247884e+00  2.144221e+00  1.248113e+00  2.013910e+00  1.110688e+00  
   3.5616300  2.123262e+00  1.297703e+00  2.123423e+00  1.297931e+00  1.987823e+00  1.158559e+00  
   3.5826299  2.101658e+00  1.345441e+00  2.101809e+00  1.345670e+00  1.960569e+00  1.202136e+00  
   3.6026299  2.080500e+00  1.389140e+00  2.080642e+00  1.389369e+00  1.934276e+00  1.239855e+00  
   3.6236300  2.057774e+00  1.433314e+00  2.057905e+00  1.433544e+00  1.906976e+00  1.275854e+00  
   3.6446300  2.034574e+00  1.475835e+00  2.034694e+00  1.476064e+00  1.880516e+00  1.308646e+00  
   3.6656301  2.010919e+00  1.516738e+00  2.011029e+00  1.516967e+00  1.855254e+00  1.338786e+00  
   3.6866300  1.986835e+00  1.556000e+00  1.986933e+00  1.556228e+00  1.831384e+00  1.366831e+00  
   3.7076299  1.962381e+00  1.593548e+00  1.962470e+00  1.593775e+00  1.808947e+00  1.393297e+00  
   3.7276299  1.938859e+00  1.627625e+00  1.938940e+00  1.627851e+00  1.788847e+00  1.417433e+00  
   3.7486300  1.914109e+00  1.661549e+00  1.914182e+00  1.661772e+00  1.768940e+00  1.441968e+00  
   3.7702301  1.888892e+00  1.694394e+00  1.888958e+00  1.694614e+00  1.749577e+00  1.466570e+00  
   3.7902300  1.866098e+00  1.722961e+00  1.866161e+00  1.723177e+00  1.732522e+00  1.488882e+00  
   3.8112299  1.843162e+00  1.751148e+00  1.843222e+00  1.751361e+00  1.715437e+00  1.511865e+00  
   3.8322301  1.821712e+00  1.777707e+00  1.821773e+00  1.777915e+00  1.699196e+00  1.534383e+00  
   3.8532300  1.802236e+00  1.803005e+00  1.802296e+00  1.803210e+00  1.683893e+00  1.556424e+00  
   3.8742299  1.785189e+00  1.827562e+00  1.785253e+00  1.827763e+00  1.669716e+00  1.578012e+00  
   3.8942299  1.771571e+00  1.850865e+00  1.771637e+00  1.851064e+00  1.657501e+00  1.598239e+00  
   3.9152300  1.760279e+00  1.876012e+00  1.760349e+00  1.876211e+00  1.646320e+00  1.619316e+00  
   3.9362299  1.752189e+00  1.902747e+00  1.752264e+00  1.902946e+00  1.637143e+00  1.640540e+00  
   3.9572301  1.747231e+00  1.932059e+00  1.747310e+00  1.932260e+00  1.630266e+00  1.662359e+00  
   3.9782300  1.745111e+00  1.964965e+00  1.745192e+00  1.965170e+00  1.625916e+00  1.685344e+00  
   3.9992299  1.745291e+00  2.002472e+00  1.745373e+00  2.002683e+00  1.624216e+00  1.710183e+00  
   4.0192299  1.746885e+00  2.043327e+00  1.746967e+00  2.043545e+00  1.625041e+00  1.736279e+00  
   4.0402298  1.749076e+00  2.092389e+00  1.749155e+00  2.092615e+00  1.628293e+00  1.767055e+00  
   4.0612302  1.750583e+00  2.148388e+00  1.750656e+00  2.148621e+00  1.633606e+00  1.802155e+00  
   4.0822301  1.750004e+00  2.211718e+00  1.750068e+00  2.211958e+00  1.640374e+00  1.842450e+00  
   4.1032300  1.745812e+00  2.282505e+00  1.745862e+00  2.282750e+00  1.647760e+00  1.888760e+00  
   4.1242299  1.736423e+00  2.360579e+00  1.736457e+00  2.360828e+00  1.654692e+00  1.941799e+00  
   4.1442299  1.721209e+00  2.441272e+00  1.721224e+00  2.441521e+00  1.659683e+00  1.999077e+00  
   4.1652298  1.697213e+00  2.531902e+00  1.697204e+00  2.532148e+00  1.661792e+00  2.066647e+00  
   4.1868300  1.662559e+00  2.630328e+00  1.662522e+00  2.630565e+00  1.658888e+00  2.144144e+00  
   4.2068300  1.620376e+00  2.724935e+00  1.620310e+00  2.725160e+00  1.649950e+00  2.222874e+00  
   4.2278299  1.564754e+00  2.826384e+00  1.564656e+00  2.826592e+00  1.632338e+00  2.312126e+00  
   4.2488298  1.496902e+00  2.928339e+00  1.496770e+00  2.928524e+00  1.604570e+00  2.407080e+00  
   4.2698302  1.416472e+00  3.029009e+00  1.416305e+00  3.029168e+00  1.565043e+00  2.506263e+00  
   4.2908301  1.323413e+00  3.126538e+00  1.323210e+00  3.126668e+00  1.512416e+00  2.607800e+00  
   4.3108301  1.223252e+00  3.214806e+00  1.223014e+00  3.214906e+00  1.449223e+00  2.704665e+00  
   4.3318300  1.106447e+00  3.300877e+00  1.106172e+00  3.300944e+00  1.368645e+00  2.804153e+00  
   4.3528299  9.784486e-01  3.378442e+00  9.781403e-01  3.378473e+00  1.273504e+00  2.898765e+00  
   4.3738298  8.402283e-01  3.445826e+00  8.398873e-01  3.445823e+00  1.164379e+00  2.985818e+00  
   4.3948302  6.929652e-01  3.501478e+00  6.925931e-01  3.501441e+00  1.042430e+00  3.062730e+00  
   4.4158301  5.380486e-01  3.543982e+00  5.376490e-01  3.543911e+00  9.093782e-01  3.127156e+00  
   4.4358301  3.848281e-01  3.571100e+00  3.844057e-01  3.570996e+00  7.743430e-01  3.175104e+00  
   4.4568300  2.196624e-01  3.584530e+00  2.192203e-01  3.584395e+00  6.262883e-01  3.209928e+00  
   4.4778299  5.199201e-02  3.581738e+00  5.153538e-02  3.581570e+00  4.745807e-01  3.227921e+00  
   4.4988298  -1.161213e-01  3.562164e+00  -1.165865e-01  3.561965e+00  3.221360e-01  3.228737e+00  
   4.5198302  -2.824983e-01  3.525557e+00  -2.829653e-01  3.525330e+00  1.718216e-01  3.212624e+00  
   4.5408301  -4.448694e-01  3.472027e+00  -4.453313e-01  3.471774e+00  2.632993e-02  3.180410e+00  
   4.5608301  -5.936995e-01  3.405764e+00  -5.941494e-01  3.405488e+00  -1.055726e-01  3.135965e+00  
   4.5818300  -7.417238e-01  3.321013e+00  -7.421534e-01  3.320715e+00  -2.351616e-01  3.076496e+00  
   4.6034298  -8.829855e-01  3.219007e+00  -8.833864e-01  3.218690e+00  -3.573374e-01  3.003734e+00  
   4.6234298  -1.002087e+00  3.112773e+00  -1.002454e+00  3.112442e+00  -4.594135e-01  2.927927e+00  
   4.6444302  -1.113521e+00  2.991073e+00  -1.113847e+00  2.990732e+00  -5.545778e-01  2.841781e+00  
   4.6654301  -1.209848e+00  2.861344e+00  -1.210127e+00  2.860998e+00  -6.372650e-01  2.751103e+00  
   4.6864300  -1.290354e+00  2.726183e+00  -1.290583e+00  2.725838e+00  -7.076836e-01  2.657972e+00  
   4.7074299  -1.354822e+00  2.588281e+00  -1.354998e+00  2.587941e+00  -7.663494e-01  2.564272e+00  
   4.7274299  -1.401558e+00  2.456816e+00  -1.401682e+00  2.456487e+00  -8.119794e-01  2.476015e+00  
   4.7484298  -1.435938e+00  2.321031e+00  -1.436008e+00  2.320718e+00  -8.500102e-01  2.385704e+00  
   4.7694302  -1.456380e+00  2.189733e+00  -1.456399e+00  2.189438e+00  -8.789110e-01  2.298909e+00  
   4.7904301  -1.464324e+00  2.064788e+00  -1.464295e+00  2.064516e+00  -8.997300e-01  2.216490e+00  
   4.8114300  -1.461427e+00  1.947650e+00  -1.461353e+00  1.947403e+00  -9.135153e-01  2.139054e+00  
   4.8324299  -1.449454e+00  1.839344e+00  -1.449341e+00  1.839125e+00  -9.212787e-01  2.066995e+00  
   4.8524299  -1.431239e+00  1.744968e+00  -1.431093e+00  1.744777e+00  -9.239451e-01  2.003553e+00  
   4.8734298  -1.406595e+00  1.655314e+00  -1.406419e+00  1.655151e+00  -9.226240e-01  1.942426e+00  
   4.8944302  -1.377840e+00  1.575245e+00  -1.377640e+00  1.575110e+00  -9.178641e-01  1.886843e+00  
   4.9154301  -1.346366e+00  1.504423e+00  -1.346146e+00  1.504317e+00  -9.103733e-01  1.836625e+00  
   4.9364300  -1.313356e+00  1.442313e+00  -1.313120e+00  1.442232e+00  -9.007723e-01  1.791518e+00  
   4.9574299  -1.279786e+00  1.388248e+00  -1.279539e+00  1.388193e+00  -8.895971e-01  1.751219e+00  
   4.9774299  -1.248003e+00  1.343564e+00  -1.247748e+00  1.343531e+00  -8.779090e-01  1.717000e+00  
   4.9984298  -1.215399e+00  1.303057e+00  -1.215139e+00  1.303045e+00  -8.649088e-01  1.685100e+00  
