w Re-xx Im-xx Re-yy Im-yy Re-zz Im-zz
# Gaussian absolute broadening  0.15 [eV]
   0.0000000  7.688910e-01  8.855342e-05  7.688941e-01  8.855345e-05  7.246788e-01  7.886816e-05  
   0.0200000  7.689912e-01  9.477318e-05  7.689945e-01  9.477320e-05  7.247679e-01  8.440582e-05  
   0.0410000  7.691103e-01  1.018609e-04  7.691135e-01  1.018610e-04  7.248737e-01  9.071591e-05  
   0.0620000  7.692459e-01  1.095556e-04  7.692491e-01  1.095557e-04  7.249947e-01  9.756591e-05  
   0.0830000  7.693999e-01  1.178912e-04  7.694029e-01  1.178913e-04  7.251317e-01  1.049860e-04  
   0.1040000  7.695744e-01  1.268972e-04  7.695777e-01  1.268973e-04  7.252874e-01  1.130023e-04  
   0.1240000  7.697618e-01  1.361189e-04  7.697649e-01  1.361192e-04  7.254540e-01  1.212099e-04  
   0.1450000  7.699826e-01  1.464939e-04  7.699860e-01  1.464942e-04  7.256511e-01  1.304431e-04  
   0.1660000  7.702311e-01  1.575842e-04  7.702342e-01  1.575846e-04  7.258720e-01  1.403121e-04  
   0.1870000  7.705086e-01  1.693864e-04  7.705117e-01  1.693870e-04  7.261190e-01  1.508135e-04  
   0.2080000  7.708173e-01  1.818860e-04  7.708205e-01  1.818867e-04  7.263940e-01  1.619341e-04  
   0.2290000  7.711591e-01  1.950576e-04  7.711623e-01  1.950586e-04  7.266983e-01  1.736514e-04  
   0.2490000  7.715169e-01  2.081945e-04  7.715201e-01  2.081958e-04  7.270167e-01  1.853363e-04  
   0.2700000  7.719275e-01  2.225684e-04  7.719307e-01  2.225701e-04  7.273824e-01  1.981197e-04  
   0.2910000  7.723750e-01  2.374871e-04  7.723784e-01  2.374894e-04  7.277806e-01  2.113858e-04  
   0.3120000  7.728605e-01  2.528970e-04  7.728639e-01  2.528999e-04  7.282128e-01  2.250863e-04  
   0.3330000  7.733842e-01  2.687428e-04  7.733874e-01  2.687464e-04  7.286790e-01  2.391720e-04  
   0.3540000  7.739462e-01  2.849709e-04  7.739496e-01  2.849753e-04  7.291793e-01  2.535948e-04  
   0.3740000  7.745175e-01  3.007360e-04  7.745208e-01  3.007414e-04  7.296877e-01  2.676034e-04  
   0.3950000  7.751551e-01  3.175718e-04  7.751583e-01  3.175783e-04  7.302550e-01  2.825601e-04  
   0.4160000  7.758309e-01  3.346596e-04  7.758343e-01  3.346672e-04  7.308564e-01  2.977370e-04  
   0.4374300  7.765610e-01  3.523247e-04  7.765644e-01  3.523336e-04  7.315058e-01  3.134227e-04  
   0.4574300  7.772778e-01  3.689959e-04  7.772813e-01  3.690060e-04  7.321433e-01  3.282218e-04  
   0.4784300  7.780678e-01  3.866754e-04  7.780713e-01  3.866869e-04  7.328464e-01  3.439118e-04  
   0.4994300  7.788965e-01  4.045220e-04  7.788998e-01  4.045347e-04  7.335831e-01  3.597451e-04  
   0.5204300  7.797631e-01  4.225287e-04  7.797667e-01  4.225426e-04  7.343538e-01  3.757153e-04  
   0.5414300  7.806684e-01  4.406920e-04  7.806718e-01  4.407072e-04  7.351589e-01  3.918189e-04  
   0.5614300  7.815665e-01  4.581358e-04  7.815702e-01  4.581520e-04  7.359574e-01  4.072792e-04  
   0.5824300  7.825476e-01  4.766062e-04  7.825513e-01  4.766234e-04  7.368294e-01  4.236437e-04  
   0.6034300  7.835677e-01  4.952384e-04  7.835713e-01  4.952564e-04  7.377362e-01  4.401449e-04  
   0.6244300  7.846277e-01  5.140374e-04  7.846313e-01  5.140563e-04  7.386781e-01  4.567874e-04  
   0.6454300  7.857272e-01  5.330087e-04  7.857311e-01  5.330284e-04  7.396551e-01  4.735755e-04  
   0.6664300  7.868667e-01  5.521584e-04  7.868705e-01  5.521792e-04  7.406676e-01  4.905147e-04  
   0.6864300  7.879894e-01  5.705683e-04  7.879933e-01  5.705900e-04  7.416648e-01  5.067920e-04  
   0.7074300  7.892084e-01  5.900860e-04  7.892124e-01  5.901089e-04  7.427475e-01  5.240418e-04  
   0.7284300  7.904685e-01  6.098028e-04  7.904723e-01  6.098271e-04  7.438664e-01  5.414593e-04  
   0.7494300  7.917703e-01  6.297264e-04  7.917743e-01  6.297521e-04  7.450224e-01  5.590513e-04  
   0.7704300  7.931138e-01  6.498641e-04  7.931178e-01  6.498915e-04  7.462150e-01  5.768237e-04  
   0.7914300  7.945002e-01  6.702244e-04  7.945043e-01  6.702538e-04  7.474454e-01  5.947832e-04  
   0.8114300  7.958602e-01  6.898293e-04  7.958641e-01  6.898607e-04  7.486520e-01  6.120680e-04  
   0.8324300  7.973304e-01  7.106483e-04  7.973346e-01  7.106818e-04  7.499565e-01  6.304139e-04  
   0.8540300  7.988890e-01  7.323213e-04  7.988933e-01  7.323572e-04  7.513388e-01  6.495017e-04  
   0.8740300  8.003736e-01  7.526317e-04  8.003777e-01  7.526699e-04  7.526557e-01  6.673799e-04  
   0.8950300  8.019767e-01  7.742192e-04  8.019811e-01  7.742594e-04  7.540770e-01  6.863711e-04  
   0.9160300  8.036252e-01  7.960842e-04  8.036297e-01  7.961264e-04  7.555383e-01  7.055956e-04  
   0.9370300  8.053200e-01  8.182373e-04  8.053244e-01  8.182811e-04  7.570403e-01  7.250615e-04  
   0.9580300  8.070614e-01  8.406893e-04  8.070660e-01  8.407345e-04  7.585832e-01  7.447782e-04  
   0.9780300  8.087645e-01  8.623608e-04  8.087691e-01  8.624070e-04  7.600917e-01  7.637977e-04  
   0.9990300  8.105995e-01  8.854294e-04  8.106042e-01  8.854758e-04  7.617169e-01  7.840307e-04  
   1.0200300  8.124833e-01  9.088308e-04  8.124881e-01  9.088778e-04  7.633846e-01  8.045422e-04  
   1.0410300  8.144171e-01  9.325774e-04  8.144218e-01  9.326241e-04  7.650963e-01  8.253424e-04  
   1.0620300  8.164012e-01  9.566805e-04  8.164061e-01  9.567273e-04  7.668519e-01  8.464414e-04  
   1.0830300  8.184362e-01  9.811533e-04  8.184412e-01  9.811997e-04  7.686522e-01  8.678489e-04  
   1.1030300  8.204224e-01  1.004816e-03  8.204274e-01  1.004862e-03  7.704088e-01  8.885344e-04  
   1.1240300  8.225592e-01  1.030047e-03  8.225642e-01  1.030092e-03  7.722982e-01  9.105754e-04  
   1.1450300  8.247495e-01  1.055687e-03  8.247547e-01  1.055732e-03  7.742341e-01  9.329584e-04  
   1.1660300  8.269942e-01  1.081748e-03  8.269995e-01  1.081793e-03  7.762173e-01  9.556930e-04  
   1.1870300  8.292938e-01  1.108248e-03  8.292994e-01  1.108292e-03  7.782490e-01  9.787922e-04  
   1.2080300  8.316498e-01  1.135199e-03  8.316551e-01  1.135244e-03  7.803294e-01  1.002269e-03  
   1.2280300  8.339459e-01  1.161302e-03  8.339515e-01  1.161348e-03  7.823564e-01  1.024990e-03  
   1.2490300  8.364135e-01  1.189183e-03  8.364192e-01  1.189230e-03  7.845341e-01  1.049242e-03  
   1.2706300  8.390138e-01  1.218386e-03  8.390195e-01  1.218434e-03  7.868280e-01  1.074621e-03  
   1.2906300  8.414776e-01  1.245915e-03  8.414834e-01  1.245965e-03  7.890007e-01  1.098529e-03  
   1.3116300  8.441248e-01  1.275349e-03  8.441309e-01  1.275400e-03  7.913343e-01  1.124069e-03  
   1.3326300  8.468338e-01  1.305341e-03  8.468398e-01  1.305394e-03  7.937214e-01  1.150073e-03  
   1.3536299  8.496065e-01  1.335914e-03  8.496128e-01  1.335968e-03  7.961639e-01  1.176558e-03  
   1.3746300  8.524438e-01  1.367088e-03  8.524502e-01  1.367145e-03  7.986625e-01  1.203542e-03  
   1.3946300  8.552080e-01  1.397359e-03  8.552145e-01  1.397418e-03  8.010956e-01  1.229721e-03  
   1.4156300  8.581761e-01  1.429777e-03  8.581827e-01  1.429837e-03  8.037071e-01  1.257732e-03  
   1.4366300  8.612130e-01  1.462866e-03  8.612201e-01  1.462928e-03  8.063781e-01  1.286298e-03  
   1.4576300  8.643205e-01  1.496653e-03  8.643276e-01  1.496716e-03  8.091100e-01  1.315439e-03  
   1.4786299  8.675004e-01  1.531164e-03  8.675073e-01  1.531228e-03  8.119040e-01  1.345176e-03  
   1.4996300  8.707531e-01  1.566425e-03  8.707604e-01  1.566491e-03  8.147613e-01  1.375531e-03  
   1.5196300  8.739204e-01  1.600731e-03  8.739278e-01  1.600798e-03  8.175420e-01  1.405036e-03  
   1.5406300  8.773212e-01  1.637541e-03  8.773285e-01  1.637610e-03  8.205262e-01  1.436664e-03  
   1.5616300  8.807997e-01  1.675191e-03  8.808076e-01  1.675260e-03  8.235776e-01  1.468981e-03  
   1.5826300  8.843582e-01  1.713710e-03  8.843660e-01  1.713780e-03  8.266975e-01  1.502012e-03  
   1.6036299  8.879986e-01  1.753134e-03  8.880069e-01  1.753206e-03  8.298873e-01  1.535784e-03  
   1.6246300  8.917229e-01  1.793500e-03  8.917312e-01  1.793573e-03  8.331491e-01  1.570326e-03  
   1.6446300  8.953492e-01  1.832852e-03  8.953575e-01  1.832927e-03  8.363230e-01  1.603965e-03  
   1.6656300  8.992414e-01  1.875166e-03  8.992498e-01  1.875243e-03  8.397285e-01  1.640098e-03  
   1.6872300  9.033400e-01  1.919794e-03  9.033486e-01  1.919874e-03  8.433120e-01  1.678166e-03  
   1.7072300  9.072209e-01  1.962160e-03  9.072298e-01  1.962243e-03  8.467039e-01  1.714262e-03  
   1.7282300  9.113883e-01  2.007768e-03  9.113976e-01  2.007856e-03  8.503438e-01  1.753078e-03  
   1.7492300  9.156526e-01  2.054581e-03  9.156620e-01  2.054671e-03  8.540661e-01  1.792871e-03  
   1.7702301  9.200166e-01  2.102650e-03  9.200259e-01  2.102744e-03  8.578730e-01  1.833683e-03  
   1.7912300  9.244831e-01  2.152035e-03  9.244927e-01  2.152133e-03  8.617669e-01  1.875559e-03  
   1.8112299  9.288348e-01  2.200348e-03  9.288447e-01  2.200451e-03  8.655580e-01  1.916475e-03  
   1.8322300  9.335091e-01  2.252482e-03  9.335189e-01  2.252590e-03  8.696280e-01  1.960568e-03  
   1.8532300  9.382943e-01  2.306127e-03  9.383050e-01  2.306240e-03  8.737921e-01  2.005876e-03  
   1.8742300  9.431946e-01  2.361360e-03  9.432054e-01  2.361478e-03  8.780531e-01  2.052456e-03  
   1.8952301  9.482126e-01  2.418260e-03  9.482234e-01  2.418384e-03  8.824134e-01  2.100368e-03  
   1.9162300  9.533520e-01  2.476915e-03  9.533632e-01  2.477045e-03  8.868755e-01  2.149676e-03  
   1.9362299  9.583619e-01  2.534496e-03  9.583734e-01  2.534632e-03  8.912225e-01  2.198000e-03  
   1.9572300  9.637482e-01  2.596863e-03  9.637599e-01  2.597005e-03  8.958920e-01  2.250245e-03  
   1.9782300  9.692672e-01  2.661294e-03  9.692792e-01  2.661442e-03  9.006732e-01  2.304114e-03  
   1.9992300  9.749221e-01  2.727915e-03  9.749344e-01  2.728068e-03  9.055678e-01  2.359696e-03  
   2.0202301  9.807182e-01  2.796861e-03  9.807308e-01  2.797022e-03  9.105812e-01  2.417093e-03  
   2.0412300  9.866591e-01  2.868285e-03  9.866723e-01  2.868454e-03  9.157149e-01  2.476413e-03  
   2.0612299  9.924569e-01  2.938766e-03  9.924703e-01  2.938941e-03  9.207205e-01  2.534812e-03  
   2.0822301  9.986962e-01  3.015532e-03  9.987102e-01  3.015714e-03  9.261029e-01  2.598259e-03  
   2.1038301  1.005281e+00  3.097655e-03  1.005296e+00  3.097845e-03  9.317787e-01  2.665956e-03  
   2.1238301  1.011535e+00  3.176771e-03  1.011550e+00  3.176969e-03  9.371635e-01  2.731001e-03  
   2.1448300  1.018271e+00  3.263270e-03  1.018286e+00  3.263477e-03  9.429571e-01  2.801930e-03  
   2.1658299  1.025185e+00  3.353558e-03  1.025200e+00  3.353774e-03  9.488982e-01  2.875766e-03  
   2.1868300  1.032284e+00  3.447947e-03  1.032300e+00  3.448174e-03  9.549928e-01  2.952753e-03  
   2.2078300  1.039577e+00  3.546778e-03  1.039593e+00  3.547017e-03  9.612460e-01  3.033151e-03  
   2.2278299  1.046708e+00  3.645376e-03  1.046725e+00  3.645626e-03  9.673551e-01  3.113164e-03  
   2.2488301  1.054399e+00  3.753999e-03  1.054417e+00  3.754265e-03  9.739363e-01  3.201104e-03  
   2.2698300  1.062307e+00  3.868282e-03  1.062325e+00  3.868562e-03  9.806941e-01  3.293414e-03  
   2.2908299  1.070440e+00  3.988719e-03  1.070458e+00  3.989019e-03  9.876372e-01  3.390485e-03  
   2.3118300  1.078808e+00  4.115846e-03  1.078827e+00  4.116162e-03  9.947718e-01  3.492748e-03  
   2.3328300  1.087422e+00  4.250239e-03  1.087441e+00  4.250577e-03  1.002106e+00  3.600667e-03  
   2.3528299  1.095863e+00  4.385570e-03  1.095883e+00  4.385928e-03  1.009284e+00  3.709173e-03  
   2.3738301  1.104987e+00  4.536026e-03  1.105008e+00  4.536409e-03  1.017032e+00  3.829654e-03  
   2.3948300  1.114389e+00  4.695779e-03  1.114411e+00  4.696189e-03  1.025005e+00  3.957446e-03  
   2.4158299  1.124084e+00  4.865644e-03  1.124106e+00  4.866082e-03  1.033214e+00  4.093220e-03  
   2.4368300  1.134085e+00  5.046512e-03  1.134107e+00  5.046983e-03  1.041669e+00  4.237725e-03  
   2.4578300  1.144407e+00  5.239369e-03  1.144431e+00  5.239872e-03  1.050381e+00  4.391783e-03  
   2.4778299  1.154551e+00  5.435185e-03  1.154576e+00  5.435723e-03  1.058929e+00  4.548220e-03  
   2.4988301  1.165550e+00  5.654725e-03  1.165575e+00  5.655302e-03  1.068181e+00  4.723685e-03  
   2.5204301  1.177254e+00  5.896869e-03  1.177281e+00  5.897491e-03  1.078008e+00  4.917341e-03  
   2.5404301  1.188465e+00  6.137331e-03  1.188493e+00  6.137997e-03  1.087402e+00  5.109807e-03  
   2.5614300  1.200646e+00  6.408437e-03  1.200674e+00  6.409155e-03  1.097588e+00  5.327000e-03  
   2.5824299  1.213271e+00  6.700769e-03  1.213301e+00  6.701544e-03  1.108122e+00  5.561403e-03  
   2.6034300  1.226372e+00  7.016971e-03  1.226402e+00  7.017807e-03  1.119026e+00  5.815115e-03  
   2.6244299  1.239976e+00  7.360260e-03  1.240008e+00  7.361159e-03  1.130320e+00  6.090614e-03  
   2.6444299  1.253436e+00  7.716084e-03  1.253469e+00  7.717059e-03  1.141464e+00  6.376002e-03  
   2.6654301  1.268133e+00  8.124981e-03  1.268167e+00  8.126037e-03  1.153597e+00  6.703370e-03  
   2.6864300  1.283452e+00  8.576578e-03  1.283488e+00  8.577725e-03  1.166202e+00  7.063628e-03  
   2.7074299  1.299443e+00  9.079712e-03  1.299482e+00  9.080964e-03  1.179312e+00  7.462590e-03  
   2.7284300  1.316163e+00  9.646237e-03  1.316202e+00  9.647612e-03  1.192965e+00  7.907681e-03  
   2.7494299  1.333674e+00  1.029216e-02  1.333715e+00  1.029368e-02  1.207203e+00  8.408500e-03  
   2.7694299  1.351152e+00  1.100101e-02  1.351195e+00  1.100270e-02  1.221347e+00  8.948675e-03  
   2.7904301  1.370423e+00  1.187193e-02  1.370469e+00  1.187383e-02  1.236864e+00  9.597745e-03  
   2.8114300  1.390725e+00  1.291161e-02  1.390773e+00  1.291380e-02  1.253117e+00  1.035134e-02  
   2.8324299  1.412160e+00  1.417333e-02  1.412211e+00  1.417590e-02  1.270171e+00  1.123665e-02  
   2.8534300  1.434839e+00  1.572808e-02  1.434892e+00  1.573115e-02  1.288096e+00  1.228884e-02  
   2.8744299  1.458882e+00  1.766920e-02  1.458939e+00  1.767294e-02  1.306970e+00  1.355312e-02  
   2.8944299  1.483167e+00  1.998755e-02  1.483227e+00  1.999215e-02  1.325904e+00  1.500707e-02  
   2.9154301  1.510247e+00  2.306240e-02  1.510311e+00  2.306818e-02  1.346880e+00  1.686607e-02  
   2.9370301  1.539926e+00  2.710865e-02  1.539993e+00  2.711607e-02  1.369726e+00  1.922818e-02  
   2.9570301  1.569165e+00  3.187396e-02  1.569236e+00  3.188337e-02  1.392119e+00  2.192867e-02  
   2.9780300  1.601781e+00  3.820467e-02  1.601858e+00  3.821675e-02  1.417013e+00  2.543112e-02  
   2.9990301  1.636425e+00  4.621886e-02  1.636506e+00  4.623438e-02  1.443418e+00  2.978453e-02  
   3.0200300  1.673113e+00  5.629098e-02  1.673198e+00  5.631083e-02  1.471420e+00  3.519324e-02  
   3.0410299  1.711801e+00  6.883585e-02  1.711891e+00  6.886104e-02  1.501090e+00  4.189958e-02  
   3.0610299  1.750395e+00  8.348829e-02  1.750489e+00  8.351962e-02  1.530940e+00  4.975061e-02  
   3.0820301  1.792550e+00  1.021526e-01  1.792647e+00  1.021916e-01  1.563961e+00  5.983965e-02  
   3.1030300  1.836063e+00  1.246179e-01  1.836164e+00  1.246659e-01  1.598660e+00  7.217059e-02  
   3.1240301  1.880518e+00  1.513019e-01  1.880621e+00  1.513601e-01  1.634935e+00  8.713130e-02  
   3.1450300  1.925380e+00  1.825591e-01  1.925485e+00  1.826288e-01  1.672604e+00  1.051287e-01  
   3.1660299  1.970025e+00  2.186545e-01  1.970131e+00  2.187368e-01  1.711398e+00  1.265745e-01  
   3.1860299  2.011695e+00  2.576640e-01  2.011799e+00  2.577591e-01  1.749056e+00  1.505671e-01  
   3.2070301  2.053826e+00  3.034952e-01  2.053928e+00  3.036044e-01  1.788895e+00  1.798479e-01  
   3.2280300  2.093528e+00  3.541681e-01  2.093626e+00  3.542918e-01  1.828485e+00  2.135998e-01  
   3.2490301  2.130039e+00  4.093711e-01  2.130132e+00  4.095092e-01  1.867172e+00  2.520159e-01  
   3.2700300  2.162661e+00  4.686303e-01  2.162746e+00  4.687825e-01  1.904233e+00  2.951623e-01  
   3.2910299  2.190794e+00  5.313312e-01  2.190873e+00  5.314968e-01  1.938896e+00  3.429567e-01  
   3.3110299  2.212994e+00  5.935797e-01  2.213065e+00  5.937570e-01  1.968969e+00  3.925693e-01  
   3.3320301  2.231194e+00  6.608286e-01  2.231254e+00  6.610171e-01  1.996740e+00  4.485568e-01  
   3.3536301  2.244328e+00  7.311497e-01  2.244377e+00  7.313483e-01  2.020539e+00  5.096891e-01  
   3.3736300  2.251492e+00  7.965325e-01  2.251530e+00  7.967395e-01  2.037740e+00  5.687968e-01  
   3.3946300  2.254064e+00  8.647258e-01  2.254092e+00  8.649402e-01  2.050407e+00  6.325989e-01  
   3.4156301  2.251929e+00  9.317967e-01  2.251945e+00  9.320177e-01  2.057333e+00  6.972308e-01  
   3.4366300  2.245564e+00  9.972069e-01  2.245568e+00  9.974340e-01  2.058508e+00  7.616809e-01  
   3.4576299  2.235512e+00  1.060564e+00  2.235503e+00  1.060797e+00  2.054135e+00  8.249528e-01  
   3.4776299  2.223028e+00  1.118770e+00  2.223007e+00  1.119009e+00  2.045187e+00  8.832659e-01  
   3.4986300  2.207383e+00  1.177540e+00  2.207350e+00  1.177784e+00  2.031333e+00  9.416717e-01  
   3.5196300  2.189621e+00  1.233909e+00  2.189574e+00  1.234159e+00  2.013644e+00  9.965484e-01  
   3.5406301  2.170145e+00  1.287969e+00  2.170084e+00  1.288224e+00  1.992957e+00  1.047449e+00  
   3.5616300  2.149262e+00  1.339859e+00  2.149188e+00  1.340119e+00  1.970162e+00  1.094146e+00  
   3.5826299  2.127186e+00  1.389740e+00  2.127095e+00  1.390006e+00  1.946133e+00  1.136635e+00  
   3.6026299  2.105162e+00  1.435510e+00  2.105056e+00  1.435781e+00  1.922845e+00  1.173378e+00  
   3.6236300  2.081046e+00  1.481850e+00  2.080925e+00  1.482124e+00  1.898641e+00  1.208417e+00  
   3.6446300  2.055939e+00  1.526481e+00  2.055802e+00  1.526757e+00  1.875233e+00  1.240336e+00  
   3.6656301  2.029859e+00  1.569398e+00  2.029708e+00  1.569672e+00  1.852999e+00  1.269739e+00  
   3.6866300  2.002850e+00  1.610541e+00  2.002685e+00  1.610812e+00  1.832138e+00  1.297245e+00  
   3.7076299  1.975010e+00  1.649813e+00  1.974834e+00  1.650077e+00  1.812691e+00  1.323450e+00  
   3.7276299  1.947881e+00  1.685366e+00  1.947697e+00  1.685621e+00  1.795395e+00  1.347664e+00  
   3.7486300  1.918998e+00  1.720650e+00  1.918808e+00  1.720893e+00  1.778344e+00  1.372689e+00  
   3.7702301  1.889227e+00  1.754680e+00  1.889036e+00  1.754909e+00  1.761756e+00  1.398268e+00  
   3.7902300  1.862008e+00  1.784133e+00  1.861819e+00  1.784347e+00  1.747051e+00  1.421919e+00  
   3.8112299  1.834272e+00  1.813013e+00  1.834088e+00  1.813209e+00  1.732130e+00  1.446717e+00  
   3.8322301  1.807930e+00  1.839989e+00  1.807756e+00  1.840169e+00  1.717674e+00  1.471388e+00  
   3.8532300  1.783534e+00  1.865389e+00  1.783373e+00  1.865553e+00  1.703729e+00  1.495795e+00  
   3.8742299  1.761607e+00  1.889683e+00  1.761463e+00  1.889834e+00  1.690467e+00  1.519807e+00  
   3.8942299  1.743437e+00  1.912351e+00  1.743310e+00  1.912494e+00  1.678730e+00  1.542237e+00  
   3.9152300  1.727533e+00  1.936380e+00  1.727427e+00  1.936517e+00  1.667693e+00  1.565351e+00  
   3.9362299  1.715072e+00  1.961490e+00  1.714988e+00  1.961625e+00  1.658387e+00  1.588174e+00  
   3.9572301  1.706055e+00  1.988639e+00  1.705994e+00  1.988777e+00  1.651224e+00  1.611025e+00  
   3.9782300  1.700261e+00  2.018830e+00  1.700222e+00  2.018976e+00  1.646565e+00  1.634392e+00  
   3.9992299  1.697222e+00  2.053074e+00  1.697203e+00  2.053233e+00  1.644667e+00  1.658925e+00  
   4.0192299  1.696234e+00  2.090339e+00  1.696231e+00  2.090514e+00  1.645518e+00  1.684099e+00  
   4.0402298  1.696274e+00  2.135171e+00  1.696286e+00  2.135368e+00  1.649115e+00  1.713290e+00  
   4.0612302  1.696254e+00  2.186531e+00  1.696275e+00  2.186754e+00  1.655167e+00  1.746251e+00  
   4.0822301  1.694802e+00  2.244899e+00  1.694828e+00  2.245149e+00  1.663103e+00  1.783946e+00  
   4.1032300  1.690407e+00  2.310488e+00  1.690432e+00  2.310767e+00  1.672092e+00  1.827289e+00  
   4.1242299  1.681485e+00  2.383229e+00  1.681504e+00  2.383535e+00  1.681042e+00  1.877084e+00  
   4.1442299  1.667315e+00  2.458798e+00  1.667322e+00  2.459132e+00  1.688314e+00  1.931077e+00  
   4.1652298  1.645003e+00  2.544092e+00  1.644993e+00  2.544452e+00  1.693163e+00  1.995042e+00  
   4.1868300  1.612642e+00  2.637161e+00  1.612608e+00  2.637547e+00  1.693419e+00  2.068708e+00  
   4.2068300  1.573011e+00  2.726997e+00  1.572950e+00  2.727400e+00  1.687706e+00  2.143815e+00  
   4.2278299  1.520414e+00  2.823690e+00  1.520321e+00  2.824109e+00  1.673799e+00  2.229223e+00  
   4.2488298  1.455830e+00  2.921195e+00  1.455701e+00  2.921625e+00  1.650080e+00  2.320354e+00  
   4.2698302  1.378792e+00  3.017756e+00  1.378623e+00  3.018192e+00  1.614975e+00  2.415830e+00  
   4.2908301  1.289128e+00  3.111535e+00  1.288918e+00  3.111971e+00  1.567170e+00  2.513897e+00  
   4.3108301  1.192099e+00  3.196570e+00  1.191847e+00  3.197001e+00  1.508952e+00  2.607831e+00  
   4.3318300  1.078377e+00  3.279593e+00  1.078081e+00  3.280015e+00  1.433987e+00  2.704818e+00  
   4.3528299  9.531740e-01  3.354443e+00  9.528334e-01  3.354849e+00  1.344809e+00  2.797725e+00  
   4.3738298  8.174025e-01  3.419416e+00  8.170180e-01  3.419803e+00  1.241909e+00  2.884078e+00  
   4.3948302  6.722143e-01  3.472922e+00  6.717872e-01  3.473283e+00  1.126318e+00  2.961492e+00  
   4.4158301  5.190017e-01  3.513505e+00  5.185342e-01  3.513837e+00  9.995950e-01  3.027777e+00  
   4.4358301  3.670870e-01  3.538970e+00  3.665836e-01  3.539272e+00  8.703893e-01  3.078859e+00  
   4.4568300  2.030137e-01  3.550824e+00  2.024762e-01  3.551088e+00  7.280544e-01  3.118447e+00  
   4.4778299  3.622399e-02  3.546603e+00  3.565659e-02  3.546827e+00  5.814593e-01  3.142691e+00  
   4.4988298  -1.311331e-01  3.525744e+00  -1.317252e-01  3.525925e+00  4.333334e-01  3.151148e+00  
   4.5198302  -2.967877e-01  3.488013e+00  -2.973987e-01  3.488148e+00  2.863828e-01  3.143906e+00  
   4.5408301  -4.583847e-01  3.433545e+00  -4.590083e-01  3.433633e+00  1.431707e-01  3.121568e+00  
   4.5608301  -6.063633e-01  3.366598e+00  -6.069922e-01  3.366639e+00  1.234909e-02  3.087217e+00  
   4.5818300  -7.533228e-01  3.281387e+00  -7.539504e-01  3.281379e+00  -1.172978e-01  3.038773e+00  
   4.6034298  -8.932787e-01  3.179226e+00  -8.938974e-01  3.179165e+00  -2.408158e-01  2.977466e+00  
   4.6234298  -1.010979e+00  3.073165e+00  -1.011582e+00  3.073058e+00  -3.452647e-01  2.912062e+00  
   4.6444302  -1.120769e+00  2.951990e+00  -1.121349e+00  2.951835e+00  -4.440219e-01  2.836314e+00  
   4.6654301  -1.215320e+00  2.823132e+00  -1.215870e+00  2.822931e+00  -5.313268e-01  2.755205e+00  
   4.6864300  -1.293988e+00  2.689163e+00  -1.294501e+00  2.688919e+00  -6.072527e-01  2.670554e+00  
   4.7074299  -1.356629e+00  2.552724e+00  -1.357100e+00  2.552439e+00  -6.721545e-01  2.584043e+00  
   4.7274299  -1.401708e+00  2.422845e+00  -1.402136e+00  2.422527e+00  -7.242367e-01  2.501291e+00  
   4.7484298  -1.434505e+00  2.288850e+00  -1.434883e+00  2.288499e+00  -7.693981e-01  2.415272e+00  
   4.7694302  -1.453585e+00  2.159382e+00  -1.453910e+00  2.159005e+00  -8.056036e-01  2.331223e+00  
   4.7904301  -1.460431e+00  2.036225e+00  -1.460701e+00  2.035826e+00  -8.337131e-01  2.250036e+00  
   4.8114300  -1.456724e+00  1.920751e+00  -1.456939e+00  1.920334e+00  -8.546006e-01  2.172411e+00  
   4.8324299  -1.444234e+00  1.813918e+00  -1.444393e+00  1.813487e+00  -8.691254e-01  2.098864e+00  
   4.8524299  -1.425785e+00  1.720718e+00  -1.425892e+00  1.720279e+00  -8.777984e-01  2.032943e+00  
   4.8734298  -1.401141e+00  1.632025e+00  -1.401194e+00  1.631582e+00  -8.822358e-01  1.968264e+00  
   4.8944302  -1.372601e+00  1.552621e+00  -1.372602e+00  1.552178e+00  -8.826050e-01  1.908329e+00  
   4.9154301  -1.341510e+00  1.482165e+00  -1.341461e+00  1.481725e+00  -8.795738e-01  1.853131e+00  
   4.9364300  -1.309007e+00  1.420128e+00  -1.308910e+00  1.419694e+00  -8.737490e-01  1.802576e+00  
   4.9574299  -1.276021e+00  1.365867e+00  -1.275878e+00  1.365442e+00  -8.656741e-01  1.756501e+00  
   4.9774299  -1.244829e+00  1.320768e+00  -1.244646e+00  1.320354e+00  -8.563334e-01  1.716588e+00  
   4.9984298  -1.212846e+00  1.279618e+00  -1.212622e+00  1.279217e+00  -8.451985e-01  1.678603e+00  
