w Re-xx Im-xx Re-yy Im-yy Re-zz Im-zz
# Gaussian absolute broadening  0.15 [eV]
   0.0000000  7.692642e-01  8.864852e-05  7.692649e-01  8.864852e-05  7.245753e-01  7.873472e-05  
   0.0200000  7.693645e-01  9.487622e-05  7.693651e-01  9.487622e-05  7.246644e-01  8.426581e-05  
   0.0410000  7.694836e-01  1.019730e-04  7.694842e-01  1.019730e-04  7.247702e-01  9.056833e-05  
   0.0620000  7.696193e-01  1.096774e-04  7.696199e-01  1.096774e-04  7.248907e-01  9.740991e-05  
   0.0830000  7.697736e-01  1.180236e-04  7.697743e-01  1.180236e-04  7.250276e-01  1.048207e-04  
   0.1040000  7.699484e-01  1.270409e-04  7.699490e-01  1.270409e-04  7.251831e-01  1.128267e-04  
   0.1240000  7.701361e-01  1.362743e-04  7.701367e-01  1.362743e-04  7.253497e-01  1.210236e-04  
   0.1450000  7.703573e-01  1.466622e-04  7.703580e-01  1.466622e-04  7.255464e-01  1.302445e-04  
   0.1660000  7.706057e-01  1.577665e-04  7.706065e-01  1.577665e-04  7.257670e-01  1.401001e-04  
   0.1870000  7.708834e-01  1.695835e-04  7.708843e-01  1.695835e-04  7.260134e-01  1.505868e-04  
   0.2080000  7.711926e-01  1.820988e-04  7.711934e-01  1.820988e-04  7.262881e-01  1.616918e-04  
   0.2290000  7.715347e-01  1.952869e-04  7.715356e-01  1.952869e-04  7.265919e-01  1.733920e-04  
   0.2490000  7.718930e-01  2.084403e-04  7.718937e-01  2.084403e-04  7.269098e-01  1.850598e-04  
   0.2700000  7.723044e-01  2.228324e-04  7.723052e-01  2.228324e-04  7.272750e-01  1.978240e-04  
   0.2910000  7.727522e-01  2.377700e-04  7.727531e-01  2.377700e-04  7.276728e-01  2.110700e-04  
   0.3120000  7.732384e-01  2.531996e-04  7.732394e-01  2.531996e-04  7.281042e-01  2.247495e-04  
   0.3330000  7.737627e-01  2.690656e-04  7.737634e-01  2.690656e-04  7.285695e-01  2.388132e-04  
   0.3540000  7.743258e-01  2.853146e-04  7.743266e-01  2.853147e-04  7.290689e-01  2.532133e-04  
   0.3740000  7.748976e-01  3.011002e-04  7.748985e-01  3.011003e-04  7.295765e-01  2.671996e-04  
   0.3950000  7.755357e-01  3.179579e-04  7.755367e-01  3.179581e-04  7.301432e-01  2.821324e-04  
   0.4160000  7.762126e-01  3.350682e-04  7.762136e-01  3.350685e-04  7.307433e-01  2.972849e-04  
   0.4374300  7.769434e-01  3.527568e-04  7.769444e-01  3.527571e-04  7.313918e-01  3.129453e-04  
   0.4574300  7.776611e-01  3.694503e-04  7.776622e-01  3.694507e-04  7.320287e-01  3.277203e-04  
   0.4784300  7.784523e-01  3.871535e-04  7.784533e-01  3.871542e-04  7.327304e-01  3.433846e-04  
   0.4994300  7.792819e-01  4.050244e-04  7.792829e-01  4.050253e-04  7.334659e-01  3.591919e-04  
   0.5204300  7.801496e-01  4.230557e-04  7.801508e-01  4.230570e-04  7.342355e-01  3.751357e-04  
   0.5414300  7.810560e-01  4.412442e-04  7.810571e-01  4.412458e-04  7.350393e-01  3.912127e-04  
   0.5614300  7.819555e-01  4.587122e-04  7.819567e-01  4.587142e-04  7.358365e-01  4.066472e-04  
   0.5824300  7.829376e-01  4.772088e-04  7.829393e-01  4.772114e-04  7.367074e-01  4.229842e-04  
   0.6034300  7.839592e-01  4.958675e-04  7.839606e-01  4.958706e-04  7.376127e-01  4.394576e-04  
   0.6244300  7.850201e-01  5.146934e-04  7.850218e-01  5.146973e-04  7.385530e-01  4.560717e-04  
   0.6454300  7.861212e-01  5.336925e-04  7.861226e-01  5.336970e-04  7.395285e-01  4.728313e-04  
   0.6664300  7.872624e-01  5.528705e-04  7.872639e-01  5.528761e-04  7.405394e-01  4.897413e-04  
   0.6864300  7.883865e-01  5.713079e-04  7.883881e-01  5.713144e-04  7.415354e-01  5.059907e-04  
   0.7074300  7.896069e-01  5.908554e-04  7.896087e-01  5.908630e-04  7.426161e-01  5.232103e-04  
   0.7284300  7.908688e-01  6.106026e-04  7.908704e-01  6.106111e-04  7.437330e-01  5.405974e-04  
   0.7494300  7.921722e-01  6.305573e-04  7.921739e-01  6.305670e-04  7.448872e-01  5.581584e-04  
   0.7704300  7.935178e-01  6.507267e-04  7.935195e-01  6.507377e-04  7.460780e-01  5.758994e-04  
   0.7914300  7.949058e-01  6.711195e-04  7.949076e-01  6.711317e-04  7.473065e-01  5.938269e-04  
   0.8114300  7.962673e-01  6.907561e-04  7.962691e-01  6.907694e-04  7.485110e-01  6.110806e-04  
   0.8324300  7.977396e-01  7.116090e-04  7.977415e-01  7.116236e-04  7.498134e-01  6.293933e-04  
   0.8540300  7.993003e-01  7.333179e-04  7.993025e-01  7.333338e-04  7.511935e-01  6.484467e-04  
   0.8740300  8.007869e-01  7.536625e-04  8.007892e-01  7.536795e-04  7.525080e-01  6.662920e-04  
   0.8950300  8.023924e-01  7.752862e-04  8.023944e-01  7.753046e-04  7.539271e-01  6.852483e-04  
   0.9160300  8.040433e-01  7.971880e-04  8.040453e-01  7.972078e-04  7.553860e-01  7.044373e-04  
   0.9370300  8.057403e-01  8.193791e-04  8.057426e-01  8.194001e-04  7.568856e-01  7.238671e-04  
   0.9580300  8.074842e-01  8.418696e-04  8.074865e-01  8.418922e-04  7.584258e-01  7.435468e-04  
   0.9780300  8.091895e-01  8.635786e-04  8.091919e-01  8.636026e-04  7.599317e-01  7.625306e-04  
   0.9990300  8.110271e-01  8.866874e-04  8.110297e-01  8.867131e-04  7.615545e-01  7.827255e-04  
   1.0200300  8.129135e-01  9.101299e-04  8.129163e-01  9.101573e-04  7.632192e-01  8.031981e-04  
   1.0410300  8.148499e-01  9.339183e-04  8.148527e-01  9.339471e-04  7.649279e-01  8.239587e-04  
   1.0620300  8.168370e-01  9.580650e-04  8.168397e-01  9.580957e-04  7.666808e-01  8.450170e-04  
   1.0830300  8.188750e-01  9.825823e-04  8.188778e-01  9.826149e-04  7.684779e-01  8.663831e-04  
   1.1030300  8.208640e-01  1.006288e-03  8.208668e-01  1.006323e-03  7.702313e-01  8.870278e-04  
   1.1240300  8.230040e-01  1.031566e-03  8.230071e-01  1.031603e-03  7.721176e-01  9.090259e-04  
   1.1450300  8.251974e-01  1.057254e-03  8.252006e-01  1.057293e-03  7.740504e-01  9.313637e-04  
   1.1660300  8.274455e-01  1.083366e-03  8.274487e-01  1.083408e-03  7.760301e-01  9.540530e-04  
   1.1870300  8.297487e-01  1.109916e-03  8.297519e-01  1.109961e-03  7.780582e-01  9.771053e-04  
   1.2080300  8.321079e-01  1.136921e-03  8.321115e-01  1.136969e-03  7.801349e-01  1.000533e-03  
   1.2280300  8.344077e-01  1.163077e-03  8.344114e-01  1.163128e-03  7.821583e-01  1.023207e-03  
   1.2490300  8.368791e-01  1.191015e-03  8.368831e-01  1.191069e-03  7.843320e-01  1.047406e-03  
   1.2706300  8.394836e-01  1.220279e-03  8.394873e-01  1.220336e-03  7.866219e-01  1.072731e-03  
   1.2906300  8.419510e-01  1.247867e-03  8.419550e-01  1.247928e-03  7.887908e-01  1.096586e-03  
   1.3116300  8.446022e-01  1.277364e-03  8.446065e-01  1.277428e-03  7.911202e-01  1.122069e-03  
   1.3326300  8.473155e-01  1.307423e-03  8.473198e-01  1.307490e-03  7.935032e-01  1.148015e-03  
   1.3536299  8.500929e-01  1.338065e-03  8.500971e-01  1.338135e-03  7.959411e-01  1.174440e-03  
   1.3746300  8.529348e-01  1.369311e-03  8.529393e-01  1.369385e-03  7.984350e-01  1.201361e-03  
   1.3946300  8.557036e-01  1.399654e-03  8.557082e-01  1.399731e-03  8.008639e-01  1.227479e-03  
   1.4156300  8.586766e-01  1.432150e-03  8.586814e-01  1.432229e-03  8.034704e-01  1.255425e-03  
   1.4366300  8.617187e-01  1.465319e-03  8.617236e-01  1.465402e-03  8.061365e-01  1.283923e-03  
   1.4576300  8.648316e-01  1.499191e-03  8.648369e-01  1.499276e-03  8.088635e-01  1.312994e-03  
   1.4786299  8.680165e-01  1.533790e-03  8.680218e-01  1.533878e-03  8.116519e-01  1.342661e-03  
   1.4996300  8.712750e-01  1.569144e-03  8.712805e-01  1.569234e-03  8.145041e-01  1.372942e-03  
   1.5196300  8.744479e-01  1.603541e-03  8.744535e-01  1.603633e-03  8.172794e-01  1.402376e-03  
   1.5406300  8.778547e-01  1.640451e-03  8.778604e-01  1.640546e-03  8.202579e-01  1.433928e-03  
   1.5616300  8.813394e-01  1.678205e-03  8.813455e-01  1.678302e-03  8.233036e-01  1.466165e-03  
   1.5826300  8.849046e-01  1.716835e-03  8.849107e-01  1.716933e-03  8.264171e-01  1.499115e-03  
   1.6036299  8.885517e-01  1.756376e-03  8.885582e-01  1.756475e-03  8.296009e-01  1.532803e-03  
   1.6246300  8.922830e-01  1.796863e-03  8.922895e-01  1.796964e-03  8.328561e-01  1.567258e-03  
   1.6446300  8.959158e-01  1.836338e-03  8.959225e-01  1.836440e-03  8.360239e-01  1.600813e-03  
   1.6656300  8.998160e-01  1.878788e-03  8.998229e-01  1.878891e-03  8.394228e-01  1.636855e-03  
   1.6872300  9.039220e-01  1.923566e-03  9.039292e-01  1.923671e-03  8.429990e-01  1.674826e-03  
   1.7072300  9.078108e-01  1.966078e-03  9.078183e-01  1.966185e-03  8.463842e-01  1.710831e-03  
   1.7282300  9.119868e-01  2.011853e-03  9.119945e-01  2.011962e-03  8.500170e-01  1.749548e-03  
   1.7492300  9.162598e-01  2.058843e-03  9.162676e-01  2.058955e-03  8.537314e-01  1.789241e-03  
   1.7702301  9.206326e-01  2.107105e-03  9.206407e-01  2.107221e-03  8.575306e-01  1.829952e-03  
   1.7912300  9.251080e-01  2.156701e-03  9.251164e-01  2.156820e-03  8.614164e-01  1.871725e-03  
   1.8112299  9.294690e-01  2.205232e-03  9.294776e-01  2.205355e-03  8.651997e-01  1.912544e-03  
   1.8322300  9.341534e-01  2.257619e-03  9.341621e-01  2.257745e-03  8.692614e-01  1.956538e-03  
   1.8532300  9.389497e-01  2.311541e-03  9.389589e-01  2.311671e-03  8.734168e-01  2.001749e-03  
   1.8742300  9.438610e-01  2.367077e-03  9.438700e-01  2.367212e-03  8.776689e-01  2.048237e-03  
   1.8952301  9.488906e-01  2.424310e-03  9.489001e-01  2.424450e-03  8.820199e-01  2.096063e-03  
   1.9162300  9.540416e-01  2.483330e-03  9.540520e-01  2.483476e-03  8.864723e-01  2.145296e-03  
   1.9362299  9.590634e-01  2.541288e-03  9.590741e-01  2.541440e-03  8.908100e-01  2.193559e-03  
   1.9572300  9.644624e-01  2.604078e-03  9.644733e-01  2.604236e-03  8.954695e-01  2.245755e-03  
   1.9782300  9.699946e-01  2.668962e-03  9.700058e-01  2.669125e-03  9.002403e-01  2.299590e-03  
   1.9992300  9.756634e-01  2.736059e-03  9.756748e-01  2.736229e-03  9.051242e-01  2.355157e-03  
   2.0202301  9.814742e-01  2.805504e-03  9.814858e-01  2.805680e-03  9.101261e-01  2.412559e-03  
   2.0412300  9.874307e-01  2.877438e-03  9.874427e-01  2.877622e-03  9.152488e-01  2.471904e-03  
   2.0612299  9.932433e-01  2.948412e-03  9.932564e-01  2.948603e-03  9.202434e-01  2.530345e-03  
   2.0822301  9.994994e-01  3.025692e-03  9.995123e-01  3.025892e-03  9.256135e-01  2.593858e-03  
   2.1038301  1.006103e+00  3.108339e-03  1.006116e+00  3.108547e-03  9.312760e-01  2.661640e-03  
   2.1238301  1.012374e+00  3.187924e-03  1.012388e+00  3.188142e-03  9.366487e-01  2.726783e-03  
   2.1448300  1.019129e+00  3.274902e-03  1.019143e+00  3.275129e-03  9.424293e-01  2.797834e-03  
   2.1658299  1.026063e+00  3.365650e-03  1.026078e+00  3.365888e-03  9.483568e-01  2.871812e-03  
   2.1868300  1.033184e+00  3.460485e-03  1.033199e+00  3.460734e-03  9.544373e-01  2.948963e-03  
   2.2078300  1.040499e+00  3.559754e-03  1.040514e+00  3.560016e-03  9.606758e-01  3.029557e-03  
   2.2278299  1.047653e+00  3.658776e-03  1.047669e+00  3.659051e-03  9.667701e-01  3.109792e-03  
   2.2488301  1.055369e+00  3.767867e-03  1.055386e+00  3.768157e-03  9.733359e-01  3.198014e-03  
   2.2698300  1.063303e+00  3.882669e-03  1.063321e+00  3.882974e-03  9.800783e-01  3.290678e-03  
   2.2908299  1.071465e+00  4.003706e-03  1.071483e+00  4.004030e-03  9.870049e-01  3.388199e-03  
   2.3118300  1.079864e+00  4.131559e-03  1.079883e+00  4.131901e-03  9.941230e-01  3.491035e-03  
   2.3328300  1.088510e+00  4.266857e-03  1.088529e+00  4.267218e-03  1.001440e+00  3.599689e-03  
   2.3528299  1.096984e+00  4.403271e-03  1.097004e+00  4.403652e-03  1.008602e+00  3.709091e-03  
   2.3738301  1.106144e+00  4.555178e-03  1.106165e+00  4.555583e-03  1.016332e+00  3.830777e-03  
   2.3948300  1.115586e+00  4.716797e-03  1.115607e+00  4.717226e-03  1.024288e+00  3.960116e-03  
   2.4158299  1.125323e+00  4.889062e-03  1.125345e+00  4.889518e-03  1.032478e+00  4.097871e-03  
   2.4368300  1.135368e+00  5.073010e-03  1.135392e+00  5.073495e-03  1.040914e+00  4.244902e-03  
   2.4578300  1.145739e+00  5.269804e-03  1.145763e+00  5.270317e-03  1.049607e+00  4.402162e-03  
   2.4778299  1.155933e+00  5.470356e-03  1.155958e+00  5.470899e-03  1.058136e+00  4.562432e-03  
   2.4988301  1.166987e+00  5.696140e-03  1.167013e+00  5.696720e-03  1.067368e+00  4.742917e-03  
   2.5204301  1.178753e+00  5.946363e-03  1.178779e+00  5.946981e-03  1.077173e+00  4.943025e-03  
   2.5404301  1.190024e+00  6.196115e-03  1.190053e+00  6.196774e-03  1.086546e+00  5.142864e-03  
   2.5614300  1.202274e+00  6.479210e-03  1.202303e+00  6.479916e-03  1.096709e+00  5.369497e-03  
   2.5824299  1.214973e+00  6.786231e-03  1.215003e+00  6.786986e-03  1.107219e+00  5.615375e-03  
   2.6034300  1.228152e+00  7.120280e-03  1.228183e+00  7.121092e-03  1.118097e+00  5.882907e-03  
   2.6244299  1.241842e+00  7.485080e-03  1.241874e+00  7.485955e-03  1.129364e+00  6.174905e-03  
   2.6444299  1.255387e+00  7.865308e-03  1.255422e+00  7.866247e-03  1.140480e+00  6.478821e-03  
   2.6654301  1.270182e+00  8.304511e-03  1.270218e+00  8.305528e-03  1.152582e+00  6.828956e-03  
   2.6864300  1.285606e+00  8.791882e-03  1.285643e+00  8.792985e-03  1.165152e+00  7.215782e-03  
   2.7074299  1.301710e+00  9.337024e-03  1.301748e+00  9.338233e-03  1.178226e+00  7.645549e-03  
   2.7284300  1.318550e+00  9.952691e-03  1.318591e+00  9.954016e-03  1.191840e+00  8.126221e-03  
   2.7494299  1.336191e+00  1.065599e-02  1.336234e+00  1.065745e-02  1.206033e+00  8.667970e-03  
   2.7694299  1.353802e+00  1.142836e-02  1.353847e+00  1.143000e-02  1.220133e+00  9.252723e-03  
   2.7904301  1.373223e+00  1.237695e-02  1.373271e+00  1.237881e-02  1.235596e+00  9.955253e-03  
   2.8114300  1.393687e+00  1.350767e-02  1.393737e+00  1.350980e-02  1.251791e+00  1.076998e-02  
   2.8324299  1.415296e+00  1.487647e-02  1.415349e+00  1.487898e-02  1.268779e+00  1.172503e-02  
   2.8534300  1.438162e+00  1.655768e-02  1.438218e+00  1.656068e-02  1.286629e+00  1.285655e-02  
   2.8744299  1.462405e+00  1.864868e-02  1.462464e+00  1.865235e-02  1.305416e+00  1.421059e-02  
   2.8944299  1.486891e+00  2.113588e-02  1.486953e+00  2.114038e-02  1.324254e+00  1.576030e-02  
   2.9154301  1.514190e+00  2.442058e-02  1.514257e+00  2.442622e-02  1.345112e+00  1.773079e-02  
   2.9370301  1.544101e+00  2.872352e-02  1.544172e+00  2.873075e-02  1.367810e+00  2.021876e-02  
   2.9570301  1.573557e+00  3.376919e-02  1.573632e+00  3.377833e-02  1.390041e+00  2.304452e-02  
   2.9780300  1.606396e+00  4.044421e-02  1.606475e+00  4.045592e-02  1.414731e+00  2.668496e-02  
   2.9990301  1.641247e+00  4.885922e-02  1.641331e+00  4.887422e-02  1.440890e+00  3.117881e-02  
   3.0200300  1.678118e+00  5.939301e-02  1.678206e+00  5.941211e-02  1.468595e+00  3.672458e-02  
   3.0410299  1.716950e+00  7.246304e-02  1.717043e+00  7.248718e-02  1.497911e+00  4.355684e-02  
   3.0610299  1.755633e+00  8.767502e-02  1.755730e+00  8.770494e-02  1.527364e+00  5.150869e-02  
   3.0820301  1.797814e+00  1.069870e-01  1.797915e+00  1.070241e-01  1.559898e+00  6.167282e-02  
   3.1030300  1.841270e+00  1.301563e-01  1.841373e+00  1.302017e-01  1.594034e+00  7.403480e-02  
   3.1240301  1.885567e+00  1.575916e-01  1.885671e+00  1.576464e-01  1.629666e+00  8.896883e-02  
   3.1450300  1.930156e+00  1.896353e-01  1.930259e+00  1.897006e-01  1.666610e+00  1.068674e-01  
   3.1660299  1.974398e+00  2.265370e-01  1.974499e+00  2.266137e-01  1.704598e+00  1.281276e-01  
   3.1860299  2.015555e+00  2.663160e-01  2.015654e+00  2.664041e-01  1.741419e+00  1.518493e-01  
   3.2070301  2.057009e+00  3.129376e-01  2.057101e+00  3.130381e-01  1.780312e+00  1.807325e-01  
   3.2280300  2.095887e+00  3.643617e-01  2.095972e+00  3.644747e-01  1.818898e+00  2.139566e-01  
   3.2490301  2.131429e+00  4.202547e-01  2.131505e+00  4.203798e-01  1.856539e+00  2.516998e-01  
   3.2700300  2.162946e+00  4.801215e-01  2.163010e+00  4.802581e-01  1.892527e+00  2.940130e-01  
   3.2910299  2.189845e+00  5.433269e-01  2.189898e+00  5.434740e-01  1.926118e+00  3.407983e-01  
   3.3110299  2.210760e+00  6.059422e-01  2.210802e+00  6.060984e-01  1.955193e+00  3.892728e-01  
   3.3320301  2.227505e+00  6.734408e-01  2.227535e+00  6.736049e-01  1.981972e+00  4.438657e-01  
   3.3536301  2.239046e+00  7.438571e-01  2.239063e+00  7.440274e-01  2.004850e+00  5.033394e-01  
   3.3736300  2.244653e+00  8.091677e-01  2.244659e+00  8.093425e-01  2.021326e+00  5.607045e-01  
   3.3946300  2.245514e+00  8.771045e-01  2.245510e+00  8.772826e-01  2.033410e+00  6.224677e-01  
   3.4156301  2.241596e+00  9.437206e-01  2.241585e+00  9.439010e-01  2.039981e+00  6.848646e-01  
   3.4366300  2.233385e+00  1.008464e+00  2.233367e+00  1.008645e+00  2.041072e+00  7.469190e-01  
   3.4576299  2.221431e+00  1.070930e+00  2.221409e+00  1.071112e+00  2.036927e+00  8.076880e-01  
   3.4776299  2.207096e+00  1.128070e+00  2.207072e+00  1.128252e+00  2.028513e+00  8.635856e-01  
   3.4986300  2.189486e+00  1.185485e+00  2.189458e+00  1.185667e+00  2.015570e+00  9.195098e-01  
   3.5196300  2.169757e+00  1.240259e+00  2.169729e+00  1.240441e+00  1.999145e+00  9.720645e-01  
   3.5406301  2.148355e+00  1.292491e+00  2.148325e+00  1.292672e+00  1.980056e+00  1.020916e+00  
   3.5616300  2.125629e+00  1.342337e+00  2.125599e+00  1.342519e+00  1.959149e+00  1.065947e+00  
   3.5826299  2.101845e+00  1.389984e+00  2.101813e+00  1.390167e+00  1.937238e+00  1.107253e+00  
   3.6026299  2.078377e+00  1.433484e+00  2.078343e+00  1.433667e+00  1.916111e+00  1.143386e+00  
   3.6236300  2.052994e+00  1.477330e+00  2.052959e+00  1.477515e+00  1.894243e+00  1.178373e+00  
   3.6446300  2.026939e+00  1.519403e+00  2.026900e+00  1.519588e+00  1.873159e+00  1.210854e+00  
   3.6656301  2.000286e+00  1.559748e+00  2.000243e+00  1.559933e+00  1.853155e+00  1.241399e+00  
   3.6866300  1.973129e+00  1.598354e+00  1.973081e+00  1.598539e+00  1.834370e+00  1.270564e+00  
   3.7076299  1.945603e+00  1.635167e+00  1.945550e+00  1.635351e+00  1.816797e+00  1.298843e+00  
   3.7276299  1.919224e+00  1.668486e+00  1.919167e+00  1.668669e+00  1.801081e+00  1.325304e+00  
   3.7486300  1.891610e+00  1.701565e+00  1.891550e+00  1.701746e+00  1.785476e+00  1.352845e+00  
   3.7702301  1.863649e+00  1.733499e+00  1.863587e+00  1.733677e+00  1.770172e+00  1.381038e+00  
   3.7902300  1.838536e+00  1.761180e+00  1.838474e+00  1.761356e+00  1.756507e+00  1.407016e+00  
   3.8112299  1.813411e+00  1.788383e+00  1.813351e+00  1.788557e+00  1.742569e+00  1.434060e+00  
   3.8322301  1.790030e+00  1.813881e+00  1.789976e+00  1.814053e+00  1.729032e+00  1.460699e+00  
   3.8532300  1.768870e+00  1.838010e+00  1.768824e+00  1.838181e+00  1.715982e+00  1.486750e+00  
   3.8742299  1.750368e+00  1.861253e+00  1.750332e+00  1.861425e+00  1.703615e+00  1.512068e+00  
   3.8942299  1.735546e+00  1.883142e+00  1.735522e+00  1.883317e+00  1.692740e+00  1.535436e+00  
   3.9152300  1.723159e+00  1.906600e+00  1.723149e+00  1.906780e+00  1.682612e+00  1.559245e+00  
   3.9362299  1.714117e+00  1.931420e+00  1.714121e+00  1.931606e+00  1.674195e+00  1.582514e+00  
   3.9572301  1.708331e+00  1.958578e+00  1.708349e+00  1.958774e+00  1.667867e+00  1.605620e+00  
   3.9782300  1.705495e+00  1.989100e+00  1.705527e+00  1.989309e+00  1.663948e+00  1.629113e+00  
   3.9992299  1.705073e+00  2.024010e+00  1.705116e+00  2.024233e+00  1.662652e+00  1.653706e+00  
   4.0192299  1.706210e+00  2.062225e+00  1.706262e+00  2.062463e+00  1.663920e+00  1.678933e+00  
   4.0402298  1.708061e+00  2.108379e+00  1.708118e+00  2.108632e+00  1.667764e+00  1.708234e+00  
   4.0612302  1.709399e+00  2.161374e+00  1.709458e+00  2.161647e+00  1.673856e+00  1.741423e+00  
   4.0822301  1.708851e+00  2.221655e+00  1.708907e+00  2.221944e+00  1.681624e+00  1.779525e+00  
   4.1032300  1.704921e+00  2.289389e+00  1.704969e+00  2.289697e+00  1.690248e+00  1.823518e+00  
   4.1242299  1.696050e+00  2.364447e+00  1.696086e+00  2.364769e+00  1.698656e+00  1.874267e+00  
   4.1442299  1.681582e+00  2.442324e+00  1.681602e+00  2.442659e+00  1.705270e+00  1.929504e+00  
   4.1652298  1.658642e+00  2.530080e+00  1.658642e+00  2.530425e+00  1.709301e+00  1.995176e+00  
   4.1868300  1.625359e+00  2.625647e+00  1.625335e+00  2.625998e+00  1.708605e+00  2.071064e+00  
   4.2068300  1.584688e+00  2.717701e+00  1.584641e+00  2.718054e+00  1.701925e+00  2.148660e+00  
   4.2278299  1.530879e+00  2.816569e+00  1.530805e+00  2.816920e+00  1.686929e+00  2.237116e+00  
   4.2488298  1.465034e+00  2.916044e+00  1.464933e+00  2.916391e+00  1.662061e+00  2.331696e+00  
   4.2698302  1.386763e+00  3.014340e+00  1.386634e+00  3.014678e+00  1.625757e+00  2.430944e+00  
   4.2908301  1.295967e+00  3.109601e+00  1.295811e+00  3.109926e+00  1.576720e+00  2.533000e+00  
   4.3108301  1.198016e+00  3.195812e+00  1.197835e+00  3.196122e+00  1.517321e+00  2.630805e+00  
   4.3318300  1.083547e+00  3.279835e+00  1.083342e+00  3.280127e+00  1.441135e+00  2.731790e+00  
   4.3528299  9.578632e-01  3.355466e+00  9.576348e-01  3.355741e+00  1.350796e+00  2.828460e+00  
   4.3738298  8.219018e-01  3.421033e+00  8.216532e-01  3.421286e+00  1.246845e+00  2.918183e+00  
   4.3948302  6.768183e-01  3.474975e+00  6.765520e-01  3.475209e+00  1.130365e+00  2.998420e+00  
   4.4158301  5.239870e-01  3.515873e+00  5.237055e-01  3.516086e+00  1.002967e+00  3.066858e+00  
   4.4358301  3.726574e-01  3.541551e+00  3.723647e-01  3.541745e+00  8.733591e-01  3.119276e+00  
   4.4568300  2.093767e-01  3.553557e+00  2.090757e-01  3.553733e+00  7.308903e-01  3.159464e+00  
   4.4778299  4.349222e-02  3.549433e+00  4.318660e-02  3.549592e+00  5.844734e-01  3.183465e+00  
   4.4988298  -1.229275e-01  3.528630e+00  -1.232339e-01  3.528775e+00  4.368365e-01  3.190853e+00  
   4.5198302  -2.876965e-01  3.490920e+00  -2.879999e-01  3.491050e+00  2.906616e-01  3.181778e+00  
   4.5408301  -4.485416e-01  3.436441e+00  -4.488387e-01  3.436561e+00  1.484681e-01  3.156931e+00  
   4.5608301  -5.959952e-01  3.369455e+00  -5.962835e-01  3.369567e+00  1.878530e-02  3.119669e+00  
   4.5818300  -7.426618e-01  3.284176e+00  -7.429387e-01  3.284281e+00  -1.095586e-01  3.067746e+00  
   4.6034298  -8.826362e-01  3.181912e+00  -8.829003e-01  3.182014e+00  -2.317036e-01  3.002560e+00  
   4.6234298  -1.000664e+00  3.075729e+00  -1.000916e+00  3.075830e+00  -3.349234e-01  2.933419e+00  
   4.6444302  -1.111118e+00  2.954397e+00  -1.111358e+00  2.954500e+00  -4.325005e-01  2.853732e+00  
   4.6654301  -1.206642e+00  2.825353e+00  -1.206872e+00  2.825459e+00  -5.187929e-01  2.768781e+00  
   4.6864300  -1.286550e+00  2.691171e+00  -1.286774e+00  2.691283e+00  -5.939127e-01  2.680488e+00  
   4.7074299  -1.350646e+00  2.554494e+00  -1.350867e+00  2.554613e+00  -6.582363e-01  2.590611e+00  
   4.7274299  -1.397253e+00  2.424371e+00  -1.397474e+00  2.424498e+00  -7.099843e-01  2.504959e+00  
   4.7484298  -1.431736e+00  2.290106e+00  -1.431962e+00  2.290242e+00  -7.550128e-01  2.416243e+00  
   4.7694302  -1.452521e+00  2.160367e+00  -1.452756e+00  2.160510e+00  -7.912900e-01  2.329862e+00  
   4.7904301  -1.461032e+00  2.036950e+00  -1.461281e+00  2.037099e+00  -8.196491e-01  2.246706e+00  
   4.8114300  -1.458903e+00  1.921239e+00  -1.459167e+00  1.921392e+00  -8.409352e-01  2.167444e+00  
   4.8324299  -1.447866e+00  1.814210e+00  -1.448148e+00  1.814366e+00  -8.559785e-01  2.092569e+00  
   4.8524299  -1.430667e+00  1.720877e+00  -1.430968e+00  1.721032e+00  -8.652326e-01  2.025634e+00  
   4.8734298  -1.407187e+00  1.632114e+00  -1.407507e+00  1.632265e+00  -8.703494e-01  1.960118e+00  
   4.8944302  -1.379660e+00  1.552724e+00  -1.380001e+00  1.552868e+00  -8.714512e-01  1.899541e+00  
   4.9154301  -1.349447e+00  1.482374e+00  -1.349806e+00  1.482507e+00  -8.691909e-01  1.843865e+00  
   4.9364300  -1.317704e+00  1.420542e+00  -1.318080e+00  1.420663e+00  -8.641640e-01  1.792963e+00  
   4.9574299  -1.285385e+00  1.366585e+00  -1.285775e+00  1.366691e+00  -8.569067e-01  1.746645e+00  
   4.9774299  -1.254765e+00  1.321869e+00  -1.255166e+00  1.321958e+00  -8.483573e-01  1.706580e+00  
   4.9984298  -1.223338e+00  1.281212e+00  -1.223750e+00  1.281282e+00  -8.380626e-01  1.668500e+00  
