w Re-xx Im-xx Re-yy Im-yy Re-zz Im-zz
# Gaussian absolute broadening  0.15 [eV]
   0.0000000  7.688145e-01  8.853940e-05  7.688216e-01  8.853965e-05  7.246669e-01  7.886790e-05  
   0.0200000  7.689149e-01  9.475680e-05  7.689217e-01  9.475714e-05  7.247559e-01  8.440546e-05  
   0.0410000  7.690337e-01  1.018418e-04  7.690406e-01  1.018422e-04  7.248619e-01  9.071542e-05  
   0.0620000  7.691692e-01  1.095333e-04  7.691761e-01  1.095339e-04  7.249826e-01  9.756526e-05  
   0.0830000  7.693236e-01  1.178653e-04  7.693301e-01  1.178661e-04  7.251197e-01  1.049851e-04  
   0.1040000  7.694979e-01  1.268674e-04  7.695048e-01  1.268684e-04  7.252754e-01  1.130011e-04  
   0.1240000  7.696852e-01  1.360849e-04  7.696922e-01  1.360863e-04  7.254420e-01  1.212083e-04  
   0.1450000  7.699061e-01  1.464551e-04  7.699128e-01  1.464568e-04  7.256389e-01  1.304411e-04  
   0.1660000  7.701543e-01  1.575403e-04  7.701612e-01  1.575425e-04  7.258600e-01  1.403095e-04  
   0.1870000  7.704318e-01  1.693370e-04  7.704386e-01  1.693397e-04  7.261070e-01  1.508101e-04  
   0.2080000  7.707401e-01  1.818307e-04  7.707470e-01  1.818342e-04  7.263820e-01  1.619299e-04  
   0.2290000  7.710819e-01  1.949963e-04  7.710890e-01  1.950004e-04  7.266862e-01  1.736461e-04  
   0.2490000  7.714396e-01  2.081272e-04  7.714465e-01  2.081322e-04  7.270044e-01  1.853298e-04  
   0.2700000  7.718500e-01  2.224947e-04  7.718571e-01  2.225006e-04  7.273703e-01  1.981117e-04  
   0.2910000  7.722976e-01  2.374070e-04  7.723046e-01  2.374138e-04  7.277686e-01  2.113762e-04  
   0.3120000  7.727828e-01  2.528104e-04  7.727900e-01  2.528183e-04  7.282009e-01  2.250750e-04  
   0.3330000  7.733061e-01  2.686498e-04  7.733131e-01  2.686588e-04  7.286665e-01  2.391586e-04  
   0.3540000  7.738681e-01  2.848715e-04  7.738753e-01  2.848815e-04  7.291669e-01  2.535794e-04  
   0.3740000  7.744393e-01  3.006308e-04  7.744464e-01  3.006418e-04  7.296754e-01  2.675859e-04  
   0.3950000  7.750765e-01  3.174606e-04  7.750839e-01  3.174725e-04  7.302426e-01  2.825405e-04  
   0.4160000  7.757522e-01  3.345425e-04  7.757595e-01  3.345553e-04  7.308437e-01  2.977152e-04  
   0.4374300  7.764821e-01  3.522018e-04  7.764892e-01  3.522154e-04  7.314931e-01  3.133986e-04  
   0.4574300  7.771986e-01  3.688676e-04  7.772058e-01  3.688818e-04  7.321308e-01  3.281957e-04  
   0.4784300  7.779884e-01  3.865414e-04  7.779958e-01  3.865563e-04  7.328336e-01  3.438835e-04  
   0.4994300  7.788165e-01  4.043824e-04  7.788240e-01  4.043980e-04  7.335703e-01  3.597148e-04  
   0.5204300  7.796833e-01  4.223834e-04  7.796906e-01  4.223996e-04  7.343411e-01  3.756830e-04  
   0.5414300  7.805882e-01  4.405408e-04  7.805953e-01  4.405577e-04  7.351459e-01  3.917848e-04  
   0.5614300  7.814862e-01  4.579790e-04  7.814935e-01  4.579964e-04  7.359444e-01  4.072433e-04  
   0.5824300  7.824668e-01  4.764434e-04  7.824745e-01  4.764617e-04  7.368164e-01  4.236057e-04  
   0.6034300  7.834865e-01  4.950690e-04  7.834941e-01  4.950883e-04  7.377231e-01  4.401049e-04  
   0.6244300  7.845458e-01  5.138615e-04  7.845536e-01  5.138820e-04  7.386649e-01  4.567454e-04  
   0.6454300  7.856452e-01  5.328261e-04  7.856529e-01  5.328479e-04  7.396417e-01  4.735316e-04  
   0.6664300  7.867845e-01  5.519688e-04  7.867922e-01  5.519922e-04  7.406544e-01  4.904685e-04  
   0.6864300  7.879068e-01  5.703719e-04  7.879144e-01  5.703967e-04  7.416515e-01  5.067438e-04  
   0.7074300  7.891254e-01  5.898825e-04  7.891331e-01  5.899091e-04  7.427338e-01  5.239909e-04  
   0.7284300  7.903848e-01  6.095918e-04  7.903926e-01  6.096204e-04  7.438527e-01  5.414059e-04  
   0.7494300  7.916864e-01  6.295080e-04  7.916942e-01  6.295383e-04  7.450085e-01  5.589954e-04  
   0.7704300  7.930294e-01  6.496384e-04  7.930372e-01  6.496706e-04  7.462010e-01  5.767649e-04  
   0.7914300  7.944154e-01  6.699911e-04  7.944234e-01  6.700253e-04  7.474316e-01  5.947220e-04  
   0.8114300  7.957748e-01  6.895887e-04  7.957826e-01  6.896245e-04  7.486379e-01  6.120044e-04  
   0.8324300  7.972447e-01  7.104000e-04  7.972527e-01  7.104374e-04  7.499422e-01  6.303476e-04  
   0.8540300  7.988027e-01  7.320652e-04  7.988107e-01  7.321042e-04  7.513245e-01  6.494332e-04  
   0.8740300  8.002867e-01  7.523686e-04  8.002950e-01  7.524086e-04  7.526413e-01  6.673091e-04  
   0.8950300  8.018892e-01  7.739480e-04  8.018976e-01  7.739891e-04  7.540625e-01  6.862985e-04  
   0.9160300  8.035372e-01  7.958047e-04  8.035457e-01  7.958469e-04  7.555236e-01  7.055210e-04  
   0.9370300  8.052315e-01  8.179497e-04  8.052397e-01  8.179927e-04  7.570255e-01  7.249851e-04  
   0.9580300  8.069722e-01  8.403932e-04  8.069807e-01  8.404368e-04  7.585684e-01  7.447003e-04  
   0.9780300  8.086745e-01  8.620562e-04  8.086832e-01  8.621003e-04  7.600766e-01  7.637184e-04  
   0.9990300  8.105090e-01  8.851153e-04  8.105178e-01  8.851601e-04  7.617016e-01  7.839504e-04  
   1.0200300  8.123921e-01  9.085073e-04  8.124010e-01  9.085526e-04  7.633694e-01  8.044609e-04  
   1.0410300  8.143252e-01  9.322432e-04  8.143340e-01  9.322892e-04  7.650805e-01  8.252601e-04  
   1.0620300  8.163086e-01  9.563362e-04  8.163175e-01  9.563828e-04  7.668363e-01  8.463579e-04  
   1.0830300  8.183427e-01  9.807982e-04  8.183519e-01  9.808454e-04  7.686364e-01  8.677646e-04  
   1.1030300  8.203281e-01  1.004450e-03  8.203371e-01  1.004498e-03  7.703925e-01  8.884487e-04  
   1.1240300  8.224645e-01  1.029669e-03  8.224735e-01  1.029718e-03  7.722820e-01  9.104889e-04  
   1.1450300  8.246537e-01  1.055297e-03  8.246631e-01  1.055347e-03  7.742177e-01  9.328701e-04  
   1.1660300  8.268976e-01  1.081347e-03  8.269070e-01  1.081398e-03  7.762009e-01  9.556038e-04  
   1.1870300  8.291967e-01  1.107834e-03  8.292062e-01  1.107886e-03  7.782322e-01  9.787015e-04  
   1.2080300  8.315514e-01  1.134772e-03  8.315612e-01  1.134826e-03  7.803124e-01  1.002177e-03  
   1.2280300  8.338469e-01  1.160863e-03  8.338567e-01  1.160917e-03  7.823393e-01  1.024895e-03  
   1.2490300  8.363135e-01  1.188731e-03  8.363235e-01  1.188787e-03  7.845167e-01  1.049144e-03  
   1.2706300  8.389128e-01  1.217920e-03  8.389229e-01  1.217976e-03  7.868102e-01  1.074521e-03  
   1.2906300  8.413758e-01  1.245436e-03  8.413860e-01  1.245494e-03  7.889829e-01  1.098426e-03  
   1.3116300  8.440216e-01  1.274856e-03  8.440319e-01  1.274914e-03  7.913162e-01  1.123963e-03  
   1.3326300  8.467298e-01  1.304834e-03  8.467399e-01  1.304892e-03  7.937033e-01  1.149964e-03  
   1.3536299  8.495013e-01  1.335391e-03  8.495119e-01  1.335450e-03  7.961455e-01  1.176446e-03  
   1.3746300  8.523378e-01  1.366551e-03  8.523484e-01  1.366611e-03  7.986438e-01  1.203426e-03  
   1.3946300  8.551008e-01  1.396807e-03  8.551116e-01  1.396868e-03  8.010766e-01  1.229602e-03  
   1.4156300  8.580677e-01  1.429208e-03  8.580786e-01  1.429270e-03  8.036879e-01  1.257609e-03  
   1.4366300  8.611036e-01  1.462280e-03  8.611146e-01  1.462343e-03  8.063585e-01  1.286172e-03  
   1.4576300  8.642099e-01  1.496049e-03  8.642211e-01  1.496114e-03  8.090904e-01  1.315309e-03  
   1.4786299  8.673882e-01  1.530541e-03  8.673996e-01  1.530607e-03  8.118840e-01  1.345043e-03  
   1.4996300  8.706397e-01  1.565783e-03  8.706511e-01  1.565851e-03  8.147410e-01  1.375395e-03  
   1.5196300  8.738056e-01  1.600069e-03  8.738174e-01  1.600140e-03  8.175213e-01  1.404897e-03  
   1.5406300  8.772049e-01  1.636858e-03  8.772166e-01  1.636931e-03  8.205053e-01  1.436522e-03  
   1.5616300  8.806820e-01  1.674485e-03  8.806941e-01  1.674561e-03  8.235564e-01  1.468836e-03  
   1.5826300  8.842391e-01  1.712981e-03  8.842515e-01  1.713060e-03  8.266760e-01  1.501864e-03  
   1.6036299  8.878781e-01  1.752381e-03  8.878906e-01  1.752463e-03  8.298654e-01  1.535632e-03  
   1.6246300  8.916008e-01  1.792722e-03  8.916132e-01  1.792807e-03  8.331267e-01  1.570170e-03  
   1.6446300  8.952252e-01  1.832048e-03  8.952376e-01  1.832137e-03  8.363004e-01  1.603806e-03  
   1.6656300  8.991159e-01  1.874334e-03  8.991291e-01  1.874427e-03  8.397058e-01  1.639934e-03  
   1.6872300  9.032125e-01  1.918934e-03  9.032257e-01  1.919031e-03  8.432888e-01  1.677998e-03  
   1.7072300  9.070920e-01  1.961271e-03  9.071053e-01  1.961371e-03  8.466801e-01  1.714089e-03  
   1.7282300  9.112574e-01  2.006849e-03  9.112710e-01  2.006954e-03  8.503199e-01  1.752900e-03  
   1.7492300  9.155199e-01  2.053628e-03  9.155336e-01  2.053736e-03  8.540418e-01  1.792688e-03  
   1.7702301  9.198815e-01  2.101662e-03  9.198960e-01  2.101775e-03  8.578482e-01  1.833493e-03  
   1.7912300  9.243459e-01  2.151011e-03  9.243603e-01  2.151127e-03  8.617415e-01  1.875362e-03  
   1.8112299  9.286953e-01  2.199285e-03  9.287101e-01  2.199404e-03  8.655325e-01  1.916272e-03  
   1.8322300  9.333673e-01  2.251378e-03  9.333822e-01  2.251501e-03  8.696020e-01  1.960360e-03  
   1.8532300  9.381507e-01  2.304976e-03  9.381660e-01  2.305104e-03  8.737659e-01  2.005662e-03  
   1.8742300  9.430484e-01  2.360158e-03  9.430637e-01  2.360291e-03  8.780261e-01  2.052234e-03  
   1.8952301  9.480640e-01  2.417002e-03  9.480795e-01  2.417139e-03  8.823860e-01  2.100140e-03  
   1.9162300  9.532006e-01  2.475595e-03  9.532166e-01  2.475736e-03  8.868475e-01  2.149442e-03  
   1.9362299  9.582081e-01  2.533111e-03  9.582248e-01  2.533258e-03  8.911941e-01  2.197760e-03  
   1.9572300  9.635917e-01  2.595401e-03  9.636081e-01  2.595554e-03  8.958632e-01  2.250000e-03  
   1.9782300  9.691074e-01  2.659746e-03  9.691247e-01  2.659905e-03  9.006439e-01  2.303863e-03  
   1.9992300  9.747592e-01  2.726269e-03  9.747769e-01  2.726434e-03  9.055378e-01  2.359439e-03  
   2.0202301  9.805527e-01  2.795108e-03  9.805703e-01  2.795281e-03  9.105502e-01  2.416832e-03  
   2.0412300  9.864905e-01  2.866411e-03  9.865087e-01  2.866590e-03  9.156837e-01  2.476148e-03  
   2.0612299  9.922850e-01  2.936763e-03  9.923034e-01  2.936950e-03  9.206887e-01  2.534543e-03  
   2.0822301  9.985207e-01  3.013375e-03  9.985394e-01  3.013571e-03  9.260705e-01  2.597989e-03  
   2.1038301  1.005102e+00  3.095320e-03  1.005121e+00  3.095525e-03  9.317452e-01  2.665684e-03  
   2.1238301  1.011353e+00  3.174252e-03  1.011372e+00  3.174465e-03  9.371297e-01  2.730729e-03  
   2.1448300  1.018084e+00  3.260533e-03  1.018104e+00  3.260757e-03  9.429222e-01  2.801660e-03  
   2.1658299  1.024994e+00  3.350574e-03  1.025014e+00  3.350808e-03  9.488630e-01  2.875501e-03  
   2.1868300  1.032089e+00  3.444685e-03  1.032110e+00  3.444931e-03  9.549568e-01  2.952493e-03  
   2.2078300  1.039376e+00  3.543199e-03  1.039398e+00  3.543456e-03  9.612093e-01  3.032899e-03  
   2.2278299  1.046504e+00  3.641457e-03  1.046526e+00  3.641726e-03  9.673173e-01  3.112923e-03  
   2.2488301  1.054190e+00  3.749671e-03  1.054212e+00  3.749956e-03  9.738975e-01  3.200875e-03  
   2.2698300  1.062092e+00  3.863490e-03  1.062115e+00  3.863790e-03  9.806547e-01  3.293203e-03  
   2.2908299  1.070220e+00  3.983400e-03  1.070243e+00  3.983714e-03  9.875968e-01  3.390294e-03  
   2.3118300  1.078583e+00  4.109919e-03  1.078607e+00  4.110253e-03  9.947303e-01  3.492579e-03  
   2.3328300  1.087190e+00  4.243621e-03  1.087215e+00  4.243973e-03  1.002064e+00  3.600519e-03  
   2.3528299  1.095625e+00  4.378203e-03  1.095651e+00  4.378574e-03  1.009240e+00  3.709047e-03  
   2.3738301  1.104743e+00  4.527763e-03  1.104769e+00  4.528157e-03  1.016987e+00  3.829551e-03  
   2.3948300  1.114138e+00  4.686498e-03  1.114166e+00  4.686915e-03  1.024959e+00  3.957362e-03  
   2.4158299  1.123826e+00  4.855203e-03  1.123854e+00  4.855647e-03  1.033167e+00  4.093156e-03  
   2.4368300  1.133819e+00  5.034754e-03  1.133848e+00  5.035229e-03  1.041620e+00  4.237673e-03  
   2.4578300  1.144134e+00  5.226119e-03  1.144163e+00  5.226625e-03  1.050331e+00  4.391733e-03  
   2.4778299  1.154270e+00  5.420341e-03  1.154300e+00  5.420879e-03  1.058878e+00  4.548166e-03  
   2.4988301  1.165260e+00  5.638001e-03  1.165291e+00  5.638576e-03  1.068128e+00  4.723607e-03  
   2.5204301  1.176955e+00  5.877974e-03  1.176987e+00  5.878591e-03  1.077953e+00  4.917220e-03  
   2.5404301  1.188157e+00  6.116196e-03  1.188190e+00  6.116856e-03  1.087345e+00  5.109626e-03  
   2.5614300  1.200328e+00  6.384689e-03  1.200362e+00  6.385399e-03  1.097529e+00  5.326724e-03  
   2.5824299  1.212942e+00  6.674124e-03  1.212978e+00  6.674887e-03  1.108061e+00  5.560995e-03  
   2.6034300  1.226032e+00  6.987116e-03  1.226068e+00  6.987939e-03  1.118962e+00  5.814527e-03  
   2.6244299  1.239625e+00  7.326853e-03  1.239662e+00  7.327745e-03  1.130254e+00  6.089785e-03  
   2.6444299  1.253072e+00  7.678956e-03  1.253111e+00  7.679913e-03  1.141395e+00  6.374871e-03  
   2.6654301  1.267756e+00  8.083519e-03  1.267797e+00  8.084555e-03  1.153525e+00  6.701819e-03  
   2.6864300  1.283062e+00  8.530284e-03  1.283104e+00  8.531412e-03  1.166126e+00  7.061518e-03  
   2.7074299  1.299038e+00  9.027996e-03  1.299082e+00  9.029217e-03  1.179234e+00  7.459737e-03  
   2.7284300  1.315742e+00  9.588353e-03  1.315788e+00  9.589695e-03  1.192884e+00  7.903840e-03  
   2.7494299  1.333235e+00  1.022718e-02  1.333283e+00  1.022865e-02  1.207117e+00  8.403331e-03  
   2.7694299  1.350696e+00  1.092814e-02  1.350746e+00  1.092978e-02  1.221258e+00  8.941816e-03  
   2.7904301  1.369948e+00  1.178924e-02  1.370000e+00  1.179109e-02  1.236770e+00  9.588519e-03  
   2.8114300  1.390230e+00  1.281706e-02  1.390285e+00  1.281918e-02  1.253019e+00  1.033894e-02  
   2.8324299  1.411642e+00  1.406423e-02  1.411699e+00  1.406671e-02  1.270069e+00  1.122001e-02  
   2.8534300  1.434297e+00  1.560093e-02  1.434358e+00  1.560389e-02  1.287990e+00  1.226659e-02  
   2.8744299  1.458316e+00  1.751950e-02  1.458380e+00  1.752309e-02  1.306861e+00  1.352349e-02  
   2.8944299  1.482577e+00  1.981106e-02  1.482643e+00  1.981544e-02  1.325793e+00  1.496836e-02  
   2.9154301  1.509629e+00  2.285080e-02  1.509700e+00  2.285630e-02  1.346766e+00  1.681516e-02  
   2.9370301  1.539279e+00  2.685177e-02  1.539354e+00  2.685881e-02  1.369611e+00  1.916131e-02  
   2.9570301  1.568492e+00  3.156519e-02  1.568571e+00  3.157409e-02  1.392006e+00  2.184332e-02  
   2.9780300  1.601080e+00  3.782921e-02  1.601164e+00  3.784062e-02  1.416905e+00  2.532192e-02  
   2.9990301  1.635697e+00  4.576236e-02  1.635785e+00  4.577696e-02  1.443318e+00  2.964624e-02  
   3.0200300  1.672359e+00  5.573735e-02  1.672452e+00  5.575598e-02  1.471331e+00  3.502000e-02  
   3.0410299  1.711023e+00  6.816760e-02  1.711121e+00  6.819118e-02  1.501018e+00  4.168484e-02  
   3.0610299  1.749597e+00  8.269383e-02  1.749699e+00  8.272307e-02  1.530887e+00  4.948972e-02  
   3.0820301  1.791733e+00  1.012075e-01  1.791839e+00  1.012438e-01  1.563932e+00  5.952278e-02  
   3.1030300  1.835232e+00  1.235045e-01  1.835340e+00  1.235490e-01  1.598659e+00  7.178949e-02  
   3.1240301  1.879674e+00  1.500042e-01  1.879785e+00  1.500581e-01  1.634965e+00  8.667722e-02  
   3.1450300  1.924527e+00  1.810642e-01  1.924641e+00  1.811285e-01  1.672663e+00  1.045924e-01  
   3.1660299  1.969165e+00  2.169537e-01  1.969279e+00  2.170293e-01  1.711485e+00  1.259464e-01  
   3.1860299  2.010828e+00  2.557636e-01  2.010941e+00  2.558507e-01  1.749164e+00  1.498425e-01  
   3.2070301  2.052952e+00  3.013871e-01  2.053062e+00  3.014867e-01  1.789016e+00  1.790118e-01  
   3.2280300  2.092643e+00  3.518604e-01  2.092748e+00  3.519726e-01  1.828607e+00  2.126421e-01  
   3.2490301  2.129137e+00  4.068783e-01  2.129237e+00  4.070030e-01  1.867278e+00  2.509266e-01  
   3.2700300  2.161734e+00  4.659727e-01  2.161828e+00  4.661093e-01  1.904304e+00  2.939321e-01  
   3.2910299  2.189835e+00  5.285333e-01  2.189920e+00  5.286810e-01  1.938913e+00  3.415771e-01  
   3.3110299  2.211993e+00  5.906743e-01  2.212069e+00  5.908315e-01  1.968916e+00  3.910418e-01  
   3.3320301  2.230137e+00  6.578397e-01  2.230203e+00  6.580058e-01  1.996593e+00  4.468693e-01  
   3.3536301  2.243203e+00  7.281060e-01  2.243255e+00  7.282799e-01  2.020278e+00  5.078362e-01  
   3.3736300  2.250294e+00  7.934648e-01  2.250335e+00  7.936448e-01  2.037361e+00  5.667927e-01  
   3.3946300  2.252781e+00  8.616576e-01  2.252811e+00  8.618430e-01  2.049896e+00  6.304418e-01  
   3.4156301  2.250557e+00  9.287489e-01  2.250574e+00  9.289391e-01  2.056686e+00  6.949304e-01  
   3.4366300  2.244101e+00  9.941962e-01  2.244106e+00  9.943905e-01  2.057725e+00  7.592512e-01  
   3.4576299  2.233963e+00  1.057601e+00  2.233955e+00  1.057800e+00  2.053222e+00  8.224108e-01  
   3.4776299  2.221403e+00  1.115861e+00  2.221383e+00  1.116064e+00  2.044158e+00  8.806342e-01  
   3.4986300  2.205693e+00  1.174689e+00  2.205659e+00  1.174897e+00  2.030192e+00  9.389660e-01  
   3.5196300  2.187882e+00  1.231116e+00  2.187837e+00  1.231329e+00  2.012400e+00  9.937890e-01  
   3.5406301  2.168382e+00  1.285231e+00  2.168323e+00  1.285452e+00  1.991621e+00  1.044655e+00  
   3.5616300  2.147503e+00  1.337173e+00  2.147429e+00  1.337401e+00  1.968736e+00  1.091333e+00  
   3.5826299  2.125459e+00  1.387100e+00  2.125371e+00  1.387335e+00  1.944620e+00  1.133819e+00  
   3.6026299  2.103497e+00  1.432909e+00  2.103394e+00  1.433151e+00  1.921248e+00  1.170569e+00  
   3.6236300  2.079481e+00  1.479284e+00  2.079365e+00  1.479531e+00  1.896953e+00  1.205622e+00  
   3.6446300  2.054509e+00  1.523940e+00  2.054380e+00  1.524193e+00  1.873448e+00  1.237562e+00  
   3.6656301  2.028600e+00  1.566876e+00  2.028458e+00  1.567131e+00  1.851112e+00  1.266987e+00  
   3.6866300  2.001796e+00  1.608030e+00  2.001644e+00  1.608285e+00  1.830148e+00  1.294523e+00  
   3.7076299  1.974195e+00  1.647303e+00  1.974035e+00  1.647555e+00  1.810597e+00  1.320762e+00  
   3.7276299  1.947320e+00  1.682850e+00  1.947154e+00  1.683096e+00  1.793208e+00  1.345016e+00  
   3.7486300  1.918731e+00  1.718121e+00  1.918562e+00  1.718358e+00  1.776070e+00  1.370095e+00  
   3.7702301  1.889283e+00  1.752131e+00  1.889115e+00  1.752356e+00  1.759412e+00  1.395747e+00  
   3.7902300  1.862375e+00  1.781563e+00  1.862210e+00  1.781774e+00  1.744660e+00  1.419484e+00  
   3.8112299  1.834970e+00  1.810417e+00  1.834813e+00  1.810614e+00  1.729716e+00  1.444395e+00  
   3.8322301  1.808956e+00  1.837371e+00  1.808810e+00  1.837551e+00  1.715261e+00  1.469202e+00  
   3.8532300  1.784872e+00  1.862750e+00  1.784741e+00  1.862916e+00  1.701342e+00  1.493767e+00  
   3.8742299  1.763234e+00  1.887030e+00  1.763121e+00  1.887183e+00  1.688123e+00  1.517955e+00  
   3.8942299  1.745307e+00  1.909693e+00  1.745213e+00  1.909835e+00  1.676437e+00  1.540565e+00  
   3.9152300  1.729619e+00  1.933723e+00  1.729547e+00  1.933857e+00  1.665458e+00  1.563871e+00  
   3.9362299  1.717325e+00  1.958844e+00  1.717277e+00  1.958975e+00  1.656200e+00  1.586878e+00  
   3.9572301  1.708426e+00  1.986012e+00  1.708401e+00  1.986144e+00  1.649068e+00  1.609897e+00  
   3.9782300  1.702697e+00  2.016233e+00  1.702695e+00  2.016371e+00  1.644411e+00  1.633403e+00  
   3.9992299  1.699676e+00  2.050519e+00  1.699694e+00  2.050668e+00  1.642478e+00  1.658036e+00  
   4.0192299  1.698666e+00  2.087833e+00  1.698702e+00  2.087997e+00  1.643256e+00  1.683264e+00  
   4.0402298  1.698650e+00  2.132731e+00  1.698701e+00  2.132914e+00  1.646733e+00  1.712462e+00  
   4.0612302  1.698552e+00  2.184173e+00  1.698612e+00  2.184379e+00  1.652619e+00  1.745379e+00  
   4.0822301  1.697010e+00  2.242637e+00  1.697075e+00  2.242867e+00  1.660347e+00  1.782982e+00  
   4.1032300  1.692525e+00  2.308342e+00  1.692590e+00  2.308599e+00  1.669091e+00  1.826191e+00  
   4.1242299  1.683523e+00  2.381213e+00  1.683581e+00  2.381498e+00  1.677771e+00  1.875818e+00  
   4.1442299  1.669292e+00  2.456926e+00  1.669340e+00  2.457237e+00  1.684772e+00  1.929631e+00  
   4.1652298  1.646939e+00  2.542389e+00  1.646971e+00  2.542723e+00  1.689334e+00  1.993399e+00  
   4.1868300  1.614560e+00  2.635647e+00  1.614570e+00  2.636005e+00  1.689306e+00  2.066868e+00  
   4.2068300  1.574933e+00  2.725667e+00  1.574919e+00  2.726044e+00  1.683353e+00  2.141809e+00  
   4.2278299  1.522361e+00  2.822565e+00  1.522318e+00  2.822957e+00  1.669226e+00  2.227071e+00  
   4.2488298  1.457816e+00  2.920279e+00  1.457741e+00  2.920682e+00  1.645334e+00  2.318096e+00  
   4.2698302  1.380826e+00  3.017052e+00  1.380718e+00  3.017462e+00  1.610111e+00  2.413513e+00  
   4.2908301  1.291212e+00  3.111044e+00  1.291069e+00  3.111455e+00  1.562248e+00  2.511573e+00  
   4.3108301  1.194227e+00  3.196278e+00  1.194050e+00  3.196687e+00  1.504036e+00  2.605549e+00  
   4.3318300  1.080546e+00  3.279508e+00  1.080333e+00  3.279909e+00  1.429141e+00  2.702630e+00  
   4.3528299  9.553747e-01  3.354558e+00  9.551256e-01  3.354946e+00  1.340097e+00  2.795675e+00  
   4.3738298  8.196242e-01  3.419724e+00  8.193403e-01  3.420097e+00  1.237391e+00  2.882206e+00  
   4.3948302  6.744459e-01  3.473413e+00  6.741294e-01  3.473767e+00  1.122047e+00  2.959828e+00  
   4.4158301  5.212324e-01  3.514171e+00  5.208848e-01  3.514503e+00  9.956186e-01  3.026341e+00  
   4.4358301  3.693063e-01  3.539791e+00  3.689319e-01  3.540099e+00  8.667269e-01  3.077652e+00  
   4.4568300  2.052087e-01  3.551794e+00  2.048095e-01  3.552076e+00  7.247480e-01  3.117481e+00  
   4.4778299  3.837999e-02  3.547706e+00  3.795942e-02  3.547957e+00  5.785248e-01  3.141962e+00  
   4.4988298  -1.290344e-01  3.526958e+00  -1.294715e-01  3.527179e+00  4.307765e-01  3.150641e+00  
   4.5198302  -2.947689e-01  3.489316e+00  -2.952179e-01  3.489502e+00  2.841990e-01  3.143607e+00  
   4.5408301  -4.564741e-01  3.434909e+00  -4.569294e-01  3.435063e+00  1.413471e-01  3.121458e+00  
   4.5608301  -6.045861e-01  3.367992e+00  -6.050420e-01  3.368113e+00  1.084875e-02  3.087268e+00  
   4.5818300  -7.517220e-01  3.282784e+00  -7.521728e-01  3.282869e+00  -1.184852e-01  3.038977e+00  
   4.6034298  -8.919003e-01  3.180592e+00  -8.923392e-01  3.180641e+00  -2.417155e-01  2.977815e+00  
   4.6234298  -1.009843e+00  3.074475e+00  -1.010266e+00  3.074489e+00  -3.459326e-01  2.912534e+00  
   4.6444302  -1.119924e+00  2.953212e+00  -1.120324e+00  2.953192e+00  -4.444850e-01  2.836911e+00  
   4.6654301  -1.214797e+00  2.824243e+00  -1.215169e+00  2.824188e+00  -5.316266e-01  2.755925e+00  
   4.6864300  -1.293809e+00  2.690145e+00  -1.294148e+00  2.690055e+00  -6.074315e-01  2.671400e+00  
   4.7074299  -1.356808e+00  2.553564e+00  -1.357111e+00  2.553442e+00  -6.722549e-01  2.585019e+00  
   4.7274299  -1.402231e+00  2.423546e+00  -1.402496e+00  2.423395e+00  -7.243011e-01  2.502396e+00  
   4.7484298  -1.435380e+00  2.289406e+00  -1.435605e+00  2.289227e+00  -7.694641e-01  2.416519e+00  
   4.7694302  -1.454795e+00  2.159803e+00  -1.454977e+00  2.159596e+00  -8.057100e-01  2.332616e+00  
   4.7904301  -1.461950e+00  2.036526e+00  -1.462089e+00  2.036294e+00  -8.338956e-01  2.251578e+00  
   4.8114300  -1.458519e+00  1.920951e+00  -1.458615e+00  1.920697e+00  -8.548923e-01  2.174101e+00  
   4.8324299  -1.446268e+00  1.814041e+00  -1.446321e+00  1.813768e+00  -8.695560e-01  2.100699e+00  
   4.8524299  -1.428012e+00  1.720792e+00  -1.428025e+00  1.720504e+00  -8.783857e-01  2.034909e+00  
   4.8734298  -1.403534e+00  1.632076e+00  -1.403507e+00  1.631774e+00  -8.830091e-01  1.970359e+00  
   4.8944302  -1.375124e+00  1.552674e+00  -1.375058e+00  1.552362e+00  -8.835837e-01  1.910538e+00  
   4.9154301  -1.344131e+00  1.482246e+00  -1.344028e+00  1.481926e+00  -8.807737e-01  1.855440e+00  
   4.9364300  -1.311697e+00  1.420261e+00  -1.311559e+00  1.419936e+00  -8.751824e-01  1.804968e+00  
   4.9574299  -1.278758e+00  1.366071e+00  -1.278586e+00  1.365745e+00  -8.673506e-01  1.758956e+00  
   4.9774299  -1.247592e+00  1.321057e+00  -1.247390e+00  1.320732e+00  -8.582479e-01  1.719085e+00  
   4.9984298  -1.215623e+00  1.280010e+00  -1.215391e+00  1.279687e+00  -8.473676e-01  1.681125e+00  
