w Re-xx Im-xx Re-yy Im-yy Re-zz Im-zz
# Gaussian absolute broadening  0.15 [eV]
   0.0000000  7.683129e-01  8.833416e-05  7.683219e-01  8.834466e-05  7.347648e-01  8.219548e-05  
   0.0200000  7.684129e-01  9.454013e-05  7.684218e-01  9.455138e-05  7.348577e-01  8.797032e-05  
   0.0410000  7.685316e-01  1.016121e-04  7.685406e-01  1.016242e-04  7.349682e-01  9.455092e-05  
   0.0620000  7.686670e-01  1.092896e-04  7.686756e-01  1.093025e-04  7.350941e-01  1.016950e-04  
   0.0830000  7.688207e-01  1.176065e-04  7.688295e-01  1.176202e-04  7.352369e-01  1.094338e-04  
   0.1040000  7.689945e-01  1.265923e-04  7.690039e-01  1.266067e-04  7.353994e-01  1.177949e-04  
   0.1240000  7.691817e-01  1.357933e-04  7.691907e-01  1.358085e-04  7.355732e-01  1.263562e-04  
   0.1450000  7.694023e-01  1.461447e-04  7.694113e-01  1.461606e-04  7.357782e-01  1.359878e-04  
   0.1660000  7.696497e-01  1.572099e-04  7.696589e-01  1.572264e-04  7.360087e-01  1.462834e-04  
   0.1870000  7.699267e-01  1.689852e-04  7.699357e-01  1.690023e-04  7.362662e-01  1.572397e-04  
   0.2080000  7.702349e-01  1.814564e-04  7.702436e-01  1.814740e-04  7.365530e-01  1.688433e-04  
   0.2290000  7.705756e-01  1.945979e-04  7.705845e-01  1.946160e-04  7.368702e-01  1.810706e-04  
   0.2490000  7.709326e-01  2.077048e-04  7.709417e-01  2.077232e-04  7.372022e-01  1.932656e-04  
   0.2700000  7.713424e-01  2.220458e-04  7.713514e-01  2.220644e-04  7.375835e-01  2.066087e-04  
   0.2910000  7.717889e-01  2.369306e-04  7.717981e-01  2.369493e-04  7.379988e-01  2.204578e-04  
   0.3120000  7.722732e-01  2.523054e-04  7.722823e-01  2.523242e-04  7.384498e-01  2.347628e-04  
   0.3330000  7.727957e-01  2.681150e-04  7.728046e-01  2.681340e-04  7.389358e-01  2.494724e-04  
   0.3540000  7.733565e-01  2.843063e-04  7.733655e-01  2.843253e-04  7.394575e-01  2.645372e-04  
   0.3740000  7.739266e-01  3.000358e-04  7.739358e-01  3.000549e-04  7.399878e-01  2.791724e-04  
   0.3950000  7.745624e-01  3.168337e-04  7.745717e-01  3.168528e-04  7.405798e-01  2.948019e-04  
   0.4160000  7.752368e-01  3.338832e-04  7.752463e-01  3.339024e-04  7.412072e-01  3.106655e-04  
   0.4374300  7.759651e-01  3.515090e-04  7.759743e-01  3.515283e-04  7.418848e-01  3.270657e-04  
   0.4574300  7.766804e-01  3.681431e-04  7.766898e-01  3.681626e-04  7.425503e-01  3.425434e-04  
   0.4784300  7.774688e-01  3.857836e-04  7.774782e-01  3.858034e-04  7.432839e-01  3.589578e-04  
   0.4994300  7.782952e-01  4.035909e-04  7.783046e-01  4.036112e-04  7.440530e-01  3.755282e-04  
   0.5204300  7.791601e-01  4.215583e-04  7.791696e-01  4.215789e-04  7.448576e-01  3.922478e-04  
   0.5414300  7.800633e-01  4.396820e-04  7.800727e-01  4.397033e-04  7.456980e-01  4.091135e-04  
   0.5614300  7.809594e-01  4.570878e-04  7.809690e-01  4.571098e-04  7.465321e-01  4.253119e-04  
   0.5824300  7.819386e-01  4.755184e-04  7.819480e-01  4.755413e-04  7.474428e-01  4.424645e-04  
   0.6034300  7.829561e-01  4.941106e-04  7.829657e-01  4.941344e-04  7.483897e-01  4.597688e-04  
   0.6244300  7.840136e-01  5.128692e-04  7.840233e-01  5.128946e-04  7.493739e-01  4.772291e-04  
   0.6454300  7.851107e-01  5.318003e-04  7.851204e-01  5.318269e-04  7.503946e-01  4.948507e-04  
   0.6664300  7.862478e-01  5.509097e-04  7.862576e-01  5.509378e-04  7.514527e-01  5.126400e-04  
   0.6864300  7.873678e-01  5.692813e-04  7.873778e-01  5.693110e-04  7.524953e-01  5.297432e-04  
   0.7074300  7.885841e-01  5.887587e-04  7.885941e-01  5.887903e-04  7.536269e-01  5.478778e-04  
   0.7284300  7.898412e-01  6.084353e-04  7.898513e-01  6.084690e-04  7.547969e-01  5.661995e-04  
   0.7494300  7.911403e-01  6.283192e-04  7.911502e-01  6.283547e-04  7.560057e-01  5.847157e-04  
   0.7704300  7.924809e-01  6.484169e-04  7.924911e-01  6.484546e-04  7.572532e-01  6.034333e-04  
   0.7914300  7.938641e-01  6.687378e-04  7.938741e-01  6.687777e-04  7.585409e-01  6.223603e-04  
   0.8114300  7.952209e-01  6.883052e-04  7.952311e-01  6.883472e-04  7.598034e-01  6.405881e-04  
   0.8324300  7.966880e-01  7.090853e-04  7.966985e-01  7.091294e-04  7.611689e-01  6.599476e-04  
   0.8540300  7.982430e-01  7.307185e-04  7.982537e-01  7.307651e-04  7.626163e-01  6.801052e-04  
   0.8740300  7.997248e-01  7.509932e-04  7.997351e-01  7.510415e-04  7.639952e-01  6.989990e-04  
   0.8950300  8.013244e-01  7.725431e-04  8.013347e-01  7.725928e-04  7.654841e-01  7.190846e-04  
   0.9160300  8.029693e-01  7.943709e-04  8.029800e-01  7.944225e-04  7.670152e-01  7.394333e-04  
   0.9370300  8.046604e-01  8.164876e-04  8.046710e-01  8.165409e-04  7.685893e-01  7.600551e-04  
   0.9580300  8.063982e-01  8.389039e-04  8.064089e-01  8.389583e-04  7.702072e-01  7.809608e-04  
   0.9780300  8.080974e-01  8.605418e-04  8.081084e-01  8.605974e-04  7.717893e-01  8.011454e-04  
   0.9990300  8.099288e-01  8.835756e-04  8.099396e-01  8.836323e-04  7.734941e-01  8.226382e-04  
   1.0200300  8.118088e-01  9.069435e-04  8.118197e-01  9.070010e-04  7.752442e-01  8.444488e-04  
   1.0410300  8.137382e-01  9.306566e-04  8.137494e-01  9.307152e-04  7.770412e-01  8.665894e-04  
   1.0620300  8.157183e-01  9.547283e-04  8.157295e-01  9.547877e-04  7.788850e-01  8.890727e-04  
   1.0830300  8.177492e-01  9.791708e-04  8.177606e-01  9.792310e-04  7.807763e-01  9.119117e-04  
   1.1030300  8.197312e-01  1.002805e-03  8.197427e-01  1.002866e-03  7.826222e-01  9.340058e-04  
   1.1240300  8.218639e-01  1.028009e-03  8.218756e-01  1.028071e-03  7.846088e-01  9.575781e-04  
   1.1450300  8.240500e-01  1.053623e-03  8.240618e-01  1.053686e-03  7.866451e-01  9.815483e-04  
   1.1660300  8.262902e-01  1.079662e-03  8.263021e-01  1.079726e-03  7.887323e-01  1.005932e-03  
   1.1870300  8.285856e-01  1.106141e-03  8.285977e-01  1.106206e-03  7.908712e-01  1.030747e-03  
   1.2080300  8.309368e-01  1.133075e-03  8.309489e-01  1.133141e-03  7.930623e-01  1.056011e-03  
   1.2280300  8.332288e-01  1.159166e-03  8.332413e-01  1.159232e-03  7.951986e-01  1.080510e-03  
   1.2490300  8.356919e-01  1.187038e-03  8.357044e-01  1.187105e-03  7.974946e-01  1.106717e-03  
   1.2706300  8.382875e-01  1.216237e-03  8.383002e-01  1.216305e-03  7.999148e-01  1.134220e-03  
   1.2906300  8.407472e-01  1.243769e-03  8.407598e-01  1.243838e-03  8.022082e-01  1.160211e-03  
   1.3116300  8.433897e-01  1.273213e-03  8.434026e-01  1.273283e-03  8.046733e-01  1.188087e-03  
   1.3326300  8.460942e-01  1.303225e-03  8.461071e-01  1.303295e-03  8.071967e-01  1.216611e-03  
   1.3536299  8.488625e-01  1.333829e-03  8.488756e-01  1.333900e-03  8.097802e-01  1.245848e-03  
   1.3746300  8.516954e-01  1.365052e-03  8.517087e-01  1.365124e-03  8.124253e-01  1.275880e-03  
   1.3946300  8.544555e-01  1.395387e-03  8.544688e-01  1.395460e-03  8.150027e-01  1.305311e-03  
   1.4156300  8.574194e-01  1.427897e-03  8.574330e-01  1.427972e-03  8.177715e-01  1.337205e-03  
   1.4366300  8.604523e-01  1.461115e-03  8.604660e-01  1.461191e-03  8.206060e-01  1.370265e-03  
   1.4576300  8.635559e-01  1.495078e-03  8.635699e-01  1.495156e-03  8.235078e-01  1.404675e-03  
   1.4786299  8.667317e-01  1.529829e-03  8.667457e-01  1.529908e-03  8.264783e-01  1.440657e-03  
   1.4996300  8.699812e-01  1.565416e-03  8.699954e-01  1.565497e-03  8.295192e-01  1.478465e-03  
   1.5196300  8.731455e-01  1.600138e-03  8.731598e-01  1.600222e-03  8.324814e-01  1.516438e-03  
   1.5406300  8.765432e-01  1.637533e-03  8.765578e-01  1.637620e-03  8.356637e-01  1.558686e-03  
   1.5616300  8.800194e-01  1.675964e-03  8.800345e-01  1.676054e-03  8.389212e-01  1.603714e-03  
   1.5826300  8.835760e-01  1.715524e-03  8.835911e-01  1.715618e-03  8.422551e-01  1.651896e-03  
   1.6036299  8.872151e-01  1.756320e-03  8.872303e-01  1.756418e-03  8.456679e-01  1.703623e-03  
   1.6246300  8.909382e-01  1.798480e-03  8.909536e-01  1.798583e-03  8.491612e-01  1.759291e-03  
   1.6446300  8.945639e-01  1.840030e-03  8.945796e-01  1.840138e-03  8.525642e-01  1.816335e-03  
   1.6656300  8.984568e-01  1.885285e-03  8.984729e-01  1.885397e-03  8.562192e-01  1.880841e-03  
   1.6872300  9.025559e-01  1.933759e-03  9.025725e-01  1.933877e-03  8.600695e-01  1.952524e-03  
   1.7072300  9.064389e-01  1.980568e-03  9.064553e-01  1.980693e-03  8.637177e-01  2.024080e-03  
   1.7282300  9.106088e-01  2.031914e-03  9.106253e-01  2.032044e-03  8.676371e-01  2.104951e-03  
   1.7492300  9.148764e-01  2.085718e-03  9.148932e-01  2.085855e-03  8.716496e-01  2.192067e-03  
   1.7702301  9.192439e-01  2.142190e-03  9.192611e-01  2.142334e-03  8.757575e-01  2.285796e-03  
   1.7912300  9.237142e-01  2.201529e-03  9.237315e-01  2.201678e-03  8.799639e-01  2.386487e-03  
   1.8112299  9.280702e-01  2.260865e-03  9.280878e-01  2.261022e-03  8.840637e-01  2.489146e-03  
   1.8322300  9.327488e-01  2.326271e-03  9.327666e-01  2.326434e-03  8.884691e-01  2.604300e-03  
   1.8532300  9.375392e-01  2.394958e-03  9.375577e-01  2.395126e-03  8.929808e-01  2.727208e-03  
   1.8742300  9.424438e-01  2.466987e-03  9.424624e-01  2.467159e-03  8.976019e-01  2.858027e-03  
   1.8952301  9.474657e-01  2.542381e-03  9.474848e-01  2.542558e-03  9.023353e-01  2.996883e-03  
   1.9162300  9.526088e-01  2.621134e-03  9.526281e-01  2.621317e-03  9.071839e-01  3.143899e-03  
   1.9362299  9.576218e-01  2.699245e-03  9.576412e-01  2.699432e-03  9.119111e-01  3.291698e-03  
   1.9572300  9.630104e-01  2.784526e-03  9.630303e-01  2.784717e-03  9.169948e-01  3.455456e-03  
   1.9782300  9.685313e-01  2.873194e-03  9.685514e-01  2.873387e-03  9.222056e-01  3.628716e-03  
   1.9992300  9.741879e-01  2.965370e-03  9.742087e-01  2.965566e-03  9.275473e-01  3.812687e-03  
   2.0202301  9.799857e-01  3.061293e-03  9.800065e-01  3.061493e-03  9.330263e-01  4.009205e-03  
   2.0412300  9.859287e-01  3.161340e-03  9.859500e-01  3.161544e-03  9.386470e-01  4.220821e-03  
   2.0612299  9.917283e-01  3.260951e-03  9.917499e-01  3.261160e-03  9.441359e-01  4.439445e-03  
   2.0822301  9.979699e-01  3.370763e-03  9.979919e-01  3.370978e-03  9.500473e-01  4.690859e-03  
   2.1038301  1.004559e+00  3.490187e-03  1.004582e+00  3.490409e-03  9.562917e-01  4.977696e-03  
   2.1238301  1.010817e+00  3.607550e-03  1.010840e+00  3.607781e-03  9.622238e-01  5.273645e-03  
   2.1448300  1.017558e+00  3.738861e-03  1.017581e+00  3.739102e-03  9.686130e-01  5.620979e-03  
   2.1658299  1.024477e+00  3.879571e-03  1.024501e+00  3.879823e-03  9.751671e-01  6.010884e-03  
   2.1868300  1.031581e+00  4.030820e-03  1.031606e+00  4.031089e-03  9.818887e-01  6.448054e-03  
   2.2078300  1.038878e+00  4.193682e-03  1.038903e+00  4.193966e-03  9.887783e-01  6.936352e-03  
   2.2278299  1.046012e+00  4.360492e-03  1.046038e+00  4.360793e-03  9.954966e-01  7.451517e-03  
   2.2488301  1.053704e+00  4.548748e-03  1.053729e+00  4.549066e-03  1.002715e+00  8.046567e-03  
   2.2698300  1.061608e+00  4.751115e-03  1.061634e+00  4.751454e-03  1.010103e+00  8.697292e-03  
   2.2908299  1.069733e+00  4.968156e-03  1.069760e+00  4.968518e-03  1.017661e+00  9.402654e-03  
   2.3118300  1.078087e+00  5.200297e-03  1.078115e+00  5.200685e-03  1.025392e+00  1.016042e-02  
   2.3328300  1.086681e+00  5.447860e-03  1.086710e+00  5.448272e-03  1.033298e+00  1.096734e-02  
   2.3528299  1.095096e+00  5.698214e-03  1.095125e+00  5.698651e-03  1.040995e+00  1.177794e-02  
   2.3738301  1.104183e+00  5.976640e-03  1.104213e+00  5.977107e-03  1.049260e+00  1.266905e-02  
   2.3948300  1.113541e+00  6.271279e-03  1.113572e+00  6.271781e-03  1.057719e+00  1.359659e-02  
   2.4158299  1.123182e+00  6.582511e-03  1.123213e+00  6.583050e-03  1.066384e+00  1.455599e-02  
   2.4368300  1.133118e+00  6.910837e-03  1.133151e+00  6.911417e-03  1.075266e+00  1.554290e-02  
   2.4578300  1.143366e+00  7.256913e-03  1.143399e+00  7.257541e-03  1.084378e+00  1.655328e-02  
   2.4778299  1.153429e+00  7.603798e-03  1.153464e+00  7.604474e-03  1.093283e+00  1.753408e-02  
   2.4988301  1.164332e+00  7.987216e-03  1.164367e+00  7.987955e-03  1.102889e+00  1.858041e-02  
   2.5204301  1.175925e+00  8.403493e-03  1.175961e+00  8.404295e-03  1.113063e+00  1.967159e-02  
   2.5404301  1.187022e+00  8.810266e-03  1.187059e+00  8.811138e-03  1.122765e+00  2.069361e-02  
   2.5614300  1.199070e+00  9.261402e-03  1.199109e+00  9.262353e-03  1.133267e+00  2.177766e-02  
   2.5824299  1.211550e+00  9.739540e-03  1.211590e+00  9.740573e-03  1.144114e+00  2.287257e-02  
   2.6034300  1.224490e+00  1.024769e-02  1.224531e+00  1.024882e-02  1.155333e+00  2.397916e-02  
   2.6244299  1.237920e+00  1.078957e-02  1.237961e+00  1.079078e-02  1.166953e+00  2.509956e-02  
   2.6444299  1.251197e+00  1.134126e-02  1.251240e+00  1.134257e-02  1.178421e+00  2.618303e-02  
   2.6654301  1.265685e+00  1.196362e-02  1.265730e+00  1.196503e-02  1.190917e+00  2.734358e-02  
   2.6864300  1.280775e+00  1.263756e-02  1.280822e+00  1.263907e-02  1.203915e+00  2.853575e-02  
   2.7074299  1.296515e+00  1.337292e-02  1.296563e+00  1.337453e-02  1.217456e+00  2.977071e-02  
   2.7284300  1.312959e+00  1.418263e-02  1.313008e+00  1.418436e-02  1.231584e+00  3.106289e-02  
   2.7494299  1.330165e+00  1.508375e-02  1.330216e+00  1.508559e-02  1.246347e+00  3.243053e-02  
   2.7694299  1.347323e+00  1.604765e-02  1.347375e+00  1.604961e-02  1.261047e+00  3.382403e-02  
   2.7904301  1.366221e+00  1.719950e-02  1.366276e+00  1.720162e-02  1.277206e+00  3.540955e-02  
   2.8114300  1.386105e+00  1.853357e-02  1.386164e+00  1.853588e-02  1.294171e+00  3.715412e-02  
   2.8324299  1.407072e+00  2.010219e-02  1.407133e+00  2.010476e-02  1.312007e+00  3.909973e-02  
   2.8534300  1.429223e+00  2.197408e-02  1.429287e+00  2.197701e-02  1.330791e+00  4.129799e-02  
   2.8744299  1.452670e+00  2.423847e-02  1.452737e+00  2.424190e-02  1.350601e+00  4.381234e-02  
   2.8944299  1.476312e+00  2.686448e-02  1.476382e+00  2.686857e-02  1.370500e+00  4.657216e-02  
   2.9154301  1.502628e+00  3.025311e-02  1.502701e+00  3.025816e-02  1.392565e+00  4.994533e-02  
   2.9370301  1.531411e+00  3.459874e-02  1.531489e+00  3.460515e-02  1.416608e+00  5.404425e-02  
   2.9570301  1.559713e+00  3.960420e-02  1.559796e+00  3.961229e-02  1.440174e+00  5.854180e-02  
   2.9780300  1.591223e+00  4.612785e-02  1.591311e+00  4.613828e-02  1.466354e+00  6.415714e-02  
   2.9990301  1.624626e+00  5.424867e-02  1.624718e+00  5.426220e-02  1.494081e+00  7.088836e-02  
   3.0200300  1.659933e+00  6.431063e-02  1.660032e+00  6.432814e-02  1.523413e+00  7.897510e-02  
   3.0410299  1.697101e+00  7.669428e-02  1.697206e+00  7.671680e-02  1.554384e+00  8.869485e-02  
   3.0610299  1.734124e+00  9.101911e-02  1.734235e+00  9.104752e-02  1.585397e+00  9.975752e-02  
   3.0820301  1.774513e+00  1.091204e-01  1.774630e+00  1.091563e-01  1.619498e+00  1.136035e-01  
   3.1030300  1.816164e+00  1.307630e-01  1.816287e+00  1.308078e-01  1.655054e+00  1.301027e-01  
   3.1240301  1.858689e+00  1.563323e-01  1.858818e+00  1.563873e-01  1.691870e+00  1.496475e-01  
   3.1450300  1.901595e+00  1.861581e-01  1.901729e+00  1.862250e-01  1.729658e+00  1.726310e-01  
   3.1660299  1.944302e+00  2.204905e-01  1.944439e+00  2.205706e-01  1.768035e+00  1.994296e-01  
   3.1860299  1.984186e+00  2.575102e-01  1.984326e+00  2.576039e-01  1.804694e+00  2.288063e-01  
   3.2070301  2.024554e+00  3.009368e-01  2.024696e+00  3.010457e-01  1.842742e+00  2.639576e-01  
   3.2280300  2.062653e+00  3.489076e-01  2.062794e+00  3.490320e-01  1.879682e+00  3.036911e-01  
   3.2490301  2.097761e+00  4.011494e-01  2.097901e+00  4.012894e-01  1.914779e+00  3.480617e-01  
   3.2700300  2.129209e+00  4.572386e-01  2.129345e+00  4.573938e-01  1.947256e+00  3.969761e-01  
   3.2910299  2.156413e+00  5.166180e-01  2.156545e+00  5.167871e-01  1.976325e+00  4.501777e-01  
   3.3110299  2.177958e+00  5.756173e-01  2.178083e+00  5.757980e-01  2.000149e+00  5.044399e-01  
   3.3320301  2.195698e+00  6.394194e-01  2.195816e+00  6.396104e-01  2.020457e+00  5.646135e-01  
   3.3536301  2.208584e+00  7.062107e-01  2.208691e+00  7.064092e-01  2.035730e+00  6.291395e-01  
   3.3736300  2.215693e+00  7.683768e-01  2.215788e+00  7.685796e-01  2.044413e+00  6.904356e-01  
   3.3946300  2.218357e+00  8.332720e-01  2.218443e+00  8.334763e-01  2.047671e+00  7.554515e-01  
   3.4156301  2.216447e+00  8.971409e-01  2.216520e+00  8.973438e-01  2.044925e+00  8.201321e-01  
   3.4366300  2.210423e+00  9.594473e-01  2.210484e+00  9.596452e-01  2.036396e+00  8.834648e-01  
   3.4576299  2.200830e+00  1.019794e+00  2.200879e+00  1.019984e+00  2.022520e+00  9.445080e-01  
   3.4776299  2.188910e+00  1.075209e+00  2.188946e+00  1.075390e+00  2.004911e+00  9.997648e-01  
   3.4986300  2.174021e+00  1.131118e+00  2.174045e+00  1.131288e+00  1.982558e+00  1.054134e+00  
   3.5196300  2.157232e+00  1.184691e+00  2.157244e+00  1.184850e+00  1.957127e+00  1.104321e+00  
   3.5406301  2.139006e+00  1.236019e+00  2.139006e+00  1.236165e+00  1.929559e+00  1.150097e+00  
   3.5616300  2.119713e+00  1.285248e+00  2.119703e+00  1.285382e+00  1.900786e+00  1.191457e+00  
   3.5826299  2.099628e+00  1.332552e+00  2.099609e+00  1.332675e+00  1.871676e+00  1.228604e+00  
   3.6026299  2.079927e+00  1.375967e+00  2.079901e+00  1.376080e+00  1.844325e+00  1.260409e+00  
   3.6236300  2.058745e+00  1.419958e+00  2.058711e+00  1.420062e+00  1.816574e+00  1.290535e+00  
   3.6446300  2.037111e+00  1.462397e+00  2.037072e+00  1.462495e+00  1.790239e+00  1.317883e+00  
   3.6656301  2.015066e+00  1.503312e+00  2.015023e+00  1.503405e+00  1.765574e+00  1.343053e+00  
   3.6866300  1.992666e+00  1.542680e+00  1.992621e+00  1.542771e+00  1.742676e+00  1.366622e+00  
   3.7076299  1.970007e+00  1.580445e+00  1.969961e+00  1.580536e+00  1.721507e+00  1.389099e+00  
   3.7276299  1.948335e+00  1.614867e+00  1.948292e+00  1.614958e+00  1.702834e+00  1.409865e+00  
   3.7486300  1.925711e+00  1.649346e+00  1.925672e+00  1.649441e+00  1.684615e+00  1.431297e+00  
   3.7702301  1.902907e+00  1.683048e+00  1.902875e+00  1.683147e+00  1.667169e+00  1.453151e+00  
   3.7902300  1.882570e+00  1.712744e+00  1.882542e+00  1.712849e+00  1.652038e+00  1.473318e+00  
   3.8112299  1.862429e+00  1.742558e+00  1.862410e+00  1.742670e+00  1.637122e+00  1.494471e+00  
   3.8322301  1.843964e+00  1.771285e+00  1.843953e+00  1.771407e+00  1.623189e+00  1.515615e+00  
   3.8532300  1.827586e+00  1.799372e+00  1.827584e+00  1.799504e+00  1.610311e+00  1.536759e+00  
   3.8742299  1.813649e+00  1.827394e+00  1.813654e+00  1.827539e+00  1.598643e+00  1.557953e+00  
   3.8942299  1.802875e+00  1.854650e+00  1.802886e+00  1.854810e+00  1.588853e+00  1.578280e+00  
   3.9152300  1.794292e+00  1.884614e+00  1.794310e+00  1.884788e+00  1.580201e+00  1.599956e+00  
   3.9362299  1.788452e+00  1.916784e+00  1.788477e+00  1.916975e+00  1.573472e+00  1.622258e+00  
   3.9572301  1.785107e+00  1.952032e+00  1.785136e+00  1.952240e+00  1.568893e+00  1.645589e+00  
   3.9782300  1.783800e+00  1.991219e+00  1.783833e+00  1.991446e+00  1.566624e+00  1.670462e+00  
   3.9992299  1.783862e+00  2.035154e+00  1.783898e+00  2.035398e+00  1.566720e+00  1.697494e+00  
   4.0192299  1.784396e+00  2.082063e+00  1.784433e+00  2.082324e+00  1.568933e+00  1.725897e+00  
   4.0402298  1.784441e+00  2.137192e+00  1.784479e+00  2.137468e+00  1.573238e+00  1.759253e+00  
   4.0612302  1.782768e+00  2.198738e+00  1.782805e+00  2.199031e+00  1.579127e+00  1.797025e+00  
   4.0822301  1.778048e+00  2.266899e+00  1.778083e+00  2.267204e+00  1.585925e+00  1.840011e+00  
   4.1032300  1.768881e+00  2.341640e+00  1.768912e+00  2.341955e+00  1.592728e+00  1.888949e+00  
   4.1242299  1.753846e+00  2.422678e+00  1.753873e+00  2.422999e+00  1.598403e+00  1.944456e+00  
   4.1442299  1.732799e+00  2.505215e+00  1.732819e+00  2.505539e+00  1.601532e+00  2.003825e+00  
   4.1652298  1.702382e+00  2.596747e+00  1.702392e+00  2.597072e+00  1.600968e+00  2.073177e+00  
   4.1868300  1.660989e+00  2.695025e+00  1.660987e+00  2.695344e+00  1.594574e+00  2.151886e+00  
   4.2068300  1.612592e+00  2.788583e+00  1.612575e+00  2.788894e+00  1.581806e+00  2.230992e+00  
   4.2278299  1.550594e+00  2.888066e+00  1.550559e+00  2.888365e+00  1.559691e+00  2.319661e+00  
   4.2488298  1.476611e+00  2.987247e+00  1.476557e+00  2.987530e+00  1.527128e+00  2.412834e+00  
   4.2698302  1.390366e+00  3.084406e+00  1.390288e+00  3.084671e+00  1.482780e+00  2.508860e+00  
   4.2908301  1.291864e+00  3.177737e+00  1.291760e+00  3.177982e+00  1.425622e+00  2.605730e+00  
   4.3108301  1.186910e+00  3.261392e+00  1.186780e+00  3.261615e+00  1.358698e+00  2.696691e+00  
   4.3318300  1.065543e+00  3.341977e+00  1.065385e+00  3.342177e+00  1.275152e+00  2.788466e+00  
   4.3528299  9.335477e-01  3.413392e+00  9.333581e-01  3.413569e+00  1.178332e+00  2.873916e+00  
   4.3738298  7.919990e-01  3.473959e+00  7.917784e-01  3.474113e+00  1.069087e+00  2.950551e+00  
   4.3948302  6.422063e-01  3.522144e+00  6.419550e-01  3.522274e+00  9.487736e-01  3.016065e+00  
   4.4158301  4.857063e-01  3.556581e+00  4.854248e-01  3.556689e+00  8.192157e-01  3.068449e+00  
   4.4358301  3.319910e-01  3.575554e+00  3.316827e-01  3.575640e+00  6.892418e-01  3.104675e+00  
   4.4568300  1.674943e-01  3.580103e+00  1.671603e-01  3.580166e+00  5.482367e-01  3.127300e+00  
   4.4778299  1.801087e-03  3.568299e+00  1.444876e-03  3.568339e+00  4.051889e-01  3.133579e+00  
   4.4988298  -1.629891e-01  3.539850e+00  -1.633633e-01  3.539870e+00  2.627811e-01  3.123510e+00  
   4.5198302  -3.247279e-01  3.494808e+00  -3.251154e-01  3.494804e+00  1.236062e-01  3.097638e+00  
   4.5408301  -4.812526e-01  3.433590e+00  -4.816479e-01  3.433565e+00  -9.935905e-03  3.057016e+00  
   4.5608301  -6.235543e-01  3.360975e+00  -6.239517e-01  3.360928e+00  -1.299685e-01  3.005967e+00  
   4.5818300  -7.639470e-01  3.270823e+00  -7.643414e-01  3.270753e+00  -2.468392e-01  2.941124e+00  
   4.6034298  -8.968267e-01  3.164822e+00  -8.972125e-01  3.164730e+00  -3.559085e-01  2.864531e+00  
   4.6234298  -1.007976e+00  3.056419e+00  -1.008350e+00  3.056307e+00  -4.460180e-01  2.786687e+00  
   4.6444302  -1.111168e+00  2.934060e+00  -1.111524e+00  2.933928e+00  -5.289572e-01  2.699895e+00  
   4.6654301  -1.199645e+00  2.805279e+00  -1.199981e+00  2.805130e+00  -5.999052e-01  2.610000e+00  
   4.6864300  -1.272944e+00  2.672544e+00  -1.273259e+00  2.672382e+00  -6.591844e-01  2.518950e+00  
   4.7074299  -1.331041e+00  2.538347e+00  -1.331333e+00  2.538174e+00  -7.074034e-01  2.428486e+00  
   4.7274299  -1.372605e+00  2.411377e+00  -1.372876e+00  2.411198e+00  -7.437981e-01  2.344235e+00  
   4.7484298  -1.402559e+00  2.281062e+00  -1.402808e+00  2.280883e+00  -7.729400e-01  2.258950e+00  
   4.7694302  -1.419609e+00  2.155733e+00  -1.419839e+00  2.155556e+00  -7.938245e-01  2.177852e+00  
   4.7904301  -1.425150e+00  2.036993e+00  -1.425365e+00  2.036825e+00  -8.075279e-01  2.101641e+00  
   4.8114300  -1.420753e+00  1.926061e+00  -1.420955e+00  1.925905e+00  -8.151072e-01  2.030764e+00  
   4.8324299  -1.408070e+00  1.823767e+00  -1.408265e+00  1.823628e+00  -8.175632e-01  1.965464e+00  
   4.8524299  -1.389796e+00  1.734797e+00  -1.389985e+00  1.734676e+00  -8.159820e-01  1.908521e+00  
   4.8734298  -1.365608e+00  1.650377e+00  -1.365796e+00  1.650278e+00  -8.110007e-01  1.854165e+00  
   4.8944302  -1.337716e+00  1.575025e+00  -1.337906e+00  1.574950e+00  -8.033357e-01  1.805196e+00  
   4.9154301  -1.307387e+00  1.508370e+00  -1.307583e+00  1.508321e+00  -7.936172e-01  1.761349e+00  
   4.9364300  -1.275702e+00  1.449875e+00  -1.275906e+00  1.449852e+00  -7.823801e-01  1.722305e+00  
   4.9574299  -1.243545e+00  1.398894e+00  -1.243761e+00  1.398897e+00  -7.700712e-01  1.687713e+00  
   4.9774299  -1.213125e+00  1.356685e+00  -1.213353e+00  1.356714e+00  -7.576894e-01  1.658570e+00  
   4.9984298  -1.181913e+00  1.318338e+00  -1.182155e+00  1.318392e+00  -7.442836e-01  1.631611e+00  
