w Re-xx Im-xx Re-yy Im-yy Re-zz Im-zz
# Gaussian absolute broadening  0.15 [eV]
   0.0000000  7.672268e-01  8.806453e-05  7.672654e-01  8.806789e-05  7.305219e-01  8.051356e-05  
   0.0200000  7.673264e-01  9.425085e-05  7.673647e-01  9.425471e-05  7.306130e-01  8.616914e-05  
   0.0410000  7.674447e-01  1.013004e-04  7.674833e-01  1.013049e-04  7.307211e-01  9.261371e-05  
   0.0620000  7.675796e-01  1.089537e-04  7.676183e-01  1.089588e-04  7.308445e-01  9.960982e-05  
   0.0830000  7.677328e-01  1.172443e-04  7.677714e-01  1.172502e-04  7.309843e-01  1.071882e-04  
   0.1040000  7.679065e-01  1.262017e-04  7.679449e-01  1.262083e-04  7.311434e-01  1.153758e-04  
   0.1240000  7.680928e-01  1.353736e-04  7.681315e-01  1.353810e-04  7.313136e-01  1.237590e-04  
   0.1450000  7.683127e-01  1.456925e-04  7.683513e-01  1.457008e-04  7.315145e-01  1.331899e-04  
   0.1660000  7.685594e-01  1.567227e-04  7.685978e-01  1.567319e-04  7.317401e-01  1.432705e-04  
   0.1870000  7.688353e-01  1.684610e-04  7.688740e-01  1.684710e-04  7.319924e-01  1.539974e-04  
   0.2080000  7.691425e-01  1.808927e-04  7.691812e-01  1.809037e-04  7.322734e-01  1.653572e-04  
   0.2290000  7.694826e-01  1.939927e-04  7.695212e-01  1.940046e-04  7.325840e-01  1.773268e-04  
   0.2490000  7.698385e-01  2.070582e-04  7.698770e-01  2.070709e-04  7.329091e-01  1.892637e-04  
   0.2700000  7.702467e-01  2.213537e-04  7.702855e-01  2.213675e-04  7.332824e-01  2.023234e-04  
   0.2910000  7.706918e-01  2.361911e-04  7.707307e-01  2.362058e-04  7.336894e-01  2.158767e-04  
   0.3120000  7.711748e-01  2.515168e-04  7.712136e-01  2.515324e-04  7.341308e-01  2.298745e-04  
   0.3330000  7.716954e-01  2.672757e-04  7.717342e-01  2.672923e-04  7.346066e-01  2.442665e-04  
   0.3540000  7.722545e-01  2.834146e-04  7.722934e-01  2.834322e-04  7.351176e-01  2.590038e-04  
   0.3740000  7.728228e-01  2.990930e-04  7.728616e-01  2.991117e-04  7.356368e-01  2.733187e-04  
   0.3950000  7.734569e-01  3.158358e-04  7.734956e-01  3.158558e-04  7.362163e-01  2.886035e-04  
   0.4160000  7.741288e-01  3.328289e-04  7.741680e-01  3.328501e-04  7.368304e-01  3.041144e-04  
   0.4374300  7.748547e-01  3.503958e-04  7.748938e-01  3.504186e-04  7.374936e-01  3.201467e-04  
   0.4574300  7.755678e-01  3.669738e-04  7.756070e-01  3.669983e-04  7.381450e-01  3.352743e-04  
   0.4784300  7.763538e-01  3.845541e-04  7.763928e-01  3.845805e-04  7.388630e-01  3.513137e-04  
   0.4994300  7.771776e-01  4.023000e-04  7.772169e-01  4.023287e-04  7.396156e-01  3.675018e-04  
   0.5204300  7.780399e-01  4.202048e-04  7.780791e-01  4.202360e-04  7.404031e-01  3.838316e-04  
   0.5414300  7.789400e-01  4.382647e-04  7.789793e-01  4.382984e-04  7.412254e-01  4.002999e-04  
   0.5614300  7.798334e-01  4.556087e-04  7.798727e-01  4.556454e-04  7.420414e-01  4.161125e-04  
   0.5824300  7.808090e-01  4.739732e-04  7.808484e-01  4.740127e-04  7.429324e-01  4.328520e-04  
   0.6034300  7.818234e-01  4.924978e-04  7.818629e-01  4.925402e-04  7.438586e-01  4.497342e-04  
   0.6244300  7.828774e-01  5.111879e-04  7.829170e-01  5.112335e-04  7.448211e-01  4.667635e-04  
   0.6454300  7.839707e-01  5.300490e-04  7.840105e-01  5.300978e-04  7.458196e-01  4.839448e-04  
   0.6664300  7.851043e-01  5.490875e-04  7.851440e-01  5.491389e-04  7.468542e-01  5.012832e-04  
   0.6864300  7.862207e-01  5.673898e-04  7.862605e-01  5.674437e-04  7.478735e-01  5.179475e-04  
   0.7074300  7.874330e-01  5.867938e-04  7.874727e-01  5.868499e-04  7.489800e-01  5.356102e-04  
   0.7284300  7.886858e-01  6.063954e-04  7.887257e-01  6.064533e-04  7.501234e-01  5.534484e-04  
   0.7494300  7.899805e-01  6.262023e-04  7.900206e-01  6.262618e-04  7.513050e-01  5.714686e-04  
   0.7704300  7.913166e-01  6.462219e-04  7.913566e-01  6.462822e-04  7.525243e-01  5.896772e-04  
   0.7914300  7.926952e-01  6.664628e-04  7.927355e-01  6.665237e-04  7.537822e-01  6.080819e-04  
   0.8114300  7.940474e-01  6.859520e-04  7.940876e-01  6.860134e-04  7.550159e-01  6.257986e-04  
   0.8324300  7.955093e-01  7.066480e-04  7.955499e-01  7.067095e-04  7.563497e-01  6.446071e-04  
   0.8540300  7.970591e-01  7.281927e-04  7.970998e-01  7.282541e-04  7.577633e-01  6.641811e-04  
   0.8740300  7.985357e-01  7.483823e-04  7.985764e-01  7.484437e-04  7.591098e-01  6.825190e-04  
   0.8950300  8.001297e-01  7.698407e-04  8.001704e-01  7.699021e-04  7.605634e-01  7.020036e-04  
   0.9160300  8.017685e-01  7.915740e-04  8.018096e-01  7.916354e-04  7.620581e-01  7.217327e-04  
   0.9370300  8.034539e-01  8.135930e-04  8.034948e-01  8.136546e-04  7.635944e-01  7.417154e-04  
   0.9580300  8.051855e-01  8.359081e-04  8.052264e-01  8.359701e-04  7.651731e-01  7.619609e-04  
   0.9780300  8.068788e-01  8.574466e-04  8.069200e-01  8.575092e-04  7.667163e-01  7.814968e-04  
   0.9990300  8.087034e-01  8.803725e-04  8.087448e-01  8.804361e-04  7.683792e-01  8.022853e-04  
   1.0200300  8.105764e-01  9.036283e-04  8.106180e-01  9.036932e-04  7.700861e-01  8.233670e-04  
   1.0410300  8.124991e-01  9.272256e-04  8.125406e-01  9.272916e-04  7.718377e-01  8.447526e-04  
   1.0620300  8.144717e-01  9.511765e-04  8.145134e-01  9.512447e-04  7.736349e-01  8.664530e-04  
   1.0830300  8.164949e-01  9.754939e-04  8.165368e-01  9.755635e-04  7.754778e-01  8.884789e-04  
   1.1030300  8.184694e-01  9.990052e-04  8.185117e-01  9.990766e-04  7.772761e-01  9.097697e-04  
   1.1240300  8.205942e-01  1.024074e-03  8.206364e-01  1.024148e-03  7.792109e-01  9.324649e-04  
   1.1450300  8.227718e-01  1.049549e-03  8.228140e-01  1.049624e-03  7.811936e-01  9.555211e-04  
   1.1660300  8.250032e-01  1.075442e-03  8.250459e-01  1.075519e-03  7.832250e-01  9.789502e-04  
   1.1870300  8.272895e-01  1.101769e-03  8.273324e-01  1.101848e-03  7.853063e-01  1.002766e-03  
   1.2080300  8.296317e-01  1.128545e-03  8.296745e-01  1.128625e-03  7.874377e-01  1.026982e-03  
   1.2280300  8.319145e-01  1.154477e-03  8.319574e-01  1.154559e-03  7.895148e-01  1.050429e-03  
   1.2490300  8.343676e-01  1.182175e-03  8.344106e-01  1.182259e-03  7.917465e-01  1.075468e-03  
   1.2706300  8.369526e-01  1.211185e-03  8.369958e-01  1.211271e-03  7.940980e-01  1.101688e-03  
   1.2906300  8.394017e-01  1.238533e-03  8.394453e-01  1.238621e-03  7.963257e-01  1.126402e-03  
   1.3116300  8.420331e-01  1.267772e-03  8.420768e-01  1.267862e-03  7.987188e-01  1.152821e-03  
   1.3326300  8.447260e-01  1.297566e-03  8.447698e-01  1.297657e-03  8.011671e-01  1.179739e-03  
   1.3536299  8.474819e-01  1.327936e-03  8.475261e-01  1.328029e-03  8.036728e-01  1.207177e-03  
   1.3746300  8.503027e-01  1.358904e-03  8.503470e-01  1.358999e-03  8.062367e-01  1.235159e-03  
   1.3946300  8.530502e-01  1.388975e-03  8.530946e-01  1.389072e-03  8.087341e-01  1.262336e-03  
   1.4156300  8.560005e-01  1.421178e-03  8.560453e-01  1.421278e-03  8.114148e-01  1.291451e-03  
   1.4366300  8.590195e-01  1.454049e-03  8.590642e-01  1.454152e-03  8.141577e-01  1.321192e-03  
   1.4576300  8.621083e-01  1.487616e-03  8.621532e-01  1.487721e-03  8.169641e-01  1.351596e-03  
   1.4786299  8.652685e-01  1.521904e-03  8.653140e-01  1.522012e-03  8.198349e-01  1.382704e-03  
   1.4996300  8.685018e-01  1.556943e-03  8.685473e-01  1.557053e-03  8.227717e-01  1.414571e-03  
   1.5196300  8.716497e-01  1.591037e-03  8.716955e-01  1.591151e-03  8.256308e-01  1.445682e-03  
   1.5406300  8.750296e-01  1.627631e-03  8.750756e-01  1.627747e-03  8.287001e-01  1.479229e-03  
   1.5616300  8.784872e-01  1.665072e-03  8.785337e-01  1.665191e-03  8.318398e-01  1.513774e-03  
   1.5826300  8.820242e-01  1.703396e-03  8.820707e-01  1.703519e-03  8.350515e-01  1.549438e-03  
   1.6036299  8.856424e-01  1.742648e-03  8.856891e-01  1.742775e-03  8.383369e-01  1.586374e-03  
   1.6246300  8.893439e-01  1.782872e-03  8.893908e-01  1.783003e-03  8.416978e-01  1.624765e-03  
   1.6446300  8.929476e-01  1.822131e-03  8.929952e-01  1.822266e-03  8.449697e-01  1.662877e-03  
   1.6656300  8.968167e-01  1.864406e-03  8.968642e-01  1.864544e-03  8.484825e-01  1.704770e-03  
   1.6872300  9.008898e-01  1.909078e-03  9.009375e-01  1.909222e-03  8.521804e-01  1.750165e-03  
   1.7072300  9.047473e-01  1.951584e-03  9.047955e-01  1.951732e-03  8.556826e-01  1.794589e-03  
   1.7282300  9.088895e-01  1.997469e-03  9.089378e-01  1.997622e-03  8.594428e-01  1.844058e-03  
   1.7492300  9.131279e-01  2.044726e-03  9.131767e-01  2.044884e-03  8.632900e-01  1.896799e-03  
   1.7702301  9.174649e-01  2.093447e-03  9.175144e-01  2.093611e-03  8.672266e-01  1.953220e-03  
   1.7912300  9.219043e-01  2.143736e-03  9.219537e-01  2.143905e-03  8.712550e-01  2.013743e-03  
   1.8112299  9.262291e-01  2.193190e-03  9.262795e-01  2.193365e-03  8.751789e-01  2.075597e-03  
   1.8322300  9.308751e-01  2.246869e-03  9.309253e-01  2.247052e-03  8.793932e-01  2.145387e-03  
   1.8532300  9.356316e-01  2.302473e-03  9.356821e-01  2.302661e-03  8.837058e-01  2.220578e-03  
   1.8742300  9.405015e-01  2.360137e-03  9.405526e-01  2.360332e-03  8.881199e-01  2.301622e-03  
   1.8952301  9.454886e-01  2.420003e-03  9.455402e-01  2.420205e-03  8.926377e-01  2.388981e-03  
   1.9162300  9.505965e-01  2.482218e-03  9.506481e-01  2.482426e-03  8.972619e-01  2.483116e-03  
   1.9362299  9.555751e-01  2.543788e-03  9.556272e-01  2.544004e-03  9.017665e-01  2.579496e-03  
   1.9572300  9.609267e-01  2.611013e-03  9.609794e-01  2.611236e-03  9.066052e-01  2.688198e-03  
   1.9782300  9.664103e-01  2.681014e-03  9.664632e-01  2.681246e-03  9.115582e-01  2.805004e-03  
   1.9992300  9.720282e-01  2.753923e-03  9.720815e-01  2.754161e-03  9.166279e-01  2.930279e-03  
   2.0202301  9.777853e-01  2.829854e-03  9.778394e-01  2.830102e-03  9.218172e-01  3.064306e-03  
   2.0412300  9.836861e-01  2.908911e-03  9.837404e-01  2.909167e-03  9.271291e-01  3.207230e-03  
   2.0612299  9.894431e-01  2.987184e-03  9.894982e-01  2.987448e-03  9.323052e-01  3.351625e-03  
   2.0822301  9.956378e-01  3.072569e-03  9.956933e-01  3.072844e-03  9.378658e-01  3.511773e-03  
   2.1038301  1.002175e+00  3.163878e-03  1.002231e+00  3.164163e-03  9.437245e-01  3.685271e-03  
   2.1238301  1.008382e+00  3.251631e-03  1.008438e+00  3.251924e-03  9.492780e-01  3.853407e-03  
   2.1448300  1.015066e+00  3.347164e-03  1.015123e+00  3.347469e-03  9.552485e-01  4.037142e-03  
   2.1658299  1.021925e+00  3.446284e-03  1.021983e+00  3.446599e-03  9.613644e-01  4.227644e-03  
   2.1868300  1.028968e+00  3.549153e-03  1.029027e+00  3.549481e-03  9.676331e-01  4.424343e-03  
   2.2078300  1.036202e+00  3.656007e-03  1.036261e+00  3.656348e-03  9.740603e-01  4.626772e-03  
   2.2278299  1.043276e+00  3.761781e-03  1.043336e+00  3.762133e-03  9.803339e-01  4.824634e-03  
   2.2488301  1.050905e+00  3.877483e-03  1.050965e+00  3.877850e-03  9.870889e-01  5.037661e-03  
   2.2698300  1.058748e+00  3.998511e-03  1.058809e+00  3.998891e-03  9.940223e-01  5.256284e-03  
   2.2908299  1.066816e+00  4.125584e-03  1.066878e+00  4.125981e-03  1.001142e+00  5.480972e-03  
   2.3118300  1.075118e+00  4.259583e-03  1.075180e+00  4.259997e-03  1.008457e+00  5.712434e-03  
   2.3328300  1.083663e+00  4.401529e-03  1.083726e+00  4.401961e-03  1.015974e+00  5.951587e-03  
   2.3528299  1.092038e+00  4.545179e-03  1.092102e+00  4.545628e-03  1.023330e+00  6.187496e-03  
   2.3738301  1.101092e+00  4.706149e-03  1.101156e+00  4.706621e-03  1.031269e+00  6.444919e-03  
   2.3948300  1.110422e+00  4.878894e-03  1.110488e+00  4.879387e-03  1.039439e+00  6.713550e-03  
   2.4158299  1.120042e+00  5.064916e-03  1.120108e+00  5.065436e-03  1.047849e+00  6.994727e-03  
   2.4368300  1.129966e+00  5.265791e-03  1.130033e+00  5.266336e-03  1.056511e+00  7.289801e-03  
   2.4578300  1.140208e+00  5.483119e-03  1.140276e+00  5.483691e-03  1.065438e+00  7.600126e-03  
   2.4778299  1.150272e+00  5.706873e-03  1.150341e+00  5.707476e-03  1.074195e+00  7.911088e-03  
   2.4988301  1.161179e+00  5.960983e-03  1.161250e+00  5.961621e-03  1.083673e+00  8.255084e-03  
   2.5204301  1.172783e+00  6.244496e-03  1.172855e+00  6.245170e-03  1.093739e+00  8.629010e-03  
   2.5404301  1.183894e+00  6.528521e-03  1.183966e+00  6.529231e-03  1.103360e+00  8.994695e-03  
   2.5614300  1.195959e+00  6.850585e-03  1.196033e+00  6.851339e-03  1.113792e+00  9.400201e-03  
   2.5824299  1.208458e+00  7.198757e-03  1.208533e+00  7.199557e-03  1.124577e+00  9.829264e-03  
   2.6034300  1.221419e+00  7.574979e-03  1.221495e+00  7.575829e-03  1.135737e+00  1.028359e-02  
   2.6244299  1.234870e+00  7.981541e-03  1.234947e+00  7.982447e-03  1.147293e+00  1.076510e-02  
   2.6444299  1.248168e+00  8.399645e-03  1.248247e+00  8.400610e-03  1.158690e+00  1.125109e-02  
   2.6654301  1.262679e+00  8.874847e-03  1.262760e+00  8.875879e-03  1.171092e+00  1.179288e-02  
   2.6864300  1.277794e+00  9.392359e-03  1.277877e+00  9.393474e-03  1.183969e+00  1.237048e-02  
   2.7074299  1.293563e+00  9.959624e-03  1.293647e+00  9.960833e-03  1.197357e+00  1.298859e-02  
   2.7284300  1.310039e+00  1.058706e-02  1.310125e+00  1.058837e-02  1.211291e+00  1.365339e-02  
   2.7494299  1.327285e+00  1.128921e-02  1.327373e+00  1.129066e-02  1.225814e+00  1.437310e-02  
   2.7694299  1.344490e+00  1.204589e-02  1.344581e+00  1.204750e-02  1.240237e+00  1.511964e-02  
   2.7904301  1.363453e+00  1.295946e-02  1.363546e+00  1.296128e-02  1.256055e+00  1.598181e-02  
   2.8114300  1.383421e+00  1.403222e-02  1.383516e+00  1.403431e-02  1.272621e+00  1.694348e-02  
   2.8324299  1.404495e+00  1.531518e-02  1.404594e+00  1.531762e-02  1.290007e+00  1.803073e-02  
   2.8534300  1.426784e+00  1.687635e-02  1.426885e+00  1.687927e-02  1.308287e+00  1.927810e-02  
   2.8744299  1.450406e+00  1.880520e-02  1.450511e+00  1.880874e-02  1.327547e+00  2.073093e-02  
   2.8944299  1.474256e+00  2.108962e-02  1.474364e+00  2.109397e-02  1.346887e+00  2.235940e-02  
   2.9154301  1.500841e+00  2.409885e-02  1.500954e+00  2.410429e-02  1.368337e+00  2.439888e-02  
   2.9370301  1.529965e+00  2.803606e-02  1.530082e+00  2.804299e-02  1.391733e+00  2.694841e-02  
   2.9570301  1.558647e+00  3.265205e-02  1.558768e+00  3.266079e-02  1.414705e+00  2.983040e-02  
   2.9780300  1.590629e+00  3.876209e-02  1.590755e+00  3.877323e-02  1.440289e+00  3.354080e-02  
   2.9990301  1.624584e+00  4.647342e-02  1.624716e+00  4.648765e-02  1.467479e+00  3.813210e-02  
   3.0200300  1.660531e+00  5.614110e-02  1.660669e+00  5.615914e-02  1.496370e+00  4.382407e-02  
   3.0410299  1.698429e+00  6.815853e-02  1.698572e+00  6.818128e-02  1.527040e+00  5.087744e-02  
   3.0610299  1.736228e+00  8.217395e-02  1.736378e+00  8.220210e-02  1.557946e+00  5.913755e-02  
   3.0820301  1.777514e+00  1.000072e-01  1.777670e+00  1.000420e-01  1.592184e+00  6.976077e-02  
   3.1030300  1.820139e+00  1.214564e-01  1.820301e+00  1.214990e-01  1.628199e+00  8.275677e-02  
   3.1240301  1.863701e+00  1.469244e-01  1.863869e+00  1.469758e-01  1.665872e+00  9.853710e-02  
   3.1450300  1.907688e+00  1.767578e-01  1.907862e+00  1.768191e-01  1.704993e+00  1.175301e-01  
   3.1660299  1.951498e+00  2.112225e-01  1.951678e+00  2.112945e-01  1.745257e+00  1.401648e-01  
   3.1860299  1.992427e+00  2.484961e-01  1.992614e+00  2.485791e-01  1.784290e+00  1.654798e-01  
   3.2070301  2.033858e+00  2.923331e-01  2.034049e+00  2.924281e-01  1.825494e+00  1.963512e-01  
   3.2280300  2.072949e+00  3.408669e-01  2.073145e+00  3.409741e-01  1.866309e+00  2.318942e-01  
   3.2490301  2.108947e+00  3.938249e-01  2.109146e+00  3.939442e-01  1.906015e+00  2.722838e-01  
   3.2700300  2.141143e+00  4.507777e-01  2.141346e+00  4.509084e-01  1.943824e+00  3.175575e-01  
   3.2910299  2.168930e+00  5.111550e-01  2.169136e+00  5.112966e-01  1.978906e+00  3.675927e-01  
   3.3110299  2.190850e+00  5.712124e-01  2.191059e+00  5.713630e-01  2.009024e+00  4.194013e-01  
   3.3320301  2.208781e+00  6.362149e-01  2.208991e+00  6.363738e-01  2.036432e+00  4.777064e-01  
   3.3536301  2.221633e+00  7.043044e-01  2.221844e+00  7.044705e-01  2.059396e+00  5.411767e-01  
   3.3736300  2.228505e+00  7.676980e-01  2.228718e+00  7.678692e-01  2.075407e+00  6.023553e-01  
   3.3946300  2.230721e+00  8.338736e-01  2.230935e+00  8.340484e-01  2.086409e+00  6.681865e-01  
   3.4156301  2.228172e+00  8.989789e-01  2.228386e+00  8.991561e-01  2.091287e+00  7.346601e-01  
   3.4366300  2.221346e+00  9.624445e-01  2.221558e+00  9.626231e-01  2.090086e+00  8.007388e-01  
   3.4576299  2.210817e+00  1.023845e+00  2.211029e+00  1.024024e+00  2.083085e+00  8.654172e-01  
   3.4776299  2.197907e+00  1.080150e+00  2.198116e+00  1.080329e+00  2.071472e+00  9.248713e-01  
   3.4986300  2.181909e+00  1.136864e+00  2.182115e+00  1.137043e+00  2.054731e+00  9.842905e-01  
   3.5196300  2.163960e+00  1.191109e+00  2.164162e+00  1.191289e+00  2.034137e+00  1.040030e+00  
   3.5406301  2.144546e+00  1.242992e+00  2.144743e+00  1.243171e+00  2.010592e+00  1.091693e+00  
   3.5616300  2.124049e+00  1.292681e+00  2.124240e+00  1.292862e+00  1.985028e+00  1.139103e+00  
   3.5826299  2.102746e+00  1.340385e+00  2.102929e+00  1.340568e+00  1.958346e+00  1.182307e+00  
   3.6026299  2.081865e+00  1.384157e+00  2.082041e+00  1.384342e+00  1.932641e+00  1.219766e+00  
   3.6236300  2.059406e+00  1.428540e+00  2.059570e+00  1.428727e+00  1.905995e+00  1.255613e+00  
   3.6446300  2.036427e+00  1.471419e+00  2.036581e+00  1.471608e+00  1.880220e+00  1.288397e+00  
   3.6656301  2.012937e+00  1.512845e+00  2.013077e+00  1.513037e+00  1.855660e+00  1.318689e+00  
   3.6866300  1.988947e+00  1.552801e+00  1.989074e+00  1.552995e+00  1.832491e+00  1.347065e+00  
   3.7076299  1.964510e+00  1.591215e+00  1.964624e+00  1.591412e+00  1.810736e+00  1.374049e+00  
   3.7276299  1.940930e+00  1.626272e+00  1.941031e+00  1.626469e+00  1.791251e+00  1.398851e+00  
   3.7486300  1.916040e+00  1.661368e+00  1.916129e+00  1.661567e+00  1.771934e+00  1.424261e+00  
   3.7702301  1.890600e+00  1.695549e+00  1.890676e+00  1.695748e+00  1.753103e+00  1.449927e+00  
   3.7902300  1.867536e+00  1.725437e+00  1.867601e+00  1.725636e+00  1.736460e+00  1.473348e+00  
   3.8112299  1.844255e+00  1.755062e+00  1.844308e+00  1.755259e+00  1.719718e+00  1.497587e+00  
   3.8322301  1.822405e+00  1.783062e+00  1.822450e+00  1.783258e+00  1.703725e+00  1.521414e+00  
   3.8532300  1.802477e+00  1.809753e+00  1.802514e+00  1.809948e+00  1.688580e+00  1.544773e+00  
   3.8742299  1.784933e+00  1.835603e+00  1.784965e+00  1.835796e+00  1.674480e+00  1.567647e+00  
   3.8942299  1.770799e+00  1.859998e+00  1.770828e+00  1.860191e+00  1.662274e+00  1.589033e+00  
   3.9152300  1.758924e+00  1.886098e+00  1.758951e+00  1.886291e+00  1.651051e+00  1.611229e+00  
   3.9362299  1.750210e+00  1.913550e+00  1.750236e+00  1.913744e+00  1.641793e+00  1.633448e+00  
   3.9572301  1.744591e+00  1.943307e+00  1.744616e+00  1.943504e+00  1.634808e+00  1.656124e+00  
   3.9782300  1.741776e+00  1.976368e+00  1.741802e+00  1.976568e+00  1.630334e+00  1.679821e+00  
   3.9992299  1.741240e+00  2.013731e+00  1.741267e+00  2.013936e+00  1.628499e+00  1.705231e+00  
   4.0192299  1.742148e+00  2.054175e+00  1.742175e+00  2.054384e+00  1.629192e+00  1.731744e+00  
   4.0402298  1.743628e+00  2.102536e+00  1.743655e+00  2.102751e+00  1.632295e+00  1.762836e+00  
   4.0612302  1.744460e+00  2.157586e+00  1.744485e+00  2.157807e+00  1.637453e+00  1.798138e+00  
   4.0822301  1.743265e+00  2.219760e+00  1.743287e+00  2.219986e+00  1.644061e+00  1.838535e+00  
   4.1032300  1.738543e+00  2.289232e+00  1.738559e+00  2.289462e+00  1.651287e+00  1.884859e+00  
   4.1242299  1.728732e+00  2.365887e+00  1.728739e+00  2.366117e+00  1.658072e+00  1.937836e+00  
   4.1442299  1.713233e+00  2.445177e+00  1.713229e+00  2.445405e+00  1.662958e+00  1.994996e+00  
   4.1652298  1.689075e+00  2.534328e+00  1.689056e+00  2.534552e+00  1.665021e+00  2.062390e+00  
   4.1868300  1.654404e+00  2.631277e+00  1.654368e+00  2.631492e+00  1.662178e+00  2.139672e+00  
   4.2068300  1.612342e+00  2.724592e+00  1.612287e+00  2.724796e+00  1.653434e+00  2.218188e+00  
   4.2278299  1.556979e+00  2.824792e+00  1.556902e+00  2.824979e+00  1.636217e+00  2.307221e+00  
   4.2488298  1.489511e+00  2.925629e+00  1.489410e+00  2.925796e+00  1.609078e+00  2.401990e+00  
   4.2698302  1.409569e+00  3.025327e+00  1.409444e+00  3.025470e+00  1.570448e+00  2.501051e+00  
   4.2908301  1.317084e+00  3.122035e+00  1.316932e+00  3.122151e+00  1.519007e+00  2.602557e+00  
   4.3108301  1.217526e+00  3.209660e+00  1.217349e+00  3.209749e+00  1.457217e+00  2.699506e+00  
   4.3318300  1.101393e+00  3.295202e+00  1.101189e+00  3.295261e+00  1.378382e+00  2.799224e+00  
   4.3528299  9.740856e-01  3.372380e+00  9.738562e-01  3.372406e+00  1.285223e+00  2.894232e+00  
   4.3738298  8.365545e-01  3.439512e+00  8.362990e-01  3.439507e+00  1.178263e+00  2.981855e+00  
   4.3948302  6.899581e-01  3.495040e+00  6.896780e-01  3.495002e+00  1.058587e+00  3.059512e+00  
   4.4158301  5.356693e-01  3.537538e+00  5.353659e-01  3.537468e+00  9.278282e-01  3.124848e+00  
   4.4358301  3.829951e-01  3.564752e+00  3.826720e-01  3.564653e+00  7.949100e-01  3.173800e+00  
   4.4568300  2.183350e-01  3.578383e+00  2.179939e-01  3.578253e+00  6.489164e-01  3.209792e+00  
   4.4778299  5.108733e-02  3.575879e+00  5.073167e-02  3.575718e+00  4.990157e-01  3.229039e+00  
   4.4988298  -1.166970e-01  3.556665e+00  -1.170625e-01  3.556478e+00  3.480472e-01  3.231149e+00  
   4.5198302  -2.828465e-01  3.520478e+00  -2.832172e-01  3.520262e+00  1.988170e-01  3.216335e+00  
   4.5408301  -4.450971e-01  3.467404e+00  -4.454668e-01  3.467164e+00  5.397730e-02  3.185378e+00  
   4.5608301  -5.939124e-01  3.401591e+00  -5.942748e-01  3.401330e+00  -7.772229e-02  3.142060e+00  
   4.5818300  -7.420227e-01  3.317309e+00  -7.423706e-01  3.317028e+00  -2.075336e-01  3.083664e+00  
   4.6034298  -8.834725e-01  3.215759e+00  -8.837984e-01  3.215461e+00  -3.303767e-01  3.011860e+00  
   4.6234298  -1.002825e+00  3.109906e+00  -1.003124e+00  3.109595e+00  -4.334266e-01  2.936787e+00  
   4.6444302  -1.114588e+00  2.988550e+00  -1.114853e+00  2.988230e+00  -5.299251e-01  2.851238e+00  
   4.6654301  -1.211287e+00  2.859093e+00  -1.211512e+00  2.858770e+00  -6.141986e-01  2.760973e+00  
   4.6864300  -1.292189e+00  2.724127e+00  -1.292370e+00  2.723806e+00  -6.863823e-01  2.668067e+00  
   4.7074299  -1.357052e+00  2.586337e+00  -1.357188e+00  2.586024e+00  -7.469182e-01  2.574414e+00  
   4.7274299  -1.404144e+00  2.454905e+00  -1.404236e+00  2.454605e+00  -7.943632e-01  2.486039e+00  
   4.7484298  -1.438861e+00  2.319081e+00  -1.438905e+00  2.318796e+00  -8.342756e-01  2.395453e+00  
   4.7694302  -1.459585e+00  2.187672e+00  -1.459585e+00  2.187410e+00  -8.649811e-01  2.308242e+00  
   4.7904301  -1.467747e+00  2.062558e+00  -1.467705e+00  2.062321e+00  -8.874865e-01  2.225286e+00  
   4.8114300  -1.464999e+00  1.945199e+00  -1.464920e+00  1.944989e+00  -9.028088e-01  2.147213e+00  
   4.8324299  -1.453107e+00  1.836630e+00  -1.452994e+00  1.836449e+00  -9.119408e-01  2.074434e+00  
   4.8524299  -1.434906e+00  1.741973e+00  -1.434765e+00  1.741822e+00  -9.157443e-01  2.010248e+00  
   4.8734298  -1.410218e+00  1.651998e+00  -1.410053e+00  1.651878e+00  -9.154407e-01  1.948296e+00  
   4.8944302  -1.381370e+00  1.571592e+00  -1.381184e+00  1.571502e+00  -9.115211e-01  1.891855e+00  
   4.9154301  -1.349759e+00  1.500422e+00  -1.349557e+00  1.500363e+00  -9.047009e-01  1.840763e+00  
   4.9364300  -1.316581e+00  1.437958e+00  -1.316366e+00  1.437926e+00  -8.956121e-01  1.794777e+00  
   4.9574299  -1.282822e+00  1.383538e+00  -1.282597e+00  1.383533e+00  -8.848023e-01  1.753602e+00  
   4.9774299  -1.250847e+00  1.338518e+00  -1.250615e+00  1.338537e+00  -8.733383e-01  1.718559e+00  
   4.9984298  -1.218035e+00  1.297664e+00  -1.217798e+00  1.297706e+00  -8.604546e-01  1.685811e+00  
