w Re-xx Im-xx Re-yy Im-yy Re-zz Im-zz
# Gaussian absolute broadening  0.15 [eV]
   0.0000000  7.690927e-01  8.860441e-05  7.691190e-01  8.860499e-05  7.248239e-01  7.884164e-05  
   0.0200000  7.691929e-01  9.482758e-05  7.692192e-01  9.482832e-05  7.249130e-01  8.437698e-05  
   0.0410000  7.693119e-01  1.019191e-04  7.693383e-01  1.019200e-04  7.250190e-01  9.068447e-05  
   0.0620000  7.694474e-01  1.096177e-04  7.694740e-01  1.096189e-04  7.251396e-01  9.753163e-05  
   0.0830000  7.696018e-01  1.179572e-04  7.696280e-01  1.179587e-04  7.252768e-01  1.049486e-04  
   0.1040000  7.697762e-01  1.269673e-04  7.698027e-01  1.269692e-04  7.254323e-01  1.129615e-04  
   0.1240000  7.699639e-01  1.361930e-04  7.699900e-01  1.361953e-04  7.255991e-01  1.211658e-04  
   0.1450000  7.701849e-01  1.465723e-04  7.702113e-01  1.465751e-04  7.257960e-01  1.303953e-04  
   0.1660000  7.704334e-01  1.576670e-04  7.704598e-01  1.576704e-04  7.260169e-01  1.402603e-04  
   0.1870000  7.707108e-01  1.694737e-04  7.707374e-01  1.694778e-04  7.262637e-01  1.507574e-04  
   0.2080000  7.710196e-01  1.819779e-04  7.710463e-01  1.819828e-04  7.265388e-01  1.618736e-04  
   0.2290000  7.713618e-01  1.951543e-04  7.713881e-01  1.951601e-04  7.268427e-01  1.735862e-04  
   0.2490000  7.717195e-01  2.082959e-04  7.717460e-01  2.083025e-04  7.271610e-01  1.852665e-04  
   0.2700000  7.721304e-01  2.226751e-04  7.721568e-01  2.226826e-04  7.275266e-01  1.980449e-04  
   0.2910000  7.725784e-01  2.375993e-04  7.726049e-01  2.376078e-04  7.279248e-01  2.113058e-04  
   0.3120000  7.730638e-01  2.530151e-04  7.730907e-01  2.530246e-04  7.283568e-01  2.250011e-04  
   0.3330000  7.735878e-01  2.688670e-04  7.736142e-01  2.688776e-04  7.288228e-01  2.390814e-04  
   0.3540000  7.741502e-01  2.851018e-04  7.741771e-01  2.851134e-04  7.293229e-01  2.534987e-04  
   0.3740000  7.747217e-01  3.008736e-04  7.747484e-01  3.008862e-04  7.298311e-01  2.675020e-04  
   0.3950000  7.753597e-01  3.177170e-04  7.753863e-01  3.177306e-04  7.303981e-01  2.824531e-04  
   0.4160000  7.760358e-01  3.348129e-04  7.760625e-01  3.348274e-04  7.309991e-01  2.976244e-04  
   0.4374300  7.767661e-01  3.524867e-04  7.767930e-01  3.525022e-04  7.316484e-01  3.133045e-04  
   0.4574300  7.774832e-01  3.691663e-04  7.775101e-01  3.691828e-04  7.322860e-01  3.280982e-04  
   0.4784300  7.782739e-01  3.868551e-04  7.783009e-01  3.868728e-04  7.329885e-01  3.437826e-04  
   0.4994300  7.791029e-01  4.047116e-04  7.791299e-01  4.047303e-04  7.337252e-01  3.596102e-04  
   0.5204300  7.799700e-01  4.227281e-04  7.799971e-01  4.227483e-04  7.344956e-01  3.755747e-04  
   0.5414300  7.808757e-01  4.409018e-04  7.809028e-01  4.409233e-04  7.353004e-01  3.916728e-04  
   0.5614300  7.817743e-01  4.583556e-04  7.818014e-01  4.583785e-04  7.360985e-01  4.071277e-04  
   0.5824300  7.827558e-01  4.768368e-04  7.827831e-01  4.768615e-04  7.369707e-01  4.234864e-04  
   0.6034300  7.837763e-01  4.954798e-04  7.838036e-01  4.955064e-04  7.378769e-01  4.399818e-04  
   0.6244300  7.848369e-01  5.142899e-04  7.848642e-01  5.143185e-04  7.388185e-01  4.566187e-04  
   0.6454300  7.859371e-01  5.332727e-04  7.859644e-01  5.333031e-04  7.397950e-01  4.734010e-04  
   0.6664300  7.870772e-01  5.524342e-04  7.871047e-01  5.524668e-04  7.408072e-01  4.903343e-04  
   0.6864300  7.882006e-01  5.708555e-04  7.882280e-01  5.708899e-04  7.418043e-01  5.066062e-04  
   0.7074300  7.894199e-01  5.903856e-04  7.894477e-01  5.904220e-04  7.428864e-01  5.238501e-04  
   0.7284300  7.906806e-01  6.101152e-04  7.907085e-01  6.101533e-04  7.440050e-01  5.412617e-04  
   0.7494300  7.919833e-01  6.300518e-04  7.920111e-01  6.300919e-04  7.451605e-01  5.588477e-04  
   0.7704300  7.933275e-01  6.502030e-04  7.933554e-01  6.502446e-04  7.463527e-01  5.766143e-04  
   0.7914300  7.947147e-01  6.705771e-04  7.947426e-01  6.706202e-04  7.475827e-01  5.945680e-04  
   0.8114300  7.960750e-01  6.901955e-04  7.961030e-01  6.902397e-04  7.487889e-01  6.118471e-04  
   0.8324300  7.975462e-01  7.110292e-04  7.975742e-01  7.110745e-04  7.500929e-01  6.301869e-04  
   0.8540300  7.991057e-01  7.327175e-04  7.991340e-01  7.327640e-04  7.514749e-01  6.492687e-04  
   0.8740300  8.005911e-01  7.530428e-04  8.006194e-01  7.530901e-04  7.527910e-01  6.671413e-04  
   0.8950300  8.021951e-01  7.746457e-04  8.022236e-01  7.746942e-04  7.542118e-01  6.861268e-04  
   0.9160300  8.038445e-01  7.965266e-04  8.038731e-01  7.965757e-04  7.556728e-01  7.053452e-04  
   0.9370300  8.055400e-01  8.186960e-04  8.055686e-01  8.187460e-04  7.571741e-01  7.248057e-04  
   0.9580300  8.072826e-01  8.411646e-04  8.073113e-01  8.412150e-04  7.587166e-01  7.445165e-04  
   0.9780300  8.089865e-01  8.628519e-04  8.090153e-01  8.629035e-04  7.602245e-01  7.635308e-04  
   0.9990300  8.108225e-01  8.859375e-04  8.108517e-01  8.859896e-04  7.618491e-01  7.837584e-04  
   1.0200300  8.127075e-01  9.093558e-04  8.127367e-01  9.094090e-04  7.635164e-01  8.042649e-04  
   1.0410300  8.146421e-01  9.331196e-04  8.146714e-01  9.331739e-04  7.652274e-01  8.250598e-04  
   1.0620300  8.166275e-01  9.572411e-04  8.166569e-01  9.572963e-04  7.669824e-01  8.461535e-04  
   1.0830300  8.186635e-01  9.817322e-04  8.186932e-01  9.817886e-04  7.687823e-01  8.675557e-04  
   1.1030300  8.206509e-01  1.005412e-03  8.206807e-01  1.005470e-03  7.705380e-01  8.882360e-04  
   1.1240300  8.227891e-01  1.030662e-03  8.228189e-01  1.030722e-03  7.724267e-01  9.102719e-04  
   1.1450300  8.249807e-01  1.056322e-03  8.250107e-01  1.056383e-03  7.743620e-01  9.326489e-04  
   1.1660300  8.272267e-01  1.082404e-03  8.272566e-01  1.082468e-03  7.763448e-01  9.553781e-04  
   1.1870300  8.295279e-01  1.108924e-03  8.295581e-01  1.108990e-03  7.783756e-01  9.784716e-04  
   1.2080300  8.318850e-01  1.135898e-03  8.319154e-01  1.135966e-03  7.804552e-01  1.001942e-03  
   1.2280300  8.341827e-01  1.162022e-03  8.342133e-01  1.162093e-03  7.824814e-01  1.024656e-03  
   1.2490300  8.366517e-01  1.189928e-03  8.366826e-01  1.190001e-03  7.846585e-01  1.048899e-03  
   1.2706300  8.392537e-01  1.219156e-03  8.392848e-01  1.219232e-03  7.869517e-01  1.074272e-03  
   1.2906300  8.417192e-01  1.246710e-03  8.417503e-01  1.246789e-03  7.891237e-01  1.098171e-03  
   1.3116300  8.443680e-01  1.276171e-03  8.443992e-01  1.276253e-03  7.914564e-01  1.123704e-03  
   1.3326300  8.470786e-01  1.306191e-03  8.471102e-01  1.306276e-03  7.938428e-01  1.149700e-03  
   1.3536299  8.498530e-01  1.336793e-03  8.498847e-01  1.336881e-03  7.962846e-01  1.176177e-03  
   1.3746300  8.526925e-01  1.367999e-03  8.527242e-01  1.368090e-03  7.987822e-01  1.203152e-03  
   1.3946300  8.554585e-01  1.398301e-03  8.554905e-01  1.398394e-03  8.012143e-01  1.229323e-03  
   1.4156300  8.584287e-01  1.430752e-03  8.584608e-01  1.430848e-03  8.038251e-01  1.257326e-03  
   1.4366300  8.614676e-01  1.463877e-03  8.615001e-01  1.463975e-03  8.064953e-01  1.285884e-03  
   1.4576300  8.645775e-01  1.497700e-03  8.646101e-01  1.497801e-03  8.092262e-01  1.315018e-03  
   1.4786299  8.677593e-01  1.532249e-03  8.677920e-01  1.532352e-03  8.120194e-01  1.344748e-03  
   1.4996300  8.710144e-01  1.567551e-03  8.710475e-01  1.567655e-03  8.148758e-01  1.375097e-03  
   1.5196300  8.741840e-01  1.601896e-03  8.742174e-01  1.602003e-03  8.176556e-01  1.404596e-03  
   1.5406300  8.775870e-01  1.638751e-03  8.776206e-01  1.638859e-03  8.206387e-01  1.436219e-03  
   1.5616300  8.810685e-01  1.676445e-03  8.811023e-01  1.676556e-03  8.236893e-01  1.468530e-03  
   1.5826300  8.846297e-01  1.715012e-03  8.846638e-01  1.715125e-03  8.268081e-01  1.501556e-03  
   1.6036299  8.882729e-01  1.754486e-03  8.883073e-01  1.754602e-03  8.299969e-01  1.535324e-03  
   1.6246300  8.920000e-01  1.794904e-03  8.920346e-01  1.795022e-03  8.332577e-01  1.569863e-03  
   1.6446300  8.956288e-01  1.834309e-03  8.956636e-01  1.834429e-03  8.364306e-01  1.603500e-03  
   1.6656300  8.995244e-01  1.876679e-03  8.995597e-01  1.876801e-03  8.398354e-01  1.639629e-03  
   1.6872300  9.036261e-01  1.921369e-03  9.036615e-01  1.921495e-03  8.434177e-01  1.677696e-03  
   1.7072300  9.075106e-01  1.963794e-03  9.075463e-01  1.963922e-03  8.468086e-01  1.713791e-03  
   1.7282300  9.116815e-01  2.009467e-03  9.117174e-01  2.009598e-03  8.504475e-01  1.752608e-03  
   1.7492300  9.159493e-01  2.056344e-03  9.159856e-01  2.056479e-03  8.541690e-01  1.792402e-03  
   1.7702301  9.203173e-01  2.104481e-03  9.203539e-01  2.104621e-03  8.579747e-01  1.833217e-03  
   1.7912300  9.247873e-01  2.153932e-03  9.248247e-01  2.154077e-03  8.618674e-01  1.875098e-03  
   1.8112299  9.291433e-01  2.202310e-03  9.291807e-01  2.202458e-03  8.656577e-01  1.916021e-03  
   1.8322300  9.338216e-01  2.254511e-03  9.338593e-01  2.254665e-03  8.697269e-01  1.960125e-03  
   1.8532300  9.386118e-01  2.308220e-03  9.386502e-01  2.308381e-03  8.738903e-01  2.005447e-03  
   1.8742300  9.435169e-01  2.363513e-03  9.435552e-01  2.363680e-03  8.781502e-01  2.052047e-03  
   1.8952301  9.485397e-01  2.420471e-03  9.485789e-01  2.420645e-03  8.825099e-01  2.099984e-03  
   1.9162300  9.536846e-01  2.479180e-03  9.537240e-01  2.479362e-03  8.869709e-01  2.149326e-03  
   1.9362299  9.586995e-01  2.536810e-03  9.587395e-01  2.537000e-03  8.913170e-01  2.197693e-03  
   1.9572300  9.640918e-01  2.599226e-03  9.641322e-01  2.599424e-03  8.959860e-01  2.249997e-03  
   1.9782300  9.696167e-01  2.663711e-03  9.696575e-01  2.663919e-03  9.007667e-01  2.303942e-03  
   1.9992300  9.752781e-01  2.730397e-03  9.753193e-01  2.730615e-03  9.056605e-01  2.359623e-03  
   2.0202301  9.810812e-01  2.799434e-03  9.811228e-01  2.799661e-03  9.106732e-01  2.417147e-03  
   2.0412300  9.870298e-01  2.870990e-03  9.870718e-01  2.871227e-03  9.158067e-01  2.476632e-03  
   2.0612299  9.928349e-01  2.941656e-03  9.928774e-01  2.941903e-03  9.208121e-01  2.535226e-03  
   2.0822301  9.990824e-01  3.018708e-03  9.991258e-01  3.018966e-03  9.261942e-01  2.598936e-03  
   2.1038301  1.005677e+00  3.101268e-03  1.005721e+00  3.101538e-03  9.318698e-01  2.666972e-03  
   2.1238301  1.011940e+00  3.180961e-03  1.011984e+00  3.181243e-03  9.372545e-01  2.732410e-03  
   2.1448300  1.018687e+00  3.268308e-03  1.018731e+00  3.268603e-03  9.430487e-01  2.803849e-03  
   2.1658299  1.025611e+00  3.359756e-03  1.025656e+00  3.360063e-03  9.489903e-01  2.878316e-03  
   2.1868300  1.032722e+00  3.455703e-03  1.032768e+00  3.456025e-03  9.550855e-01  2.956075e-03  
   2.2078300  1.040027e+00  3.556579e-03  1.040074e+00  3.556915e-03  9.613399e-01  3.037416e-03  
   2.2278299  1.047171e+00  3.657666e-03  1.047218e+00  3.658019e-03  9.674500e-01  3.118514e-03  
   2.2488301  1.054876e+00  3.769573e-03  1.054924e+00  3.769943e-03  9.740326e-01  3.207821e-03  
   2.2698300  1.062798e+00  3.887923e-03  1.062847e+00  3.888312e-03  9.807926e-01  3.301768e-03  
   2.2908299  1.070947e+00  4.013315e-03  1.070996e+00  4.013723e-03  9.877378e-01  3.400794e-03  
   2.3118300  1.079331e+00  4.146372e-03  1.079381e+00  4.146801e-03  9.948753e-01  3.505372e-03  
   2.3328300  1.087961e+00  4.287747e-03  1.088012e+00  4.288201e-03  1.002213e+00  3.616016e-03  
   2.3528299  1.096418e+00  4.430759e-03  1.096470e+00  4.431237e-03  1.009394e+00  3.727557e-03  
   2.3738301  1.105559e+00  4.590400e-03  1.105612e+00  4.590906e-03  1.017145e+00  3.851743e-03  
   2.3948300  1.114979e+00  4.760485e-03  1.115033e+00  4.761022e-03  1.025123e+00  3.983834e-03  
   2.4158299  1.124692e+00  4.941807e-03  1.124746e+00  4.942378e-03  1.033337e+00  4.124586e-03  
   2.4368300  1.134710e+00  5.135206e-03  1.134765e+00  5.135809e-03  1.041797e+00  4.274820e-03  
   2.4578300  1.145049e+00  5.341571e-03  1.145106e+00  5.342213e-03  1.050516e+00  4.435451e-03  
   2.4778299  1.155210e+00  5.551068e-03  1.155267e+00  5.551751e-03  1.059070e+00  4.599036e-03  
   2.4988301  1.166226e+00  5.785694e-03  1.166284e+00  5.786421e-03  1.068328e+00  4.783033e-03  
   2.5204301  1.177947e+00  6.043980e-03  1.178007e+00  6.044758e-03  1.078162e+00  4.986705e-03  
   2.5404301  1.189174e+00  6.299813e-03  1.189235e+00  6.300641e-03  1.087563e+00  5.189705e-03  
   2.5614300  1.201371e+00  6.587354e-03  1.201434e+00  6.588240e-03  1.097757e+00  5.419424e-03  
   2.5824299  1.214013e+00  6.896300e-03  1.214077e+00  6.897249e-03  1.108300e+00  5.668051e-03  
   2.6034300  1.227131e+00  7.229199e-03  1.227196e+00  7.230212e-03  1.119212e+00  5.937908e-03  
   2.6244299  1.240753e+00  7.589204e-03  1.240819e+00  7.590292e-03  1.130516e+00  6.231741e-03  
   2.6444299  1.254230e+00  7.960952e-03  1.254298e+00  7.962122e-03  1.141669e+00  6.536909e-03  
   2.6654301  1.268947e+00  8.386602e-03  1.269017e+00  8.387860e-03  1.153811e+00  6.887822e-03  
   2.6864300  1.284287e+00  8.855077e-03  1.284359e+00  8.856435e-03  1.166427e+00  7.274890e-03  
   2.7074299  1.300303e+00  9.375353e-03  1.300376e+00  9.376825e-03  1.179547e+00  7.704419e-03  
   2.7284300  1.317049e+00  9.959461e-03  1.317124e+00  9.961069e-03  1.193212e+00  8.184417e-03  
   2.7494299  1.334589e+00  1.062365e-02  1.334667e+00  1.062541e-02  1.207460e+00  8.725150e-03  
   2.7694299  1.352099e+00  1.135074e-02  1.352179e+00  1.135269e-02  1.221616e+00  9.308674e-03  
   2.7904301  1.371407e+00  1.224190e-02  1.371490e+00  1.224410e-02  1.237143e+00  1.000969e-02  
   2.8114300  1.391751e+00  1.330313e-02  1.391836e+00  1.330564e-02  1.253407e+00  1.082272e-02  
   2.8324299  1.413231e+00  1.458772e-02  1.413319e+00  1.459063e-02  1.270469e+00  1.177588e-02  
   2.8534300  1.435960e+00  1.616649e-02  1.436051e+00  1.616992e-02  1.288400e+00  1.290526e-02  
   2.8744299  1.460057e+00  1.813223e-02  1.460152e+00  1.813639e-02  1.307274e+00  1.425682e-02  
   2.8944299  1.484397e+00  2.047372e-02  1.484495e+00  2.047876e-02  1.326204e+00  1.580376e-02  
   2.9154301  1.511536e+00  2.357097e-02  1.511639e+00  2.357725e-02  1.347164e+00  1.777078e-02  
   2.9370301  1.541274e+00  2.763581e-02  1.541382e+00  2.764376e-02  1.369978e+00  2.025448e-02  
   2.9570301  1.570568e+00  3.241134e-02  1.570681e+00  3.242129e-02  1.392327e+00  2.307560e-02  
   2.9780300  1.603237e+00  3.874153e-02  1.603355e+00  3.875417e-02  1.417152e+00  2.671047e-02  
   2.9990301  1.637925e+00  4.673889e-02  1.638049e+00  4.675493e-02  1.443457e+00  3.119817e-02  
   3.0200300  1.674644e+00  5.677245e-02  1.674774e+00  5.679269e-02  1.471324e+00  3.673737e-02  
   3.0410299  1.713346e+00  6.925146e-02  1.713482e+00  6.927681e-02  1.500815e+00  4.356299e-02  
   3.0610299  1.751933e+00  8.381111e-02  1.752075e+00  8.384226e-02  1.530447e+00  5.150879e-02  
   3.0820301  1.794051e+00  1.023428e-01  1.794199e+00  1.023811e-01  1.563183e+00  6.166724e-02  
   3.1030300  1.837494e+00  1.246379e-01  1.837649e+00  1.246844e-01  1.597533e+00  7.402480e-02  
   3.1240301  1.881836e+00  1.511155e-01  1.881995e+00  1.511711e-01  1.633387e+00  8.895621e-02  
   3.1450300  1.926536e+00  1.821358e-01  1.926700e+00  1.822016e-01  1.670558e+00  1.068550e-01  
   3.1660299  1.970961e+00  2.179735e-01  1.971128e+00  2.180500e-01  1.708772e+00  1.281197e-01  
   3.1860299  2.012360e+00  2.567310e-01  2.012529e+00  2.568183e-01  1.745800e+00  1.518519e-01  
   3.2070301  2.054131e+00  3.023077e-01  2.054302e+00  3.024065e-01  1.784895e+00  1.807566e-01  
   3.2280300  2.093388e+00  3.527559e-01  2.093559e+00  3.528662e-01  1.823653e+00  2.140185e-01  
   3.2490301  2.129361e+00  4.077839e-01  2.129529e+00  4.079053e-01  1.861425e+00  2.518244e-01  
   3.2700300  2.161339e+00  4.669355e-01  2.161504e+00  4.670675e-01  1.897487e+00  2.942366e-01  
   3.2910299  2.188716e+00  5.296087e-01  2.188878e+00  5.297502e-01  1.931080e+00  3.411712e-01  
   3.3110299  2.210087e+00  5.919096e-01  2.210243e+00  5.920593e-01  1.960072e+00  3.898498e-01  
   3.3320301  2.227295e+00  6.592914e-01  2.227446e+00  6.594481e-01  1.986655e+00  4.447384e-01  
   3.3536301  2.239282e+00  7.298166e-01  2.239425e+00  7.299794e-01  2.009199e+00  5.046213e-01  
   3.3736300  2.245269e+00  7.954243e-01  2.245406e+00  7.955919e-01  2.025229e+00  5.624724e-01  
   3.3946300  2.246494e+00  8.638558e-01  2.246626e+00  8.640267e-01  2.036689e+00  6.248642e-01  
   3.4156301  2.242909e+00  9.311255e-01  2.243036e+00  9.312987e-01  2.042465e+00  6.880079e-01  
   3.4366300  2.235009e+00  9.966487e-01  2.235132e+00  9.968242e-01  2.042590e+00  7.509145e-01  
   3.4576299  2.223358e+00  1.059989e+00  2.223478e+00  1.060166e+00  2.037313e+00  8.126135e-01  
   3.4776299  2.209316e+00  1.118024e+00  2.209434e+00  1.118200e+00  2.027682e+00  8.694315e-01  
   3.4986300  2.192029e+00  1.176419e+00  2.192145e+00  1.176597e+00  2.013342e+00  9.263074e-01  
   3.5196300  2.172650e+00  1.232203e+00  2.172766e+00  1.232380e+00  1.995440e+00  9.797373e-01  
   3.5406301  2.151625e+00  1.285465e+00  2.151742e+00  1.285642e+00  1.974844e+00  1.029321e+00  
   3.5616300  2.129303e+00  1.336363e+00  2.129420e+00  1.336537e+00  1.952459e+00  1.074875e+00  
   3.5826299  2.105938e+00  1.385087e+00  2.106055e+00  1.385259e+00  1.929163e+00  1.116441e+00  
   3.6026299  2.082870e+00  1.429644e+00  2.082986e+00  1.429813e+00  1.906860e+00  1.152539e+00  
   3.6236300  2.057886e+00  1.474643e+00  2.058002e+00  1.474809e+00  1.883966e+00  1.187172e+00  
   3.6446300  2.032180e+00  1.517922e+00  2.032294e+00  1.518082e+00  1.862109e+00  1.218980e+00  
   3.6656301  2.005799e+00  1.559529e+00  2.005909e+00  1.559683e+00  1.841619e+00  1.248563e+00  
   3.6866300  1.978802e+00  1.599454e+00  1.978910e+00  1.599603e+00  1.822642e+00  1.276530e+00  
   3.7076299  1.951292e+00  1.637634e+00  1.951396e+00  1.637776e+00  1.805160e+00  1.303448e+00  
   3.7276299  1.924764e+00  1.672287e+00  1.924865e+00  1.672423e+00  1.789767e+00  1.328544e+00  
   3.7486300  1.896791e+00  1.706775e+00  1.896889e+00  1.706906e+00  1.774702e+00  1.354668e+00  
   3.7702301  1.868219e+00  1.740134e+00  1.868316e+00  1.740260e+00  1.760107e+00  1.381515e+00  
   3.7902300  1.842303e+00  1.769073e+00  1.842399e+00  1.769196e+00  1.747180e+00  1.406425e+00  
   3.8112299  1.816082e+00  1.797487e+00  1.816178e+00  1.797608e+00  1.734039e+00  1.432592e+00  
   3.8322301  1.791351e+00  1.824031e+00  1.791451e+00  1.824152e+00  1.721265e+00  1.458651e+00  
   3.8532300  1.768605e+00  1.848989e+00  1.768711e+00  1.849113e+00  1.708902e+00  1.484436e+00  
   3.8742299  1.748318e+00  1.872795e+00  1.748431e+00  1.872923e+00  1.697117e+00  1.509797e+00  
   3.8942299  1.731662e+00  1.894932e+00  1.731782e+00  1.895066e+00  1.686687e+00  1.533471e+00  
   3.9152300  1.717271e+00  1.918322e+00  1.717401e+00  1.918465e+00  1.676917e+00  1.557839e+00  
   3.9362299  1.706226e+00  1.942719e+00  1.706367e+00  1.942872e+00  1.668757e+00  1.581854e+00  
   3.9572301  1.698529e+00  1.969104e+00  1.698680e+00  1.969269e+00  1.662610e+00  1.605830e+00  
   3.9782300  1.693964e+00  1.998519e+00  1.694125e+00  1.998697e+00  1.658822e+00  1.630249e+00  
   3.9992299  1.692085e+00  2.032023e+00  1.692255e+00  2.032218e+00  1.657633e+00  1.655760e+00  
   4.0192299  1.692159e+00  2.068671e+00  1.692334e+00  2.068878e+00  1.658997e+00  1.681797e+00  
   4.0402298  1.693293e+00  2.112997e+00  1.693472e+00  2.113219e+00  1.662949e+00  1.711828e+00  
   4.0612302  1.694365e+00  2.164050e+00  1.694542e+00  2.164287e+00  1.669157e+00  1.745570e+00  
   4.0822301  1.694017e+00  2.222348e+00  1.694189e+00  2.222600e+00  1.677042e+00  1.784007e+00  
   4.1032300  1.690742e+00  2.288138e+00  1.690904e+00  2.288402e+00  1.685771e+00  1.828079e+00  
   4.1242299  1.682943e+00  2.361362e+00  1.683091e+00  2.361637e+00  1.694252e+00  1.878615e+00  
   4.1442299  1.669828e+00  2.437658e+00  1.669958e+00  2.437942e+00  1.700886e+00  1.933357e+00  
   4.1652298  1.648578e+00  2.523984e+00  1.648686e+00  2.524273e+00  1.704871e+00  1.998186e+00  
   4.1868300  1.617224e+00  2.618377e+00  1.617304e+00  2.618669e+00  1.704043e+00  2.072851e+00  
   4.2068300  1.578412e+00  2.709645e+00  1.578465e+00  2.709934e+00  1.697162e+00  2.149000e+00  
   4.2278299  1.526530e+00  2.808020e+00  1.526552e+00  2.808304e+00  1.681880e+00  2.235634e+00  
   4.2488298  1.462493e+00  2.907346e+00  1.462480e+00  2.907618e+00  1.656662e+00  2.328119e+00  
   4.2698302  1.385826e+00  3.005824e+00  1.385779e+00  3.006083e+00  1.619970e+00  2.425060e+00  
   4.2908301  1.296368e+00  3.101577e+00  1.296287e+00  3.101818e+00  1.570538e+00  2.524678e+00  
   4.3108301  1.199407e+00  3.188508e+00  1.199294e+00  3.188728e+00  1.510783e+00  2.620127e+00  
   4.3318300  1.085662e+00  3.273508e+00  1.085518e+00  3.273705e+00  1.434277e+00  2.718706e+00  
   4.3528299  9.603903e-01  3.350292e+00  9.602183e-01  3.350465e+00  1.343699e+00  2.813155e+00  
   4.3738298  8.245552e-01  3.417137e+00  8.243579e-01  3.417282e+00  1.239607e+00  2.900959e+00  
   4.3948302  6.793555e-01  3.472429e+00  6.791383e-01  3.472551e+00  1.123100e+00  2.979684e+00  
   4.4158301  5.262179e-01  3.514707e+00  5.259866e-01  3.514803e+00  9.957916e-01  3.047108e+00  
   4.4358301  3.744691e-01  3.541687e+00  3.742304e-01  3.541763e+00  8.663755e-01  3.099083e+00  
   4.4568300  2.106624e-01  3.555016e+00  2.104228e-01  3.555072e+00  7.242084e-01  3.139383e+00  
   4.4778299  4.420399e-02  3.552139e+00  4.397180e-02  3.552179e+00  5.781845e-01  3.164084e+00  
   4.4988298  -1.228081e-01  3.532477e+00  -1.230250e-01  3.532508e+00  4.310175e-01  3.172725e+00  
   4.5198302  -2.881702e-01  3.495774e+00  -2.883639e-01  3.495801e+00  2.853743e-01  3.165377e+00  
   4.5408301  -4.496012e-01  3.442145e+00  -4.497646e-01  3.442174e+00  1.437615e-01  3.142629e+00  
   4.5608301  -5.976046e-01  3.375795e+00  -5.977337e-01  3.375834e+00  1.466721e-02  3.107595e+00  
   4.5818300  -7.448401e-01  3.290980e+00  -7.449292e-01  3.291039e+00  -1.130311e-01  3.058123e+00  
   4.6034298  -8.853884e-01  3.188957e+00  -8.854340e-01  3.189048e+00  -2.344912e-01  2.995435e+00  
   4.6234298  -1.003930e+00  3.082774e+00  -1.003935e+00  3.082901e+00  -3.370664e-01  2.928469e+00  
   4.6444302  -1.114892e+00  2.961212e+00  -1.114858e+00  2.961388e+00  -4.339645e-01  2.850819e+00  
   4.6654301  -1.210869e+00  2.831715e+00  -1.210802e+00  2.831950e+00  -5.195866e-01  2.767576e+00  
   4.6864300  -1.291151e+00  2.696886e+00  -1.291057e+00  2.697187e+00  -5.940576e-01  2.680612e+00  
   4.7074299  -1.355511e+00  2.559405e+00  -1.355401e+00  2.559781e+00  -6.577658e-01  2.591665e+00  
   4.7274299  -1.402240e+00  2.428412e+00  -1.402125e+00  2.428863e+00  -7.089704e-01  2.506540e+00  
   4.7484298  -1.436696e+00  2.293175e+00  -1.436586e+00  2.293708e+00  -7.534840e-01  2.418029e+00  
   4.7694302  -1.457277e+00  2.162454e+00  -1.457185e+00  2.163067e+00  -7.893118e-01  2.331545e+00  
   4.7904301  -1.465397e+00  2.038085e+00  -1.465334e+00  2.038778e+00  -8.172923e-01  2.248032e+00  
   4.8114300  -1.462687e+00  1.921494e+00  -1.462662e+00  1.922260e+00  -8.382732e-01  2.168221e+00  
   4.8324299  -1.450886e+00  1.813682e+00  -1.450910e+00  1.814513e+00  -8.530820e-01  2.092659e+00  
   4.8524299  -1.432798e+00  1.719707e+00  -1.432873e+00  1.720594e+00  -8.621737e-01  2.024987e+00  
   4.8734298  -1.408228e+00  1.630384e+00  -1.408363e+00  1.631320e+00  -8.671770e-01  1.958646e+00  
   4.8944302  -1.379468e+00  1.550549e+00  -1.379667e+00  1.551522e+00  -8.682138e-01  1.897224e+00  
   4.9154301  -1.347893e+00  1.479857e+00  -1.348156e+00  1.480860e+00  -8.659269e-01  1.840701e+00  
   4.9364300  -1.314674e+00  1.417776e+00  -1.315001e+00  1.418797e+00  -8.609015e-01  1.788963e+00  
   4.9574299  -1.280780e+00  1.363646e+00  -1.281170e+00  1.364677e+00  -8.536636e-01  1.741827e+00  
   4.9774299  -1.248576e+00  1.318820e+00  -1.249024e+00  1.319853e+00  -8.451417e-01  1.700998e+00  
   4.9984298  -1.215410e+00  1.278090e+00  -1.215916e+00  1.279119e+00  -8.348778e-01  1.662131e+00  
