w Re-xx Im-xx Re-yy Im-yy Re-zz Im-zz
# Gaussian absolute broadening  0.15 [eV]
   0.0000000  7.681555e-01  8.828975e-05  7.681830e-01  8.829619e-05  7.333559e-01  8.164321e-05  
   0.0200000  7.682554e-01  9.449209e-05  7.682829e-01  9.449936e-05  7.334481e-01  8.737872e-05  
   0.0410000  7.683740e-01  1.015598e-04  7.684014e-01  1.015680e-04  7.335583e-01  9.391444e-05  
   0.0620000  7.685091e-01  1.092326e-04  7.685369e-01  1.092419e-04  7.336829e-01  1.010096e-04  
   0.0830000  7.686626e-01  1.175443e-04  7.686904e-01  1.175547e-04  7.338250e-01  1.086954e-04  
   0.1040000  7.688370e-01  1.265243e-04  7.688645e-01  1.265358e-04  7.339860e-01  1.169990e-04  
   0.1240000  7.690235e-01  1.357192e-04  7.690513e-01  1.357319e-04  7.341587e-01  1.255013e-04  
   0.1450000  7.692441e-01  1.460636e-04  7.692717e-01  1.460777e-04  7.343626e-01  1.350664e-04  
   0.1660000  7.694915e-01  1.571212e-04  7.695191e-01  1.571366e-04  7.345915e-01  1.452908e-04  
   0.1870000  7.697681e-01  1.688884e-04  7.697960e-01  1.689051e-04  7.348472e-01  1.561710e-04  
   0.2080000  7.700760e-01  1.813507e-04  7.701036e-01  1.813688e-04  7.351320e-01  1.676939e-04  
   0.2290000  7.704170e-01  1.944829e-04  7.704445e-01  1.945024e-04  7.354469e-01  1.798358e-04  
   0.2490000  7.707736e-01  2.075805e-04  7.708012e-01  2.076011e-04  7.357767e-01  1.919454e-04  
   0.2700000  7.711832e-01  2.219112e-04  7.712107e-01  2.219332e-04  7.361555e-01  2.051949e-04  
   0.2910000  7.716294e-01  2.367853e-04  7.716572e-01  2.368085e-04  7.365680e-01  2.189463e-04  
   0.3120000  7.721134e-01  2.521490e-04  7.721414e-01  2.521733e-04  7.370157e-01  2.331500e-04  
   0.3330000  7.726355e-01  2.679475e-04  7.726634e-01  2.679730e-04  7.374985e-01  2.477551e-04  
   0.3540000  7.731960e-01  2.841274e-04  7.732239e-01  2.841538e-04  7.380169e-01  2.627121e-04  
   0.3740000  7.737657e-01  2.998460e-04  7.737935e-01  2.998733e-04  7.385435e-01  2.772421e-04  
   0.3950000  7.744012e-01  3.166324e-04  7.744291e-01  3.166605e-04  7.391311e-01  2.927583e-04  
   0.4160000  7.750751e-01  3.336701e-04  7.751030e-01  3.336990e-04  7.397541e-01  3.085059e-04  
   0.4374300  7.758029e-01  3.512840e-04  7.758310e-01  3.513136e-04  7.404270e-01  3.247853e-04  
   0.4574300  7.765177e-01  3.679070e-04  7.765457e-01  3.679373e-04  7.410878e-01  3.401478e-04  
   0.4784300  7.773058e-01  3.855357e-04  7.773337e-01  3.855667e-04  7.418163e-01  3.564386e-04  
   0.4994300  7.781319e-01  4.033313e-04  7.781600e-01  4.033630e-04  7.425799e-01  3.728826e-04  
   0.5204300  7.789963e-01  4.212869e-04  7.790243e-01  4.213192e-04  7.433791e-01  3.894732e-04  
   0.5414300  7.798988e-01  4.393987e-04  7.799270e-01  4.394317e-04  7.442132e-01  4.062069e-04  
   0.5614300  7.807942e-01  4.567931e-04  7.808225e-01  4.568269e-04  7.450414e-01  4.222768e-04  
   0.5824300  7.817727e-01  4.752117e-04  7.818009e-01  4.752460e-04  7.459455e-01  4.392915e-04  
   0.6034300  7.827899e-01  4.937914e-04  7.828180e-01  4.938265e-04  7.468858e-01  4.564542e-04  
   0.6244300  7.838466e-01  5.125377e-04  7.838750e-01  5.125736e-04  7.478625e-01  4.737696e-04  
   0.6454300  7.849430e-01  5.314563e-04  7.849714e-01  5.314931e-04  7.488760e-01  4.912427e-04  
   0.6664300  7.860793e-01  5.505529e-04  7.861078e-01  5.505907e-04  7.499262e-01  5.088793e-04  
   0.6864300  7.871988e-01  5.689117e-04  7.872274e-01  5.689504e-04  7.509609e-01  5.258339e-04  
   0.7074300  7.884142e-01  5.883760e-04  7.884431e-01  5.884157e-04  7.520844e-01  5.438082e-04  
   0.7284300  7.896705e-01  6.080390e-04  7.896994e-01  6.080798e-04  7.532455e-01  5.619651e-04  
   0.7494300  7.909686e-01  6.279084e-04  7.909976e-01  6.279502e-04  7.544451e-01  5.803120e-04  
   0.7704300  7.923083e-01  6.479919e-04  7.923372e-01  6.480347e-04  7.556833e-01  5.988558e-04  
   0.7914300  7.936907e-01  6.682979e-04  7.937199e-01  6.683417e-04  7.569610e-01  6.176042e-04  
   0.8114300  7.950465e-01  6.878510e-04  7.950758e-01  6.878954e-04  7.582141e-01  6.356571e-04  
   0.8324300  7.965128e-01  7.086155e-04  7.965422e-01  7.086605e-04  7.595686e-01  6.548277e-04  
   0.8540300  7.980670e-01  7.302323e-04  7.980963e-01  7.302779e-04  7.610050e-01  6.747847e-04  
   0.8740300  7.995474e-01  7.504906e-04  7.995771e-01  7.505364e-04  7.623730e-01  6.934875e-04  
   0.8950300  8.011460e-01  7.720233e-04  8.011755e-01  7.720690e-04  7.638499e-01  7.133662e-04  
   0.9160300  8.027899e-01  7.938332e-04  8.028194e-01  7.938790e-04  7.653690e-01  7.335010e-04  
   0.9370300  8.044798e-01  8.159314e-04  8.045095e-01  8.159768e-04  7.669303e-01  7.539016e-04  
   0.9580300  8.062165e-01  8.383283e-04  8.062463e-01  8.383732e-04  7.685351e-01  7.745781e-04  
   0.9780300  8.079146e-01  8.599469e-04  8.079448e-01  8.599917e-04  7.701041e-01  7.945371e-04  
   0.9990300  8.097445e-01  8.829603e-04  8.097746e-01  8.830047e-04  7.717949e-01  8.157840e-04  
   1.0200300  8.116232e-01  9.063060e-04  8.116532e-01  9.063502e-04  7.735304e-01  8.373389e-04  
   1.0410300  8.135513e-01  9.299971e-04  8.135816e-01  9.300410e-04  7.753121e-01  8.592139e-04  
   1.0620300  8.155299e-01  9.540447e-04  8.155603e-01  9.540890e-04  7.771399e-01  8.814200e-04  
   1.0830300  8.175595e-01  9.784623e-04  8.175900e-01  9.785076e-04  7.790148e-01  9.039701e-04  
   1.1030300  8.195402e-01  1.002072e-03  8.195708e-01  1.002118e-03  7.808447e-01  9.257766e-04  
   1.1240300  8.216712e-01  1.027249e-03  8.217020e-01  1.027297e-03  7.828135e-01  9.490339e-04  
   1.1450300  8.238555e-01  1.052834e-03  8.238866e-01  1.052884e-03  7.848318e-01  9.726732e-04  
   1.1660300  8.260940e-01  1.078843e-03  8.261251e-01  1.078895e-03  7.868999e-01  9.967086e-04  
   1.1870300  8.283877e-01  1.105290e-03  8.284189e-01  1.105345e-03  7.890188e-01  1.021156e-03  
   1.2080300  8.307371e-01  1.132192e-03  8.307685e-01  1.132249e-03  7.911897e-01  1.046031e-03  
   1.2280300  8.330274e-01  1.158248e-03  8.330588e-01  1.158308e-03  7.933055e-01  1.070135e-03  
   1.2490300  8.354885e-01  1.186083e-03  8.355202e-01  1.186147e-03  7.955793e-01  1.095896e-03  
   1.2706300  8.380818e-01  1.215242e-03  8.381138e-01  1.215308e-03  7.979757e-01  1.122901e-03  
   1.2906300  8.405395e-01  1.242734e-03  8.405714e-01  1.242804e-03  8.002464e-01  1.148383e-03  
   1.3116300  8.431797e-01  1.272133e-03  8.432119e-01  1.272206e-03  8.026863e-01  1.175664e-03  
   1.3326300  8.458820e-01  1.302098e-03  8.459144e-01  1.302173e-03  8.051835e-01  1.203511e-03  
   1.3536299  8.486478e-01  1.332651e-03  8.486803e-01  1.332729e-03  8.077393e-01  1.231962e-03  
   1.3746300  8.514784e-01  1.363817e-03  8.515111e-01  1.363899e-03  8.103560e-01  1.261062e-03  
   1.3946300  8.542360e-01  1.394094e-03  8.542688e-01  1.394179e-03  8.129048e-01  1.289428e-03  
   1.4156300  8.571972e-01  1.426537e-03  8.572302e-01  1.426624e-03  8.156425e-01  1.319960e-03  
   1.4366300  8.602271e-01  1.459677e-03  8.602602e-01  1.459767e-03  8.184441e-01  1.351333e-03  
   1.4576300  8.633276e-01  1.493551e-03  8.633612e-01  1.493643e-03  8.213117e-01  1.383640e-03  
   1.4786299  8.665003e-01  1.528195e-03  8.665339e-01  1.528290e-03  8.242459e-01  1.416992e-03  
   1.4996300  8.697463e-01  1.563652e-03  8.697804e-01  1.563750e-03  8.272485e-01  1.451519e-03  
   1.5196300  8.729072e-01  1.598221e-03  8.729415e-01  1.598322e-03  8.301733e-01  1.485626e-03  
   1.5406300  8.763011e-01  1.635412e-03  8.763356e-01  1.635515e-03  8.333140e-01  1.522889e-03  
   1.5616300  8.797736e-01  1.673579e-03  8.798081e-01  1.673686e-03  8.365280e-01  1.561819e-03  
   1.5826300  8.833259e-01  1.712793e-03  8.833609e-01  1.712902e-03  8.398163e-01  1.602618e-03  
   1.6036299  8.869603e-01  1.753132e-03  8.869954e-01  1.753245e-03  8.431815e-01  1.645504e-03  
   1.6246300  8.906784e-01  1.794689e-03  8.907137e-01  1.794805e-03  8.466248e-01  1.690704e-03  
   1.6446300  8.942993e-01  1.835488e-03  8.943349e-01  1.835608e-03  8.499784e-01  1.736122e-03  
   1.6656300  8.981869e-01  1.879720e-03  8.982227e-01  1.879843e-03  8.535796e-01  1.786538e-03  
   1.6872300  9.022800e-01  1.926829e-03  9.023162e-01  1.926956e-03  8.573720e-01  1.841576e-03  
   1.7072300  9.061565e-01  1.972030e-03  9.061931e-01  1.972161e-03  8.609645e-01  1.895668e-03  
   1.7282300  9.103199e-01  2.021266e-03  9.103568e-01  2.021401e-03  8.648229e-01  1.955980e-03  
   1.7492300  9.145805e-01  2.072462e-03  9.146175e-01  2.072601e-03  8.687730e-01  2.020194e-03  
   1.7702301  9.189410e-01  2.125773e-03  9.189781e-01  2.125917e-03  8.728158e-01  2.088635e-03  
   1.7912300  9.234037e-01  2.181350e-03  9.234417e-01  2.181499e-03  8.769553e-01  2.161656e-03  
   1.8112299  9.277527e-01  2.236527e-03  9.277907e-01  2.236682e-03  8.809900e-01  2.235799e-03  
   1.8322300  9.324244e-01  2.296967e-03  9.324626e-01  2.297127e-03  8.853257e-01  2.318858e-03  
   1.8532300  9.372084e-01  2.360108e-03  9.372468e-01  2.360275e-03  8.897662e-01  2.407660e-03  
   1.8742300  9.421061e-01  2.426090e-03  9.421448e-01  2.426266e-03  8.943154e-01  2.502637e-03  
   1.8952301  9.471223e-01  2.495044e-03  9.471618e-01  2.495229e-03  8.989760e-01  2.604248e-03  
   1.9162300  9.522603e-01  2.567102e-03  9.523002e-01  2.567296e-03  9.037514e-01  2.712992e-03  
   1.9362299  9.572691e-01  2.638742e-03  9.573094e-01  2.638947e-03  9.084095e-01  2.823714e-03  
   1.9572300  9.626544e-01  2.717284e-03  9.626949e-01  2.717501e-03  9.134195e-01  2.948162e-03  
   1.9782300  9.681731e-01  2.799416e-03  9.682136e-01  2.799647e-03  9.185558e-01  3.081869e-03  
   1.9992300  9.738276e-01  2.885385e-03  9.738693e-01  2.885632e-03  9.238226e-01  3.225989e-03  
   2.0202301  9.796245e-01  2.975509e-03  9.796664e-01  2.975774e-03  9.292244e-01  3.382022e-03  
   2.0412300  9.855668e-01  3.070193e-03  9.856093e-01  3.070477e-03  9.347654e-01  3.551886e-03  
   2.0612299  9.913662e-01  3.165073e-03  9.914090e-01  3.165377e-03  9.401761e-01  3.728698e-03  
   2.0822301  9.976081e-01  3.270234e-03  9.976513e-01  3.270563e-03  9.460027e-01  3.932883e-03  
   2.1038301  1.004197e+00  3.385083e-03  1.004241e+00  3.385437e-03  9.521554e-01  4.166124e-03  
   2.1238301  1.010456e+00  3.498258e-03  1.010500e+00  3.498640e-03  9.579995e-01  4.406498e-03  
   2.1448300  1.017196e+00  3.625082e-03  1.017241e+00  3.625493e-03  9.642925e-01  4.687885e-03  
   2.1658299  1.024115e+00  3.761095e-03  1.024161e+00  3.761538e-03  9.707488e-01  5.002779e-03  
   2.1868300  1.031220e+00  3.907374e-03  1.031266e+00  3.907849e-03  9.773711e-01  5.354848e-03  
   2.2078300  1.038516e+00  4.065003e-03  1.038563e+00  4.065514e-03  9.841605e-01  5.747295e-03  
   2.2278299  1.045650e+00  4.226676e-03  1.045697e+00  4.227221e-03  9.907845e-01  6.160937e-03  
   2.2488301  1.053342e+00  4.409556e-03  1.053389e+00  4.410142e-03  9.979064e-01  6.638762e-03  
   2.2698300  1.061245e+00  4.606845e-03  1.061294e+00  4.607468e-03  1.005200e+00  7.161818e-03  
   2.2908299  1.069371e+00  4.819434e-03  1.069420e+00  4.820102e-03  1.012669e+00  7.729739e-03  
   2.3118300  1.077726e+00  5.048123e-03  1.077776e+00  5.048835e-03  1.020314e+00  8.341067e-03  
   2.3328300  1.086319e+00  5.293589e-03  1.086370e+00  5.294349e-03  1.028139e+00  8.993310e-03  
   2.3528299  1.094733e+00  5.543484e-03  1.094784e+00  5.544290e-03  1.035763e+00  9.649510e-03  
   2.3738301  1.103819e+00  5.823240e-03  1.103871e+00  5.824098e-03  1.043954e+00  1.037149e-02  
   2.3948300  1.113173e+00  6.121113e-03  1.113226e+00  6.122022e-03  1.052343e+00  1.112294e-02  
   2.4158299  1.122807e+00  6.437339e-03  1.122861e+00  6.438306e-03  1.060941e+00  1.189939e-02  
   2.4368300  1.132734e+00  6.772054e-03  1.132789e+00  6.773077e-03  1.069759e+00  1.269649e-02  
   2.4578300  1.142968e+00  7.125308e-03  1.143023e+00  7.126390e-03  1.078810e+00  1.351023e-02  
   2.4778299  1.153013e+00  7.478970e-03  1.153070e+00  7.480111e-03  1.087660e+00  1.429759e-02  
   2.4988301  1.163892e+00  7.868418e-03  1.163949e+00  7.869623e-03  1.097211e+00  1.513473e-02  
   2.5204301  1.175454e+00  8.288390e-03  1.175513e+00  8.289658e-03  1.107332e+00  1.600502e-02  
   2.5404301  1.186516e+00  8.694973e-03  1.186576e+00  8.696300e-03  1.116988e+00  1.681827e-02  
   2.5614300  1.198523e+00  9.140660e-03  1.198583e+00  9.142051e-03  1.127444e+00  1.767988e-02  
   2.5824299  1.210954e+00  9.606417e-03  1.211016e+00  9.607870e-03  1.138247e+00  1.855029e-02  
   2.6034300  1.223841e+00  1.009366e-02  1.223904e+00  1.009519e-02  1.149422e+00  1.943145e-02  
   2.6244299  1.237212e+00  1.060461e-02  1.237277e+00  1.060619e-02  1.160996e+00  2.032627e-02  
   2.6444299  1.250431e+00  1.111627e-02  1.250497e+00  1.111791e-02  1.172415e+00  2.119493e-02  
   2.6654301  1.264857e+00  1.168429e-02  1.264925e+00  1.168599e-02  1.184853e+00  2.212948e-02  
   2.6864300  1.279884e+00  1.229023e-02  1.279954e+00  1.229201e-02  1.197782e+00  2.309379e-02  
   2.7074299  1.295564e+00  1.294308e-02  1.295635e+00  1.294492e-02  1.211242e+00  2.409671e-02  
   2.7284300  1.311950e+00  1.365505e-02  1.312024e+00  1.365698e-02  1.225274e+00  2.514943e-02  
   2.7494299  1.329107e+00  1.444272e-02  1.329182e+00  1.444476e-02  1.239925e+00  2.626609e-02  
   2.7694299  1.346226e+00  1.528370e-02  1.346303e+00  1.528585e-02  1.254502e+00  2.740535e-02  
   2.7904301  1.365095e+00  1.629081e-02  1.365175e+00  1.629313e-02  1.270517e+00  2.870271e-02  
   2.8114300  1.384968e+00  1.746431e-02  1.385050e+00  1.746684e-02  1.287323e+00  3.013140e-02  
   2.8324299  1.405941e+00  1.885712e-02  1.406025e+00  1.885992e-02  1.304992e+00  3.172695e-02  
   2.8534300  1.428122e+00  2.053905e-02  1.428209e+00  2.054226e-02  1.323601e+00  3.353409e-02  
   2.8744299  1.451625e+00  2.260111e-02  1.451716e+00  2.260485e-02  1.343236e+00  3.560918e-02  
   2.8944299  1.475350e+00  2.502529e-02  1.475443e+00  2.502971e-02  1.362975e+00  3.789921e-02  
   2.9154301  1.501786e+00  2.819590e-02  1.501884e+00  2.820128e-02  1.384887e+00  4.071809e-02  
   2.9370301  1.530733e+00  3.231589e-02  1.530836e+00  3.232259e-02  1.408801e+00  4.417441e-02  
   2.9570301  1.559224e+00  3.711715e-02  1.559330e+00  3.712546e-02  1.432285e+00  4.800551e-02  
   2.9780300  1.590971e+00  4.343910e-02  1.591082e+00  4.344956e-02  1.458431e+00  5.284223e-02  
   2.9990301  1.624648e+00  5.138077e-02  1.624764e+00  5.139397e-02  1.486194e+00  5.871084e-02  
   3.0200300  1.660263e+00  6.129751e-02  1.660384e+00  6.131411e-02  1.515651e+00  6.585059e-02  
   3.0410299  1.697765e+00  7.358258e-02  1.697891e+00  7.360335e-02  1.546855e+00  7.454203e-02  
   3.0610299  1.735120e+00  8.786935e-02  1.735250e+00  8.789489e-02  1.578211e+00  8.455656e-02  
   3.0820301  1.775856e+00  1.060028e-01  1.775991e+00  1.060342e-01  1.612821e+00  9.724197e-02  
   3.1030300  1.817836e+00  1.277643e-01  1.817975e+00  1.278023e-01  1.649062e+00  1.125371e-01  
   3.1240301  1.860652e+00  1.535507e-01  1.860794e+00  1.535963e-01  1.686759e+00  1.308582e-01  
   3.1450300  1.903787e+00  1.837004e-01  1.903932e+00  1.837542e-01  1.725646e+00  1.526282e-01  
   3.1660299  1.946642e+00  2.184677e-01  1.946788e+00  2.185303e-01  1.765357e+00  1.782582e-01  
   3.1860299  1.986572e+00  2.560040e-01  1.986718e+00  2.560751e-01  1.803511e+00  2.065985e-01  
   3.2070301  2.026878e+00  3.000737e-01  2.027022e+00  3.001539e-01  1.843372e+00  2.407811e-01  
   3.2280300  2.064791e+00  3.487773e-01  2.064931e+00  3.488663e-01  1.882367e+00  2.797086e-01  
   3.2490301  2.099593e+00  4.018228e-01  2.099728e+00  4.019201e-01  1.919748e+00  3.234746e-01  
   3.2700300  2.130621e+00  4.587620e-01  2.130749e+00  4.588663e-01  1.954710e+00  3.720209e-01  
   3.2910299  2.157316e+00  5.190089e-01  2.157435e+00  5.191192e-01  1.986430e+00  4.251195e-01  
   3.3110299  2.178317e+00  5.788237e-01  2.178427e+00  5.789382e-01  2.012891e+00  4.795492e-01  
   3.3320301  2.195460e+00  6.434419e-01  2.195559e+00  6.435595e-01  2.036029e+00  5.401888e-01  
   3.3536301  2.207741e+00  7.110013e-01  2.207828e+00  7.111200e-01  2.054217e+00  6.055064e-01  
   3.3736300  2.214336e+00  7.737921e-01  2.214412e+00  7.739106e-01  2.065536e+00  6.678103e-01  
   3.3946300  2.216546e+00  8.392373e-01  2.216610e+00  8.393545e-01  2.071436e+00  7.341506e-01  
   3.4156301  2.214288e+00  9.035366e-01  2.214343e+00  9.036513e-01  2.071138e+00  8.004022e-01  
   3.4366300  2.208045e+00  9.661503e-01  2.208088e+00  9.662620e-01  2.064804e+00  8.655156e-01  
   3.4576299  2.198360e+00  1.026682e+00  2.198394e+00  1.026790e+00  2.052824e+00  9.285066e-01  
   3.4776299  2.186459e+00  1.082167e+00  2.186485e+00  1.082273e+00  2.036703e+00  9.857298e-01  
   3.4986300  2.171683e+00  1.138048e+00  2.171702e+00  1.138152e+00  2.015563e+00  1.042231e+00  
   3.5196300  2.155065e+00  1.191502e+00  2.155078e+00  1.191606e+00  1.990976e+00  1.094567e+00  
   3.5406301  2.137032e+00  1.242636e+00  2.137040e+00  1.242741e+00  1.963889e+00  1.142457e+00  
   3.5616300  2.117909e+00  1.291611e+00  2.117913e+00  1.291717e+00  1.935258e+00  1.185846e+00  
   3.5826299  2.097929e+00  1.338613e+00  2.097930e+00  1.338723e+00  1.905982e+00  1.224896e+00  
   3.6026299  2.078237e+00  1.381704e+00  2.078234e+00  1.381819e+00  1.878229e+00  1.258359e+00  
   3.6236300  2.056934e+00  1.425325e+00  2.056930e+00  1.425445e+00  1.849852e+00  1.290038e+00  
   3.6446300  2.035033e+00  1.467361e+00  2.035026e+00  1.467487e+00  1.822737e+00  1.318721e+00  
   3.6656301  2.012561e+00  1.507832e+00  2.012553e+00  1.507964e+00  1.797199e+00  1.344994e+00  
   3.6866300  1.989578e+00  1.546700e+00  1.989570e+00  1.546839e+00  1.773388e+00  1.369420e+00  
   3.7076299  1.966195e+00  1.583889e+00  1.966186e+00  1.584033e+00  1.751318e+00  1.392496e+00  
   3.7276299  1.943721e+00  1.617662e+00  1.943712e+00  1.617810e+00  1.731835e+00  1.413590e+00  
   3.7486300  1.920171e+00  1.651325e+00  1.920166e+00  1.651477e+00  1.712852e+00  1.435100e+00  
   3.7702301  1.896371e+00  1.684007e+00  1.896369e+00  1.684162e+00  1.694733e+00  1.456744e+00  
   3.7902300  1.875116e+00  1.712572e+00  1.875119e+00  1.712729e+00  1.679093e+00  1.476454e+00  
   3.8112299  1.854076e+00  1.740987e+00  1.854086e+00  1.741146e+00  1.663761e+00  1.496856e+00  
   3.8322301  1.834834e+00  1.768097e+00  1.834850e+00  1.768258e+00  1.649522e+00  1.516980e+00  
   3.8532300  1.817865e+00  1.794366e+00  1.817890e+00  1.794531e+00  1.636429e+00  1.536858e+00  
   3.8742299  1.803581e+00  1.820411e+00  1.803613e+00  1.820580e+00  1.624604e+00  1.556570e+00  
   3.8942299  1.792750e+00  1.845692e+00  1.792791e+00  1.845867e+00  1.614681e+00  1.575325e+00  
   3.9152300  1.784438e+00  1.873562e+00  1.784486e+00  1.873744e+00  1.605861e+00  1.595230e+00  
   3.9362299  1.779233e+00  1.903713e+00  1.779288e+00  1.903906e+00  1.598884e+00  1.615689e+00  
   3.9572301  1.776903e+00  1.937120e+00  1.776961e+00  1.937326e+00  1.593928e+00  1.637156e+00  
   3.9782300  1.776983e+00  1.974743e+00  1.777043e+00  1.974965e+00  1.591112e+00  1.660186e+00  
   3.9992299  1.778785e+00  2.017479e+00  1.778841e+00  2.017720e+00  1.590463e+00  1.685432e+00  
   4.0192299  1.781268e+00  2.063648e+00  1.781319e+00  2.063909e+00  1.591778e+00  1.712197e+00  
   4.0402298  1.783621e+00  2.118459e+00  1.783662e+00  2.118743e+00  1.594963e+00  1.743908e+00  
   4.0612302  1.784467e+00  2.180166e+00  1.784493e+00  2.180474e+00  1.599600e+00  1.780105e+00  
   4.0822301  1.782418e+00  2.248939e+00  1.782425e+00  2.249272e+00  1.605094e+00  1.821579e+00  
   4.1032300  1.776017e+00  2.324685e+00  1.776001e+00  2.325044e+00  1.610646e+00  1.869065e+00  
   4.1242299  1.763790e+00  2.407040e+00  1.763747e+00  2.407422e+00  1.615247e+00  1.923192e+00  
   4.1442299  1.745415e+00  2.491032e+00  1.745344e+00  2.491434e+00  1.617633e+00  1.981341e+00  
   4.1652298  1.717764e+00  2.584202e+00  1.717662e+00  2.584623e+00  1.616705e+00  2.049565e+00  
   4.1868300  1.679143e+00  2.684188e+00  1.679008e+00  2.684623e+00  1.610484e+00  2.127363e+00  
   4.2068300  1.633216e+00  2.779279e+00  1.633052e+00  2.779723e+00  1.598436e+00  2.205951e+00  
   4.2278299  1.573682e+00  2.880275e+00  1.573487e+00  2.880722e+00  1.577680e+00  2.294536e+00  
   4.2488298  1.501991e+00  2.980862e+00  1.501768e+00  2.981305e+00  1.547066e+00  2.388226e+00  
   4.2698302  1.417813e+00  3.079339e+00  1.417564e+00  3.079774e+00  1.505176e+00  2.485498e+00  
   4.2908301  1.321086e+00  3.173951e+00  1.320815e+00  3.174369e+00  1.450855e+00  2.584458e+00  
   4.3108301  1.217479e+00  3.258856e+00  1.217189e+00  3.259250e+00  1.386829e+00  2.678266e+00  
   4.3318300  1.097078e+00  3.340858e+00  1.096771e+00  3.341223e+00  1.306334e+00  2.773968e+00  
   4.3528299  9.654931e-01  3.413868e+00  9.651737e-01  3.414197e+00  1.212360e+00  2.864295e+00  
   4.3738298  8.237141e-01  3.476257e+00  8.233843e-01  3.476545e+00  1.105540e+00  2.946693e+00  
   4.3948302  6.729794e-01  3.526506e+00  6.726421e-01  3.526749e+00  9.870272e-01  3.018738e+00  
   4.4158301  5.147848e-01  3.563232e+00  5.144424e-01  3.563425e+00  8.584765e-01  3.078253e+00  
   4.4358301  3.587562e-01  3.584535e+00  3.584118e-01  3.584682e+00  7.286064e-01  3.121640e+00  
   4.4568300  1.911407e-01  3.591598e+00  1.907972e-01  3.591694e+00  5.867364e-01  3.151953e+00  
   4.4778299  2.171658e-02  3.582266e+00  2.137647e-02  3.582310e+00  4.418011e-01  3.165860e+00  
   4.4988298  -1.472764e-01  3.556119e+00  -1.476097e-01  3.556114e+00  2.965105e-01  3.163123e+00  
   4.5198302  -3.135132e-01  3.513087e+00  -3.138359e-01  3.513038e+00  1.535357e-01  3.144079e+00  
   4.5408301  -4.746327e-01  3.453494e+00  -4.749407e-01  3.453404e+00  1.539693e-02  3.109608e+00  
   4.5608301  -6.212146e-01  3.382010e+00  -6.215048e-01  3.381883e+00  -1.096133e-01  3.063668e+00  
   4.5818300  -7.658207e-01  3.292586e+00  -7.660877e-01  3.292426e+00  -2.321709e-01  3.003327e+00  
   4.6034298  -9.025696e-01  3.186862e+00  -9.028080e-01  3.186676e+00  -3.473873e-01  2.930416e+00  
   4.6234298  -1.016774e+00  3.078344e+00  -1.016982e+00  3.078138e+00  -4.432829e-01  2.855143e+00  
   4.6444302  -1.122564e+00  2.955563e+00  -1.122736e+00  2.955342e+00  -5.322247e-01  2.770248e+00  
   4.6654301  -1.213003e+00  2.826150e+00  -1.213137e+00  2.825920e+00  -6.089471e-01  2.681520e+00  
   4.6864300  -1.287662e+00  2.692681e+00  -1.287754e+00  2.692448e+00  -6.736434e-01  2.591028e+00  
   4.7074299  -1.346587e+00  2.557746e+00  -1.346635e+00  2.557516e+00  -7.268257e-01  2.500645e+00  
   4.7274299  -1.388533e+00  2.430146e+00  -1.388539e+00  2.429924e+00  -7.674668e-01  2.416151e+00  
   4.7484298  -1.418563e+00  2.299306e+00  -1.418524e+00  2.299098e+00  -8.005325e-01  2.330392e+00  
   4.7694302  -1.435463e+00  2.173630e+00  -1.435379e+00  2.173440e+00  -8.247918e-01  2.248711e+00  
   4.7904301  -1.440724e+00  2.054739e+00  -1.440595e+00  2.054572e+00  -8.413450e-01  2.171898e+00  
   4.8114300  -1.435995e+00  1.943853e+00  -1.435822e+00  1.943711e+00  -8.512931e-01  2.100479e+00  
   4.8324299  -1.422989e+00  1.841787e+00  -1.422773e+00  1.841675e+00  -8.556956e-01  2.034749e+00  
   4.8524299  -1.404448e+00  1.753186e+00  -1.404192e+00  1.753104e+00  -8.556361e-01  1.977533e+00  
   4.8734298  -1.380048e+00  1.669291e+00  -1.379751e+00  1.669243e+00  -8.519703e-01  1.923055e+00  
   4.8944302  -1.352018e+00  1.594580e+00  -1.351682e+00  1.594569e+00  -8.453981e-01  1.874137e+00  
   4.9154301  -1.321625e+00  1.528662e+00  -1.321250e+00  1.528690e+00  -8.366126e-01  1.830513e+00  
   4.9364300  -1.289939e+00  1.470983e+00  -1.289527e+00  1.471050e+00  -8.262051e-01  1.791849e+00  
   4.9574299  -1.257834e+00  1.420883e+00  -1.257387e+00  1.420990e+00  -8.146694e-01  1.757778e+00  
   4.9774299  -1.227500e+00  1.379566e+00  -1.227021e+00  1.379713e+00  -8.030078e-01  1.729247e+00  
   4.9984298  -1.196408e+00  1.342202e+00  -1.195895e+00  1.342391e+00  -7.903711e-01  1.703027e+00  
