w Re-xx Im-xx Re-yy Im-yy Re-zz Im-zz
# Gaussian absolute broadening  0.15 [eV]
   0.0000000  7.711687e-01  8.939348e-05  7.711725e-01  8.939364e-05  7.266684e-01  7.925122e-05  
   0.0200000  7.712697e-01  9.567412e-05  7.712737e-01  9.567433e-05  7.267581e-01  8.481806e-05  
   0.0410000  7.713899e-01  1.028312e-04  7.713938e-01  1.028315e-04  7.268645e-01  9.116148e-05  
   0.0620000  7.715267e-01  1.106011e-04  7.715306e-01  1.106015e-04  7.269861e-01  9.804763e-05  
   0.0830000  7.716820e-01  1.190182e-04  7.716860e-01  1.190187e-04  7.271239e-01  1.055070e-04  
   0.1040000  7.718586e-01  1.281122e-04  7.718626e-01  1.281129e-04  7.272803e-01  1.135656e-04  
   0.1240000  7.720476e-01  1.374242e-04  7.720515e-01  1.374250e-04  7.274479e-01  1.218167e-04  
   0.1450000  7.722707e-01  1.479004e-04  7.722747e-01  1.479016e-04  7.276458e-01  1.310989e-04  
   0.1660000  7.725213e-01  1.590993e-04  7.725254e-01  1.591007e-04  7.278678e-01  1.410203e-04  
   0.1870000  7.728016e-01  1.710170e-04  7.728055e-01  1.710188e-04  7.281162e-01  1.515776e-04  
   0.2080000  7.731133e-01  1.836390e-04  7.731174e-01  1.836412e-04  7.283925e-01  1.627576e-04  
   0.2290000  7.734582e-01  1.969399e-04  7.734622e-01  1.969427e-04  7.286983e-01  1.745374e-04  
   0.2490000  7.738195e-01  2.102060e-04  7.738234e-01  2.102093e-04  7.290184e-01  1.862848e-04  
   0.2700000  7.742342e-01  2.247214e-04  7.742380e-01  2.247255e-04  7.293859e-01  1.991367e-04  
   0.2910000  7.746862e-01  2.397879e-04  7.746902e-01  2.397926e-04  7.297863e-01  2.124740e-04  
   0.3120000  7.751763e-01  2.553505e-04  7.751804e-01  2.553561e-04  7.302207e-01  2.262481e-04  
   0.3330000  7.757049e-01  2.713540e-04  7.757089e-01  2.713604e-04  7.306890e-01  2.404095e-04  
   0.3540000  7.762724e-01  2.877446e-04  7.762766e-01  2.877520e-04  7.311921e-01  2.549100e-04  
   0.3740000  7.768493e-01  3.036683e-04  7.768535e-01  3.036766e-04  7.317029e-01  2.689940e-04  
   0.3950000  7.774930e-01  3.206745e-04  7.774973e-01  3.206838e-04  7.322732e-01  2.840314e-04  
   0.4160000  7.781754e-01  3.379362e-04  7.781797e-01  3.379464e-04  7.328777e-01  2.992902e-04  
   0.4374300  7.789127e-01  3.557825e-04  7.789168e-01  3.557938e-04  7.335305e-01  3.150608e-04  
   0.4574300  7.796365e-01  3.726258e-04  7.796407e-01  3.726381e-04  7.341716e-01  3.299401e-04  
   0.4784300  7.804345e-01  3.904893e-04  7.804388e-01  3.905025e-04  7.348780e-01  3.457152e-04  
   0.4994300  7.812710e-01  4.085232e-04  7.812754e-01  4.085375e-04  7.356185e-01  3.616347e-04  
   0.5204300  7.821468e-01  4.267204e-04  7.821509e-01  4.267357e-04  7.363933e-01  3.776919e-04  
   0.5414300  7.830607e-01  4.450775e-04  7.830651e-01  4.450939e-04  7.372025e-01  3.938835e-04  
   0.5614300  7.839679e-01  4.627089e-04  7.839722e-01  4.627264e-04  7.380053e-01  4.094286e-04  
   0.5824300  7.849587e-01  4.813799e-04  7.849635e-01  4.813985e-04  7.388820e-01  4.258831e-04  
   0.6034300  7.859890e-01  5.002160e-04  7.859935e-01  5.002359e-04  7.397935e-01  4.424756e-04  
   0.6244300  7.870597e-01  5.192230e-04  7.870641e-01  5.192445e-04  7.407402e-01  4.592105e-04  
   0.6454300  7.881702e-01  5.384064e-04  7.881747e-01  5.384291e-04  7.417224e-01  4.760924e-04  
   0.6664300  7.893215e-01  5.577723e-04  7.893261e-01  5.577964e-04  7.427404e-01  4.931267e-04  
   0.6864300  7.904557e-01  5.763923e-04  7.904603e-01  5.764178e-04  7.437428e-01  5.094964e-04  
   0.7074300  7.916870e-01  5.961353e-04  7.916917e-01  5.961622e-04  7.448311e-01  5.268444e-04  
   0.7284300  7.929603e-01  6.160823e-04  7.929648e-01  6.161106e-04  7.459562e-01  5.443623e-04  
   0.7494300  7.942753e-01  6.362410e-04  7.942800e-01  6.362705e-04  7.471182e-01  5.620568e-04  
   0.7704300  7.956329e-01  6.566194e-04  7.956378e-01  6.566502e-04  7.483174e-01  5.799336e-04  
   0.7914300  7.970337e-01  6.772260e-04  7.970386e-01  6.772579e-04  7.495545e-01  5.980003e-04  
   0.8114300  7.984077e-01  6.970710e-04  7.984127e-01  6.971036e-04  7.507675e-01  6.153892e-04  
   0.8324300  7.998934e-01  7.181483e-04  7.998984e-01  7.181814e-04  7.520792e-01  6.338469e-04  
   0.8540300  8.014687e-01  7.400939e-04  8.014737e-01  7.401273e-04  7.534693e-01  6.530532e-04  
   0.8740300  8.029692e-01  7.606633e-04  8.029742e-01  7.606969e-04  7.547931e-01  6.710436e-04  
   0.8950300  8.045892e-01  7.825290e-04  8.045947e-01  7.825628e-04  7.562222e-01  6.901561e-04  
   0.9160300  8.062556e-01  8.046800e-04  8.062609e-01  8.047138e-04  7.576917e-01  7.095046e-04  
   0.9370300  8.079686e-01  8.271266e-04  8.079740e-01  8.271602e-04  7.592021e-01  7.290982e-04  
   0.9580300  8.097293e-01  8.498803e-04  8.097346e-01  8.499140e-04  7.607536e-01  7.489460e-04  
   0.9780300  8.114508e-01  8.718466e-04  8.114563e-01  8.718805e-04  7.622706e-01  7.680940e-04  
   0.9990300  8.133062e-01  8.952333e-04  8.133116e-01  8.952671e-04  7.639048e-01  7.884656e-04  
   1.0200300  8.152110e-01  9.189624e-04  8.152167e-01  9.189963e-04  7.655823e-01  8.091195e-04  
   1.0410300  8.171662e-01  9.430457e-04  8.171718e-01  9.430798e-04  7.673035e-01  8.300662e-04  
   1.0620300  8.191728e-01  9.674962e-04  8.191784e-01  9.675309e-04  7.690694e-01  8.513156e-04  
   1.0830300  8.212306e-01  9.923266e-04  8.212364e-01  9.923619e-04  7.708799e-01  8.728781e-04  
   1.1030300  8.232396e-01  1.016340e-03  8.232455e-01  1.016376e-03  7.726468e-01  8.937148e-04  
   1.1240300  8.254011e-01  1.041952e-03  8.254070e-01  1.041989e-03  7.745473e-01  9.159198e-04  
   1.1450300  8.276167e-01  1.067985e-03  8.276228e-01  1.068023e-03  7.764945e-01  9.384704e-04  
   1.1660300  8.298877e-01  1.094453e-03  8.298938e-01  1.094492e-03  7.784898e-01  9.613788e-04  
   1.1870300  8.322144e-01  1.121372e-03  8.322207e-01  1.121413e-03  7.805336e-01  9.846569e-04  
   1.2080300  8.345985e-01  1.148758e-03  8.346050e-01  1.148800e-03  7.826262e-01  1.008317e-03  
   1.2280300  8.369221e-01  1.175289e-03  8.369286e-01  1.175334e-03  7.846655e-01  1.031219e-03  
   1.2490300  8.394197e-01  1.203635e-03  8.394263e-01  1.203682e-03  7.868563e-01  1.055665e-03  
   1.2706300  8.420515e-01  1.233334e-03  8.420584e-01  1.233383e-03  7.891644e-01  1.081252e-03  
   1.2906300  8.445459e-01  1.261341e-03  8.445528e-01  1.261393e-03  7.913507e-01  1.105358e-03  
   1.3116300  8.472258e-01  1.291293e-03  8.472328e-01  1.291348e-03  7.936986e-01  1.131114e-03  
   1.3326300  8.499690e-01  1.321825e-03  8.499761e-01  1.321882e-03  7.961008e-01  1.157341e-03  
   1.3536299  8.527766e-01  1.352957e-03  8.527839e-01  1.353019e-03  7.985585e-01  1.184057e-03  
   1.3746300  8.556506e-01  1.384716e-03  8.556581e-01  1.384781e-03  8.010734e-01  1.211281e-03  
   1.3946300  8.584506e-01  1.415565e-03  8.584582e-01  1.415633e-03  8.035222e-01  1.237697e-03  
   1.4156300  8.614576e-01  1.448614e-03  8.614655e-01  1.448686e-03  8.061506e-01  1.265967e-03  
   1.4366300  8.645351e-01  1.482362e-03  8.645427e-01  1.482438e-03  8.088392e-01  1.294803e-03  
   1.4576300  8.676842e-01  1.516836e-03  8.676922e-01  1.516916e-03  8.115894e-01  1.324225e-03  
   1.4786299  8.709068e-01  1.552066e-03  8.709151e-01  1.552149e-03  8.144020e-01  1.354256e-03  
   1.4996300  8.742045e-01  1.588081e-03  8.742129e-01  1.588167e-03  8.172790e-01  1.384918e-03  
   1.5196300  8.774158e-01  1.623136e-03  8.774242e-01  1.623226e-03  8.200785e-01  1.414728e-03  
   1.5406300  8.808644e-01  1.660774e-03  8.808728e-01  1.660865e-03  8.230833e-01  1.446691e-03  
   1.5616300  8.843929e-01  1.699291e-03  8.844018e-01  1.699385e-03  8.261560e-01  1.479359e-03  
   1.5826300  8.880032e-01  1.738726e-03  8.880120e-01  1.738823e-03  8.292978e-01  1.512758e-03  
   1.6036299  8.916973e-01  1.779119e-03  8.917060e-01  1.779219e-03  8.325109e-01  1.546916e-03  
   1.6246300  8.954767e-01  1.820513e-03  8.954858e-01  1.820614e-03  8.357964e-01  1.581866e-03  
   1.6446300  8.991575e-01  1.860907e-03  8.991672e-01  1.861011e-03  8.389938e-01  1.615913e-03  
   1.6656300  9.031103e-01  1.904393e-03  9.031199e-01  1.904499e-03  8.424250e-01  1.652496e-03  
   1.6872300  9.072726e-01  1.950328e-03  9.072823e-01  1.950436e-03  8.460358e-01  1.691055e-03  
   1.7072300  9.112158e-01  1.994011e-03  9.112257e-01  1.994122e-03  8.494536e-01  1.727633e-03  
   1.7282300  9.154506e-01  2.041142e-03  9.154608e-01  2.041256e-03  8.531221e-01  1.766988e-03  
   1.7492300  9.197853e-01  2.089653e-03  9.197960e-01  2.089769e-03  8.568742e-01  1.807356e-03  
   1.7702301  9.242229e-01  2.139642e-03  9.242339e-01  2.139763e-03  8.607120e-01  1.848786e-03  
   1.7912300  9.287660e-01  2.191227e-03  9.287769e-01  2.191351e-03  8.646379e-01  1.891330e-03  
   1.8112299  9.331939e-01  2.241963e-03  9.332051e-01  2.242091e-03  8.684610e-01  1.932936e-03  
   1.8322300  9.379524e-01  2.297072e-03  9.379637e-01  2.297205e-03  8.725662e-01  1.977823e-03  
   1.8532300  9.428255e-01  2.354241e-03  9.428370e-01  2.354380e-03  8.767668e-01  2.024006e-03  
   1.8742300  9.478177e-01  2.413676e-03  9.478297e-01  2.413820e-03  8.810658e-01  2.071561e-03  
   1.8952301  9.529318e-01  2.475612e-03  9.529446e-01  2.475762e-03  8.854661e-01  2.120573e-03  
   1.9162300  9.581719e-01  2.540313e-03  9.581846e-01  2.540470e-03  8.899698e-01  2.171136e-03  
   1.9362299  9.632826e-01  2.604772e-03  9.632958e-01  2.604935e-03  8.943589e-01  2.220832e-03  
   1.9572300  9.687799e-01  2.675744e-03  9.687931e-01  2.675915e-03  8.990746e-01  2.274751e-03  
   1.9782300  9.744143e-01  2.750431e-03  9.744280e-01  2.750610e-03  9.039040e-01  2.330595e-03  
   1.9992300  9.801908e-01  2.829207e-03  9.802049e-01  2.829394e-03  9.088496e-01  2.388532e-03  
   2.0202301  9.861143e-01  2.912471e-03  9.861286e-01  2.912667e-03  9.139168e-01  2.448764e-03  
   2.0412300  9.921884e-01  3.000647e-03  9.922033e-01  3.000852e-03  9.191076e-01  2.511524e-03  
   2.0612299  9.981190e-01  3.089599e-03  9.981340e-01  3.089812e-03  9.241704e-01  2.573897e-03  
   2.0822301  1.004504e+00  3.188679e-03  1.004520e+00  3.188906e-03  9.296159e-01  2.642432e-03  
   2.1038301  1.011247e+00  3.297191e-03  1.011262e+00  3.297430e-03  9.353610e-01  2.716566e-03  
   2.1238301  1.017653e+00  3.404150e-03  1.017669e+00  3.404403e-03  9.408134e-01  2.788902e-03  
   2.1448300  1.024555e+00  3.523756e-03  1.024572e+00  3.524024e-03  9.466826e-01  2.869155e-03  
   2.1658299  1.031644e+00  3.651503e-03  1.031661e+00  3.651789e-03  9.527035e-01  2.954358e-03  
   2.1868300  1.038927e+00  3.788156e-03  1.038945e+00  3.788463e-03  9.588829e-01  3.045131e-03  
   2.2078300  1.046411e+00  3.934571e-03  1.046429e+00  3.934900e-03  9.652256e-01  3.142156e-03  
   2.2278299  1.053733e+00  4.083984e-03  1.053752e+00  4.084338e-03  9.714249e-01  3.241056e-03  
   2.2488301  1.061635e+00  4.252391e-03  1.061654e+00  4.252770e-03  9.781060e-01  3.352493e-03  
   2.2698300  1.069762e+00  4.433795e-03  1.069782e+00  4.434206e-03  9.849693e-01  3.472552e-03  
   2.2908299  1.078125e+00  4.629542e-03  1.078146e+00  4.629990e-03  9.920233e-01  3.602154e-03  
   2.3118300  1.086734e+00  4.841079e-03  1.086755e+00  4.841562e-03  9.992748e-01  3.742272e-03  
   2.3328300  1.095599e+00  5.069931e-03  1.095620e+00  5.070454e-03  1.006732e+00  3.893929e-03  
   2.3528299  1.104289e+00  5.305431e-03  1.104311e+00  5.305998e-03  1.014031e+00  4.050086e-03  
   2.3738301  1.113684e+00  5.572674e-03  1.113707e+00  5.573288e-03  1.021913e+00  4.227473e-03  
   2.3948300  1.123369e+00  5.861924e-03  1.123392e+00  5.862591e-03  1.030026e+00  4.419819e-03  
   2.4158299  1.133355e+00  6.174727e-03  1.133380e+00  6.175449e-03  1.038380e+00  4.628457e-03  
   2.4368300  1.143659e+00  6.512563e-03  1.143684e+00  6.513346e-03  1.046987e+00  4.854834e-03  
   2.4578300  1.154292e+00  6.876843e-03  1.154318e+00  6.877684e-03  1.055857e+00  5.100544e-03  
   2.4778299  1.164743e+00  7.249621e-03  1.164770e+00  7.250523e-03  1.064561e+00  5.354140e-03  
   2.4988301  1.176073e+00  7.669530e-03  1.176101e+00  7.670503e-03  1.073982e+00  5.642889e-03  
   2.5204301  1.188130e+00  8.133493e-03  1.188159e+00  8.134535e-03  1.083989e+00  5.966230e-03  
   2.5404301  1.199679e+00  8.593764e-03  1.199709e+00  8.594877e-03  1.093557e+00  6.291823e-03  
   2.5614300  1.212230e+00  9.111057e-03  1.212260e+00  9.112244e-03  1.103931e+00  6.663682e-03  
   2.5824299  1.225242e+00  9.666217e-03  1.225273e+00  9.667486e-03  1.114662e+00  7.069634e-03  
   2.6034300  1.238748e+00  1.026346e-02  1.238781e+00  1.026481e-02  1.125770e+00  7.513727e-03  
   2.6244299  1.252784e+00  1.090851e-02  1.252819e+00  1.090996e-02  1.137277e+00  8.000770e-03  
   2.6444299  1.266681e+00  1.157444e-02  1.266717e+00  1.157598e-02  1.148631e+00  8.509855e-03  
   2.6654301  1.281872e+00  1.233789e-02  1.281909e+00  1.233954e-02  1.160994e+00  9.098658e-03  
   2.6864300  1.297723e+00  1.318072e-02  1.297761e+00  1.318251e-02  1.173838e+00  9.751521e-03  
   2.7074299  1.314290e+00  1.412108e-02  1.314331e+00  1.412304e-02  1.187198e+00  1.047909e-02  
   2.7284300  1.331635e+00  1.518251e-02  1.331677e+00  1.518467e-02  1.201111e+00  1.129456e-02  
   2.7494299  1.349820e+00  1.639520e-02  1.349864e+00  1.639762e-02  1.215616e+00  1.221425e-02  
   2.7694299  1.367988e+00  1.772588e-02  1.368034e+00  1.772859e-02  1.230021e+00  1.320553e-02  
   2.7904301  1.388030e+00  1.935404e-02  1.388078e+00  1.935715e-02  1.245812e+00  1.439136e-02  
   2.8114300  1.409143e+00  2.127831e-02  1.409194e+00  2.128192e-02  1.262336e+00  1.575554e-02  
   2.8324299  1.431415e+00  2.357392e-02  1.431468e+00  2.357816e-02  1.279648e+00  1.733496e-02  
   2.8534300  1.454939e+00  2.633405e-02  1.454996e+00  2.633908e-02  1.297807e+00  1.917429e-02  
   2.8744299  1.479811e+00  2.967308e-02  1.479871e+00  2.967911e-02  1.316876e+00  2.132728e-02  
   2.8944299  1.504839e+00  3.351863e-02  1.504902e+00  3.352588e-02  1.335943e+00  2.372818e-02  
   2.9154301  1.532612e+00  3.841612e-02  1.532678e+00  3.842499e-02  1.356979e+00  2.669078e-02  
   2.9370301  1.562863e+00  4.457885e-02  1.562933e+00  4.458980e-02  1.379778e+00  3.030462e-02  
   2.9570301  1.592455e+00  5.152149e-02  1.592529e+00  5.153487e-02  1.402003e+00  3.426462e-02  
   2.9780300  1.625207e+00  6.035234e-02  1.625284e+00  6.036889e-02  1.426562e+00  3.918242e-02  
   2.9990301  1.659688e+00  7.106252e-02  1.659769e+00  7.108305e-02  1.452439e+00  4.502808e-02  
   3.0200300  1.695861e+00  8.398961e-02  1.695946e+00  8.401497e-02  1.479691e+00  5.197980e-02  
   3.0410299  1.733634e+00  9.949805e-02  1.733722e+00  9.952927e-02  1.508363e+00  6.024582e-02  
   3.0610299  1.770949e+00  1.170163e-01  1.771039e+00  1.170541e-01  1.537012e+00  6.955952e-02  
   3.0820301  1.811309e+00  1.386640e-01  1.811402e+00  1.387101e-01  1.568495e+00  8.111352e-02  
   3.1030300  1.852557e+00  1.640061e-01  1.852653e+00  1.640617e-01  1.601365e+00  9.478233e-02  
   3.1240301  1.894290e+00  1.933745e-01  1.894385e+00  1.934409e-01  1.635522e+00  1.108935e-01  
   3.1450300  1.936010e+00  2.270395e-01  1.936104e+00  2.271180e-01  1.670800e+00  1.297898e-01  
   3.1660299  1.977146e+00  2.651883e-01  1.977237e+00  2.652802e-01  1.706954e+00  1.518172e-01  
   3.1860299  2.015202e+00  3.057638e-01  2.015290e+00  3.058695e-01  1.741902e+00  1.760081e-01  
   3.2070301  2.053340e+00  3.527834e-01  2.053423e+00  3.529043e-01  1.778737e+00  2.050615e-01  
   3.2280300  2.088943e+00  4.041494e-01  2.089020e+00  4.042858e-01  1.815217e+00  2.380804e-01  
   3.2490301  2.121350e+00  4.595440e-01  2.121420e+00  4.596962e-01  1.850757e+00  2.752033e-01  
   3.2700300  2.149954e+00  5.185093e-01  2.150014e+00  5.186771e-01  1.884709e+00  3.164500e-01  
   3.2910299  2.174238e+00  5.804662e-01  2.174290e+00  5.806486e-01  1.916388e+00  3.617043e-01  
   3.3110299  2.192982e+00  6.416343e-01  2.193025e+00  6.418300e-01  1.943814e+00  4.082853e-01  
   3.3320301  2.207808e+00  7.074172e-01  2.207841e+00  7.076252e-01  1.969100e+00  4.604467e-01  
   3.3536301  2.217754e+00  7.759420e-01  2.217776e+00  7.761610e-01  1.990757e+00  5.169821e-01  
   3.3736300  2.222208e+00  8.394572e-01  2.222221e+00  8.396844e-01  2.006440e+00  5.712841e-01  
   3.3946300  2.222152e+00  9.055279e-01  2.222155e+00  9.057612e-01  2.018085e+00  6.295540e-01  
   3.4156301  2.217564e+00  9.703484e-01  2.217559e+00  9.705863e-01  2.024660e+00  6.882715e-01  
   3.4366300  2.208871e+00  1.033403e+00  2.208859e+00  1.033643e+00  2.026231e+00  7.465786e-01  
   3.4576299  2.196569e+00  1.094310e+00  2.196550e+00  1.094550e+00  2.023051e+00  8.036622e-01  
   3.4776299  2.181984e+00  1.150091e+00  2.181958e+00  1.150329e+00  2.016009e+00  8.562305e-01  
   3.4986300  2.164161e+00  1.206207e+00  2.164128e+00  1.206443e+00  2.004957e+00  9.089730e-01  
   3.5196300  2.144249e+00  1.259803e+00  2.144212e+00  1.260035e+00  1.990843e+00  9.587825e-01  
   3.5406301  2.122682e+00  1.310961e+00  2.122638e+00  1.311189e+00  1.974418e+00  1.005417e+00  
   3.5616300  2.099809e+00  1.359824e+00  2.099759e+00  1.360048e+00  1.956441e+00  1.048821e+00  
   3.5826299  2.075897e+00  1.406567e+00  2.075841e+00  1.406786e+00  1.937626e+00  1.089114e+00  
   3.6026299  2.052331e+00  1.449273e+00  2.052269e+00  1.449488e+00  1.919500e+00  1.124839e+00  
   3.6236300  2.026867e+00  1.492357e+00  2.026799e+00  1.492568e+00  1.900734e+00  1.159934e+00  
   3.6446300  2.000743e+00  1.533747e+00  2.000667e+00  1.533954e+00  1.882591e+00  1.192994e+00  
   3.6656301  1.974011e+00  1.573499e+00  1.973927e+00  1.573702e+00  1.865278e+00  1.224487e+00  
   3.6866300  1.946732e+00  1.611614e+00  1.946641e+00  1.611813e+00  1.848859e+00  1.254860e+00  
   3.7076299  1.918999e+00  1.648050e+00  1.918900e+00  1.648244e+00  1.833277e+00  1.284497e+00  
   3.7276299  1.892297e+00  1.681117e+00  1.892192e+00  1.681308e+00  1.819082e+00  1.312308e+00  
   3.7486300  1.864165e+00  1.714043e+00  1.864053e+00  1.714230e+00  1.804673e+00  1.341251e+00  
   3.7702301  1.835431e+00  1.745919e+00  1.835314e+00  1.746101e+00  1.790186e+00  1.370820e+00  
   3.7902300  1.809353e+00  1.773608e+00  1.809232e+00  1.773786e+00  1.776929e+00  1.397992e+00  
   3.8112299  1.782941e+00  1.800841e+00  1.782817e+00  1.801015e+00  1.763102e+00  1.426205e+00  
   3.8322301  1.757998e+00  1.826337e+00  1.757872e+00  1.826505e+00  1.749393e+00  1.453944e+00  
   3.8532300  1.735026e+00  1.850368e+00  1.734900e+00  1.850532e+00  1.735947e+00  1.481051e+00  
   3.8742299  1.714516e+00  1.873356e+00  1.714393e+00  1.873515e+00  1.723024e+00  1.507414e+00  
   3.8942299  1.697669e+00  1.894800e+00  1.697549e+00  1.894954e+00  1.711530e+00  1.531798e+00  
   3.9152300  1.683119e+00  1.917530e+00  1.683006e+00  1.917681e+00  1.700730e+00  1.556725e+00  
   3.9362299  1.671980e+00  1.941316e+00  1.671873e+00  1.941464e+00  1.691688e+00  1.581188e+00  
   3.9572301  1.664263e+00  1.967116e+00  1.664164e+00  1.967261e+00  1.684858e+00  1.605592e+00  
   3.9782300  1.659763e+00  1.995948e+00  1.659671e+00  1.996093e+00  1.680626e+00  1.630509e+00  
   3.9992299  1.658033e+00  2.028850e+00  1.657949e+00  2.028996e+00  1.679261e+00  1.656680e+00  
   4.0192299  1.658325e+00  2.064875e+00  1.658247e+00  2.065023e+00  1.680719e+00  1.683578e+00  
   4.0402298  1.659767e+00  2.108474e+00  1.659693e+00  2.108626e+00  1.685044e+00  1.714839e+00  
   4.0612302  1.661229e+00  2.158691e+00  1.661157e+00  2.158851e+00  1.691882e+00  1.750225e+00  
   4.0822301  1.661365e+00  2.216017e+00  1.661292e+00  2.216185e+00  1.700611e+00  1.790781e+00  
   4.1032300  1.658695e+00  2.280672e+00  1.658617e+00  2.280850e+00  1.710327e+00  1.837497e+00  
   4.1242299  1.651662e+00  2.352580e+00  1.651576e+00  2.352768e+00  1.719846e+00  1.891230e+00  
   4.1442299  1.639477e+00  2.427443e+00  1.639379e+00  2.427644e+00  1.727419e+00  1.949527e+00  
   4.1652298  1.619476e+00  2.512077e+00  1.619362e+00  2.512291e+00  1.732223e+00  2.018591e+00  
   4.1868300  1.589768e+00  2.604549e+00  1.589633e+00  2.604777e+00  1.731936e+00  2.098078e+00  
   4.2068300  1.552866e+00  2.693904e+00  1.552709e+00  2.694144e+00  1.725180e+00  2.179015e+00  
   4.2278299  1.503435e+00  2.790176e+00  1.503253e+00  2.790428e+00  1.709551e+00  2.270872e+00  
   4.2488298  1.442331e+00  2.887361e+00  1.442121e+00  2.887624e+00  1.683436e+00  2.368621e+00  
   4.2698302  1.369071e+00  2.983727e+00  1.368834e+00  2.983999e+00  1.645264e+00  2.470675e+00  
   4.2908301  1.283460e+00  3.077463e+00  1.283193e+00  3.077743e+00  1.593775e+00  2.575055e+00  
   4.3108301  1.190502e+00  3.162627e+00  1.190208e+00  3.162911e+00  1.531564e+00  2.674531e+00  
   4.3318300  1.081219e+00  3.245992e+00  1.080897e+00  3.246278e+00  1.452023e+00  2.776625e+00  
   4.3528299  9.605503e-01  3.321422e+00  9.602021e-01  3.321706e+00  1.358036e+00  2.873698e+00  
   4.3738298  8.293222e-01  3.387235e+00  8.289497e-01  3.387514e+00  1.250270e+00  2.963105e+00  
   4.3948302  6.885943e-01  3.441855e+00  6.881995e-01  3.442126e+00  1.129930e+00  3.042331e+00  
   4.4158301  5.396622e-01  3.483837e+00  5.392479e-01  3.484096e+00  9.987347e-01  3.109116e+00  
   4.4358301  3.915692e-01  3.510901e+00  3.911398e-01  3.511144e+00  8.656503e-01  3.159441e+00  
   4.4568300  2.311510e-01  3.524710e+00  2.307087e-01  3.524931e+00  7.197388e-01  3.196979e+00  
   4.4778299  6.756341e-02  3.522711e+00  6.711189e-02  3.522908e+00  5.701393e-01  3.217979e+00  
   4.4988298  -9.712347e-02  3.504326e+00  -9.758013e-02  3.504493e+00  4.196132e-01  3.222134e+00  
   4.5198302  -2.607070e-01  3.469287e+00  -2.611647e-01  3.469424e+00  2.708697e-01  3.209707e+00  
   4.5408301  -4.208849e-01  3.417696e+00  -4.213393e-01  3.417799e+00  1.264572e-01  3.181498e+00  
   4.5608301  -5.681490e-01  3.353615e+00  -5.685964e-01  3.353683e+00  -4.980843e-03  3.141109e+00  
   4.5818300  -7.150394e-01  3.271489e+00  -7.154759e-01  3.271523e+00  -1.347478e-01  3.086067e+00  
   4.6034298  -8.556401e-01  3.172518e+00  -8.560618e-01  3.172517e+00  -2.578510e-01  3.017922e+00  
   4.6234298  -9.745500e-01  3.069362e+00  -9.749557e-01  3.069330e+00  -3.614458e-01  2.946325e+00  
   4.6444302  -1.086184e+00  2.951115e+00  -1.086571e+00  2.951055e+00  -4.588323e-01  2.864399e+00  
   4.6654301  -1.183081e+00  2.824996e+00  -1.183449e+00  2.824911e+00  -5.442930e-01  2.777599e+00  
   4.6864300  -1.264493e+00  2.693516e+00  -1.264842e+00  2.693412e+00  -6.179172e-01  2.687875e+00  
   4.7074299  -1.330161e+00  2.559270e+00  -1.330493e+00  2.559151e+00  -6.800858e-01  2.596999e+00  
   4.7274299  -1.378274e+00  2.431174e+00  -1.378591e+00  2.431045e+00  -7.291996e-01  2.510804e+00  
   4.7484298  -1.414301e+00  2.298711e+00  -1.414607e+00  2.298577e+00  -7.709127e-01  2.421940e+00  
   4.7694302  -1.436549e+00  2.170431e+00  -1.436848e+00  2.170294e+00  -8.033982e-01  2.335817e+00  
   4.7904301  -1.446410e+00  2.048129e+00  -1.446707e+00  2.047995e+00  -8.275962e-01  2.253289e+00  
   4.8114300  -1.445493e+00  1.933205e+00  -1.445792e+00  1.933075e+00  -8.444663e-01  2.174984e+00  
   4.8324299  -1.435516e+00  1.826654e+00  -1.435822e+00  1.826528e+00  -8.549535e-01  2.101338e+00  
   4.8524299  -1.419177e+00  1.733510e+00  -1.419493e+00  1.733389e+00  -8.598356e-01  2.035773e+00  
   4.8734298  -1.396439e+00  1.644695e+00  -1.396769e+00  1.644579e+00  -8.604165e-01  1.971851e+00  
   4.8944302  -1.369493e+00  1.565024e+00  -1.369841e+00  1.564912e+00  -8.571120e-01  1.912973e+00  
   4.9154301  -1.339701e+00  1.494194e+00  -1.340069e+00  1.494084e+00  -8.506303e-01  1.859052e+00  
   4.9364300  -1.308225e+00  1.431711e+00  -1.308614e+00  1.431601e+00  -8.416045e-01  1.809919e+00  
   4.9574299  -1.276024e+00  1.376958e+00  -1.276436e+00  1.376847e+00  -8.305897e-01  1.765352e+00  
   4.9774299  -1.245383e+00  1.331373e+00  -1.245817e+00  1.331258e+00  -8.186917e-01  1.726917e+00  
   4.9984298  -1.213801e+00  1.289706e+00  -1.214259e+00  1.289586e+00  -8.051175e-01  1.690493e+00  
