w Re-xx Im-xx Re-yy Im-yy Re-zz Im-zz
# Gaussian absolute broadening  0.15 [eV]
   0.0000000  7.710731e-01  8.926492e-05  7.710536e-01  8.926492e-05  7.263119e-01  7.918708e-05  
   0.0200000  7.711743e-01  9.553559e-05  7.711549e-01  9.553561e-05  7.264013e-01  8.474820e-05  
   0.0410000  7.712938e-01  1.026813e-04  7.712747e-01  1.026814e-04  7.265074e-01  9.108501e-05  
   0.0620000  7.714308e-01  1.104389e-04  7.714112e-01  1.104390e-04  7.266290e-01  9.796392e-05  
   0.0830000  7.715857e-01  1.188426e-04  7.715665e-01  1.188427e-04  7.267665e-01  1.054153e-04  
   0.1040000  7.717620e-01  1.279222e-04  7.717427e-01  1.279222e-04  7.269230e-01  1.134652e-04  
   0.1240000  7.719509e-01  1.372192e-04  7.719314e-01  1.372193e-04  7.270904e-01  1.217074e-04  
   0.1450000  7.721736e-01  1.476789e-04  7.721543e-01  1.476791e-04  7.272880e-01  1.309793e-04  
   0.1660000  7.724239e-01  1.588600e-04  7.724044e-01  1.588602e-04  7.275100e-01  1.408896e-04  
   0.1870000  7.727033e-01  1.707588e-04  7.726842e-01  1.707591e-04  7.277579e-01  1.514350e-04  
   0.2080000  7.730148e-01  1.833609e-04  7.729954e-01  1.833614e-04  7.280341e-01  1.626022e-04  
   0.2290000  7.733593e-01  1.966407e-04  7.733400e-01  1.966414e-04  7.283397e-01  1.743685e-04  
   0.2490000  7.737200e-01  2.098859e-04  7.737008e-01  2.098868e-04  7.286592e-01  1.861022e-04  
   0.2700000  7.741341e-01  2.243784e-04  7.741148e-01  2.243797e-04  7.290265e-01  1.989392e-04  
   0.2910000  7.745852e-01  2.394209e-04  7.745659e-01  2.394226e-04  7.294265e-01  2.122610e-04  
   0.3120000  7.750748e-01  2.549590e-04  7.750556e-01  2.549613e-04  7.298605e-01  2.260190e-04  
   0.3330000  7.756025e-01  2.709370e-04  7.755834e-01  2.709402e-04  7.303284e-01  2.401641e-04  
   0.3540000  7.761693e-01  2.873013e-04  7.761500e-01  2.873055e-04  7.308307e-01  2.546478e-04  
   0.3740000  7.767453e-01  3.031995e-04  7.767261e-01  3.032049e-04  7.313411e-01  2.687159e-04  
   0.3950000  7.773880e-01  3.201779e-04  7.773688e-01  3.201848e-04  7.319108e-01  2.837364e-04  
   0.4160000  7.780696e-01  3.374114e-04  7.780504e-01  3.374200e-04  7.325147e-01  2.989783e-04  
   0.4374300  7.788054e-01  3.552280e-04  7.787862e-01  3.552386e-04  7.331668e-01  3.147319e-04  
   0.4574300  7.795283e-01  3.720429e-04  7.795089e-01  3.720557e-04  7.338071e-01  3.295952e-04  
   0.4784300  7.803249e-01  3.898758e-04  7.803057e-01  3.898909e-04  7.345129e-01  3.453536e-04  
   0.4994300  7.811604e-01  4.078785e-04  7.811412e-01  4.078962e-04  7.352527e-01  3.612567e-04  
   0.5204300  7.820341e-01  4.260437e-04  7.820153e-01  4.260639e-04  7.360269e-01  3.772977e-04  
   0.5414300  7.829474e-01  4.443681e-04  7.829280e-01  4.443909e-04  7.368353e-01  3.934731e-04  
   0.5614300  7.838529e-01  4.619680e-04  7.838339e-01  4.619931e-04  7.376372e-01  4.090029e-04  
   0.5824300  7.848421e-01  4.806051e-04  7.848231e-01  4.806324e-04  7.385129e-01  4.254414e-04  
   0.6034300  7.858710e-01  4.994072e-04  7.858518e-01  4.994363e-04  7.394235e-01  4.420178e-04  
   0.6244300  7.869398e-01  5.183793e-04  7.869205e-01  5.184100e-04  7.403691e-01  4.587369e-04  
   0.6454300  7.880486e-01  5.375274e-04  7.880294e-01  5.375591e-04  7.413504e-01  4.756027e-04  
   0.6664300  7.891980e-01  5.568577e-04  7.891790e-01  5.568899e-04  7.423675e-01  4.926207e-04  
   0.6864300  7.903302e-01  5.754429e-04  7.903114e-01  5.754750e-04  7.433690e-01  5.089747e-04  
   0.7074300  7.915595e-01  5.951492e-04  7.915406e-01  5.951806e-04  7.444562e-01  5.263062e-04  
   0.7284300  7.928306e-01  6.150585e-04  7.928116e-01  6.150888e-04  7.455800e-01  5.438073e-04  
   0.7494300  7.941434e-01  6.351789e-04  7.941247e-01  6.352079e-04  7.467410e-01  5.614846e-04  
   0.7704300  7.954990e-01  6.555180e-04  7.954802e-01  6.555453e-04  7.479389e-01  5.793439e-04  
   0.7914300  7.968973e-01  6.760845e-04  7.968785e-01  6.761098e-04  7.491746e-01  5.973926e-04  
   0.8114300  7.982691e-01  6.958899e-04  7.982504e-01  6.959132e-04  7.503865e-01  6.147642e-04  
   0.8324300  7.997523e-01  7.169243e-04  7.997336e-01  7.169459e-04  7.516966e-01  6.332031e-04  
   0.8540300  8.013248e-01  7.388246e-04  8.013062e-01  7.388441e-04  7.530851e-01  6.523894e-04  
   0.8740300  8.028226e-01  7.593503e-04  8.028040e-01  7.593683e-04  7.544079e-01  6.703610e-04  
   0.8950300  8.044400e-01  7.811688e-04  8.044214e-01  7.811857e-04  7.558355e-01  6.894530e-04  
   0.9160300  8.061034e-01  8.032706e-04  8.060850e-01  8.032865e-04  7.573035e-01  7.087808e-04  
   0.9370300  8.078135e-01  8.256663e-04  8.077949e-01  8.256815e-04  7.588122e-01  7.283532e-04  
   0.9580300  8.095708e-01  8.483669e-04  8.095522e-01  8.483819e-04  7.603622e-01  7.481790e-04  
   0.9780300  8.112893e-01  8.702813e-04  8.112710e-01  8.702963e-04  7.618776e-01  7.673052e-04  
   0.9990300  8.131413e-01  8.936117e-04  8.131229e-01  8.936269e-04  7.635102e-01  7.876540e-04  
   1.0200300  8.150425e-01  9.172813e-04  8.150243e-01  9.172973e-04  7.651860e-01  8.082843e-04  
   1.0410300  8.169942e-01  9.413034e-04  8.169759e-01  9.413204e-04  7.669053e-01  8.292065e-04  
   1.0620300  8.189969e-01  9.656909e-04  8.189787e-01  9.657084e-04  7.686692e-01  8.504311e-04  
   1.0830300  8.210509e-01  9.904560e-04  8.210329e-01  9.904748e-04  7.704781e-01  8.719683e-04  
   1.1030300  8.230563e-01  1.014405e-03  8.230381e-01  1.014425e-03  7.722430e-01  8.927798e-04  
   1.1240300  8.252136e-01  1.039947e-03  8.251955e-01  1.039968e-03  7.741413e-01  9.149579e-04  
   1.1450300  8.274249e-01  1.065906e-03  8.274070e-01  1.065928e-03  7.760867e-01  9.374808e-04  
   1.1660300  8.296913e-01  1.092299e-03  8.296735e-01  1.092323e-03  7.780797e-01  9.603610e-04  
   1.1870300  8.320134e-01  1.119140e-03  8.319958e-01  1.119165e-03  7.801213e-01  9.836094e-04  
   1.2080300  8.343926e-01  1.146445e-03  8.343750e-01  1.146472e-03  7.822118e-01  1.007240e-03  
   1.2280300  8.367115e-01  1.172896e-03  8.366939e-01  1.172924e-03  7.842488e-01  1.030112e-03  
   1.2490300  8.392040e-01  1.201156e-03  8.391864e-01  1.201186e-03  7.864374e-01  1.054526e-03  
   1.2706300  8.418306e-01  1.230762e-03  8.418130e-01  1.230794e-03  7.887428e-01  1.080080e-03  
   1.2906300  8.443195e-01  1.258679e-03  8.443020e-01  1.258713e-03  7.909266e-01  1.104153e-03  
   1.3116300  8.469938e-01  1.288534e-03  8.469765e-01  1.288570e-03  7.932721e-01  1.129874e-03  
   1.3326300  8.497311e-01  1.318965e-03  8.497136e-01  1.319002e-03  7.956719e-01  1.156066e-03  
   1.3536299  8.525326e-01  1.349993e-03  8.525154e-01  1.350033e-03  7.981269e-01  1.182744e-03  
   1.3746300  8.554003e-01  1.381642e-03  8.553833e-01  1.381684e-03  8.006390e-01  1.209929e-03  
   1.3946300  8.581939e-01  1.412383e-03  8.581770e-01  1.412428e-03  8.030846e-01  1.236308e-03  
   1.4156300  8.611941e-01  1.445315e-03  8.611772e-01  1.445361e-03  8.057101e-01  1.264537e-03  
   1.4366300  8.642644e-01  1.478940e-03  8.642477e-01  1.478989e-03  8.083959e-01  1.293328e-03  
   1.4576300  8.674062e-01  1.513288e-03  8.673896e-01  1.513339e-03  8.111427e-01  1.322706e-03  
   1.4786299  8.706212e-01  1.548385e-03  8.706048e-01  1.548438e-03  8.139523e-01  1.352689e-03  
   1.4996300  8.739109e-01  1.584263e-03  8.738945e-01  1.584318e-03  8.168256e-01  1.383302e-03  
   1.5196300  8.771145e-01  1.619184e-03  8.770981e-01  1.619241e-03  8.196221e-01  1.413062e-03  
   1.5406300  8.805543e-01  1.656673e-03  8.805382e-01  1.656733e-03  8.226233e-01  1.444971e-03  
   1.5616300  8.840743e-01  1.695040e-03  8.840582e-01  1.695102e-03  8.256925e-01  1.477581e-03  
   1.5826300  8.876752e-01  1.734321e-03  8.876593e-01  1.734385e-03  8.288307e-01  1.510919e-03  
   1.6036299  8.913596e-01  1.774557e-03  8.913438e-01  1.774623e-03  8.320397e-01  1.545013e-03  
   1.6246300  8.951294e-01  1.815790e-03  8.951138e-01  1.815858e-03  8.353209e-01  1.579893e-03  
   1.6446300  8.988007e-01  1.856032e-03  8.987848e-01  1.856103e-03  8.385146e-01  1.613871e-03  
   1.6656300  9.027422e-01  1.899356e-03  9.027270e-01  1.899429e-03  8.419412e-01  1.650375e-03  
   1.6872300  9.068927e-01  1.945126e-03  9.068776e-01  1.945203e-03  8.455473e-01  1.688847e-03  
   1.7072300  9.108251e-01  1.988657e-03  9.108101e-01  1.988737e-03  8.489608e-01  1.725337e-03  
   1.7282300  9.150479e-01  2.035630e-03  9.150329e-01  2.035713e-03  8.526245e-01  1.764590e-03  
   1.7492300  9.193702e-01  2.083986e-03  9.193556e-01  2.084072e-03  8.563716e-01  1.804845e-03  
   1.7702301  9.237946e-01  2.133823e-03  9.237802e-01  2.133912e-03  8.602039e-01  1.846149e-03  
   1.7912300  9.283240e-01  2.185257e-03  9.283098e-01  2.185351e-03  8.641245e-01  1.888549e-03  
   1.8112299  9.327382e-01  2.235855e-03  9.327242e-01  2.235952e-03  8.679422e-01  1.929997e-03  
   1.8322300  9.374816e-01  2.290829e-03  9.374675e-01  2.290931e-03  8.720409e-01  1.974690e-03  
   1.8532300  9.423397e-01  2.347881e-03  9.423259e-01  2.347987e-03  8.762354e-01  2.020646e-03  
   1.8742300  9.473156e-01  2.407233e-03  9.473020e-01  2.407347e-03  8.805280e-01  2.067929e-03  
   1.8952301  9.524134e-01  2.469147e-03  9.524002e-01  2.469268e-03  8.849210e-01  2.116611e-03  
   1.9162300  9.576363e-01  2.533922e-03  9.576233e-01  2.534051e-03  8.894177e-01  2.166770e-03  
   1.9362299  9.627296e-01  2.598587e-03  9.627169e-01  2.598726e-03  8.937991e-01  2.215997e-03  
   1.9572300  9.682080e-01  2.669988e-03  9.681954e-01  2.670137e-03  8.985065e-01  2.269310e-03  
   1.9782300  9.738230e-01  2.745401e-03  9.738109e-01  2.745563e-03  9.033269e-01  2.324402e-03  
   1.9992300  9.795796e-01  2.825303e-03  9.795675e-01  2.825481e-03  9.082635e-01  2.381404e-03  
   2.0202301  9.854813e-01  2.910208e-03  9.854696e-01  2.910404e-03  9.133205e-01  2.440473e-03  
   2.0412300  9.915336e-01  3.000663e-03  9.915221e-01  3.000876e-03  9.185005e-01  2.501789e-03  
   2.0612299  9.974415e-01  3.092484e-03  9.974304e-01  3.092718e-03  9.235530e-01  2.562469e-03  
   2.0822301  1.003801e+00  3.195412e-03  1.003790e+00  3.195671e-03  9.289867e-01  2.628822e-03  
   2.1038301  1.010516e+00  3.308848e-03  1.010505e+00  3.309134e-03  9.347184e-01  2.700194e-03  
   2.1238301  1.016894e+00  3.421263e-03  1.016884e+00  3.421577e-03  9.401582e-01  2.769420e-03  
   2.1448300  1.023765e+00  3.547484e-03  1.023755e+00  3.547829e-03  9.460129e-01  2.845737e-03  
   2.1658299  1.030818e+00  3.682635e-03  1.030808e+00  3.683014e-03  9.520187e-01  2.926214e-03  
   2.1868300  1.038062e+00  3.827256e-03  1.038053e+00  3.827674e-03  9.581818e-01  3.011360e-03  
   2.2078300  1.045503e+00  3.981874e-03  1.045494e+00  3.982329e-03  9.645073e-01  3.101743e-03  
   2.2278299  1.052779e+00  4.138917e-03  1.052771e+00  4.139410e-03  9.706890e-01  3.193269e-03  
   2.2488301  1.060628e+00  4.314623e-03  1.060620e+00  4.315159e-03  9.773507e-01  3.295756e-03  
   2.2698300  1.068697e+00  4.501980e-03  1.068689e+00  4.502561e-03  9.841944e-01  3.405521e-03  
   2.2908299  1.076996e+00  4.701644e-03  1.076990e+00  4.702270e-03  9.912273e-01  3.523371e-03  
   2.3118300  1.085535e+00  4.914344e-03  1.085529e+00  4.915017e-03  9.984570e-01  3.650171e-03  
   2.3328300  1.094324e+00  5.140910e-03  1.094318e+00  5.141626e-03  1.005891e+00  3.786833e-03  
   2.3528299  1.102937e+00  5.370455e-03  1.102931e+00  5.371214e-03  1.013168e+00  3.927030e-03  
   2.3738301  1.112245e+00  5.626987e-03  1.112240e+00  5.627791e-03  1.021025e+00  4.085754e-03  
   2.3948300  1.121838e+00  5.900626e-03  1.121834e+00  5.901477e-03  1.029112e+00  4.257313e-03  
   2.4158299  1.131728e+00  6.192784e-03  1.131725e+00  6.193681e-03  1.037439e+00  4.442822e-03  
   2.4368300  1.141930e+00  6.505041e-03  1.141928e+00  6.505983e-03  1.046017e+00  4.643463e-03  
   2.4578300  1.152459e+00  6.839132e-03  1.152458e+00  6.840121e-03  1.054858e+00  4.860495e-03  
   2.4778299  1.162807e+00  7.179354e-03  1.162806e+00  7.180391e-03  1.063533e+00  5.083679e-03  
   2.4988301  1.174024e+00  7.561735e-03  1.174024e+00  7.562825e-03  1.072923e+00  5.336780e-03  
   2.5204301  1.185960e+00  7.984244e-03  1.185961e+00  7.985393e-03  1.082898e+00  5.618887e-03  
   2.5404301  1.197392e+00  8.404146e-03  1.197393e+00  8.405356e-03  1.092434e+00  5.901563e-03  
   2.5614300  1.209810e+00  8.877334e-03  1.209812e+00  8.878609e-03  1.102776e+00  6.222692e-03  
   2.5824299  1.222680e+00  9.386543e-03  1.222683e+00  9.387897e-03  1.113472e+00  6.571235e-03  
   2.6034300  1.236031e+00  9.935210e-03  1.236035e+00  9.936647e-03  1.124545e+00  6.950201e-03  
   2.6244299  1.249894e+00  1.052737e-02  1.249900e+00  1.052890e-02  1.136016e+00  7.363174e-03  
   2.6444299  1.263608e+00  1.113629e-02  1.263614e+00  1.113792e-02  1.147336e+00  7.792100e-03  
   2.6654301  1.278580e+00  1.182885e-02  1.278588e+00  1.183060e-02  1.159663e+00  8.285019e-03  
   2.6864300  1.294183e+00  1.258382e-02  1.294193e+00  1.258569e-02  1.172471e+00  8.828042e-03  
   2.7074299  1.310470e+00  1.341183e-02  1.310481e+00  1.341383e-02  1.185795e+00  9.429488e-03  
   2.7284300  1.327497e+00  1.432712e-02  1.327510e+00  1.432929e-02  1.199673e+00  1.009986e-02  
   2.7494299  1.345329e+00  1.534890e-02  1.345344e+00  1.535125e-02  1.214146e+00  1.085242e-02  
   2.7694299  1.363128e+00  1.644460e-02  1.363144e+00  1.644718e-02  1.228525e+00  1.166094e-02  
   2.7904301  1.382750e+00  1.775700e-02  1.382769e+00  1.775986e-02  1.244297e+00  1.262665e-02  
   2.8114300  1.403419e+00  1.928046e-02  1.403440e+00  1.928367e-02  1.260812e+00  1.373819e-02  
   2.8324299  1.425236e+00  2.107557e-02  1.425260e+00  2.107926e-02  1.278134e+00  1.502897e-02  
   2.8534300  1.448308e+00  2.322162e-02  1.448335e+00  2.322592e-02  1.296327e+00  1.654067e-02  
   2.8744299  1.472752e+00  2.582086e-02  1.472782e+00  2.582597e-02  1.315464e+00  1.832499e-02  
   2.8944299  1.497417e+00  2.883639e-02  1.497450e+00  2.884253e-02  1.334637e+00  2.033609e-02  
   2.9154301  1.524886e+00  3.272539e-02  1.524923e+00  3.273293e-02  1.355840e+00  2.285005e-02  
   2.9370301  1.554937e+00  3.770421e-02  1.554979e+00  3.771362e-02  1.378885e+00  2.596451e-02  
   2.9570301  1.584479e+00  4.342352e-02  1.584525e+00  4.343514e-02  1.401420e+00  2.943446e-02  
   2.9780300  1.617352e+00  5.085087e-02  1.617402e+00  5.086541e-02  1.426404e+00  3.381958e-02  
   2.9990301  1.652161e+00  6.005593e-02  1.652217e+00  6.007412e-02  1.452822e+00  3.912871e-02  
   3.0200300  1.688901e+00  7.140485e-02  1.688961e+00  7.142743e-02  1.480747e+00  4.555947e-02  
   3.0410299  1.727497e+00  8.529834e-02  1.727563e+00  8.532622e-02  1.510234e+00  5.334402e-02  
   3.0610299  1.765849e+00  1.012838e-01  1.765919e+00  1.013175e-01  1.539797e+00  6.226173e-02  
   3.0820301  1.807564e+00  1.213746e-01  1.807639e+00  1.214155e-01  1.572387e+00  7.349630e-02  
   3.1030300  1.850433e+00  1.452652e-01  1.850510e+00  1.453142e-01  1.606511e+00  8.697891e-02  
   3.1240301  1.894023e+00  1.733416e-01  1.894102e+00  1.733996e-01  1.642056e+00  1.030738e-01  
   3.1450300  1.937803e+00  2.059267e-01  1.937882e+00  2.059943e-01  1.678833e+00  1.221608e-01  
   3.1660299  1.981148e+00  2.432560e-01  1.981228e+00  2.433337e-01  1.716568e+00  1.446207e-01  
   3.1860299  2.021392e+00  2.833302e-01  2.021469e+00  2.834182e-01  1.753061e+00  1.694773e-01  
   3.2070301  2.061846e+00  3.301463e-01  2.061918e+00  3.302451e-01  1.791512e+00  1.995207e-01  
   3.2280300  2.099708e+00  3.816577e-01  2.099775e+00  3.817673e-01  1.829549e+00  2.338444e-01  
   3.2490301  2.134243e+00  4.375511e-01  2.134303e+00  4.376711e-01  1.866523e+00  2.725936e-01  
   3.2700300  2.164773e+00  4.973587e-01  2.164822e+00  4.974886e-01  1.901722e+00  3.157830e-01  
   3.2910299  2.190717e+00  5.604775e-01  2.190756e+00  5.606162e-01  1.934391e+00  3.632772e-01  
   3.3110299  2.210751e+00  6.230163e-01  2.210777e+00  6.231629e-01  1.962463e+00  4.122372e-01  
   3.3320301  2.226588e+00  6.904713e-01  2.226603e+00  6.906246e-01  1.988054e+00  4.671091e-01  
   3.3536301  2.237197e+00  7.609100e-01  2.237197e+00  7.610691e-01  2.009568e+00  5.265960e-01  
   3.3736300  2.241919e+00  8.263221e-01  2.241907e+00  8.264851e-01  2.024666e+00  5.837095e-01  
   3.3946300  2.241805e+00  8.944597e-01  2.241781e+00  8.946257e-01  2.035193e+00  6.449317e-01  
   3.4156301  2.236841e+00  9.613768e-01  2.236804e+00  9.615442e-01  2.040122e+00  7.065126e-01  
   3.4366300  2.227493e+00  1.026515e+00  2.227444e+00  1.026683e+00  2.039514e+00  7.675000e-01  
   3.4576299  2.214302e+00  1.089460e+00  2.214243e+00  1.089627e+00  2.033652e+00  8.269882e-01  
   3.4776299  2.198692e+00  1.147120e+00  2.198626e+00  1.147284e+00  2.023626e+00  8.815103e-01  
   3.4986300  2.179649e+00  1.205131e+00  2.179574e+00  1.205293e+00  2.009056e+00  9.358802e-01  
   3.5196300  2.158408e+00  1.260537e+00  2.158326e+00  1.260694e+00  1.991117e+00  9.868246e-01  
   3.5406301  2.135431e+00  1.313419e+00  2.135343e+00  1.313571e+00  1.970665e+00  1.034066e+00  
   3.5616300  2.111093e+00  1.363921e+00  2.111000e+00  1.364066e+00  1.948578e+00  1.077532e+00  
   3.5826299  2.085681e+00  1.412215e+00  2.085583e+00  1.412353e+00  1.925692e+00  1.117357e+00  
   3.6026299  2.060667e+00  1.456310e+00  2.060566e+00  1.456440e+00  1.903836e+00  1.152177e+00  
   3.6236300  2.033681e+00  1.500745e+00  2.033577e+00  1.500868e+00  1.881410e+00  1.185897e+00  
   3.6446300  2.006052e+00  1.543357e+00  2.005945e+00  1.543470e+00  1.859962e+00  1.217216e+00  
   3.6656301  1.977857e+00  1.584174e+00  1.977748e+00  1.584277e+00  1.839761e+00  1.246691e+00  
   3.6866300  1.949187e+00  1.623168e+00  1.949076e+00  1.623263e+00  1.820907e+00  1.274853e+00  
   3.7076299  1.920167e+00  1.660269e+00  1.920056e+00  1.660353e+00  1.803352e+00  1.302169e+00  
   3.7276299  1.892371e+00  1.693752e+00  1.892261e+00  1.693828e+00  1.787689e+00  1.327735e+00  
   3.7486300  1.863257e+00  1.726877e+00  1.863149e+00  1.726945e+00  1.772130e+00  1.354343e+00  
   3.7702301  1.833723e+00  1.758710e+00  1.833617e+00  1.758770e+00  1.756813e+00  1.381582e+00  
   3.7902300  1.807106e+00  1.786155e+00  1.807004e+00  1.786208e+00  1.743045e+00  1.406691e+00  
   3.8112299  1.780339e+00  1.812952e+00  1.780243e+00  1.813002e+00  1.728872e+00  1.432855e+00  
   3.8322301  1.755243e+00  1.837876e+00  1.755153e+00  1.837923e+00  1.714942e+00  1.458678e+00  
   3.8532300  1.732292e+00  1.861254e+00  1.732209e+00  1.861301e+00  1.701330e+00  1.484010e+00  
   3.8742299  1.711931e+00  1.883560e+00  1.711856e+00  1.883609e+00  1.688234e+00  1.508739e+00  
   3.8942299  1.695300e+00  1.904375e+00  1.695232e+00  1.904428e+00  1.676521e+00  1.531703e+00  
   3.9152300  1.681002e+00  1.926508e+00  1.680942e+00  1.926568e+00  1.665392e+00  1.555277e+00  
   3.9362299  1.670090e+00  1.949791e+00  1.670037e+00  1.949858e+00  1.655887e+00  1.578528e+00  
   3.9572301  1.662534e+00  1.975197e+00  1.662486e+00  1.975276e+00  1.648432e+00  1.601847e+00  
   3.9782300  1.658097e+00  2.003755e+00  1.658052e+00  2.003845e+00  1.643401e+00  1.625788e+00  
   3.9992299  1.656317e+00  2.036496e+00  1.656272e+00  2.036602e+00  1.641056e+00  1.651061e+00  
   4.0192299  1.656452e+00  2.072466e+00  1.656404e+00  2.072588e+00  1.641424e+00  1.677133e+00  
   4.0402298  1.657622e+00  2.116100e+00  1.657568e+00  2.116240e+00  1.644456e+00  1.707509e+00  
   4.0612302  1.658720e+00  2.166437e+00  1.658654e+00  2.166597e+00  1.649887e+00  1.741923e+00  
   4.0822301  1.658420e+00  2.223957e+00  1.658339e+00  2.224137e+00  1.657146e+00  1.781354e+00  
   4.1032300  1.655260e+00  2.288870e+00  1.655158e+00  2.289071e+00  1.665393e+00  1.826715e+00  
   4.1242299  1.647703e+00  2.361090e+00  1.647575e+00  2.361312e+00  1.673529e+00  1.878801e+00  
   4.1442299  1.634994e+00  2.436294e+00  1.634837e+00  2.436534e+00  1.679945e+00  1.935205e+00  
   4.1652298  1.614420e+00  2.521319e+00  1.614229e+00  2.521578e+00  1.683798e+00  2.001909e+00  
   4.1868300  1.584095e+00  2.614209e+00  1.583866e+00  2.614484e+00  1.682919e+00  2.078557e+00  
   4.2068300  1.546589e+00  2.703948e+00  1.546323e+00  2.704235e+00  1.676052e+00  2.156508e+00  
   4.2278299  1.496478e+00  2.800594e+00  1.496170e+00  2.800890e+00  1.660842e+00  2.244906e+00  
   4.2488298  1.434630e+00  2.898098e+00  1.434282e+00  2.898400e+00  1.635754e+00  2.338937e+00  
   4.2698302  1.360552e+00  2.994695e+00  1.360164e+00  2.995000e+00  1.599261e+00  2.437114e+00  
   4.2908301  1.274033e+00  3.088549e+00  1.273609e+00  3.088850e+00  1.550110e+00  2.537582e+00  
   4.3108301  1.180123e+00  3.173694e+00  1.179667e+00  3.173987e+00  1.490718e+00  2.633429e+00  
   4.3318300  1.069747e+00  3.256874e+00  1.069262e+00  3.257156e+00  1.414708e+00  2.731949e+00  
   4.3528299  9.478961e-01  3.331930e+00  9.473867e-01  3.332197e+00  1.324751e+00  2.825840e+00  
   4.3738298  8.154116e-01  3.397165e+00  8.148842e-01  3.397413e+00  1.221402e+00  2.912591e+00  
   4.3948302  6.733797e-01  3.450991e+00  6.728395e-01  3.451217e+00  1.105738e+00  2.989806e+00  
   4.4158301  5.231320e-01  3.491960e+00  5.225854e-01  3.492160e+00  9.793364e-01  3.055321e+00  
   4.4358301  3.738187e-01  3.517857e+00  3.732707e-01  3.518033e+00  8.507985e-01  3.105180e+00  
   4.4568300  2.122072e-01  3.530243e+00  2.116633e-01  3.530390e+00  7.095150e-01  3.143037e+00  
   4.4778299  4.757870e-02  3.526643e+00  4.704402e-02  3.526759e+00  5.642804e-01  3.165174e+00  
   4.4988298  -1.179294e-01  3.506510e+00  -1.184506e-01  3.506598e+00  4.177629e-01  3.171234e+00  
   4.5198302  -2.820486e-01  3.469630e+00  -2.825523e-01  3.469688e+00  2.726057e-01  3.161393e+00  
   4.5408301  -4.424165e-01  3.416157e+00  -4.428995e-01  3.416185e+00  1.313192e-01  3.136331e+00  
   4.5608301  -5.894963e-01  3.350307e+00  -5.899574e-01  3.350309e+00  2.420279e-03  3.099337e+00  
   4.5818300  -7.357801e-01  3.266424e+00  -7.362164e-01  3.266402e+00  -1.251282e-01  3.048125e+00  
   4.6034298  -8.753057e-01  3.165829e+00  -8.757151e-01  3.165781e+00  -2.463944e-01  2.984040e+00  
   4.6234298  -9.928260e-01  3.061401e+00  -9.932103e-01  3.061333e+00  -3.486484e-01  2.916173e+00  
   4.6444302  -1.102631e+00  2.942126e+00  -1.102989e+00  2.942040e+00  -4.449486e-01  2.838008e+00  
   4.6654301  -1.197385e+00  2.815342e+00  -1.197717e+00  2.815240e+00  -5.296001e-01  2.754708e+00  
   4.6864300  -1.276419e+00  2.683598e+00  -1.276726e+00  2.683485e+00  -6.026431e-01  2.668154e+00  
   4.7074299  -1.339570e+00  2.549503e+00  -1.339854e+00  2.549382e+00  -6.644168e-01  2.580085e+00  
   4.7274299  -1.385249e+00  2.421932e+00  -1.385513e+00  2.421805e+00  -7.133004e-01  2.496221e+00  
   4.7484298  -1.418777e+00  2.290399e+00  -1.419022e+00  2.290269e+00  -7.549062e-01  2.409468e+00  
   4.7694302  -1.438676e+00  2.163394e+00  -1.438902e+00  2.163264e+00  -7.874148e-01  2.325157e+00  
   4.7904301  -1.446411e+00  2.042657e+00  -1.446622e+00  2.042529e+00  -8.117665e-01  2.244195e+00  
   4.8114300  -1.443651e+00  1.929525e+00  -1.443848e+00  1.929400e+00  -8.289294e-01  2.167270e+00  
   4.8324299  -1.432155e+00  1.824924e+00  -1.432340e+00  1.824802e+00  -8.398607e-01  2.094872e+00  
   4.8524299  -1.414685e+00  1.733723e+00  -1.414860e+00  1.733606e+00  -8.453184e-01  2.030416e+00  
   4.8734298  -1.391098e+00  1.646979e+00  -1.391264e+00  1.646867e+00  -8.466761e-01  1.967606e+00  
   4.8944302  -1.363636e+00  1.569354e+00  -1.363794e+00  1.569247e+00  -8.443339e-01  1.909809e+00  
   4.9154301  -1.333640e+00  1.500501e+00  -1.333790e+00  1.500399e+00  -8.390063e-01  1.856945e+00  
   4.9364300  -1.302242e+00  1.439888e+00  -1.302386e+00  1.439791e+00  -8.313267e-01  1.808844e+00  
   4.9574299  -1.270368e+00  1.386873e+00  -1.270507e+00  1.386781e+00  -8.218467e-01  1.765275e+00  
   4.9774299  -1.240239e+00  1.342802e+00  -1.240372e+00  1.342713e+00  -8.115792e-01  1.727742e+00  
   4.9984298  -1.209372e+00  1.302568e+00  -1.209500e+00  1.302483e+00  -7.998829e-01  1.692198e+00  
