w Re-xx Im-xx Re-yy Im-yy Re-zz Im-zz
# Gaussian absolute broadening  0.15 [eV]
   0.0000000  7.679107e-01  8.828436e-05  7.679050e-01  8.828440e-05  7.225925e-01  7.860656e-05  
   0.0200000  7.680106e-01  9.448605e-05  7.680050e-01  9.448609e-05  7.226814e-01  8.412765e-05  
   0.0410000  7.681292e-01  1.015530e-04  7.681236e-01  1.015531e-04  7.227871e-01  9.041886e-05  
   0.0620000  7.682644e-01  1.092250e-04  7.682588e-01  1.092252e-04  7.229075e-01  9.724825e-05  
   0.0830000  7.684180e-01  1.175359e-04  7.684122e-01  1.175361e-04  7.230442e-01  1.046459e-04  
   0.1040000  7.685921e-01  1.265150e-04  7.685865e-01  1.265153e-04  7.231991e-01  1.126379e-04  
   0.1240000  7.687788e-01  1.357091e-04  7.687731e-01  1.357095e-04  7.233654e-01  1.208206e-04  
   0.1450000  7.689992e-01  1.460527e-04  7.689936e-01  1.460532e-04  7.235618e-01  1.300257e-04  
   0.1660000  7.692466e-01  1.571095e-04  7.692411e-01  1.571101e-04  7.237821e-01  1.398646e-04  
   0.1870000  7.695233e-01  1.688758e-04  7.695177e-01  1.688768e-04  7.240286e-01  1.503338e-04  
   0.2080000  7.698309e-01  1.813373e-04  7.698254e-01  1.813385e-04  7.243026e-01  1.614205e-04  
   0.2290000  7.701719e-01  1.944687e-04  7.701663e-01  1.944704e-04  7.246058e-01  1.731016e-04  
   0.2490000  7.705287e-01  2.075654e-04  7.705230e-01  2.075676e-04  7.249230e-01  1.847506e-04  
   0.2700000  7.709380e-01  2.218951e-04  7.709326e-01  2.218981e-04  7.252878e-01  1.974947e-04  
   0.2910000  7.713844e-01  2.367681e-04  7.713788e-01  2.367721e-04  7.256849e-01  2.107198e-04  
   0.3120000  7.718682e-01  2.521306e-04  7.718627e-01  2.521356e-04  7.261156e-01  2.243781e-04  
   0.3330000  7.723902e-01  2.679275e-04  7.723846e-01  2.679338e-04  7.265802e-01  2.384201e-04  
   0.3540000  7.729508e-01  2.841055e-04  7.729451e-01  2.841133e-04  7.270789e-01  2.527983e-04  
   0.3740000  7.735203e-01  2.998218e-04  7.735148e-01  2.998313e-04  7.275855e-01  2.667631e-04  
   0.3950000  7.741559e-01  3.166054e-04  7.741505e-01  3.166168e-04  7.281513e-01  2.816733e-04  
   0.4160000  7.748298e-01  3.336399e-04  7.748244e-01  3.336535e-04  7.287506e-01  2.968028e-04  
   0.4374300  7.755576e-01  3.512499e-04  7.755520e-01  3.512657e-04  7.293980e-01  3.124394e-04  
   0.4574300  7.762722e-01  3.678687e-04  7.762667e-01  3.678869e-04  7.300336e-01  3.271920e-04  
   0.4784300  7.770601e-01  3.854924e-04  7.770547e-01  3.855130e-04  7.307343e-01  3.428324e-04  
   0.4994300  7.778859e-01  4.032826e-04  7.778805e-01  4.033056e-04  7.314687e-01  3.586158e-04  
   0.5204300  7.787501e-01  4.212320e-04  7.787448e-01  4.212574e-04  7.322372e-01  3.745353e-04  
   0.5414300  7.796527e-01  4.393372e-04  7.796472e-01  4.393648e-04  7.330395e-01  3.905878e-04  
   0.5614300  7.805482e-01  4.567250e-04  7.805428e-01  4.567544e-04  7.338356e-01  4.059989e-04  
   0.5824300  7.815263e-01  4.751361e-04  7.815210e-01  4.751671e-04  7.347050e-01  4.223111e-04  
   0.6034300  7.825432e-01  4.937078e-04  7.825380e-01  4.937404e-04  7.356089e-01  4.387598e-04  
   0.6244300  7.835998e-01  5.124460e-04  7.835945e-01  5.124797e-04  7.365479e-01  4.553491e-04  
   0.6454300  7.846957e-01  5.313559e-04  7.846907e-01  5.313904e-04  7.375217e-01  4.720836e-04  
   0.6664300  7.858322e-01  5.504435e-04  7.858269e-01  5.504782e-04  7.385309e-01  4.889682e-04  
   0.6864300  7.869515e-01  5.687933e-04  7.869464e-01  5.688282e-04  7.395253e-01  5.051936e-04  
   0.7074300  7.881665e-01  5.882474e-04  7.881615e-01  5.882822e-04  7.406045e-01  5.223880e-04  
   0.7284300  7.894227e-01  6.078999e-04  7.894176e-01  6.079341e-04  7.417197e-01  5.397497e-04  
   0.7494300  7.907205e-01  6.277582e-04  7.907155e-01  6.277919e-04  7.428720e-01  5.572856e-04  
   0.7704300  7.920598e-01  6.478294e-04  7.920550e-01  6.478626e-04  7.440612e-01  5.750014e-04  
   0.7914300  7.934420e-01  6.681226e-04  7.934370e-01  6.681549e-04  7.452877e-01  5.929040e-04  
   0.8114300  7.947972e-01  6.876624e-04  7.947925e-01  6.876939e-04  7.464903e-01  6.101342e-04  
   0.8324300  7.962632e-01  7.084116e-04  7.962584e-01  7.084425e-04  7.477909e-01  6.284221e-04  
   0.8540300  7.978168e-01  7.300117e-04  7.978122e-01  7.300420e-04  7.491689e-01  6.474504e-04  
   0.8740300  7.992969e-01  7.502533e-04  7.992921e-01  7.502832e-04  7.504815e-01  6.652729e-04  
   0.8950300  8.008950e-01  7.717666e-04  8.008903e-01  7.717964e-04  7.518983e-01  6.842056e-04  
   0.9160300  8.025382e-01  7.935559e-04  8.025337e-01  7.935858e-04  7.533551e-01  7.033710e-04  
   0.9370300  8.042275e-01  8.156312e-04  8.042231e-01  8.156618e-04  7.548523e-01  7.227776e-04  
   0.9580300  8.059633e-01  8.380040e-04  8.059591e-01  8.380352e-04  7.563904e-01  7.424345e-04  
   0.9780300  8.076611e-01  8.595978e-04  8.076566e-01  8.596302e-04  7.578942e-01  7.613969e-04  
   0.9990300  8.094901e-01  8.825829e-04  8.094859e-01  8.826167e-04  7.595142e-01  7.815695e-04  
   1.0200300  8.113680e-01  9.058983e-04  8.113638e-01  9.059343e-04  7.611767e-01  8.020198e-04  
   1.0410300  8.132952e-01  9.295568e-04  8.132910e-01  9.295950e-04  7.628831e-01  8.227581e-04  
   1.0620300  8.152729e-01  9.535695e-04  8.152689e-01  9.536105e-04  7.646333e-01  8.437947e-04  
   1.0830300  8.173013e-01  9.779502e-04  8.172975e-01  9.779939e-04  7.664280e-01  8.651390e-04  
   1.1030300  8.192809e-01  1.001522e-03  8.192770e-01  1.001569e-03  7.681790e-01  8.857628e-04  
   1.1240300  8.214108e-01  1.026656e-03  8.214070e-01  1.026706e-03  7.700626e-01  9.077387e-04  
   1.1450300  8.235940e-01  1.052195e-03  8.235902e-01  1.052248e-03  7.719925e-01  9.300551e-04  
   1.1660300  8.258311e-01  1.078154e-03  8.258275e-01  1.078211e-03  7.739697e-01  9.527226e-04  
   1.1870300  8.281233e-01  1.104549e-03  8.281198e-01  1.104609e-03  7.759948e-01  9.757537e-04  
   1.2080300  8.304712e-01  1.131392e-03  8.304676e-01  1.131456e-03  7.780685e-01  9.991601e-04  
   1.2280300  8.327596e-01  1.157390e-03  8.327562e-01  1.157457e-03  7.800893e-01  1.021813e-03  
   1.2490300  8.352190e-01  1.185158e-03  8.352156e-01  1.185228e-03  7.822602e-01  1.045991e-03  
   1.2706300  8.378105e-01  1.214240e-03  8.378072e-01  1.214314e-03  7.845471e-01  1.071295e-03  
   1.2906300  8.402659e-01  1.241656e-03  8.402628e-01  1.241733e-03  7.867131e-01  1.095131e-03  
   1.3116300  8.429041e-01  1.270967e-03  8.429010e-01  1.271046e-03  7.890394e-01  1.120595e-03  
   1.3326300  8.456037e-01  1.300833e-03  8.456008e-01  1.300914e-03  7.914191e-01  1.146521e-03  
   1.3536299  8.483667e-01  1.331276e-03  8.483639e-01  1.331358e-03  7.938539e-01  1.172927e-03  
   1.3746300  8.511946e-01  1.362317e-03  8.511917e-01  1.362401e-03  7.963449e-01  1.199829e-03  
   1.3946300  8.539490e-01  1.392458e-03  8.539465e-01  1.392543e-03  7.987702e-01  1.225931e-03  
   1.4156300  8.569067e-01  1.424735e-03  8.569041e-01  1.424820e-03  8.013739e-01  1.253858e-03  
   1.4366300  8.599330e-01  1.457679e-03  8.599306e-01  1.457764e-03  8.040366e-01  1.282340e-03  
   1.4576300  8.630295e-01  1.491316e-03  8.630274e-01  1.491400e-03  8.067601e-01  1.311395e-03  
   1.4786299  8.661977e-01  1.525671e-03  8.661957e-01  1.525756e-03  8.095454e-01  1.341045e-03  
   1.4996300  8.694389e-01  1.560773e-03  8.694371e-01  1.560857e-03  8.123938e-01  1.371312e-03  
   1.5196300  8.725949e-01  1.594921e-03  8.725930e-01  1.595005e-03  8.151661e-01  1.400731e-03  
   1.5406300  8.759831e-01  1.631561e-03  8.759815e-01  1.631645e-03  8.181412e-01  1.432268e-03  
   1.5616300  8.794492e-01  1.669033e-03  8.794476e-01  1.669117e-03  8.211831e-01  1.464492e-03  
   1.5826300  8.829947e-01  1.707369e-03  8.829934e-01  1.707453e-03  8.242933e-01  1.497428e-03  
   1.6036299  8.866218e-01  1.746604e-03  8.866204e-01  1.746687e-03  8.274736e-01  1.531105e-03  
   1.6246300  8.903318e-01  1.786773e-03  8.903308e-01  1.786858e-03  8.307252e-01  1.565550e-03  
   1.6446300  8.939440e-01  1.825930e-03  8.939432e-01  1.826016e-03  8.338895e-01  1.599096e-03  
   1.6656300  8.978221e-01  1.868032e-03  8.978214e-01  1.868119e-03  8.372849e-01  1.635130e-03  
   1.6872300  9.019047e-01  1.912433e-03  9.019042e-01  1.912522e-03  8.408574e-01  1.673095e-03  
   1.7072300  9.057710e-01  1.954580e-03  9.057707e-01  1.954671e-03  8.442389e-01  1.709096e-03  
   1.7282300  9.099225e-01  1.999950e-03  9.099224e-01  2.000042e-03  8.478677e-01  1.747812e-03  
   1.7492300  9.141701e-01  2.046510e-03  9.141703e-01  2.046606e-03  8.515791e-01  1.787508e-03  
   1.7702301  9.185168e-01  2.094315e-03  9.185171e-01  2.094415e-03  8.553744e-01  1.828223e-03  
   1.7912300  9.229653e-01  2.143424e-03  9.229659e-01  2.143526e-03  8.592564e-01  1.870007e-03  
   1.8112299  9.272997e-01  2.191458e-03  9.273003e-01  2.191564e-03  8.630362e-01  1.910839e-03  
   1.8322300  9.319551e-01  2.243285e-03  9.319562e-01  2.243394e-03  8.670943e-01  1.954854e-03  
   1.8532300  9.367211e-01  2.296601e-03  9.367224e-01  2.296713e-03  8.712460e-01  2.000093e-03  
   1.8742300  9.416013e-01  2.351480e-03  9.416028e-01  2.351598e-03  8.754944e-01  2.046615e-03  
   1.8952301  9.465984e-01  2.408002e-03  9.466003e-01  2.408124e-03  8.798417e-01  2.094487e-03  
   1.9162300  9.517164e-01  2.466248e-03  9.517186e-01  2.466377e-03  8.842908e-01  2.143778e-03  
   1.9362299  9.567053e-01  2.523409e-03  9.567078e-01  2.523543e-03  8.886250e-01  2.192110e-03  
   1.9572300  9.620683e-01  2.585298e-03  9.620708e-01  2.585437e-03  8.932810e-01  2.244396e-03  
   1.9782300  9.675636e-01  2.649205e-03  9.675663e-01  2.649350e-03  8.980481e-01  2.298346e-03  
   1.9992300  9.731937e-01  2.715253e-03  9.731969e-01  2.715405e-03  9.029288e-01  2.354058e-03  
   2.0202301  9.789645e-01  2.783571e-03  9.789678e-01  2.783730e-03  9.079273e-01  2.411645e-03  
   2.0412300  9.848793e-01  2.854303e-03  9.848827e-01  2.854469e-03  9.130467e-01  2.471224e-03  
   2.0612299  9.906504e-01  2.924058e-03  9.906546e-01  2.924232e-03  9.180381e-01  2.529947e-03  
   2.0822301  9.968615e-01  2.999982e-03  9.968659e-01  3.000163e-03  9.234051e-01  2.593830e-03  
   2.1038301  1.003416e+00  3.081142e-03  1.003421e+00  3.081334e-03  9.290646e-01  2.662092e-03  
   2.1238301  1.009641e+00  3.159267e-03  1.009647e+00  3.159467e-03  9.344346e-01  2.727782e-03  
   2.1448300  1.016345e+00  3.244609e-03  1.016351e+00  3.244819e-03  9.402118e-01  2.799532e-03  
   2.1658299  1.023226e+00  3.333601e-03  1.023232e+00  3.333822e-03  9.461366e-01  2.874354e-03  
   2.1868300  1.030291e+00  3.426538e-03  1.030298e+00  3.426771e-03  9.522141e-01  2.952509e-03  
   2.2078300  1.037547e+00  3.523734e-03  1.037555e+00  3.523980e-03  9.584501e-01  3.034275e-03  
   2.2278299  1.044644e+00  3.620585e-03  1.044651e+00  3.620845e-03  9.645419e-01  3.115793e-03  
   2.2488301  1.052296e+00  3.727144e-03  1.052304e+00  3.727418e-03  9.711048e-01  3.205539e-03  
   2.2698300  1.060163e+00  3.839094e-03  1.060171e+00  3.839385e-03  9.778441e-01  3.299900e-03  
   2.2908299  1.068254e+00  3.956901e-03  1.068263e+00  3.957207e-03  9.847682e-01  3.399281e-03  
   2.3118300  1.076579e+00  4.081057e-03  1.076588e+00  4.081383e-03  9.918826e-01  3.504120e-03  
   2.3328300  1.085146e+00  4.212108e-03  1.085157e+00  4.212451e-03  9.991968e-01  3.614891e-03  
   2.3528299  1.093542e+00  4.343865e-03  1.093552e+00  4.344228e-03  1.006354e+00  3.726381e-03  
   2.3738301  1.102615e+00  4.490127e-03  1.102627e+00  4.490512e-03  1.014080e+00  3.850279e-03  
   2.3948300  1.111966e+00  4.645185e-03  1.111978e+00  4.645592e-03  1.022031e+00  3.981789e-03  
   2.4158299  1.121605e+00  4.809806e-03  1.121618e+00  4.810238e-03  1.030216e+00  4.121592e-03  
   2.4368300  1.131549e+00  4.984830e-03  1.131563e+00  4.985287e-03  1.038646e+00  4.270441e-03  
   2.4578300  1.141811e+00  5.171180e-03  1.141826e+00  5.171667e-03  1.047333e+00  4.429174e-03  
   2.4778299  1.151895e+00  5.360128e-03  1.151911e+00  5.360644e-03  1.055856e+00  4.590381e-03  
   2.4988301  1.162828e+00  5.571670e-03  1.162844e+00  5.572223e-03  1.065079e+00  4.771189e-03  
   2.5204301  1.174461e+00  5.804661e-03  1.174478e+00  5.805252e-03  1.074876e+00  4.970720e-03  
   2.5404301  1.185604e+00  6.035714e-03  1.185622e+00  6.036348e-03  1.084241e+00  5.168977e-03  
   2.5614300  1.197708e+00  6.295857e-03  1.197727e+00  6.296536e-03  1.094395e+00  5.392620e-03  
   2.5824299  1.210253e+00  6.575980e-03  1.210274e+00  6.576711e-03  1.104896e+00  5.633854e-03  
   2.6034300  1.223270e+00  6.878566e-03  1.223291e+00  6.879355e-03  1.115764e+00  5.894776e-03  
   2.6244299  1.236786e+00  7.206649e-03  1.236808e+00  7.207504e-03  1.127022e+00  6.177841e-03  
   2.6444299  1.250156e+00  7.546310e-03  1.250180e+00  7.547237e-03  1.138130e+00  6.470750e-03  
   2.6654301  1.264754e+00  7.936207e-03  1.264779e+00  7.937212e-03  1.150222e+00  6.806273e-03  
   2.6864300  1.279969e+00  8.366396e-03  1.279996e+00  8.367493e-03  1.162784e+00  7.174868e-03  
   2.7074299  1.295849e+00  8.845283e-03  1.295878e+00  8.846480e-03  1.175850e+00  7.582209e-03  
   2.7284300  1.312451e+00  9.384146e-03  1.312481e+00  9.385465e-03  1.189457e+00  8.035517e-03  
   2.7494299  1.329836e+00  9.998239e-03  1.329867e+00  9.999695e-03  1.203645e+00  8.544087e-03  
   2.7694299  1.347186e+00  1.067197e-02  1.347219e+00  1.067359e-02  1.217741e+00  9.090825e-03  
   2.7904301  1.366314e+00  1.149967e-02  1.366350e+00  1.150149e-02  1.233204e+00  9.745378e-03  
   2.8114300  1.386462e+00  1.248790e-02  1.386500e+00  1.248998e-02  1.249401e+00  1.050225e-02  
   2.8324299  1.407730e+00  1.368760e-02  1.407771e+00  1.369002e-02  1.266397e+00  1.138762e-02  
   2.8534300  1.430229e+00  1.516676e-02  1.430272e+00  1.516961e-02  1.284261e+00  1.243534e-02  
   2.8744299  1.454078e+00  1.701492e-02  1.454124e+00  1.701836e-02  1.303071e+00  1.368895e-02  
   2.8944299  1.478161e+00  1.922425e-02  1.478211e+00  1.922841e-02  1.321944e+00  1.512507e-02  
   2.9154301  1.505011e+00  2.215757e-02  1.505064e+00  2.216274e-02  1.342851e+00  1.695487e-02  
   2.9370301  1.534429e+00  2.602221e-02  1.534487e+00  2.602875e-02  1.365625e+00  1.927258e-02  
   2.9570301  1.563405e+00  3.057933e-02  1.563467e+00  3.058750e-02  1.387949e+00  2.191563e-02  
   2.9780300  1.595721e+00  3.664127e-02  1.595787e+00  3.665165e-02  1.412769e+00  2.533682e-02  
   2.9990301  1.630035e+00  4.432569e-02  1.630105e+00  4.433888e-02  1.439096e+00  2.958280e-02  
   3.0200300  1.666364e+00  5.399682e-02  1.666439e+00  5.401350e-02  1.467016e+00  3.485252e-02  
   3.0410299  1.704662e+00  6.605939e-02  1.704742e+00  6.608038e-02  1.496597e+00  4.138232e-02  
   3.0610299  1.742856e+00  8.016846e-02  1.742941e+00  8.019438e-02  1.526354e+00  4.902427e-02  
   3.0820301  1.784563e+00  9.816687e-02  1.784652e+00  9.819889e-02  1.559266e+00  5.884408e-02  
   3.1030300  1.827605e+00  1.198642e-01  1.827698e+00  1.199033e-01  1.593841e+00  7.084765e-02  
   3.1240301  1.871568e+00  1.456771e-01  1.871663e+00  1.457242e-01  1.629972e+00  8.541545e-02  
   3.1450300  1.915927e+00  1.759649e-01  1.916025e+00  1.760210e-01  1.667474e+00  1.029473e-01  
   3.1660299  1.960066e+00  2.110029e-01  1.960165e+00  2.110686e-01  1.706072e+00  1.238488e-01  
   3.1860299  2.001261e+00  2.489386e-01  2.001359e+00  2.490140e-01  1.743513e+00  1.472453e-01  
   3.2070301  2.042913e+00  2.935945e-01  2.043009e+00  2.936805e-01  1.783092e+00  1.758160e-01  
   3.2280300  2.082165e+00  3.430716e-01  2.082258e+00  3.431683e-01  1.822381e+00  2.087720e-01  
   3.2490301  2.118268e+00  3.970912e-01  2.118354e+00  3.971983e-01  1.860730e+00  2.463100e-01  
   3.2700300  2.150527e+00  4.552149e-01  2.150606e+00  4.553320e-01  1.897413e+00  2.885043e-01  
   3.2910299  2.178347e+00  5.168628e-01  2.178417e+00  5.169891e-01  1.931662e+00  3.352853e-01  
   3.3110299  2.200294e+00  5.782149e-01  2.200355e+00  5.783489e-01  1.961307e+00  3.838923e-01  
   3.3320301  2.218270e+00  6.446583e-01  2.218319e+00  6.447992e-01  1.988597e+00  4.388022e-01  
   3.3536301  2.231207e+00  7.143135e-01  2.231243e+00  7.144600e-01  2.011873e+00  4.988293e-01  
   3.3736300  2.238208e+00  7.792326e-01  2.238232e+00  7.793831e-01  2.028568e+00  5.569429e-01  
   3.3946300  2.240613e+00  8.470914e-01  2.240624e+00  8.472450e-01  2.040681e+00  6.197589e-01  
   3.4156301  2.238304e+00  9.139681e-01  2.238301e+00  9.141235e-01  2.047039e+00  6.834904e-01  
   3.4366300  2.231747e+00  9.792978e-01  2.231732e+00  9.794540e-01  2.047631e+00  7.471505e-01  
   3.4576299  2.221482e+00  1.042653e+00  2.221453e+00  1.042810e+00  2.042663e+00  8.097610e-01  
   3.4776299  2.208776e+00  1.100898e+00  2.208737e+00  1.101055e+00  2.033143e+00  8.675752e-01  
   3.4986300  2.192893e+00  1.159711e+00  2.192843e+00  1.159868e+00  2.018692e+00  9.255991e-01  
   3.5196300  2.174902e+00  1.216090e+00  2.174842e+00  1.216247e+00  2.000410e+00  9.802354e-01  
   3.5406301  2.155238e+00  1.270096e+00  2.155168e+00  1.270254e+00  1.979149e+00  1.031025e+00  
   3.5616300  2.134239e+00  1.321844e+00  2.134161e+00  1.322003e+00  1.955808e+00  1.077721e+00  
   3.5826299  2.112154e+00  1.371480e+00  2.112069e+00  1.371639e+00  1.931279e+00  1.120296e+00  
   3.6026299  2.090256e+00  1.416914e+00  2.090167e+00  1.417075e+00  1.907574e+00  1.157175e+00  
   3.6236300  2.066447e+00  1.462795e+00  2.066353e+00  1.462957e+00  1.883011e+00  1.192386e+00  
   3.6446300  2.041856e+00  1.506869e+00  2.041758e+00  1.507033e+00  1.859344e+00  1.224484e+00  
   3.6656301  2.016519e+00  1.549151e+00  2.016421e+00  1.549315e+00  1.836972e+00  1.254049e+00  
   3.6866300  1.990498e+00  1.589604e+00  1.990400e+00  1.589768e+00  1.816116e+00  1.281694e+00  
   3.7076299  1.963895e+00  1.628163e+00  1.963798e+00  1.628326e+00  1.796827e+00  1.308007e+00  
   3.7276299  1.938169e+00  1.663050e+00  1.938075e+00  1.663211e+00  1.779837e+00  1.332304e+00  
   3.7486300  1.910983e+00  1.697689e+00  1.910896e+00  1.697849e+00  1.763275e+00  1.357414e+00  
   3.7702301  1.883176e+00  1.731161e+00  1.883096e+00  1.731317e+00  1.747368e+00  1.383104e+00  
   3.7902300  1.857942e+00  1.760235e+00  1.857870e+00  1.760388e+00  1.733445e+00  1.406910e+00  
   3.8112299  1.832428e+00  1.788903e+00  1.832364e+00  1.789053e+00  1.719489e+00  1.431957e+00  
   3.8322301  1.808406e+00  1.815900e+00  1.808352e+00  1.816047e+00  1.706120e+00  1.456997e+00  
   3.8532300  1.786381e+00  1.841587e+00  1.786338e+00  1.841730e+00  1.693354e+00  1.481916e+00  
   3.8742299  1.766828e+00  1.866454e+00  1.766795e+00  1.866597e+00  1.681325e+00  1.506599e+00  
   3.8942299  1.750874e+00  1.889944e+00  1.750851e+00  1.890087e+00  1.670775e+00  1.529818e+00  
   3.9152300  1.737204e+00  1.915117e+00  1.737190e+00  1.915262e+00  1.660958e+00  1.553905e+00  
   3.9362299  1.726837e+00  1.941636e+00  1.726830e+00  1.941787e+00  1.652798e+00  1.577825e+00  
   3.9572301  1.719731e+00  1.970420e+00  1.719731e+00  1.970579e+00  1.646668e+00  1.601860e+00  
   3.9782300  1.715634e+00  2.002422e+00  1.715638e+00  2.002592e+00  1.642890e+00  1.626457e+00  
   3.9992299  1.714052e+00  2.038596e+00  1.714060e+00  2.038778e+00  1.641688e+00  1.652219e+00  
   4.0192299  1.714215e+00  2.077749e+00  1.714224e+00  2.077948e+00  1.643008e+00  1.678523e+00  
   4.0402298  1.715209e+00  2.124566e+00  1.715216e+00  2.124782e+00  1.646874e+00  1.708825e+00  
   4.0612302  1.715880e+00  2.177867e+00  1.715883e+00  2.178103e+00  1.652958e+00  1.742791e+00  
   4.0822301  1.714862e+00  2.238095e+00  1.714859e+00  2.238350e+00  1.660687e+00  1.781376e+00  
   4.1032300  1.710652e+00  2.305454e+00  1.710641e+00  2.305728e+00  1.669232e+00  1.825493e+00  
   4.1242299  1.701672e+00  2.379871e+00  1.701649e+00  2.380162e+00  1.677518e+00  1.875956e+00  
   4.1442299  1.687229e+00  2.456974e+00  1.687190e+00  2.457279e+00  1.683968e+00  1.930509e+00  
   4.1652298  1.664401e+00  2.543840e+00  1.664345e+00  2.544159e+00  1.687780e+00  1.995010e+00  
   4.1868300  1.631268e+00  2.638533e+00  1.631190e+00  2.638857e+00  1.686815e+00  2.069198e+00  
   4.2068300  1.590703e+00  2.729911e+00  1.590602e+00  2.730239e+00  1.679865e+00  2.144783e+00  
   4.2278299  1.536902e+00  2.828304e+00  1.536774e+00  2.828629e+00  1.664587e+00  2.230707e+00  
   4.2488298  1.470894e+00  2.927612e+00  1.470737e+00  2.927928e+00  1.639467e+00  2.322370e+00  
   4.2698302  1.392225e+00  3.026085e+00  1.392037e+00  3.026390e+00  1.602979e+00  2.418386e+00  
   4.2908301  1.300754e+00  3.121873e+00  1.300533e+00  3.122161e+00  1.553854e+00  2.516983e+00  
   4.3108301  1.201878e+00  3.208881e+00  1.201622e+00  3.209150e+00  1.494482e+00  2.611382e+00  
   4.3318300  1.086135e+00  3.293987e+00  1.085846e+00  3.294234e+00  1.418457e+00  2.708777e+00  
   4.3528299  9.588957e-01  3.370872e+00  9.585704e-01  3.371095e+00  1.328417e+00  2.801967e+00  
   4.3738298  8.211427e-01  3.437755e+00  8.207834e-01  3.437955e+00  1.224889e+00  2.888434e+00  
   4.3948302  6.741037e-01  3.492973e+00  6.737117e-01  3.493150e+00  1.108936e+00  2.965749e+00  
   4.4158301  5.192391e-01  3.534999e+00  5.188171e-01  3.535155e+00  9.821425e-01  3.031694e+00  
   4.4358301  3.659876e-01  3.561533e+00  3.655397e-01  3.561672e+00  8.531531e-01  3.082207e+00  
   4.4568300  2.007935e-01  3.574149e+00  2.003224e-01  3.574270e+00  7.113481e-01  3.120939e+00  
   4.4778299  3.318463e-02  3.570288e+00  3.269461e-02  3.570397e+00  5.655885e-01  3.144073e+00  
   4.4988298  -1.347046e-01  3.549386e+00  -1.352087e-01  3.549484e+00  4.185867e-01  3.151198e+00  
   4.5198302  -3.006455e-01  3.511218e+00  -3.011585e-01  3.511309e+00  2.730200e-01  3.142449e+00  
   4.5408301  -4.623472e-01  3.455952e+00  -4.628639e-01  3.456037e+00  1.314117e-01  3.118490e+00  
   4.5608301  -6.103293e-01  3.387949e+00  -6.108450e-01  3.388030e+00  2.274219e-03  3.082557e+00  
   4.5818300  -7.572753e-01  3.301376e+00  -7.577858e-01  3.301450e+00  -1.254991e-01  3.032490e+00  
   4.6034298  -8.972863e-01  3.197603e+00  -8.977875e-01  3.197673e+00  -2.470500e-01  2.969637e+00  
   4.6234298  -1.015168e+00  3.089923e+00  -1.015658e+00  3.089986e+00  -3.497111e-01  2.902987e+00  
   4.6444302  -1.125335e+00  2.966977e+00  -1.125811e+00  2.967033e+00  -4.466997e-01  2.826187e+00  
   4.6654301  -1.220482e+00  2.836334e+00  -1.220943e+00  2.836380e+00  -5.324199e-01  2.744342e+00  
   4.6864300  -1.299966e+00  2.700620e+00  -1.300413e+00  2.700655e+00  -6.070112e-01  2.659307e+00  
   4.7074299  -1.363621e+00  2.562518e+00  -1.364054e+00  2.562539e+00  -6.708849e-01  2.572776e+00  
   4.7274299  -1.409811e+00  2.431166e+00  -1.410233e+00  2.431172e+00  -7.223119e-01  2.490340e+00  
   4.7484298  -1.443874e+00  2.295767e+00  -1.444286e+00  2.295755e+00  -7.671512e-01  2.404979e+00  
   4.7694302  -1.464262e+00  2.165059e+00  -1.464664e+00  2.165028e+00  -8.034206e-01  2.321875e+00  
   4.7904301  -1.472397e+00  2.040840e+00  -1.472792e+00  2.040788e+00  -8.319761e-01  2.241869e+00  
   4.8114300  -1.469909e+00  1.924485e+00  -1.470299e+00  1.924411e+00  -8.536745e-01  2.165592e+00  
   4.8324299  -1.458529e+00  1.816956e+00  -1.458915e+00  1.816859e+00  -8.693465e-01  2.093497e+00  
   4.8524299  -1.441011e+00  1.723261e+00  -1.441393e+00  1.723141e+00  -8.793920e-01  2.028993e+00  
   4.8734298  -1.417202e+00  1.634218e+00  -1.417581e+00  1.634075e+00  -8.855257e-01  1.965779e+00  
   4.8944302  -1.389351e+00  1.554630e+00  -1.389727e+00  1.554463e+00  -8.878125e-01  1.907235e+00  
   4.9154301  -1.358814e+00  1.484142e+00  -1.359185e+00  1.483953e+00  -8.868788e-01  1.853311e+00  
   4.9364300  -1.326748e+00  1.422218e+00  -1.327114e+00  1.422006e+00  -8.832936e-01  1.803881e+00  
   4.9574299  -1.294104e+00  1.368198e+00  -1.294465e+00  1.367964e+00  -8.775670e-01  1.758757e+00  
   4.9774299  -1.263173e+00  1.323438e+00  -1.263528e+00  1.323184e+00  -8.705371e-01  1.719578e+00  
   4.9984298  -1.231420e+00  1.282744e+00  -1.231767e+00  1.282471e+00  -8.618830e-01  1.682176e+00  
