w Re-xx Im-xx Re-yy Im-yy Re-zz Im-zz
# Gaussian absolute broadening  0.15 [eV]
   0.0000000  7.679293e-01  8.818914e-05  7.679366e-01  8.819068e-05  7.263015e-01  7.931737e-05  
   0.0200000  7.680292e-01  9.438481e-05  7.680364e-01  9.438671e-05  7.263914e-01  8.488923e-05  
   0.0410000  7.681478e-01  1.014450e-04  7.681550e-01  1.014473e-04  7.264976e-01  9.123823e-05  
   0.0620000  7.682827e-01  1.091096e-04  7.682899e-01  1.091124e-04  7.266193e-01  9.813040e-05  
   0.0830000  7.684360e-01  1.174124e-04  7.684432e-01  1.174158e-04  7.267571e-01  1.055961e-04  
   0.1040000  7.686101e-01  1.263828e-04  7.686174e-01  1.263869e-04  7.269139e-01  1.136615e-04  
   0.1240000  7.687966e-01  1.355679e-04  7.688039e-01  1.355727e-04  7.270816e-01  1.219195e-04  
   0.1450000  7.690168e-01  1.459014e-04  7.690240e-01  1.459070e-04  7.272799e-01  1.312093e-04  
   0.1660000  7.692639e-01  1.569473e-04  7.692713e-01  1.569538e-04  7.275019e-01  1.411388e-04  
   0.1870000  7.695405e-01  1.687020e-04  7.695476e-01  1.687094e-04  7.277505e-01  1.517046e-04  
   0.2080000  7.698478e-01  1.811510e-04  7.698550e-01  1.811594e-04  7.280272e-01  1.628935e-04  
   0.2290000  7.701883e-01  1.942693e-04  7.701955e-01  1.942787e-04  7.283332e-01  1.746826e-04  
   0.2490000  7.705447e-01  2.073528e-04  7.705520e-01  2.073631e-04  7.286535e-01  1.864393e-04  
   0.2700000  7.709538e-01  2.216681e-04  7.709610e-01  2.216794e-04  7.290214e-01  1.993014e-04  
   0.2910000  7.713996e-01  2.365260e-04  7.714069e-01  2.365382e-04  7.294223e-01  2.126494e-04  
   0.3120000  7.718829e-01  2.518729e-04  7.718903e-01  2.518859e-04  7.298570e-01  2.264348e-04  
   0.3330000  7.724045e-01  2.676538e-04  7.724118e-01  2.676675e-04  7.303259e-01  2.406079e-04  
   0.3540000  7.729644e-01  2.838153e-04  7.729717e-01  2.838296e-04  7.308291e-01  2.551207e-04  
   0.3740000  7.735335e-01  2.995156e-04  7.735409e-01  2.995306e-04  7.313406e-01  2.692169e-04  
   0.3950000  7.741684e-01  3.162822e-04  7.741757e-01  3.162976e-04  7.319113e-01  2.842678e-04  
   0.4160000  7.748415e-01  3.332994e-04  7.748489e-01  3.333153e-04  7.325162e-01  2.995406e-04  
   0.4374300  7.755684e-01  3.508914e-04  7.755761e-01  3.509077e-04  7.331698e-01  3.153263e-04  
   0.4574300  7.762824e-01  3.674933e-04  7.762900e-01  3.675099e-04  7.338113e-01  3.302202e-04  
   0.4784300  7.770695e-01  3.850989e-04  7.770768e-01  3.851159e-04  7.345186e-01  3.460111e-04  
   0.4994300  7.778944e-01  4.028708e-04  7.779020e-01  4.028881e-04  7.352598e-01  3.619471e-04  
   0.5204300  7.787579e-01  4.208015e-04  7.787654e-01  4.208191e-04  7.360355e-01  3.780214e-04  
   0.5414300  7.796593e-01  4.388876e-04  7.796670e-01  4.389058e-04  7.368453e-01  3.942307e-04  
   0.5614300  7.805539e-01  4.562569e-04  7.805616e-01  4.562754e-04  7.376488e-01  4.097930e-04  
   0.5824300  7.815311e-01  4.746480e-04  7.815387e-01  4.746670e-04  7.385262e-01  4.262661e-04  
   0.6034300  7.825470e-01  4.931992e-04  7.825546e-01  4.932188e-04  7.394386e-01  4.428775e-04  
   0.6244300  7.836025e-01  5.119164e-04  7.836103e-01  5.119366e-04  7.403862e-01  4.596319e-04  
   0.6454300  7.846975e-01  5.308044e-04  7.847052e-01  5.308254e-04  7.413694e-01  4.765336e-04  
   0.6664300  7.858325e-01  5.498698e-04  7.858403e-01  5.498915e-04  7.423884e-01  4.935879e-04  
   0.6864300  7.869505e-01  5.681977e-04  7.869585e-01  5.682203e-04  7.433919e-01  5.099769e-04  
   0.7074300  7.881643e-01  5.876283e-04  7.881721e-01  5.876518e-04  7.444813e-01  5.273452e-04  
   0.7284300  7.894191e-01  6.072563e-04  7.894272e-01  6.072809e-04  7.456071e-01  5.448835e-04  
   0.7494300  7.907156e-01  6.270896e-04  7.907236e-01  6.271155e-04  7.467704e-01  5.625981e-04  
   0.7704300  7.920534e-01  6.471352e-04  7.920617e-01  6.471626e-04  7.479706e-01  5.804956e-04  
   0.7914300  7.934339e-01  6.674022e-04  7.934422e-01  6.674309e-04  7.492090e-01  5.985827e-04  
   0.8114300  7.947881e-01  6.869163e-04  7.947962e-01  6.869465e-04  7.504233e-01  6.159911e-04  
   0.8324300  7.962523e-01  7.076384e-04  7.962604e-01  7.076702e-04  7.517363e-01  6.344694e-04  
   0.8540300  7.978042e-01  7.292099e-04  7.978123e-01  7.292433e-04  7.531276e-01  6.536964e-04  
   0.8740300  7.992824e-01  7.494242e-04  7.992910e-01  7.494592e-04  7.544529e-01  6.717065e-04  
   0.8950300  8.008789e-01  7.709088e-04  8.008873e-01  7.709454e-04  7.558836e-01  6.908392e-04  
   0.9160300  8.025202e-01  7.926687e-04  8.025287e-01  7.927068e-04  7.573542e-01  7.102086e-04  
   0.9370300  8.042076e-01  8.147139e-04  8.042163e-01  8.147537e-04  7.588664e-01  7.298231e-04  
   0.9580300  8.059417e-01  8.370561e-04  8.059505e-01  8.370971e-04  7.604191e-01  7.496921e-04  
   0.9780300  8.076372e-01  8.586205e-04  8.076460e-01  8.586629e-04  7.619377e-01  7.688606e-04  
   0.9990300  8.094642e-01  8.815740e-04  8.094732e-01  8.816173e-04  7.635736e-01  7.892541e-04  
   1.0200300  8.113399e-01  9.048575e-04  8.113489e-01  9.049015e-04  7.652529e-01  8.099307e-04  
   1.0410300  8.132651e-01  9.284827e-04  8.132740e-01  9.285274e-04  7.669758e-01  8.309003e-04  
   1.0620300  8.152404e-01  9.524623e-04  8.152494e-01  9.525073e-04  7.687435e-01  8.521736e-04  
   1.0830300  8.172665e-01  9.768084e-04  8.172755e-01  9.768534e-04  7.705558e-01  8.737604e-04  
   1.1030300  8.192438e-01  1.000347e-03  8.192531e-01  1.000392e-03  7.723246e-01  8.946203e-04  
   1.1240300  8.213711e-01  1.025445e-03  8.213804e-01  1.025489e-03  7.742268e-01  9.168509e-04  
   1.1450300  8.235517e-01  1.050948e-03  8.235612e-01  1.050991e-03  7.761762e-01  9.394272e-04  
   1.1660300  8.257862e-01  1.076870e-03  8.257958e-01  1.076913e-03  7.781734e-01  9.623620e-04  
   1.1870300  8.280755e-01  1.103225e-03  8.280850e-01  1.103268e-03  7.802193e-01  9.856670e-04  
   1.2080300  8.304204e-01  1.130028e-03  8.304303e-01  1.130071e-03  7.823144e-01  1.009355e-03  
   1.2280300  8.327063e-01  1.155986e-03  8.327162e-01  1.156029e-03  7.843555e-01  1.032282e-03  
   1.2490300  8.351627e-01  1.183712e-03  8.351726e-01  1.183754e-03  7.865488e-01  1.056756e-03  
   1.2706300  8.377509e-01  1.212749e-03  8.377609e-01  1.212791e-03  7.888592e-01  1.082372e-03  
   1.2906300  8.402032e-01  1.240121e-03  8.402134e-01  1.240164e-03  7.910478e-01  1.106504e-03  
   1.3116300  8.428378e-01  1.269383e-03  8.428481e-01  1.269428e-03  7.933982e-01  1.132288e-03  
   1.3326300  8.455341e-01  1.299199e-03  8.455446e-01  1.299247e-03  7.958028e-01  1.158543e-03  
   1.3536299  8.482938e-01  1.329590e-03  8.483042e-01  1.329640e-03  7.982631e-01  1.185286e-03  
   1.3746300  8.511178e-01  1.360578e-03  8.511284e-01  1.360630e-03  8.007806e-01  1.212538e-03  
   1.3946300  8.538686e-01  1.390666e-03  8.538795e-01  1.390721e-03  8.032321e-01  1.238981e-03  
   1.4156300  8.568226e-01  1.422883e-03  8.568335e-01  1.422942e-03  8.058629e-01  1.267278e-03  
   1.4366300  8.598449e-01  1.455767e-03  8.598559e-01  1.455830e-03  8.085545e-01  1.296141e-03  
   1.4576300  8.629370e-01  1.489341e-03  8.629484e-01  1.489407e-03  8.113075e-01  1.325590e-03  
   1.4786299  8.661012e-01  1.523632e-03  8.661124e-01  1.523703e-03  8.141231e-01  1.355646e-03  
   1.4996300  8.693380e-01  1.558667e-03  8.693495e-01  1.558741e-03  8.170027e-01  1.386334e-03  
   1.5196300  8.724896e-01  1.592749e-03  8.725013e-01  1.592828e-03  8.198053e-01  1.416167e-03  
   1.5406300  8.758731e-01  1.629318e-03  8.758848e-01  1.629400e-03  8.228130e-01  1.448154e-03  
   1.5616300  8.793344e-01  1.666717e-03  8.793464e-01  1.666802e-03  8.258888e-01  1.480843e-03  
   1.5826300  8.828750e-01  1.704979e-03  8.828872e-01  1.705067e-03  8.290339e-01  1.514262e-03  
   1.6036299  8.864967e-01  1.744136e-03  8.865091e-01  1.744227e-03  8.322502e-01  1.548439e-03  
   1.6246300  8.902019e-01  1.784227e-03  8.902143e-01  1.784321e-03  8.355389e-01  1.583403e-03  
   1.6446300  8.938087e-01  1.823309e-03  8.938215e-01  1.823405e-03  8.387395e-01  1.617462e-03  
   1.6656300  8.976809e-01  1.865329e-03  8.976938e-01  1.865427e-03  8.421738e-01  1.654055e-03  
   1.6872300  9.017577e-01  1.909647e-03  9.017712e-01  1.909748e-03  8.457881e-01  1.692619e-03  
   1.7072300  9.056184e-01  1.951716e-03  9.056318e-01  1.951819e-03  8.492089e-01  1.729197e-03  
   1.7282300  9.097635e-01  1.997007e-03  9.097771e-01  1.997111e-03  8.528809e-01  1.768545e-03  
   1.7492300  9.140048e-01  2.043491e-03  9.140186e-01  2.043596e-03  8.566362e-01  1.808899e-03  
   1.7702301  9.183447e-01  2.091224e-03  9.183586e-01  2.091334e-03  8.604771e-01  1.850305e-03  
   1.7912300  9.227867e-01  2.140267e-03  9.228007e-01  2.140380e-03  8.644065e-01  1.892813e-03  
   1.8112299  9.271142e-01  2.188249e-03  9.271286e-01  2.188365e-03  8.682325e-01  1.934372e-03  
   1.8322300  9.317627e-01  2.240033e-03  9.317771e-01  2.240152e-03  8.723409e-01  1.979192e-03  
   1.8532300  9.365209e-01  2.293325e-03  9.365360e-01  2.293447e-03  8.765445e-01  2.025286e-03  
   1.8742300  9.413936e-01  2.348202e-03  9.414087e-01  2.348329e-03  8.808464e-01  2.072725e-03  
   1.8952301  9.463826e-01  2.404748e-03  9.463983e-01  2.404879e-03  8.852493e-01  2.121584e-03  
   1.9162300  9.514924e-01  2.463052e-03  9.515082e-01  2.463186e-03  8.897561e-01  2.171947e-03  
   1.9362299  9.564729e-01  2.520300e-03  9.564891e-01  2.520440e-03  8.941471e-01  2.221396e-03  
   1.9572300  9.618268e-01  2.582319e-03  9.618439e-01  2.582464e-03  8.988650e-01  2.274978e-03  
   1.9782300  9.673135e-01  2.646403e-03  9.673300e-01  2.646555e-03  9.036958e-01  2.330381e-03  
   1.9992300  9.729339e-01  2.712677e-03  9.729509e-01  2.712834e-03  9.086427e-01  2.387736e-03  
   2.0202301  9.786947e-01  2.781274e-03  9.787121e-01  2.781439e-03  9.137108e-01  2.447202e-03  
   2.0412300  9.845994e-01  2.852339e-03  9.846171e-01  2.852511e-03  9.189018e-01  2.508956e-03  
   2.0612299  9.903607e-01  2.922465e-03  9.903787e-01  2.922645e-03  9.239643e-01  2.570079e-03  
   2.0822301  9.965607e-01  2.998838e-03  9.965791e-01  2.999025e-03  9.294090e-01  2.636916e-03  
   2.1038301  1.003104e+00  3.080530e-03  1.003122e+00  3.080726e-03  9.351521e-01  2.708778e-03  
   2.1238301  1.009318e+00  3.159211e-03  1.009337e+00  3.159417e-03  9.406019e-01  2.778424e-03  
   2.1448300  1.016009e+00  3.245216e-03  1.016028e+00  3.245431e-03  9.464676e-01  2.855108e-03  
   2.1658299  1.022877e+00  3.334963e-03  1.022897e+00  3.335190e-03  9.524843e-01  2.935828e-03  
   2.1868300  1.029928e+00  3.428765e-03  1.029949e+00  3.429004e-03  9.586577e-01  3.021033e-03  
   2.2078300  1.037171e+00  3.526962e-03  1.037193e+00  3.527214e-03  9.649931e-01  3.111219e-03  
   2.2278299  1.044254e+00  3.624920e-03  1.044276e+00  3.625185e-03  9.711844e-01  3.202251e-03  
   2.2488301  1.051891e+00  3.732838e-03  1.051913e+00  3.733118e-03  9.778560e-01  3.303811e-03  
   2.2698300  1.059743e+00  3.846401e-03  1.059766e+00  3.846697e-03  9.847085e-01  3.412135e-03  
   2.2908299  1.067818e+00  3.966124e-03  1.067841e+00  3.966438e-03  9.917503e-01  3.527930e-03  
   2.3118300  1.076126e+00  4.092567e-03  1.076150e+00  4.092899e-03  9.989880e-01  3.651947e-03  
   2.3328300  1.084677e+00  4.226342e-03  1.084701e+00  4.226693e-03  1.006429e+00  3.784980e-03  
   2.3528299  1.093055e+00  4.361176e-03  1.093080e+00  4.361551e-03  1.013713e+00  3.920828e-03  
   2.3738301  1.102110e+00  4.511252e-03  1.102135e+00  4.511648e-03  1.021577e+00  4.073924e-03  
   2.3948300  1.111440e+00  4.670810e-03  1.111467e+00  4.671231e-03  1.029670e+00  4.238644e-03  
   2.4158299  1.121060e+00  4.840713e-03  1.121086e+00  4.841159e-03  1.038002e+00  4.415963e-03  
   2.4368300  1.130981e+00  5.021901e-03  1.131009e+00  5.022376e-03  1.046585e+00  4.606917e-03  
   2.4578300  1.141221e+00  5.215409e-03  1.141250e+00  5.215915e-03  1.055430e+00  4.812600e-03  
   2.4778299  1.151283e+00  5.412205e-03  1.151312e+00  5.412739e-03  1.064108e+00  5.023269e-03  
   2.4988301  1.162189e+00  5.633195e-03  1.162219e+00  5.633764e-03  1.073499e+00  5.261213e-03  
   2.5204301  1.173794e+00  5.877336e-03  1.173825e+00  5.877945e-03  1.083474e+00  5.525304e-03  
   2.5404301  1.184907e+00  6.120161e-03  1.184939e+00  6.120808e-03  1.093009e+00  5.788774e-03  
   2.5614300  1.196980e+00  6.394334e-03  1.197013e+00  6.395023e-03  1.103347e+00  6.086702e-03  
   2.5824299  1.209491e+00  6.690392e-03  1.209525e+00  6.691128e-03  1.114037e+00  6.408362e-03  
   2.6034300  1.222469e+00  7.011036e-03  1.222504e+00  7.011824e-03  1.125101e+00  6.756012e-03  
   2.6244299  1.235943e+00  7.359530e-03  1.235980e+00  7.360374e-03  1.136561e+00  7.132265e-03  
   2.6444299  1.249270e+00  7.721057e-03  1.249308e+00  7.721961e-03  1.147866e+00  7.520039e-03  
   2.6654301  1.263819e+00  8.136700e-03  1.263858e+00  8.137680e-03  1.160173e+00  7.961710e-03  
   2.6864300  1.278978e+00  8.595781e-03  1.279018e+00  8.596840e-03  1.172956e+00  8.443241e-03  
   2.7074299  1.294795e+00  9.106974e-03  1.294837e+00  9.108122e-03  1.186251e+00  8.970414e-03  
   2.7284300  1.311326e+00  9.681814e-03  1.311370e+00  9.683070e-03  1.200096e+00  9.550584e-03  
   2.7494299  1.328632e+00  1.033579e-02  1.328677e+00  1.033717e-02  1.214531e+00  1.019329e-02  
   2.7694299  1.345896e+00  1.105129e-02  1.345943e+00  1.105282e-02  1.228871e+00  1.087489e-02  
   2.7904301  1.364920e+00  1.192690e-02  1.364969e+00  1.192861e-02  1.244602e+00  1.167917e-02  
   2.8114300  1.384949e+00  1.296706e-02  1.385001e+00  1.296901e-02  1.261080e+00  1.259515e-02  
   2.8324299  1.406080e+00  1.422235e-02  1.406134e+00  1.422462e-02  1.278372e+00  1.365063e-02  
   2.8534300  1.428419e+00  1.575996e-02  1.428477e+00  1.576264e-02  1.296552e+00  1.488186e-02  
   2.8744299  1.452083e+00  1.766806e-02  1.452144e+00  1.767129e-02  1.315699e+00  1.633576e-02  
   2.8944299  1.475964e+00  1.993386e-02  1.476027e+00  1.993779e-02  1.334914e+00  1.798243e-02  
   2.9154301  1.502569e+00  2.292275e-02  1.502636e+00  2.292764e-02  1.356210e+00  2.005980e-02  
   2.9370301  1.531696e+00  2.683584e-02  1.531768e+00  2.684206e-02  1.379414e+00  2.266840e-02  
   2.9570301  1.560365e+00  3.142426e-02  1.560441e+00  3.143210e-02  1.402171e+00  2.562227e-02  
   2.9780300  1.592317e+00  3.749741e-02  1.592397e+00  3.750741e-02  1.427479e+00  2.942361e-02  
   2.9990301  1.626224e+00  4.516121e-02  1.626310e+00  4.517402e-02  1.454334e+00  3.411768e-02  
   3.0200300  1.662104e+00  5.476834e-02  1.662196e+00  5.478467e-02  1.482821e+00  3.991802e-02  
   3.0410299  1.699917e+00  6.671027e-02  1.700013e+00  6.673093e-02  1.513006e+00  4.707677e-02  
   3.0610299  1.737621e+00  8.063854e-02  1.737722e+00  8.066420e-02  1.543368e+00  5.542416e-02  
   3.0820301  1.778796e+00  9.836361e-02  1.778902e+00  9.839553e-02  1.576941e+00  6.611192e-02  
   3.1030300  1.821303e+00  1.196879e-01  1.821414e+00  1.197271e-01  1.612192e+00  7.912806e-02  
   3.1240301  1.864749e+00  1.450152e-01  1.864866e+00  1.450628e-01  1.649001e+00  9.486483e-02  
   3.1450300  1.908634e+00  1.746952e-01  1.908755e+00  1.747521e-01  1.687163e+00  1.137294e-01  
   3.1660299  1.952369e+00  2.089975e-01  1.952493e+00  2.090644e-01  1.726385e+00  1.361286e-01  
   3.1860299  1.993269e+00  2.461132e-01  1.993396e+00  2.461906e-01  1.764362e+00  1.610999e-01  
   3.2070301  2.034733e+00  2.897885e-01  2.034860e+00  2.898771e-01  1.804417e+00  1.914662e-01  
   3.2280300  2.073947e+00  3.381741e-01  2.074074e+00  3.382740e-01  1.844068e+00  2.263414e-01  
   3.2490301  2.110179e+00  3.910090e-01  2.110304e+00  3.911203e-01  1.882634e+00  2.658916e-01  
   3.2700300  2.142751e+00  4.478778e-01  2.142873e+00  4.479998e-01  1.919361e+00  3.101531e-01  
   3.2910299  2.171074e+00  5.082259e-01  2.171191e+00  5.083581e-01  1.953457e+00  3.590133e-01  
   3.3110299  2.193671e+00  5.683233e-01  2.193783e+00  5.684642e-01  1.982751e+00  4.095693e-01  
   3.3320301  2.212494e+00  6.334563e-01  2.212599e+00  6.336048e-01  2.009441e+00  4.664480e-01  
   3.3536301  2.226459e+00  7.017939e-01  2.226556e+00  7.019487e-01  2.031836e+00  5.283729e-01  
   3.3736300  2.234524e+00  7.655357e-01  2.234612e+00  7.656953e-01  2.047469e+00  5.880921e-01  
   3.3946300  2.238129e+00  8.322130e-01  2.238210e+00  8.323761e-01  2.058216e+00  6.524075e-01  
   3.4156301  2.237070e+00  8.979677e-01  2.237144e+00  8.981329e-01  2.062953e+00  7.174261e-01  
   3.4366300  2.231777e+00  9.622342e-01  2.231844e+00  9.624002e-01  2.061688e+00  7.821477e-01  
   3.4576299  2.222761e+00  1.024582e+00  2.222821e+00  1.024748e+00  2.054651e+00  8.455908e-01  
   3.4776299  2.211206e+00  1.081915e+00  2.211262e+00  1.082080e+00  2.042989e+00  9.039884e-01  
   3.4986300  2.196472e+00  1.139822e+00  2.196523e+00  1.139986e+00  2.026148e+00  9.624149e-01  
   3.5196300  2.179560e+00  1.195356e+00  2.179609e+00  1.195518e+00  2.005373e+00  1.017254e+00  
   3.5406301  2.160900e+00  1.248594e+00  2.160948e+00  1.248754e+00  1.981565e+00  1.068063e+00  
   3.5616300  2.140833e+00  1.299682e+00  2.140879e+00  1.299838e+00  1.955669e+00  1.114612e+00  
   3.5826299  2.119612e+00  1.348802e+00  2.119658e+00  1.348955e+00  1.928622e+00  1.156890e+00  
   3.6026299  2.098483e+00  1.393924e+00  2.098528e+00  1.394073e+00  1.902595e+00  1.193356e+00  
   3.6236300  2.075432e+00  1.439715e+00  2.075477e+00  1.439860e+00  1.875704e+00  1.228003e+00  
   3.6446300  2.051554e+00  1.483993e+00  2.051597e+00  1.484132e+00  1.849852e+00  1.259403e+00  
   3.6656301  2.026895e+00  1.526816e+00  2.026935e+00  1.526949e+00  1.825455e+00  1.288128e+00  
   3.6866300  2.001514e+00  1.568182e+00  2.001551e+00  1.568307e+00  1.802743e+00  1.314775e+00  
   3.7076299  1.975514e+00  1.608039e+00  1.975544e+00  1.608156e+00  1.781778e+00  1.339914e+00  
   3.7276299  1.950322e+00  1.644517e+00  1.950347e+00  1.644626e+00  1.763353e+00  1.362909e+00  
   3.7486300  1.923647e+00  1.681174e+00  1.923664e+00  1.681275e+00  1.745453e+00  1.386434e+00  
   3.7702301  1.896296e+00  1.717043e+00  1.896304e+00  1.717134e+00  1.728344e+00  1.410243e+00  
   3.7902300  1.871408e+00  1.748569e+00  1.871408e+00  1.748651e+00  1.713465e+00  1.432070e+00  
   3.8112299  1.846162e+00  1.779975e+00  1.846153e+00  1.780049e+00  1.698664e+00  1.454793e+00  
   3.8322301  1.822293e+00  1.809795e+00  1.822276e+00  1.809862e+00  1.684614e+00  1.477274e+00  
   3.8532300  1.800288e+00  1.838300e+00  1.800264e+00  1.838362e+00  1.671334e+00  1.499433e+00  
   3.8742299  1.780607e+00  1.865905e+00  1.780576e+00  1.865962e+00  1.658961e+00  1.521205e+00  
   3.8942299  1.764382e+00  1.891854e+00  1.764347e+00  1.891910e+00  1.648246e+00  1.541572e+00  
   3.9152300  1.750268e+00  1.919397e+00  1.750231e+00  1.919455e+00  1.638430e+00  1.562659e+00  
   3.9362299  1.739295e+00  1.948024e+00  1.739257e+00  1.948086e+00  1.630447e+00  1.583659e+00  
   3.9572301  1.731436e+00  1.978620e+00  1.731400e+00  1.978690e+00  1.624669e+00  1.604948e+00  
   3.9782300  1.726457e+00  2.012123e+00  1.726422e+00  2.012203e+00  1.621413e+00  1.627056e+00  
   3.9992299  1.723894e+00  2.049479e+00  1.723863e+00  2.049575e+00  1.620894e+00  1.650664e+00  
   4.0192299  1.723065e+00  2.089470e+00  1.723037e+00  2.089583e+00  1.623008e+00  1.675285e+00  
   4.0402298  1.722996e+00  2.136874e+00  1.722971e+00  2.137007e+00  1.627851e+00  1.704242e+00  
   4.0612302  1.722630e+00  2.190478e+00  1.722607e+00  2.190634e+00  1.635049e+00  1.737319e+00  
   4.0822301  1.720645e+00  2.250748e+00  1.720623e+00  2.250929e+00  1.644029e+00  1.775460e+00  
   4.1032300  1.715586e+00  2.317907e+00  1.715562e+00  2.318113e+00  1.653959e+00  1.819558e+00  
   4.1242299  1.705915e+00  2.391909e+00  1.705887e+00  2.392140e+00  1.663767e+00  1.870383e+00  
   4.1442299  1.690992e+00  2.468438e+00  1.690956e+00  2.468693e+00  1.671799e+00  1.925583e+00  
   4.1652298  1.667878e+00  2.554545e+00  1.667829e+00  2.554820e+00  1.677411e+00  1.991019e+00  
   4.1868300  1.634694e+00  2.648317e+00  1.634627e+00  2.648610e+00  1.678445e+00  2.066382e+00  
   4.2068300  1.594308e+00  2.738751e+00  1.594218e+00  2.739058e+00  1.673466e+00  2.143190e+00  
   4.2278299  1.540916e+00  2.836091e+00  1.540799e+00  2.836408e+00  1.660360e+00  2.230486e+00  
   4.2488298  1.475521e+00  2.934323e+00  1.475370e+00  2.934642e+00  1.637481e+00  2.323569e+00  
   4.2698302  1.397628e+00  3.031731e+00  1.397440e+00  3.032049e+00  1.603248e+00  2.421019e+00  
   4.2908301  1.307043e+00  3.126503e+00  1.306815e+00  3.126812e+00  1.556329e+00  2.521036e+00  
   4.3108301  1.209054e+00  3.212612e+00  1.208784e+00  3.212910e+00  1.498945e+00  2.616751e+00  
   4.3318300  1.094223e+00  3.296878e+00  1.093908e+00  3.297158e+00  1.424812e+00  2.715469e+00  
   4.3528299  9.677988e-01  3.373038e+00  9.674385e-01  3.373296e+00  1.336387e+00  2.809893e+00  
   4.3738298  8.306994e-01  3.439328e+00  8.302953e-01  3.439560e+00  1.234127e+00  2.897478e+00  
   4.3948302  6.840919e-01  3.494085e+00  6.836457e-01  3.494286e+00  1.119037e+00  2.975753e+00  
   4.4158301  5.293937e-01  3.535779e+00  5.289103e-01  3.535948e+00  9.926591e-01  3.042462e+00  
   4.4358301  3.760344e-01  3.562111e+00  3.755196e-01  3.562245e+00  8.636313e-01  3.093472e+00  
   4.4568300  2.104493e-01  3.574617e+00  2.099076e-01  3.574715e+00  7.213322e-01  3.132438e+00  
   4.4778299  4.219118e-02  3.570742e+00  4.162951e-02  3.570800e+00  5.746377e-01  3.155462e+00  
   4.4988298  -1.265551e-01  3.549901e+00  -1.271289e-01  3.549922e+00  4.263087e-01  3.162090e+00  
   4.5198302  -2.934911e-01  3.511857e+00  -2.940692e-01  3.511837e+00  2.790926e-01  3.152424e+00  
   4.5408301  -4.562426e-01  3.456758e+00  -4.568174e-01  3.456698e+00  1.356030e-01  3.127111e+00  
   4.5608301  -6.051949e-01  3.388940e+00  -6.057596e-01  3.388845e+00  4.555351e-03  3.089477e+00  
   4.5818300  -7.530467e-01  3.302577e+00  -7.535946e-01  3.302447e+00  -1.252340e-01  3.037212e+00  
   4.6034298  -8.937936e-01  3.199029e+00  -8.943179e-01  3.198863e+00  -2.487411e-01  2.971696e+00  
   4.6234298  -1.012128e+00  3.091556e+00  -1.012626e+00  3.091362e+00  -3.529923e-01  2.902267e+00  
   4.6444302  -1.122502e+00  2.968828e+00  -1.122970e+00  2.968606e+00  -4.513119e-01  2.822301e+00  
   4.6654301  -1.217576e+00  2.838403e+00  -1.218011e+00  2.838156e+00  -5.379223e-01  2.737121e+00  
   4.6864300  -1.296723e+00  2.702911e+00  -1.297126e+00  2.702643e+00  -6.128938e-01  2.648676e+00  
   4.7074299  -1.359816e+00  2.565044e+00  -1.360186e+00  2.564757e+00  -6.765999e-01  2.558760e+00  
   4.7274299  -1.405308e+00  2.433934e+00  -1.405648e+00  2.433631e+00  -7.273548e-01  2.473209e+00  
   4.7484298  -1.438525e+00  2.298811e+00  -1.438837e+00  2.298495e+00  -7.709806e-01  2.384770e+00  
   4.7694302  -1.458011e+00  2.168411e+00  -1.458296e+00  2.168082e+00  -8.055773e-01  2.298857e+00  
   4.7904301  -1.465246e+00  2.044529e+00  -1.465508e+00  2.044189e+00  -8.320879e-01  2.216362e+00  
   4.8114300  -1.461909e+00  1.928541e+00  -1.462150e+00  1.928192e+00  -8.514717e-01  2.137944e+00  
   4.8324299  -1.449764e+00  1.821401e+00  -1.449987e+00  1.821042e+00  -8.646696e-01  2.064071e+00  
   4.8524299  -1.431617e+00  1.728091e+00  -1.431824e+00  1.727722e+00  -8.723093e-01  1.998204e+00  
   4.8734298  -1.407261e+00  1.639456e+00  -1.407454e+00  1.639078e+00  -8.759599e-01  1.933889e+00  
   4.8944302  -1.378978e+00  1.560266e+00  -1.379158e+00  1.559879e+00  -8.758891e-01  1.874548e+00  
   4.9154301  -1.348115e+00  1.490158e+00  -1.348282e+00  1.489762e+00  -8.727893e-01  1.820096e+00  
   4.9364300  -1.315812e+00  1.428580e+00  -1.315966e+00  1.428174e+00  -8.672747e-01  1.770364e+00  
   4.9574299  -1.283000e+00  1.374865e+00  -1.283142e+00  1.374450e+00  -8.598816e-01  1.725124e+00  
   4.9774299  -1.251953e+00  1.330348e+00  -1.252083e+00  1.329926e+00  -8.515176e-01  1.685969e+00  
   4.9984298  -1.220104e+00  1.289856e+00  -1.220220e+00  1.289426e+00  -8.417236e-01  1.648702e+00  
