w Re-xx Im-xx Re-yy Im-yy Re-zz Im-zz
# Gaussian absolute broadening  0.15 [eV]
   0.0000000  1.036199e+00  1.204510e-04  1.036199e+00  1.204510e-04  1.036199e+00  1.204510e-04  
   0.0200000  1.036336e+00  1.289126e-04  1.036336e+00  1.289126e-04  1.036336e+00  1.289126e-04  
   0.0410000  1.036498e+00  1.385551e-04  1.036498e+00  1.385551e-04  1.036498e+00  1.385551e-04  
   0.0620000  1.036682e+00  1.490235e-04  1.036682e+00  1.490235e-04  1.036682e+00  1.490235e-04  
   0.0830000  1.036892e+00  1.603640e-04  1.036892e+00  1.603640e-04  1.036892e+00  1.603640e-04  
   0.1040000  1.037129e+00  1.726167e-04  1.037129e+00  1.726167e-04  1.037129e+00  1.726167e-04  
   0.1240000  1.037384e+00  1.851634e-04  1.037384e+00  1.851634e-04  1.037384e+00  1.851634e-04  
   0.1450000  1.037685e+00  1.992792e-04  1.037685e+00  1.992792e-04  1.037685e+00  1.992792e-04  
   0.1660000  1.038023e+00  2.143689e-04  1.038023e+00  2.143689e-04  1.038023e+00  2.143689e-04  
   0.1870000  1.038400e+00  2.304278e-04  1.038400e+00  2.304278e-04  1.038400e+00  2.304278e-04  
   0.2080000  1.038820e+00  2.474363e-04  1.038820e+00  2.474363e-04  1.038820e+00  2.474363e-04  
   0.2290000  1.039285e+00  2.653601e-04  1.039285e+00  2.653601e-04  1.039285e+00  2.653601e-04  
   0.2490000  1.039771e+00  2.832376e-04  1.039771e+00  2.832376e-04  1.039771e+00  2.832376e-04  
   0.2700000  1.040330e+00  3.027996e-04  1.040330e+00  3.027996e-04  1.040330e+00  3.027996e-04  
   0.2910000  1.040939e+00  3.231047e-04  1.040939e+00  3.231047e-04  1.040939e+00  3.231047e-04  
   0.3120000  1.041599e+00  3.440797e-04  1.041599e+00  3.440797e-04  1.041599e+00  3.440797e-04  
   0.3330000  1.042312e+00  3.656498e-04  1.042312e+00  3.656498e-04  1.042312e+00  3.656498e-04  
   0.3540000  1.043077e+00  3.877424e-04  1.043077e+00  3.877424e-04  1.043077e+00  3.877424e-04  
   0.3740000  1.043854e+00  4.092068e-04  1.043854e+00  4.092068e-04  1.043854e+00  4.092068e-04  
   0.3950000  1.044721e+00  4.321312e-04  1.044721e+00  4.321312e-04  1.044721e+00  4.321312e-04  
   0.4160000  1.045641e+00  4.554011e-04  1.045641e+00  4.554011e-04  1.045641e+00  4.554011e-04  
   0.4374300  1.046635e+00  4.794607e-04  1.046635e+00  4.794607e-04  1.046635e+00  4.794607e-04  
   0.4574300  1.047610e+00  5.021687e-04  1.047610e+00  5.021687e-04  1.047610e+00  5.021687e-04  
   0.4784300  1.048685e+00  5.262534e-04  1.048685e+00  5.262534e-04  1.048685e+00  5.262534e-04  
   0.4994300  1.049813e+00  5.505693e-04  1.049813e+00  5.505693e-04  1.049813e+00  5.505693e-04  
   0.5204300  1.050993e+00  5.751067e-04  1.050993e+00  5.751067e-04  1.050993e+00  5.751067e-04  
   0.5414300  1.052225e+00  5.998612e-04  1.052225e+00  5.998612e-04  1.052225e+00  5.998612e-04  
   0.5614300  1.053447e+00  6.236387e-04  1.053447e+00  6.236387e-04  1.053447e+00  6.236387e-04  
   0.5824300  1.054783e+00  6.488196e-04  1.054783e+00  6.488196e-04  1.054783e+00  6.488196e-04  
   0.6034300  1.056172e+00  6.742253e-04  1.056172e+00  6.742253e-04  1.056172e+00  6.742253e-04  
   0.6244300  1.057615e+00  6.998629e-04  1.057615e+00  6.998629e-04  1.057615e+00  6.998629e-04  
   0.6454300  1.059112e+00  7.257405e-04  1.059112e+00  7.257405e-04  1.059112e+00  7.257405e-04  
   0.6664300  1.060664e+00  7.518664e-04  1.060664e+00  7.518664e-04  1.060664e+00  7.518664e-04  
   0.6864300  1.062192e+00  7.769878e-04  1.062192e+00  7.769878e-04  1.062192e+00  7.769878e-04  
   0.7074300  1.063852e+00  8.036264e-04  1.063852e+00  8.036264e-04  1.063852e+00  8.036264e-04  
   0.7284300  1.065568e+00  8.305422e-04  1.065568e+00  8.305422e-04  1.065568e+00  8.305422e-04  
   0.7494300  1.067342e+00  8.577467e-04  1.067342e+00  8.577467e-04  1.067342e+00  8.577467e-04  
   0.7704300  1.069172e+00  8.852496e-04  1.069172e+00  8.852496e-04  1.069172e+00  8.852496e-04  
   0.7914300  1.071060e+00  9.130631e-04  1.071060e+00  9.130631e-04  1.071060e+00  9.130631e-04  
   0.8114300  1.072913e+00  9.398512e-04  1.072913e+00  9.398512e-04  1.072913e+00  9.398512e-04  
   0.8324300  1.074916e+00  9.683046e-04  1.074916e+00  9.683046e-04  1.074916e+00  9.683046e-04  
   0.8540300  1.077040e+00  9.979332e-04  1.077040e+00  9.979332e-04  1.077040e+00  9.979332e-04  
   0.8740300  1.079063e+00  1.025706e-03  1.079063e+00  1.025706e-03  1.079063e+00  1.025706e-03  
   0.8950300  1.081248e+00  1.055233e-03  1.081248e+00  1.055233e-03  1.081248e+00  1.055233e-03  
   0.9160300  1.083494e+00  1.085147e-03  1.083494e+00  1.085147e-03  1.083494e+00  1.085147e-03  
   0.9370300  1.085805e+00  1.115463e-03  1.085805e+00  1.115463e-03  1.085805e+00  1.115463e-03  
   0.9580300  1.088179e+00  1.146198e-03  1.088179e+00  1.146198e-03  1.088179e+00  1.146198e-03  
   0.9780300  1.090501e+00  1.175872e-03  1.090501e+00  1.175872e-03  1.090501e+00  1.175872e-03  
   0.9990300  1.093004e+00  1.207467e-03  1.093004e+00  1.207467e-03  1.093004e+00  1.207467e-03  
   1.0200300  1.095573e+00  1.239528e-03  1.095573e+00  1.239528e-03  1.095573e+00  1.239528e-03  
   1.0410300  1.098210e+00  1.272072e-03  1.098210e+00  1.272072e-03  1.098210e+00  1.272072e-03  
   1.0620300  1.100917e+00  1.305114e-03  1.100917e+00  1.305114e-03  1.100917e+00  1.305114e-03  
   1.0830300  1.103693e+00  1.338673e-03  1.103693e+00  1.338673e-03  1.103693e+00  1.338673e-03  
   1.1030300  1.106403e+00  1.371132e-03  1.106403e+00  1.371132e-03  1.106403e+00  1.371132e-03  
   1.1240300  1.109319e+00  1.405753e-03  1.109319e+00  1.405753e-03  1.109319e+00  1.405753e-03  
   1.1450300  1.112308e+00  1.440948e-03  1.112308e+00  1.440948e-03  1.112308e+00  1.440948e-03  
   1.1660300  1.115372e+00  1.476734e-03  1.115372e+00  1.476734e-03  1.115372e+00  1.476734e-03  
   1.1870300  1.118512e+00  1.513134e-03  1.118512e+00  1.513134e-03  1.118512e+00  1.513134e-03  
   1.2080300  1.121729e+00  1.550169e-03  1.121729e+00  1.550169e-03  1.121729e+00  1.550169e-03  
   1.2280300  1.124864e+00  1.586051e-03  1.124864e+00  1.586051e-03  1.124864e+00  1.586051e-03  
   1.2490300  1.128235e+00  1.624392e-03  1.128235e+00  1.624392e-03  1.128235e+00  1.624392e-03  
   1.2706300  1.131787e+00  1.664567e-03  1.131787e+00  1.664567e-03  1.131787e+00  1.664567e-03  
   1.2906300  1.135153e+00  1.702455e-03  1.135153e+00  1.702455e-03  1.135153e+00  1.702455e-03  
   1.3116300  1.138770e+00  1.742979e-03  1.138770e+00  1.742979e-03  1.138770e+00  1.742979e-03  
   1.3326300  1.142473e+00  1.784292e-03  1.142473e+00  1.784292e-03  1.142473e+00  1.784292e-03  
   1.3536299  1.146263e+00  1.826419e-03  1.146263e+00  1.826419e-03  1.146263e+00  1.826419e-03  
   1.3746300  1.150143e+00  1.869397e-03  1.150143e+00  1.869397e-03  1.150143e+00  1.869397e-03  
   1.3946300  1.153923e+00  1.911148e-03  1.153923e+00  1.911148e-03  1.153923e+00  1.911148e-03  
   1.4156300  1.157983e+00  1.955878e-03  1.157983e+00  1.955878e-03  1.157983e+00  1.955878e-03  
   1.4366300  1.162138e+00  2.001556e-03  1.162138e+00  2.001556e-03  1.162138e+00  2.001556e-03  
   1.4576300  1.166390e+00  2.048219e-03  1.166390e+00  2.048219e-03  1.166390e+00  2.048219e-03  
   1.4786299  1.170742e+00  2.095904e-03  1.170742e+00  2.095904e-03  1.170742e+00  2.095904e-03  
   1.4996300  1.175196e+00  2.144651e-03  1.175196e+00  2.144651e-03  1.175196e+00  2.144651e-03  
   1.5196300  1.179532e+00  2.192102e-03  1.179532e+00  2.192102e-03  1.179532e+00  2.192102e-03  
   1.5406300  1.184190e+00  2.243038e-03  1.184190e+00  2.243038e-03  1.184190e+00  2.243038e-03  
   1.5616300  1.188955e+00  2.295166e-03  1.188955e+00  2.295166e-03  1.188955e+00  2.295166e-03  
   1.5826300  1.193832e+00  2.348525e-03  1.193832e+00  2.348525e-03  1.193832e+00  2.348525e-03  
   1.6036299  1.198821e+00  2.403168e-03  1.198821e+00  2.403168e-03  1.198821e+00  2.403168e-03  
   1.6246300  1.203927e+00  2.459148e-03  1.203927e+00  2.459148e-03  1.203927e+00  2.459148e-03  
   1.6446300  1.208899e+00  2.513751e-03  1.208899e+00  2.513751e-03  1.208899e+00  2.513751e-03  
   1.6656300  1.214239e+00  2.572494e-03  1.214239e+00  2.572494e-03  1.214239e+00  2.572494e-03  
   1.6872300  1.219862e+00  2.634489e-03  1.219862e+00  2.634489e-03  1.219862e+00  2.634489e-03  
   1.7072300  1.225188e+00  2.693372e-03  1.225188e+00  2.693372e-03  1.225188e+00  2.693372e-03  
   1.7282300  1.230910e+00  2.756798e-03  1.230910e+00  2.756798e-03  1.230910e+00  2.756798e-03  
   1.7492300  1.236766e+00  2.821934e-03  1.236766e+00  2.821934e-03  1.236766e+00  2.821934e-03  
   1.7702301  1.242760e+00  2.888853e-03  1.242760e+00  2.888853e-03  1.242760e+00  2.888853e-03  
   1.7912300  1.248898e+00  2.957638e-03  1.248898e+00  2.957638e-03  1.248898e+00  2.957638e-03  
   1.8112299  1.254880e+00  3.024961e-03  1.254880e+00  3.024961e-03  1.254880e+00  3.024961e-03  
   1.8322300  1.261307e+00  3.097638e-03  1.261307e+00  3.097638e-03  1.261307e+00  3.097638e-03  
   1.8532300  1.267890e+00  3.172446e-03  1.267890e+00  3.172446e-03  1.267890e+00  3.172446e-03  
   1.8742300  1.274633e+00  3.249485e-03  1.274633e+00  3.249485e-03  1.274633e+00  3.249485e-03  
   1.8952301  1.281540e+00  3.328859e-03  1.281540e+00  3.328859e-03  1.281540e+00  3.328859e-03  
   1.9162300  1.288617e+00  3.410682e-03  1.288617e+00  3.410682e-03  1.288617e+00  3.410682e-03  
   1.9362299  1.295519e+00  3.490988e-03  1.295519e+00  3.490988e-03  1.295519e+00  3.490988e-03  
   1.9572300  1.302942e+00  3.577936e-03  1.302942e+00  3.577936e-03  1.302942e+00  3.577936e-03  
   1.9782300  1.310550e+00  3.667702e-03  1.310550e+00  3.667702e-03  1.310550e+00  3.667702e-03  
   1.9992300  1.318350e+00  3.760430e-03  1.318350e+00  3.760430e-03  1.318350e+00  3.760430e-03  
   2.0202301  1.326348e+00  3.856272e-03  1.326348e+00  3.856272e-03  1.326348e+00  3.856272e-03  
   2.0412300  1.334549e+00  3.955392e-03  1.334549e+00  3.955392e-03  1.334549e+00  3.955392e-03  
   2.0612299  1.342556e+00  4.052994e-03  1.342556e+00  4.052994e-03  1.342556e+00  4.052994e-03  
   2.0822301  1.351178e+00  4.159031e-03  1.351178e+00  4.159031e-03  1.351178e+00  4.159031e-03  
   2.1038301  1.360281e+00  4.272098e-03  1.360281e+00  4.272098e-03  1.360281e+00  4.272098e-03  
   2.1238301  1.368931e+00  4.380614e-03  1.368931e+00  4.380614e-03  1.368931e+00  4.380614e-03  
   2.1448300  1.378252e+00  4.498742e-03  1.378252e+00  4.498742e-03  1.378252e+00  4.498742e-03  
   2.1658299  1.387825e+00  4.621407e-03  1.387825e+00  4.621407e-03  1.387825e+00  4.621407e-03  
   2.1868300  1.397660e+00  4.748890e-03  1.397660e+00  4.748890e-03  1.397660e+00  4.748890e-03  
   2.2078300  1.407769e+00  4.881481e-03  1.407769e+00  4.881481e-03  1.407769e+00  4.881481e-03  
   2.2278299  1.417661e+00  5.012809e-03  1.417661e+00  5.012809e-03  1.417661e+00  5.012809e-03  
   2.2488301  1.428336e+00  5.156339e-03  1.428336e+00  5.156339e-03  1.428336e+00  5.156339e-03  
   2.2698300  1.439319e+00  5.306014e-03  1.439319e+00  5.306014e-03  1.439319e+00  5.306014e-03  
   2.2908299  1.450625e+00  5.462256e-03  1.450625e+00  5.462256e-03  1.450625e+00  5.462256e-03  
   2.3118300  1.462266e+00  5.625513e-03  1.462266e+00  5.625513e-03  1.462266e+00  5.625513e-03  
   2.3328300  1.474258e+00  5.796281e-03  1.474258e+00  5.796281e-03  1.474258e+00  5.796281e-03  
   2.3528299  1.486020e+00  5.966395e-03  1.486020e+00  5.966395e-03  1.486020e+00  5.966395e-03  
   2.3738301  1.498745e+00  6.153448e-03  1.498745e+00  6.153448e-03  1.498745e+00  6.153448e-03  
   2.3948300  1.511873e+00  6.349789e-03  1.511873e+00  6.349789e-03  1.511873e+00  6.349789e-03  
   2.4158299  1.525422e+00  6.556161e-03  1.525422e+00  6.556161e-03  1.525422e+00  6.556161e-03  
   2.4368300  1.539416e+00  6.773386e-03  1.539416e+00  6.773386e-03  1.539416e+00  6.773386e-03  
   2.4578300  1.553877e+00  7.002399e-03  1.553877e+00  7.002399e-03  1.553877e+00  7.002399e-03  
   2.4778299  1.568108e+00  7.232428e-03  1.568108e+00  7.232428e-03  1.568108e+00  7.232428e-03  
   2.4988301  1.583557e+00  7.487641e-03  1.583557e+00  7.487641e-03  1.583557e+00  7.487641e-03  
   2.5204301  1.600024e+00  7.766219e-03  1.600024e+00  7.766219e-03  1.600024e+00  7.766219e-03  
   2.5404301  1.615821e+00  8.040222e-03  1.615821e+00  8.040222e-03  1.615821e+00  8.040222e-03  
   2.5614300  1.633016e+00  8.346457e-03  1.633016e+00  8.346457e-03  1.633016e+00  8.346457e-03  
   2.5824299  1.650872e+00  8.674028e-03  1.650872e+00  8.674028e-03  1.650872e+00  8.674028e-03  
   2.6034300  1.669437e+00  9.025937e-03  1.669437e+00  9.025937e-03  1.669437e+00  9.025937e-03  
   2.6244299  1.688761e+00  9.406027e-03  1.688761e+00  9.406027e-03  1.688761e+00  9.406027e-03  
   2.6444299  1.707924e+00  9.798870e-03  1.707924e+00  9.798870e-03  1.707924e+00  9.798870e-03  
   2.6654301  1.728905e+00  1.025032e-02  1.728905e+00  1.025032e-02  1.728905e+00  1.025032e-02  
   2.6864300  1.750839e+00  1.075092e-02  1.750839e+00  1.075092e-02  1.750839e+00  1.075092e-02  
   2.7074299  1.773811e+00  1.131380e-02  1.773811e+00  1.131380e-02  1.773811e+00  1.131380e-02  
   2.7284300  1.797916e+00  1.195748e-02  1.797916e+00  1.195748e-02  1.797916e+00  1.195748e-02  
   2.7494299  1.823265e+00  1.270822e-02  1.823265e+00  1.270822e-02  1.823265e+00  1.270822e-02  
   2.7694299  1.848677e+00  1.355655e-02  1.848677e+00  1.355655e-02  1.848677e+00  1.355655e-02  
   2.7904301  1.876831e+00  1.463704e-02  1.876831e+00  1.463704e-02  1.876831e+00  1.463704e-02  
   2.8114300  1.906651e+00  1.598250e-02  1.906651e+00  1.598250e-02  1.906651e+00  1.598250e-02  
   2.8324299  1.938316e+00  1.769131e-02  1.938316e+00  1.769131e-02  1.938316e+00  1.769131e-02  
   2.8534300  1.972025e+00  1.989679e-02  1.972025e+00  1.989679e-02  1.972025e+00  1.989679e-02  
   2.8744299  2.007991e+00  2.277643e-02  2.007991e+00  2.277643e-02  2.007991e+00  2.277643e-02  
   2.8944299  2.044545e+00  2.635745e-02  2.044545e+00  2.635745e-02  2.044545e+00  2.635745e-02  
   2.9154301  2.085557e+00  3.128207e-02  2.085557e+00  3.128207e-02  2.085557e+00  3.128207e-02  
   2.9370301  2.130771e+00  3.797588e-02  2.130771e+00  3.797588e-02  2.130771e+00  3.797588e-02  
   2.9570301  2.175541e+00  4.607019e-02  2.175541e+00  4.607019e-02  2.175541e+00  4.607019e-02  
   2.9780300  2.225679e+00  5.705510e-02  2.225679e+00  5.705510e-02  2.225679e+00  5.705510e-02  
   2.9990301  2.279070e+00  7.120319e-02  2.279070e+00  7.120319e-02  2.279070e+00  7.120319e-02  
   3.0200300  2.335653e+00  8.921895e-02  2.335653e+00  8.921895e-02  2.335653e+00  8.921895e-02  
   3.0410299  2.395225e+00  1.118699e-01  2.395225e+00  1.118699e-01  2.395225e+00  1.118699e-01  
   3.0610299  2.454406e+00  1.384859e-01  2.454406e+00  1.384859e-01  2.454406e+00  1.384859e-01  
   3.0820301  2.518577e+00  1.724983e-01  2.518577e+00  1.724983e-01  2.518577e+00  1.724983e-01  
   3.1030300  2.584079e+00  2.134641e-01  2.584079e+00  2.134641e-01  2.584079e+00  2.134641e-01  
   3.1240301  2.649948e+00  2.620351e-01  2.649948e+00  2.620351e-01  2.649948e+00  2.620351e-01  
   3.1450300  2.715017e+00  3.186986e-01  2.715017e+00  3.186986e-01  2.715017e+00  3.186986e-01  
   3.1660299  2.777965e+00  3.837236e-01  2.777965e+00  3.837236e-01  2.777965e+00  3.837236e-01  
   3.1860299  2.834629e+00  4.534267e-01  2.834629e+00  4.534267e-01  2.834629e+00  4.534267e-01  
   3.2070301  2.889251e+00  5.344864e-01  2.889251e+00  5.344864e-01  2.889251e+00  5.344864e-01  
   3.2280300  2.937453e+00  6.229888e-01  2.937453e+00  6.229888e-01  2.937453e+00  6.229888e-01  
   3.2490301  2.977901e+00  7.179849e-01  2.977901e+00  7.179849e-01  2.977901e+00  7.179849e-01  
   3.2700300  3.009464e+00  8.182252e-01  3.009464e+00  8.182252e-01  3.009464e+00  8.182252e-01  
   3.2910299  3.031290e+00  9.222180e-01  3.031290e+00  9.222180e-01  3.031290e+00  9.222180e-01  
   3.3110299  3.042546e+00  1.023227e+00  3.042546e+00  1.023227e+00  3.042546e+00  1.023227e+00  
   3.3320301  3.044213e+00  1.129680e+00  3.044213e+00  1.129680e+00  3.044213e+00  1.129680e+00  
   3.3536301  3.035309e+00  1.237800e+00  3.035309e+00  1.237800e+00  3.035309e+00  1.237800e+00  
   3.3736300  3.018009e+00  1.335143e+00  3.018009e+00  1.335143e+00  3.018009e+00  1.335143e+00  
   3.3946300  2.991343e+00  1.433093e+00  2.991343e+00  1.433093e+00  2.991343e+00  1.433093e+00  
   3.4156301  2.957098e+00  1.525515e+00  2.957098e+00  1.525515e+00  2.957098e+00  1.525515e+00  
   3.4366300  2.916593e+00  1.611514e+00  2.916593e+00  1.611514e+00  2.916593e+00  1.611514e+00  
   3.4576299  2.871244e+00  1.690515e+00  2.871244e+00  1.690515e+00  2.871244e+00  1.690515e+00  
   3.4776299  2.824856e+00  1.759000e+00  2.824856e+00  1.759000e+00  2.824856e+00  1.759000e+00  
   3.4986300  2.774106e+00  1.823822e+00  2.774106e+00  1.823822e+00  2.774106e+00  1.823822e+00  
   3.5196300  2.722512e+00  1.881626e+00  2.722512e+00  1.881626e+00  2.722512e+00  1.881626e+00  
   3.5406301  2.671198e+00  1.932848e+00  2.671198e+00  1.932848e+00  2.671198e+00  1.932848e+00  
   3.5616300  2.621118e+00  1.978060e+00  2.621118e+00  1.978060e+00  2.621118e+00  1.978060e+00  
   3.5826299  2.573063e+00  2.017930e+00  2.573063e+00  2.017930e+00  2.573063e+00  2.017930e+00  
   3.6026299  2.529747e+00  2.051586e+00  2.529747e+00  2.051586e+00  2.529747e+00  2.051586e+00  
   3.6236300  2.487299e+00  2.083091e+00  2.487299e+00  2.083091e+00  2.487299e+00  2.083091e+00  
   3.6446300  2.448292e+00  2.111376e+00  2.448292e+00  2.111376e+00  2.448292e+00  2.111376e+00  
   3.6656301  2.412958e+00  2.137126e+00  2.412958e+00  2.137126e+00  2.412958e+00  2.137126e+00  
   3.6866300  2.381427e+00  2.160993e+00  2.381427e+00  2.160993e+00  2.381427e+00  2.160993e+00  
   3.7076299  2.353755e+00  2.183584e+00  2.353755e+00  2.183584e+00  2.353755e+00  2.183584e+00  
   3.7276299  2.330981e+00  2.204433e+00  2.330981e+00  2.204433e+00  2.330981e+00  2.204433e+00  
   3.7486300  2.310782e+00  2.226137e+00  2.310782e+00  2.226137e+00  2.310782e+00  2.226137e+00  
   3.7702301  2.293898e+00  2.248784e+00  2.293898e+00  2.248784e+00  2.293898e+00  2.248784e+00  
   3.7902300  2.281695e+00  2.270513e+00  2.281695e+00  2.270513e+00  2.281695e+00  2.270513e+00  
   3.8112299  2.272341e+00  2.294604e+00  2.272341e+00  2.294604e+00  2.272341e+00  2.294604e+00  
   3.8322301  2.266440e+00  2.320528e+00  2.266440e+00  2.320528e+00  2.266440e+00  2.320528e+00  
   3.8532300  2.263886e+00  2.348879e+00  2.263886e+00  2.348879e+00  2.263886e+00  2.348879e+00  
   3.8742299  2.264563e+00  2.380323e+00  2.264563e+00  2.380323e+00  2.264563e+00  2.380323e+00  
   3.8942299  2.268056e+00  2.413845e+00  2.268056e+00  2.413845e+00  2.268056e+00  2.413845e+00  
   3.9152300  2.274475e+00  2.453624e+00  2.274475e+00  2.453624e+00  2.274475e+00  2.453624e+00  
   3.9362299  2.283344e+00  2.499038e+00  2.283344e+00  2.499038e+00  2.283344e+00  2.499038e+00  
   3.9572301  2.294118e+00  2.551124e+00  2.294118e+00  2.551124e+00  2.294118e+00  2.551124e+00  
   3.9782300  2.306020e+00  2.610950e+00  2.306020e+00  2.610950e+00  2.306020e+00  2.610950e+00  
   3.9992299  2.318016e+00  2.679564e+00  2.318016e+00  2.679564e+00  2.318016e+00  2.679564e+00  
   4.0192299  2.328312e+00  2.753958e+00  2.328312e+00  2.753958e+00  2.328312e+00  2.753958e+00  
   4.0402298  2.336379e+00  2.842319e+00  2.336379e+00  2.842319e+00  2.336379e+00  2.842319e+00  
   4.0612302  2.339746e+00  2.941688e+00  2.339746e+00  2.941688e+00  2.339746e+00  2.941688e+00  
   4.0822301  2.336250e+00  3.052220e+00  2.336250e+00  3.052220e+00  2.336250e+00  3.052220e+00  
   4.1032300  2.323527e+00  3.173629e+00  2.323527e+00  3.173629e+00  2.323527e+00  3.173629e+00  
   4.1242299  2.299114e+00  3.305120e+00  2.299114e+00  3.305120e+00  2.299114e+00  3.305120e+00  
   4.1442299  2.262735e+00  3.438479e+00  2.262735e+00  3.438479e+00  2.262735e+00  3.438479e+00  
   4.1652298  2.208503e+00  3.585189e+00  2.208503e+00  3.585189e+00  2.208503e+00  3.585189e+00  
   4.1868300  2.133418e+00  3.740639e+00  2.133418e+00  3.740639e+00  2.133418e+00  3.740639e+00  
   4.2068300  2.044851e+00  3.885850e+00  2.044851e+00  3.885850e+00  2.044851e+00  3.885850e+00  
   4.2278299  1.931002e+00  4.036270e+00  1.931002e+00  4.036270e+00  1.931002e+00  4.036270e+00  
   4.2488298  1.795265e+00  4.180842e+00  1.795265e+00  4.180842e+00  1.795265e+00  4.180842e+00  
   4.2698302  1.637831e+00  4.315564e+00  1.637831e+00  4.315564e+00  1.637831e+00  4.315564e+00  
   4.2908301  1.459709e+00  4.436404e+00  1.459709e+00  4.436404e+00  1.459709e+00  4.436404e+00  
   4.3108301  1.272509e+00  4.535060e+00  1.272509e+00  4.535060e+00  1.272509e+00  4.535060e+00  
   4.3318300  1.060040e+00  4.618020e+00  1.060040e+00  4.618020e+00  1.060040e+00  4.618020e+00  
   4.3528299  8.345989e-01  4.676936e+00  8.345989e-01  4.676936e+00  8.345989e-01  4.676936e+00  
   4.3738298  6.001896e-01  4.709563e+00  6.001896e-01  4.709563e+00  6.001896e-01  4.709563e+00  
   4.3948302  3.612814e-01  4.714508e+00  3.612814e-01  4.714508e+00  3.612814e-01  4.714508e+00  
   4.4158301  1.226308e-01  4.691345e+00  1.226308e-01  4.691345e+00  1.226308e-01  4.691345e+00  
   4.4358301  -1.000439e-01  4.643665e+00  -1.000439e-01  4.643665e+00  -1.000439e-01  4.643665e+00  
   4.4568300  -3.245962e-01  4.568167e+00  -3.245962e-01  4.568167e+00  -3.245962e-01  4.568167e+00  
   4.4778299  -5.355622e-01  4.468988e+00  -5.355622e-01  4.468988e+00  -5.355622e-01  4.468988e+00  
   4.4988298  -7.293958e-01  4.349301e+00  -7.293958e-01  4.349301e+00  -7.293958e-01  4.349301e+00  
   4.5198302  -9.033484e-01  4.212849e+00  -9.033484e-01  4.212849e+00  -9.033484e-01  4.212849e+00  
   4.5408301  -1.055566e+00  4.063744e+00  -1.055566e+00  4.063744e+00  -1.055566e+00  4.063744e+00  
   4.5608301  -1.179503e+00  3.913842e+00  -1.179503e+00  3.913842e+00  -1.179503e+00  3.913842e+00  
   4.5818300  -1.287562e+00  3.752122e+00  -1.287562e+00  3.752122e+00  -1.287562e+00  3.752122e+00  
   4.6034298  -1.376006e+00  3.585120e+00  -1.376006e+00  3.585120e+00  -1.376006e+00  3.585120e+00  
   4.6234298  -1.438835e+00  3.433032e+00  -1.438835e+00  3.433032e+00  -1.438835e+00  3.433032e+00  
   4.6444302  -1.487113e+00  3.278638e+00  -1.487113e+00  3.278638e+00  -1.487113e+00  3.278638e+00  
   4.6654301  -1.519674e+00  3.131735e+00  -1.519674e+00  3.131735e+00  -1.519674e+00  3.131735e+00  
   4.6864300  -1.539121e+00  2.993738e+00  -1.539121e+00  2.993738e+00  -1.539121e+00  2.993738e+00  
   4.7074299  -1.548031e+00  2.865434e+00  -1.548031e+00  2.865434e+00  -1.548031e+00  2.865434e+00  
   4.7274299  -1.548921e+00  2.752464e+00  -1.548921e+00  2.752464e+00  -1.548921e+00  2.752464e+00  
   4.7484298  -1.543919e+00  2.643334e+00  -1.543919e+00  2.643334e+00  -1.543919e+00  2.643334e+00  
   4.7694302  -1.534587e+00  2.543404e+00  -1.534587e+00  2.543404e+00  -1.534587e+00  2.543404e+00  
   4.7904301  -1.522335e+00  2.451946e+00  -1.522335e+00  2.451946e+00  -1.522335e+00  2.451946e+00  
   4.8114300  -1.508211e+00  2.368128e+00  -1.508211e+00  2.368128e+00  -1.508211e+00  2.368128e+00  
   4.8324299  -1.492943e+00  2.291113e+00  -1.492943e+00  2.291113e+00  -1.492943e+00  2.291113e+00  
   4.8524299  -1.477765e+00  2.223370e+00  -1.477765e+00  2.223370e+00  -1.477765e+00  2.223370e+00  
   4.8734298  -1.461413e+00  2.157456e+00  -1.461413e+00  2.157456e+00  -1.461413e+00  2.157456e+00  
   4.8944302  -1.444759e+00  2.096308e+00  -1.444759e+00  2.096308e+00  -1.444759e+00  2.096308e+00  
   4.9154301  -1.427841e+00  2.039448e+00  -1.427841e+00  2.039448e+00  -1.427841e+00  2.039448e+00  
   4.9364300  -1.410652e+00  1.986498e+00  -1.410652e+00  1.986498e+00  -1.410652e+00  1.986498e+00  
   4.9574299  -1.393168e+00  1.937165e+00  -1.393168e+00  1.937165e+00  -1.393168e+00  1.937165e+00  
   4.9774299  -1.376229e+00  1.893335e+00  -1.376229e+00  1.893335e+00  -1.376229e+00  1.893335e+00  
   4.9984298  -1.358139e+00  1.850450e+00  -1.358139e+00  1.850450e+00  -1.358139e+00  1.850450e+00  
