w Re-xx Im-xx Re-yy Im-yy Re-zz Im-zz
# Gaussian absolute broadening  0.15 [eV]
   0.0000000  7.696978e-01  8.883580e-05  7.696943e-01  8.883884e-05  7.246670e-01  7.874305e-05  
   0.0200000  7.697980e-01  9.507643e-05  7.697948e-01  9.508007e-05  7.247560e-01  8.427406e-05  
   0.0410000  7.699175e-01  1.021878e-04  7.699142e-01  1.021922e-04  7.248619e-01  9.057648e-05  
   0.0620000  7.700537e-01  1.099080e-04  7.700503e-01  1.099133e-04  7.249824e-01  9.741789e-05  
   0.0830000  7.702081e-01  1.182711e-04  7.702048e-01  1.182774e-04  7.251194e-01  1.048285e-04  
   0.1040000  7.703834e-01  1.273067e-04  7.703801e-01  1.273141e-04  7.252747e-01  1.128342e-04  
   0.1240000  7.705712e-01  1.365586e-04  7.705677e-01  1.365672e-04  7.254413e-01  1.210310e-04  
   0.1450000  7.707931e-01  1.469673e-04  7.707899e-01  1.469773e-04  7.256382e-01  1.302516e-04  
   0.1660000  7.710423e-01  1.580938e-04  7.710388e-01  1.581051e-04  7.258587e-01  1.401069e-04  
   0.1870000  7.713205e-01  1.699343e-04  7.713172e-01  1.699472e-04  7.261053e-01  1.505935e-04  
   0.2080000  7.716302e-01  1.824745e-04  7.716269e-01  1.824889e-04  7.263799e-01  1.616983e-04  
   0.2290000  7.719729e-01  1.956889e-04  7.719697e-01  1.957049e-04  7.266839e-01  1.733986e-04  
   0.2490000  7.723320e-01  2.088686e-04  7.723288e-01  2.088860e-04  7.270017e-01  1.850663e-04  
   0.2700000  7.727440e-01  2.232895e-04  7.727408e-01  2.233083e-04  7.273666e-01  1.978308e-04  
   0.2910000  7.731930e-01  2.382574e-04  7.731897e-01  2.382774e-04  7.277647e-01  2.110772e-04  
   0.3120000  7.736800e-01  2.537184e-04  7.736769e-01  2.537394e-04  7.281961e-01  2.247573e-04  
   0.3330000  7.742054e-01  2.696172e-04  7.742021e-01  2.696388e-04  7.286617e-01  2.388218e-04  
   0.3540000  7.747694e-01  2.858998e-04  7.747661e-01  2.859219e-04  7.291611e-01  2.532229e-04  
   0.3740000  7.753426e-01  3.017187e-04  7.753394e-01  3.017408e-04  7.296689e-01  2.672104e-04  
   0.3950000  7.759821e-01  3.186124e-04  7.759791e-01  3.186345e-04  7.302353e-01  2.821446e-04  
   0.4160000  7.766603e-01  3.357595e-04  7.766571e-01  3.357811e-04  7.308357e-01  2.972988e-04  
   0.4374300  7.773926e-01  3.534868e-04  7.773897e-01  3.535078e-04  7.314842e-01  3.129611e-04  
   0.4574300  7.781118e-01  3.702171e-04  7.781088e-01  3.702373e-04  7.321209e-01  3.277380e-04  
   0.4784300  7.789048e-01  3.879600e-04  7.789016e-01  3.879794e-04  7.328230e-01  3.434044e-04  
   0.4994300  7.797360e-01  4.058714e-04  7.797329e-01  4.058898e-04  7.335587e-01  3.592141e-04  
   0.5204300  7.806055e-01  4.239439e-04  7.806026e-01  4.239613e-04  7.343282e-01  3.751605e-04  
   0.5414300  7.815138e-01  4.421741e-04  7.815108e-01  4.421906e-04  7.351321e-01  3.912403e-04  
   0.5614300  7.824150e-01  4.596829e-04  7.824121e-01  4.596987e-04  7.359295e-01  4.066776e-04  
   0.5824300  7.833996e-01  4.782226e-04  7.833969e-01  4.782378e-04  7.368003e-01  4.230177e-04  
   0.6034300  7.844230e-01  4.969253e-04  7.844201e-01  4.969400e-04  7.377057e-01  4.394944e-04  
   0.6244300  7.854864e-01  5.157958e-04  7.854837e-01  5.158103e-04  7.386462e-01  4.561118e-04  
   0.6454300  7.865897e-01  5.348405e-04  7.865871e-01  5.348550e-04  7.396217e-01  4.728751e-04  
   0.6664300  7.877333e-01  5.540648e-04  7.877306e-01  5.540792e-04  7.406329e-01  4.897885e-04  
   0.6864300  7.888598e-01  5.725469e-04  7.888573e-01  5.725615e-04  7.416288e-01  5.060413e-04  
   0.7074300  7.900831e-01  5.921422e-04  7.900805e-01  5.921572e-04  7.427096e-01  5.232647e-04  
   0.7284300  7.913473e-01  6.119380e-04  7.913449e-01  6.119537e-04  7.438268e-01  5.406556e-04  
   0.7494300  7.926539e-01  6.319421e-04  7.926513e-01  6.319585e-04  7.449812e-01  5.582204e-04  
   0.7704300  7.940021e-01  6.521624e-04  7.939997e-01  6.521797e-04  7.461721e-01  5.759649e-04  
   0.7914300  7.953932e-01  6.726070e-04  7.953910e-01  6.726254e-04  7.474006e-01  5.938965e-04  
   0.8114300  7.967580e-01  6.922940e-04  7.967557e-01  6.923135e-04  7.486054e-01  6.111539e-04  
   0.8324300  7.982333e-01  7.132010e-04  7.982311e-01  7.132220e-04  7.499080e-01  6.294703e-04  
   0.8540300  7.997976e-01  7.349671e-04  7.997954e-01  7.349895e-04  7.512884e-01  6.485277e-04  
   0.8740300  8.012877e-01  7.553658e-04  8.012857e-01  7.553900e-04  7.526031e-01  6.663768e-04  
   0.8950300  8.028966e-01  7.770481e-04  8.028945e-01  7.770741e-04  7.540224e-01  6.853375e-04  
   0.9160300  8.045510e-01  7.990097e-04  8.045489e-01  7.990380e-04  7.554815e-01  7.045305e-04  
   0.9370300  8.062521e-01  8.212622e-04  8.062502e-01  8.212929e-04  7.569812e-01  7.239648e-04  
   0.9580300  8.079998e-01  8.438161e-04  8.079981e-01  8.438492e-04  7.585218e-01  7.436494e-04  
   0.9780300  8.097093e-01  8.655873e-04  8.097075e-01  8.656228e-04  7.600281e-01  7.626381e-04  
   0.9990300  8.115511e-01  8.887629e-04  8.115494e-01  8.888012e-04  7.616509e-01  7.828385e-04  
   1.0200300  8.134421e-01  9.122746e-04  8.134404e-01  9.123156e-04  7.633159e-01  8.033174e-04  
   1.0410300  8.153830e-01  9.361343e-04  8.153814e-01  9.361783e-04  7.650250e-01  8.240845e-04  
   1.0620300  8.173745e-01  9.603541e-04  8.173731e-01  9.604010e-04  7.667780e-01  8.451503e-04  
   1.0830300  8.194175e-01  9.849474e-04  8.194163e-01  9.849973e-04  7.685754e-01  8.665245e-04  
   1.1030300  8.214112e-01  1.008728e-03  8.214099e-01  1.008780e-03  7.703294e-01  8.871775e-04  
   1.1240300  8.235565e-01  1.034087e-03  8.235552e-01  1.034142e-03  7.722160e-01  9.091845e-04  
   1.1450300  8.257554e-01  1.059860e-03  8.257544e-01  1.059916e-03  7.741490e-01  9.315328e-04  
   1.1660300  8.280091e-01  1.086059e-03  8.280082e-01  1.086118e-03  7.761294e-01  9.542326e-04  
   1.1870300  8.303180e-01  1.112700e-03  8.303171e-01  1.112761e-03  7.781577e-01  9.772971e-04  
   1.2080300  8.326831e-01  1.139798e-03  8.326824e-01  1.139862e-03  7.802351e-01  1.000738e-03  
   1.2280300  8.349887e-01  1.166047e-03  8.349882e-01  1.166111e-03  7.822589e-01  1.023424e-03  
   1.2490300  8.374666e-01  1.194086e-03  8.374662e-01  1.194153e-03  7.844332e-01  1.047638e-03  
   1.2706300  8.400776e-01  1.223458e-03  8.400773e-01  1.223526e-03  7.867233e-01  1.072980e-03  
   1.2906300  8.425516e-01  1.251150e-03  8.425514e-01  1.251220e-03  7.888929e-01  1.096851e-03  
   1.3116300  8.452100e-01  1.280760e-03  8.452098e-01  1.280831e-03  7.912228e-01  1.122353e-03  
   1.3326300  8.479307e-01  1.310936e-03  8.479305e-01  1.311008e-03  7.936064e-01  1.148319e-03  
   1.3536299  8.507151e-01  1.341699e-03  8.507153e-01  1.341773e-03  7.960452e-01  1.174764e-03  
   1.3746300  8.535649e-01  1.373072e-03  8.535653e-01  1.373149e-03  7.985399e-01  1.201709e-03  
   1.3946300  8.563412e-01  1.403540e-03  8.563417e-01  1.403619e-03  8.009692e-01  1.227851e-03  
   1.4156300  8.593225e-01  1.436173e-03  8.593233e-01  1.436253e-03  8.035767e-01  1.255824e-03  
   1.4366300  8.623734e-01  1.469485e-03  8.623740e-01  1.469568e-03  8.062435e-01  1.284350e-03  
   1.4576300  8.654950e-01  1.503506e-03  8.654958e-01  1.503591e-03  8.089714e-01  1.313453e-03  
   1.4786299  8.686892e-01  1.538260e-03  8.686903e-01  1.538347e-03  8.117610e-01  1.343153e-03  
   1.4996300  8.719574e-01  1.573776e-03  8.719586e-01  1.573866e-03  8.146140e-01  1.373472e-03  
   1.5196300  8.751395e-01  1.608336e-03  8.751410e-01  1.608427e-03  8.173906e-01  1.402943e-03  
   1.5406300  8.785563e-01  1.645425e-03  8.785578e-01  1.645518e-03  8.203704e-01  1.434539e-03  
   1.5616300  8.820521e-01  1.683366e-03  8.820538e-01  1.683461e-03  8.234172e-01  1.466824e-03  
   1.5826300  8.856283e-01  1.722194e-03  8.856301e-01  1.722290e-03  8.265324e-01  1.499826e-03  
   1.6036299  8.892868e-01  1.761942e-03  8.892889e-01  1.762040e-03  8.297177e-01  1.533572e-03  
   1.6246300  8.930299e-01  1.802650e-03  8.930322e-01  1.802750e-03  8.329746e-01  1.568093e-03  
   1.6446300  8.966745e-01  1.842346e-03  8.966767e-01  1.842448e-03  8.361441e-01  1.601717e-03  
   1.6656300  9.005876e-01  1.885043e-03  9.005902e-01  1.885146e-03  8.395451e-01  1.637840e-03  
   1.6872300  9.047071e-01  1.930093e-03  9.047099e-01  1.930198e-03  8.431235e-01  1.675907e-03  
   1.7072300  9.086094e-01  1.972874e-03  9.086125e-01  1.972982e-03  8.465106e-01  1.712014e-03  
   1.7282300  9.127995e-01  2.018954e-03  9.128030e-01  2.019064e-03  8.501458e-01  1.750856e-03  
   1.7492300  9.170879e-01  2.066275e-03  9.170913e-01  2.066388e-03  8.538634e-01  1.790695e-03  
   1.7702301  9.214763e-01  2.114903e-03  9.214803e-01  2.115018e-03  8.576656e-01  1.831579e-03  
   1.7912300  9.259686e-01  2.164901e-03  9.259726e-01  2.165020e-03  8.615545e-01  1.873562e-03  
   1.8112299  9.303458e-01  2.213866e-03  9.303502e-01  2.213988e-03  8.653415e-01  1.914620e-03  
   1.8322300  9.350486e-01  2.266773e-03  9.350529e-01  2.266900e-03  8.694074e-01  1.958926e-03  
   1.8532300  9.398636e-01  2.321303e-03  9.398683e-01  2.321434e-03  8.735671e-01  2.004523e-03  
   1.8742300  9.447945e-01  2.377564e-03  9.447998e-01  2.377700e-03  8.778239e-01  2.051495e-03  
   1.8952301  9.498456e-01  2.435679e-03  9.498509e-01  2.435821e-03  8.821806e-01  2.099937e-03  
   1.9162300  9.550188e-01  2.495787e-03  9.550247e-01  2.495934e-03  8.866392e-01  2.149956e-03  
   1.9362299  9.600627e-01  2.555033e-03  9.600689e-01  2.555186e-03  8.909835e-01  2.199175e-03  
   1.9572300  9.654866e-01  2.619521e-03  9.654931e-01  2.619682e-03  8.956505e-01  2.252658e-03  
   1.9782300  9.710448e-01  2.686554e-03  9.710513e-01  2.686721e-03  9.004295e-01  2.308162e-03  
   1.9992300  9.767410e-01  2.756371e-03  9.767478e-01  2.756547e-03  9.053230e-01  2.365892e-03  
   2.0202301  9.825807e-01  2.829246e-03  9.825882e-01  2.829429e-03  9.103357e-01  2.426097e-03  
   2.0412300  9.885678e-01  2.905476e-03  9.885756e-01  2.905670e-03  9.154697e-01  2.489069e-03  
   2.0612299  9.944118e-01  2.981501e-03  9.944198e-01  2.981704e-03  9.204769e-01  2.551931e-03  
   2.0822301  1.000701e+00  3.065264e-03  1.000709e+00  3.065479e-03  9.258611e-01  2.621358e-03  
   2.1038301  1.007340e+00  3.156020e-03  1.007349e+00  3.156247e-03  9.315400e-01  2.696910e-03  
   2.1238301  1.013647e+00  3.244578e-03  1.013656e+00  3.244816e-03  9.369294e-01  2.771101e-03  
   2.1448300  1.020439e+00  3.342630e-03  1.020449e+00  3.342882e-03  9.427283e-01  2.853961e-03  
   2.1658299  1.027411e+00  3.446263e-03  1.027422e+00  3.446527e-03  9.486758e-01  2.942534e-03  
   2.1868300  1.034572e+00  3.555865e-03  1.034583e+00  3.556145e-03  9.547774e-01  3.037523e-03  
   2.2078300  1.041927e+00  3.671803e-03  1.041939e+00  3.672097e-03  9.610379e-01  3.139653e-03  
   2.2278299  1.049120e+00  3.788433e-03  1.049132e+00  3.788739e-03  9.671539e-01  3.244245e-03  
   2.2488301  1.056878e+00  3.917727e-03  1.056890e+00  3.918048e-03  9.737416e-01  3.362481e-03  
   2.2698300  1.064853e+00  4.054317e-03  1.064865e+00  4.054653e-03  9.805055e-01  3.490047e-03  
   2.2908299  1.073055e+00  4.198497e-03  1.073069e+00  4.198845e-03  9.874527e-01  3.627643e-03  
   2.3118300  1.081494e+00  4.350551e-03  1.081508e+00  4.350910e-03  9.945892e-01  3.775907e-03  
   2.3328300  1.090181e+00  4.510771e-03  1.090196e+00  4.511145e-03  1.001922e+00  3.935409e-03  
   2.3528299  1.098693e+00  4.671260e-03  1.098709e+00  4.671643e-03  1.009095e+00  4.098229e-03  
   2.3738301  1.107894e+00  4.848434e-03  1.107911e+00  4.848831e-03  1.016834e+00  4.281062e-03  
   2.3948300  1.117376e+00  5.034942e-03  1.117394e+00  5.035348e-03  1.024791e+00  4.476420e-03  
   2.4158299  1.127155e+00  5.231361e-03  1.127173e+00  5.231779e-03  1.032978e+00  4.684626e-03  
   2.4368300  1.137245e+00  5.438420e-03  1.137264e+00  5.438851e-03  1.041403e+00  4.905973e-03  
   2.4578300  1.147662e+00  5.657019e-03  1.147681e+00  5.657464e-03  1.050079e+00  5.140746e-03  
   2.4778299  1.157902e+00  5.876959e-03  1.157923e+00  5.877423e-03  1.058584e+00  5.377114e-03  
   2.4988301  1.169010e+00  6.121557e-03  1.169031e+00  6.122043e-03  1.067781e+00  5.639081e-03  
   2.5204301  1.180836e+00  6.389475e-03  1.180858e+00  6.389994e-03  1.077541e+00  5.923779e-03  
   2.5404301  1.192169e+00  6.654229e-03  1.192194e+00  6.654777e-03  1.086865e+00  6.201793e-03  
   2.5614300  1.204492e+00  6.951871e-03  1.204517e+00  6.952464e-03  1.096967e+00  6.509495e-03  
   2.5824299  1.217273e+00  7.272633e-03  1.217299e+00  7.273275e-03  1.107408e+00  6.834577e-03  
   2.6034300  1.230545e+00  7.620231e-03  1.230572e+00  7.620933e-03  1.118208e+00  7.178722e-03  
   2.6244299  1.244340e+00  7.999272e-03  1.244368e+00  8.000048e-03  1.129389e+00  7.544175e-03  
   2.6444299  1.257999e+00  8.394806e-03  1.258029e+00  8.395667e-03  1.140417e+00  7.914814e-03  
   2.6654301  1.272928e+00  8.853477e-03  1.272960e+00  8.854438e-03  1.152419e+00  8.331561e-03  
   2.6864300  1.288505e+00  9.365898e-03  1.288538e+00  9.366981e-03  1.164885e+00  8.781783e-03  
   2.7074299  1.304782e+00  9.944449e-03  1.304817e+00  9.945676e-03  1.177849e+00  9.272461e-03  
   2.7284300  1.321818e+00  1.060544e-02  1.321855e+00  1.060683e-02  1.191348e+00  9.812717e-03  
   2.7494299  1.339679e+00  1.137044e-02  1.339718e+00  1.137204e-02  1.205423e+00  1.041435e-02  
   2.7694299  1.357523e+00  1.222187e-02  1.357564e+00  1.222369e-02  1.219404e+00  1.105827e-02  
   2.7904301  1.377216e+00  1.328113e-02  1.377259e+00  1.328324e-02  1.234739e+00  1.182739e-02  
   2.8114300  1.397977e+00  1.455857e-02  1.398022e+00  1.456103e-02  1.250794e+00  1.271572e-02  
   2.8324299  1.419906e+00  1.611914e-02  1.419954e+00  1.612205e-02  1.267632e+00  1.375382e-02  
   2.8534300  1.443112e+00  1.804726e-02  1.443164e+00  1.805074e-02  1.285313e+00  1.497983e-02  
   2.8744299  1.467709e+00  2.045121e-02  1.467764e+00  2.045539e-02  1.303909e+00  1.644101e-02  
   2.8944299  1.492536e+00  2.330821e-02  1.492594e+00  2.331325e-02  1.322534e+00  1.810450e-02  
   2.9154301  1.520187e+00  2.706738e-02  1.520249e+00  2.707356e-02  1.343128e+00  2.020508e-02  
   2.9370301  1.550433e+00  3.196122e-02  1.550499e+00  3.196890e-02  1.365503e+00  2.283395e-02  
   2.9570301  1.580158e+00  3.765520e-02  1.580227e+00  3.766460e-02  1.387376e+00  2.579008e-02  
   2.9780300  1.613214e+00  4.512141e-02  1.613288e+00  4.513311e-02  1.411621e+00  2.955740e-02  
   2.9990301  1.648190e+00  5.444286e-02  1.648269e+00  5.445741e-02  1.437257e+00  3.415423e-02  
   3.0200300  1.685066e+00  6.599538e-02  1.685149e+00  6.601342e-02  1.464357e+00  3.976158e-02  
   3.0410299  1.723756e+00  8.018743e-02  1.723842e+00  8.020972e-02  1.492986e+00  4.659311e-02  
   3.0610299  1.762141e+00  9.654942e-02  1.762229e+00  9.657655e-02  1.521711e+00  5.446470e-02  
   3.0820301  1.803816e+00  1.171321e-01  1.803907e+00  1.171651e-01  1.553422e+00  6.443675e-02  
   3.1030300  1.846553e+00  1.416060e-01  1.846644e+00  1.416459e-01  1.586692e+00  7.647148e-02  
   3.1240301  1.889906e+00  1.703425e-01  1.889998e+00  1.703902e-01  1.621449e+00  9.091993e-02  
   3.1450300  1.933331e+00  2.036403e-01  1.933420e+00  2.036967e-01  1.657546e+00  1.081561e-01  
   3.1660299  1.976199e+00  2.417022e-01  1.976286e+00  2.417680e-01  1.694766e+00  1.285654e-01  
   3.1860299  2.015877e+00  2.824549e-01  2.015959e+00  2.825304e-01  1.730973e+00  1.512997e-01  
   3.2070301  2.055631e+00  3.299179e-01  2.055706e+00  3.300039e-01  1.769400e+00  1.789690e-01  
   3.2280300  2.092705e+00  3.819595e-01  2.092774e+00  3.820561e-01  1.807754e+00  2.108193e-01  
   3.2490301  2.126397e+00  4.382167e-01  2.126457e+00  4.383240e-01  1.845443e+00  2.470630e-01  
   3.2700300  2.156070e+00  4.981775e-01  2.156121e+00  4.982951e-01  1.881796e+00  2.877973e-01  
   3.2910299  2.181188e+00  5.612048e-01  2.181230e+00  5.613320e-01  1.916090e+00  3.329796e-01  
   3.3110299  2.200509e+00  6.234105e-01  2.200542e+00  6.235456e-01  1.946155e+00  3.799610e-01  
   3.3320301  2.215722e+00  6.902521e-01  2.215746e+00  6.903945e-01  1.974297e+00  4.330812e-01  
   3.3536301  2.225858e+00  7.597910e-01  2.225875e+00  7.599394e-01  1.998892e+00  4.912036e-01  
   3.3736300  2.230326e+00  8.241513e-01  2.230337e+00  8.243036e-01  2.017200e+00  5.475127e-01  
   3.3946300  2.230145e+00  8.909968e-01  2.230150e+00  8.911514e-01  2.031401e+00  6.084073e-01  
   3.4156301  2.225315e+00  9.564720e-01  2.225316e+00  9.566274e-01  2.040225e+00  6.702048e-01  
   3.4366300  2.216284e+00  1.020065e+00  2.216281e+00  1.020219e+00  2.043640e+00  7.319369e-01  
   3.4576299  2.203563e+00  1.081400e+00  2.203557e+00  1.081551e+00  2.041827e+00  7.926528e-01  
   3.4776299  2.188512e+00  1.137493e+00  2.188504e+00  1.137641e+00  2.035592e+00  8.487287e-01  
   3.4986300  2.170137e+00  1.193840e+00  2.170127e+00  1.193983e+00  2.024851e+00  9.050473e-01  
   3.5196300  2.149626e+00  1.247564e+00  2.149614e+00  1.247700e+00  2.010508e+00  9.581664e-01  
   3.5406301  2.127426e+00  1.298736e+00  2.127410e+00  1.298865e+00  1.993361e+00  1.007704e+00  
   3.5616300  2.103921e+00  1.347481e+00  2.103902e+00  1.347603e+00  1.974242e+00  1.053491e+00  
   3.5826299  2.079427e+00  1.393951e+00  2.079401e+00  1.394065e+00  1.953962e+00  1.095573e+00  
   3.6026299  2.055405e+00  1.436230e+00  2.055372e+00  1.436338e+00  1.934241e+00  1.132425e+00  
   3.6236300  2.029646e+00  1.478672e+00  2.029605e+00  1.478773e+00  1.913693e+00  1.168102e+00  
   3.6446300  2.003500e+00  1.519208e+00  2.003450e+00  1.519305e+00  1.893767e+00  1.201173e+00  
   3.6656301  1.977112e+00  1.557897e+00  1.977052e+00  1.557990e+00  1.874757e+00  1.232181e+00  
   3.6866300  1.950636e+00  1.594759e+00  1.950567e+00  1.594849e+00  1.856799e+00  1.261666e+00  
   3.7076299  1.924247e+00  1.629791e+00  1.924168e+00  1.629880e+00  1.839882e+00  1.290114e+00  
   3.7276299  1.899386e+00  1.661442e+00  1.899299e+00  1.661532e+00  1.824631e+00  1.316605e+00  
   3.7486300  1.873808e+00  1.692878e+00  1.873713e+00  1.692971e+00  1.809351e+00  1.344058e+00  
   3.7702301  1.848368e+00  1.723330e+00  1.848268e+00  1.723428e+00  1.794217e+00  1.372071e+00  
   3.7902300  1.825909e+00  1.749914e+00  1.825806e+00  1.750017e+00  1.780579e+00  1.397850e+00  
   3.8112299  1.803814e+00  1.776328e+00  1.803712e+00  1.776440e+00  1.766562e+00  1.424713e+00  
   3.8322301  1.783604e+00  1.801479e+00  1.783504e+00  1.801601e+00  1.752869e+00  1.451273e+00  
   3.8532300  1.765636e+00  1.825751e+00  1.765540e+00  1.825885e+00  1.739627e+00  1.477427e+00  
   3.8742299  1.750226e+00  1.849654e+00  1.750138e+00  1.849801e+00  1.727076e+00  1.503111e+00  
   3.8942299  1.738153e+00  1.872643e+00  1.738074e+00  1.872804e+00  1.716075e+00  1.527148e+00  
   3.9152300  1.728348e+00  1.897722e+00  1.728280e+00  1.897898e+00  1.705906e+00  1.552060e+00  
   3.9362299  1.721500e+00  1.924576e+00  1.721445e+00  1.924770e+00  1.697572e+00  1.576903e+00  
   3.9572301  1.717463e+00  1.954101e+00  1.717421e+00  1.954312e+00  1.691476e+00  1.602096e+00  
   3.9782300  1.715905e+00  1.987218e+00  1.715877e+00  1.987448e+00  1.687945e+00  1.628211e+00  
   3.9992299  1.716291e+00  2.024839e+00  1.716276e+00  2.025088e+00  1.687188e+00  1.655964e+00  
   4.0192299  1.717785e+00  2.065638e+00  1.717779e+00  2.065906e+00  1.689084e+00  1.684678e+00  
   4.0402298  1.719620e+00  2.114402e+00  1.719623e+00  2.114690e+00  1.693669e+00  1.718099e+00  
   4.0612302  1.720605e+00  2.169808e+00  1.720613e+00  2.170115e+00  1.700528e+00  1.755805e+00  
   4.0822301  1.719438e+00  2.232213e+00  1.719448e+00  2.232540e+00  1.709020e+00  1.798725e+00  
   4.1032300  1.714691e+00  2.301723e+00  1.714700e+00  2.302071e+00  1.718249e+00  1.847718e+00  
   4.1242299  1.704876e+00  2.378162e+00  1.704880e+00  2.378528e+00  1.727065e+00  1.903506e+00  
   4.1442299  1.689442e+00  2.456963e+00  1.689438e+00  2.457347e+00  1.733817e+00  1.963435e+00  
   4.1652298  1.665463e+00  2.545264e+00  1.665449e+00  2.545663e+00  1.737673e+00  2.033760e+00  
   4.1868300  1.631122e+00  2.640939e+00  1.631094e+00  2.641352e+00  1.736411e+00  2.113963e+00  
   4.2068300  1.589500e+00  2.732691e+00  1.589458e+00  2.733116e+00  1.728843e+00  2.194977e+00  
   4.2278299  1.534739e+00  2.830841e+00  1.534680e+00  2.831275e+00  1.712545e+00  2.286281e+00  
   4.2488298  1.468000e+00  2.929205e+00  1.467925e+00  2.929648e+00  1.686026e+00  2.382832e+00  
   4.2698302  1.388906e+00  3.026021e+00  1.388813e+00  3.026470e+00  1.647776e+00  2.483096e+00  
   4.2908301  1.297375e+00  3.119457e+00  1.297264e+00  3.119914e+00  1.596565e+00  2.585169e+00  
   4.3108301  1.198826e+00  3.203645e+00  1.198697e+00  3.204104e+00  1.534948e+00  2.682076e+00  
   4.3318300  1.083866e+00  3.285282e+00  1.083717e+00  3.285747e+00  1.456345e+00  2.781208e+00  
   4.3528299  9.578693e-01  3.358312e+00  9.576979e-01  3.358782e+00  1.363553e+00  2.875193e+00  
   4.3738298  8.218120e-01  3.421133e+00  8.216175e-01  3.421607e+00  1.257147e+00  2.961536e+00  
   4.3948302  6.768894e-01  3.472263e+00  6.766695e-01  3.472742e+00  1.138229e+00  3.037863e+00  
   4.4158301  5.245077e-01  3.510380e+00  5.242596e-01  3.510864e+00  1.008406e+00  3.102040e+00  
   4.4358301  3.738908e-01  3.533534e+00  3.736134e-01  3.534021e+00  8.764843e-01  3.150236e+00  
   4.4568300  2.116568e-01  3.543130e+00  2.113458e-01  3.543621e+00  7.315566e-01  3.185985e+00  
   4.4778299  4.709983e-02  3.536950e+00  4.675300e-02  3.537439e+00  5.826334e-01  3.205689e+00  
   4.4988298  -1.177604e-01  3.514545e+00  -1.181447e-01  3.515029e+00  4.324369e-01  3.209049e+00  
   4.5198302  -2.808115e-01  3.475770e+00  -2.812346e-01  3.476245e+00  2.836677e-01  3.196308e+00  
   4.5408301  -4.398740e-01  3.420825e+00  -4.403363e-01  3.421283e+00  1.388899e-01  3.168220e+00  
   4.5608301  -5.856673e-01  3.353974e+00  -5.861663e-01  3.354410e+00  6.820762e-03  3.128295e+00  
   4.5818300  -7.307357e-01  3.269436e+00  -7.312722e-01  3.269844e+00  -1.238598e-01  3.074029e+00  
   4.6034298  -8.693288e-01  3.168530e+00  -8.699014e-01  3.168900e+00  -2.481167e-01  3.006901e+00  
   4.6234298  -9.863964e-01  3.064070e+00  -9.869998e-01  3.064398e+00  -3.529261e-01  2.936359e+00  
   4.6444302  -1.096233e+00  2.944927e+00  -1.096867e+00  2.945207e+00  -4.516974e-01  2.855572e+00  
   4.6654301  -1.191572e+00  2.818341e+00  -1.192231e+00  2.818568e+00  -5.386222e-01  2.769859e+00  
   4.6864300  -1.271725e+00  2.686758e+00  -1.272407e+00  2.686928e+00  -6.137652e-01  2.681099e+00  
   4.7074299  -1.336463e+00  2.552696e+00  -1.337165e+00  2.552806e+00  -6.774905e-01  2.591004e+00  
   4.7274299  -1.383995e+00  2.424972e+00  -1.384713e+00  2.425025e+00  -7.281119e-01  2.505344e+00  
   4.7484298  -1.419706e+00  2.293044e+00  -1.420439e+00  2.293036e+00  -7.714254e-01  2.416798e+00  
   4.7694302  -1.441895e+00  2.165386e+00  -1.442640e+00  2.165321e+00  -8.055210e-01  2.330740e+00  
   4.7904301  -1.451897e+00  2.043754e+00  -1.452652e+00  2.043632e+00  -8.313281e-01  2.248034e+00  
   4.8114300  -1.451262e+00  1.929517e+00  -1.452025e+00  1.929341e+00  -8.497967e-01  2.169331e+00  
   4.8324299  -1.441655e+00  1.823654e+00  -1.442424e+00  1.823429e+00  -8.618605e-01  2.095104e+00  
   4.8524299  -1.425708e+00  1.731167e+00  -1.426480e+00  1.730896e+00  -8.682150e-01  2.028852e+00  
   4.8734298  -1.403391e+00  1.643045e+00  -1.404167e+00  1.642731e+00  -8.703041e-01  1.964110e+00  
   4.8944302  -1.376855e+00  1.564080e+00  -1.377632e+00  1.563726e+00  -8.684651e-01  1.904352e+00  
   4.9154301  -1.347453e+00  1.493981e+00  -1.348230e+00  1.493589e+00  -8.634058e-01  1.849525e+00  
   4.9364300  -1.316348e+00  1.432265e+00  -1.317124e+00  1.431838e+00  -8.557621e-01  1.799492e+00  
   4.9574299  -1.284508e+00  1.378323e+00  -1.285280e+00  1.377864e+00  -8.460957e-01  1.754051e+00  
   4.9774299  -1.254212e+00  1.333554e+00  -1.254979e+00  1.333066e+00  -8.354595e-01  1.714818e+00  
   4.9984298  -1.223011e+00  1.292792e+00  -1.223771e+00  1.292275e+00  -8.231962e-01  1.677603e+00  
