w Re-xx Im-xx Re-yy Im-yy Re-zz Im-zz
# Gaussian absolute broadening  0.15 [eV]
   0.0000000  7.681077e-01  8.825872e-05  7.681119e-01  8.826311e-05  7.250341e-01  7.887776e-05  
   0.0200000  7.682076e-01  9.445801e-05  7.682117e-01  9.446307e-05  7.251234e-01  8.441658e-05  
   0.0410000  7.683262e-01  1.015223e-04  7.683306e-01  1.015281e-04  7.252291e-01  9.072807e-05  
   0.0620000  7.684612e-01  1.091914e-04  7.684655e-01  1.091980e-04  7.253502e-01  9.757964e-05  
   0.0830000  7.686146e-01  1.174991e-04  7.686188e-01  1.175067e-04  7.254873e-01  1.050015e-04  
   0.1040000  7.687889e-01  1.264749e-04  7.687930e-01  1.264834e-04  7.256430e-01  1.130197e-04  
   0.1240000  7.689757e-01  1.356656e-04  7.689797e-01  1.356751e-04  7.258096e-01  1.212294e-04  
   0.1450000  7.691959e-01  1.460055e-04  7.692000e-01  1.460159e-04  7.260068e-01  1.304651e-04  
   0.1660000  7.694433e-01  1.570582e-04  7.694474e-01  1.570697e-04  7.262275e-01  1.403366e-04  
   0.1870000  7.697198e-01  1.688203e-04  7.697240e-01  1.688329e-04  7.264748e-01  1.508409e-04  
   0.2080000  7.700275e-01  1.812772e-04  7.700319e-01  1.812908e-04  7.267498e-01  1.619647e-04  
   0.2290000  7.703683e-01  1.944039e-04  7.703724e-01  1.944185e-04  7.270541e-01  1.736852e-04  
   0.2490000  7.707248e-01  2.074960e-04  7.707291e-01  2.075115e-04  7.273725e-01  1.853733e-04  
   0.2700000  7.711340e-01  2.218208e-04  7.711384e-01  2.218371e-04  7.277384e-01  1.981602e-04  
   0.2910000  7.715803e-01  2.366887e-04  7.715846e-01  2.367057e-04  7.281368e-01  2.114298e-04  
   0.3120000  7.720642e-01  2.520459e-04  7.720685e-01  2.520636e-04  7.285691e-01  2.251339e-04  
   0.3330000  7.725859e-01  2.678374e-04  7.725902e-01  2.678557e-04  7.290351e-01  2.392232e-04  
   0.3540000  7.731460e-01  2.840101e-04  7.731504e-01  2.840287e-04  7.295356e-01  2.536494e-04  
   0.3740000  7.737156e-01  2.997213e-04  7.737200e-01  2.997403e-04  7.300442e-01  2.676612e-04  
   0.3950000  7.743509e-01  3.164994e-04  7.743552e-01  3.165186e-04  7.306116e-01  2.826212e-04  
   0.4160000  7.750244e-01  3.335286e-04  7.750289e-01  3.335479e-04  7.312130e-01  2.978012e-04  
   0.4374300  7.757519e-01  3.511330e-04  7.757563e-01  3.511524e-04  7.318625e-01  3.134901e-04  
   0.4574300  7.764663e-01  3.677466e-04  7.764708e-01  3.677660e-04  7.325005e-01  3.282921e-04  
   0.4784300  7.772540e-01  3.853648e-04  7.772586e-01  3.853841e-04  7.332034e-01  3.439849e-04  
   0.4994300  7.780797e-01  4.031492e-04  7.780843e-01  4.031686e-04  7.339404e-01  3.598210e-04  
   0.5204300  7.789435e-01  4.210928e-04  7.789482e-01  4.211121e-04  7.347113e-01  3.757941e-04  
   0.5414300  7.798458e-01  4.391921e-04  7.798503e-01  4.392113e-04  7.355164e-01  3.919005e-04  
   0.5614300  7.807407e-01  4.565739e-04  7.807453e-01  4.565932e-04  7.363151e-01  4.073634e-04  
   0.5824300  7.817187e-01  4.749782e-04  7.817233e-01  4.749976e-04  7.371876e-01  4.237307e-04  
   0.6034300  7.827351e-01  4.935430e-04  7.827398e-01  4.935628e-04  7.380944e-01  4.402346e-04  
   0.6244300  7.837913e-01  5.122737e-04  7.837961e-01  5.122938e-04  7.390365e-01  4.568799e-04  
   0.6454300  7.848871e-01  5.311756e-04  7.848920e-01  5.311962e-04  7.400135e-01  4.736706e-04  
   0.6664300  7.860228e-01  5.502550e-04  7.860277e-01  5.502763e-04  7.410265e-01  4.906122e-04  
   0.6864300  7.871417e-01  5.685964e-04  7.871468e-01  5.686185e-04  7.420238e-01  5.068922e-04  
   0.7074300  7.883565e-01  5.880413e-04  7.883614e-01  5.880643e-04  7.431066e-01  5.241443e-04  
   0.7284300  7.896119e-01  6.076840e-04  7.896171e-01  6.077080e-04  7.442260e-01  5.415640e-04  
   0.7494300  7.909092e-01  6.275323e-04  7.909144e-01  6.275573e-04  7.453819e-01  5.591587e-04  
   0.7704300  7.922481e-01  6.475932e-04  7.922536e-01  6.476197e-04  7.465750e-01  5.769332e-04  
   0.7914300  7.936299e-01  6.678755e-04  7.936350e-01  6.679029e-04  7.478057e-01  5.948956e-04  
   0.8114300  7.949846e-01  6.874049e-04  7.949899e-01  6.874334e-04  7.490124e-01  6.121829e-04  
   0.8324300  7.964499e-01  7.081430e-04  7.964553e-01  7.081727e-04  7.503170e-01  6.305313e-04  
   0.8540300  7.980030e-01  7.297315e-04  7.980084e-01  7.297623e-04  7.516998e-01  6.496224e-04  
   0.8740300  7.994825e-01  7.499620e-04  7.994879e-01  7.499937e-04  7.530167e-01  6.675038e-04  
   0.8950300  8.010798e-01  7.714638e-04  8.010853e-01  7.714964e-04  7.544385e-01  6.864987e-04  
   0.9160300  8.027225e-01  7.932413e-04  8.027281e-01  7.932748e-04  7.559001e-01  7.057274e-04  
   0.9370300  8.044108e-01  8.153048e-04  8.044167e-01  8.153390e-04  7.574025e-01  7.251977e-04  
   0.9580300  8.061463e-01  8.376655e-04  8.061520e-01  8.377001e-04  7.589456e-01  7.449195e-04  
   0.9780300  8.078433e-01  8.592476e-04  8.078490e-01  8.592830e-04  7.604544e-01  7.639444e-04  
   0.9990300  8.096716e-01  8.822202e-04  8.096777e-01  8.822561e-04  7.620800e-01  7.841834e-04  
   1.0200300  8.115488e-01  9.055228e-04  8.115547e-01  9.055600e-04  7.637482e-01  8.047014e-04  
   1.0410300  8.134751e-01  9.291678e-04  8.134813e-01  9.292056e-04  7.654601e-01  8.255085e-04  
   1.0620300  8.154520e-01  9.531675e-04  8.154582e-01  9.532061e-04  7.672162e-01  8.466149e-04  
   1.0830300  8.174796e-01  9.775339e-04  8.174857e-01  9.775737e-04  7.690167e-01  8.680301e-04  
   1.1030300  8.194581e-01  1.001092e-03  8.194646e-01  1.001133e-03  7.707736e-01  8.887224e-04  
   1.1240300  8.215870e-01  1.026211e-03  8.215936e-01  1.026253e-03  7.726637e-01  9.107717e-04  
   1.1450300  8.237693e-01  1.051735e-03  8.237759e-01  1.051779e-03  7.745999e-01  9.331619e-04  
   1.1660300  8.260054e-01  1.077679e-03  8.260121e-01  1.077725e-03  7.765835e-01  9.559046e-04  
   1.1870300  8.282965e-01  1.104056e-03  8.283033e-01  1.104104e-03  7.786155e-01  9.790116e-04  
   1.2080300  8.306434e-01  1.130883e-03  8.306503e-01  1.130933e-03  7.806965e-01  1.002496e-03  
   1.2280300  8.329308e-01  1.156864e-03  8.329377e-01  1.156916e-03  7.827238e-01  1.025223e-03  
   1.2490300  8.353891e-01  1.184613e-03  8.353962e-01  1.184668e-03  7.849020e-01  1.049481e-03  
   1.2706300  8.379793e-01  1.213676e-03  8.379865e-01  1.213733e-03  7.871963e-01  1.074867e-03  
   1.2906300  8.404335e-01  1.241073e-03  8.404409e-01  1.241133e-03  7.893696e-01  1.098780e-03  
   1.3116300  8.430701e-01  1.270363e-03  8.430777e-01  1.270424e-03  7.917035e-01  1.124327e-03  
   1.3326300  8.457687e-01  1.300207e-03  8.457764e-01  1.300272e-03  7.940915e-01  1.150337e-03  
   1.3536299  8.485306e-01  1.330628e-03  8.485382e-01  1.330695e-03  7.965344e-01  1.176827e-03  
   1.3746300  8.513567e-01  1.361646e-03  8.513646e-01  1.361715e-03  7.990336e-01  1.203817e-03  
   1.3946300  8.541098e-01  1.391763e-03  8.541178e-01  1.391834e-03  8.014671e-01  1.230002e-03  
   1.4156300  8.570660e-01  1.424014e-03  8.570743e-01  1.424087e-03  8.040791e-01  1.258020e-03  
   1.4366300  8.600907e-01  1.456931e-03  8.600992e-01  1.457006e-03  8.067508e-01  1.286592e-03  
   1.4576300  8.631858e-01  1.490540e-03  8.631942e-01  1.490618e-03  8.094831e-01  1.315740e-03  
   1.4786299  8.663523e-01  1.524867e-03  8.663610e-01  1.524946e-03  8.122779e-01  1.345486e-03  
   1.4996300  8.695918e-01  1.559938e-03  8.696003e-01  1.560020e-03  8.151358e-01  1.375849e-03  
   1.5196300  8.727459e-01  1.594057e-03  8.727549e-01  1.594140e-03  8.179171e-01  1.405363e-03  
   1.5406300  8.761322e-01  1.630665e-03  8.761414e-01  1.630749e-03  8.209020e-01  1.437002e-03  
   1.5616300  8.795964e-01  1.668102e-03  8.796057e-01  1.668190e-03  8.239541e-01  1.469329e-03  
   1.5826300  8.831398e-01  1.706403e-03  8.831493e-01  1.706493e-03  8.270745e-01  1.502371e-03  
   1.6036299  8.867651e-01  1.745602e-03  8.867745e-01  1.745693e-03  8.302654e-01  1.536156e-03  
   1.6246300  8.904725e-01  1.785732e-03  8.904825e-01  1.785826e-03  8.335276e-01  1.570713e-03  
   1.6446300  8.940830e-01  1.824851e-03  8.940927e-01  1.824948e-03  8.367023e-01  1.604368e-03  
   1.6656300  8.979589e-01  1.866910e-03  8.979688e-01  1.867010e-03  8.401089e-01  1.640519e-03  
   1.6872300  9.020385e-01  1.911266e-03  9.020491e-01  1.911370e-03  8.436932e-01  1.678609e-03  
   1.7072300  9.059023e-01  1.953368e-03  9.059133e-01  1.953475e-03  8.470859e-01  1.714730e-03  
   1.7282300  9.100515e-01  1.998688e-03  9.100622e-01  1.998798e-03  8.507268e-01  1.753577e-03  
   1.7492300  9.142965e-01  2.045195e-03  9.143078e-01  2.045310e-03  8.544500e-01  1.793409e-03  
   1.7702301  9.186401e-01  2.092944e-03  9.186514e-01  2.093063e-03  8.582578e-01  1.834268e-03  
   1.7912300  9.230856e-01  2.141989e-03  9.230976e-01  2.142113e-03  8.621528e-01  1.876202e-03  
   1.8112299  9.274170e-01  2.189960e-03  9.274290e-01  2.190089e-03  8.659450e-01  1.917186e-03  
   1.8322300  9.320697e-01  2.241713e-03  9.320815e-01  2.241846e-03  8.700165e-01  1.961370e-03  
   1.8532300  9.368322e-01  2.294948e-03  9.368444e-01  2.295086e-03  8.741819e-01  2.006788e-03  
   1.8742300  9.417090e-01  2.349736e-03  9.417216e-01  2.349881e-03  8.784440e-01  2.053506e-03  
   1.8952301  9.467023e-01  2.406157e-03  9.467152e-01  2.406307e-03  8.828057e-01  2.101586e-03  
   1.9162300  9.518166e-01  2.464289e-03  9.518297e-01  2.464445e-03  8.872690e-01  2.151101e-03  
   1.9362299  9.568017e-01  2.521326e-03  9.568154e-01  2.521488e-03  8.916177e-01  2.199663e-03  
   1.9572300  9.621610e-01  2.583065e-03  9.621747e-01  2.583233e-03  8.962885e-01  2.252209e-03  
   1.9782300  9.676516e-01  2.646802e-03  9.676661e-01  2.646977e-03  9.010712e-01  2.306440e-03  
   1.9992300  9.732771e-01  2.712653e-03  9.732920e-01  2.712835e-03  9.059681e-01  2.362455e-03  
   2.0202301  9.790437e-01  2.780745e-03  9.790584e-01  2.780934e-03  9.109828e-01  2.420371e-03  
   2.0412300  9.849534e-01  2.851219e-03  9.849688e-01  2.851414e-03  9.161189e-01  2.480308e-03  
   2.0612299  9.907199e-01  2.920692e-03  9.907358e-01  2.920894e-03  9.211266e-01  2.539399e-03  
   2.0822301  9.969254e-01  2.996278e-03  9.969415e-01  2.996488e-03  9.265108e-01  2.603706e-03  
   2.1038301  1.003475e+00  3.077046e-03  1.003491e+00  3.077263e-03  9.321887e-01  2.672446e-03  
   2.1238301  1.009694e+00  3.154759e-03  1.009711e+00  3.154984e-03  9.375758e-01  2.738625e-03  
   2.1448300  1.016392e+00  3.239618e-03  1.016409e+00  3.239852e-03  9.433718e-01  2.810941e-03  
   2.1658299  1.023266e+00  3.328069e-03  1.023284e+00  3.328314e-03  9.493154e-01  2.886392e-03  
   2.1868300  1.030326e+00  3.420405e-03  1.030344e+00  3.420660e-03  9.554121e-01  2.965245e-03  
   2.2078300  1.037575e+00  3.516933e-03  1.037594e+00  3.517200e-03  9.616682e-01  3.047789e-03  
   2.2278299  1.044665e+00  3.613087e-03  1.044684e+00  3.613365e-03  9.677796e-01  3.130127e-03  
   2.2488301  1.052310e+00  3.718839e-03  1.052329e+00  3.719132e-03  9.743626e-01  3.220823e-03  
   2.2698300  1.060169e+00  3.829903e-03  1.060189e+00  3.830211e-03  9.811234e-01  3.316234e-03  
   2.2908299  1.068252e+00  3.946738e-03  1.068273e+00  3.947061e-03  9.880691e-01  3.416770e-03  
   2.3118300  1.076568e+00  4.069826e-03  1.076589e+00  4.070167e-03  9.952064e-01  3.522870e-03  
   2.3328300  1.085127e+00  4.199704e-03  1.085149e+00  4.200061e-03  1.002543e+00  3.635016e-03  
   2.3528299  1.093514e+00  4.330238e-03  1.093537e+00  4.330615e-03  1.009722e+00  3.747919e-03  
   2.3738301  1.102577e+00  4.475091e-03  1.102601e+00  4.475488e-03  1.017472e+00  3.873417e-03  
   2.3948300  1.111918e+00  4.628597e-03  1.111942e+00  4.629017e-03  1.025447e+00  4.006652e-03  
   2.4158299  1.121547e+00  4.791515e-03  1.121572e+00  4.791958e-03  1.033657e+00  4.148305e-03  
   2.4368300  1.131479e+00  4.964673e-03  1.131505e+00  4.965141e-03  1.042113e+00  4.299142e-03  
   2.4578300  1.141730e+00  5.148984e-03  1.141756e+00  5.149479e-03  1.050826e+00  4.460003e-03  
   2.4778299  1.151802e+00  5.335815e-03  1.151829e+00  5.336337e-03  1.059374e+00  4.623386e-03  
   2.4988301  1.162721e+00  5.544956e-03  1.162750e+00  5.545506e-03  1.068626e+00  4.806641e-03  
   2.5204301  1.174340e+00  5.775275e-03  1.174370e+00  5.775859e-03  1.078450e+00  5.008874e-03  
   2.5404301  1.185468e+00  6.003673e-03  1.185499e+00  6.004290e-03  1.087842e+00  5.209814e-03  
   2.5614300  1.197557e+00  6.260845e-03  1.197588e+00  6.261502e-03  1.098025e+00  5.436461e-03  
   2.5824299  1.210086e+00  6.537821e-03  1.210118e+00  6.538522e-03  1.108555e+00  5.680902e-03  
   2.6034300  1.223084e+00  6.837091e-03  1.223118e+00  6.837841e-03  1.119453e+00  5.945217e-03  
   2.6244299  1.236581e+00  7.161699e-03  1.236616e+00  7.162503e-03  1.130741e+00  6.231861e-03  
   2.6444299  1.249933e+00  7.497914e-03  1.249969e+00  7.498773e-03  1.141876e+00  6.528313e-03  
   2.6654301  1.264510e+00  7.884050e-03  1.264548e+00  7.884980e-03  1.153999e+00  6.867674e-03  
   2.6864300  1.279701e+00  8.310334e-03  1.279741e+00  8.311341e-03  1.166592e+00  7.240182e-03  
   2.7074299  1.295557e+00  8.785172e-03  1.295598e+00  8.786264e-03  1.179688e+00  7.651458e-03  
   2.7284300  1.312132e+00  9.319803e-03  1.312175e+00  9.321005e-03  1.193325e+00  8.108666e-03  
   2.7494299  1.329488e+00  9.929448e-03  1.329533e+00  9.930774e-03  1.207544e+00  8.621044e-03  
   2.7694299  1.346809e+00  1.059867e-02  1.346856e+00  1.060013e-02  1.221669e+00  9.171261e-03  
   2.7904301  1.365903e+00  1.142122e-02  1.365952e+00  1.142287e-02  1.237161e+00  9.829274e-03  
   2.8114300  1.386012e+00  1.240367e-02  1.386064e+00  1.240556e-02  1.253388e+00  1.058935e-02  
   2.8324299  1.407238e+00  1.359669e-02  1.407293e+00  1.359888e-02  1.270413e+00  1.147759e-02  
   2.8534300  1.429690e+00  1.506781e-02  1.429747e+00  1.507039e-02  1.288307e+00  1.252778e-02  
   2.8744299  1.453484e+00  1.690597e-02  1.453544e+00  1.690906e-02  1.307149e+00  1.378334e-02  
   2.8944299  1.477509e+00  1.910317e-02  1.477572e+00  1.910689e-02  1.326051e+00  1.522074e-02  
   2.9154301  1.504288e+00  2.201995e-02  1.504355e+00  2.202454e-02  1.346993e+00  1.705101e-02  
   2.9370301  1.533624e+00  2.586200e-02  1.533695e+00  2.586775e-02  1.369804e+00  1.936801e-02  
   2.9570301  1.562511e+00  3.039152e-02  1.562587e+00  3.039866e-02  1.392168e+00  2.200889e-02  
   2.9780300  1.594721e+00  3.641552e-02  1.594801e+00  3.642453e-02  1.417035e+00  2.542576e-02  
   2.9990301  1.628915e+00  4.405052e-02  1.629000e+00  4.406184e-02  1.443415e+00  2.966461e-02  
   3.0200300  1.665109e+00  5.365825e-02  1.665200e+00  5.367245e-02  1.471397e+00  3.492364e-02  
   3.0410299  1.703259e+00  6.564095e-02  1.703353e+00  6.565867e-02  1.501051e+00  4.143817e-02  
   3.0610299  1.741299e+00  7.965660e-02  1.741399e+00  7.967831e-02  1.530887e+00  4.906043e-02  
   3.0820301  1.782834e+00  9.753707e-02  1.782938e+00  9.756369e-02  1.563894e+00  5.885314e-02  
   3.1030300  1.825694e+00  1.190952e-01  1.825803e+00  1.191275e-01  1.598576e+00  7.082200e-02  
   3.1240301  1.869473e+00  1.447480e-01  1.869586e+00  1.447866e-01  1.634826e+00  8.534670e-02  
   3.1450300  1.913650e+00  1.748561e-01  1.913766e+00  1.749019e-01  1.672457e+00  1.028265e-01  
   3.1660299  1.957616e+00  2.096979e-01  1.957734e+00  2.097512e-01  1.711194e+00  1.236670e-01  
   3.1860299  1.998660e+00  2.474354e-01  1.998778e+00  2.474965e-01  1.748775e+00  1.469977e-01  
   3.2070301  2.040174e+00  2.918768e-01  2.040290e+00  2.919463e-01  1.788507e+00  1.754924e-01  
   3.2280300  2.079317e+00  3.411390e-01  2.079430e+00  3.412169e-01  1.827956e+00  2.083677e-01  
   3.2490301  2.115340e+00  3.949503e-01  2.115449e+00  3.950364e-01  1.866470e+00  2.458239e-01  
   3.2700300  2.147557e+00  4.528791e-01  2.147659e+00  4.529733e-01  1.903322e+00  2.879400e-01  
   3.2910299  2.175377e+00  5.143517e-01  2.175471e+00  5.144534e-01  1.937748e+00  3.346522e-01  
   3.3110299  2.197361e+00  5.755590e-01  2.197445e+00  5.756671e-01  1.967573e+00  3.832085e-01  
   3.3320301  2.215416e+00  6.418775e-01  2.215488e+00  6.419916e-01  1.995063e+00  4.380876e-01  
   3.3536301  2.228476e+00  7.114351e-01  2.228535e+00  7.115548e-01  2.018561e+00  4.981156e-01  
   3.3736300  2.235625e+00  7.762926e-01  2.235671e+00  7.764164e-01  2.035480e+00  5.562667e-01  
   3.3946300  2.238220e+00  8.441164e-01  2.238253e+00  8.442441e-01  2.047852e+00  6.191670e-01  
   3.4156301  2.236132e+00  9.109883e-01  2.236151e+00  9.111195e-01  2.054490e+00  6.830355e-01  
   3.4366300  2.229824e+00  9.763432e-01  2.229828e+00  9.764771e-01  2.055385e+00  7.468906e-01  
   3.4576299  2.219831e+00  1.039757e+00  2.219821e+00  1.039894e+00  2.050740e+00  8.097575e-01  
   3.4776299  2.207403e+00  1.098089e+00  2.207380e+00  1.098229e+00  2.041540e+00  8.678748e-01  
   3.4986300  2.191824e+00  1.157034e+00  2.191787e+00  1.157176e+00  2.027431e+00  9.262782e-01  
   3.5196300  2.174146e+00  1.213591e+00  2.174095e+00  1.213736e+00  2.009490e+00  9.813544e-01  
   3.5406301  2.154796e+00  1.267829e+00  2.154733e+00  1.267977e+00  1.988558e+00  1.032640e+00  
   3.5616300  2.134108e+00  1.319871e+00  2.134033e+00  1.320022e+00  1.965527e+00  1.079881e+00  
   3.5826299  2.112324e+00  1.369869e+00  2.112237e+00  1.370023e+00  1.941281e+00  1.123039e+00  
   3.6026299  2.090700e+00  1.415715e+00  2.090604e+00  1.415872e+00  1.917813e+00  1.160498e+00  
   3.6236300  2.067164e+00  1.462098e+00  2.067059e+00  1.462258e+00  1.893464e+00  1.196331e+00  
   3.6446300  2.042829e+00  1.506742e+00  2.042715e+00  1.506904e+00  1.869971e+00  1.229046e+00  
   3.6656301  2.017736e+00  1.549650e+00  2.017615e+00  1.549814e+00  1.847734e+00  1.259206e+00  
   3.6866300  1.991954e+00  1.590771e+00  1.991827e+00  1.590935e+00  1.826971e+00  1.287399e+00  
   3.7076299  1.965592e+00  1.630016e+00  1.965461e+00  1.630180e+00  1.807737e+00  1.314196e+00  
   3.7276299  1.940109e+00  1.665551e+00  1.939976e+00  1.665714e+00  1.790762e+00  1.338876e+00  
   3.7486300  1.913204e+00  1.700836e+00  1.913072e+00  1.700998e+00  1.774176e+00  1.364282e+00  
   3.7702301  1.885725e+00  1.734902e+00  1.885594e+00  1.735064e+00  1.758199e+00  1.390152e+00  
   3.7902300  1.860837e+00  1.764438e+00  1.860711e+00  1.764598e+00  1.744166e+00  1.413997e+00  
   3.8112299  1.835740e+00  1.793473e+00  1.835620e+00  1.793632e+00  1.730040e+00  1.438947e+00  
   3.8322301  1.812191e+00  1.820692e+00  1.812080e+00  1.820852e+00  1.716441e+00  1.463747e+00  
   3.8532300  1.790693e+00  1.846442e+00  1.790592e+00  1.846604e+00  1.703378e+00  1.488289e+00  
   3.8742299  1.771714e+00  1.871211e+00  1.771624e+00  1.871377e+00  1.690982e+00  1.512469e+00  
   3.8942299  1.756340e+00  1.894455e+00  1.756261e+00  1.894628e+00  1.680015e+00  1.535104e+00  
   3.9152300  1.743301e+00  1.919222e+00  1.743235e+00  1.919404e+00  1.669690e+00  1.558489e+00  
   3.9362299  1.733571e+00  1.945204e+00  1.733516e+00  1.945398e+00  1.660954e+00  1.581636e+00  
   3.9572301  1.727096e+00  1.973348e+00  1.727053e+00  1.973556e+00  1.654191e+00  1.604851e+00  
   3.9782300  1.723606e+00  2.004637e+00  1.723573e+00  2.004863e+00  1.649736e+00  1.628602e+00  
   3.9992299  1.722600e+00  2.040062e+00  1.722575e+00  2.040306e+00  1.647829e+00  1.653510e+00  
   4.0192299  1.723274e+00  2.078502e+00  1.723256e+00  2.078766e+00  1.648474e+00  1.679009e+00  
   4.0402298  1.724764e+00  2.124603e+00  1.724749e+00  2.124888e+00  1.651652e+00  1.708483e+00  
   4.0612302  1.725891e+00  2.177250e+00  1.725877e+00  2.177556e+00  1.657095e+00  1.741651e+00  
   4.0822301  1.725297e+00  2.236908e+00  1.725280e+00  2.237235e+00  1.664259e+00  1.779469e+00  
   4.1032300  1.721486e+00  2.303793e+00  1.721464e+00  2.304139e+00  1.672345e+00  1.822858e+00  
   4.1242299  1.712892e+00  2.377840e+00  1.712861e+00  2.378204e+00  1.680301e+00  1.872637e+00  
   4.1442299  1.698814e+00  2.454682e+00  1.698772e+00  2.455058e+00  1.686579e+00  1.926585e+00  
   4.1652298  1.676381e+00  2.541361e+00  1.676324e+00  2.541747e+00  1.690374e+00  1.990506e+00  
   4.1868300  1.643670e+00  2.635932e+00  1.643596e+00  2.636323e+00  1.689575e+00  2.064179e+00  
   4.2068300  1.603516e+00  2.727244e+00  1.603422e+00  2.727637e+00  1.682943e+00  2.139374e+00  
   4.2278299  1.550163e+00  2.825595e+00  1.550048e+00  2.825984e+00  1.668159e+00  2.224997e+00  
   4.2488298  1.484612e+00  2.924870e+00  1.484475e+00  2.925250e+00  1.643680e+00  2.316496e+00  
   4.2698302  1.406398e+00  3.023306e+00  1.406236e+00  3.023672e+00  1.607949e+00  2.412505e+00  
   4.2908301  1.315355e+00  3.119042e+00  1.315169e+00  3.119390e+00  1.559667e+00  2.511272e+00  
   4.3108301  1.216842e+00  3.205987e+00  1.216631e+00  3.206313e+00  1.501143e+00  2.606008e+00  
   4.3318300  1.101406e+00  3.291020e+00  1.101171e+00  3.291320e+00  1.426018e+00  2.703947e+00  
   4.3528299  9.743682e-01  3.367832e+00  9.741078e-01  3.368104e+00  1.336846e+00  2.797876e+00  
   4.3738298  8.366847e-01  3.434668e+00  8.364005e-01  3.434910e+00  1.234119e+00  2.885269e+00  
   4.3948302  6.895574e-01  3.489882e+00  6.892515e-01  3.490091e+00  1.118865e+00  2.963679e+00  
   4.4158301  5.344284e-01  3.531974e+00  5.341026e-01  3.532151e+00  9.926370e-01  3.030865e+00  
   4.4358301  3.807496e-01  3.558656e+00  3.804074e-01  3.558800e+00  8.640386e-01  3.082669e+00  
   4.4568300  2.149190e-01  3.571533e+00  2.145628e-01  3.571644e+00  7.224715e-01  3.122836e+00  
   4.4778299  4.648602e-02  3.568060e+00  4.611984e-02  3.568139e+00  5.767580e-01  3.147450e+00  
   4.4988298  -1.224013e-01  3.547674e+00  -1.227732e-01  3.547724e+00  4.296063e-01  3.156054e+00  
   4.5198302  -2.894926e-01  3.510151e+00  -2.898653e-01  3.510173e+00  2.836968e-01  3.148742e+00  
   4.5408301  -4.524679e-01  3.455643e+00  -4.528366e-01  3.455639e+00  1.415659e-01  3.126129e+00  
   4.5608301  -6.017464e-01  3.388448e+00  -6.021069e-01  3.388422e+00  1.178512e-02  3.091350e+00  
   4.5818300  -7.501057e-01  3.302778e+00  -7.504531e-01  3.302731e+00  -1.167836e-01  3.042316e+00  
   4.6034298  -8.915854e-01  3.199955e+00  -8.919153e-01  3.199892e+00  -2.392368e-01  2.980294e+00  
   4.6234298  -1.010805e+00  3.093130e+00  -1.011116e+00  3.093053e+00  -3.427638e-01  2.914163e+00  
   4.6444302  -1.122321e+00  2.971011e+00  -1.122610e+00  2.970923e+00  -4.406428e-01  2.837624e+00  
   4.6654301  -1.218728e+00  2.841079e+00  -1.218994e+00  2.840985e+00  -5.271845e-01  2.755727e+00  
   4.6864300  -1.299359e+00  2.705922e+00  -1.299600e+00  2.705823e+00  -6.024845e-01  2.670322e+00  
   4.7074299  -1.364027e+00  2.568196e+00  -1.364246e+00  2.568096e+00  -6.669192e-01  2.583107e+00  
   4.7274299  -1.411046e+00  2.437017e+00  -1.411245e+00  2.436918e+00  -7.187231e-01  2.499745e+00  
   4.7484298  -1.445829e+00  2.301599e+00  -1.446009e+00  2.301503e+00  -7.637857e-01  2.413152e+00  
   4.7694302  -1.466781e+00  2.170679e+00  -1.466944e+00  2.170586e+00  -8.001084e-01  2.328594e+00  
   4.7904301  -1.475330e+00  2.046070e+00  -1.475478e+00  2.045980e+00  -8.285655e-01  2.246959e+00  
   4.8114300  -1.473111e+00  1.929178e+00  -1.473246e+00  1.929090e+00  -8.500420e-01  2.168931e+00  
   4.8324299  -1.461865e+00  1.820994e+00  -1.461990e+00  1.820907e+00  -8.654028e-01  2.095018e+00  
   4.8524299  -1.444361e+00  1.726600e+00  -1.444478e+00  1.726512e+00  -8.751017e-01  2.028765e+00  
   4.8734298  -1.420460e+00  1.636777e+00  -1.420568e+00  1.636685e+00  -8.808523e-01  1.963741e+00  
   4.8944302  -1.392420e+00  1.556390e+00  -1.392520e+00  1.556293e+00  -8.827670e-01  1.903451e+00  
   4.9154301  -1.361610e+00  1.485115e+00  -1.361703e+00  1.485010e+00  -8.814977e-01  1.847878e+00  
   4.9364300  -1.329198e+00  1.422433e+00  -1.329283e+00  1.422319e+00  -8.776321e-01  1.796914e+00  
   4.9574299  -1.296148e+00  1.367704e+00  -1.296223e+00  1.367577e+00  -8.716922e-01  1.750392e+00  
   4.9774299  -1.264781e+00  1.322321e+00  -1.264847e+00  1.322181e+00  -8.645270e-01  1.710011e+00  
   4.9984298  -1.232526e+00  1.281035e+00  -1.232582e+00  1.280881e+00  -8.558025e-01  1.671486e+00  
