w Re-xx Im-xx Re-yy Im-yy Re-zz Im-zz
# Gaussian absolute broadening  0.15 [eV]
   0.0000000  7.680566e-01  8.825184e-05  7.680606e-01  8.825585e-05  7.255216e-01  7.909186e-05  
   0.0200000  7.681564e-01  9.445020e-05  7.681605e-01  9.445456e-05  7.256107e-01  8.464660e-05  
   0.0410000  7.682752e-01  1.015135e-04  7.682791e-01  1.015182e-04  7.257170e-01  9.097601e-05  
   0.0620000  7.684103e-01  1.091814e-04  7.684144e-01  1.091865e-04  7.258381e-01  9.784679e-05  
   0.0830000  7.685634e-01  1.174879e-04  7.685678e-01  1.174933e-04  7.259759e-01  1.052892e-04  
   0.1040000  7.687379e-01  1.264623e-04  7.687418e-01  1.264680e-04  7.261320e-01  1.133293e-04  
   0.1240000  7.689246e-01  1.356515e-04  7.689285e-01  1.356575e-04  7.262993e-01  1.215613e-04  
   0.1450000  7.691448e-01  1.459897e-04  7.691489e-01  1.459959e-04  7.264966e-01  1.308217e-04  
   0.1660000  7.693921e-01  1.570407e-04  7.693961e-01  1.570470e-04  7.267180e-01  1.407195e-04  
   0.1870000  7.696686e-01  1.688008e-04  7.696726e-01  1.688073e-04  7.269660e-01  1.512514e-04  
   0.2080000  7.699761e-01  1.812556e-04  7.699803e-01  1.812622e-04  7.272415e-01  1.624043e-04  
   0.2290000  7.703168e-01  1.943801e-04  7.703210e-01  1.943867e-04  7.275468e-01  1.741553e-04  
   0.2490000  7.706735e-01  2.074697e-04  7.706774e-01  2.074763e-04  7.278661e-01  1.858738e-04  
   0.2700000  7.710826e-01  2.217918e-04  7.710868e-01  2.217985e-04  7.282326e-01  1.986940e-04  
   0.2910000  7.715288e-01  2.366566e-04  7.715328e-01  2.366634e-04  7.286323e-01  2.119982e-04  
   0.3120000  7.720124e-01  2.520106e-04  7.720165e-01  2.520176e-04  7.290658e-01  2.257382e-04  
   0.3330000  7.725340e-01  2.677990e-04  7.725383e-01  2.678061e-04  7.295329e-01  2.398644e-04  
   0.3540000  7.730942e-01  2.839679e-04  7.730983e-01  2.839755e-04  7.300348e-01  2.543289e-04  
   0.3740000  7.736636e-01  2.996755e-04  7.736678e-01  2.996837e-04  7.305447e-01  2.683781e-04  
   0.3950000  7.742989e-01  3.164498e-04  7.743030e-01  3.164587e-04  7.311136e-01  2.833784e-04  
   0.4160000  7.749723e-01  3.334747e-04  7.749764e-01  3.334845e-04  7.317165e-01  2.985997e-04  
   0.4374300  7.756997e-01  3.510749e-04  7.757041e-01  3.510859e-04  7.323679e-01  3.143317e-04  
   0.4574300  7.764140e-01  3.676844e-04  7.764182e-01  3.676966e-04  7.330075e-01  3.291746e-04  
   0.4784300  7.772013e-01  3.852983e-04  7.772057e-01  3.853118e-04  7.337123e-01  3.449111e-04  
   0.4994300  7.780268e-01  4.030785e-04  7.780312e-01  4.030936e-04  7.344514e-01  3.607918e-04  
   0.5204300  7.788907e-01  4.210180e-04  7.788951e-01  4.210346e-04  7.352244e-01  3.768099e-04  
   0.5414300  7.797925e-01  4.391131e-04  7.797970e-01  4.391313e-04  7.360316e-01  3.929622e-04  
   0.5614300  7.806877e-01  4.564911e-04  7.806921e-01  4.565106e-04  7.368325e-01  4.084694e-04  
   0.5824300  7.816652e-01  4.748914e-04  7.816696e-01  4.749124e-04  7.377073e-01  4.248838e-04  
   0.6034300  7.826817e-01  4.934526e-04  7.826863e-01  4.934747e-04  7.386167e-01  4.414358e-04  
   0.6244300  7.837375e-01  5.121796e-04  7.837421e-01  5.122028e-04  7.395614e-01  4.581299e-04  
   0.6454300  7.848332e-01  5.310781e-04  7.848378e-01  5.311021e-04  7.405413e-01  4.749707e-04  
   0.6664300  7.859688e-01  5.501541e-04  7.859735e-01  5.501784e-04  7.415568e-01  4.919631e-04  
   0.6864300  7.870874e-01  5.684922e-04  7.870921e-01  5.685168e-04  7.425568e-01  5.082923e-04  
   0.7074300  7.883019e-01  5.879340e-04  7.883067e-01  5.879586e-04  7.436428e-01  5.255977e-04  
   0.7284300  7.895573e-01  6.075734e-04  7.895621e-01  6.075978e-04  7.447649e-01  5.430718e-04  
   0.7494300  7.908544e-01  6.274182e-04  7.908593e-01  6.274421e-04  7.459242e-01  5.607217e-04  
   0.7704300  7.921929e-01  6.474757e-04  7.921980e-01  6.474990e-04  7.471207e-01  5.785532e-04  
   0.7914300  7.935744e-01  6.677544e-04  7.935793e-01  6.677772e-04  7.483547e-01  5.965735e-04  
   0.8114300  7.949288e-01  6.872799e-04  7.949340e-01  6.873023e-04  7.495649e-01  6.139172e-04  
   0.8324300  7.963939e-01  7.080138e-04  7.963992e-01  7.080358e-04  7.508734e-01  6.323260e-04  
   0.8540300  7.979468e-01  7.295977e-04  7.979521e-01  7.296195e-04  7.522600e-01  6.514805e-04  
   0.8740300  7.994260e-01  7.498236e-04  7.994312e-01  7.498458e-04  7.535807e-01  6.694219e-04  
   0.8950300  8.010229e-01  7.713203e-04  8.010283e-01  7.713429e-04  7.550066e-01  6.884807e-04  
   0.9160300  8.026652e-01  7.930923e-04  8.026706e-01  7.931158e-04  7.564725e-01  7.077745e-04  
   0.9370300  8.043535e-01  8.151503e-04  8.043590e-01  8.151751e-04  7.579790e-01  7.273116e-04  
   0.9580300  8.060886e-01  8.375044e-04  8.060941e-01  8.375311e-04  7.595266e-01  7.471011e-04  
   0.9780300  8.077850e-01  8.590807e-04  8.077908e-01  8.591094e-04  7.610401e-01  7.661919e-04  
   0.9990300  8.096132e-01  8.820468e-04  8.096187e-01  8.820778e-04  7.626701e-01  7.865017e-04  
   1.0200300  8.114896e-01  9.053427e-04  8.114955e-01  9.053769e-04  7.643435e-01  8.070919e-04  
   1.0410300  8.134159e-01  9.289807e-04  8.134218e-01  9.290183e-04  7.660604e-01  8.279731e-04  
   1.0620300  8.153922e-01  9.529738e-04  8.153982e-01  9.530140e-04  7.678214e-01  8.491548e-04  
   1.0830300  8.174193e-01  9.773325e-04  8.174254e-01  9.773768e-04  7.696277e-01  8.706477e-04  
   1.1030300  8.193977e-01  1.000884e-03  8.194039e-01  1.000931e-03  7.713898e-01  8.914156e-04  
   1.1240300  8.215263e-01  1.025996e-03  8.215325e-01  1.026046e-03  7.732853e-01  9.135467e-04  
   1.1450300  8.237081e-01  1.051513e-03  8.237143e-01  1.051566e-03  7.752277e-01  9.360212e-04  
   1.1660300  8.259438e-01  1.077450e-03  8.259503e-01  1.077506e-03  7.772175e-01  9.588503e-04  
   1.1870300  8.282344e-01  1.103820e-03  8.282407e-01  1.103878e-03  7.792557e-01  9.820465e-04  
   1.2080300  8.305808e-01  1.130640e-03  8.305873e-01  1.130700e-03  7.813430e-01  1.005623e-03  
   1.2280300  8.328677e-01  1.156614e-03  8.328744e-01  1.156675e-03  7.833768e-01  1.028441e-03  
   1.2490300  8.353253e-01  1.184355e-03  8.353321e-01  1.184418e-03  7.855620e-01  1.052796e-03  
   1.2706300  8.379149e-01  1.213411e-03  8.379221e-01  1.213475e-03  7.878634e-01  1.078287e-03  
   1.2906300  8.403686e-01  1.240800e-03  8.403757e-01  1.240865e-03  7.900437e-01  1.102299e-03  
   1.3116300  8.430049e-01  1.270082e-03  8.430121e-01  1.270147e-03  7.923852e-01  1.127954e-03  
   1.3326300  8.457029e-01  1.299917e-03  8.457100e-01  1.299983e-03  7.947807e-01  1.154076e-03  
   1.3536299  8.484638e-01  1.330329e-03  8.484713e-01  1.330396e-03  7.972317e-01  1.180682e-03  
   1.3746300  8.512896e-01  1.361337e-03  8.512970e-01  1.361405e-03  7.997391e-01  1.207791e-03  
   1.3946300  8.540421e-01  1.391445e-03  8.540497e-01  1.391513e-03  8.021805e-01  1.234094e-03  
   1.4156300  8.569976e-01  1.423686e-03  8.570054e-01  1.423754e-03  8.048015e-01  1.262239e-03  
   1.4366300  8.600214e-01  1.456592e-03  8.600294e-01  1.456662e-03  8.074822e-01  1.290943e-03  
   1.4576300  8.631155e-01  1.490190e-03  8.631239e-01  1.490260e-03  8.102238e-01  1.320228e-03  
   1.4786299  8.662815e-01  1.524505e-03  8.662896e-01  1.524576e-03  8.130279e-01  1.350114e-03  
   1.4996300  8.695203e-01  1.559564e-03  8.695286e-01  1.559636e-03  8.158958e-01  1.380625e-03  
   1.5196300  8.726735e-01  1.593670e-03  8.726821e-01  1.593744e-03  8.186869e-01  1.410282e-03  
   1.5406300  8.760591e-01  1.630264e-03  8.760679e-01  1.630340e-03  8.216820e-01  1.442078e-03  
   1.5616300  8.795223e-01  1.667688e-03  8.795311e-01  1.667766e-03  8.247451e-01  1.474567e-03  
   1.5826300  8.830649e-01  1.705974e-03  8.830741e-01  1.706055e-03  8.278766e-01  1.507778e-03  
   1.6036299  8.866891e-01  1.745157e-03  8.866984e-01  1.745240e-03  8.310788e-01  1.541737e-03  
   1.6246300  8.903962e-01  1.785272e-03  8.904055e-01  1.785358e-03  8.343531e-01  1.576474e-03  
   1.6446300  8.940054e-01  1.824376e-03  8.940151e-01  1.824466e-03  8.375396e-01  1.610308e-03  
   1.6656300  8.978799e-01  1.866420e-03  8.978896e-01  1.866513e-03  8.409587e-01  1.646652e-03  
   1.6872300  9.019588e-01  1.910761e-03  9.019692e-01  1.910858e-03  8.445567e-01  1.684948e-03  
   1.7072300  9.058216e-01  1.952849e-03  9.058318e-01  1.952949e-03  8.479621e-01  1.721265e-03  
   1.7282300  9.099694e-01  1.998154e-03  9.099801e-01  1.998259e-03  8.516171e-01  1.760326e-03  
   1.7492300  9.142135e-01  2.044649e-03  9.142240e-01  2.044759e-03  8.553549e-01  1.800377e-03  
   1.7702301  9.185558e-01  2.092388e-03  9.185668e-01  2.092503e-03  8.591776e-01  1.841461e-03  
   1.7912300  9.230003e-01  2.141427e-03  9.230114e-01  2.141548e-03  8.630878e-01  1.883627e-03  
   1.8112299  9.273304e-01  2.189397e-03  9.273415e-01  2.189521e-03  8.668956e-01  1.924836e-03  
   1.8322300  9.319814e-01  2.241154e-03  9.319932e-01  2.241284e-03  8.709835e-01  1.969262e-03  
   1.8532300  9.367428e-01  2.294402e-03  9.367547e-01  2.294536e-03  8.751663e-01  2.014927e-03  
   1.8742300  9.416181e-01  2.349214e-03  9.416302e-01  2.349354e-03  8.794461e-01  2.061894e-03  
   1.8952301  9.466102e-01  2.405668e-03  9.466226e-01  2.405814e-03  8.838263e-01  2.110230e-03  
   1.9162300  9.517228e-01  2.463849e-03  9.517357e-01  2.463999e-03  8.883092e-01  2.160006e-03  
   1.9362299  9.567065e-01  2.520947e-03  9.567192e-01  2.521103e-03  8.926766e-01  2.208823e-03  
   1.9572300  9.620637e-01  2.582768e-03  9.620772e-01  2.582930e-03  8.973686e-01  2.261647e-03  
   1.9782300  9.675530e-01  2.646606e-03  9.675666e-01  2.646774e-03  9.021730e-01  2.316169e-03  
   1.9992300  9.731765e-01  2.712578e-03  9.731907e-01  2.712752e-03  9.070918e-01  2.372498e-03  
   2.0202301  9.789408e-01  2.780815e-03  9.789555e-01  2.780994e-03  9.121302e-01  2.430753e-03  
   2.0412300  9.848492e-01  2.851451e-03  9.848638e-01  2.851638e-03  9.172903e-01  2.491069e-03  
   2.0612299  9.906136e-01  2.921098e-03  9.906286e-01  2.921292e-03  9.223223e-01  2.550569e-03  
   2.0822301  9.968169e-01  2.996885e-03  9.968324e-01  2.997087e-03  9.277335e-01  2.615374e-03  
   2.1038301  1.003364e+00  3.077876e-03  1.003380e+00  3.078085e-03  9.334402e-01  2.684726e-03  
   2.1238301  1.009582e+00  3.155808e-03  1.009598e+00  3.156026e-03  9.388548e-01  2.751589e-03  
   2.1448300  1.016276e+00  3.240908e-03  1.016293e+00  3.241135e-03  9.446816e-01  2.824783e-03  
   2.1658299  1.023149e+00  3.329612e-03  1.023165e+00  3.329849e-03  9.506572e-01  2.901322e-03  
   2.1868300  1.030204e+00  3.422214e-03  1.030222e+00  3.422462e-03  9.567880e-01  2.981532e-03  
   2.2078300  1.037451e+00  3.519031e-03  1.037469e+00  3.519289e-03  9.630792e-01  3.065767e-03  
   2.2278299  1.044538e+00  3.615481e-03  1.044556e+00  3.615752e-03  9.692259e-01  3.150102e-03  
   2.2488301  1.052180e+00  3.721590e-03  1.052199e+00  3.721874e-03  9.758487e-01  3.243385e-03  
   2.2698300  1.060036e+00  3.833078e-03  1.060056e+00  3.833376e-03  9.826502e-01  3.341984e-03  
   2.2908299  1.068116e+00  3.950428e-03  1.068136e+00  3.950743e-03  9.896386e-01  3.446416e-03  
   2.3118300  1.076429e+00  4.074167e-03  1.076450e+00  4.074499e-03  9.968212e-01  3.557236e-03  
   2.3328300  1.084985e+00  4.204870e-03  1.085006e+00  4.205219e-03  1.004205e+00  3.675043e-03  
   2.3528299  1.093368e+00  4.336404e-03  1.093390e+00  4.336771e-03  1.011433e+00  3.794322e-03  
   2.3738301  1.102429e+00  4.482586e-03  1.102452e+00  4.482973e-03  1.019235e+00  3.927668e-03  
   2.3948300  1.111766e+00  4.637773e-03  1.111789e+00  4.638182e-03  1.027264e+00  4.070041e-03  
   2.4158299  1.121392e+00  4.802788e-03  1.121416e+00  4.803222e-03  1.035531e+00  4.222246e-03  
   2.4368300  1.131320e+00  4.978533e-03  1.131345e+00  4.978993e-03  1.044046e+00  4.385156e-03  
   2.4578300  1.141567e+00  5.165997e-03  1.141593e+00  5.166485e-03  1.052821e+00  4.559719e-03  
   2.4778299  1.151637e+00  5.356425e-03  1.151663e+00  5.356944e-03  1.061430e+00  4.737759e-03  
   2.4988301  1.162551e+00  5.570035e-03  1.162579e+00  5.570590e-03  1.070748e+00  4.938196e-03  
   2.5204301  1.174166e+00  5.805775e-03  1.174194e+00  5.806371e-03  1.080645e+00  5.160116e-03  
   2.5404301  1.185289e+00  6.040007e-03  1.185318e+00  6.040644e-03  1.090105e+00  5.381212e-03  
   2.5614300  1.197372e+00  6.304220e-03  1.197403e+00  6.304907e-03  1.100363e+00  5.631109e-03  
   2.5824299  1.209894e+00  6.589246e-03  1.209925e+00  6.589987e-03  1.110970e+00  5.901050e-03  
   2.6034300  1.222884e+00  6.897646e-03  1.222917e+00  6.898447e-03  1.121948e+00  6.193232e-03  
   2.6244299  1.236372e+00  7.232529e-03  1.236406e+00  7.233397e-03  1.133319e+00  6.510220e-03  
   2.6444299  1.249713e+00  7.579644e-03  1.249748e+00  7.580584e-03  1.144537e+00  6.837988e-03  
   2.6654301  1.264277e+00  7.978444e-03  1.264313e+00  7.979465e-03  1.156749e+00  7.212878e-03  
   2.6864300  1.279453e+00  8.418663e-03  1.279491e+00  8.419779e-03  1.169434e+00  7.623754e-03  
   2.7074299  1.295290e+00  8.908703e-03  1.295330e+00  8.909917e-03  1.182628e+00  8.076357e-03  
   2.7284300  1.311843e+00  9.459773e-03  1.311884e+00  9.461108e-03  1.196365e+00  8.578004e-03  
   2.7494299  1.329173e+00  1.008699e-02  1.329216e+00  1.008847e-02  1.210690e+00  9.138111e-03  
   2.7694299  1.346464e+00  1.077387e-02  1.346509e+00  1.077550e-02  1.224920e+00  9.737075e-03  
   2.7904301  1.365521e+00  1.161569e-02  1.365569e+00  1.161752e-02  1.240529e+00  1.045007e-02  
   2.8114300  1.385588e+00  1.261781e-02  1.385637e+00  1.261988e-02  1.256879e+00  1.126955e-02  
   2.8324299  1.406763e+00  1.383035e-02  1.406815e+00  1.383274e-02  1.274036e+00  1.222243e-02  
   2.8534300  1.429155e+00  1.532012e-02  1.429210e+00  1.532293e-02  1.292071e+00  1.334365e-02  
   2.8744299  1.452880e+00  1.717506e-02  1.452938e+00  1.717842e-02  1.311064e+00  1.467832e-02  
   2.8944299  1.476829e+00  1.938529e-02  1.476890e+00  1.938933e-02  1.330121e+00  1.620061e-02  
   2.9154301  1.503519e+00  2.231098e-02  1.503584e+00  2.231599e-02  1.351240e+00  1.813302e-02  
   2.9370301  1.532750e+00  2.615483e-02  1.532820e+00  2.616115e-02  1.374250e+00  2.057302e-02  
   2.9570301  1.561532e+00  3.067679e-02  1.561606e+00  3.068468e-02  1.396814e+00  2.334865e-02  
   2.9780300  1.593621e+00  3.668007e-02  1.593700e+00  3.669009e-02  1.421909e+00  2.693440e-02  
   2.9990301  1.627689e+00  4.427738e-02  1.627773e+00  4.429013e-02  1.448542e+00  3.137722e-02  
   3.0200300  1.663753e+00  5.382596e-02  1.663841e+00  5.384212e-02  1.476800e+00  3.688335e-02  
   3.0410299  1.701773e+00  6.572307e-02  1.701868e+00  6.574344e-02  1.506756e+00  4.369706e-02  
   3.0610299  1.739700e+00  7.962769e-02  1.739799e+00  7.965295e-02  1.536905e+00  5.166120e-02  
   3.0820301  1.781131e+00  9.735545e-02  1.781236e+00  9.738672e-02  1.570269e+00  6.188162e-02  
   3.1030300  1.823915e+00  1.187186e-01  1.824025e+00  1.187570e-01  1.605337e+00  7.435714e-02  
   3.1240301  1.867654e+00  1.441295e-01  1.867769e+00  1.441760e-01  1.642000e+00  8.947454e-02  
   3.1450300  1.911842e+00  1.739452e-01  1.911961e+00  1.740008e-01  1.680067e+00  1.076380e-01  
   3.1660299  1.955878e+00  2.084416e-01  1.955999e+00  2.085073e-01  1.719258e+00  1.292544e-01  
   3.1860299  1.997056e+00  2.458004e-01  1.997180e+00  2.458763e-01  1.757281e+00  1.534079e-01  
   3.2070301  2.038789e+00  2.897932e-01  2.038913e+00  2.898804e-01  1.797474e+00  1.828476e-01  
   3.2280300  2.078239e+00  3.385580e-01  2.078363e+00  3.386568e-01  1.837370e+00  2.167394e-01  
   3.2490301  2.114662e+00  3.918290e-01  2.114784e+00  3.919395e-01  1.876295e+00  2.552669e-01  
   3.2700300  2.147375e+00  4.491813e-01  2.147493e+00  4.493034e-01  1.913509e+00  2.984885e-01  
   3.2910299  2.175777e+00  5.100506e-01  2.175891e+00  5.101837e-01  1.948223e+00  3.463162e-01  
   3.3110299  2.198393e+00  5.706662e-01  2.198501e+00  5.708091e-01  1.978236e+00  3.959206e-01  
   3.3320301  2.217180e+00  6.363544e-01  2.217282e+00  6.365068e-01  2.005817e+00  4.518604e-01  
   3.3536301  2.231054e+00  7.052627e-01  2.231148e+00  7.054237e-01  2.029276e+00  5.129116e-01  
   3.3736300  2.238993e+00  7.695242e-01  2.239081e+00  7.696921e-01  2.046025e+00  5.719274e-01  
   3.3946300  2.242443e+00  8.367314e-01  2.242524e+00  8.369059e-01  2.058073e+00  6.356330e-01  
   3.4156301  2.241215e+00  9.029992e-01  2.241288e+00  9.031795e-01  2.064232e+00  7.001888e-01  
   3.4366300  2.235755e+00  9.677637e-01  2.235821e+00  9.679487e-01  2.064499e+00  7.646037e-01  
   3.4576299  2.226584e+00  1.030600e+00  2.226644e+00  1.030789e+00  2.059082e+00  8.278998e-01  
   3.4776299  2.214906e+00  1.088394e+00  2.214960e+00  1.088587e+00  2.049025e+00  8.863028e-01  
   3.4986300  2.200067e+00  1.146787e+00  2.200117e+00  1.146984e+00  2.033903e+00  9.448803e-01  
   3.5196300  2.183077e+00  1.202810e+00  2.183122e+00  1.203012e+00  2.014853e+00  1.000006e+00  
   3.5406301  2.164357e+00  1.256540e+00  2.164400e+00  1.256745e+00  1.992737e+00  1.051221e+00  
   3.5616300  2.144239e+00  1.308112e+00  2.144280e+00  1.308321e+00  1.968465e+00  1.098279e+00  
   3.5826299  2.122963e+00  1.357693e+00  2.123000e+00  1.357906e+00  1.942944e+00  1.141148e+00  
   3.6026299  2.101762e+00  1.403214e+00  2.101796e+00  1.403430e+00  1.918245e+00  1.178239e+00  
   3.6236300  2.078600e+00  1.449354e+00  2.078631e+00  1.449572e+00  1.892598e+00  1.213593e+00  
   3.6446300  2.054567e+00  1.493883e+00  2.054592e+00  1.494102e+00  1.867817e+00  1.245744e+00  
   3.6656301  2.029693e+00  1.536829e+00  2.029715e+00  1.537048e+00  1.844312e+00  1.275258e+00  
   3.6866300  2.004036e+00  1.578166e+00  2.004052e+00  1.578384e+00  1.822311e+00  1.302734e+00  
   3.7076299  1.977696e+00  1.617826e+00  1.977705e+00  1.618040e+00  1.801877e+00  1.328746e+00  
   3.7276299  1.952123e+00  1.653948e+00  1.952128e+00  1.654157e+00  1.783801e+00  1.352624e+00  
   3.7486300  1.924993e+00  1.690055e+00  1.924994e+00  1.690258e+00  1.766111e+00  1.377139e+00  
   3.7702301  1.897128e+00  1.725176e+00  1.897123e+00  1.725371e+00  1.749065e+00  1.402047e+00  
   3.7902300  1.871730e+00  1.755859e+00  1.871723e+00  1.756047e+00  1.734111e+00  1.424967e+00  
   3.8112299  1.845926e+00  1.786245e+00  1.845915e+00  1.786424e+00  1.719098e+00  1.448918e+00  
   3.8322301  1.821490e+00  1.814928e+00  1.821478e+00  1.815097e+00  1.704706e+00  1.472698e+00  
   3.8532300  1.798924e+00  1.842206e+00  1.798912e+00  1.842366e+00  1.690953e+00  1.496208e+00  
   3.8742299  1.778701e+00  1.868514e+00  1.778692e+00  1.868667e+00  1.677976e+00  1.519351e+00  
   3.8942299  1.761999e+00  1.893187e+00  1.761992e+00  1.893334e+00  1.666565e+00  1.541005e+00  
   3.9152300  1.747439e+00  1.919366e+00  1.747437e+00  1.919507e+00  1.655894e+00  1.563374e+00  
   3.9362299  1.736095e+00  1.946622e+00  1.736099e+00  1.946762e+00  1.646941e+00  1.585532e+00  
   3.9572301  1.727959e+00  1.975862e+00  1.727971e+00  1.976003e+00  1.640091e+00  1.607800e+00  
   3.9782300  1.722813e+00  2.008042e+00  1.722834e+00  2.008188e+00  1.635682e+00  1.630654e+00  
   3.9992299  1.720211e+00  2.044133e+00  1.720239e+00  2.044287e+00  1.633958e+00  1.654731e+00  
   4.0192299  1.719468e+00  2.082991e+00  1.719503e+00  2.083157e+00  1.634902e+00  1.679506e+00  
   4.0402298  1.719623e+00  2.129309e+00  1.719664e+00  2.129491e+00  1.638528e+00  1.708301e+00  
   4.0612302  1.719610e+00  2.181958e+00  1.719656e+00  2.182158e+00  1.644557e+00  1.740875e+00  
   4.0822301  1.718098e+00  2.241429e+00  1.718145e+00  2.241649e+00  1.652443e+00  1.778184e+00  
   4.1032300  1.713604e+00  2.307966e+00  1.713649e+00  2.308209e+00  1.661387e+00  1.821144e+00  
   4.1242299  1.704566e+00  2.381542e+00  1.704604e+00  2.381807e+00  1.670334e+00  1.870564e+00  
   4.1442299  1.690275e+00  2.457856e+00  1.690303e+00  2.458142e+00  1.677674e+00  1.924223e+00  
   4.1652298  1.667819e+00  2.543940e+00  1.667831e+00  2.544244e+00  1.682698e+00  1.987884e+00  
   4.1868300  1.635273e+00  2.637894e+00  1.635265e+00  2.638216e+00  1.683271e+00  2.061313e+00  
   4.2068300  1.595415e+00  2.728672e+00  1.595380e+00  2.729004e+00  1.677987e+00  2.136294e+00  
   4.2278299  1.542492e+00  2.826530e+00  1.542426e+00  2.826868e+00  1.664673e+00  2.221690e+00  
   4.2488298  1.477466e+00  2.925408e+00  1.477365e+00  2.925748e+00  1.641686e+00  2.312950e+00  
   4.2698302  1.399848e+00  3.023564e+00  1.399706e+00  3.023897e+00  1.607429e+00  2.408704e+00  
   4.2908301  1.309454e+00  3.119145e+00  1.309268e+00  3.119468e+00  1.560557e+00  2.507196e+00  
   4.3108301  1.211592e+00  3.206055e+00  1.211363e+00  3.206363e+00  1.503273e+00  2.601655e+00  
   4.3318300  1.096864e+00  3.291160e+00  1.096589e+00  3.291449e+00  1.429293e+00  2.699290e+00  
   4.3528299  9.705480e-01  3.368134e+00  9.702268e-01  3.368399e+00  1.341062e+00  2.792903e+00  
   4.3738298  8.335908e-01  3.435186e+00  8.332247e-01  3.435426e+00  1.239031e+00  2.879970e+00  
   4.3948302  6.871847e-01  3.490638e+00  6.867769e-01  3.490852e+00  1.124197e+00  2.958043e+00  
   4.4158301  5.327621e-01  3.532947e+00  5.323170e-01  3.533134e+00  9.980913e-01  3.024879e+00  
   4.4358301  3.797336e-01  3.559783e+00  3.792581e-01  3.559944e+00  8.693268e-01  3.076330e+00  
   4.4568300  2.145558e-01  3.572730e+00  2.140539e-01  3.572865e+00  7.272935e-01  3.116099e+00  
   4.4778299  4.673926e-02  3.569206e+00  4.621758e-02  3.569317e+00  5.808361e-01  3.140275e+00  
   4.4988298  -1.215694e-01  3.548631e+00  -1.221035e-01  3.548716e+00  4.326960e-01  3.148394e+00  
   4.5198302  -2.881164e-01  3.510770e+00  -2.886559e-01  3.510832e+00  2.855988e-01  3.140543e+00  
   4.5408301  -4.505742e-01  3.455781e+00  -4.511124e-01  3.455823e+00  1.421358e-01  3.117337e+00  
   4.5608301  -5.993745e-01  3.388008e+00  -5.999053e-01  3.388031e+00  1.100921e-02  3.081947e+00  
   4.5818300  -7.472330e-01  3.301635e+00  -7.477508e-01  3.301642e+00  -1.189907e-01  3.032235e+00  
   4.6034298  -8.881848e-01  3.198025e+00  -8.886843e-01  3.198014e+00  -2.428671e-01  2.969493e+00  
   4.6234298  -1.006893e+00  3.090455e+00  -1.007373e+00  3.090428e+00  -3.476091e-01  2.902700e+00  
   4.6444302  -1.117840e+00  2.967581e+00  -1.118296e+00  2.967543e+00  -4.466033e-01  2.825499e+00  
   4.6654301  -1.213645e+00  2.836974e+00  -1.214077e+00  2.836922e+00  -5.340506e-01  2.743005e+00  
   4.6864300  -1.293644e+00  2.701260e+00  -1.294052e+00  2.701198e+00  -6.100132e-01  2.657095e+00  
   4.7074299  -1.357666e+00  2.563133e+00  -1.358051e+00  2.563061e+00  -6.748483e-01  2.569498e+00  
   4.7274299  -1.404070e+00  2.431739e+00  -1.404435e+00  2.431657e+00  -7.267852e-01  2.485904e+00  
   4.7484298  -1.438231e+00  2.296280e+00  -1.438577e+00  2.296189e+00  -7.717348e-01  2.399220e+00  
   4.7694302  -1.458606e+00  2.165509e+00  -1.458935e+00  2.165409e+00  -8.077062e-01  2.314733e+00  
   4.7904301  -1.466645e+00  2.041224e+00  -1.466959e+00  2.041115e+00  -8.356027e-01  2.233326e+00  
   4.8114300  -1.464002e+00  1.924805e+00  -1.464303e+00  1.924688e+00  -8.563454e-01  2.155670e+00  
   4.8324299  -1.452433e+00  1.817216e+00  -1.452722e+00  1.817089e+00  -8.708379e-01  2.082254e+00  
   4.8524299  -1.434722e+00  1.723468e+00  -1.435001e+00  1.723331e+00  -8.796201e-01  2.016568e+00  
   4.8734298  -1.410710e+00  1.634371e+00  -1.410979e+00  1.634222e+00  -8.843486e-01  1.952214e+00  
   4.8944302  -1.382667e+00  1.554726e+00  -1.382925e+00  1.554566e+00  -8.852110e-01  1.892640e+00  
   4.9154301  -1.351953e+00  1.484177e+00  -1.352200e+00  1.484004e+00  -8.828859e-01  1.837804e+00  
   4.9364300  -1.319727e+00  1.422180e+00  -1.319962e+00  1.421994e+00  -8.779808e-01  1.787575e+00  
   4.9574299  -1.286939e+00  1.368073e+00  -1.287162e+00  1.367873e+00  -8.710328e-01  1.741763e+00  
   4.9774299  -1.255881e+00  1.323213e+00  -1.256090e+00  1.323001e+00  -8.629452e-01  1.702020e+00  
   4.9984298  -1.223999e+00  1.282393e+00  -1.224193e+00  1.282167e+00  -8.532965e-01  1.664113e+00  
