w Re-xx Im-xx Re-yy Im-yy Re-zz Im-zz
# Gaussian absolute broadening  0.15 [eV]
   0.0000000  7.680303e-01  8.824175e-05  7.680269e-01  8.825585e-05  7.251350e-01  7.894330e-05  
   0.0200000  7.681302e-01  9.444078e-05  7.681270e-01  9.445456e-05  7.252242e-01  8.448766e-05  
   0.0410000  7.682487e-01  1.015047e-04  7.682456e-01  1.015182e-04  7.253302e-01  9.080541e-05  
   0.0620000  7.683839e-01  1.091735e-04  7.683806e-01  1.091865e-04  7.254511e-01  9.766375e-05  
   0.0830000  7.685372e-01  1.174807e-04  7.685340e-01  1.174933e-04  7.255886e-01  1.050928e-04  
   0.1040000  7.687113e-01  1.264558e-04  7.687080e-01  1.264680e-04  7.257444e-01  1.131188e-04  
   0.1240000  7.688981e-01  1.356457e-04  7.688948e-01  1.356575e-04  7.259113e-01  1.213363e-04  
   0.1450000  7.691185e-01  1.459846e-04  7.691151e-01  1.459959e-04  7.261086e-01  1.305807e-04  
   0.1660000  7.693657e-01  1.570362e-04  7.693625e-01  1.570470e-04  7.263296e-01  1.404614e-04  
   0.1870000  7.696422e-01  1.687970e-04  7.696390e-01  1.688073e-04  7.265767e-01  1.509751e-04  
   0.2080000  7.699497e-01  1.812524e-04  7.699465e-01  1.812622e-04  7.268521e-01  1.621088e-04  
   0.2290000  7.702904e-01  1.943774e-04  7.702871e-01  1.943867e-04  7.271568e-01  1.738396e-04  
   0.2490000  7.706471e-01  2.074675e-04  7.706438e-01  2.074763e-04  7.274756e-01  1.855377e-04  
   0.2700000  7.710560e-01  2.217900e-04  7.710529e-01  2.217985e-04  7.278417e-01  1.983355e-04  
   0.2910000  7.715024e-01  2.366552e-04  7.714991e-01  2.366634e-04  7.282404e-01  2.116162e-04  
   0.3120000  7.719860e-01  2.520095e-04  7.719830e-01  2.520176e-04  7.286731e-01  2.253317e-04  
   0.3330000  7.725075e-01  2.677981e-04  7.725045e-01  2.678061e-04  7.291396e-01  2.394324e-04  
   0.3540000  7.730680e-01  2.839673e-04  7.730649e-01  2.839755e-04  7.296402e-01  2.538704e-04  
   0.3740000  7.736372e-01  2.996750e-04  7.736343e-01  2.996837e-04  7.301493e-01  2.678936e-04  
   0.3950000  7.742724e-01  3.164495e-04  7.742692e-01  3.164587e-04  7.307171e-01  2.828657e-04  
   0.4160000  7.749458e-01  3.334745e-04  7.749427e-01  3.334845e-04  7.313190e-01  2.980581e-04  
   0.4374300  7.756733e-01  3.510747e-04  7.756701e-01  3.510859e-04  7.319691e-01  3.137601e-04  
   0.4574300  7.763874e-01  3.676843e-04  7.763845e-01  3.676966e-04  7.326077e-01  3.285744e-04  
   0.4784300  7.771750e-01  3.852982e-04  7.771721e-01  3.853118e-04  7.333113e-01  3.442804e-04  
   0.4994300  7.780005e-01  4.030784e-04  7.779976e-01  4.030936e-04  7.340488e-01  3.601302e-04  
   0.5204300  7.788643e-01  4.210179e-04  7.788614e-01  4.210346e-04  7.348205e-01  3.761170e-04  
   0.5414300  7.797662e-01  4.391131e-04  7.797634e-01  4.391313e-04  7.356263e-01  3.922377e-04  
   0.5614300  7.806610e-01  4.564911e-04  7.806582e-01  4.565106e-04  7.364256e-01  4.077145e-04  
   0.5824300  7.816386e-01  4.748914e-04  7.816359e-01  4.749124e-04  7.372988e-01  4.240964e-04  
   0.6034300  7.826551e-01  4.934526e-04  7.826525e-01  4.934747e-04  7.382064e-01  4.406155e-04  
   0.6244300  7.837111e-01  5.121796e-04  7.837086e-01  5.122028e-04  7.391493e-01  4.572763e-04  
   0.6454300  7.848065e-01  5.310781e-04  7.848040e-01  5.311021e-04  7.401272e-01  4.740827e-04  
   0.6664300  7.859424e-01  5.501541e-04  7.859398e-01  5.501784e-04  7.411410e-01  4.910405e-04  
   0.6864300  7.870608e-01  5.684922e-04  7.870584e-01  5.685168e-04  7.421393e-01  5.073359e-04  
   0.7074300  7.882755e-01  5.879340e-04  7.882730e-01  5.879586e-04  7.432232e-01  5.246047e-04  
   0.7284300  7.895308e-01  6.075734e-04  7.895282e-01  6.075978e-04  7.443432e-01  5.420415e-04  
   0.7494300  7.908279e-01  6.274182e-04  7.908254e-01  6.274421e-04  7.455003e-01  5.596532e-04  
   0.7704300  7.921665e-01  6.474758e-04  7.921641e-01  6.474990e-04  7.466943e-01  5.774453e-04  
   0.7914300  7.935477e-01  6.677544e-04  7.935455e-01  6.677772e-04  7.479259e-01  5.954251e-04  
   0.8114300  7.949026e-01  6.872799e-04  7.949004e-01  6.873023e-04  7.491339e-01  6.127292e-04  
   0.8324300  7.963676e-01  7.080138e-04  7.963653e-01  7.080358e-04  7.504399e-01  6.310955e-04  
   0.8540300  7.979203e-01  7.295977e-04  7.979180e-01  7.296195e-04  7.518240e-01  6.502054e-04  
   0.8740300  7.993995e-01  7.498237e-04  7.993974e-01  7.498458e-04  7.531419e-01  6.681039e-04  
   0.8950300  8.009964e-01  7.713203e-04  8.009946e-01  7.713430e-04  7.545649e-01  6.871172e-04  
   0.9160300  8.026388e-01  7.930923e-04  8.026369e-01  7.931158e-04  7.560278e-01  7.063642e-04  
   0.9370300  8.043270e-01  8.151504e-04  8.043251e-01  8.151752e-04  7.575315e-01  7.258532e-04  
   0.9580300  8.060621e-01  8.375045e-04  8.060603e-01  8.375313e-04  7.590760e-01  7.455935e-04  
   0.9780300  8.077588e-01  8.590809e-04  8.077570e-01  8.591096e-04  7.605864e-01  7.646361e-04  
   0.9990300  8.095866e-01  8.820470e-04  8.095849e-01  8.820784e-04  7.622133e-01  7.848941e-04  
   1.0200300  8.114632e-01  9.053431e-04  8.114618e-01  9.053776e-04  7.638830e-01  8.054311e-04  
   1.0410300  8.133893e-01  9.289816e-04  8.133879e-01  9.290192e-04  7.655963e-01  8.262576e-04  
   1.0620300  8.153659e-01  9.529744e-04  8.153644e-01  9.530152e-04  7.673541e-01  8.473836e-04  
   1.0830300  8.173931e-01  9.773338e-04  8.173917e-01  9.773782e-04  7.691563e-01  8.688188e-04  
   1.1030300  8.193713e-01  1.000886e-03  8.193702e-01  1.000933e-03  7.709149e-01  8.895310e-04  
   1.1240300  8.214999e-01  1.025998e-03  8.214988e-01  1.026049e-03  7.728063e-01  9.116010e-04  
   1.1450300  8.236817e-01  1.051516e-03  8.236806e-01  1.051570e-03  7.747445e-01  9.340128e-04  
   1.1660300  8.259174e-01  1.077454e-03  8.259165e-01  1.077510e-03  7.767303e-01  9.567778e-04  
   1.1870300  8.282080e-01  1.103825e-03  8.282071e-01  1.103884e-03  7.787639e-01  9.799077e-04  
   1.2080300  8.305545e-01  1.130646e-03  8.305537e-01  1.130707e-03  7.808468e-01  1.003416e-03  
   1.2280300  8.328414e-01  1.156621e-03  8.328409e-01  1.156683e-03  7.828762e-01  1.026166e-03  
   1.2490300  8.352993e-01  1.184364e-03  8.352986e-01  1.184428e-03  7.850564e-01  1.050449e-03  
   1.2706300  8.378889e-01  1.213422e-03  8.378884e-01  1.213487e-03  7.873529e-01  1.075863e-03  
   1.2906300  8.403426e-01  1.240813e-03  8.403422e-01  1.240878e-03  7.895280e-01  1.099801e-03  
   1.3116300  8.429790e-01  1.270097e-03  8.429786e-01  1.270163e-03  7.918643e-01  1.125376e-03  
   1.3326300  8.456767e-01  1.299935e-03  8.456766e-01  1.300002e-03  7.942542e-01  1.151415e-03  
   1.3536299  8.484378e-01  1.330349e-03  8.484378e-01  1.330416e-03  7.966996e-01  1.177935e-03  
   1.3746300  8.512636e-01  1.361360e-03  8.512635e-01  1.361428e-03  7.992013e-01  1.204955e-03  
   1.3946300  8.540161e-01  1.391471e-03  8.540162e-01  1.391539e-03  8.016371e-01  1.231170e-03  
   1.4156300  8.569717e-01  1.423713e-03  8.569720e-01  1.423783e-03  8.042517e-01  1.259219e-03  
   1.4366300  8.599957e-01  1.456622e-03  8.599963e-01  1.456692e-03  8.069258e-01  1.287825e-03  
   1.4576300  8.630900e-01  1.490222e-03  8.630906e-01  1.490293e-03  8.096610e-01  1.317007e-03  
   1.4786299  8.662559e-01  1.524539e-03  8.662567e-01  1.524612e-03  8.124583e-01  1.346787e-03  
   1.4996300  8.694946e-01  1.559600e-03  8.694956e-01  1.559675e-03  8.153189e-01  1.377185e-03  
   1.5196300  8.726483e-01  1.593709e-03  8.726493e-01  1.593785e-03  8.181030e-01  1.406733e-03  
   1.5406300  8.760338e-01  1.630305e-03  8.760351e-01  1.630383e-03  8.210909e-01  1.438409e-03  
   1.5616300  8.794972e-01  1.667731e-03  8.794988e-01  1.667812e-03  8.241460e-01  1.470773e-03  
   1.5826300  8.830399e-01  1.706020e-03  8.830416e-01  1.706104e-03  8.272693e-01  1.503854e-03  
   1.6036299  8.866641e-01  1.745206e-03  8.866659e-01  1.745292e-03  8.304635e-01  1.537678e-03  
   1.6246300  8.903713e-01  1.785324e-03  8.903732e-01  1.785413e-03  8.337288e-01  1.572273e-03  
   1.6446300  8.939806e-01  1.824431e-03  8.939826e-01  1.824523e-03  8.369070e-01  1.605965e-03  
   1.6656300  8.978553e-01  1.866478e-03  8.978575e-01  1.866573e-03  8.403167e-01  1.642155e-03  
   1.6872300  9.019344e-01  1.910822e-03  9.019371e-01  1.910920e-03  8.439047e-01  1.680285e-03  
   1.7072300  9.057973e-01  1.952912e-03  9.057999e-01  1.953013e-03  8.473009e-01  1.716442e-03  
   1.7282300  9.099454e-01  1.998220e-03  9.099484e-01  1.998325e-03  8.509452e-01  1.755326e-03  
   1.7492300  9.141893e-01  2.044718e-03  9.141926e-01  2.044825e-03  8.546723e-01  1.795191e-03  
   1.7702301  9.185319e-01  2.092458e-03  9.185353e-01  2.092569e-03  8.584838e-01  1.836081e-03  
   1.7912300  9.229766e-01  2.141497e-03  9.229804e-01  2.141612e-03  8.623826e-01  1.878041e-03  
   1.8112299  9.273068e-01  2.189464e-03  9.273106e-01  2.189582e-03  8.661791e-01  1.919044e-03  
   1.8322300  9.319582e-01  2.241216e-03  9.319622e-01  2.241337e-03  8.702543e-01  1.963240e-03  
   1.8532300  9.367198e-01  2.294455e-03  9.367243e-01  2.294580e-03  8.744242e-01  2.008659e-03  
   1.8742300  9.415951e-01  2.349255e-03  9.415998e-01  2.349383e-03  8.786905e-01  2.055363e-03  
   1.8952301  9.465876e-01  2.405693e-03  9.465925e-01  2.405827e-03  8.830565e-01  2.103413e-03  
   1.9162300  9.517004e-01  2.463854e-03  9.517056e-01  2.463992e-03  8.875245e-01  2.152877e-03  
   1.9362299  9.566841e-01  2.520929e-03  9.566897e-01  2.521070e-03  8.918777e-01  2.201367e-03  
   1.9572300  9.620420e-01  2.582720e-03  9.620478e-01  2.582866e-03  8.965535e-01  2.253807e-03  
   1.9782300  9.675317e-01  2.646524e-03  9.675373e-01  2.646675e-03  9.013410e-01  2.307896e-03  
   1.9992300  9.731556e-01  2.712460e-03  9.731620e-01  2.712616e-03  9.062425e-01  2.363726e-03  
   2.0202301  9.789201e-01  2.780656e-03  9.789269e-01  2.780818e-03  9.112626e-01  2.421402e-03  
   2.0412300  9.848285e-01  2.851253e-03  9.848357e-01  2.851421e-03  9.164039e-01  2.481038e-03  
   2.0612299  9.905934e-01  2.920863e-03  9.906009e-01  2.921037e-03  9.214165e-01  2.539776e-03  
   2.0822301  9.967973e-01  2.996612e-03  9.968051e-01  2.996794e-03  9.268064e-01  2.603628e-03  
   2.1038301  1.003345e+00  3.077568e-03  1.003353e+00  3.077759e-03  9.324899e-01  2.671799e-03  
   2.1238301  1.009562e+00  3.155473e-03  1.009571e+00  3.155671e-03  9.378825e-01  2.737345e-03  
   2.1448300  1.016258e+00  3.240549e-03  1.016267e+00  3.240757e-03  9.436850e-01  2.808874e-03  
   2.1658299  1.023130e+00  3.329233e-03  1.023140e+00  3.329450e-03  9.496346e-01  2.883396e-03  
   2.1868300  1.030187e+00  3.421813e-03  1.030197e+00  3.422041e-03  9.557378e-01  2.961164e-03  
   2.2078300  1.037434e+00  3.518597e-03  1.037445e+00  3.518837e-03  9.620003e-01  3.042453e-03  
   2.2278299  1.044521e+00  3.615002e-03  1.044532e+00  3.615254e-03  9.681182e-01  3.123427e-03  
   2.2488301  1.052163e+00  3.721029e-03  1.052175e+00  3.721296e-03  9.747090e-01  3.212507e-03  
   2.2698300  1.060020e+00  3.832382e-03  1.060032e+00  3.832663e-03  9.814770e-01  3.306104e-03  
   2.2908299  1.068101e+00  3.949516e-03  1.068113e+00  3.949813e-03  9.884302e-01  3.404625e-03  
   2.3118300  1.076414e+00  4.072925e-03  1.076427e+00  4.073240e-03  9.955751e-01  3.508512e-03  
   2.3328300  1.084969e+00  4.203145e-03  1.084984e+00  4.203480e-03  1.002920e+00  3.618244e-03  
   2.3528299  1.093353e+00  4.334035e-03  1.093367e+00  4.334389e-03  1.010109e+00  3.728668e-03  
   2.3738301  1.102413e+00  4.479298e-03  1.102429e+00  4.479674e-03  1.017868e+00  3.851381e-03  
   2.3948300  1.111750e+00  4.633257e-03  1.111766e+00  4.633656e-03  1.025853e+00  3.981650e-03  
   2.4158299  1.121376e+00  4.796677e-03  1.121392e+00  4.797100e-03  1.034073e+00  4.120166e-03  
   2.4368300  1.131304e+00  4.970386e-03  1.131322e+00  4.970835e-03  1.042539e+00  4.267703e-03  
   2.4578300  1.141551e+00  5.155308e-03  1.141569e+00  5.155782e-03  1.051264e+00  4.425104e-03  
   2.4778299  1.151620e+00  5.342779e-03  1.151638e+00  5.343282e-03  1.059823e+00  4.585046e-03  
   2.4988301  1.162534e+00  5.552653e-03  1.162554e+00  5.553188e-03  1.069087e+00  4.764545e-03  
   2.5204301  1.174148e+00  5.783804e-03  1.174169e+00  5.784370e-03  1.078925e+00  4.962747e-03  
   2.5404301  1.185271e+00  6.013046e-03  1.185293e+00  6.013643e-03  1.088330e+00  5.159805e-03  
   2.5614300  1.197355e+00  6.271189e-03  1.197378e+00  6.271825e-03  1.098527e+00  5.382199e-03  
   2.5824299  1.209878e+00  6.549230e-03  1.209902e+00  6.549905e-03  1.109071e+00  5.622187e-03  
   2.6034300  1.222870e+00  6.849667e-03  1.222895e+00  6.850388e-03  1.119985e+00  5.881818e-03  
   2.6244299  1.236360e+00  7.175551e-03  1.236387e+00  7.176322e-03  1.131288e+00  6.163488e-03  
   2.6444299  1.249705e+00  7.513080e-03  1.249732e+00  7.513906e-03  1.142440e+00  6.454878e-03  
   2.6654301  1.264274e+00  7.900696e-03  1.264303e+00  7.901585e-03  1.154580e+00  6.788495e-03  
   2.6864300  1.279457e+00  8.328541e-03  1.279488e+00  8.329503e-03  1.167190e+00  7.154700e-03  
   2.7074299  1.295304e+00  8.804969e-03  1.295336e+00  8.806017e-03  1.180305e+00  7.558953e-03  
   2.7284300  1.311870e+00  9.341178e-03  1.311904e+00  9.342331e-03  1.193962e+00  8.008221e-03  
   2.7494299  1.329216e+00  9.952285e-03  1.329252e+00  9.953564e-03  1.208203e+00  8.511492e-03  
   2.7694299  1.346526e+00  1.062269e-02  1.346564e+00  1.062411e-02  1.222349e+00  9.051669e-03  
   2.7904301  1.365607e+00  1.144612e-02  1.365648e+00  1.144772e-02  1.237865e+00  9.697339e-03  
   2.8114300  1.385705e+00  1.242891e-02  1.385747e+00  1.243076e-02  1.254118e+00  1.044279e-02  
   2.8324299  1.406917e+00  1.362151e-02  1.406961e+00  1.362366e-02  1.271171e+00  1.131365e-02  
   2.8534300  1.429353e+00  1.509127e-02  1.429401e+00  1.509382e-02  1.289097e+00  1.234313e-02  
   2.8744299  1.453131e+00  1.692693e-02  1.453183e+00  1.693000e-02  1.307973e+00  1.357409e-02  
   2.8944299  1.477140e+00  1.912060e-02  1.477195e+00  1.912434e-02  1.326912e+00  1.498393e-02  
   2.9154301  1.503903e+00  2.203252e-02  1.503961e+00  2.203715e-02  1.347898e+00  1.678050e-02  
   2.9370301  1.533221e+00  2.586858e-02  1.533283e+00  2.587444e-02  1.370762e+00  1.905739e-02  
   2.9570301  1.562094e+00  3.039219e-02  1.562160e+00  3.039950e-02  1.393183e+00  2.165618e-02  
   2.9780300  1.594290e+00  3.641056e-02  1.594361e+00  3.641984e-02  1.418119e+00  2.502396e-02  
   2.9990301  1.628476e+00  4.404194e-02  1.628552e+00  4.405372e-02  1.444585e+00  2.920947e-02  
   3.0200300  1.664667e+00  5.365007e-02  1.664747e+00  5.366498e-02  1.472669e+00  3.441221e-02  
   3.0410299  1.702821e+00  6.563970e-02  1.702906e+00  6.565847e-02  1.502446e+00  4.086948e-02  
   3.0610299  1.740876e+00  7.967064e-02  1.740964e+00  7.969385e-02  1.532425e+00  4.843875e-02  
   3.0820301  1.782437e+00  9.757921e-02  1.782529e+00  9.760796e-02  1.565611e+00  5.818063e-02  
   3.1030300  1.825339e+00  1.191806e-01  1.825435e+00  1.192158e-01  1.600508e+00  7.010773e-02  
   3.1240301  1.869177e+00  1.448938e-01  1.869274e+00  1.449366e-01  1.637012e+00  8.460432e-02  
   3.1450300  1.913431e+00  1.750807e-01  1.913531e+00  1.751319e-01  1.674937e+00  1.020749e-01  
   3.1660299  1.957497e+00  2.100188e-01  1.957595e+00  2.100793e-01  1.714011e+00  1.229302e-01  
   3.1860299  1.998657e+00  2.478615e-01  1.998753e+00  2.479316e-01  1.751950e+00  1.463027e-01  
   3.2070301  2.040317e+00  2.924223e-01  2.040409e+00  2.925030e-01  1.792090e+00  1.748751e-01  
   3.2280300  2.079633e+00  3.418050e-01  2.079720e+00  3.418969e-01  1.831972e+00  2.078675e-01  
   3.2490301  2.115859e+00  3.957277e-01  2.115938e+00  3.958311e-01  1.870929e+00  2.454840e-01  
   3.2700300  2.148309e+00  4.537465e-01  2.148379e+00  4.538614e-01  1.908218e+00  2.878065e-01  
   3.2910299  2.176393e+00  5.152750e-01  2.176452e+00  5.154013e-01  1.943051e+00  3.347724e-01  
   3.3110299  2.198658e+00  5.764919e-01  2.198705e+00  5.766286e-01  1.973211e+00  3.836145e-01  
   3.3320301  2.217036e+00  6.427634e-01  2.217070e+00  6.429105e-01  2.000977e+00  4.388380e-01  
   3.3536301  2.230459e+00  7.122021e-01  2.230479e+00  7.123595e-01  2.024645e+00  4.992637e-01  
   3.3736300  2.237967e+00  7.768799e-01  2.237974e+00  7.770459e-01  2.041597e+00  5.578163e-01  
   3.3946300  2.240954e+00  8.444403e-01  2.240949e+00  8.446149e-01  2.053854e+00  6.211653e-01  
   3.4156301  2.239265e+00  9.109722e-01  2.239246e+00  9.111547e-01  2.060209e+00  6.854999e-01  
   3.4366300  2.233350e+00  9.759150e-01  2.233321e+00  9.761047e-01  2.060645e+00  7.498266e-01  
   3.4576299  2.223733e+00  1.038848e+00  2.223695e+00  1.039045e+00  2.055369e+00  8.131576e-01  
   3.4776299  2.211633e+00  1.096667e+00  2.211586e+00  1.096870e+00  2.045417e+00  8.716975e-01  
   3.4986300  2.196353e+00  1.155019e+00  2.196298e+00  1.155229e+00  2.030382e+00  9.305111e-01  
   3.5196300  2.178914e+00  1.210937e+00  2.178855e+00  1.211153e+00  2.011404e+00  9.859508e-01  
   3.5406301  2.159735e+00  1.264495e+00  2.159671e+00  1.264716e+00  1.989361e+00  1.037542e+00  
   3.5616300  2.139139e+00  1.315823e+00  2.139072e+00  1.316049e+00  1.965183e+00  1.085024e+00  
   3.5826299  2.117368e+00  1.365077e+00  2.117296e+00  1.365306e+00  1.939796e+00  1.128353e+00  
   3.6026299  2.095683e+00  1.410195e+00  2.095611e+00  1.410427e+00  1.915286e+00  1.165911e+00  
   3.6236300  2.072014e+00  1.455801e+00  2.071942e+00  1.456034e+00  1.889922e+00  1.201782e+00  
   3.6446300  2.047489e+00  1.499667e+00  2.047415e+00  1.499900e+00  1.865529e+00  1.234474e+00  
   3.6656301  2.022169e+00  1.541811e+00  2.022097e+00  1.542040e+00  1.842529e+00  1.264559e+00  
   3.6866300  1.996145e+00  1.582198e+00  1.996074e+00  1.582424e+00  1.821160e+00  1.292637e+00  
   3.7076299  1.969555e+00  1.620763e+00  1.969487e+00  1.620984e+00  1.801483e+00  1.319288e+00  
   3.7276299  1.943894e+00  1.655721e+00  1.943830e+00  1.655935e+00  1.784239e+00  1.343810e+00  
   3.7486300  1.916874e+00  1.690500e+00  1.916814e+00  1.690705e+00  1.767527e+00  1.369044e+00  
   3.7702301  1.889377e+00  1.724178e+00  1.889322e+00  1.724374e+00  1.751576e+00  1.394735e+00  
   3.7902300  1.864589e+00  1.753496e+00  1.864540e+00  1.753684e+00  1.737693e+00  1.418422e+00  
   3.8112299  1.839724e+00  1.782470e+00  1.839683e+00  1.782649e+00  1.723837e+00  1.443220e+00  
   3.8322301  1.816545e+00  1.809820e+00  1.816513e+00  1.809992e+00  1.710602e+00  1.467886e+00  
   3.8532300  1.795549e+00  1.835903e+00  1.795526e+00  1.836071e+00  1.697976e+00  1.492316e+00  
   3.8742299  1.777184e+00  1.861216e+00  1.777171e+00  1.861381e+00  1.686065e+00  1.516409e+00  
   3.8942299  1.762474e+00  1.885176e+00  1.762470e+00  1.885342e+00  1.675586e+00  1.538988e+00  
   3.9152300  1.750178e+00  1.910893e+00  1.750184e+00  1.911064e+00  1.665785e+00  1.562341e+00  
   3.9362299  1.741196e+00  1.938019e+00  1.741210e+00  1.938198e+00  1.657569e+00  1.585484e+00  
   3.9572301  1.735423e+00  1.967476e+00  1.735446e+00  1.967668e+00  1.651310e+00  1.608722e+00  
   3.9782300  1.732546e+00  2.000226e+00  1.732575e+00  2.000433e+00  1.647334e+00  1.632516e+00  
   3.9992299  1.732018e+00  2.037220e+00  1.732052e+00  2.037450e+00  1.645882e+00  1.657483e+00  
   4.0192299  1.732991e+00  2.077229e+00  1.733027e+00  2.077480e+00  1.646936e+00  1.683041e+00  
   4.0402298  1.734604e+00  2.125012e+00  1.734641e+00  2.125288e+00  1.650525e+00  1.712570e+00  
   4.0612302  1.735647e+00  2.179338e+00  1.735679e+00  2.179642e+00  1.656366e+00  1.745771e+00  
   4.0822301  1.734756e+00  2.240633e+00  1.734779e+00  2.240965e+00  1.663924e+00  1.783588e+00  
   4.1032300  1.730445e+00  2.309077e+00  1.730456e+00  2.309437e+00  1.672408e+00  1.826924e+00  
   4.1242299  1.721165e+00  2.384570e+00  1.721159e+00  2.384954e+00  1.680775e+00  1.876587e+00  
   4.1442299  1.706283e+00  2.462658e+00  1.706257e+00  2.463064e+00  1.687460e+00  1.930358e+00  
   4.1652298  1.682872e+00  2.550489e+00  1.682822e+00  2.550912e+00  1.691700e+00  1.994019e+00  
   4.1868300  1.649046e+00  2.646059e+00  1.648965e+00  2.646495e+00  1.691373e+00  2.067341e+00  
   4.2068300  1.607781e+00  2.738124e+00  1.607670e+00  2.738567e+00  1.685185e+00  2.142146e+00  
   4.2278299  1.553209e+00  2.837078e+00  1.553063e+00  2.837523e+00  1.670863e+00  2.227300e+00  
   4.2488298  1.486401e+00  2.936768e+00  1.486220e+00  2.937205e+00  1.646822e+00  2.318287e+00  
   4.2698302  1.406907e+00  3.035432e+00  1.406687e+00  3.035856e+00  1.611489e+00  2.413762e+00  
   4.2908301  1.314575e+00  3.131217e+00  1.314318e+00  3.131622e+00  1.563542e+00  2.511997e+00  
   4.3108301  1.214832e+00  3.218045e+00  1.214538e+00  3.218425e+00  1.505259e+00  2.606249e+00  
   4.3318300  1.098115e+00  3.302788e+00  1.097784e+00  3.303138e+00  1.430286e+00  2.703726e+00  
   4.3528299  9.698155e-01  3.379145e+00  9.694504e-01  3.379460e+00  1.341149e+00  2.797254e+00  
   4.3738298  8.309085e-01  3.445363e+00  8.305104e-01  3.445640e+00  1.238326e+00  2.884319e+00  
   4.3948302  6.826167e-01  3.499804e+00  6.821893e-01  3.500039e+00  1.122841e+00  2.962478e+00  
   4.4158301  5.264085e-01  3.540973e+00  5.259557e-01  3.541167e+00  9.962462e-01  3.029484e+00  
   4.4358301  3.718094e-01  3.566649e+00  3.713358e-01  3.566803e+00  8.671795e-01  3.081171e+00  
   4.4568300  2.051566e-01  3.578353e+00  2.046660e-01  3.578465e+00  7.250063e-01  3.121256e+00  
   4.4778299  3.608015e-02  3.573608e+00  3.557745e-02  3.573682e+00  5.785881e-01  3.145808e+00  
   4.4988298  -1.332441e-01  3.551884e+00  -1.337528e-01  3.551922e+00  4.306538e-01  3.154346e+00  
   4.5198302  -3.005449e-01  3.512994e+00  -3.010540e-01  3.512998e+00  2.839078e-01  3.146943e+00  
   4.5408301  -4.634917e-01  3.457130e+00  -4.639955e-01  3.457103e+00  1.409120e-01  3.124198e+00  
   4.5608301  -6.125230e-01  3.388696e+00  -6.130161e-01  3.388641e+00  1.030478e-02  3.089245e+00  
   4.5818300  -7.604046e-01  3.301821e+00  -7.608812e-01  3.301742e+00  -1.191116e-01  3.039970e+00  
   4.6034298  -9.011872e-01  3.197905e+00  -9.016415e-01  3.197805e+00  -2.423916e-01  2.977643e+00  
   4.6234298  -1.019609e+00  3.090232e+00  -1.020039e+00  3.090116e+00  -3.466249e-01  2.911186e+00  
   4.6444302  -1.130172e+00  2.967421e+00  -1.130571e+00  2.967290e+00  -4.451687e-01  2.834271e+00  
   4.6654301  -1.225556e+00  2.837012e+00  -1.225923e+00  2.836869e+00  -5.322840e-01  2.751982e+00  
   4.6864300  -1.305141e+00  2.701597e+00  -1.305474e+00  2.701446e+00  -6.080583e-01  2.666184e+00  
   4.7074299  -1.368789e+00  2.563825e+00  -1.369086e+00  2.563666e+00  -6.728640e-01  2.578592e+00  
   4.7274299  -1.414894e+00  2.432780e+00  -1.415158e+00  2.432617e+00  -7.249258e-01  2.494898e+00  
   4.7484298  -1.448811e+00  2.297663e+00  -1.449041e+00  2.297498e+00  -7.701628e-01  2.407996e+00  
   4.7694302  -1.469015e+00  2.167175e+00  -1.469213e+00  2.167009e+00  -8.065683e-01  2.323175e+00  
   4.7904301  -1.476948e+00  2.043090e+00  -1.477116e+00  2.042925e+00  -8.350272e-01  2.241325e+00  
   4.8114300  -1.474253e+00  1.926778e+00  -1.474393e+00  1.926615e+00  -8.564364e-01  2.163130e+00  
   4.8324299  -1.462670e+00  1.819194e+00  -1.462785e+00  1.819033e+00  -8.716743e-01  2.089091e+00  
   4.8524299  -1.444969e+00  1.725361e+00  -1.445064e+00  1.725203e+00  -8.812172e-01  2.022753e+00  
   4.8734298  -1.420982e+00  1.636092e+00  -1.421056e+00  1.635937e+00  -8.867758e-01  1.957670e+00  
   4.8944302  -1.392968e+00  1.556206e+00  -1.393025e+00  1.556052e+00  -8.884812e-01  1.897344e+00  
   4.9154301  -1.362284e+00  1.485362e+00  -1.362325e+00  1.485209e+00  -8.869964e-01  1.841749e+00  
   4.9364300  -1.330086e+00  1.423034e+00  -1.330113e+00  1.422883e+00  -8.829178e-01  1.790773e+00  
   4.9574299  -1.297324e+00  1.368580e+00  -1.297338e+00  1.368429e+00  -8.767746e-01  1.744239e+00  
   4.9774299  -1.266292e+00  1.323385e+00  -1.266296e+00  1.323235e+00  -8.694292e-01  1.703843e+00  
   4.9984298  -1.234443e+00  1.282224e+00  -1.234437e+00  1.282073e+00  -8.605331e-01  1.665296e+00  
