w Re-xx Im-xx Re-yy Im-yy Re-zz Im-zz
# Gaussian absolute broadening  0.15 [eV]
   0.0000000  7.696193e-01  8.873742e-05  7.696101e-01  8.873743e-05  7.248750e-01  7.885064e-05  
   0.0200000  7.697194e-01  9.497179e-05  7.697102e-01  9.497182e-05  7.249641e-01  8.438712e-05  
   0.0410000  7.698389e-01  1.020762e-04  7.698299e-01  1.020762e-04  7.250700e-01  9.069595e-05  
   0.0620000  7.699748e-01  1.097888e-04  7.699656e-01  1.097889e-04  7.251908e-01  9.754462e-05  
   0.0830000  7.701292e-01  1.181438e-04  7.701198e-01  1.181438e-04  7.253278e-01  1.049633e-04  
   0.1040000  7.703042e-01  1.271706e-04  7.702950e-01  1.271707e-04  7.254834e-01  1.129780e-04  
   0.1240000  7.704918e-01  1.364136e-04  7.704827e-01  1.364138e-04  7.256503e-01  1.211841e-04  
   0.1450000  7.707133e-01  1.468123e-04  7.707043e-01  1.468126e-04  7.258471e-01  1.304157e-04  
   0.1660000  7.709623e-01  1.579281e-04  7.709531e-01  1.579285e-04  7.260680e-01  1.402829e-04  
   0.1870000  7.712403e-01  1.697572e-04  7.712311e-01  1.697577e-04  7.263148e-01  1.507824e-04  
   0.2080000  7.715499e-01  1.822852e-04  7.715405e-01  1.822860e-04  7.265898e-01  1.619011e-04  
   0.2290000  7.718922e-01  1.954868e-04  7.718830e-01  1.954879e-04  7.268941e-01  1.736162e-04  
   0.2490000  7.722507e-01  2.086535e-04  7.722417e-01  2.086549e-04  7.272124e-01  1.852988e-04  
   0.2700000  7.726624e-01  2.230601e-04  7.726533e-01  2.230619e-04  7.275779e-01  1.980798e-04  
   0.2910000  7.731110e-01  2.380128e-04  7.731020e-01  2.380152e-04  7.279763e-01  2.113432e-04  
   0.3120000  7.735977e-01  2.534579e-04  7.735884e-01  2.534609e-04  7.284085e-01  2.250409e-04  
   0.3330000  7.741223e-01  2.693399e-04  7.741131e-01  2.693436e-04  7.288744e-01  2.391234e-04  
   0.3540000  7.746858e-01  2.856053e-04  7.746767e-01  2.856098e-04  7.293745e-01  2.535428e-04  
   0.3740000  7.752584e-01  3.014068e-04  7.752492e-01  3.014123e-04  7.298827e-01  2.675479e-04  
   0.3950000  7.758972e-01  3.182817e-04  7.758884e-01  3.182882e-04  7.304497e-01  2.825008e-04  
   0.4160000  7.765746e-01  3.354093e-04  7.765657e-01  3.354170e-04  7.310510e-01  2.976737e-04  
   0.4374300  7.773063e-01  3.531160e-04  7.772972e-01  3.531249e-04  7.317003e-01  3.133553e-04  
   0.4574300  7.780247e-01  3.698265e-04  7.780156e-01  3.698366e-04  7.323380e-01  3.281502e-04  
   0.4784300  7.788168e-01  3.875481e-04  7.788077e-01  3.875595e-04  7.330405e-01  3.438359e-04  
   0.4994300  7.796471e-01  4.054376e-04  7.796382e-01  4.054503e-04  7.337771e-01  3.596648e-04  
   0.5204300  7.805158e-01  4.234878e-04  7.805069e-01  4.235017e-04  7.345476e-01  3.756307e-04  
   0.5414300  7.814230e-01  4.416954e-04  7.814143e-01  4.417105e-04  7.353524e-01  3.917300e-04  
   0.5614300  7.823232e-01  4.591818e-04  7.823144e-01  4.591982e-04  7.361509e-01  4.071865e-04  
   0.5824300  7.833068e-01  4.776976e-04  7.832980e-01  4.777152e-04  7.370230e-01  4.235468e-04  
   0.6034300  7.843291e-01  4.963760e-04  7.843203e-01  4.963949e-04  7.379295e-01  4.400442e-04  
   0.6244300  7.853913e-01  5.152222e-04  7.853824e-01  5.152421e-04  7.388707e-01  4.566831e-04  
   0.6454300  7.864935e-01  5.342411e-04  7.864846e-01  5.342624e-04  7.398476e-01  4.734677e-04  
   0.6664300  7.876357e-01  5.534394e-04  7.876270e-01  5.534620e-04  7.408602e-01  4.904036e-04  
   0.6864300  7.887612e-01  5.718964e-04  7.887524e-01  5.719202e-04  7.418571e-01  5.066782e-04  
   0.7074300  7.899827e-01  5.914650e-04  7.899743e-01  5.914901e-04  7.429394e-01  5.239250e-04  
   0.7284300  7.912457e-01  6.112334e-04  7.912372e-01  6.112596e-04  7.440582e-01  5.413400e-04  
   0.7494300  7.925508e-01  6.312093e-04  7.925423e-01  6.312369e-04  7.452139e-01  5.589298e-04  
   0.7704300  7.938974e-01  6.514011e-04  7.938890e-01  6.514298e-04  7.464062e-01  5.767000e-04  
   0.7914300  7.952871e-01  6.718162e-04  7.952787e-01  6.718463e-04  7.476365e-01  5.946577e-04  
   0.8114300  7.966501e-01  6.914745e-04  7.966417e-01  6.915058e-04  7.488427e-01  6.119409e-04  
   0.8324300  7.981241e-01  7.123507e-04  7.981156e-01  7.123831e-04  7.501468e-01  6.302852e-04  
   0.8540300  7.996866e-01  7.340842e-04  7.996781e-01  7.341178e-04  7.515291e-01  6.493719e-04  
   0.8740300  8.011747e-01  7.544520e-04  8.011663e-01  7.544867e-04  7.528455e-01  6.672491e-04  
   0.8950300  8.027815e-01  7.761008e-04  8.027734e-01  7.761366e-04  7.542667e-01  6.862399e-04  
   0.9160300  8.044343e-01  7.980281e-04  8.044260e-01  7.980652e-04  7.557279e-01  7.054640e-04  
   0.9370300  8.061332e-01  8.202453e-04  8.061250e-01  8.202833e-04  7.572294e-01  7.249297e-04  
   0.9580300  8.078787e-01  8.427628e-04  8.078706e-01  8.428019e-04  7.587721e-01  7.446468e-04  
   0.9780300  8.095860e-01  8.644981e-04  8.095779e-01  8.645379e-04  7.602804e-01  7.636670e-04  
   0.9990300  8.114254e-01  8.876350e-04  8.114176e-01  8.876756e-04  7.619053e-01  7.839012e-04  
   1.0200300  8.133142e-01  9.111070e-04  8.133063e-01  9.111486e-04  7.635728e-01  8.044145e-04  
   1.0410300  8.152526e-01  9.349252e-04  8.152449e-01  9.349675e-04  7.652841e-01  8.252170e-04  
   1.0620300  8.172417e-01  9.591023e-04  8.172341e-01  9.591453e-04  7.670395e-01  8.463186e-04  
   1.0830300  8.192819e-01  9.836511e-04  8.192742e-01  9.836950e-04  7.688396e-01  8.677295e-04  
   1.1030300  8.212731e-01  1.007388e-03  8.212655e-01  1.007433e-03  7.705959e-01  8.884185e-04  
   1.1240300  8.234157e-01  1.032700e-03  8.234081e-01  1.032745e-03  7.724849e-01  9.104641e-04  
   1.1450300  8.256117e-01  1.058423e-03  8.256042e-01  1.058468e-03  7.744208e-01  9.328516e-04  
   1.1660300  8.278620e-01  1.084571e-03  8.278548e-01  1.084617e-03  7.764039e-01  9.555920e-04  
   1.1870300  8.301679e-01  1.111159e-03  8.301605e-01  1.111205e-03  7.784352e-01  9.786976e-04  
   1.2080300  8.325298e-01  1.138202e-03  8.325226e-01  1.138249e-03  7.805156e-01  1.002181e-03  
   1.2280300  8.348323e-01  1.164396e-03  8.348249e-01  1.164443e-03  7.825422e-01  1.024909e-03  
   1.2490300  8.373066e-01  1.192376e-03  8.372995e-01  1.192423e-03  7.847198e-01  1.049168e-03  
   1.2706300  8.399138e-01  1.221683e-03  8.399068e-01  1.221731e-03  7.870135e-01  1.074557e-03  
   1.2906300  8.423842e-01  1.249314e-03  8.423775e-01  1.249361e-03  7.891861e-01  1.098473e-03  
   1.3116300  8.450388e-01  1.278856e-03  8.450321e-01  1.278905e-03  7.915195e-01  1.124024e-03  
   1.3326300  8.477552e-01  1.308962e-03  8.477485e-01  1.309011e-03  7.939067e-01  1.150038e-03  
   1.3536299  8.505356e-01  1.339653e-03  8.505290e-01  1.339702e-03  7.963489e-01  1.176536e-03  
   1.3746300  8.533811e-01  1.370950e-03  8.533746e-01  1.371000e-03  7.988475e-01  1.203532e-03  
   1.3946300  8.561531e-01  1.401343e-03  8.561468e-01  1.401393e-03  8.012806e-01  1.229725e-03  
   1.4156300  8.591297e-01  1.433892e-03  8.591235e-01  1.433944e-03  8.038921e-01  1.257752e-03  
   1.4366300  8.621755e-01  1.467118e-03  8.621694e-01  1.467171e-03  8.065633e-01  1.286334e-03  
   1.4576300  8.652921e-01  1.501047e-03  8.652861e-01  1.501102e-03  8.092952e-01  1.315494e-03  
   1.4786299  8.684812e-01  1.535706e-03  8.684754e-01  1.535762e-03  8.120894e-01  1.345251e-03  
   1.4996300  8.717437e-01  1.571123e-03  8.717380e-01  1.571180e-03  8.149467e-01  1.375629e-03  
   1.5196300  8.749205e-01  1.605582e-03  8.749151e-01  1.605641e-03  8.177275e-01  1.405157e-03  
   1.5406300  8.783314e-01  1.642561e-03  8.783260e-01  1.642622e-03  8.207120e-01  1.436812e-03  
   1.5616300  8.818209e-01  1.680386e-03  8.818159e-01  1.680450e-03  8.237638e-01  1.469157e-03  
   1.5826300  8.853908e-01  1.719091e-03  8.853856e-01  1.719157e-03  8.268840e-01  1.502219e-03  
   1.6036299  8.890426e-01  1.758709e-03  8.890375e-01  1.758779e-03  8.300744e-01  1.536026e-03  
   1.6246300  8.927785e-01  1.799280e-03  8.927738e-01  1.799353e-03  8.333366e-01  1.570605e-03  
   1.6446300  8.964163e-01  1.838840e-03  8.964116e-01  1.838915e-03  8.365113e-01  1.604284e-03  
   1.6656300  9.003217e-01  1.881384e-03  9.003174e-01  1.881462e-03  8.399177e-01  1.640461e-03  
   1.6872300  9.044336e-01  1.926269e-03  9.044293e-01  1.926350e-03  8.435019e-01  1.678578e-03  
   1.7072300  9.083280e-01  1.968887e-03  9.083237e-01  1.968972e-03  8.468946e-01  1.714726e-03  
   1.7282300  9.125096e-01  2.014786e-03  9.125056e-01  2.014873e-03  8.505355e-01  1.753600e-03  
   1.7492300  9.167892e-01  2.061914e-03  9.167854e-01  2.062005e-03  8.542592e-01  1.793457e-03  
   1.7702301  9.211686e-01  2.110332e-03  9.211650e-01  2.110425e-03  8.580671e-01  1.834338e-03  
   1.7912300  9.256507e-01  2.160106e-03  9.256472e-01  2.160203e-03  8.619625e-01  1.876290e-03  
   1.8112299  9.300181e-01  2.208833e-03  9.300150e-01  2.208933e-03  8.657552e-01  1.917286e-03  
   1.8322300  9.347097e-01  2.261460e-03  9.347066e-01  2.261564e-03  8.698272e-01  1.961473e-03  
   1.8532300  9.395138e-01  2.315669e-03  9.395112e-01  2.315776e-03  8.739936e-01  2.006884e-03  
   1.8742300  9.444330e-01  2.371550e-03  9.444307e-01  2.371661e-03  8.782564e-01  2.053577e-03  
   1.8952301  9.494708e-01  2.429207e-03  9.494687e-01  2.429322e-03  8.826193e-01  2.101619e-03  
   1.9162300  9.546312e-01  2.488749e-03  9.546295e-01  2.488869e-03  8.870840e-01  2.151075e-03  
   1.9362299  9.596619e-01  2.547323e-03  9.596604e-01  2.547448e-03  8.914341e-01  2.199560e-03  
   1.9572300  9.650712e-01  2.610923e-03  9.650699e-01  2.611053e-03  8.961071e-01  2.252004e-03  
   1.9782300  9.706135e-01  2.676829e-03  9.706122e-01  2.676966e-03  9.008918e-01  2.306109e-03  
   1.9992300  9.762939e-01  2.745218e-03  9.762932e-01  2.745361e-03  9.057911e-01  2.361977e-03  
   2.0202301  9.821163e-01  2.816294e-03  9.821160e-01  2.816445e-03  9.108087e-01  2.419728e-03  
   2.0412300  9.880851e-01  2.890288e-03  9.880849e-01  2.890447e-03  9.159481e-01  2.479488e-03  
   2.0612299  9.939106e-01  2.963708e-03  9.939111e-01  2.963875e-03  9.209591e-01  2.538411e-03  
   2.0822301  1.000180e+00  3.044181e-03  1.000181e+00  3.044358e-03  9.263476e-01  2.602552e-03  
   2.1038301  1.006799e+00  3.130903e-03  1.006799e+00  3.131091e-03  9.320299e-01  2.671157e-03  
   2.1238301  1.013085e+00  3.215114e-03  1.013086e+00  3.215314e-03  9.374228e-01  2.737267e-03  
   2.1448300  1.019855e+00  3.307968e-03  1.019857e+00  3.308182e-03  9.432247e-01  2.809606e-03  
   2.1658299  1.026806e+00  3.405791e-03  1.026809e+00  3.406018e-03  9.491757e-01  2.885222e-03  
   2.1868300  1.033945e+00  3.509054e-03  1.033947e+00  3.509295e-03  9.552802e-01  2.964440e-03  
   2.2078300  1.041277e+00  3.618248e-03  1.041280e+00  3.618504e-03  9.615450e-01  3.047619e-03  
   2.2278299  1.048448e+00  3.728243e-03  1.048451e+00  3.728515e-03  9.676660e-01  3.130892e-03  
   2.2488301  1.056182e+00  3.850570e-03  1.056186e+00  3.850859e-03  9.742605e-01  3.223012e-03  
   2.2698300  1.064134e+00  3.980456e-03  1.064138e+00  3.980764e-03  9.810330e-01  3.320411e-03  
   2.2908299  1.072313e+00  4.118512e-03  1.072318e+00  4.118836e-03  9.879925e-01  3.423627e-03  
   2.3118300  1.080729e+00  4.265354e-03  1.080734e+00  4.265699e-03  9.951445e-01  3.533250e-03  
   2.3328300  1.089391e+00  4.421629e-03  1.089396e+00  4.421993e-03  1.002498e+00  3.649912e-03  
   2.3528299  1.097878e+00  4.579851e-03  1.097885e+00  4.580235e-03  1.009694e+00  3.768197e-03  
   2.3738301  1.107053e+00  4.756540e-03  1.107060e+00  4.756944e-03  1.017464e+00  3.900653e-03  
   2.3948300  1.116507e+00  4.944782e-03  1.116515e+00  4.945212e-03  1.025460e+00  4.042361e-03  
   2.4158299  1.126254e+00  5.145409e-03  1.126263e+00  5.145863e-03  1.033692e+00  4.194204e-03  
   2.4368300  1.136308e+00  5.359331e-03  1.136318e+00  5.359814e-03  1.042172e+00  4.357135e-03  
   2.4578300  1.146686e+00  5.587550e-03  1.146696e+00  5.588064e-03  1.050912e+00  4.532195e-03  
   2.4778299  1.156883e+00  5.819233e-03  1.156894e+00  5.819779e-03  1.059486e+00  4.711239e-03  
   2.4988301  1.167939e+00  6.078785e-03  1.167951e+00  6.079370e-03  1.068766e+00  4.913388e-03  
   2.5204301  1.179704e+00  6.364694e-03  1.179717e+00  6.365322e-03  1.078624e+00  5.137889e-03  
   2.5404301  1.190972e+00  6.648156e-03  1.190986e+00  6.648831e-03  1.088048e+00  5.362229e-03  
   2.5614300  1.203216e+00  6.967125e-03  1.203230e+00  6.967858e-03  1.098266e+00  5.616568e-03  
   2.5824299  1.215905e+00  7.310299e-03  1.215921e+00  7.311088e-03  1.108833e+00  5.892172e-03  
   2.6034300  1.229071e+00  7.680549e-03  1.229088e+00  7.681414e-03  1.119770e+00  6.191453e-03  
   2.6244299  1.242744e+00  8.081360e-03  1.242762e+00  8.082299e-03  1.131100e+00  6.517243e-03  
   2.6444299  1.256271e+00  8.495470e-03  1.256290e+00  8.496492e-03  1.142278e+00  6.855295e-03  
   2.6654301  1.271041e+00  8.969544e-03  1.271062e+00  8.970660e-03  1.154447e+00  7.243406e-03  
   2.6864300  1.286436e+00  9.490734e-03  1.286458e+00  9.491960e-03  1.167090e+00  7.670539e-03  
   2.7074299  1.302506e+00  1.006823e-02  1.302530e+00  1.006958e-02  1.180238e+00  8.143176e-03  
   2.7284300  1.319308e+00  1.071425e-02  1.319333e+00  1.071574e-02  1.193932e+00  8.669550e-03  
   2.7494299  1.336904e+00  1.144518e-02  1.336931e+00  1.144684e-02  1.208211e+00  9.260224e-03  
   2.7694299  1.354468e+00  1.224045e-02  1.354497e+00  1.224230e-02  1.222397e+00  9.894999e-03  
   2.7904301  1.373834e+00  1.320822e-02  1.373865e+00  1.321031e-02  1.237958e+00  1.065420e-02  
   2.8114300  1.394235e+00  1.435135e-02  1.394269e+00  1.435376e-02  1.254258e+00  1.153052e-02  
   2.8324299  1.415774e+00  1.572351e-02  1.415811e+00  1.572630e-02  1.271360e+00  1.255293e-02  
   2.8534300  1.438564e+00  1.739593e-02  1.438602e+00  1.739924e-02  1.289335e+00  1.375849e-02  
   2.8744299  1.462724e+00  1.946221e-02  1.462766e+00  1.946619e-02  1.308259e+00  1.519432e-02  
   2.8944299  1.487126e+00  2.190676e-02  1.487172e+00  2.191160e-02  1.327239e+00  1.683021e-02  
   2.9154301  1.514335e+00  2.512135e-02  1.514385e+00  2.512734e-02  1.348258e+00  1.890116e-02  
   2.9370301  1.544153e+00  2.931855e-02  1.544206e+00  2.932614e-02  1.371141e+00  2.150458e-02  
   2.9570301  1.573526e+00  3.422941e-02  1.573584e+00  3.423896e-02  1.393558e+00  2.444965e-02  
   2.9780300  1.606287e+00  4.071769e-02  1.606349e+00  4.072987e-02  1.418461e+00  2.822983e-02  
   2.9990301  1.641078e+00  4.889261e-02  1.641145e+00  4.890817e-02  1.444851e+00  3.288004e-02  
   3.0200300  1.677913e+00  5.912649e-02  1.677985e+00  5.914635e-02  1.472807e+00  3.860073e-02  
   3.0410299  1.716746e+00  7.183172e-02  1.716823e+00  7.185692e-02  1.502392e+00  4.562875e-02  
   3.0610299  1.755473e+00  8.663338e-02  1.755554e+00  8.666480e-02  1.532117e+00  5.378871e-02  
   3.0820301  1.797757e+00  1.054486e-01  1.797842e+00  1.054879e-01  1.564954e+00  6.419685e-02  
   3.1030300  1.841387e+00  1.280576e-01  1.841476e+00  1.281062e-01  1.599405e+00  7.683236e-02  
   3.1240301  1.885937e+00  1.548777e-01  1.886029e+00  1.549371e-01  1.635363e+00  9.207328e-02  
   3.1450300  1.930870e+00  1.862649e-01  1.930964e+00  1.863365e-01  1.672637e+00  1.103168e-01  
   3.1660299  1.975549e+00  2.224874e-01  1.975645e+00  2.225727e-01  1.710954e+00  1.319651e-01  
   3.1860299  2.017212e+00  2.616196e-01  2.017306e+00  2.617191e-01  1.748076e+00  1.561026e-01  
   3.2070301  2.059280e+00  3.075880e-01  2.059372e+00  3.077031e-01  1.787265e+00  1.854772e-01  
   3.2280300  2.098848e+00  3.584140e-01  2.098935e+00  3.585454e-01  1.826113e+00  2.192566e-01  
   3.2490301  2.135136e+00  4.137935e-01  2.135217e+00  4.139415e-01  1.863962e+00  2.576267e-01  
   3.2700300  2.167428e+00  4.732592e-01  2.167500e+00  4.734232e-01  1.900090e+00  3.006460e-01  
   3.2910299  2.195105e+00  5.361996e-01  2.195167e+00  5.363787e-01  1.933728e+00  3.482231e-01  
   3.3110299  2.216731e+00  5.987068e-01  2.216782e+00  5.988988e-01  1.962741e+00  3.975351e-01  
   3.3320301  2.234160e+00  6.662537e-01  2.234200e+00  6.664575e-01  1.989318e+00  4.530947e-01  
   3.3536301  2.246310e+00  7.368975e-01  2.246336e+00  7.371111e-01  2.011817e+00  5.136507e-01  
   3.3736300  2.252374e+00  8.025770e-01  2.252386e+00  8.027967e-01  2.027764e+00  5.720841e-01  
   3.3946300  2.253588e+00  8.710555e-01  2.253587e+00  8.712793e-01  2.039088e+00  6.350147e-01  
   3.4156301  2.249890e+00  9.383572e-01  2.249876e+00  9.385818e-01  2.044678e+00  6.985914e-01  
   3.4366300  2.241766e+00  1.003911e+00  2.241741e+00  1.004134e+00  2.044562e+00  7.617909e-01  
   3.4576299  2.229781e+00  1.067292e+00  2.229744e+00  1.067510e+00  2.038990e+00  8.236123e-01  
   3.4776299  2.215322e+00  1.125379e+00  2.215276e+00  1.125591e+00  2.029032e+00  8.803621e-01  
   3.4986300  2.197503e+00  1.183849e+00  2.197447e+00  1.184053e+00  2.014308e+00  9.369527e-01  
   3.5196300  2.177509e+00  1.239716e+00  2.177445e+00  1.239910e+00  1.995987e+00  9.898653e-01  
   3.5406301  2.155800e+00  1.293059e+00  2.155730e+00  1.293242e+00  1.974950e+00  1.038695e+00  
   3.5616300  2.132742e+00  1.344015e+00  2.132666e+00  1.344187e+00  1.952113e+00  1.083264e+00  
   3.5826299  2.108606e+00  1.392752e+00  2.108527e+00  1.392913e+00  1.928370e+00  1.123630e+00  
   3.6026299  2.084784e+00  1.437256e+00  2.084700e+00  1.437406e+00  1.905656e+00  1.158410e+00  
   3.6236300  2.059000e+00  1.482109e+00  2.058914e+00  1.482248e+00  1.882356e+00  1.191508e+00  
   3.6446300  2.032494e+00  1.525130e+00  2.032405e+00  1.525258e+00  1.860126e+00  1.221665e+00  
   3.6656301  2.005315e+00  1.566361e+00  2.005224e+00  1.566478e+00  1.839297e+00  1.249527e+00  
   3.6866300  1.977527e+00  1.605791e+00  1.977435e+00  1.605899e+00  1.820019e+00  1.275753e+00  
   3.7076299  1.949231e+00  1.643373e+00  1.949139e+00  1.643471e+00  1.802266e+00  1.300955e+00  
   3.7276299  1.921958e+00  1.677382e+00  1.921868e+00  1.677470e+00  1.786635e+00  1.324482e+00  
   3.7486300  1.893205e+00  1.711152e+00  1.893116e+00  1.711231e+00  1.771330e+00  1.349061e+00  
   3.7702301  1.863829e+00  1.743772e+00  1.863743e+00  1.743842e+00  1.756484e+00  1.374466e+00  
   3.7902300  1.837165e+00  1.772074e+00  1.837084e+00  1.772136e+00  1.743303e+00  1.398193e+00  
   3.8112299  1.810153e+00  1.799913e+00  1.810076e+00  1.799968e+00  1.729861e+00  1.423296e+00  
   3.8322301  1.784621e+00  1.826024e+00  1.784553e+00  1.826072e+00  1.716735e+00  1.448479e+00  
   3.8532300  1.761063e+00  1.850721e+00  1.761003e+00  1.850765e+00  1.703956e+00  1.473580e+00  
   3.8742299  1.739948e+00  1.874464e+00  1.739898e+00  1.874505e+00  1.691683e+00  1.498446e+00  
   3.8942299  1.722483e+00  1.896733e+00  1.722441e+00  1.896773e+00  1.680715e+00  1.521822e+00  
   3.9152300  1.707212e+00  1.920452e+00  1.707180e+00  1.920494e+00  1.670300e+00  1.546052e+00  
   3.9362299  1.695248e+00  1.945354e+00  1.695226e+00  1.945399e+00  1.661416e+00  1.570101e+00  
   3.9572301  1.686581e+00  1.972381e+00  1.686566e+00  1.972432e+00  1.654472e+00  1.594279e+00  
   3.9782300  1.680985e+00  2.002530e+00  1.680978e+00  2.002590e+00  1.649824e+00  1.619063e+00  
   3.9992299  1.678004e+00  2.036814e+00  1.678002e+00  2.036882e+00  1.647725e+00  1.645096e+00  
   4.0192299  1.676959e+00  2.074186e+00  1.676959e+00  2.074264e+00  1.648193e+00  1.671768e+00  
   4.0402298  1.676849e+00  2.119208e+00  1.676848e+00  2.119298e+00  1.651194e+00  1.702602e+00  
   4.0612302  1.676619e+00  2.170838e+00  1.676612e+00  2.170939e+00  1.656466e+00  1.737274e+00  
   4.0822301  1.674935e+00  2.229547e+00  1.674919e+00  2.229661e+00  1.663465e+00  1.776743e+00  
   4.1032300  1.670331e+00  2.295548e+00  1.670301e+00  2.295673e+00  1.671389e+00  1.821922e+00  
   4.1242299  1.661265e+00  2.368753e+00  1.661216e+00  2.368887e+00  1.679188e+00  1.873603e+00  
   4.1442299  1.647060e+00  2.444805e+00  1.646991e+00  2.444946e+00  1.685323e+00  1.929430e+00  
   4.1652298  1.624861e+00  2.530631e+00  1.624766e+00  2.530778e+00  1.688980e+00  1.995342e+00  
   4.1868300  1.592816e+00  2.624257e+00  1.592691e+00  2.624408e+00  1.688059e+00  2.071006e+00  
   4.2068300  1.553692e+00  2.714607e+00  1.553537e+00  2.714757e+00  1.681340e+00  2.147921e+00  
   4.2278299  1.501875e+00  2.811830e+00  1.501687e+00  2.811978e+00  1.666504e+00  2.235143e+00  
   4.2488298  1.438343e+00  2.909854e+00  1.438119e+00  2.909999e+00  1.642021e+00  2.327947e+00  
   4.2698302  1.362628e+00  3.006932e+00  1.362369e+00  3.007070e+00  1.606346e+00  2.424897e+00  
   4.2908301  1.274551e+00  3.101233e+00  1.274256e+00  3.101363e+00  1.558189e+00  2.524185e+00  
   4.3108301  1.179252e+00  3.186785e+00  1.178924e+00  3.186906e+00  1.499859e+00  2.618994e+00  
   4.3318300  1.067538e+00  3.270386e+00  1.067176e+00  3.270497e+00  1.425023e+00  2.716562e+00  
   4.3528299  9.444870e-01  3.345865e+00  9.440918e-01  3.345965e+00  1.336238e+00  2.809677e+00  
   4.3738298  8.109468e-01  3.411523e+00  8.105211e-01  3.411614e+00  1.234002e+00  2.895857e+00  
   4.3948302  6.680010e-01  3.465775e+00  6.675464e-01  3.465855e+00  1.119347e+00  2.972730e+00  
   4.4158301  5.169711e-01  3.507158e+00  5.164903e-01  3.507228e+00  9.938243e-01  3.038140e+00  
   4.4358301  3.670193e-01  3.533422e+00  3.665158e-01  3.533483e+00  8.659937e-01  3.088115e+00  
   4.4568300  2.048292e-01  3.546134e+00  2.043043e-01  3.546185e+00  7.253239e-01  3.126312e+00  
   4.4778299  3.969392e-02  3.542761e+00  3.915020e-02  3.542802e+00  5.805871e-01  3.148990e+00  
   4.4988298  -1.262712e-01  3.522715e+00  -1.268310e-01  3.522745e+00  4.344695e-01  3.155769e+00  
   4.5198302  -2.908150e-01  3.485728e+00  -2.913884e-01  3.485747e+00  2.896271e-01  3.146798e+00  
   4.5408301  -4.515876e-01  3.431910e+00  -4.521722e-01  3.431917e+00  1.485676e-01  3.122729e+00  
   4.5608301  -5.990397e-01  3.365474e+00  -5.996329e-01  3.365469e+00  1.978532e-02  3.086766e+00  
   4.5818300  -7.457004e-01  3.280676e+00  -7.463003e-01  3.280656e+00  -1.077842e-01  3.036701e+00  
   4.6034298  -8.855925e-01  3.178800e+00  -8.861972e-01  3.178763e+00  -2.292847e-01  2.973837e+00  
   4.6234298  -1.003424e+00  3.072881e+00  -1.004031e+00  3.072828e+00  -3.320108e-01  2.907108e+00  
   4.6444302  -1.113514e+00  2.951744e+00  -1.114122e+00  2.951671e+00  -4.291378e-01  2.830115e+00  
   4.6654301  -1.208499e+00  2.822827e+00  -1.209104e+00  2.822732e+00  -5.150126e-01  2.747928e+00  
   4.6864300  -1.287698e+00  2.688729e+00  -1.288298e+00  2.688610e+00  -5.897145e-01  2.662385e+00  
   4.7074299  -1.350939e+00  2.552116e+00  -1.351531e+00  2.551972e+00  -6.535943e-01  2.575182e+00  
   4.7274299  -1.396628e+00  2.422055e+00  -1.397208e+00  2.421884e+00  -7.048805e-01  2.491968e+00  
   4.7484298  -1.430083e+00  2.287871e+00  -1.430649e+00  2.287671e+00  -7.493762e-01  2.405674e+00  
   4.7694302  -1.449824e+00  2.158237e+00  -1.450369e+00  2.158007e+00  -7.850723e-01  2.321557e+00  
   4.7904301  -1.457318e+00  2.034947e+00  -1.457838e+00  2.034683e+00  -8.128098e-01  2.240497e+00  
   4.8114300  -1.454238e+00  1.919377e+00  -1.454728e+00  1.919081e+00  -8.334456e-01  2.163163e+00  
   4.8324299  -1.442348e+00  1.812486e+00  -1.442803e+00  1.812156e+00  -8.478248e-01  2.090044e+00  
   4.8524299  -1.424442e+00  1.719261e+00  -1.424859e+00  1.718899e+00  -8.564472e-01  2.024618e+00  
   4.8734298  -1.400338e+00  1.630563e+00  -1.400710e+00  1.630169e+00  -8.609151e-01  1.960511e+00  
   4.8944302  -1.372306e+00  1.551166e+00  -1.372629e+00  1.550741e+00  -8.613949e-01  1.901159e+00  
   4.9154301  -1.341693e+00  1.480713e+00  -1.341964e+00  1.480259e+00  -8.585494e-01  1.846516e+00  
   4.9364300  -1.309638e+00  1.418667e+00  -1.309854e+00  1.418186e+00  -8.529818e-01  1.796454e+00  
   4.9574299  -1.277074e+00  1.364371e+00  -1.277233e+00  1.363866e+00  -8.452323e-01  1.750781e+00  
   4.9774299  -1.246261e+00  1.319209e+00  -1.246363e+00  1.318684e+00  -8.362626e-01  1.711148e+00  
   4.9984298  -1.214652e+00  1.277953e+00  -1.214694e+00  1.277409e+00  -8.255780e-01  1.673335e+00  
