w Re-xx Im-xx Re-yy Im-yy Re-zz Im-zz
# Gaussian absolute broadening  0.15 [eV]
   0.0000000  7.681476e-01  8.828441e-05  7.681753e-01  8.829060e-05  7.332826e-01  8.161525e-05  
   0.0200000  7.682475e-01  9.448612e-05  7.682750e-01  9.449317e-05  7.333750e-01  8.734867e-05  
   0.0410000  7.683661e-01  1.015531e-04  7.683938e-01  1.015612e-04  7.334846e-01  9.388207e-05  
   0.0620000  7.685015e-01  1.092252e-04  7.685291e-01  1.092343e-04  7.336095e-01  1.009747e-04  
   0.0830000  7.686549e-01  1.175362e-04  7.686824e-01  1.175465e-04  7.337514e-01  1.086580e-04  
   0.1040000  7.688293e-01  1.265154e-04  7.688568e-01  1.265269e-04  7.339126e-01  1.169589e-04  
   0.1240000  7.690158e-01  1.357097e-04  7.690433e-01  1.357225e-04  7.340853e-01  1.254585e-04  
   0.1450000  7.692364e-01  1.460535e-04  7.692640e-01  1.460676e-04  7.342888e-01  1.350205e-04  
   0.1660000  7.694838e-01  1.571105e-04  7.695114e-01  1.571261e-04  7.345178e-01  1.452417e-04  
   0.1870000  7.697603e-01  1.688773e-04  7.697882e-01  1.688942e-04  7.347733e-01  1.561185e-04  
   0.2080000  7.700681e-01  1.813393e-04  7.700959e-01  1.813576e-04  7.350582e-01  1.676376e-04  
   0.2290000  7.704090e-01  1.944714e-04  7.704369e-01  1.944910e-04  7.353731e-01  1.797757e-04  
   0.2490000  7.707657e-01  2.075690e-04  7.707935e-01  2.075898e-04  7.357029e-01  1.918814e-04  
   0.2700000  7.711751e-01  2.218999e-04  7.712028e-01  2.219220e-04  7.360815e-01  2.051263e-04  
   0.2910000  7.716215e-01  2.367744e-04  7.716493e-01  2.367976e-04  7.364936e-01  2.188729e-04  
   0.3120000  7.721056e-01  2.521388e-04  7.721334e-01  2.521628e-04  7.369412e-01  2.330713e-04  
   0.3330000  7.726276e-01  2.679380e-04  7.726554e-01  2.679630e-04  7.374238e-01  2.476709e-04  
   0.3540000  7.731881e-01  2.841186e-04  7.732157e-01  2.841444e-04  7.379421e-01  2.626221e-04  
   0.3740000  7.737577e-01  2.998380e-04  7.737856e-01  2.998644e-04  7.384684e-01  2.771463e-04  
   0.3950000  7.743933e-01  3.166253e-04  7.744212e-01  3.166521e-04  7.390559e-01  2.926560e-04  
   0.4160000  7.750672e-01  3.336638e-04  7.750950e-01  3.336911e-04  7.396787e-01  3.083970e-04  
   0.4374300  7.757950e-01  3.512786e-04  7.758229e-01  3.513062e-04  7.403513e-01  3.246693e-04  
   0.4574300  7.765098e-01  3.679022e-04  7.765378e-01  3.679302e-04  7.410122e-01  3.400253e-04  
   0.4784300  7.772978e-01  3.855315e-04  7.773257e-01  3.855597e-04  7.417403e-01  3.563091e-04  
   0.4994300  7.781236e-01  4.033276e-04  7.781518e-01  4.033562e-04  7.425038e-01  3.727462e-04  
   0.5204300  7.789882e-01  4.212834e-04  7.790163e-01  4.213123e-04  7.433025e-01  3.893300e-04  
   0.5414300  7.798907e-01  4.393954e-04  7.799190e-01  4.394246e-04  7.441363e-01  4.060571e-04  
   0.5614300  7.807862e-01  4.567897e-04  7.808143e-01  4.568195e-04  7.449642e-01  4.221208e-04  
   0.5824300  7.817646e-01  4.752080e-04  7.817928e-01  4.752382e-04  7.458679e-01  4.391292e-04  
   0.6034300  7.827817e-01  4.937875e-04  7.828097e-01  4.938182e-04  7.468081e-01  4.562854e-04  
   0.6244300  7.838383e-01  5.125331e-04  7.838668e-01  5.125648e-04  7.477845e-01  4.735950e-04  
   0.6454300  7.849344e-01  5.314510e-04  7.849629e-01  5.314836e-04  7.487975e-01  4.910619e-04  
   0.6664300  7.860710e-01  5.505467e-04  7.860995e-01  5.505807e-04  7.498475e-01  5.086928e-04  
   0.6864300  7.871904e-01  5.689046e-04  7.872192e-01  5.689397e-04  7.508820e-01  5.256417e-04  
   0.7074300  7.884057e-01  5.883676e-04  7.884345e-01  5.884041e-04  7.520049e-01  5.436098e-04  
   0.7284300  7.896621e-01  6.080293e-04  7.896909e-01  6.080674e-04  7.531657e-01  5.617606e-04  
   0.7494300  7.909602e-01  6.278972e-04  7.909891e-01  6.279370e-04  7.543650e-01  5.801010e-04  
   0.7704300  7.922999e-01  6.479787e-04  7.923286e-01  6.480205e-04  7.556027e-01  5.986378e-04  
   0.7914300  7.936822e-01  6.682825e-04  7.937113e-01  6.683266e-04  7.568798e-01  6.173791e-04  
   0.8114300  7.950380e-01  6.878334e-04  7.950671e-01  6.878796e-04  7.581324e-01  6.354246e-04  
   0.8324300  7.965041e-01  7.085950e-04  7.965334e-01  7.086437e-04  7.594867e-01  6.545872e-04  
   0.8540300  7.980582e-01  7.302089e-04  7.980875e-01  7.302602e-04  7.609223e-01  6.745359e-04  
   0.8740300  7.995387e-01  7.504645e-04  7.995681e-01  7.505181e-04  7.622901e-01  6.932304e-04  
   0.8950300  8.011371e-01  7.719936e-04  8.011666e-01  7.720498e-04  7.637666e-01  7.130998e-04  
   0.9160300  8.027809e-01  7.938001e-04  8.028105e-01  7.938588e-04  7.652848e-01  7.332248e-04  
   0.9370300  8.044708e-01  8.158946e-04  8.045004e-01  8.159560e-04  7.668458e-01  7.536157e-04  
   0.9580300  8.062074e-01  8.382878e-04  8.062372e-01  8.383516e-04  7.684497e-01  7.742821e-04  
   0.9780300  8.079055e-01  8.599031e-04  8.079353e-01  8.599691e-04  7.700182e-01  7.942311e-04  
   0.9990300  8.097354e-01  8.829127e-04  8.097655e-01  8.829812e-04  7.717083e-01  8.154673e-04  
   1.0200300  8.116137e-01  9.062551e-04  8.116439e-01  9.063259e-04  7.734432e-01  8.370114e-04  
   1.0410300  8.135419e-01  9.299429e-04  8.135721e-01  9.300156e-04  7.752241e-01  8.588751e-04  
   1.0620300  8.155205e-01  9.539881e-04  8.155506e-01  9.540622e-04  7.770513e-01  8.810700e-04  
   1.0830300  8.175499e-01  9.784030e-04  8.175803e-01  9.784788e-04  7.789255e-01  9.036086e-04  
   1.1030300  8.195305e-01  1.002011e-03  8.195611e-01  1.002088e-03  7.807547e-01  9.254040e-04  
   1.1240300  8.216614e-01  1.027186e-03  8.216922e-01  1.027264e-03  7.827228e-01  9.486489e-04  
   1.1450300  8.238457e-01  1.052770e-03  8.238766e-01  1.052849e-03  7.847401e-01  9.722756e-04  
   1.1660300  8.260841e-01  1.078779e-03  8.261151e-01  1.078858e-03  7.868073e-01  9.962983e-04  
   1.1870300  8.283776e-01  1.105226e-03  8.284087e-01  1.105305e-03  7.889255e-01  1.020732e-03  
   1.2080300  8.307270e-01  1.132127e-03  8.307583e-01  1.132206e-03  7.910953e-01  1.045592e-03  
   1.2280300  8.330170e-01  1.158183e-03  8.330485e-01  1.158263e-03  7.932104e-01  1.069681e-03  
   1.2490300  8.354782e-01  1.186018e-03  8.355098e-01  1.186098e-03  7.954834e-01  1.095427e-03  
   1.2706300  8.380715e-01  1.215176e-03  8.381032e-01  1.215256e-03  7.978786e-01  1.122413e-03  
   1.2906300  8.405289e-01  1.242669e-03  8.405608e-01  1.242748e-03  8.001482e-01  1.147878e-03  
   1.3116300  8.431690e-01  1.272067e-03  8.432011e-01  1.272147e-03  8.025870e-01  1.175139e-03  
   1.3326300  8.458710e-01  1.302030e-03  8.459034e-01  1.302111e-03  8.050832e-01  1.202965e-03  
   1.3536299  8.486367e-01  1.332581e-03  8.486691e-01  1.332663e-03  8.076381e-01  1.231394e-03  
   1.3746300  8.514671e-01  1.363745e-03  8.514999e-01  1.363827e-03  8.102532e-01  1.260469e-03  
   1.3946300  8.542244e-01  1.394019e-03  8.542573e-01  1.394102e-03  8.128008e-01  1.288812e-03  
   1.4156300  8.571854e-01  1.426456e-03  8.572187e-01  1.426541e-03  8.155370e-01  1.319318e-03  
   1.4366300  8.602155e-01  1.459590e-03  8.602487e-01  1.459678e-03  8.183374e-01  1.350665e-03  
   1.4576300  8.633158e-01  1.493456e-03  8.633493e-01  1.493545e-03  8.212035e-01  1.382947e-03  
   1.4786299  8.664883e-01  1.528091e-03  8.665218e-01  1.528182e-03  8.241364e-01  1.416275e-03  
   1.4996300  8.697341e-01  1.563537e-03  8.697682e-01  1.563630e-03  8.271376e-01  1.450780e-03  
   1.5196300  8.728947e-01  1.598093e-03  8.729289e-01  1.598188e-03  8.300604e-01  1.484871e-03  
   1.5406300  8.762884e-01  1.635266e-03  8.763229e-01  1.635364e-03  8.331996e-01  1.522120e-03  
   1.5616300  8.797606e-01  1.673410e-03  8.797953e-01  1.673511e-03  8.364117e-01  1.561040e-03  
   1.5826300  8.833126e-01  1.712596e-03  8.833476e-01  1.712699e-03  8.396984e-01  1.601831e-03  
   1.6036299  8.869467e-01  1.752900e-03  8.869818e-01  1.753006e-03  8.430616e-01  1.644706e-03  
   1.6246300  8.906646e-01  1.794411e-03  8.906999e-01  1.794521e-03  8.465031e-01  1.689883e-03  
   1.6446300  8.942850e-01  1.835156e-03  8.943207e-01  1.835269e-03  8.498546e-01  1.735254e-03  
   1.6656300  8.981722e-01  1.879312e-03  8.982082e-01  1.879430e-03  8.534538e-01  1.785575e-03  
   1.6872300  9.022651e-01  1.926323e-03  9.023014e-01  1.926444e-03  8.572439e-01  1.840438e-03  
   1.7072300  9.061418e-01  1.971408e-03  9.061780e-01  1.971534e-03  8.608344e-01  1.894261e-03  
   1.7282300  9.103045e-01  2.020487e-03  9.103411e-01  2.020619e-03  8.646909e-01  1.954137e-03  
   1.7492300  9.145646e-01  2.071488e-03  9.146018e-01  2.071624e-03  8.686385e-01  2.017707e-03  
   1.7702301  9.189247e-01  2.124554e-03  9.189624e-01  2.124695e-03  8.726795e-01  2.085241e-03  
   1.7912300  9.233879e-01  2.179828e-03  9.234252e-01  2.179975e-03  8.768169e-01  2.157031e-03  
   1.8112299  9.277362e-01  2.234656e-03  9.277741e-01  2.234809e-03  8.808496e-01  2.229651e-03  
   1.8322300  9.324075e-01  2.294656e-03  9.324458e-01  2.294815e-03  8.851832e-01  2.310699e-03  
   1.8532300  9.371909e-01  2.357280e-03  9.372293e-01  2.357446e-03  8.896218e-01  2.397035e-03  
   1.8742300  9.420882e-01  2.422659e-03  9.421276e-01  2.422835e-03  8.941690e-01  2.489071e-03  
   1.8952301  9.471046e-01  2.490928e-03  9.471437e-01  2.491111e-03  8.988271e-01  2.587269e-03  
   1.9162300  9.522423e-01  2.562215e-03  9.522818e-01  2.562408e-03  9.036008e-01  2.692150e-03  
   1.9362299  9.572507e-01  2.633050e-03  9.572908e-01  2.633253e-03  9.082565e-01  2.798817e-03  
   1.9572300  9.626353e-01  2.710675e-03  9.626759e-01  2.710889e-03  9.132645e-01  2.918662e-03  
   1.9782300  9.681533e-01  2.791832e-03  9.681943e-01  2.792059e-03  9.183981e-01  3.047482e-03  
   1.9992300  9.738076e-01  2.876777e-03  9.738489e-01  2.877018e-03  9.236616e-01  3.186497e-03  
   2.0202301  9.796042e-01  2.965842e-03  9.796458e-01  2.966100e-03  9.290601e-01  3.337270e-03  
   2.0412300  9.855459e-01  3.059444e-03  9.855881e-01  3.059718e-03  9.345977e-01  3.501767e-03  
   2.0612299  9.913444e-01  3.153280e-03  9.913872e-01  3.153573e-03  9.400047e-01  3.673398e-03  
   2.0822301  9.975858e-01  3.257338e-03  9.976286e-01  3.257652e-03  9.458263e-01  3.872084e-03  
   2.1038301  1.004174e+00  3.371048e-03  1.004218e+00  3.371384e-03  9.519738e-01  4.099590e-03  
   2.1238301  1.010431e+00  3.483160e-03  1.010476e+00  3.483519e-03  9.578127e-01  4.334560e-03  
   2.1448300  1.017171e+00  3.608854e-03  1.017216e+00  3.609238e-03  9.640998e-01  4.610139e-03  
   2.1658299  1.024089e+00  3.743706e-03  1.024134e+00  3.744118e-03  9.705505e-01  4.919046e-03  
   2.1868300  1.031192e+00  3.888776e-03  1.031238e+00  3.889215e-03  9.771668e-01  5.264910e-03  
   2.2078300  1.038487e+00  4.045126e-03  1.038534e+00  4.045594e-03  9.839504e-01  5.650912e-03  
   2.2278299  1.045620e+00  4.205485e-03  1.045667e+00  4.205986e-03  9.905692e-01  6.058180e-03  
   2.2488301  1.053311e+00  4.386867e-03  1.053359e+00  4.387400e-03  9.976864e-01  6.529076e-03  
   2.2698300  1.061214e+00  4.582499e-03  1.061262e+00  4.583064e-03  1.004976e+00  7.044994e-03  
   2.2908299  1.069339e+00  4.793243e-03  1.069388e+00  4.793846e-03  1.012442e+00  7.605604e-03  
   2.3118300  1.077693e+00  5.019874e-03  1.077744e+00  5.020515e-03  1.020085e+00  8.209506e-03  
   2.3328300  1.086287e+00  5.263044e-03  1.086338e+00  5.263726e-03  1.027910e+00  8.854267e-03  
   2.3528299  1.094701e+00  5.510517e-03  1.094752e+00  5.511239e-03  1.035534e+00  9.503338e-03  
   2.3738301  1.103787e+00  5.787475e-03  1.103839e+00  5.788242e-03  1.043728e+00  1.021786e-02  
   2.3948300  1.113142e+00  6.082296e-03  1.113195e+00  6.083112e-03  1.052121e+00  1.096192e-02  
   2.4158299  1.122777e+00  6.395233e-03  1.122831e+00  6.396098e-03  1.060723e+00  1.173103e-02  
   2.4368300  1.132705e+00  6.726458e-03  1.132760e+00  6.727374e-03  1.069547e+00  1.252085e-02  
   2.4578300  1.142941e+00  7.076064e-03  1.142996e+00  7.077035e-03  1.078604e+00  1.332734e-02  
   2.4778299  1.152987e+00  7.426171e-03  1.153044e+00  7.427196e-03  1.087461e+00  1.410780e-02  
   2.4988301  1.163868e+00  7.811871e-03  1.163925e+00  7.812956e-03  1.097020e+00  1.493770e-02  
   2.5204301  1.175432e+00  8.228065e-03  1.175491e+00  8.229213e-03  1.107147e+00  1.580054e-02  
   2.5404301  1.186496e+00  8.631309e-03  1.186556e+00  8.632514e-03  1.116810e+00  1.660694e-02  
   2.5614300  1.198504e+00  9.073756e-03  1.198565e+00  9.075021e-03  1.127272e+00  1.746146e-02  
   2.5824299  1.210938e+00  9.536624e-03  1.211000e+00  9.537955e-03  1.138079e+00  1.832503e-02  
   2.6034300  1.223825e+00  1.002144e-02  1.223888e+00  1.002283e-02  1.149258e+00  1.919975e-02  
   2.6244299  1.237197e+00  1.053046e-02  1.237262e+00  1.053192e-02  1.160832e+00  2.008871e-02  
   2.6444299  1.250417e+00  1.104082e-02  1.250483e+00  1.104235e-02  1.172252e+00  2.095252e-02  
   2.6654301  1.264843e+00  1.160805e-02  1.264911e+00  1.160965e-02  1.184687e+00  2.188296e-02  
   2.6864300  1.279870e+00  1.221381e-02  1.279940e+00  1.221548e-02  1.197613e+00  2.284437e-02  
   2.7074299  1.295549e+00  1.286704e-02  1.295620e+00  1.286880e-02  1.211068e+00  2.384574e-02  
   2.7284300  1.311935e+00  1.357992e-02  1.312008e+00  1.358177e-02  1.225093e+00  2.489837e-02  
   2.7494299  1.329090e+00  1.436892e-02  1.329165e+00  1.437089e-02  1.239735e+00  2.601638e-02  
   2.7694299  1.346208e+00  1.521145e-02  1.346285e+00  1.521355e-02  1.254303e+00  2.715821e-02  
   2.7904301  1.365077e+00  1.622038e-02  1.365156e+00  1.622265e-02  1.270309e+00  2.845939e-02  
   2.8114300  1.384948e+00  1.739569e-02  1.385030e+00  1.739819e-02  1.287104e+00  2.989278e-02  
   2.8324299  1.405920e+00  1.879016e-02  1.406004e+00  1.879297e-02  1.304762e+00  3.149344e-02  
   2.8534300  1.428101e+00  2.047342e-02  1.428188e+00  2.047664e-02  1.323359e+00  3.330559e-02  
   2.8744299  1.451604e+00  2.253626e-02  1.451695e+00  2.254005e-02  1.342983e+00  3.538492e-02  
   2.8944299  1.475329e+00  2.496056e-02  1.475423e+00  2.496507e-02  1.362713e+00  3.767768e-02  
   2.9154301  1.501767e+00  2.813050e-02  1.501865e+00  2.813599e-02  1.384614e+00  4.049728e-02  
   2.9370301  1.530717e+00  3.224882e-02  1.530819e+00  3.225569e-02  1.408517e+00  4.395127e-02  
   2.9570301  1.559211e+00  3.704765e-02  1.559317e+00  3.705614e-02  1.431993e+00  4.777672e-02  
   2.9780300  1.590961e+00  4.336609e-02  1.591072e+00  4.337678e-02  1.458129e+00  5.260320e-02  
   2.9990301  1.624645e+00  5.130339e-02  1.624760e+00  5.131686e-02  1.485883e+00  5.845647e-02  
   3.0200300  1.660267e+00  6.121502e-02  1.660387e+00  6.123196e-02  1.515333e+00  6.557524e-02  
   3.0410299  1.697776e+00  7.349454e-02  1.697902e+00  7.351568e-02  1.546530e+00  7.423968e-02  
   3.0610299  1.735139e+00  8.777577e-02  1.735270e+00  8.780170e-02  1.577881e+00  8.422258e-02  
   3.0820301  1.775886e+00  1.059035e-01  1.776022e+00  1.059353e-01  1.612488e+00  9.686846e-02  
   3.1030300  1.817880e+00  1.276596e-01  1.818018e+00  1.276982e-01  1.648728e+00  1.121178e-01  
   3.1240301  1.860708e+00  1.534414e-01  1.860851e+00  1.534875e-01  1.686427e+00  1.303870e-01  
   3.1450300  1.903861e+00  1.835874e-01  1.904005e+00  1.836419e-01  1.725319e+00  1.520996e-01  
   3.1660299  1.946732e+00  2.183523e-01  1.946878e+00  2.184156e-01  1.765040e+00  1.776678e-01  
   3.1860299  1.986682e+00  2.558873e-01  1.986827e+00  2.559594e-01  1.803207e+00  2.059460e-01  
   3.2070301  2.027009e+00  2.999570e-01  2.027151e+00  3.000382e-01  1.843089e+00  2.400615e-01  
   3.2280300  2.064943e+00  3.486621e-01  2.065083e+00  3.487521e-01  1.882110e+00  2.789215e-01  
   3.2490301  2.099770e+00  4.017102e-01  2.099904e+00  4.018086e-01  1.919524e+00  3.226219e-01  
   3.2700300  2.130823e+00  4.586529e-01  2.130950e+00  4.587585e-01  1.954524e+00  3.711063e-01  
   3.2910299  2.157543e+00  5.189042e-01  2.157662e+00  5.190161e-01  1.986290e+00  4.241494e-01  
   3.3110299  2.178570e+00  5.787237e-01  2.178679e+00  5.788402e-01  2.012800e+00  4.785341e-01  
   3.3320301  2.195739e+00  6.433474e-01  2.195838e+00  6.434669e-01  2.035995e+00  5.391367e-01  
   3.3536301  2.208048e+00  7.109126e-01  2.208135e+00  7.110336e-01  2.054245e+00  6.044291e-01  
   3.3736300  2.214668e+00  7.737095e-01  2.214744e+00  7.738307e-01  2.065624e+00  6.667234e-01  
   3.3946300  2.216904e+00  8.391617e-01  2.216968e+00  8.392813e-01  2.071586e+00  7.330674e-01  
   3.4156301  2.214670e+00  9.034680e-01  2.214724e+00  9.035853e-01  2.071352e+00  7.993369e-01  
   3.4366300  2.208448e+00  9.660886e-01  2.208491e+00  9.662030e-01  2.065076e+00  8.644818e-01  
   3.4576299  2.198783e+00  1.026627e+00  2.198817e+00  1.026739e+00  2.053150e+00  9.275156e-01  
   3.4776299  2.186898e+00  1.082118e+00  2.186925e+00  1.082227e+00  2.037078e+00  9.847873e-01  
   3.4986300  2.172135e+00  1.138004e+00  2.172155e+00  1.138112e+00  2.015981e+00  1.041345e+00  
   3.5196300  2.155528e+00  1.191463e+00  2.155542e+00  1.191570e+00  1.991429e+00  1.093737e+00  
   3.5406301  2.137502e+00  1.242599e+00  2.137511e+00  1.242707e+00  1.964372e+00  1.141681e+00  
   3.5616300  2.118384e+00  1.291572e+00  2.118388e+00  1.291683e+00  1.935762e+00  1.185116e+00  
   3.5826299  2.098404e+00  1.338571e+00  2.098405e+00  1.338685e+00  1.906505e+00  1.224201e+00  
   3.6026299  2.078707e+00  1.381654e+00  2.078706e+00  1.381772e+00  1.878766e+00  1.257685e+00  
   3.6236300  2.057399e+00  1.425263e+00  2.057395e+00  1.425387e+00  1.850402e+00  1.289370e+00  
   3.6446300  2.035485e+00  1.467284e+00  2.035480e+00  1.467414e+00  1.823300e+00  1.318046e+00  
   3.6656301  2.012999e+00  1.507736e+00  2.012993e+00  1.507873e+00  1.797775e+00  1.344296e+00  
   3.6866300  1.989998e+00  1.546584e+00  1.989991e+00  1.546726e+00  1.773976e+00  1.368686e+00  
   3.7076299  1.966593e+00  1.583752e+00  1.966586e+00  1.583899e+00  1.751919e+00  1.391717e+00  
   3.7276299  1.944094e+00  1.617505e+00  1.944089e+00  1.617656e+00  1.732445e+00  1.412763e+00  
   3.7486300  1.920517e+00  1.651148e+00  1.920514e+00  1.651303e+00  1.713467e+00  1.434219e+00  
   3.7702301  1.896687e+00  1.683814e+00  1.896688e+00  1.683971e+00  1.695345e+00  1.455812e+00  
   3.7902300  1.875404e+00  1.712367e+00  1.875409e+00  1.712525e+00  1.679693e+00  1.475478e+00  
   3.8112299  1.854334e+00  1.740772e+00  1.854345e+00  1.740933e+00  1.664337e+00  1.495840e+00  
   3.8322301  1.835063e+00  1.767877e+00  1.835081e+00  1.768039e+00  1.650061e+00  1.515935e+00  
   3.8532300  1.818068e+00  1.794143e+00  1.818094e+00  1.794309e+00  1.636916e+00  1.535796e+00  
   3.8742299  1.803759e+00  1.820188e+00  1.803795e+00  1.820356e+00  1.625025e+00  1.555502e+00  
   3.8942299  1.792910e+00  1.845466e+00  1.792953e+00  1.845641e+00  1.615029e+00  1.574262e+00  
   3.9152300  1.784582e+00  1.873333e+00  1.784633e+00  1.873515e+00  1.606125e+00  1.594180e+00  
   3.9362299  1.779366e+00  1.903476e+00  1.779423e+00  1.903670e+00  1.599059e+00  1.614664e+00  
   3.9572301  1.777029e+00  1.936869e+00  1.777090e+00  1.937077e+00  1.594016e+00  1.636164e+00  
   3.9782300  1.777105e+00  1.974474e+00  1.777168e+00  1.974696e+00  1.591116e+00  1.659235e+00  
   3.9992299  1.778902e+00  2.017182e+00  1.778964e+00  2.017425e+00  1.590394e+00  1.684527e+00  
   4.0192299  1.781383e+00  2.063320e+00  1.781438e+00  2.063582e+00  1.591654e+00  1.711343e+00  
   4.0402298  1.783731e+00  2.118094e+00  1.783776e+00  2.118379e+00  1.594798e+00  1.743113e+00  
   4.0612302  1.784567e+00  2.179758e+00  1.784598e+00  2.180068e+00  1.599414e+00  1.779374e+00  
   4.0822301  1.782503e+00  2.248487e+00  1.782515e+00  2.248822e+00  1.604909e+00  1.820917e+00  
   4.1032300  1.776081e+00  2.324191e+00  1.776071e+00  2.324550e+00  1.610486e+00  1.868475e+00  
   4.1242299  1.763827e+00  2.406506e+00  1.763790e+00  2.406889e+00  1.615132e+00  1.922678e+00  
   4.1442299  1.745419e+00  2.490467e+00  1.745354e+00  2.490869e+00  1.617582e+00  1.980903e+00  
   4.1652298  1.717728e+00  2.583612e+00  1.717632e+00  2.584032e+00  1.616738e+00  2.049208e+00  
   4.1868300  1.679060e+00  2.683581e+00  1.678931e+00  2.684017e+00  1.610622e+00  2.127094e+00  
   4.2068300  1.633087e+00  2.778666e+00  1.632928e+00  2.779109e+00  1.598684e+00  2.205764e+00  
   4.2278299  1.573501e+00  2.879668e+00  1.573312e+00  2.880113e+00  1.578052e+00  2.294439e+00  
   4.2488298  1.501759e+00  2.980268e+00  1.501541e+00  2.980709e+00  1.547568e+00  2.388218e+00  
   4.2698302  1.417532e+00  3.078767e+00  1.417287e+00  3.079199e+00  1.505809e+00  2.485581e+00  
   4.2908301  1.320758e+00  3.173409e+00  1.320490e+00  3.173823e+00  1.451618e+00  2.584632e+00  
   4.3108301  1.217109e+00  3.258345e+00  1.216823e+00  3.258736e+00  1.387709e+00  2.678526e+00  
   4.3318300  1.096668e+00  3.340385e+00  1.096366e+00  3.340747e+00  1.307327e+00  2.774317e+00  
   4.3528299  9.650503e-01  3.413435e+00  9.647335e-01  3.413760e+00  1.213451e+00  2.864729e+00  
   4.3738298  8.232418e-01  3.475866e+00  8.229147e-01  3.476150e+00  1.106712e+00  2.947209e+00  
   4.3948302  6.724820e-01  3.526158e+00  6.721471e-01  3.526396e+00  9.882610e-01  3.019329e+00  
   4.4158301  5.142658e-01  3.562926e+00  5.139261e-01  3.563116e+00  8.597512e-01  3.078913e+00  
   4.4358301  3.582197e-01  3.584271e+00  3.578774e-01  3.584413e+00  7.298997e-01  3.122360e+00  
   4.4568300  1.905876e-01  3.591378e+00  1.902458e-01  3.591468e+00  5.880287e-01  3.152728e+00  
   4.4778299  2.114822e-02  3.582090e+00  2.080968e-02  3.582130e+00  4.430719e-01  3.166681e+00  
   4.4988298  -1.478591e-01  3.555985e+00  -1.481909e-01  3.555977e+00  2.977420e-01  3.163982e+00  
   4.5198302  -3.141098e-01  3.512996e+00  -3.144311e-01  3.512943e+00  1.547121e-01  3.144967e+00  
   4.5408301  -4.752423e-01  3.453445e+00  -4.755491e-01  3.453349e+00  1.650585e-02  3.110516e+00  
   4.5608301  -6.218361e-01  3.381996e+00  -6.221253e-01  3.381865e+00  -1.085778e-01  3.064590e+00  
   4.5818300  -7.664531e-01  3.292605e+00  -7.667193e-01  3.292441e+00  -2.312189e-01  3.004257e+00  
   4.6034298  -9.032114e-01  3.186910e+00  -9.034493e-01  3.186720e+00  -3.465253e-01  2.931346e+00  
   4.6234298  -1.017422e+00  3.078412e+00  -1.017630e+00  3.078202e+00  -4.425058e-01  2.856066e+00  
   4.6444302  -1.123216e+00  2.955642e+00  -1.123388e+00  2.955418e+00  -5.315363e-01  2.771157e+00  
   4.6654301  -1.213654e+00  2.826234e+00  -1.213788e+00  2.826001e+00  -6.083457e-01  2.682407e+00  
   4.6864300  -1.288310e+00  2.692761e+00  -1.288402e+00  2.692525e+00  -6.731257e-01  2.591884e+00  
   4.7074299  -1.347226e+00  2.557813e+00  -1.347275e+00  2.557581e+00  -7.263876e-01  2.501460e+00  
   4.7274299  -1.389160e+00  2.430194e+00  -1.389167e+00  2.429970e+00  -7.670999e-01  2.416917e+00  
   4.7484298  -1.419174e+00  2.299329e+00  -1.419136e+00  2.299119e+00  -8.002350e-01  2.331097e+00  
   4.7694302  -1.436055e+00  2.173622e+00  -1.435971e+00  2.173430e+00  -8.245575e-01  2.249344e+00  
   4.7904301  -1.441293e+00  2.054699e+00  -1.441165e+00  2.054530e+00  -8.411673e-01  2.172449e+00  
   4.8114300  -1.436539e+00  1.943779e+00  -1.436367e+00  1.943636e+00  -8.511651e-01  2.100938e+00  
   4.8324299  -1.423506e+00  1.841680e+00  -1.423291e+00  1.841566e+00  -8.556098e-01  2.035109e+00  
   4.8524299  -1.404939e+00  1.753049e+00  -1.404684e+00  1.752965e+00  -8.555833e-01  1.977793e+00  
   4.8734298  -1.380510e+00  1.669124e+00  -1.380214e+00  1.669075e+00  -8.519443e-01  1.923205e+00  
   4.8944302  -1.352450e+00  1.594388e+00  -1.352115e+00  1.594376e+00  -8.453909e-01  1.874174e+00  
   4.9154301  -1.322028e+00  1.528450e+00  -1.321655e+00  1.528476e+00  -8.366160e-01  1.830434e+00  
   4.9364300  -1.290313e+00  1.470754e+00  -1.289904e+00  1.470820e+00  -8.262110e-01  1.791656e+00  
   4.9574299  -1.258180e+00  1.420642e+00  -1.257735e+00  1.420749e+00  -8.146704e-01  1.757472e+00  
   4.9774299  -1.227821e+00  1.379318e+00  -1.227343e+00  1.379464e+00  -8.029972e-01  1.728836e+00  
   4.9984298  -1.196701e+00  1.341951e+00  -1.196190e+00  1.342140e+00  -7.903416e-01  1.702510e+00  
