w Re-xx Im-xx Re-yy Im-yy Re-zz Im-zz
# Gaussian absolute broadening  0.15 [eV]
   0.0000000  7.672269e-01  8.806453e-05  7.672654e-01  8.806789e-05  7.304809e-01  8.050125e-05  
   0.0200000  7.673264e-01  9.425085e-05  7.673648e-01  9.425471e-05  7.305720e-01  8.615548e-05  
   0.0410000  7.674449e-01  1.013004e-04  7.674834e-01  1.013049e-04  7.306802e-01  9.259847e-05  
   0.0620000  7.675797e-01  1.089537e-04  7.676184e-01  1.089588e-04  7.308036e-01  9.959288e-05  
   0.0830000  7.677328e-01  1.172443e-04  7.677715e-01  1.172502e-04  7.309436e-01  1.071695e-04  
   0.1040000  7.679066e-01  1.262017e-04  7.679451e-01  1.262083e-04  7.311024e-01  1.153550e-04  
   0.1240000  7.680929e-01  1.353736e-04  7.681316e-01  1.353810e-04  7.312725e-01  1.237362e-04  
   0.1450000  7.683127e-01  1.456925e-04  7.683514e-01  1.457008e-04  7.314734e-01  1.331649e-04  
   0.1660000  7.685595e-01  1.567227e-04  7.685981e-01  1.567319e-04  7.316990e-01  1.432430e-04  
   0.1870000  7.688355e-01  1.684610e-04  7.688742e-01  1.684710e-04  7.319514e-01  1.539674e-04  
   0.2080000  7.691426e-01  1.808927e-04  7.691814e-01  1.809037e-04  7.322321e-01  1.653246e-04  
   0.2290000  7.694827e-01  1.939927e-04  7.695213e-01  1.940046e-04  7.325429e-01  1.772914e-04  
   0.2490000  7.698385e-01  2.070582e-04  7.698772e-01  2.070709e-04  7.328681e-01  1.892257e-04  
   0.2700000  7.702469e-01  2.213537e-04  7.702856e-01  2.213675e-04  7.332411e-01  2.022825e-04  
   0.2910000  7.706918e-01  2.361911e-04  7.707309e-01  2.362058e-04  7.336479e-01  2.158330e-04  
   0.3120000  7.711748e-01  2.515168e-04  7.712137e-01  2.515324e-04  7.340892e-01  2.298279e-04  
   0.3330000  7.716955e-01  2.672757e-04  7.717343e-01  2.672923e-04  7.345648e-01  2.442169e-04  
   0.3540000  7.722546e-01  2.834146e-04  7.722936e-01  2.834322e-04  7.350758e-01  2.589513e-04  
   0.3740000  7.728228e-01  2.990930e-04  7.728618e-01  2.991117e-04  7.355952e-01  2.732633e-04  
   0.3950000  7.734570e-01  3.158358e-04  7.734957e-01  3.158558e-04  7.361745e-01  2.885452e-04  
   0.4160000  7.741289e-01  3.328289e-04  7.741681e-01  3.328501e-04  7.367885e-01  3.040531e-04  
   0.4374300  7.748548e-01  3.503958e-04  7.748940e-01  3.504186e-04  7.374515e-01  3.200824e-04  
   0.4574300  7.755679e-01  3.669738e-04  7.756071e-01  3.669983e-04  7.381028e-01  3.352071e-04  
   0.4784300  7.763540e-01  3.845541e-04  7.763930e-01  3.845805e-04  7.388209e-01  3.512437e-04  
   0.4994300  7.771777e-01  4.022999e-04  7.772170e-01  4.023287e-04  7.395733e-01  3.674288e-04  
   0.5204300  7.780399e-01  4.202047e-04  7.780792e-01  4.202360e-04  7.403605e-01  3.837558e-04  
   0.5414300  7.789401e-01  4.382645e-04  7.789794e-01  4.382984e-04  7.411827e-01  4.002211e-04  
   0.5614300  7.798335e-01  4.556085e-04  7.798727e-01  4.556454e-04  7.419985e-01  4.160312e-04  
   0.5824300  7.808090e-01  4.739728e-04  7.808486e-01  4.740127e-04  7.428895e-01  4.327681e-04  
   0.6034300  7.818234e-01  4.924973e-04  7.818631e-01  4.925402e-04  7.438155e-01  4.496474e-04  
   0.6244300  7.828774e-01  5.111873e-04  7.829172e-01  5.112335e-04  7.447777e-01  4.666742e-04  
   0.6454300  7.839708e-01  5.300482e-04  7.840105e-01  5.300977e-04  7.457761e-01  4.838531e-04  
   0.6664300  7.851043e-01  5.490864e-04  7.851441e-01  5.491388e-04  7.468106e-01  5.011891e-04  
   0.6864300  7.862207e-01  5.673884e-04  7.862605e-01  5.674435e-04  7.478299e-01  5.178511e-04  
   0.7074300  7.874330e-01  5.867920e-04  7.874727e-01  5.868498e-04  7.489359e-01  5.355117e-04  
   0.7284300  7.886858e-01  6.063933e-04  7.887259e-01  6.064529e-04  7.500793e-01  5.533473e-04  
   0.7494300  7.899805e-01  6.261998e-04  7.900206e-01  6.262613e-04  7.512606e-01  5.713651e-04  
   0.7704300  7.913166e-01  6.462189e-04  7.913567e-01  6.462816e-04  7.524799e-01  5.895716e-04  
   0.7914300  7.926952e-01  6.664592e-04  7.927355e-01  6.665229e-04  7.537374e-01  6.079740e-04  
   0.8114300  7.940474e-01  6.859481e-04  7.940876e-01  6.860124e-04  7.549708e-01  6.256883e-04  
   0.8324300  7.955093e-01  7.066437e-04  7.955499e-01  7.067082e-04  7.563044e-01  6.444939e-04  
   0.8540300  7.970591e-01  7.281878e-04  7.970998e-01  7.282526e-04  7.577179e-01  6.640653e-04  
   0.8740300  7.985356e-01  7.483772e-04  7.985764e-01  7.484417e-04  7.590640e-01  6.824004e-04  
   0.8950300  8.001295e-01  7.698353e-04  8.001704e-01  7.698994e-04  7.605173e-01  7.018822e-04  
   0.9160300  8.017685e-01  7.915683e-04  8.018096e-01  7.916322e-04  7.620120e-01  7.216081e-04  
   0.9370300  8.034539e-01  8.135872e-04  8.034948e-01  8.136508e-04  7.635480e-01  7.415877e-04  
   0.9580300  8.051855e-01  8.359022e-04  8.052264e-01  8.359656e-04  7.651262e-01  7.618300e-04  
   0.9780300  8.068788e-01  8.574407e-04  8.069201e-01  8.575039e-04  7.666693e-01  7.813626e-04  
   0.9990300  8.087033e-01  8.803668e-04  8.087447e-01  8.804299e-04  7.683318e-01  8.021475e-04  
   1.0200300  8.105763e-01  9.036225e-04  8.106179e-01  9.036863e-04  7.700383e-01  8.232254e-04  
   1.0410300  8.124989e-01  9.272200e-04  8.125405e-01  9.272838e-04  7.717897e-01  8.446068e-04  
   1.0620300  8.144715e-01  9.511708e-04  8.145134e-01  9.512359e-04  7.735866e-01  8.663029e-04  
   1.0830300  8.164948e-01  9.754883e-04  8.165368e-01  9.755541e-04  7.754290e-01  8.883243e-04  
   1.1030300  8.184694e-01  9.989990e-04  8.185116e-01  9.990665e-04  7.772273e-01  9.096096e-04  
   1.1240300  8.205942e-01  1.024068e-03  8.206363e-01  1.024137e-03  7.791616e-01  9.322994e-04  
   1.1450300  8.227717e-01  1.049542e-03  8.228139e-01  1.049613e-03  7.811438e-01  9.553491e-04  
   1.1660300  8.250030e-01  1.075435e-03  8.250456e-01  1.075507e-03  7.831749e-01  9.787716e-04  
   1.1870300  8.272894e-01  1.101761e-03  8.273323e-01  1.101836e-03  7.852556e-01  1.002580e-03  
   1.2080300  8.296313e-01  1.128536e-03  8.296742e-01  1.128613e-03  7.873867e-01  1.026789e-03  
   1.2280300  8.319144e-01  1.154468e-03  8.319572e-01  1.154547e-03  7.894633e-01  1.050229e-03  
   1.2490300  8.343672e-01  1.182165e-03  8.344103e-01  1.182247e-03  7.916948e-01  1.075260e-03  
   1.2706300  8.369521e-01  1.211175e-03  8.369956e-01  1.211260e-03  7.940456e-01  1.101471e-03  
   1.2906300  8.394015e-01  1.238523e-03  8.394449e-01  1.238609e-03  7.962729e-01  1.126176e-03  
   1.3116300  8.420327e-01  1.267760e-03  8.420764e-01  1.267850e-03  7.986655e-01  1.152585e-03  
   1.3326300  8.447255e-01  1.297554e-03  8.447694e-01  1.297646e-03  8.011132e-01  1.179493e-03  
   1.3536299  8.474816e-01  1.327922e-03  8.475257e-01  1.328018e-03  8.036186e-01  1.206921e-03  
   1.3746300  8.503025e-01  1.358890e-03  8.503466e-01  1.358989e-03  8.061820e-01  1.234892e-03  
   1.3946300  8.530498e-01  1.388961e-03  8.530943e-01  1.389062e-03  8.086784e-01  1.262057e-03  
   1.4156300  8.560002e-01  1.421163e-03  8.560449e-01  1.421268e-03  8.113590e-01  1.291160e-03  
   1.4366300  8.590190e-01  1.454034e-03  8.590637e-01  1.454142e-03  8.141012e-01  1.320887e-03  
   1.4576300  8.621078e-01  1.487600e-03  8.621528e-01  1.487711e-03  8.169069e-01  1.351274e-03  
   1.4786299  8.652680e-01  1.521888e-03  8.653134e-01  1.522002e-03  8.197770e-01  1.382364e-03  
   1.4996300  8.685012e-01  1.556925e-03  8.685467e-01  1.557043e-03  8.227130e-01  1.414208e-03  
   1.5196300  8.716491e-01  1.591019e-03  8.716950e-01  1.591139e-03  8.255717e-01  1.445295e-03  
   1.5406300  8.750291e-01  1.627611e-03  8.750752e-01  1.627734e-03  8.286402e-01  1.478809e-03  
   1.5616300  8.784865e-01  1.665049e-03  8.785330e-01  1.665175e-03  8.317791e-01  1.513313e-03  
   1.5826300  8.820233e-01  1.703370e-03  8.820701e-01  1.703499e-03  8.349901e-01  1.548927e-03  
   1.6036299  8.856418e-01  1.742617e-03  8.856885e-01  1.742749e-03  8.382745e-01  1.585799e-03  
   1.6246300  8.893431e-01  1.782835e-03  8.893901e-01  1.782970e-03  8.416342e-01  1.624109e-03  
   1.6446300  8.929467e-01  1.822086e-03  8.929941e-01  1.822223e-03  8.449054e-01  1.662127e-03  
   1.6656300  8.968157e-01  1.864349e-03  8.968635e-01  1.864489e-03  8.484173e-01  1.703897e-03  
   1.6872300  9.008889e-01  1.909006e-03  9.009365e-01  1.909149e-03  8.521144e-01  1.749137e-03  
   1.7072300  9.047460e-01  1.951491e-03  9.047945e-01  1.951638e-03  8.556160e-01  1.793388e-03  
   1.7282300  9.088883e-01  1.997352e-03  9.089366e-01  1.997502e-03  8.593751e-01  1.842645e-03  
   1.7492300  9.131267e-01  2.044577e-03  9.131754e-01  2.044730e-03  8.632215e-01  1.895142e-03  
   1.7702301  9.174637e-01  2.093260e-03  9.175130e-01  2.093417e-03  8.671575e-01  1.951288e-03  
   1.7912300  9.219028e-01  2.143503e-03  9.219525e-01  2.143665e-03  8.711851e-01  2.011513e-03  
   1.8112299  9.262278e-01  2.192907e-03  9.262779e-01  2.193074e-03  8.751084e-01  2.073067e-03  
   1.8322300  9.308735e-01  2.246527e-03  9.309239e-01  2.246699e-03  8.793218e-01  2.142538e-03  
   1.8532300  9.356300e-01  2.302061e-03  9.356806e-01  2.302240e-03  8.836339e-01  2.217421e-03  
   1.8742300  9.405000e-01  2.359650e-03  9.405507e-01  2.359835e-03  8.880475e-01  2.298191e-03  
   1.8952301  9.454867e-01  2.419436e-03  9.455383e-01  2.419629e-03  8.925650e-01  2.385331e-03  
   1.9162300  9.505945e-01  2.481567e-03  9.506461e-01  2.481766e-03  8.971887e-01  2.479328e-03  
   1.9362299  9.555733e-01  2.543055e-03  9.556252e-01  2.543262e-03  9.016930e-01  2.575680e-03  
   1.9572300  9.609250e-01  2.610193e-03  9.609776e-01  2.610409e-03  9.065316e-01  2.684485e-03  
   1.9782300  9.664082e-01  2.680111e-03  9.664610e-01  2.680336e-03  9.114846e-01  2.801552e-03  
   1.9992300  9.720259e-01  2.752942e-03  9.720795e-01  2.753175e-03  9.165536e-01  2.927270e-03  
   2.0202301  9.777831e-01  2.828807e-03  9.778372e-01  2.829049e-03  9.217429e-01  3.061931e-03  
   2.0412300  9.836841e-01  2.907805e-03  9.837385e-01  2.908057e-03  9.270547e-01  3.205688e-03  
   2.0612299  9.894410e-01  2.986038e-03  9.894960e-01  2.986298e-03  9.322307e-01  3.351058e-03  
   2.0822301  9.956356e-01  3.071396e-03  9.956911e-01  3.071666e-03  9.377909e-01  3.512407e-03  
   2.1038301  1.002173e+00  3.162696e-03  1.002228e+00  3.162977e-03  9.436495e-01  3.687302e-03  
   2.1238301  1.008380e+00  3.250458e-03  1.008436e+00  3.250748e-03  9.492032e-01  3.856851e-03  
   2.1448300  1.015063e+00  3.346022e-03  1.015121e+00  3.346321e-03  9.551729e-01  4.042153e-03  
   2.1658299  1.021923e+00  3.445187e-03  1.021981e+00  3.445498e-03  9.612883e-01  4.234259e-03  
   2.1868300  1.028967e+00  3.548118e-03  1.029025e+00  3.548439e-03  9.675561e-01  4.432552e-03  
   2.2078300  1.036200e+00  3.655043e-03  1.036259e+00  3.655377e-03  9.739810e-01  4.636511e-03  
   2.2278299  1.043274e+00  3.760890e-03  1.043333e+00  3.761232e-03  9.802534e-01  4.835726e-03  
   2.2488301  1.050902e+00  3.876664e-03  1.050962e+00  3.877019e-03  9.870059e-01  5.050015e-03  
   2.2698300  1.058745e+00  3.997747e-03  1.058806e+00  3.998113e-03  9.939372e-01  5.269697e-03  
   2.2908299  1.066813e+00  4.124852e-03  1.066875e+00  4.125230e-03  1.001054e+00  5.495191e-03  
   2.3118300  1.075115e+00  4.258843e-03  1.075177e+00  4.259237e-03  1.008366e+00  5.727169e-03  
   2.3328300  1.083659e+00  4.400731e-03  1.083723e+00  4.401141e-03  1.015880e+00  5.966506e-03  
   2.3528299  1.092034e+00  4.544266e-03  1.092099e+00  4.544695e-03  1.023232e+00  6.202250e-03  
   2.3738301  1.101088e+00  4.705047e-03  1.101152e+00  4.705495e-03  1.031168e+00  6.459099e-03  
   2.3948300  1.110417e+00  4.877514e-03  1.110483e+00  4.877982e-03  1.039335e+00  6.726719e-03  
   2.4158299  1.120037e+00  5.063171e-03  1.120104e+00  5.063664e-03  1.047742e+00  7.006410e-03  
   2.4368300  1.129961e+00  5.263583e-03  1.130028e+00  5.264102e-03  1.056402e+00  7.299506e-03  
   2.4578300  1.140203e+00  5.480349e-03  1.140271e+00  5.480898e-03  1.065326e+00  7.607330e-03  
   2.4778299  1.150267e+00  5.703480e-03  1.150336e+00  5.704058e-03  1.074082e+00  7.915425e-03  
   2.4988301  1.161174e+00  5.956847e-03  1.161245e+00  5.957459e-03  1.083558e+00  8.255909e-03  
   2.5204301  1.172778e+00  6.239506e-03  1.172850e+00  6.240158e-03  1.093622e+00  8.625703e-03  
   2.5404301  1.183889e+00  6.522671e-03  1.183962e+00  6.523360e-03  1.103243e+00  8.987132e-03  
   2.5614300  1.195955e+00  6.843771e-03  1.196029e+00  6.844508e-03  1.113672e+00  9.387767e-03  
   2.5824299  1.208454e+00  7.190938e-03  1.208529e+00  7.191722e-03  1.124455e+00  9.811621e-03  
   2.6034300  1.221415e+00  7.566120e-03  1.221491e+00  7.566957e-03  1.135613e+00  1.026046e-02  
   2.6244299  1.234865e+00  7.971631e-03  1.234944e+00  7.972526e-03  1.147166e+00  1.073631e-02  
   2.6444299  1.248164e+00  8.388735e-03  1.248243e+00  8.389690e-03  1.158559e+00  1.121681e-02  
   2.6654301  1.262676e+00  8.862896e-03  1.262756e+00  8.863921e-03  1.170956e+00  1.175283e-02  
   2.6864300  1.277790e+00  9.379394e-03  1.277873e+00  9.380500e-03  1.183828e+00  1.232473e-02  
   2.7074299  1.293559e+00  9.945669e-03  1.293643e+00  9.946872e-03  1.197210e+00  1.293728e-02  
   2.7284300  1.310035e+00  1.057214e-02  1.310121e+00  1.057346e-02  1.211138e+00  1.359672e-02  
   2.7494299  1.327281e+00  1.127337e-02  1.327369e+00  1.127482e-02  1.225654e+00  1.431133e-02  
   2.7694299  1.344486e+00  1.202918e-02  1.344577e+00  1.203079e-02  1.240071e+00  1.505327e-02  
   2.7904301  1.363448e+00  1.294185e-02  1.363541e+00  1.294367e-02  1.255882e+00  1.591089e-02  
   2.8114300  1.383417e+00  1.401371e-02  1.383512e+00  1.401580e-02  1.272442e+00  1.686827e-02  
   2.8324299  1.404491e+00  1.529575e-02  1.404589e+00  1.529819e-02  1.289821e+00  1.795148e-02  
   2.8534300  1.426780e+00  1.685599e-02  1.426882e+00  1.685890e-02  1.308097e+00  1.919497e-02  
   2.8744299  1.450402e+00  1.878385e-02  1.450507e+00  1.878739e-02  1.327352e+00  2.064401e-02  
   2.8944299  1.474252e+00  2.106732e-02  1.474361e+00  2.107164e-02  1.346689e+00  2.226888e-02  
   2.9154301  1.500838e+00  2.407552e-02  1.500951e+00  2.408093e-02  1.368136e+00  2.430447e-02  
   2.9370301  1.529963e+00  2.801167e-02  1.530080e+00  2.801857e-02  1.391530e+00  2.684979e-02  
   2.9570301  1.558645e+00  3.262673e-02  1.558766e+00  3.263541e-02  1.414500e+00  2.972755e-02  
   2.9780300  1.590628e+00  3.873590e-02  1.590754e+00  3.874699e-02  1.440084e+00  3.343311e-02  
   2.9990301  1.624584e+00  4.644660e-02  1.624717e+00  4.646073e-02  1.467272e+00  3.801905e-02  
   3.0200300  1.660532e+00  5.611393e-02  1.660669e+00  5.613187e-02  1.496162e+00  4.370506e-02  
   3.0410299  1.698429e+00  6.813145e-02  1.698573e+00  6.815410e-02  1.526830e+00  5.075183e-02  
   3.0610299  1.736228e+00  8.214751e-02  1.736378e+00  8.217552e-02  1.557733e+00  5.900499e-02  
   3.0820301  1.777513e+00  9.998209e-02  1.777670e+00  1.000168e-01  1.591968e+00  6.962026e-02  
   3.1030300  1.820136e+00  1.214335e-01  1.820299e+00  1.214759e-01  1.627978e+00  8.260757e-02  
   3.1240301  1.863695e+00  1.469047e-01  1.863864e+00  1.469559e-01  1.665645e+00  9.837855e-02  
   3.1450300  1.907679e+00  1.767424e-01  1.907855e+00  1.768035e-01  1.704758e+00  1.173616e-01  
   3.1660299  1.951485e+00  2.112124e-01  1.951665e+00  2.112843e-01  1.745013e+00  1.399859e-01  
   3.1860299  1.992409e+00  2.484923e-01  1.992594e+00  2.485750e-01  1.784034e+00  1.652906e-01  
   3.2070301  2.033831e+00  2.923369e-01  2.034023e+00  2.924315e-01  1.825225e+00  1.961511e-01  
   3.2280300  2.072913e+00  3.408792e-01  2.073109e+00  3.409860e-01  1.866023e+00  2.316833e-01  
   3.2490301  2.108901e+00  3.938465e-01  2.109100e+00  3.939653e-01  1.905712e+00  2.720628e-01  
   3.2700300  2.141086e+00  4.508091e-01  2.141289e+00  4.509393e-01  1.943502e+00  3.173271e-01  
   3.2910299  2.168859e+00  5.111966e-01  2.169065e+00  5.113374e-01  1.978562e+00  3.673542e-01  
   3.3110299  2.190765e+00  5.712633e-01  2.190974e+00  5.714131e-01  2.008657e+00  4.191566e-01  
   3.3320301  2.208680e+00  6.362749e-01  2.208889e+00  6.364327e-01  2.036040e+00  4.774573e-01  
   3.3536301  2.221517e+00  7.043725e-01  2.221728e+00  7.045373e-01  2.058979e+00  5.409251e-01  
   3.3736300  2.228375e+00  7.677721e-01  2.228586e+00  7.679418e-01  2.074964e+00  6.021034e-01  
   3.3946300  2.230576e+00  8.339515e-01  2.230788e+00  8.341250e-01  2.085940e+00  6.679363e-01  
   3.4156301  2.228013e+00  8.990579e-01  2.228225e+00  8.992339e-01  2.090792e+00  7.344131e-01  
   3.4366300  2.221174e+00  9.625220e-01  2.221386e+00  9.626987e-01  2.089567e+00  8.004963e-01  
   3.4576299  2.210635e+00  1.023918e+00  2.210845e+00  1.024095e+00  2.082543e+00  8.651795e-01  
   3.4776299  2.197719e+00  1.080215e+00  2.197927e+00  1.080392e+00  2.070911e+00  9.246376e-01  
   3.4986300  2.181716e+00  1.136918e+00  2.181921e+00  1.137095e+00  2.054155e+00  9.840602e-01  
   3.5196300  2.163767e+00  1.191150e+00  2.163969e+00  1.191327e+00  2.033548e+00  1.039801e+00  
   3.5406301  2.144357e+00  1.243017e+00  2.144554e+00  1.243195e+00  2.009996e+00  1.091463e+00  
   3.5616300  2.123870e+00  1.292692e+00  2.124061e+00  1.292871e+00  1.984431e+00  1.138871e+00  
   3.5826299  2.102581e+00  1.340383e+00  2.102764e+00  1.340563e+00  1.957756e+00  1.182070e+00  
   3.6026299  2.081717e+00  1.384145e+00  2.081892e+00  1.384327e+00  1.932063e+00  1.219522e+00  
   3.6236300  2.059280e+00  1.428522e+00  2.059445e+00  1.428706e+00  1.905438e+00  1.255361e+00  
   3.6446300  2.036330e+00  1.471401e+00  2.036484e+00  1.471588e+00  1.879691e+00  1.288136e+00  
   3.6656301  2.012872e+00  1.512835e+00  2.013014e+00  1.513025e+00  1.855168e+00  1.318423e+00  
   3.6866300  1.988917e+00  1.552807e+00  1.989046e+00  1.553000e+00  1.832042e+00  1.346795e+00  
   3.7076299  1.964519e+00  1.591248e+00  1.964635e+00  1.591443e+00  1.810336e+00  1.373779e+00  
   3.7276299  1.940978e+00  1.626336e+00  1.941080e+00  1.626533e+00  1.790902e+00  1.398585e+00  
   3.7486300  1.916131e+00  1.661473e+00  1.916221e+00  1.661672e+00  1.771642e+00  1.424004e+00  
   3.7702301  1.890735e+00  1.695703e+00  1.890812e+00  1.695901e+00  1.752872e+00  1.449685e+00  
   3.7902300  1.867709e+00  1.725640e+00  1.867774e+00  1.725839e+00  1.736285e+00  1.473125e+00  
   3.8112299  1.844465e+00  1.755317e+00  1.844520e+00  1.755514e+00  1.719601e+00  1.497388e+00  
   3.8322301  1.822646e+00  1.783368e+00  1.822692e+00  1.783565e+00  1.703665e+00  1.521243e+00  
   3.8532300  1.802742e+00  1.810106e+00  1.802780e+00  1.810302e+00  1.688572e+00  1.544632e+00  
   3.8742299  1.785213e+00  1.835998e+00  1.785246e+00  1.836193e+00  1.674522e+00  1.567538e+00  
   3.8942299  1.771082e+00  1.860426e+00  1.771111e+00  1.860621e+00  1.662360e+00  1.588954e+00  
   3.9152300  1.759200e+00  1.886552e+00  1.759226e+00  1.886747e+00  1.651179e+00  1.611182e+00  
   3.9362299  1.750463e+00  1.914019e+00  1.750489e+00  1.914215e+00  1.641960e+00  1.633434e+00  
   3.9572301  1.744807e+00  1.943782e+00  1.744833e+00  1.943980e+00  1.635012e+00  1.656140e+00  
   3.9782300  1.741942e+00  1.976838e+00  1.741969e+00  1.977040e+00  1.630573e+00  1.679867e+00  
   3.9992299  1.741343e+00  2.014188e+00  1.741370e+00  2.014394e+00  1.628769e+00  1.705305e+00  
   4.0192299  1.742181e+00  2.054612e+00  1.742208e+00  2.054823e+00  1.629490e+00  1.731844e+00  
   4.0402298  1.743579e+00  2.102948e+00  1.743605e+00  2.103163e+00  1.632622e+00  1.762960e+00  
   4.0612302  1.744324e+00  2.157966e+00  1.744349e+00  2.158186e+00  1.637805e+00  1.798285e+00  
   4.0822301  1.743040e+00  2.220106e+00  1.743062e+00  2.220331e+00  1.644436e+00  1.838703e+00  
   4.1032300  1.738231e+00  2.289543e+00  1.738246e+00  2.289770e+00  1.651682e+00  1.885046e+00  
   4.1242299  1.728339e+00  2.366160e+00  1.728346e+00  2.366388e+00  1.658485e+00  1.938039e+00  
   4.1442299  1.712772e+00  2.445415e+00  1.712768e+00  2.445642e+00  1.663384e+00  1.995209e+00  
   4.1652298  1.688554e+00  2.534534e+00  1.688536e+00  2.534754e+00  1.665458e+00  2.062610e+00  
   4.1868300  1.653839e+00  2.631447e+00  1.653804e+00  2.631659e+00  1.662625e+00  2.139894e+00  
   4.2068300  1.611752e+00  2.724733e+00  1.611699e+00  2.724932e+00  1.653890e+00  2.218408e+00  
   4.2278299  1.556382e+00  2.824903e+00  1.556306e+00  2.825087e+00  1.636683e+00  2.307433e+00  
   4.2488298  1.488922e+00  2.925711e+00  1.488823e+00  2.925875e+00  1.609556e+00  2.402188e+00  
   4.2698302  1.409006e+00  3.025383e+00  1.408883e+00  3.025522e+00  1.570942e+00  2.501230e+00  
   4.2908301  1.316561e+00  3.122064e+00  1.316412e+00  3.122177e+00  1.519522e+00  2.602714e+00  
   4.3108301  1.217053e+00  3.209666e+00  1.216880e+00  3.209752e+00  1.457757e+00  2.699639e+00  
   4.3318300  1.100981e+00  3.295184e+00  1.100782e+00  3.295241e+00  1.378953e+00  2.799331e+00  
   4.3528299  9.737428e-01  3.372339e+00  9.735171e-01  3.372364e+00  1.285831e+00  2.894311e+00  
   4.3738298  8.362826e-01  3.439452e+00  8.360320e-01  3.439446e+00  1.178912e+00  2.981909e+00  
   4.3948302  6.897570e-01  3.494961e+00  6.894819e-01  3.494923e+00  1.059279e+00  3.059541e+00  
   4.4158301  5.355360e-01  3.537443e+00  5.352384e-01  3.537374e+00  9.285630e-01  3.124857e+00  
   4.4358301  3.829216e-01  3.564647e+00  3.826043e-01  3.564548e+00  7.956840e-01  3.173793e+00  
   4.4568300  2.183170e-01  3.578270e+00  2.179816e-01  3.578141e+00  6.497274e-01  3.209774e+00  
   4.4778299  5.111601e-02  3.575763e+00  5.076606e-02  3.575605e+00  4.998577e-01  3.229016e+00  
   4.4988298  -1.166312e-01  3.556552e+00  -1.169915e-01  3.556367e+00  3.489109e-01  3.231127e+00  
   4.5198302  -2.827541e-01  3.520372e+00  -2.831195e-01  3.520160e+00  1.996925e-01  3.216319e+00  
   4.5408301  -4.449881e-01  3.467310e+00  -4.453529e-01  3.467072e+00  5.485337e-02  3.185374e+00  
   4.5608301  -5.937962e-01  3.401513e+00  -5.941543e-01  3.401253e+00  -7.685693e-02  3.142071e+00  
   4.5818300  -7.419075e-01  3.317249e+00  -7.422516e-01  3.316969e+00  -2.066910e-01  3.083694e+00  
   4.6034298  -8.833663e-01  3.215719e+00  -8.836888e-01  3.215420e+00  -3.295691e-01  3.011910e+00  
   4.6234298  -1.002733e+00  3.109884e+00  -1.003029e+00  3.109574e+00  -4.326606e-01  2.936857e+00  
   4.6444302  -1.114515e+00  2.988544e+00  -1.114778e+00  2.988227e+00  -5.292107e-01  2.851329e+00  
   4.6654301  -1.211237e+00  2.859100e+00  -1.211460e+00  2.858779e+00  -6.135423e-01  2.761079e+00  
   4.6864300  -1.292163e+00  2.724145e+00  -1.292343e+00  2.723826e+00  -6.857880e-01  2.668187e+00  
   4.7074299  -1.357051e+00  2.586360e+00  -1.357186e+00  2.586048e+00  -7.463877e-01  2.574542e+00  
   4.7274299  -1.404166e+00  2.454929e+00  -1.404258e+00  2.454630e+00  -7.938929e-01  2.486171e+00  
   4.7484298  -1.438905e+00  2.319100e+00  -1.438951e+00  2.318817e+00  -8.338656e-01  2.395582e+00  
   4.7694302  -1.459650e+00  2.187683e+00  -1.459651e+00  2.187422e+00  -8.646273e-01  2.308363e+00  
   4.7904301  -1.467830e+00  2.062557e+00  -1.467789e+00  2.062320e+00  -8.871828e-01  2.225394e+00  
   4.8114300  -1.465097e+00  1.945181e+00  -1.465019e+00  1.944972e+00  -9.025483e-01  2.147304e+00  
   4.8324299  -1.453215e+00  1.836594e+00  -1.453103e+00  1.836415e+00  -9.117155e-01  2.074506e+00  
   4.8524299  -1.435022e+00  1.741920e+00  -1.434882e+00  1.741770e+00  -9.155455e-01  2.010297e+00  
   4.8734298  -1.410339e+00  1.651926e+00  -1.410175e+00  1.651807e+00  -9.152619e-01  1.948320e+00  
   4.8944302  -1.381493e+00  1.571501e+00  -1.381309e+00  1.571412e+00  -9.113544e-01  1.891855e+00  
   4.9154301  -1.349882e+00  1.500313e+00  -1.349681e+00  1.500255e+00  -9.045395e-01  1.840737e+00  
   4.9364300  -1.316702e+00  1.437832e+00  -1.316488e+00  1.437802e+00  -8.954492e-01  1.794725e+00  
   4.9574299  -1.282938e+00  1.383397e+00  -1.282714e+00  1.383394e+00  -8.846323e-01  1.753525e+00  
   4.9774299  -1.250957e+00  1.338364e+00  -1.250727e+00  1.338385e+00  -8.731563e-01  1.718459e+00  
   4.9984298  -1.218138e+00  1.297497e+00  -1.217903e+00  1.297542e+00  -8.602558e-01  1.685687e+00  
