w Re-xx Im-xx Re-yy Im-yy Re-zz Im-zz
# Gaussian absolute broadening  0.15 [eV]
   0.0000000  7.683026e-01  8.833399e-05  7.683115e-01  8.833417e-05  7.346755e-01  8.216482e-05  
   0.0200000  7.684026e-01  9.453989e-05  7.684117e-01  9.454016e-05  7.347684e-01  8.793711e-05  
   0.0410000  7.685214e-01  1.016118e-04  7.685302e-01  1.016121e-04  7.348787e-01  9.451486e-05  
   0.0620000  7.686564e-01  1.092892e-04  7.686656e-01  1.092896e-04  7.350047e-01  1.016558e-04  
   0.0830000  7.688102e-01  1.176059e-04  7.688193e-01  1.176066e-04  7.351475e-01  1.093914e-04  
   0.1040000  7.689843e-01  1.265915e-04  7.689934e-01  1.265924e-04  7.353097e-01  1.177492e-04  
   0.1240000  7.691710e-01  1.357923e-04  7.691804e-01  1.357934e-04  7.354833e-01  1.263069e-04  
   0.1450000  7.693918e-01  1.461434e-04  7.694006e-01  1.461449e-04  7.356886e-01  1.359347e-04  
   0.1660000  7.696394e-01  1.572082e-04  7.696484e-01  1.572102e-04  7.359191e-01  1.462262e-04  
   0.1870000  7.699163e-01  1.689831e-04  7.699254e-01  1.689856e-04  7.361764e-01  1.571782e-04  
   0.2080000  7.702242e-01  1.814537e-04  7.702333e-01  1.814569e-04  7.364630e-01  1.687772e-04  
   0.2290000  7.705651e-01  1.945946e-04  7.705743e-01  1.945986e-04  7.367801e-01  1.809998e-04  
   0.2490000  7.709221e-01  2.077008e-04  7.709312e-01  2.077057e-04  7.371121e-01  1.931900e-04  
   0.2700000  7.713318e-01  2.220410e-04  7.713409e-01  2.220470e-04  7.374932e-01  2.065280e-04  
   0.2910000  7.717783e-01  2.369247e-04  7.717876e-01  2.369321e-04  7.379085e-01  2.203716e-04  
   0.3120000  7.722628e-01  2.522985e-04  7.722719e-01  2.523073e-04  7.383589e-01  2.346710e-04  
   0.3330000  7.727850e-01  2.681071e-04  7.727943e-01  2.681174e-04  7.388448e-01  2.493748e-04  
   0.3540000  7.733458e-01  2.842972e-04  7.733552e-01  2.843092e-04  7.393666e-01  2.644336e-04  
   0.3740000  7.739160e-01  3.000256e-04  7.739252e-01  3.000393e-04  7.398965e-01  2.790631e-04  
   0.3950000  7.745519e-01  3.168222e-04  7.745611e-01  3.168378e-04  7.404881e-01  2.946863e-04  
   0.4160000  7.752263e-01  3.338705e-04  7.752355e-01  3.338880e-04  7.411151e-01  3.105433e-04  
   0.4374300  7.759545e-01  3.514951e-04  7.759638e-01  3.515145e-04  7.417928e-01  3.269370e-04  
   0.4574300  7.766694e-01  3.681282e-04  7.766790e-01  3.681492e-04  7.424580e-01  3.424085e-04  
   0.4784300  7.774580e-01  3.857677e-04  7.774673e-01  3.857904e-04  7.431913e-01  3.588164e-04  
   0.4994300  7.782845e-01  4.035743e-04  7.782940e-01  4.035984e-04  7.439600e-01  3.753800e-04  
   0.5204300  7.791494e-01  4.215409e-04  7.791588e-01  4.215663e-04  7.447643e-01  3.920928e-04  
   0.5414300  7.800525e-01  4.396641e-04  7.800621e-01  4.396905e-04  7.456045e-01  4.089515e-04  
   0.5614300  7.809487e-01  4.570694e-04  7.809582e-01  4.570968e-04  7.464380e-01  4.251433e-04  
   0.5824300  7.819274e-01  4.754997e-04  7.819372e-01  4.755277e-04  7.473484e-01  4.422888e-04  
   0.6034300  7.829452e-01  4.940917e-04  7.829548e-01  4.941199e-04  7.482949e-01  4.595853e-04  
   0.6244300  7.840027e-01  5.128506e-04  7.840123e-01  5.128787e-04  7.492785e-01  4.770377e-04  
   0.6454300  7.850994e-01  5.317816e-04  7.851095e-01  5.318097e-04  7.502989e-01  4.946513e-04  
   0.6664300  7.862366e-01  5.508914e-04  7.862466e-01  5.509189e-04  7.513567e-01  5.124319e-04  
   0.6864300  7.873567e-01  5.692629e-04  7.873664e-01  5.692902e-04  7.523987e-01  5.295267e-04  
   0.7074300  7.885728e-01  5.887407e-04  7.885830e-01  5.887673e-04  7.535299e-01  5.476517e-04  
   0.7284300  7.898299e-01  6.084173e-04  7.898400e-01  6.084433e-04  7.546993e-01  5.659637e-04  
   0.7494300  7.911291e-01  6.283009e-04  7.911390e-01  6.283266e-04  7.559077e-01  5.844692e-04  
   0.7704300  7.924694e-01  6.483984e-04  7.924796e-01  6.484237e-04  7.571548e-01  6.031761e-04  
   0.7914300  7.938527e-01  6.687188e-04  7.938629e-01  6.687439e-04  7.584415e-01  6.220919e-04  
   0.8114300  7.952093e-01  6.882853e-04  7.952197e-01  6.883107e-04  7.597036e-01  6.403085e-04  
   0.8324300  7.966765e-01  7.090639e-04  7.966868e-01  7.090900e-04  7.610686e-01  6.596560e-04  
   0.8540300  7.982314e-01  7.306959e-04  7.982419e-01  7.307226e-04  7.625152e-01  6.798008e-04  
   0.8740300  7.997130e-01  7.509683e-04  7.997235e-01  7.509966e-04  7.638937e-01  6.986826e-04  
   0.8950300  8.013124e-01  7.725158e-04  8.013231e-01  7.725459e-04  7.653815e-01  7.187554e-04  
   0.9160300  8.029574e-01  7.943409e-04  8.029681e-01  7.943732e-04  7.669122e-01  7.390908e-04  
   0.9370300  8.046483e-01  8.164542e-04  8.046589e-01  8.164893e-04  7.684857e-01  7.596996e-04  
   0.9580300  8.063858e-01  8.388671e-04  8.063969e-01  8.389051e-04  7.701026e-01  7.805916e-04  
   0.9780300  8.080852e-01  8.605012e-04  8.080963e-01  8.605426e-04  7.716839e-01  8.007632e-04  
   0.9990300  8.099163e-01  8.835312e-04  8.099275e-01  8.835759e-04  7.733879e-01  8.222421e-04  
   1.0200300  8.117962e-01  9.068949e-04  8.118074e-01  9.069433e-04  7.751375e-01  8.440384e-04  
   1.0410300  8.137255e-01  9.306038e-04  8.137370e-01  9.306559e-04  7.769334e-01  8.661645e-04  
   1.0620300  8.157056e-01  9.546710e-04  8.157171e-01  9.547269e-04  7.787759e-01  8.886330e-04  
   1.0830300  8.177363e-01  9.791090e-04  8.177480e-01  9.791688e-04  7.806668e-01  9.114565e-04  
   1.1030300  8.197184e-01  1.002740e-03  8.197300e-01  1.002802e-03  7.825118e-01  9.335352e-04  
   1.1240300  8.218508e-01  1.027939e-03  8.218626e-01  1.028005e-03  7.844973e-01  9.570912e-04  
   1.1450300  8.240368e-01  1.053549e-03  8.240488e-01  1.053618e-03  7.865326e-01  9.810443e-04  
   1.1660300  8.262770e-01  1.079584e-03  8.262889e-01  1.079656e-03  7.886187e-01  1.005410e-03  
   1.1870300  8.285721e-01  1.106059e-03  8.285844e-01  1.106133e-03  7.907565e-01  1.030205e-03  
   1.2080300  8.309233e-01  1.132990e-03  8.309356e-01  1.133066e-03  7.929465e-01  1.055450e-03  
   1.2280300  8.332151e-01  1.159077e-03  8.332274e-01  1.159154e-03  7.950816e-01  1.079928e-03  
   1.2490300  8.356780e-01  1.186946e-03  8.356906e-01  1.187024e-03  7.973763e-01  1.106112e-03  
   1.2706300  8.382736e-01  1.216142e-03  8.382860e-01  1.216220e-03  7.997951e-01  1.133588e-03  
   1.2906300  8.407329e-01  1.243670e-03  8.407457e-01  1.243750e-03  8.020876e-01  1.159552e-03  
   1.3116300  8.433751e-01  1.273110e-03  8.433883e-01  1.273190e-03  8.045509e-01  1.187396e-03  
   1.3326300  8.460796e-01  1.303118e-03  8.460926e-01  1.303199e-03  8.070729e-01  1.215885e-03  
   1.3536299  8.488477e-01  1.333717e-03  8.488609e-01  1.333799e-03  8.096550e-01  1.245082e-03  
   1.3746300  8.516804e-01  1.364934e-03  8.516937e-01  1.365016e-03  8.122984e-01  1.275067e-03  
   1.3946300  8.544403e-01  1.395263e-03  8.544537e-01  1.395346e-03  8.148743e-01  1.304447e-03  
   1.4156300  8.574041e-01  1.427765e-03  8.574176e-01  1.427849e-03  8.176413e-01  1.336278e-03  
   1.4366300  8.604366e-01  1.460972e-03  8.604506e-01  1.461058e-03  8.204742e-01  1.369264e-03  
   1.4576300  8.635401e-01  1.494922e-03  8.635541e-01  1.495010e-03  8.233740e-01  1.403586e-03  
   1.4786299  8.667157e-01  1.529655e-03  8.667296e-01  1.529745e-03  8.263427e-01  1.439461e-03  
   1.4996300  8.699647e-01  1.565219e-03  8.699791e-01  1.565311e-03  8.293815e-01  1.477139e-03  
   1.5196300  8.731287e-01  1.599911e-03  8.731431e-01  1.600007e-03  8.323421e-01  1.514961e-03  
   1.5406300  8.765259e-01  1.637265e-03  8.765407e-01  1.637364e-03  8.355224e-01  1.557013e-03  
   1.5616300  8.800020e-01  1.675641e-03  8.800170e-01  1.675744e-03  8.387778e-01  1.601795e-03  
   1.5826300  8.835584e-01  1.715127e-03  8.835735e-01  1.715234e-03  8.421099e-01  1.649663e-03  
   1.6036299  8.871968e-01  1.755825e-03  8.872122e-01  1.755937e-03  8.455206e-01  1.700984e-03  
   1.6246300  8.909197e-01  1.797855e-03  8.909354e-01  1.797971e-03  8.490118e-01  1.756125e-03  
   1.6446300  8.945448e-01  1.839244e-03  8.945607e-01  1.839365e-03  8.524130e-01  1.812517e-03  
   1.6656300  8.984373e-01  1.884280e-03  8.984534e-01  1.884407e-03  8.560661e-01  1.876132e-03  
   1.6872300  9.025361e-01  1.932468e-03  9.025524e-01  1.932601e-03  8.599143e-01  1.946619e-03  
   1.7072300  9.064183e-01  1.978945e-03  9.064350e-01  1.979083e-03  8.635604e-01  2.016749e-03  
   1.7282300  9.105878e-01  2.029862e-03  9.106046e-01  2.030005e-03  8.674775e-01  2.095724e-03  
   1.7492300  9.148547e-01  2.083147e-03  9.148716e-01  2.083298e-03  8.714874e-01  2.180462e-03  
   1.7702301  9.192216e-01  2.139005e-03  9.192390e-01  2.139160e-03  8.755925e-01  2.271266e-03  
   1.7912300  9.236913e-01  2.197628e-03  9.237089e-01  2.197790e-03  8.797954e-01  2.368433e-03  
   1.8112299  9.280465e-01  2.256194e-03  9.280645e-01  2.256362e-03  8.838920e-01  2.467152e-03  
   1.8322300  9.327246e-01  2.320705e-03  9.327428e-01  2.320880e-03  8.882937e-01  2.577564e-03  
   1.8532300  9.375142e-01  2.388425e-03  9.375328e-01  2.388606e-03  8.928010e-01  2.695151e-03  
   1.8742300  9.424179e-01  2.459439e-03  9.424368e-01  2.459625e-03  8.974169e-01  2.820165e-03  
   1.8952301  9.474397e-01  2.533803e-03  9.474586e-01  2.533993e-03  9.021448e-01  2.952862e-03  
   1.9162300  9.525816e-01  2.611542e-03  9.526012e-01  2.611738e-03  9.069870e-01  3.093543e-03  
   1.9362299  9.575940e-01  2.688742e-03  9.576138e-01  2.688941e-03  9.117082e-01  3.235333e-03  
   1.9572300  9.629815e-01  2.773155e-03  9.630020e-01  2.773359e-03  9.167850e-01  3.393011e-03  
   1.9782300  9.685018e-01  2.861081e-03  9.685222e-01  2.861289e-03  9.219885e-01  3.560636e-03  
   1.9992300  9.741576e-01  2.952669e-03  9.741784e-01  2.952881e-03  9.273221e-01  3.739604e-03  
   2.0202301  9.799547e-01  3.048172e-03  9.799758e-01  3.048389e-03  9.327931e-01  3.931885e-03  
   2.0412300  9.858965e-01  3.147968e-03  9.859183e-01  3.148189e-03  9.384048e-01  4.140113e-03  
   2.0612299  9.916952e-01  3.247487e-03  9.917173e-01  3.247711e-03  9.438851e-01  4.356300e-03  
   2.0822301  9.979360e-01  3.357328e-03  9.979582e-01  3.357558e-03  9.497880e-01  4.605919e-03  
   2.1038301  1.004524e+00  3.476874e-03  1.004547e+00  3.477112e-03  9.560229e-01  4.891600e-03  
   2.1238301  1.010781e+00  3.594385e-03  1.010805e+00  3.594632e-03  9.619465e-01  5.186928e-03  
   2.1448300  1.017521e+00  3.725837e-03  1.017544e+00  3.726092e-03  9.683265e-01  5.533870e-03  
   2.1658299  1.024438e+00  3.866610e-03  1.024463e+00  3.866878e-03  9.748726e-01  5.923430e-03  
   2.1868300  1.031543e+00  4.017797e-03  1.031567e+00  4.018077e-03  9.815871e-01  6.360100e-03  
   2.2078300  1.038838e+00  4.180424e-03  1.038863e+00  4.180717e-03  9.884704e-01  6.847568e-03  
   2.2278299  1.045972e+00  4.346815e-03  1.045998e+00  4.347124e-03  9.951841e-01  7.361525e-03  
   2.2488301  1.053663e+00  4.534402e-03  1.053689e+00  4.534726e-03  1.002400e+00  7.954794e-03  
   2.2698300  1.061567e+00  4.735866e-03  1.061594e+00  4.736205e-03  1.009786e+00  8.603214e-03  
   2.2908299  1.069692e+00  4.951763e-03  1.069720e+00  4.952123e-03  1.017345e+00  9.305771e-03  
   2.3118300  1.078047e+00  5.182540e-03  1.078075e+00  5.182918e-03  1.025078e+00  1.006031e-02  
   2.3328300  1.086641e+00  5.428536e-03  1.086670e+00  5.428934e-03  1.032989e+00  1.086368e-02  
   2.3528299  1.095057e+00  5.677233e-03  1.095086e+00  5.677653e-03  1.040692e+00  1.167067e-02  
   2.3738301  1.104145e+00  5.953779e-03  1.104175e+00  5.954223e-03  1.048965e+00  1.255784e-02  
   2.3948300  1.113504e+00  6.246421e-03  1.113535e+00  6.246893e-03  1.057434e+00  1.348134e-02  
   2.4158299  1.123145e+00  6.555561e-03  1.123177e+00  6.556064e-03  1.066109e+00  1.443662e-02  
   2.4368300  1.133083e+00  6.881726e-03  1.133115e+00  6.882264e-03  1.075000e+00  1.541932e-02  
   2.4578300  1.143332e+00  7.225589e-03  1.143365e+00  7.226170e-03  1.084122e+00  1.642535e-02  
   2.4778299  1.153396e+00  7.570325e-03  1.153430e+00  7.570954e-03  1.093036e+00  1.740183e-02  
   2.4988301  1.164299e+00  7.951464e-03  1.164334e+00  7.952149e-03  1.102649e+00  1.844332e-02  
   2.5204301  1.175893e+00  8.365370e-03  1.175929e+00  8.366119e-03  1.112828e+00  1.952913e-02  
   2.5404301  1.186991e+00  8.769935e-03  1.187028e+00  8.770755e-03  1.122532e+00  2.054575e-02  
   2.5614300  1.199040e+00  9.218737e-03  1.199078e+00  9.219638e-03  1.133033e+00  2.162361e-02  
   2.5824299  1.211520e+00  9.694536e-03  1.211559e+00  9.695527e-03  1.143876e+00  2.271178e-02  
   2.6034300  1.224459e+00  1.020035e-02  1.224500e+00  1.020144e-02  1.155088e+00  2.381106e-02  
   2.6244299  1.237888e+00  1.073989e-02  1.237930e+00  1.074108e-02  1.166697e+00  2.492360e-02  
   2.6444299  1.251165e+00  1.128937e-02  1.251208e+00  1.129066e-02  1.178151e+00  2.599910e-02  
   2.6654301  1.265652e+00  1.190943e-02  1.265697e+00  1.191083e-02  1.190631e+00  2.715082e-02  
   2.6864300  1.280740e+00  1.258110e-02  1.280787e+00  1.258261e-02  1.203609e+00  2.833374e-02  
   2.7074299  1.296479e+00  1.331421e-02  1.296527e+00  1.331584e-02  1.217129e+00  2.955905e-02  
   2.7284300  1.312920e+00  1.412172e-02  1.312970e+00  1.412347e-02  1.231234e+00  3.084119e-02  
   2.7494299  1.330125e+00  1.502066e-02  1.330176e+00  1.502254e-02  1.245974e+00  3.219838e-02  
   2.7694299  1.347279e+00  1.598251e-02  1.347333e+00  1.598452e-02  1.260650e+00  3.358145e-02  
   2.7904301  1.366175e+00  1.713223e-02  1.366231e+00  1.713440e-02  1.276786e+00  3.515549e-02  
   2.8114300  1.386058e+00  1.846416e-02  1.386116e+00  1.846652e-02  1.293727e+00  3.688791e-02  
   2.8324299  1.407022e+00  2.003060e-02  1.407083e+00  2.003322e-02  1.311541e+00  3.882057e-02  
   2.8534300  1.429172e+00  2.190021e-02  1.429235e+00  2.190320e-02  1.330304e+00  4.100497e-02  
   2.8744299  1.452617e+00  2.416219e-02  1.452683e+00  2.416567e-02  1.350095e+00  4.350439e-02  
   2.8944299  1.476258e+00  2.678569e-02  1.476327e+00  2.678982e-02  1.369979e+00  4.624895e-02  
   2.9154301  1.502573e+00  3.017134e-02  1.502647e+00  3.017642e-02  1.392028e+00  4.960472e-02  
   2.9370301  1.531358e+00  3.451340e-02  1.531436e+00  3.451981e-02  1.416058e+00  5.368421e-02  
   2.9570301  1.559661e+00  3.951494e-02  1.559744e+00  3.952304e-02  1.439615e+00  5.816213e-02  
   2.9780300  1.591174e+00  4.603364e-02  1.591262e+00  4.604411e-02  1.465786e+00  6.375491e-02  
   2.9990301  1.624581e+00  5.414846e-02  1.624675e+00  5.416200e-02  1.493508e+00  7.046124e-02  
   3.0200300  1.659895e+00  6.420316e-02  1.659994e+00  6.422067e-02  1.522836e+00  7.852038e-02  
   3.0410299  1.697072e+00  7.657809e-02  1.697177e+00  7.660063e-02  1.553804e+00  8.820936e-02  
   3.0610299  1.734105e+00  9.089309e-02  1.734215e+00  9.092155e-02  1.584816e+00  9.923934e-02  
   3.0820301  1.774506e+00  1.089825e-01  1.774623e+00  1.090184e-01  1.618918e+00  1.130471e-01  
   3.1030300  1.816172e+00  1.306113e-01  1.816295e+00  1.306562e-01  1.654476e+00  1.295037e-01  
   3.1240301  1.858714e+00  1.561652e-01  1.858843e+00  1.562205e-01  1.691294e+00  1.490014e-01  
   3.1450300  1.901640e+00  1.859741e-01  1.901773e+00  1.860413e-01  1.729086e+00  1.719332e-01  
   3.1660299  1.944367e+00  2.202885e-01  1.944505e+00  2.203690e-01  1.767470e+00  1.986760e-01  
   3.1860299  1.984273e+00  2.572905e-01  1.984413e+00  2.573846e-01  1.804134e+00  2.279960e-01  
   3.2070301  2.024666e+00  3.006982e-01  2.024808e+00  3.008076e-01  1.842191e+00  2.630851e-01  
   3.2280300  2.062791e+00  3.486504e-01  2.062933e+00  3.487755e-01  1.879141e+00  3.027547e-01  
   3.2490301  2.097928e+00  4.008748e-01  2.098069e+00  4.010156e-01  1.914252e+00  3.470610e-01  
   3.2700300  2.129404e+00  4.569486e-01  2.129541e+00  4.571047e-01  1.946745e+00  3.959124e-01  
   3.2910299  2.156636e+00  5.163152e-01  2.156768e+00  5.164853e-01  1.975833e+00  4.490540e-01  
   3.3110299  2.178207e+00  5.753054e-01  2.178332e+00  5.754871e-01  1.999681e+00  5.032633e-01  
   3.3320301  2.195974e+00  6.391017e-01  2.196091e+00  6.392942e-01  2.020016e+00  5.633874e-01  
   3.3536301  2.208883e+00  7.058928e-01  2.208990e+00  7.060927e-01  2.035324e+00  6.278708e-01  
   3.3736300  2.216010e+00  7.680637e-01  2.216108e+00  7.682680e-01  2.044040e+00  6.891360e-01  
   3.3946300  2.218692e+00  8.329703e-01  2.218778e+00  8.331759e-01  2.047340e+00  7.541296e-01  
   3.4156301  2.216793e+00  8.968567e-01  2.216866e+00  8.970608e-01  2.044640e+00  8.187991e-01  
   3.4366300  2.210777e+00  9.591878e-01  2.210838e+00  9.593873e-01  2.036159e+00  8.821323e-01  
   3.4576299  2.201185e+00  1.019565e+00  2.201233e+00  1.019757e+00  2.022335e+00  9.431869e-01  
   3.4776299  2.189261e+00  1.075017e+00  2.189297e+00  1.075201e+00  2.004777e+00  9.984649e-01  
   3.4986300  2.174364e+00  1.130972e+00  2.174388e+00  1.131143e+00  1.982481e+00  1.052867e+00  
   3.5196300  2.157560e+00  1.184596e+00  2.157571e+00  1.184755e+00  1.957109e+00  1.103094e+00  
   3.5406301  2.139316e+00  1.235979e+00  2.139316e+00  1.236126e+00  1.929604e+00  1.148918e+00  
   3.5616300  2.120003e+00  1.285269e+00  2.119991e+00  1.285404e+00  1.900898e+00  1.190333e+00  
   3.5826299  2.099892e+00  1.332636e+00  2.099871e+00  1.332759e+00  1.871859e+00  1.227539e+00  
   3.6026299  2.080167e+00  1.376111e+00  2.080137e+00  1.376225e+00  1.844578e+00  1.259403e+00  
   3.6236300  2.058955e+00  1.420167e+00  2.058918e+00  1.420272e+00  1.816907e+00  1.289594e+00  
   3.6446300  2.037292e+00  1.462669e+00  2.037250e+00  1.462767e+00  1.790655e+00  1.317010e+00  
   3.6656301  2.015216e+00  1.503644e+00  2.015170e+00  1.503738e+00  1.766077e+00  1.342254e+00  
   3.6866300  1.992783e+00  1.543067e+00  1.992736e+00  1.543157e+00  1.743269e+00  1.365899e+00  
   3.7076299  1.970092e+00  1.580883e+00  1.970045e+00  1.580972e+00  1.722189e+00  1.388456e+00  
   3.7276299  1.948390e+00  1.615345e+00  1.948344e+00  1.615435e+00  1.703600e+00  1.409304e+00  
   3.7486300  1.925733e+00  1.649861e+00  1.925692e+00  1.649954e+00  1.685466e+00  1.430826e+00  
   3.7702301  1.902899e+00  1.683591e+00  1.902863e+00  1.683688e+00  1.668101e+00  1.452777e+00  
   3.7902300  1.882534e+00  1.713307e+00  1.882505e+00  1.713410e+00  1.653040e+00  1.473036e+00  
   3.8112299  1.862369e+00  1.743133e+00  1.862348e+00  1.743243e+00  1.638189e+00  1.494285e+00  
   3.8322301  1.843884e+00  1.771865e+00  1.843871e+00  1.771984e+00  1.624312e+00  1.515520e+00  
   3.8532300  1.827494e+00  1.799949e+00  1.827490e+00  1.800080e+00  1.611483e+00  1.536749e+00  
   3.8742299  1.813553e+00  1.827963e+00  1.813558e+00  1.828105e+00  1.599857e+00  1.558013e+00  
   3.8942299  1.802786e+00  1.855204e+00  1.802797e+00  1.855361e+00  1.590102e+00  1.578392e+00  
   3.9152300  1.794222e+00  1.885147e+00  1.794241e+00  1.885320e+00  1.581486e+00  1.600102e+00  
   3.9362299  1.788416e+00  1.917293e+00  1.788440e+00  1.917483e+00  1.574792e+00  1.622414e+00  
   3.9572301  1.785120e+00  1.952513e+00  1.785149e+00  1.952721e+00  1.570250e+00  1.645732e+00  
   3.9782300  1.783876e+00  1.991669e+00  1.783908e+00  1.991897e+00  1.568023e+00  1.670565e+00  
   3.9992299  1.784014e+00  2.035571e+00  1.784049e+00  2.035817e+00  1.568167e+00  1.697537e+00  
   4.0192299  1.784632e+00  2.082446e+00  1.784667e+00  2.082710e+00  1.570435e+00  1.725862e+00  
   4.0402298  1.784774e+00  2.137539e+00  1.784811e+00  2.137821e+00  1.574806e+00  1.759124e+00  
   4.0612302  1.783204e+00  2.199049e+00  1.783239e+00  2.199347e+00  1.580770e+00  1.796792e+00  
   4.0822301  1.778588e+00  2.267174e+00  1.778621e+00  2.267486e+00  1.587655e+00  1.839670e+00  
   4.1032300  1.769522e+00  2.341879e+00  1.769552e+00  2.342202e+00  1.594556e+00  1.888503e+00  
   4.1242299  1.754581e+00  2.422881e+00  1.754604e+00  2.423213e+00  1.600339e+00  1.943915e+00  
   4.1442299  1.733612e+00  2.505388e+00  1.733628e+00  2.505722e+00  1.603579e+00  2.003208e+00  
   4.1652298  1.703261e+00  2.596887e+00  1.703268e+00  2.597221e+00  1.603143e+00  2.072502e+00  
   4.1868300  1.661918e+00  2.695135e+00  1.661912e+00  2.695465e+00  1.596887e+00  2.151178e+00  
   4.2068300  1.613549e+00  2.788667e+00  1.613529e+00  2.788988e+00  1.584253e+00  2.230281e+00  
   4.2278299  1.551562e+00  2.888125e+00  1.551524e+00  2.888433e+00  1.562280e+00  2.318978e+00  
   4.2488298  1.477572e+00  2.987282e+00  1.477513e+00  2.987574e+00  1.529858e+00  2.412208e+00  
   4.2698302  1.391304e+00  3.084419e+00  1.391223e+00  3.084692e+00  1.485645e+00  2.508321e+00  
   4.2908301  1.292767e+00  3.177731e+00  1.292660e+00  3.177982e+00  1.428609e+00  2.605308e+00  
   4.3108301  1.187772e+00  3.261366e+00  1.187639e+00  3.261595e+00  1.361786e+00  2.696400e+00  
   4.3318300  1.066358e+00  3.341933e+00  1.066197e+00  3.342138e+00  1.278322e+00  2.788330e+00  
   4.3528299  9.343146e-01  3.413329e+00  9.341230e-01  3.413509e+00  1.181553e+00  2.873946e+00  
   4.3738298  7.927195e-01  3.473880e+00  7.924979e-01  3.474036e+00  1.072326e+00  2.950754e+00  
   4.3948302  6.428854e-01  3.522049e+00  6.426331e-01  3.522179e+00  9.519916e-01  3.016437e+00  
   4.4158301  4.863485e-01  3.556473e+00  4.860668e-01  3.556580e+00  8.223733e-01  3.068983e+00  
   4.4358301  3.326020e-01  3.575435e+00  3.322942e-01  3.575521e+00  6.923051e-01  3.105347e+00  
   4.4568300  1.680749e-01  3.579973e+00  1.677417e-01  3.580037e+00  5.511639e-01  3.128100e+00  
   4.4778299  2.351376e-03  3.568167e+00  1.996445e-03  3.568208e+00  4.079465e-01  3.134485e+00  
   4.4988298  -1.624717e-01  3.539719e+00  -1.628443e-01  3.539739e+00  2.653401e-01  3.124494e+00  
   4.5198302  -3.242488e-01  3.494683e+00  -3.246344e-01  3.494679e+00  1.259446e-01  3.098674e+00  
   4.5408301  -4.808196e-01  3.433475e+00  -4.812128e-01  3.433449e+00  -7.833616e-03  3.058077e+00  
   4.5608301  -6.231735e-01  3.360872e+00  -6.235691e-01  3.360824e+00  -1.280994e-01  3.007029e+00  
   4.5818300  -7.636306e-01  3.270735e+00  -7.640231e-01  3.270664e+00  -2.452175e-01  2.942163e+00  
   4.6034298  -8.965857e-01  3.164751e+00  -8.969696e-01  3.164657e+00  -3.545386e-01  2.865525e+00  
   4.6234298  -1.007812e+00  3.056363e+00  -1.008184e+00  3.056249e+00  -4.448747e-01  2.787621e+00  
   4.6444302  -1.111089e+00  2.934018e+00  -1.111444e+00  2.933884e+00  -5.280417e-01  2.700754e+00  
   4.6654301  -1.199654e+00  2.805248e+00  -1.199989e+00  2.805097e+00  -5.992050e-01  2.610774e+00  
   4.6864300  -1.273041e+00  2.672520e+00  -1.273353e+00  2.672354e+00  -6.586853e-01  2.519630e+00  
   4.7074299  -1.331220e+00  2.538324e+00  -1.331511e+00  2.538148e+00  -7.070912e-01  2.429067e+00  
   4.7274299  -1.372857e+00  2.411350e+00  -1.373126e+00  2.411168e+00  -7.436495e-01  2.344722e+00  
   4.7484298  -1.402879e+00  2.281027e+00  -1.403126e+00  2.280842e+00  -7.729487e-01  2.259335e+00  
   4.7694302  -1.419986e+00  2.155684e+00  -1.420215e+00  2.155503e+00  -7.939751e-01  2.178139e+00  
   4.7904301  -1.425575e+00  2.036926e+00  -1.425788e+00  2.036753e+00  -8.078053e-01  2.101831e+00  
   4.8114300  -1.421215e+00  1.925973e+00  -1.421415e+00  1.925812e+00  -8.154964e-01  2.030860e+00  
   4.8324299  -1.408559e+00  1.823655e+00  -1.408751e+00  1.823511e+00  -8.180493e-01  1.965468e+00  
   4.8524299  -1.390301e+00  1.734660e+00  -1.390488e+00  1.734535e+00  -8.165466e-01  1.908439e+00  
   4.8734298  -1.366124e+00  1.650213e+00  -1.366308e+00  1.650110e+00  -8.116333e-01  1.853996e+00  
   4.8944302  -1.338233e+00  1.574834e+00  -1.338420e+00  1.574756e+00  -8.040219e-01  1.804941e+00  
   4.9154301  -1.307901e+00  1.508152e+00  -1.308093e+00  1.508100e+00  -7.943431e-01  1.761009e+00  
   4.9364300  -1.276207e+00  1.449630e+00  -1.276408e+00  1.449605e+00  -7.831327e-01  1.721881e+00  
   4.9574299  -1.244039e+00  1.398623e+00  -1.244250e+00  1.398625e+00  -7.708377e-01  1.687204e+00  
   4.9774299  -1.213604e+00  1.356391e+00  -1.213827e+00  1.356418e+00  -7.584582e-01  1.657981e+00  
   4.9984298  -1.182374e+00  1.318019e+00  -1.182611e+00  1.318072e+00  -7.450444e-01  1.630935e+00  
