w Re-xx Im-xx Re-yy Im-yy Re-zz Im-zz
# Gaussian absolute broadening  0.15 [eV]
   0.0000000  7.721857e-01  8.980236e-05  7.722091e-01  8.981254e-05  7.281979e-01  7.968320e-05  
   0.0200000  7.722872e-01  9.611196e-05  7.723104e-01  9.612187e-05  7.282878e-01  8.527993e-05  
   0.0410000  7.724078e-01  1.033021e-04  7.724313e-01  1.033118e-04  7.283948e-01  9.165735e-05  
   0.0620000  7.725454e-01  1.111080e-04  7.725689e-01  1.111174e-04  7.285172e-01  9.858050e-05  
   0.0830000  7.727014e-01  1.195642e-04  7.727249e-01  1.195733e-04  7.286557e-01  1.060799e-04  
   0.1040000  7.728787e-01  1.287005e-04  7.729021e-01  1.287094e-04  7.288131e-01  1.141818e-04  
   0.1240000  7.730686e-01  1.380558e-04  7.730923e-01  1.380646e-04  7.289814e-01  1.224773e-04  
   0.1450000  7.732928e-01  1.485811e-04  7.733163e-01  1.485900e-04  7.291804e-01  1.318094e-04  
   0.1660000  7.735446e-01  1.598325e-04  7.735681e-01  1.598415e-04  7.294037e-01  1.417843e-04  
   0.1870000  7.738260e-01  1.718064e-04  7.738495e-01  1.718156e-04  7.296534e-01  1.523985e-04  
   0.2080000  7.741393e-01  1.844881e-04  7.741627e-01  1.844978e-04  7.299311e-01  1.636388e-04  
   0.2290000  7.744859e-01  1.978522e-04  7.745094e-01  1.978624e-04  7.302387e-01  1.754823e-04  
   0.2490000  7.748488e-01  2.111817e-04  7.748721e-01  2.111926e-04  7.305605e-01  1.872933e-04  
   0.2700000  7.752655e-01  2.257671e-04  7.752889e-01  2.257788e-04  7.309300e-01  2.002150e-04  
   0.2910000  7.757194e-01  2.409062e-04  7.757429e-01  2.409190e-04  7.313327e-01  2.136249e-04  
   0.3120000  7.762120e-01  2.565448e-04  7.762355e-01  2.565586e-04  7.317693e-01  2.274744e-04  
   0.3330000  7.767431e-01  2.726270e-04  7.767667e-01  2.726421e-04  7.322400e-01  2.417136e-04  
   0.3540000  7.773133e-01  2.890986e-04  7.773368e-01  2.891149e-04  7.327460e-01  2.562941e-04  
   0.3740000  7.778929e-01  3.051017e-04  7.779167e-01  3.051191e-04  7.332596e-01  2.704562e-04  
   0.3950000  7.785398e-01  3.221935e-04  7.785636e-01  3.222121e-04  7.338331e-01  2.855776e-04  
   0.4160000  7.792254e-01  3.395428e-04  7.792491e-01  3.395625e-04  7.344407e-01  3.009220e-04  
   0.4374300  7.799659e-01  3.574806e-04  7.799897e-01  3.575012e-04  7.350972e-01  3.167816e-04  
   0.4574300  7.806935e-01  3.744110e-04  7.807173e-01  3.744324e-04  7.357417e-01  3.317455e-04  
   0.4784300  7.814952e-01  3.923676e-04  7.815191e-01  3.923898e-04  7.364519e-01  3.476107e-04  
   0.4994300  7.823359e-01  4.104965e-04  7.823598e-01  4.105194e-04  7.371969e-01  3.636222e-04  
   0.5204300  7.832155e-01  4.287903e-04  7.832395e-01  4.288139e-04  7.379761e-01  3.797727e-04  
   0.5414300  7.841340e-01  4.472459e-04  7.841581e-01  4.472699e-04  7.387896e-01  3.960593e-04  
   0.5614300  7.850458e-01  4.649731e-04  7.850699e-01  4.649977e-04  7.395969e-01  4.116964e-04  
   0.5824300  7.860416e-01  4.837461e-04  7.860656e-01  4.837713e-04  7.404785e-01  4.282490e-04  
   0.6034300  7.870771e-01  5.026869e-04  7.871013e-01  5.027125e-04  7.413949e-01  4.449415e-04  
   0.6244300  7.881525e-01  5.218002e-04  7.881769e-01  5.218266e-04  7.423471e-01  4.617783e-04  
   0.6454300  7.892687e-01  5.410921e-04  7.892931e-01  5.411192e-04  7.433346e-01  4.787640e-04  
   0.6664300  7.904257e-01  5.605695e-04  7.904503e-01  5.605973e-04  7.443586e-01  4.959039e-04  
   0.6864300  7.915657e-01  5.792973e-04  7.915900e-01  5.793262e-04  7.453666e-01  5.123762e-04  
   0.7074300  7.928032e-01  5.991561e-04  7.928279e-01  5.991864e-04  7.464612e-01  5.298341e-04  
   0.7284300  7.940827e-01  6.192215e-04  7.941073e-01  6.192531e-04  7.475927e-01  5.474637e-04  
   0.7494300  7.954048e-01  6.395022e-04  7.954294e-01  6.395353e-04  7.487612e-01  5.652718e-04  
   0.7704300  7.967691e-01  6.600050e-04  7.967938e-01  6.600401e-04  7.499673e-01  5.832647e-04  
   0.7914300  7.981772e-01  6.807395e-04  7.982020e-01  6.807765e-04  7.512118e-01  6.014498e-04  
   0.8114300  7.995584e-01  7.007094e-04  7.995834e-01  7.007484e-04  7.524316e-01  6.189534e-04  
   0.8324300  8.010520e-01  7.219212e-04  8.010769e-01  7.219625e-04  7.537509e-01  6.375335e-04  
   0.8540300  8.026353e-01  7.440090e-04  8.026605e-01  7.440526e-04  7.551490e-01  6.568682e-04  
   0.8740300  8.041438e-01  7.647139e-04  8.041690e-01  7.647598e-04  7.564805e-01  6.749800e-04  
   0.8950300  8.057727e-01  7.867261e-04  8.057981e-01  7.867745e-04  7.579182e-01  6.942220e-04  
   0.9160300  8.074480e-01  8.090279e-04  8.074734e-01  8.090789e-04  7.593963e-01  7.137029e-04  
   0.9370300  8.091702e-01  8.316300e-04  8.091959e-01  8.316837e-04  7.609156e-01  7.334319e-04  
   0.9580300  8.109404e-01  8.545443e-04  8.109660e-01  8.546006e-04  7.624765e-01  7.534179e-04  
   0.9780300  8.126716e-01  8.766688e-04  8.126974e-01  8.767276e-04  7.640024e-01  7.727005e-04  
   0.9990300  8.145372e-01  9.002267e-04  8.145631e-01  9.002882e-04  7.656465e-01  7.932167e-04  
   1.0200300  8.164526e-01  9.241329e-04  8.164786e-01  9.241970e-04  7.673341e-01  8.140189e-04  
   1.0410300  8.184190e-01  9.483998e-04  8.184450e-01  9.484667e-04  7.690658e-01  8.351179e-04  
   1.0620300  8.204368e-01  9.730406e-04  8.204629e-01  9.731101e-04  7.708423e-01  8.565236e-04  
   1.0830300  8.225067e-01  9.980688e-04  8.225330e-01  9.981407e-04  7.726641e-01  8.782469e-04  
   1.1030300  8.245271e-01  1.022277e-03  8.245537e-01  1.022351e-03  7.744416e-01  8.992408e-04  
   1.1240300  8.267015e-01  1.048101e-03  8.267280e-01  1.048177e-03  7.763540e-01  9.216160e-04  
   1.1450300  8.289303e-01  1.074354e-03  8.289571e-01  1.074433e-03  7.783133e-01  9.443418e-04  
   1.1660300  8.312147e-01  1.101052e-03  8.312418e-01  1.101133e-03  7.803212e-01  9.674304e-04  
   1.1870300  8.335558e-01  1.128209e-03  8.335828e-01  1.128292e-03  7.823775e-01  9.908944e-04  
   1.2080300  8.359543e-01  1.155844e-03  8.359815e-01  1.155928e-03  7.844837e-01  1.014747e-03  
   1.2280300  8.382927e-01  1.182621e-03  8.383198e-01  1.182707e-03  7.865361e-01  1.037836e-03  
   1.2490300  8.408057e-01  1.211237e-03  8.408333e-01  1.211325e-03  7.887413e-01  1.062486e-03  
   1.2706300  8.434542e-01  1.241225e-03  8.434819e-01  1.241315e-03  7.910641e-01  1.088290e-03  
   1.2906300  8.459645e-01  1.269511e-03  8.459925e-01  1.269603e-03  7.932646e-01  1.112604e-03  
   1.3116300  8.486621e-01  1.299771e-03  8.486897e-01  1.299863e-03  7.956281e-01  1.138585e-03  
   1.3326300  8.514231e-01  1.330624e-03  8.514512e-01  1.330718e-03  7.980465e-01  1.165045e-03  
   1.3536299  8.542498e-01  1.362094e-03  8.542781e-01  1.362190e-03  8.005206e-01  1.192002e-03  
   1.3746300  8.571433e-01  1.394206e-03  8.571719e-01  1.394304e-03  8.030523e-01  1.219475e-03  
   1.3946300  8.599627e-01  1.425411e-03  8.599915e-01  1.425510e-03  8.055176e-01  1.246138e-03  
   1.4156300  8.629907e-01  1.458851e-03  8.630195e-01  1.458952e-03  8.081641e-01  1.274675e-03  
   1.4366300  8.660898e-01  1.493015e-03  8.661191e-01  1.493117e-03  8.108713e-01  1.303790e-03  
   1.4576300  8.692619e-01  1.527929e-03  8.692912e-01  1.528033e-03  8.136404e-01  1.333501e-03  
   1.4786299  8.725083e-01  1.563626e-03  8.725377e-01  1.563732e-03  8.164732e-01  1.363832e-03  
   1.4996300  8.758307e-01  1.600140e-03  8.758606e-01  1.600248e-03  8.193702e-01  1.394808e-03  
   1.5196300  8.790666e-01  1.635709e-03  8.790966e-01  1.635818e-03  8.221901e-01  1.424928e-03  
   1.5406300  8.825418e-01  1.673928e-03  8.825720e-01  1.674039e-03  8.252165e-01  1.457231e-03  
   1.5616300  8.860984e-01  1.713083e-03  8.861290e-01  1.713197e-03  8.283117e-01  1.490253e-03  
   1.5826300  8.897380e-01  1.753226e-03  8.897688e-01  1.753344e-03  8.314772e-01  1.524022e-03  
   1.6036299  8.934629e-01  1.794418e-03  8.934937e-01  1.794537e-03  8.347142e-01  1.558567e-03  
   1.6246300  8.972746e-01  1.836726e-03  8.973057e-01  1.836849e-03  8.380244e-01  1.593922e-03  
   1.6446300  9.009876e-01  1.878136e-03  9.010192e-01  1.878262e-03  8.412463e-01  1.628373e-03  
   1.6656300  9.049752e-01  1.922890e-03  9.050074e-01  1.923018e-03  8.447042e-01  1.665402e-03  
   1.6872300  9.091762e-01  1.970412e-03  9.092084e-01  1.970545e-03  8.483434e-01  1.704444e-03  
   1.7072300  9.131563e-01  2.015907e-03  9.131891e-01  2.016045e-03  8.517886e-01  1.741493e-03  
   1.7282300  9.174328e-01  2.065407e-03  9.174654e-01  2.065549e-03  8.554871e-01  1.781369e-03  
   1.7492300  9.218115e-01  2.116909e-03  9.218444e-01  2.117057e-03  8.592696e-01  1.822290e-03  
   1.7702301  9.262946e-01  2.170690e-03  9.263281e-01  2.170846e-03  8.631394e-01  1.864310e-03  
   1.7912300  9.308863e-01  2.227088e-03  9.309198e-01  2.227251e-03  8.670986e-01  1.907487e-03  
   1.8112299  9.353632e-01  2.283586e-03  9.353973e-01  2.283759e-03  8.709548e-01  1.949745e-03  
   1.8322300  9.401753e-01  2.346260e-03  9.402097e-01  2.346443e-03  8.750959e-01  1.995377e-03  
   1.8532300  9.451053e-01  2.412851e-03  9.451398e-01  2.413047e-03  8.793340e-01  2.042388e-03  
   1.8742300  9.501572e-01  2.483898e-03  9.501922e-01  2.484107e-03  8.836722e-01  2.090876e-03  
   1.8952301  9.553339e-01  2.559966e-03  9.553691e-01  2.560190e-03  8.881133e-01  2.140954e-03  
   1.9162300  9.606391e-01  2.641630e-03  9.606745e-01  2.641873e-03  8.926600e-01  2.192757e-03  
   1.9362299  9.658142e-01  2.725131e-03  9.658504e-01  2.725394e-03  8.970920e-01  2.243844e-03  
   1.9572300  9.713804e-01  2.819340e-03  9.714168e-01  2.819624e-03  9.018547e-01  2.299504e-03  
   1.9782300  9.770865e-01  2.920724e-03  9.771234e-01  2.921031e-03  9.067329e-01  2.357453e-03  
   1.9992300  9.829361e-01  3.029706e-03  9.829735e-01  3.030039e-03  9.117306e-01  2.417950e-03  
   2.0202301  9.889334e-01  3.146634e-03  9.889714e-01  3.146995e-03  9.168515e-01  2.481307e-03  
   2.0412300  9.950839e-01  3.271772e-03  9.951218e-01  3.272162e-03  9.220997e-01  2.547880e-03  
   2.0612299  1.001087e+00  3.398760e-03  1.001125e+00  3.399179e-03  9.272197e-01  2.614652e-03  
   2.0822301  1.007549e+00  3.540430e-03  1.007588e+00  3.540883e-03  9.327281e-01  2.688756e-03  
   2.1038301  1.014370e+00  3.695166e-03  1.014410e+00  3.695653e-03  9.385412e-01  2.769804e-03  
   2.1238301  1.020850e+00  3.846699e-03  1.020891e+00  3.847221e-03  9.440604e-01  2.849782e-03  
   2.1448300  1.027830e+00  4.014505e-03  1.027871e+00  4.015061e-03  9.500023e-01  2.939525e-03  
   2.1658299  1.034998e+00  4.191448e-03  1.035039e+00  4.192041e-03  9.561002e-01  3.035924e-03  
   2.1868300  1.042360e+00  4.377882e-03  1.042402e+00  4.378512e-03  9.623603e-01  3.139828e-03  
   2.2078300  1.049925e+00  4.574284e-03  1.049968e+00  4.574953e-03  9.687883e-01  3.252172e-03  
   2.2278299  1.057326e+00  4.771207e-03  1.057370e+00  4.771914e-03  9.750721e-01  3.367965e-03  
   2.2488301  1.065312e+00  4.989133e-03  1.065356e+00  4.989879e-03  9.818469e-01  3.499893e-03  
   2.2698300  1.073527e+00  5.219462e-03  1.073572e+00  5.220249e-03  9.888094e-01  3.643669e-03  
   2.2908299  1.081982e+00  5.463372e-03  1.082027e+00  5.464200e-03  9.959676e-01  3.800700e-03  
   2.3118300  1.090688e+00  5.722201e-03  1.090734e+00  5.723072e-03  1.003329e+00  3.972539e-03  
   2.3328300  1.099655e+00  5.997429e-03  1.099702e+00  5.998346e-03  1.010901e+00  4.160888e-03  
   2.3528299  1.108449e+00  6.276310e-03  1.108497e+00  6.277274e-03  1.018317e+00  4.357331e-03  
   2.3738301  1.117964e+00  6.588467e-03  1.118012e+00  6.589483e-03  1.026328e+00  4.583483e-03  
   2.3948300  1.127778e+00  6.922374e-03  1.127828e+00  6.923445e-03  1.034575e+00  4.832178e-03  
   2.4158299  1.137908e+00  7.280229e-03  1.137958e+00  7.281367e-03  1.043071e+00  5.105824e-03  
   2.4368300  1.148369e+00  7.664522e-03  1.148421e+00  7.665727e-03  1.051825e+00  5.407018e-03  
   2.4578300  1.159181e+00  8.078098e-03  1.159234e+00  8.079384e-03  1.060850e+00  5.738546e-03  
   2.4778299  1.169822e+00  8.502260e-03  1.169876e+00  8.503634e-03  1.069706e+00  6.085254e-03  
   2.4988301  1.181376e+00  8.983281e-03  1.181431e+00  8.984754e-03  1.079293e+00  6.484950e-03  
   2.5204301  1.193693e+00  9.521173e-03  1.193749e+00  9.522773e-03  1.089478e+00  6.937877e-03  
   2.5404301  1.205513e+00  1.006382e-02  1.205570e+00  1.006555e-02  1.099214e+00  7.398763e-03  
   2.5614300  1.218381e+00  1.068692e-02  1.218440e+00  1.068880e-02  1.109771e+00  7.929959e-03  
   2.5824299  1.231748e+00  1.137366e-02  1.231808e+00  1.137572e-02  1.120687e+00  8.514588e-03  
   2.6034300  1.245648e+00  1.213542e-02  1.245709e+00  1.213769e-02  1.131983e+00  9.158572e-03  
   2.6244299  1.260116e+00  1.298621e-02  1.260179e+00  1.298871e-02  1.143680e+00  9.868881e-03  
   2.6444299  1.274460e+00  1.389503e-02  1.274524e+00  1.389777e-02  1.155215e+00  1.061467e-02  
   2.6654301  1.290153e+00  1.497287e-02  1.290220e+00  1.497590e-02  1.167766e+00  1.148013e-02  
   2.6864300  1.306538e+00  1.620221e-02  1.306607e+00  1.620555e-02  1.180793e+00  1.244180e-02  
   2.7074299  1.323663e+00  1.761344e-02  1.323733e+00  1.761715e-02  1.194326e+00  1.351415e-02  
   2.7284300  1.341576e+00  1.924288e-02  1.341649e+00  1.924697e-02  1.208396e+00  1.471446e-02  
   2.7494299  1.360331e+00  2.113354e-02  1.360406e+00  2.113806e-02  1.223036e+00  1.606320e-02  
   2.7694299  1.379025e+00  2.322346e-02  1.379102e+00  2.322844e-02  1.237540e+00  1.750771e-02  
   2.7904301  1.399583e+00  2.577882e-02  1.399663e+00  2.578433e-02  1.253395e+00  1.921925e-02  
   2.8114300  1.421152e+00  2.877250e-02  1.421235e+00  2.877859e-02  1.269927e+00  2.116186e-02  
   2.8324299  1.443794e+00  3.228605e-02  1.443881e+00  3.229279e-02  1.287178e+00  2.337220e-02  
   2.8534300  1.467572e+00  3.641500e-02  1.467662e+00  3.642246e-02  1.305190e+00  2.589197e-02  
   2.8744299  1.492551e+00  4.127108e-02  1.492645e+00  4.127936e-02  1.324011e+00  2.876859e-02  
   2.8944299  1.517512e+00  4.669145e-02  1.517610e+00  4.670060e-02  1.342730e+00  3.188958e-02  
   2.9154301  1.545008e+00  5.336430e-02  1.545110e+00  5.337448e-02  1.363274e+00  3.562685e-02  
   2.9370301  1.574716e+00  6.145972e-02  1.574822e+00  6.147113e-02  1.385413e+00  4.003799e-02  
   2.9570301  1.603546e+00  7.025968e-02  1.603656e+00  7.027240e-02  1.406880e+00  4.471508e-02  
   2.9780300  1.635200e+00  8.107366e-02  1.635315e+00  8.108796e-02  1.430486e+00  5.033785e-02  
   2.9990301  1.668256e+00  9.375555e-02  1.668376e+00  9.377170e-02  1.455248e+00  5.680967e-02  
   3.0200300  1.702660e+00  1.085901e-01  1.702785e+00  1.086084e-01  1.481229e+00  6.427620e-02  
   3.0410299  1.738309e+00  1.258835e-01  1.738439e+00  1.259042e-01  1.508485e+00  7.291184e-02  
   3.0610299  1.773271e+00  1.449306e-01  1.773406e+00  1.449539e-01  1.535668e+00  8.241151e-02  
   3.0820301  1.810821e+00  1.679425e-01  1.810960e+00  1.679690e-01  1.565514e+00  9.395500e-02  
   3.1030300  1.848934e+00  1.943392e-01  1.849077e+00  1.943693e-01  1.596678e+00  1.073731e-01  
   3.1240301  1.887232e+00  2.243929e-01  1.887379e+00  2.244269e-01  1.629105e+00  1.229682e-01  
   3.1450300  1.925263e+00  2.583207e-01  1.925412e+00  2.583590e-01  1.662672e+00  1.410637e-01  
   3.1660299  1.962512e+00  2.962673e-01  1.962661e+00  2.963103e-01  1.697189e+00  1.619950e-01  
   3.1860299  1.996739e+00  3.361910e-01  1.996889e+00  3.362385e-01  1.730702e+00  1.848665e-01  
   3.2070301  2.030797e+00  3.820309e-01  2.030946e+00  3.820832e-01  1.766219e+00  2.122559e-01  
   3.2280300  2.062335e+00  4.317149e-01  2.062482e+00  4.317720e-01  1.801640e+00  2.433490e-01  
   3.2490301  2.090779e+00  4.849493e-01  2.090920e+00  4.850107e-01  1.836442e+00  2.783222e-01  
   3.2700300  2.115605e+00  5.413194e-01  2.115740e+00  5.413849e-01  1.870042e+00  3.172485e-01  
   3.2910299  2.136372e+00  6.003073e-01  2.136500e+00  6.003761e-01  1.901805e+00  3.600783e-01  
   3.3110299  2.152074e+00  6.583682e-01  2.152195e+00  6.584394e-01  1.929755e+00  4.043254e-01  
   3.3320301  2.164082e+00  7.206744e-01  2.164193e+00  7.207471e-01  1.956084e+00  4.540953e-01  
   3.3536301  2.171575e+00  7.854826e-01  2.171676e+00  7.855563e-01  1.979343e+00  5.083318e-01  
   3.3736300  2.174181e+00  8.455054e-01  2.174273e+00  8.455789e-01  1.996971e+00  5.607411e-01  
   3.3946300  2.172630e+00  9.079230e-01  2.172712e+00  9.079955e-01  2.011093e+00  6.173563e-01  
   3.4156301  2.166996e+00  9.691554e-01  2.167069e+00  9.692268e-01  2.020517e+00  6.748418e-01  
   3.4366300  2.157687e+00  1.028718e+00  2.157751e+00  1.028788e+00  2.025206e+00  7.324060e-01  
   3.4576299  2.145178e+00  1.086238e+00  2.145233e+00  1.086307e+00  2.025291e+00  7.892822e-01  
   3.4776299  2.130750e+00  1.138877e+00  2.130798e+00  1.138946e+00  2.021363e+00  8.421689e-01  
   3.4986300  2.113451e+00  1.191758e+00  2.113491e+00  1.191827e+00  2.013441e+00  8.957799e-01  
   3.5196300  2.094428e+00  1.242143e+00  2.094462e+00  1.242214e+00  2.002166e+00  9.469657e-01  
   3.5406301  2.074120e+00  1.290075e+00  2.074148e+00  1.290149e+00  1.988154e+00  9.954160e-01  
   3.5616300  2.052900e+00  1.335664e+00  2.052923e+00  1.335742e+00  1.972048e+00  1.040975e+00  
   3.5826299  2.031068e+00  1.379064e+00  2.031089e+00  1.379148e+00  1.954487e+00  1.083645e+00  
   3.6026299  2.009918e+00  1.418527e+00  2.009936e+00  1.418619e+00  1.936949e+00  1.121718e+00  
   3.6236300  1.987491e+00  1.458166e+00  1.987509e+00  1.458267e+00  1.918174e+00  1.159231e+00  
   3.6446300  1.964950e+00  1.496122e+00  1.964966e+00  1.496234e+00  1.899442e+00  1.194526e+00  
   3.6656301  1.942373e+00  1.532523e+00  1.942387e+00  1.532646e+00  1.881064e+00  1.227953e+00  
   3.6866300  1.919827e+00  1.567460e+00  1.919842e+00  1.567595e+00  1.863250e+00  1.259863e+00  
   3.7076299  1.897392e+00  1.600991e+00  1.897409e+00  1.601138e+00  1.846108e+00  1.290574e+00  
   3.7276299  1.876229e+00  1.631647e+00  1.876246e+00  1.631806e+00  1.830448e+00  1.318953e+00  
   3.7486300  1.854372e+00  1.662515e+00  1.854391e+00  1.662686e+00  1.814697e+00  1.348030e+00  
   3.7702301  1.832504e+00  1.692889e+00  1.832524e+00  1.693072e+00  1.799217e+00  1.377298e+00  
   3.7902300  1.813064e+00  1.719833e+00  1.813086e+00  1.720027e+00  1.785533e+00  1.403877e+00  
   3.8112299  1.793801e+00  1.747035e+00  1.793825e+00  1.747240e+00  1.771874e+00  1.431261e+00  
   3.8322301  1.776066e+00  1.773339e+00  1.776092e+00  1.773555e+00  1.759037e+00  1.458106e+00  
   3.8532300  1.760225e+00  1.799077e+00  1.760252e+00  1.799303e+00  1.747194e+00  1.484417e+00  
   3.8742299  1.746616e+00  1.824706e+00  1.746645e+00  1.824942e+00  1.736581e+00  1.510255e+00  
   3.8942299  1.735984e+00  1.849552e+00  1.736012e+00  1.849796e+00  1.727882e+00  1.534549e+00  
   3.9152300  1.727426e+00  1.876777e+00  1.727454e+00  1.877030e+00  1.720530e+00  1.559971e+00  
   3.9362299  1.721567e+00  1.905964e+00  1.721593e+00  1.906227e+00  1.715308e+00  1.585680e+00  
   3.9572301  1.718253e+00  1.938005e+00  1.718276e+00  1.938276e+00  1.712478e+00  1.612206e+00  
   3.9782300  1.717123e+00  1.973813e+00  1.717141e+00  1.974094e+00  1.712203e+00  1.640211e+00  
   3.9992299  1.717589e+00  2.014287e+00  1.717598e+00  2.014576e+00  1.714510e+00  1.670491e+00  
   4.0192299  1.718775e+00  2.057926e+00  1.718773e+00  2.058223e+00  1.718969e+00  1.702257e+00  
   4.0402298  1.719815e+00  2.109759e+00  1.719799e+00  2.110063e+00  1.725674e+00  1.739589e+00  
   4.0612302  1.719458e+00  2.168249e+00  1.719424e+00  2.168556e+00  1.733864e+00  1.781927e+00  
   4.0822301  1.716354e+00  2.233666e+00  1.716298e+00  2.233976e+00  1.742690e+00  1.830155e+00  
   4.1032300  1.709063e+00  2.306015e+00  1.708980e+00  2.306325e+00  1.751061e+00  1.885047e+00  
   4.1242299  1.696115e+00  2.385007e+00  1.696003e+00  2.385313e+00  1.757651e+00  1.947181e+00  
   4.1442299  1.677209e+00  2.465878e+00  1.677067e+00  2.466177e+00  1.760882e+00  2.013402e+00  
   4.1652298  1.649171e+00  2.555884e+00  1.648994e+00  2.556169e+00  1.759477e+00  2.090368e+00  
   4.1868300  1.610351e+00  2.652732e+00  1.610136e+00  2.653001e+00  1.751089e+00  2.177163e+00  
   4.2068300  1.564456e+00  2.745001e+00  1.564207e+00  2.745250e+00  1.735396e+00  2.263789e+00  
   4.2278299  1.505240e+00  2.843088e+00  1.504954e+00  2.843311e+00  1.709079e+00  2.360193e+00  
   4.2488298  1.434241e+00  2.940775e+00  1.433921e+00  2.940968e+00  1.671185e+00  2.460752e+00  
   4.2698302  1.351232e+00  3.036330e+00  1.350878e+00  3.036492e+00  1.620447e+00  2.563666e+00  
   4.2908301  1.256256e+00  3.127980e+00  1.255873e+00  3.128108e+00  1.555945e+00  2.666826e+00  
   4.3108301  1.154953e+00  3.210037e+00  1.154547e+00  3.210132e+00  1.481255e+00  2.763172e+00  
   4.3318300  1.037718e+00  3.289067e+00  1.037291e+00  3.289126e+00  1.388876e+00  2.859958e+00  
   4.3528299  9.101135e-01  3.359197e+00  9.096707e-01  3.359223e+00  1.282672e+00  2.949786e+00  
   4.3738298  7.731282e-01  3.418915e+00  7.726739e-01  3.418909e+00  1.163642e+00  3.030226e+00  
   4.3948302  6.279477e-01  3.466836e+00  6.274875e-01  3.466799e+00  1.033288e+00  3.099036e+00  
   4.4158301  4.759558e-01  3.501729e+00  4.754942e-01  3.501664e+00  8.935787e-01  3.154281e+00  
   4.4358301  3.262845e-01  3.521886e+00  3.258256e-01  3.521797e+00  7.539572e-01  3.192890e+00  
   4.4568300  1.656125e-01  3.528501e+00  1.651608e-01  3.528390e+00  6.029683e-01  3.217713e+00  
   4.4778299  3.165086e-03  3.519595e+00  2.723844e-03  3.519465e+00  4.502011e-01  3.225923e+00  
   4.4988298  -1.590772e-01  3.494806e+00  -1.595050e-01  3.494660e+00  2.984392e-01  3.217550e+00  
   4.5198302  -3.190438e-01  3.454062e+00  -3.194557e-01  3.453902e+00  1.503578e-01  3.193162e+00  
   4.5408301  -4.746033e-01  3.397624e+00  -4.749969e-01  3.397451e+00  8.415385e-03  3.153826e+00  
   4.5608301  -6.167215e-01  3.329836e+00  -6.170968e-01  3.329652e+00  -1.191161e-01  3.103826e+00  
   4.5818300  -7.576393e-01  3.244850e+00  -7.579939e-01  3.244657e+00  -2.433244e-01  3.039901e+00  
   4.6034298  -8.917307e-01  3.144065e+00  -8.920633e-01  3.143864e+00  -3.593800e-01  2.964052e+00  
   4.6234298  -1.004501e+00  3.040230e+00  -1.004813e+00  3.040024e+00  -4.554771e-01  2.886707e+00  
   4.6444302  -1.109783e+00  2.922243e+00  -1.110073e+00  2.922032e+00  -5.442395e-01  2.800230e+00  
   4.6654301  -1.200618e+00  2.797275e+00  -1.200887e+00  2.797062e+00  -6.205721e-01  2.710416e+00  
   4.6864300  -1.276414e+00  2.667706e+00  -1.276662e+00  2.667493e+00  -6.848278e-01  2.619194e+00  
   4.7074299  -1.337028e+00  2.535979e+00  -1.337256e+00  2.535768e+00  -7.376364e-01  2.528290e+00  
   4.7274299  -1.380917e+00  2.410704e+00  -1.381128e+00  2.410496e+00  -7.780493e-01  2.443366e+00  
   4.7484298  -1.413156e+00  2.281504e+00  -1.413350e+00  2.281300e+00  -8.110368e-01  2.357102e+00  
   4.7694302  -1.432272e+00  2.156657e+00  -1.432451e+00  2.156461e+00  -8.353728e-01  2.274769e+00  
   4.7904301  -1.439618e+00  2.037846e+00  -1.439784e+00  2.037657e+00  -8.521197e-01  2.197090e+00  
   4.8114300  -1.436746e+00  1.926378e+00  -1.436899e+00  1.926198e+00  -8.623220e-01  2.124555e+00  
   4.8324299  -1.425301e+00  1.823180e+00  -1.425445e+00  1.823009e+00  -8.669766e-01  2.057459e+00  
   4.8524299  -1.407950e+00  1.733095e+00  -1.408087e+00  1.732932e+00  -8.671000e-01  1.998728e+00  
   4.8734298  -1.384487e+00  1.647324e+00  -1.384616e+00  1.647171e+00  -8.635179e-01  1.942471e+00  
   4.8944302  -1.357098e+00  1.570518e+00  -1.357221e+00  1.570373e+00  -8.568820e-01  1.891630e+00  
   4.9154301  -1.327089e+00  1.502371e+00  -1.327207e+00  1.502234e+00  -8.478634e-01  1.845990e+00  
   4.9364300  -1.295582e+00  1.442399e+00  -1.295696e+00  1.442269e+00  -8.370460e-01  1.805270e+00  
   4.9574299  -1.263501e+00  1.389996e+00  -1.263611e+00  1.389873e+00  -8.249298e-01  1.769149e+00  
   4.9774299  -1.233094e+00  1.346509e+00  -1.233200e+00  1.346390e+00  -8.125699e-01  1.738705e+00  
   4.9984298  -1.201866e+00  1.306911e+00  -1.201969e+00  1.306796e+00  -7.990683e-01  1.710546e+00  
