w Re-xx Im-xx Re-yy Im-yy Re-zz Im-zz
# Gaussian absolute broadening  0.15 [eV]
   0.0000000  7.692161e-01  8.846745e-05  7.692404e-01  8.847074e-05  7.297198e-01  7.951866e-05  
   0.0200000  7.693163e-01  9.468257e-05  7.693404e-01  9.468635e-05  7.298099e-01  8.510311e-05  
   0.0410000  7.694352e-01  1.017651e-04  7.694594e-01  1.017694e-04  7.299168e-01  9.146648e-05  
   0.0620000  7.695706e-01  1.094540e-04  7.695950e-01  1.094589e-04  7.300385e-01  9.837425e-05  
   0.0830000  7.697245e-01  1.177833e-04  7.697489e-01  1.177889e-04  7.301767e-01  1.058568e-04  
   0.1040000  7.698989e-01  1.267825e-04  7.699233e-01  1.267888e-04  7.303337e-01  1.139404e-04  
   0.1240000  7.700863e-01  1.359973e-04  7.701108e-01  1.360042e-04  7.305017e-01  1.222171e-04  
   0.1450000  7.703068e-01  1.463643e-04  7.703314e-01  1.463720e-04  7.307002e-01  1.315277e-04  
   0.1660000  7.705550e-01  1.574463e-04  7.705796e-01  1.574547e-04  7.309231e-01  1.414794e-04  
   0.1870000  7.708324e-01  1.692395e-04  7.708567e-01  1.692486e-04  7.311720e-01  1.520687e-04  
   0.2080000  7.711408e-01  1.817295e-04  7.711653e-01  1.817393e-04  7.314492e-01  1.632823e-04  
   0.2290000  7.714823e-01  1.948911e-04  7.715068e-01  1.949014e-04  7.317561e-01  1.750972e-04  
   0.2490000  7.718397e-01  2.080179e-04  7.718643e-01  2.080288e-04  7.320771e-01  1.868795e-04  
   0.2700000  7.722500e-01  2.223809e-04  7.722748e-01  2.223922e-04  7.324460e-01  1.997692e-04  
   0.2910000  7.726973e-01  2.372882e-04  7.727220e-01  2.373000e-04  7.328476e-01  2.131455e-04  
   0.3120000  7.731824e-01  2.526864e-04  7.732071e-01  2.526984e-04  7.332833e-01  2.269596e-04  
   0.3330000  7.737055e-01  2.685200e-04  7.737302e-01  2.685323e-04  7.337531e-01  2.411618e-04  
   0.3540000  7.742675e-01  2.847355e-04  7.742920e-01  2.847480e-04  7.342578e-01  2.557038e-04  
   0.3740000  7.748383e-01  3.004886e-04  7.748629e-01  3.005012e-04  7.347701e-01  2.698279e-04  
   0.3950000  7.754751e-01  3.173112e-04  7.754998e-01  3.173240e-04  7.353423e-01  2.849080e-04  
   0.4160000  7.761506e-01  3.343855e-04  7.761753e-01  3.343984e-04  7.359487e-01  3.002097e-04  
   0.4374300  7.768798e-01  3.520365e-04  7.769046e-01  3.520497e-04  7.366036e-01  3.160245e-04  
   0.4574300  7.775961e-01  3.686942e-04  7.776210e-01  3.687077e-04  7.372466e-01  3.309453e-04  
   0.4784300  7.783856e-01  3.863591e-04  7.784105e-01  3.863729e-04  7.379551e-01  3.467641e-04  
   0.4994300  7.792136e-01  4.041909e-04  7.792384e-01  4.042050e-04  7.386983e-01  3.627278e-04  
   0.5204300  7.800796e-01  4.221822e-04  7.801045e-01  4.221970e-04  7.394753e-01  3.788294e-04  
   0.5414300  7.809840e-01  4.403298e-04  7.810090e-01  4.403452e-04  7.402871e-01  3.950656e-04  
   0.5614300  7.818815e-01  4.577583e-04  7.819065e-01  4.577744e-04  7.410923e-01  4.106536e-04  
   0.5824300  7.828618e-01  4.762120e-04  7.828870e-01  4.762291e-04  7.419716e-01  4.271533e-04  
   0.6034300  7.838809e-01  4.948271e-04  7.839060e-01  4.948452e-04  7.428859e-01  4.437914e-04  
   0.6244300  7.849400e-01  5.136086e-04  7.849652e-01  5.136278e-04  7.438355e-01  4.605719e-04  
   0.6454300  7.860387e-01  5.325620e-04  7.860639e-01  5.325826e-04  7.448207e-01  4.774998e-04  
   0.6664300  7.871772e-01  5.516937e-04  7.872025e-01  5.517156e-04  7.458416e-01  4.945800e-04  
   0.6864300  7.882991e-01  5.700855e-04  7.883245e-01  5.701088e-04  7.468472e-01  5.109935e-04  
   0.7074300  7.895170e-01  5.895841e-04  7.895424e-01  5.896094e-04  7.479387e-01  5.283874e-04  
   0.7284300  7.907760e-01  6.092811e-04  7.908016e-01  6.093086e-04  7.490671e-01  5.459510e-04  
   0.7494300  7.920765e-01  6.291845e-04  7.921023e-01  6.292140e-04  7.502326e-01  5.636906e-04  
   0.7704300  7.934191e-01  6.493015e-04  7.934447e-01  6.493333e-04  7.514350e-01  5.816122e-04  
   0.7914300  7.948042e-01  6.696405e-04  7.948300e-01  6.696749e-04  7.526757e-01  5.997231e-04  
   0.8114300  7.961625e-01  6.892247e-04  7.961885e-01  6.892617e-04  7.538926e-01  6.171533e-04  
   0.8324300  7.976317e-01  7.100211e-04  7.976577e-01  7.100606e-04  7.552077e-01  6.356534e-04  
   0.8540300  7.991890e-01  7.316709e-04  7.992153e-01  7.317128e-04  7.566018e-01  6.549021e-04  
   0.8740300  8.006725e-01  7.519590e-04  8.006985e-01  7.520035e-04  7.579296e-01  6.729308e-04  
   0.8950300  8.022739e-01  7.735221e-04  8.023003e-01  7.735688e-04  7.593628e-01  6.920823e-04  
   0.9160300  8.039211e-01  7.953625e-04  8.039474e-01  7.954111e-04  7.608362e-01  7.114687e-04  
   0.9370300  8.056143e-01  8.174902e-04  8.056407e-01  8.175409e-04  7.623507e-01  7.310992e-04  
   0.9580300  8.073542e-01  8.399158e-04  8.073806e-01  8.399682e-04  7.639063e-01  7.509821e-04  
   0.9780300  8.090555e-01  8.615616e-04  8.090822e-01  8.616154e-04  7.654276e-01  7.701624e-04  
   0.9990300  8.108889e-01  8.846021e-04  8.109156e-01  8.846573e-04  7.670662e-01  7.905664e-04  
   1.0200300  8.127710e-01  9.079747e-04  8.127979e-01  9.080312e-04  7.687482e-01  8.112518e-04  
   1.0410300  8.147027e-01  9.316910e-04  8.147296e-01  9.317487e-04  7.704737e-01  8.322280e-04  
   1.0620300  8.166848e-01  9.557633e-04  8.167121e-01  9.558224e-04  7.722443e-01  8.535059e-04  
   1.0830300  8.187180e-01  9.802041e-04  8.187452e-01  9.802649e-04  7.740597e-01  8.750951e-04  
   1.1030300  8.207022e-01  1.003835e-03  8.207296e-01  1.003897e-03  7.758307e-01  8.959555e-04  
   1.1240300  8.228371e-01  1.029032e-03  8.228646e-01  1.029096e-03  7.777359e-01  9.181841e-04  
   1.1450300  8.250252e-01  1.054636e-03  8.250529e-01  1.054702e-03  7.796881e-01  9.407562e-04  
   1.1660300  8.272677e-01  1.080662e-03  8.272952e-01  1.080730e-03  7.816882e-01  9.636844e-04  
   1.1870300  8.295650e-01  1.107123e-03  8.295930e-01  1.107194e-03  7.837366e-01  9.869800e-04  
   1.2080300  8.319183e-01  1.134037e-03  8.319464e-01  1.134109e-03  7.858344e-01  1.010656e-03  
   1.2280300  8.342124e-01  1.160101e-03  8.342405e-01  1.160177e-03  7.878783e-01  1.033570e-03  
   1.2490300  8.366774e-01  1.187942e-03  8.367057e-01  1.188020e-03  7.900743e-01  1.058026e-03  
   1.2706300  8.392749e-01  1.217101e-03  8.393034e-01  1.217182e-03  7.923874e-01  1.083621e-03  
   1.2906300  8.417361e-01  1.244589e-03  8.417646e-01  1.244673e-03  7.945784e-01  1.107731e-03  
   1.3116300  8.443804e-01  1.273978e-03  8.444092e-01  1.274064e-03  7.969313e-01  1.133488e-03  
   1.3326300  8.470864e-01  1.303924e-03  8.471153e-01  1.304012e-03  7.993386e-01  1.159712e-03  
   1.3536299  8.498564e-01  1.334449e-03  8.498852e-01  1.334540e-03  8.018014e-01  1.186422e-03  
   1.3746300  8.526907e-01  1.365574e-03  8.527200e-01  1.365668e-03  8.043211e-01  1.213635e-03  
   1.3946300  8.554518e-01  1.395798e-03  8.554811e-01  1.395893e-03  8.067746e-01  1.240036e-03  
   1.4156300  8.584164e-01  1.428162e-03  8.584461e-01  1.428259e-03  8.094079e-01  1.268286e-03  
   1.4366300  8.614501e-01  1.461197e-03  8.614798e-01  1.461296e-03  8.121015e-01  1.297093e-03  
   1.4576300  8.645542e-01  1.494927e-03  8.645841e-01  1.495028e-03  8.148561e-01  1.326483e-03  
   1.4786299  8.677301e-01  1.529380e-03  8.677604e-01  1.529481e-03  8.176738e-01  1.356473e-03  
   1.4996300  8.709792e-01  1.564580e-03  8.710095e-01  1.564683e-03  8.205550e-01  1.387088e-03  
   1.5196300  8.741428e-01  1.598825e-03  8.741733e-01  1.598931e-03  8.233591e-01  1.416844e-03  
   1.5406300  8.775393e-01  1.635569e-03  8.775700e-01  1.635677e-03  8.263684e-01  1.448743e-03  
   1.5616300  8.810140e-01  1.673150e-03  8.810450e-01  1.673260e-03  8.294452e-01  1.481336e-03  
   1.5826300  8.845681e-01  1.711597e-03  8.845993e-01  1.711710e-03  8.325913e-01  1.514649e-03  
   1.6036299  8.882041e-01  1.750947e-03  8.882356e-01  1.751062e-03  8.358082e-01  1.548710e-03  
   1.6246300  8.919235e-01  1.791235e-03  8.919551e-01  1.791352e-03  8.390973e-01  1.583547e-03  
   1.6446300  8.955449e-01  1.830509e-03  8.955768e-01  1.830629e-03  8.422978e-01  1.617474e-03  
   1.6656300  8.994324e-01  1.872737e-03  8.994646e-01  1.872860e-03  8.457322e-01  1.653915e-03  
   1.6872300  9.035255e-01  1.917274e-03  9.035578e-01  1.917400e-03  8.493456e-01  1.692308e-03  
   1.7072300  9.074014e-01  1.959548e-03  9.074341e-01  1.959678e-03  8.527660e-01  1.728713e-03  
   1.7282300  9.115635e-01  2.005056e-03  9.115965e-01  2.005189e-03  8.564367e-01  1.767861e-03  
   1.7492300  9.158220e-01  2.051760e-03  9.158553e-01  2.051897e-03  8.601904e-01  1.807995e-03  
   1.7702301  9.201800e-01  2.099713e-03  9.202133e-01  2.099854e-03  8.640295e-01  1.849157e-03  
   1.7912300  9.246401e-01  2.148973e-03  9.246740e-01  2.149117e-03  8.679559e-01  1.891393e-03  
   1.8112299  9.289855e-01  2.197154e-03  9.290196e-01  2.197303e-03  8.717793e-01  1.932662e-03  
   1.8322300  9.336529e-01  2.249137e-03  9.336874e-01  2.249292e-03  8.758838e-01  1.977140e-03  
   1.8532300  9.384319e-01  2.302613e-03  9.384665e-01  2.302773e-03  8.800831e-01  2.022843e-03  
   1.8742300  9.433247e-01  2.357656e-03  9.433596e-01  2.357821e-03  8.843799e-01  2.069833e-03  
   1.8952301  9.483351e-01  2.414342e-03  9.483705e-01  2.414511e-03  8.887767e-01  2.118170e-03  
   1.9162300  9.534668e-01  2.472752e-03  9.535028e-01  2.472928e-03  8.932768e-01  2.167922e-03  
   1.9362299  9.584689e-01  2.530069e-03  9.585051e-01  2.530250e-03  8.976605e-01  2.216686e-03  
   1.9572300  9.638470e-01  2.592118e-03  9.638835e-01  2.592305e-03  9.023699e-01  2.269414e-03  
   1.9782300  9.693570e-01  2.656185e-03  9.693939e-01  2.656379e-03  9.071913e-01  2.323790e-03  
   1.9992300  9.750025e-01  2.722388e-03  9.750398e-01  2.722589e-03  9.121275e-01  2.379906e-03  
   2.0202301  9.807894e-01  2.790860e-03  9.808275e-01  2.791069e-03  9.171828e-01  2.437868e-03  
   2.0412300  9.867209e-01  2.861746e-03  9.867592e-01  2.861963e-03  9.223605e-01  2.497787e-03  
   2.0612299  9.925088e-01  2.931649e-03  9.925475e-01  2.931874e-03  9.274085e-01  2.556792e-03  
   2.0822301  9.987376e-01  3.007737e-03  9.987766e-01  3.007971e-03  9.328365e-01  2.620921e-03  
   2.1038301  1.005311e+00  3.089084e-03  1.005351e+00  3.089326e-03  9.385602e-01  2.689370e-03  
   2.1238301  1.011555e+00  3.167406e-03  1.011595e+00  3.167659e-03  9.439908e-01  2.755166e-03  
   2.1448300  1.018278e+00  3.252998e-03  1.018319e+00  3.253262e-03  9.498338e-01  2.826948e-03  
   2.1658299  1.025180e+00  3.342305e-03  1.025221e+00  3.342579e-03  9.558250e-01  2.901712e-03  
   2.1868300  1.032267e+00  3.435645e-03  1.032309e+00  3.435931e-03  9.619716e-01  2.979707e-03  
   2.2078300  1.039546e+00  3.533360e-03  1.039588e+00  3.533658e-03  9.682776e-01  3.061208e-03  
   2.2278299  1.046665e+00  3.630848e-03  1.046707e+00  3.631158e-03  9.744386e-01  3.142367e-03  
   2.2488301  1.054342e+00  3.738264e-03  1.054385e+00  3.738587e-03  9.810753e-01  3.231622e-03  
   2.2698300  1.062234e+00  3.851303e-03  1.062278e+00  3.851644e-03  9.878909e-01  3.325372e-03  
   2.2908299  1.070353e+00  3.970481e-03  1.070397e+00  3.970837e-03  9.948925e-01  3.424024e-03  
   2.3118300  1.078705e+00  4.096337e-03  1.078750e+00  4.096710e-03  1.002088e+00  3.528015e-03  
   2.3328300  1.087302e+00  4.229463e-03  1.087348e+00  4.229855e-03  1.009484e+00  3.637826e-03  
   2.3528299  1.095727e+00  4.363594e-03  1.095774e+00  4.364003e-03  1.016722e+00  3.748300e-03  
   2.3738301  1.104832e+00  4.512805e-03  1.104880e+00  4.513236e-03  1.024536e+00  3.871043e-03  
   2.3948300  1.114216e+00  4.671323e-03  1.114264e+00  4.671779e-03  1.032575e+00  4.001313e-03  
   2.4158299  1.123891e+00  4.839954e-03  1.123940e+00  4.840434e-03  1.040853e+00  4.139808e-03  
   2.4368300  1.133871e+00  5.019581e-03  1.133921e+00  5.020087e-03  1.049378e+00  4.287309e-03  
   2.4578300  1.144171e+00  5.211167e-03  1.144222e+00  5.211703e-03  1.058163e+00  4.444665e-03  
   2.4778299  1.154294e+00  5.405727e-03  1.154346e+00  5.406292e-03  1.066782e+00  4.604572e-03  
   2.4988301  1.165268e+00  5.623873e-03  1.165321e+00  5.624473e-03  1.076110e+00  4.784051e-03  
   2.5204301  1.176946e+00  5.864482e-03  1.177000e+00  5.865122e-03  1.086017e+00  4.982281e-03  
   2.5404301  1.188131e+00  6.103416e-03  1.188186e+00  6.104095e-03  1.095487e+00  5.179428e-03  
   2.5614300  1.200283e+00  6.372798e-03  1.200339e+00  6.373522e-03  1.105755e+00  5.402026e-03  
   2.5824299  1.212878e+00  6.663291e-03  1.212936e+00  6.664066e-03  1.116374e+00  5.642376e-03  
   2.6034300  1.225947e+00  6.977558e-03  1.226005e+00  6.978389e-03  1.127364e+00  5.902581e-03  
   2.6244299  1.239517e+00  7.318858e-03  1.239577e+00  7.319751e-03  1.138748e+00  6.185119e-03  
   2.6444299  1.252942e+00  7.672788e-03  1.253004e+00  7.673743e-03  1.149979e+00  6.477695e-03  
   2.6654301  1.267601e+00  8.079737e-03  1.267664e+00  8.080769e-03  1.162205e+00  6.813040e-03  
   2.6864300  1.282879e+00  8.529489e-03  1.282944e+00  8.530601e-03  1.174905e+00  7.181598e-03  
   2.7074299  1.298827e+00  9.030889e-03  1.298893e+00  9.032099e-03  1.188113e+00  7.588978e-03  
   2.7284300  1.315499e+00  9.595742e-03  1.315567e+00  9.597064e-03  1.201867e+00  8.042309e-03  
   2.7494299  1.332959e+00  1.023989e-02  1.333029e+00  1.024135e-02  1.216207e+00  8.550744e-03  
   2.7694299  1.350384e+00  1.094665e-02  1.350457e+00  1.094826e-02  1.230452e+00  9.097021e-03  
   2.7904301  1.369595e+00  1.181438e-02  1.369670e+00  1.181619e-02  1.246076e+00  9.750498e-03  
   2.8114300  1.389830e+00  1.284897e-02  1.389908e+00  1.285105e-02  1.262439e+00  1.050537e-02  
   2.8324299  1.411191e+00  1.410231e-02  1.411271e+00  1.410474e-02  1.279608e+00  1.138741e-02  
   2.8534300  1.433789e+00  1.564344e-02  1.433872e+00  1.564633e-02  1.297652e+00  1.243009e-02  
   2.8744299  1.457741e+00  1.756307e-02  1.457827e+00  1.756657e-02  1.316651e+00  1.367650e-02  
   2.8944299  1.481930e+00  1.985042e-02  1.482020e+00  1.985472e-02  1.335712e+00  1.510350e-02  
   2.9154301  1.508898e+00  2.287743e-02  1.508991e+00  2.288282e-02  1.356831e+00  1.692115e-02  
   2.9370301  1.538449e+00  2.685249e-02  1.538547e+00  2.685940e-02  1.379839e+00  1.922375e-02  
   2.9570301  1.567559e+00  3.152597e-02  1.567662e+00  3.153470e-02  1.402402e+00  2.185084e-02  
   2.9780300  1.600030e+00  3.772614e-02  1.600137e+00  3.773736e-02  1.427500e+00  2.525413e-02  
   2.9990301  1.634518e+00  4.556676e-02  1.634630e+00  4.558115e-02  1.454140e+00  2.948238e-02  
   3.0200300  1.671043e+00  5.541340e-02  1.671161e+00  5.543180e-02  1.482418e+00  3.473637e-02  
   3.0410299  1.709565e+00  6.767192e-02  1.709688e+00  6.769530e-02  1.512411e+00  4.125459e-02  
   3.0610299  1.748001e+00  8.198725e-02  1.748129e+00  8.201630e-02  1.542621e+00  4.889148e-02  
   3.0820301  1.789995e+00  1.002227e-01  1.790129e+00  1.002589e-01  1.576082e+00  5.871419e-02  
   3.1030300  1.833357e+00  1.221770e-01  1.833496e+00  1.222214e-01  1.611291e+00  7.073073e-02  
   3.1240301  1.877675e+00  1.482642e-01  1.877818e+00  1.483181e-01  1.648150e+00  8.532222e-02  
   3.1450300  1.922417e+00  1.788391e-01  1.922564e+00  1.789035e-01  1.686478e+00  1.028883e-01  
   3.1660299  1.966958e+00  2.141705e-01  1.967108e+00  2.142464e-01  1.726007e+00  1.238328e-01  
   3.1860299  2.008544e+00  2.523833e-01  2.008695e+00  2.524706e-01  1.764428e+00  1.472768e-01  
   3.2070301  2.050597e+00  2.973171e-01  2.050748e+00  2.974170e-01  1.805128e+00  1.759009e-01  
   3.2280300  2.090220e+00  3.470455e-01  2.090372e+00  3.471577e-01  1.845624e+00  2.089124e-01  
   3.2490301  2.126642e+00  4.012752e-01  2.126792e+00  4.013996e-01  1.885243e+00  2.465073e-01  
   3.2700300  2.159149e+00  4.595536e-01  2.159297e+00  4.596889e-01  1.923235e+00  2.887623e-01  
   3.2910299  2.187127e+00  5.212867e-01  2.187269e+00  5.214317e-01  1.958802e+00  3.356148e-01  
   3.3110299  2.209123e+00  5.826445e-01  2.209260e+00  5.827974e-01  1.989677e+00  3.843103e-01  
   3.3320301  2.227037e+00  6.490086e-01  2.227166e+00  6.491676e-01  2.018191e+00  4.393504e-01  
   3.3536301  2.239787e+00  7.184886e-01  2.239908e+00  7.186519e-01  2.042608e+00  4.995745e-01  
   3.3736300  2.246506e+00  7.831646e-01  2.246618e+00  7.833303e-01  2.060213e+00  5.579508e-01  
   3.3946300  2.248515e+00  8.506954e-01  2.248617e+00  8.508615e-01  2.073096e+00  6.211521e-01  
   3.4156301  2.245728e+00  9.171864e-01  2.245819e+00  9.173514e-01  2.079997e+00  6.854079e-01  
   3.4366300  2.238633e+00  9.820948e-01  2.238711e+00  9.822575e-01  2.080887e+00  7.497538e-01  
   3.4576299  2.227796e+00  1.045022e+00  2.227863e+00  1.045182e+00  2.075967e+00  8.132305e-01  
   3.4776299  2.214540e+00  1.102878e+00  2.214594e+00  1.103035e+00  2.066262e+00  8.720461e-01  
   3.4986300  2.198093e+00  1.161331e+00  2.198135e+00  1.161486e+00  2.051397e+00  9.313080e-01  
   3.5196300  2.179578e+00  1.217430e+00  2.179605e+00  1.217582e+00  2.032513e+00  9.873658e-01  
   3.5406301  2.159440e+00  1.271259e+00  2.159454e+00  1.271411e+00  2.010507e+00  1.039745e+00  
   3.5616300  2.138032e+00  1.322956e+00  2.138031e+00  1.323107e+00  1.986329e+00  1.088173e+00  
   3.5826299  2.115604e+00  1.372682e+00  2.115588e+00  1.372834e+00  1.960929e+00  1.132592e+00  
   3.6026299  2.093441e+00  1.418343e+00  2.093412e+00  1.418498e+00  1.936403e+00  1.171299e+00  
   3.6236300  2.069414e+00  1.464615e+00  2.069371e+00  1.464772e+00  1.911031e+00  1.208469e+00  
   3.6446300  2.044653e+00  1.509234e+00  2.044596e+00  1.509393e+00  1.886635e+00  1.242525e+00  
   3.6656301  2.019183e+00  1.552203e+00  2.019113e+00  1.552366e+00  1.863626e+00  1.274006e+00  
   3.6866300  1.993048e+00  1.593471e+00  1.992965e+00  1.593636e+00  1.842222e+00  1.303480e+00  
   3.7076299  1.966330e+00  1.632945e+00  1.966239e+00  1.633112e+00  1.822459e+00  1.331498e+00  
   3.7276299  1.940479e+00  1.668769e+00  1.940379e+00  1.668937e+00  1.805059e+00  1.357267e+00  
   3.7486300  1.913124e+00  1.704421e+00  1.913018e+00  1.704591e+00  1.788077e+00  1.383732e+00  
   3.7702301  1.885082e+00  1.738921e+00  1.884972e+00  1.739089e+00  1.771713e+00  1.410586e+00  
   3.7902300  1.859560e+00  1.768889e+00  1.859448e+00  1.769057e+00  1.757313e+00  1.435246e+00  
   3.8112299  1.833655e+00  1.798389e+00  1.833543e+00  1.798555e+00  1.742774e+00  1.460957e+00  
   3.8322301  1.809146e+00  1.826066e+00  1.809036e+00  1.826230e+00  1.728718e+00  1.486431e+00  
   3.8532300  1.786534e+00  1.852243e+00  1.786427e+00  1.852406e+00  1.715158e+00  1.511580e+00  
   3.8742299  1.766295e+00  1.877390e+00  1.766194e+00  1.877550e+00  1.702230e+00  1.536326e+00  
   3.8942299  1.749606e+00  1.900941e+00  1.749512e+00  1.901101e+00  1.690742e+00  1.559494e+00  
   3.9152300  1.735097e+00  1.925971e+00  1.735011e+00  1.926130e+00  1.679878e+00  1.583467e+00  
   3.9362299  1.723845e+00  1.952165e+00  1.723766e+00  1.952325e+00  1.670640e+00  1.607267e+00  
   3.9572301  1.715839e+00  1.980484e+00  1.715768e+00  1.980648e+00  1.663439e+00  1.631238e+00  
   3.9782300  1.710857e+00  2.011944e+00  1.710792e+00  2.012111e+00  1.658635e+00  1.655879e+00  
   3.9992299  1.708439e+00  2.047565e+00  1.708379e+00  2.047738e+00  1.656495e+00  1.681840e+00  
   4.0192299  1.707880e+00  2.086251e+00  1.707822e+00  2.086430e+00  1.657037e+00  1.708507e+00  
   4.0402298  1.708221e+00  2.132701e+00  1.708161e+00  2.132889e+00  1.660242e+00  1.739394e+00  
   4.0612302  1.708368e+00  2.185817e+00  1.708302e+00  2.186012e+00  1.665851e+00  1.774164e+00  
   4.0822301  1.706972e+00  2.246079e+00  1.706896e+00  2.246283e+00  1.673313e+00  1.813767e+00  
   4.1032300  1.702543e+00  2.313705e+00  1.702452e+00  2.313915e+00  1.681814e+00  1.859102e+00  
   4.1242299  1.693506e+00  2.388612e+00  1.693395e+00  2.388828e+00  1.690285e+00  1.910962e+00  
   4.1442299  1.679161e+00  2.466356e+00  1.679027e+00  2.466575e+00  1.697120e+00  1.966984e+00  
   4.1652298  1.656595e+00  2.554026e+00  1.656433e+00  2.554245e+00  1.701546e+00  2.033138e+00  
   4.1868300  1.623895e+00  2.649606e+00  1.623700e+00  2.649820e+00  1.701416e+00  2.109110e+00  
   4.2068300  1.583874e+00  2.741785e+00  1.583646e+00  2.741992e+00  1.695394e+00  2.186384e+00  
   4.2278299  1.530784e+00  2.840916e+00  1.530522e+00  2.841111e+00  1.681217e+00  2.274078e+00  
   4.2488298  1.465624e+00  2.940781e+00  1.465326e+00  2.940961e+00  1.657287e+00  2.367473e+00  
   4.2698302  1.387929e+00  3.039568e+00  1.387596e+00  3.039729e+00  1.622030e+00  2.465143e+00  
   4.2908301  1.297542e+00  3.135384e+00  1.297176e+00  3.135522e+00  1.574129e+00  2.565284e+00  
   4.3108301  1.199782e+00  3.222131e+00  1.199387e+00  3.222246e+00  1.515868e+00  2.661020e+00  
   4.3318300  1.085277e+00  3.306667e+00  1.084856e+00  3.306756e+00  1.440902e+00  2.759658e+00  
   4.3528299  9.593081e-01  3.382701e+00  9.588629e-01  3.382763e+00  1.351759e+00  2.853901e+00  
   4.3738298  8.228199e-01  3.448502e+00  8.223561e-01  3.448537e+00  1.248915e+00  2.941218e+00  
   4.3948302  6.769927e-01  3.502466e+00  6.765153e-01  3.502475e+00  1.133383e+00  3.019168e+00  
   4.4158301  5.232390e-01  3.543140e+00  5.227533e-01  3.543123e+00  1.006701e+00  3.085525e+00  
   4.4358301  3.709070e-01  3.568366e+00  3.704184e-01  3.568327e+00  8.774914e-01  3.136210e+00  
   4.4568300  2.064913e-01  3.579655e+00  2.060045e-01  3.579593e+00  7.350849e-01  3.174884e+00  
   4.4778299  3.943517e-02  3.574587e+00  3.895600e-02  3.574504e+00  5.883270e-01  3.197701e+00  
   4.4988298  -1.281471e-01  3.552649e+00  -1.286140e-01  3.552545e+00  4.399336e-01  3.204232e+00  
   4.5198302  -2.940305e-01  3.513656e+00  -2.944796e-01  3.513533e+00  2.926112e-01  3.194595e+00  
   4.5408301  -4.559076e-01  3.457797e+00  -4.563342e-01  3.457657e+00  1.489412e-01  3.169442e+00  
   4.5608301  -6.042411e-01  3.389452e+00  -6.046425e-01  3.389296e+00  1.763714e-02  3.132079e+00  
   4.5818300  -7.517000e-01  3.302739e+00  -7.520711e-01  3.302567e+00  -1.125101e-01  3.080208e+00  
   4.6034298  -8.923246e-01  3.199034e+00  -8.926612e-01  3.198848e+00  -2.364615e-01  3.015201e+00  
   4.6234298  -1.010785e+00  3.091574e+00  -1.011087e+00  3.091377e+00  -3.411615e-01  2.946321e+00  
   4.6444302  -1.121498e+00  2.968986e+00  -1.121763e+00  2.968780e+00  -4.399477e-01  2.867001e+00  
   4.6654301  -1.217063e+00  2.838790e+00  -1.217289e+00  2.838576e+00  -5.269700e-01  2.782529e+00  
   4.6864300  -1.296780e+00  2.703573e+00  -1.296968e+00  2.703353e+00  -6.022483e-01  2.694858e+00  
   4.7074299  -1.360443e+00  2.565985e+00  -1.360594e+00  2.565765e+00  -6.661114e-01  2.605783e+00  
   4.7274299  -1.406412e+00  2.435115e+00  -1.406529e+00  2.434897e+00  -7.168453e-01  2.521104e+00  
   4.7484298  -1.439998e+00  2.300195e+00  -1.440081e+00  2.299983e+00  -7.602494e-01  2.433664e+00  
   4.7694302  -1.459671e+00  2.169929e+00  -1.459723e+00  2.169726e+00  -7.944123e-01  2.348842e+00  
   4.7904301  -1.466882e+00  2.046108e+00  -1.466906e+00  2.045915e+00  -8.202815e-01  2.267531e+00  
   4.8114300  -1.463297e+00  1.930106e+00  -1.463295e+00  1.929927e+00  -8.388320e-01  2.190392e+00  
   4.8324299  -1.450688e+00  1.822885e+00  -1.450664e+00  1.822721e+00  -8.510275e-01  2.117882e+00  
   4.8524299  -1.431920e+00  1.729445e+00  -1.431877e+00  1.729296e+00  -8.575805e-01  2.053384e+00  
   4.8734298  -1.406750e+00  1.640633e+00  -1.406690e+00  1.640500e+00  -8.599787e-01  1.990563e+00  
   4.8944302  -1.377527e+00  1.561237e+00  -1.377453e+00  1.561121e+00  -8.585693e-01  1.932760e+00  
   4.9154301  -1.345637e+00  1.490907e+00  -1.345549e+00  1.490806e+00  -8.540693e-01  1.879871e+00  
   4.9364300  -1.312258e+00  1.429102e+00  -1.312158e+00  1.429016e+00  -8.471147e-01  1.831710e+00  
   4.9574299  -1.278358e+00  1.375167e+00  -1.278249e+00  1.375094e+00  -8.382583e-01  1.788035e+00  
   4.9774299  -1.246293e+00  1.330453e+00  -1.246175e+00  1.330392e+00  -8.284914e-01  1.750353e+00  
   4.9984298  -1.213417e+00  1.289772e+00  -1.213291e+00  1.289723e+00  -8.172234e-01  1.714603e+00  
