w Re-xx Im-xx Re-yy Im-yy Re-zz Im-zz
# Gaussian absolute broadening  0.15 [eV]
   0.0000000  7.720815e-01  8.972469e-05  7.720596e-01  8.972474e-05  7.280664e-01  7.960304e-05  
   0.0200000  7.721828e-01  9.602831e-05  7.721612e-01  9.602840e-05  7.281564e-01  8.519420e-05  
   0.0410000  7.723034e-01  1.032116e-04  7.722818e-01  1.032118e-04  7.282633e-01  9.156539e-05  
   0.0620000  7.724409e-01  1.110102e-04  7.724193e-01  1.110104e-04  7.283853e-01  9.848183e-05  
   0.0830000  7.725968e-01  1.194584e-04  7.725751e-01  1.194586e-04  7.285239e-01  1.059739e-04  
   0.1040000  7.727736e-01  1.285861e-04  7.727520e-01  1.285864e-04  7.286808e-01  1.140681e-04  
   0.1240000  7.729636e-01  1.379327e-04  7.729421e-01  1.379331e-04  7.288491e-01  1.223557e-04  
   0.1450000  7.731877e-01  1.484481e-04  7.731659e-01  1.484487e-04  7.290481e-01  1.316791e-04  
   0.1660000  7.734391e-01  1.596890e-04  7.734175e-01  1.596897e-04  7.292710e-01  1.416446e-04  
   0.1870000  7.737203e-01  1.716516e-04  7.736986e-01  1.716526e-04  7.295204e-01  1.522489e-04  
   0.2080000  7.740331e-01  1.843214e-04  7.740116e-01  1.843226e-04  7.297981e-01  1.634788e-04  
   0.2290000  7.743797e-01  1.976730e-04  7.743580e-01  1.976744e-04  7.301055e-01  1.753114e-04  
   0.2490000  7.747421e-01  2.109898e-04  7.747207e-01  2.109916e-04  7.304267e-01  1.871116e-04  
   0.2700000  7.751585e-01  2.255613e-04  7.751366e-01  2.255635e-04  7.307960e-01  2.000214e-04  
   0.2910000  7.756119e-01  2.406860e-04  7.755901e-01  2.406886e-04  7.311982e-01  2.134189e-04  
   0.3120000  7.761042e-01  2.563095e-04  7.760826e-01  2.563125e-04  7.316346e-01  2.272555e-04  
   0.3330000  7.766348e-01  2.723760e-04  7.766129e-01  2.723795e-04  7.321051e-01  2.414812e-04  
   0.3540000  7.772044e-01  2.888317e-04  7.771829e-01  2.888357e-04  7.326101e-01  2.560478e-04  
   0.3740000  7.777835e-01  3.048192e-04  7.777619e-01  3.048236e-04  7.331235e-01  2.701962e-04  
   0.3950000  7.784299e-01  3.218941e-04  7.784082e-01  3.218989e-04  7.336962e-01  2.853027e-04  
   0.4160000  7.791149e-01  3.392260e-04  7.790931e-01  3.392312e-04  7.343035e-01  3.006318e-04  
   0.4374300  7.798547e-01  3.571458e-04  7.798330e-01  3.571513e-04  7.349593e-01  3.164753e-04  
   0.4574300  7.805812e-01  3.740588e-04  7.805598e-01  3.740645e-04  7.356030e-01  3.314237e-04  
   0.4784300  7.813823e-01  3.919970e-04  7.813609e-01  3.920027e-04  7.363130e-01  3.472722e-04  
   0.4994300  7.822222e-01  4.101068e-04  7.822009e-01  4.101126e-04  7.370566e-01  3.632664e-04  
   0.5204300  7.831011e-01  4.283814e-04  7.830794e-01  4.283873e-04  7.378352e-01  3.793994e-04  
   0.5414300  7.840189e-01  4.468172e-04  7.839975e-01  4.468229e-04  7.386481e-01  3.956679e-04  
   0.5614300  7.849298e-01  4.645249e-04  7.849082e-01  4.645305e-04  7.394545e-01  4.112873e-04  
   0.5824300  7.859246e-01  4.832772e-04  7.859029e-01  4.832826e-04  7.403350e-01  4.278212e-04  
   0.6034300  7.869587e-01  5.021965e-04  7.869373e-01  5.022018e-04  7.412509e-01  4.444942e-04  
   0.6244300  7.880334e-01  5.212878e-04  7.880122e-01  5.212930e-04  7.422020e-01  4.613109e-04  
   0.6454300  7.891486e-01  5.405573e-04  7.891273e-01  5.405624e-04  7.431888e-01  4.782763e-04  
   0.6664300  7.903044e-01  5.600110e-04  7.902829e-01  5.600162e-04  7.442113e-01  4.953949e-04  
   0.6864300  7.914431e-01  5.787159e-04  7.914217e-01  5.787212e-04  7.452187e-01  5.118464e-04  
   0.7074300  7.926794e-01  5.985502e-04  7.926580e-01  5.985557e-04  7.463120e-01  5.292823e-04  
   0.7284300  7.939577e-01  6.185904e-04  7.939363e-01  6.185962e-04  7.474419e-01  5.468888e-04  
   0.7494300  7.952782e-01  6.388446e-04  7.952569e-01  6.388507e-04  7.486095e-01  5.646733e-04  
   0.7704300  7.966412e-01  6.593205e-04  7.966198e-01  6.593270e-04  7.498144e-01  5.826419e-04  
   0.7914300  7.980481e-01  6.800271e-04  7.980266e-01  6.800340e-04  7.510572e-01  6.008020e-04  
   0.8114300  7.994277e-01  6.999699e-04  7.994065e-01  6.999772e-04  7.522761e-01  6.182807e-04  
   0.8324300  8.009197e-01  7.211518e-04  8.008984e-01  7.211597e-04  7.535939e-01  6.368345e-04  
   0.8540300  8.025014e-01  7.432082e-04  8.024800e-01  7.432167e-04  7.549905e-01  6.561407e-04  
   0.8740300  8.040084e-01  7.638830e-04  8.039870e-01  7.638917e-04  7.563206e-01  6.742256e-04  
   0.8950300  8.056353e-01  7.858626e-04  8.056140e-01  7.858718e-04  7.577565e-01  6.934386e-04  
   0.9160300  8.073087e-01  8.081304e-04  8.072875e-01  8.081401e-04  7.592331e-01  7.128894e-04  
   0.9370300  8.090292e-01  8.306974e-04  8.090079e-01  8.307077e-04  7.607506e-01  7.325871e-04  
   0.9580300  8.107972e-01  8.535751e-04  8.107760e-01  8.535857e-04  7.623094e-01  7.525408e-04  
   0.9780300  8.125265e-01  8.756635e-04  8.125053e-01  8.756746e-04  7.638337e-01  7.717912e-04  
   0.9990300  8.143899e-01  8.991818e-04  8.143687e-01  8.991934e-04  7.654758e-01  7.922722e-04  
   1.0200300  8.163030e-01  9.230469e-04  8.162819e-01  9.230589e-04  7.671616e-01  8.130380e-04  
   1.0410300  8.182670e-01  9.472703e-04  8.182460e-01  9.472832e-04  7.688912e-01  8.340986e-04  
   1.0620300  8.202825e-01  9.718667e-04  8.202614e-01  9.718799e-04  7.706655e-01  8.554640e-04  
   1.0830300  8.223499e-01  9.968473e-04  8.223289e-01  9.968613e-04  7.724849e-01  8.771454e-04  
   1.1030300  8.243678e-01  1.021009e-03  8.243467e-01  1.021023e-03  7.742602e-01  8.980976e-04  
   1.1240300  8.265394e-01  1.046780e-03  8.265182e-01  1.046796e-03  7.761700e-01  9.204266e-04  
   1.1450300  8.287656e-01  1.072979e-03  8.287445e-01  1.072996e-03  7.781270e-01  9.431042e-04  
   1.1660300  8.310470e-01  1.099620e-03  8.310261e-01  1.099638e-03  7.801321e-01  9.661427e-04  
   1.1870300  8.333850e-01  1.126717e-03  8.333640e-01  1.126736e-03  7.821859e-01  9.895535e-04  
   1.2080300  8.357802e-01  1.154289e-03  8.357595e-01  1.154309e-03  7.842890e-01  1.013351e-03  
   1.2280300  8.381153e-01  1.181003e-03  8.380944e-01  1.181024e-03  7.863385e-01  1.036386e-03  
   1.2490300  8.406250e-01  1.209550e-03  8.406042e-01  1.209573e-03  7.885405e-01  1.060975e-03  
   1.2706300  8.432696e-01  1.239464e-03  8.432491e-01  1.239487e-03  7.908602e-01  1.086715e-03  
   1.2906300  8.457766e-01  1.267676e-03  8.457561e-01  1.267701e-03  7.930573e-01  1.110966e-03  
   1.3116300  8.484700e-01  1.297855e-03  8.484493e-01  1.297880e-03  7.954172e-01  1.136878e-03  
   1.3326300  8.512272e-01  1.328622e-03  8.512066e-01  1.328649e-03  7.978319e-01  1.163266e-03  
   1.3536299  8.540495e-01  1.360001e-03  8.540291e-01  1.360029e-03  8.003023e-01  1.190147e-03  
   1.3746300  8.569385e-01  1.392017e-03  8.569180e-01  1.392046e-03  8.028300e-01  1.217542e-03  
   1.3946300  8.597532e-01  1.423123e-03  8.597330e-01  1.423153e-03  8.052912e-01  1.244125e-03  
   1.4156300  8.627763e-01  1.456454e-03  8.627561e-01  1.456485e-03  8.079336e-01  1.272575e-03  
   1.4366300  8.658706e-01  1.490498e-03  8.658503e-01  1.490531e-03  8.106362e-01  1.301595e-03  
   1.4576300  8.690372e-01  1.525284e-03  8.690171e-01  1.525318e-03  8.134007e-01  1.331208e-03  
   1.4786299  8.722779e-01  1.560843e-03  8.722579e-01  1.560879e-03  8.162285e-01  1.361435e-03  
   1.4996300  8.755940e-01  1.597206e-03  8.755741e-01  1.597243e-03  8.191201e-01  1.392299e-03  
   1.5196300  8.788242e-01  1.632614e-03  8.788041e-01  1.632653e-03  8.219349e-01  1.422307e-03  
   1.5406300  8.822928e-01  1.670643e-03  8.822730e-01  1.670685e-03  8.249558e-01  1.454484e-03  
   1.5616300  8.858426e-01  1.709583e-03  8.858226e-01  1.709627e-03  8.280452e-01  1.487372e-03  
   1.5826300  8.894746e-01  1.749474e-03  8.894549e-01  1.749519e-03  8.312046e-01  1.520997e-03  
   1.6036299  8.931912e-01  1.790361e-03  8.931718e-01  1.790410e-03  8.344347e-01  1.555389e-03  
   1.6246300  8.969947e-01  1.832298e-03  8.969752e-01  1.832349e-03  8.377382e-01  1.590578e-03  
   1.6446300  9.006990e-01  1.873263e-03  9.006798e-01  1.873316e-03  8.409534e-01  1.624861e-03  
   1.6656300  9.046778e-01  1.917417e-03  9.046587e-01  1.917473e-03  8.444036e-01  1.661699e-03  
   1.6872300  9.088677e-01  1.964133e-03  9.088486e-01  1.964192e-03  8.480344e-01  1.700528e-03  
   1.7072300  9.128376e-01  2.008644e-03  9.128188e-01  2.008705e-03  8.514716e-01  1.737365e-03  
   1.7282300  9.171023e-01  2.056785e-03  9.170834e-01  2.056850e-03  8.551609e-01  1.776999e-03  
   1.7492300  9.214683e-01  2.106489e-03  9.214495e-01  2.106556e-03  8.589344e-01  1.817657e-03  
   1.7702301  9.259380e-01  2.157903e-03  9.259191e-01  2.157974e-03  8.627940e-01  1.859387e-03  
   1.7912300  9.305151e-01  2.211209e-03  9.304965e-01  2.211283e-03  8.667428e-01  1.902241e-03  
   1.8112299  9.349771e-01  2.263931e-03  9.349589e-01  2.264008e-03  8.705880e-01  1.944155e-03  
   1.8322300  9.397729e-01  2.321579e-03  9.397547e-01  2.321661e-03  8.747174e-01  1.989380e-03  
   1.8532300  9.446852e-01  2.381857e-03  9.446672e-01  2.381943e-03  8.789427e-01  2.035920e-03  
   1.8742300  9.497190e-01  2.445096e-03  9.497009e-01  2.445185e-03  8.832669e-01  2.083855e-03  
   1.8952301  9.548765e-01  2.511661e-03  9.548587e-01  2.511756e-03  8.876935e-01  2.133273e-03  
   1.9162300  9.601619e-01  2.581956e-03  9.601445e-01  2.582056e-03  8.922247e-01  2.184275e-03  
   1.9362299  9.653180e-01  2.652764e-03  9.653007e-01  2.652870e-03  8.966401e-01  2.234424e-03  
   1.9572300  9.708645e-01  2.731596e-03  9.708471e-01  2.731707e-03  9.013849e-01  2.288860e-03  
   1.9782300  9.765502e-01  2.815464e-03  9.765332e-01  2.815584e-03  9.062434e-01  2.345261e-03  
   1.9992300  9.823807e-01  2.904820e-03  9.823639e-01  2.904947e-03  9.112201e-01  2.403792e-03  
   2.0202301  9.883592e-01  3.000095e-03  9.883427e-01  3.000230e-03  9.163181e-01  2.464639e-03  
   2.0412300  9.944922e-01  3.101696e-03  9.944757e-01  3.101841e-03  9.215412e-01  2.528009e-03  
   2.0612299  1.000479e+00  3.204695e-03  1.000463e+00  3.204849e-03  9.266359e-01  2.590920e-03  
   2.0822301  1.006926e+00  3.319749e-03  1.006910e+00  3.319915e-03  9.321154e-01  2.659912e-03  
   2.1038301  1.013735e+00  3.445853e-03  1.013719e+00  3.446033e-03  9.378961e-01  2.734311e-03  
   2.1238301  1.020203e+00  3.570007e-03  1.020189e+00  3.570200e-03  9.433827e-01  2.806604e-03  
   2.1448300  1.027176e+00  3.708462e-03  1.027161e+00  3.708671e-03  9.492891e-01  2.886377e-03  
   2.1658299  1.034336e+00  3.855762e-03  1.034322e+00  3.855992e-03  9.553481e-01  2.970495e-03  
   2.1868300  1.041695e+00  4.012630e-03  1.041681e+00  4.012884e-03  9.615666e-01  3.059398e-03  
   2.2078300  1.049259e+00  4.179987e-03  1.049245e+00  4.180267e-03  9.679497e-01  3.153573e-03  
   2.2278299  1.056663e+00  4.350194e-03  1.056650e+00  4.350503e-03  9.741885e-01  3.248670e-03  
   2.2488301  1.064655e+00  4.541667e-03  1.064641e+00  4.542013e-03  9.809133e-01  3.354789e-03  
   2.2698300  1.072878e+00  4.747933e-03  1.072865e+00  4.748323e-03  9.878229e-01  3.468020e-03  
   2.2908299  1.081346e+00  4.971068e-03  1.081334e+00  4.971508e-03  9.949254e-01  3.589152e-03  
   2.3118300  1.090066e+00  5.213440e-03  1.090055e+00  5.213941e-03  1.002229e+00  3.719091e-03  
   2.3328300  1.099051e+00  5.477684e-03  1.099040e+00  5.478251e-03  1.009741e+00  3.858847e-03  
   2.3528299  1.107863e+00  5.752272e-03  1.107853e+00  5.752915e-03  1.017098e+00  4.002125e-03  
   2.3738301  1.117396e+00  6.067513e-03  1.117386e+00  6.068246e-03  1.025044e+00  4.164502e-03  
   2.3948300  1.127228e+00  6.413282e-03  1.127218e+00  6.414116e-03  1.033228e+00  4.340535e-03  
   2.4158299  1.137371e+00  6.792529e-03  1.137362e+00  6.793479e-03  1.041658e+00  4.531868e-03  
   2.4368300  1.147839e+00  7.208071e-03  1.147830e+00  7.209146e-03  1.050348e+00  4.740369e-03  
   2.4578300  1.158647e+00  7.662535e-03  1.158640e+00  7.663742e-03  1.059310e+00  4.968146e-03  
   2.4778299  1.169271e+00  8.133755e-03  1.169264e+00  8.135100e-03  1.068110e+00  5.205218e-03  
   2.4988301  1.180791e+00  8.671073e-03  1.180785e+00  8.672568e-03  1.077641e+00  5.477973e-03  
   2.5204301  1.193051e+00  9.271574e-03  1.193046e+00  9.273231e-03  1.087774e+00  5.787353e-03  
   2.5404301  1.204795e+00  9.873193e-03  1.204790e+00  9.875001e-03  1.097468e+00  6.103445e-03  
   2.5614300  1.217557e+00  1.055509e-02  1.217553e+00  1.055706e-02  1.107989e+00  6.470365e-03  
   2.5824299  1.230787e+00  1.129247e-02  1.230784e+00  1.129459e-02  1.118879e+00  6.878403e-03  
   2.6034300  1.244520e+00  1.209101e-02  1.244518e+00  1.209328e-02  1.130161e+00  7.333908e-03  
   2.6244299  1.258791e+00  1.295858e-02  1.258790e+00  1.296099e-02  1.141856e+00  7.844414e-03  
   2.6444299  1.272921e+00  1.385891e-02  1.272921e+00  1.386146e-02  1.153404e+00  8.389951e-03  
   2.6654301  1.288364e+00  1.489597e-02  1.288366e+00  1.489867e-02  1.165984e+00  9.035265e-03  
   2.6864300  1.304477e+00  1.604564e-02  1.304481e+00  1.604848e-02  1.179058e+00  9.767135e-03  
   2.7074299  1.321317e+00  1.733228e-02  1.321321e+00  1.733529e-02  1.192658e+00  1.060026e-02  
   2.7284300  1.338940e+00  1.878666e-02  1.338946e+00  1.878988e-02  1.206819e+00  1.155183e-02  
   2.7494299  1.357407e+00  2.044692e-02  1.357415e+00  2.045041e-02  1.221575e+00  1.264190e-02  
   2.7694299  1.375841e+00  2.226224e-02  1.375852e+00  2.226605e-02  1.236218e+00  1.383014e-02  
   2.7904301  1.396154e+00  2.446844e-02  1.396166e+00  2.447270e-02  1.252251e+00  1.526137e-02  
   2.8114300  1.417518e+00  2.704894e-02  1.417534e+00  2.705379e-02  1.269002e+00  1.691149e-02  
   2.8324299  1.440010e+00  3.008510e-02  1.440028e+00  3.009072e-02  1.286519e+00  1.881698e-02  
   2.8534300  1.463709e+00  3.367412e-02  1.463730e+00  3.368076e-02  1.304853e+00  2.102049e-02  
   2.8744299  1.488693e+00  3.793168e-02  1.488716e+00  3.793958e-02  1.324059e+00  2.357202e-02  
   2.8944299  1.513751e+00  4.273330e-02  1.513778e+00  4.274273e-02  1.343215e+00  2.637959e-02  
   2.9154301  1.541457e+00  4.871387e-02  1.541487e+00  4.872526e-02  1.364294e+00  2.979111e-02  
   2.9370301  1.571512e+00  5.606368e-02  1.571545e+00  5.607756e-02  1.387076e+00  3.388178e-02  
   2.9570301  1.600789e+00  6.415603e-02  1.600825e+00  6.417274e-02  1.409226e+00  3.828838e-02  
   2.9780300  1.633052e+00  7.422493e-02  1.633092e+00  7.424514e-02  1.433640e+00  4.367080e-02  
   2.9990301  1.666866e+00  8.617720e-02  1.666909e+00  8.620159e-02  1.459302e+00  4.996616e-02  
   3.0200300  1.702181e+00  1.003167e-01  1.702228e+00  1.003461e-01  1.486265e+00  5.734127e-02  
   3.0410299  1.738897e+00  1.169692e-01  1.738946e+00  1.170042e-01  1.514574e+00  6.599207e-02  
   3.0610299  1.775018e+00  1.354744e-01  1.775069e+00  1.355156e-01  1.542805e+00  7.562409e-02  
   3.0820301  1.813932e+00  1.580075e-01  1.813985e+00  1.580561e-01  1.573775e+00  8.744752e-02  
   3.1030300  1.853555e+00  1.840357e-01  1.853608e+00  1.840926e-01  1.606059e+00  1.013037e-01  
   3.1240301  1.893500e+00  2.138485e-01  1.893554e+00  2.139147e-01  1.639566e+00  1.175030e-01  
   3.1450300  1.933303e+00  2.476795e-01  1.933355e+00  2.477556e-01  1.674138e+00  1.363708e-01  
   3.1660299  1.972432e+00  2.856877e-01  1.972481e+00  2.857748e-01  1.709550e+00  1.582358e-01  
   3.1860299  2.008532e+00  3.258299e-01  2.008579e+00  3.259279e-01  1.743779e+00  1.821346e-01  
   3.2070301  2.044616e+00  3.720785e-01  2.044658e+00  3.721885e-01  1.779878e+00  2.107276e-01  
   3.2280300  2.078211e+00  4.223646e-01  2.078248e+00  4.224867e-01  1.815685e+00  2.431260e-01  
   3.2490301  2.108701e+00  4.764013e-01  2.108732e+00  4.765354e-01  1.850664e+00  2.794750e-01  
   3.2700300  2.135524e+00  5.337774e-01  2.135547e+00  5.339234e-01  1.884222e+00  3.198141e-01  
   3.2910299  2.158190e+00  5.939739e-01  2.158204e+00  5.941316e-01  1.915734e+00  3.640592e-01  
   3.3110299  2.175564e+00  6.533693e-01  2.175568e+00  6.535370e-01  1.943261e+00  4.096284e-01  
   3.3320301  2.189136e+00  7.172583e-01  2.189131e+00  7.174357e-01  1.968975e+00  4.607325e-01  
   3.3536301  2.197986e+00  7.838715e-01  2.197971e+00  7.840577e-01  1.991450e+00  5.162620e-01  
   3.3736300  2.201579e+00  8.457056e-01  2.201553e+00  8.458990e-01  2.008243e+00  5.697827e-01  
   3.3946300  2.200755e+00  9.101456e-01  2.200718e+00  9.103448e-01  2.021401e+00  6.274697e-01  
   3.4156301  2.195500e+00  9.734973e-01  2.195453e+00  9.737014e-01  2.029796e+00  6.859280e-01  
   3.4366300  2.186207e+00  1.035249e+00  2.186150e+00  1.035456e+00  2.033412e+00  7.443706e-01  
   3.4576299  2.173342e+00  1.094996e+00  2.173273e+00  1.095206e+00  2.032387e+00  8.020369e-01  
   3.4776299  2.158234e+00  1.149773e+00  2.158154e+00  1.149984e+00  2.027369e+00  8.555997e-01  
   3.4986300  2.139869e+00  1.204888e+00  2.139777e+00  1.205099e+00  2.018260e+00  9.098433e-01  
   3.5196300  2.119435e+00  1.257476e+00  2.119333e+00  1.257687e+00  2.005739e+00  9.615813e-01  
   3.5406301  2.097399e+00  1.307560e+00  2.097285e+00  1.307769e+00  1.990404e+00  1.010494e+00  
   3.5616300  2.074157e+00  1.355227e+00  2.074033e+00  1.355435e+00  1.972883e+00  1.056411e+00  
   3.5826299  2.050042e+00  1.400614e+00  2.049907e+00  1.400820e+00  1.953803e+00  1.099311e+00  
   3.6026299  2.026500e+00  1.441858e+00  2.026357e+00  1.442062e+00  1.934721e+00  1.137460e+00  
   3.6236300  2.001365e+00  1.483227e+00  2.001212e+00  1.483430e+00  1.914225e+00  1.174875e+00  
   3.6446300  1.975943e+00  1.522737e+00  1.975782e+00  1.522937e+00  1.893687e+00  1.209867e+00  
   3.6656301  1.950343e+00  1.560480e+00  1.950173e+00  1.560677e+00  1.873443e+00  1.242763e+00  
   3.6866300  1.924664e+00  1.596507e+00  1.924487e+00  1.596701e+00  1.853732e+00  1.273903e+00  
   3.7076299  1.899014e+00  1.630831e+00  1.898831e+00  1.631021e+00  1.834695e+00  1.303605e+00  
   3.7276299  1.874743e+00  1.661923e+00  1.874557e+00  1.662111e+00  1.817257e+00  1.330809e+00  
   3.7486300  1.849611e+00  1.692873e+00  1.849421e+00  1.693058e+00  1.799687e+00  1.358443e+00  
   3.7702301  1.824401e+00  1.722883e+00  1.824209e+00  1.723065e+00  1.782403e+00  1.386028e+00  
   3.7902300  1.801936e+00  1.749052e+00  1.801744e+00  1.749232e+00  1.767108e+00  1.410892e+00  
   3.8112299  1.779619e+00  1.774956e+00  1.779430e+00  1.775135e+00  1.751811e+00  1.436335e+00  
   3.8322301  1.759018e+00  1.799450e+00  1.758831e+00  1.799630e+00  1.737378e+00  1.461108e+00  
   3.8532300  1.740559e+00  1.822858e+00  1.740377e+00  1.823041e+00  1.723963e+00  1.485223e+00  
   3.8742299  1.724652e+00  1.845649e+00  1.724475e+00  1.845839e+00  1.711793e+00  1.508732e+00  
   3.8942299  1.712187e+00  1.867343e+00  1.712016e+00  1.867539e+00  1.701629e+00  1.530666e+00  
   3.9152300  1.702141e+00  1.890824e+00  1.701977e+00  1.891031e+00  1.692776e+00  1.553432e+00  
   3.9362299  1.695291e+00  1.915885e+00  1.695134e+00  1.916105e+00  1.686138e+00  1.576270e+00  
   3.9572301  1.691525e+00  1.943482e+00  1.691374e+00  1.943717e+00  1.682047e+00  1.599674e+00  
   3.9782300  1.690502e+00  1.974615e+00  1.690357e+00  1.974868e+00  1.680767e+00  1.624285e+00  
   3.9992299  1.691639e+00  2.010274e+00  1.691499e+00  2.010547e+00  1.682443e+00  1.650886e+00  
   4.0192299  1.693971e+00  2.049288e+00  1.693833e+00  2.049578e+00  1.686774e+00  1.678894e+00  
   4.0402298  1.696711e+00  2.096315e+00  1.696573e+00  2.096623e+00  1.693981e+00  1.712055e+00  
   4.0612302  1.698509e+00  2.150150e+00  1.698367e+00  2.150474e+00  1.703459e+00  1.750059e+00  
   4.0822301  1.697944e+00  2.211155e+00  1.697795e+00  2.211491e+00  1.714482e+00  1.793903e+00  
   4.1032300  1.693499e+00  2.279417e+00  1.693339e+00  2.279760e+00  1.726046e+00  1.844490e+00  
   4.1242299  1.683625e+00  2.354723e+00  1.683451e+00  2.355068e+00  1.736872e+00  1.902571e+00  
   4.1442299  1.667789e+00  2.432514e+00  1.667598e+00  2.432855e+00  1.745102e+00  1.965328e+00  
   4.1652298  1.643055e+00  2.519791e+00  1.642842e+00  2.520119e+00  1.749898e+00  2.039256e+00  
   4.1868300  1.607659e+00  2.614415e+00  1.607418e+00  2.614723e+00  1.748776e+00  2.123758e+00  
   4.2068300  1.564916e+00  2.705184e+00  1.564647e+00  2.705467e+00  1.740440e+00  2.209166e+00  
   4.2278299  1.508953e+00  2.802302e+00  1.508652e+00  2.802550e+00  1.722275e+00  2.305352e+00  
   4.2488298  1.441128e+00  2.899662e+00  1.440793e+00  2.899871e+00  1.692701e+00  2.406865e+00  
   4.2698302  1.361189e+00  2.995552e+00  1.360819e+00  2.995714e+00  1.650159e+00  2.511941e+00  
   4.2908301  1.269160e+00  3.088209e+00  1.268753e+00  3.088323e+00  1.593429e+00  2.618449e+00  
   4.3108301  1.170516e+00  3.171854e+00  1.170074e+00  3.171921e+00  1.525486e+00  2.719016e+00  
   4.3318300  1.055877e+00  3.253208e+00  1.055398e+00  3.253224e+00  1.439263e+00  2.821197e+00  
   4.3528299  9.306048e-01  3.326312e+00  9.300898e-01  3.326276e+00  1.338059e+00  2.917248e+00  
   4.3738298  7.956128e-01  3.389610e+00  7.950625e-01  3.389525e+00  1.222723e+00  3.004546e+00  
   4.3948302  6.519952e-01  3.441648e+00  6.514122e-01  3.441515e+00  1.094670e+00  3.080644e+00  
   4.4158301  5.010411e-01  3.481100e+00  5.004277e-01  3.480920e+00  9.558408e-01  3.143400e+00  
   4.4358301  3.517888e-01  3.505890e+00  3.511488e-01  3.505668e+00  8.157672e-01  3.189183e+00  
   4.4568300  1.908896e-01  3.517528e+00  1.902248e-01  3.517262e+00  6.630262e-01  3.221383e+00  
   4.4778299  2.748933e-02  3.513637e+00  2.680402e-02  3.513328e+00  5.073168e-01  3.236649e+00  
   4.4988298  -1.364345e-01  3.493669e+00  -1.371357e-01  3.493319e+00  3.515744e-01  3.234868e+00  
   4.5198302  -2.987679e-01  3.457374e+00  -2.994796e-01  3.456981e+00  1.986427e-01  3.216488e+00  
   4.5408301  -4.572870e-01  3.404848e+00  -4.580038e-01  3.404411e+00  5.116035e-02  3.182475e+00  
   4.5608301  -6.026519e-01  3.340169e+00  -6.033672e-01  3.339690e+00  -8.212106e-02  3.136830e+00  
   4.5818300  -7.472643e-01  3.257712e+00  -7.479718e-01  3.257188e+00  -2.126913e-01  3.076661e+00  
   4.6034298  -8.852638e-01  3.158700e+00  -8.859560e-01  3.158131e+00  -3.354570e-01  3.003748e+00  
   4.6234298  -1.001569e+00  3.055770e+00  -1.002240e+00  3.055161e+00  -4.377631e-01  2.928241e+00  
   4.6444302  -1.110301e+00  2.938031e+00  -1.110944e+00  2.937381e+00  -5.328932e-01  2.842760e+00  
   4.6654301  -1.204170e+00  2.812689e+00  -1.204780e+00  2.812001e+00  -6.153008e-01  2.752974e+00  
   4.6864300  -1.282477e+00  2.682255e+00  -1.283047e+00  2.681533e+00  -6.852179e-01  2.660821e+00  
   4.7074299  -1.345017e+00  2.549314e+00  -1.345545e+00  2.548564e+00  -7.431713e-01  2.568054e+00  
   4.7274299  -1.390188e+00  2.422693e+00  -1.390672e+00  2.421919e+00  -7.879294e-01  2.480533e+00  
   4.7484298  -1.423226e+00  2.292005e+00  -1.423664e+00  2.291213e+00  -8.248402e-01  2.390745e+00  
   4.7694302  -1.442647e+00  2.165704e+00  -1.443039e+00  2.164899e+00  -8.524099e-01  2.304152e+00  
   4.7904301  -1.449901e+00  2.045554e+00  -1.450248e+00  2.044742e+00  -8.716863e-01  2.221572e+00  
   4.8114300  -1.446641e+00  1.932918e+00  -1.446945e+00  1.932103e+00  -8.837212e-01  2.143603e+00  
   4.8324299  -1.434622e+00  1.828749e+00  -1.434887e+00  1.827935e+00  -8.895357e-01  2.070646e+00  
   4.8524299  -1.416636e+00  1.737926e+00  -1.416868e+00  1.737115e+00  -8.901739e-01  2.006034e+00  
   4.8734298  -1.392494e+00  1.651563e+00  -1.392695e+00  1.650758e+00  -8.865602e-01  1.943388e+00  
   4.8944302  -1.364475e+00  1.574324e+00  -1.364648e+00  1.573525e+00  -8.793613e-01  1.886028e+00  
   4.9154301  -1.333928e+00  1.505875e+00  -1.334079e+00  1.505082e+00  -8.693087e-01  1.833826e+00  
   4.9364300  -1.301999e+00  1.445695e+00  -1.302131e+00  1.444908e+00  -8.570465e-01  1.786572e+00  
   4.9574299  -1.269622e+00  1.393147e+00  -1.269739e+00  1.392366e+00  -8.431345e-01  1.744004e+00  
   4.9774299  -1.239047e+00  1.349555e+00  -1.239152e+00  1.348777e+00  -8.287904e-01  1.707544e+00  
   4.9984298  -1.207751e+00  1.309860e+00  -1.207846e+00  1.309084e+00  -8.129689e-01  1.673236e+00  
