w Re-xx Im-xx Re-yy Im-yy Re-zz Im-zz
# Gaussian absolute broadening  0.15 [eV]
   0.0000000  7.716489e-01  8.947909e-05  7.716274e-01  8.947910e-05  7.270448e-01  7.936147e-05  
   0.0200000  7.717497e-01  9.576529e-05  7.717283e-01  9.576530e-05  7.271344e-01  8.493568e-05  
   0.0410000  7.718700e-01  1.029288e-04  7.718488e-01  1.029288e-04  7.272409e-01  9.128732e-05  
   0.0620000  7.720070e-01  1.107056e-04  7.719857e-01  1.107057e-04  7.273626e-01  9.818228e-05  
   0.0830000  7.721627e-01  1.191303e-04  7.721411e-01  1.191303e-04  7.275008e-01  1.056509e-04  
   0.1040000  7.723392e-01  1.282325e-04  7.723179e-01  1.282326e-04  7.276572e-01  1.137195e-04  
   0.1240000  7.725286e-01  1.375530e-04  7.725071e-01  1.375530e-04  7.278249e-01  1.219807e-04  
   0.1450000  7.727520e-01  1.480390e-04  7.727306e-01  1.480391e-04  7.280232e-01  1.312740e-04  
   0.1660000  7.730030e-01  1.592483e-04  7.729815e-01  1.592485e-04  7.282456e-01  1.412073e-04  
   0.1870000  7.732834e-01  1.711774e-04  7.732619e-01  1.711776e-04  7.284942e-01  1.517771e-04  
   0.2080000  7.735953e-01  1.838116e-04  7.735738e-01  1.838119e-04  7.287707e-01  1.629702e-04  
   0.2290000  7.739407e-01  1.971255e-04  7.739193e-01  1.971259e-04  7.290772e-01  1.747639e-04  
   0.2490000  7.743022e-01  2.104048e-04  7.742809e-01  2.104054e-04  7.293975e-01  1.865252e-04  
   0.2700000  7.747174e-01  2.249350e-04  7.746958e-01  2.249358e-04  7.297655e-01  1.993923e-04  
   0.2910000  7.751696e-01  2.400166e-04  7.751483e-01  2.400177e-04  7.301667e-01  2.127455e-04  
   0.3120000  7.756603e-01  2.555955e-04  7.756389e-01  2.555969e-04  7.306015e-01  2.265364e-04  
   0.3330000  7.761894e-01  2.716156e-04  7.761680e-01  2.716176e-04  7.310705e-01  2.407151e-04  
   0.3540000  7.767576e-01  2.880235e-04  7.767363e-01  2.880259e-04  7.315740e-01  2.552335e-04  
   0.3740000  7.773350e-01  3.039641e-04  7.773139e-01  3.039672e-04  7.320856e-01  2.693355e-04  
   0.3950000  7.779797e-01  3.209883e-04  7.779582e-01  3.209921e-04  7.326565e-01  2.843922e-04  
   0.4160000  7.786626e-01  3.382684e-04  7.786413e-01  3.382730e-04  7.332619e-01  2.996712e-04  
   0.4374300  7.794007e-01  3.561338e-04  7.793791e-01  3.561394e-04  7.339153e-01  3.154629e-04  
   0.4574300  7.801251e-01  3.729949e-04  7.801039e-01  3.730016e-04  7.345573e-01  3.303624e-04  
   0.4784300  7.809239e-01  3.908773e-04  7.809027e-01  3.908853e-04  7.352647e-01  3.461591e-04  
   0.4994300  7.817615e-01  4.089304e-04  7.817401e-01  4.089395e-04  7.360063e-01  3.621009e-04  
   0.5204300  7.826378e-01  4.271467e-04  7.826165e-01  4.271572e-04  7.367821e-01  3.781809e-04  
   0.5414300  7.835528e-01  4.455233e-04  7.835315e-01  4.455351e-04  7.375922e-01  3.943959e-04  
   0.5614300  7.844610e-01  4.631731e-04  7.844399e-01  4.631863e-04  7.383962e-01  4.099636e-04  
   0.5824300  7.854528e-01  4.818641e-04  7.854317e-01  4.818787e-04  7.392741e-01  4.264425e-04  
   0.6034300  7.864843e-01  5.007206e-04  7.864630e-01  5.007364e-04  7.401866e-01  4.430599e-04  
   0.6244300  7.875558e-01  5.197481e-04  7.875346e-01  5.197650e-04  7.411347e-01  4.598200e-04  
   0.6454300  7.886677e-01  5.389524e-04  7.886465e-01  5.389702e-04  7.421184e-01  4.767282e-04  
   0.6664300  7.898201e-01  5.583396e-04  7.897989e-01  5.583586e-04  7.431375e-01  4.937889e-04  
   0.6864300  7.909552e-01  5.769803e-04  7.909342e-01  5.770000e-04  7.441415e-01  5.101843e-04  
   0.7074300  7.921880e-01  5.967455e-04  7.921671e-01  5.967657e-04  7.452312e-01  5.275600e-04  
   0.7284300  7.934623e-01  6.167150e-04  7.934415e-01  6.167360e-04  7.463577e-01  5.451058e-04  
   0.7494300  7.947787e-01  6.368969e-04  7.947580e-01  6.369184e-04  7.475214e-01  5.628287e-04  
   0.7704300  7.961379e-01  6.572990e-04  7.961170e-01  6.573209e-04  7.487221e-01  5.807347e-04  
   0.7914300  7.975401e-01  6.779295e-04  7.975194e-01  6.779519e-04  7.499610e-01  5.988309e-04  
   0.8114300  7.989154e-01  6.977979e-04  7.988948e-01  6.978207e-04  7.511759e-01  6.162484e-04  
   0.8324300  8.004031e-01  7.188997e-04  8.003820e-01  7.189231e-04  7.524892e-01  6.347366e-04  
   0.8540300  8.019798e-01  7.408713e-04  8.019589e-01  7.408952e-04  7.538812e-01  6.539746e-04  
   0.8740300  8.034818e-01  7.614651e-04  8.034610e-01  7.614897e-04  7.552070e-01  6.719949e-04  
   0.8950300  8.051038e-01  7.833569e-04  8.050830e-01  7.833824e-04  7.566381e-01  6.911391e-04  
   0.9160300  8.067718e-01  8.055343e-04  8.067513e-01  8.055608e-04  7.581096e-01  7.105204e-04  
   0.9370300  8.084867e-01  8.280079e-04  8.084663e-01  8.280356e-04  7.596222e-01  7.301475e-04  
   0.9580300  8.102492e-01  8.507890e-04  8.102284e-01  8.508178e-04  7.611759e-01  7.500292e-04  
   0.9780300  8.119724e-01  8.727825e-04  8.119521e-01  8.728127e-04  7.626951e-01  7.692105e-04  
   0.9990300  8.138298e-01  8.961986e-04  8.138095e-01  8.962299e-04  7.643318e-01  7.896179e-04  
   1.0200300  8.157367e-01  9.199575e-04  8.157163e-01  9.199897e-04  7.660118e-01  8.103088e-04  
   1.0410300  8.176942e-01  9.440717e-04  8.176739e-01  9.441053e-04  7.677355e-01  8.312935e-04  
   1.0620300  8.197026e-01  9.685542e-04  8.196825e-01  9.685887e-04  7.695040e-01  8.525820e-04  
   1.0830300  8.217632e-01  9.934178e-04  8.217427e-01  9.934534e-04  7.713174e-01  8.741849e-04  
   1.1030300  8.237742e-01  1.017464e-03  8.237540e-01  1.017500e-03  7.730868e-01  8.950611e-04  
   1.1240300  8.259381e-01  1.043112e-03  8.259180e-01  1.043148e-03  7.749899e-01  9.173094e-04  
   1.1450300  8.281563e-01  1.069181e-03  8.281362e-01  1.069218e-03  7.769403e-01  9.399044e-04  
   1.1660300  8.304297e-01  1.095688e-03  8.304098e-01  1.095725e-03  7.789385e-01  9.628584e-04  
   1.1870300  8.327593e-01  1.122646e-03  8.327392e-01  1.122684e-03  7.809855e-01  9.861832e-04  
   1.2080300  8.351460e-01  1.150074e-03  8.351259e-01  1.150112e-03  7.830814e-01  1.009893e-03  
   1.2280300  8.374723e-01  1.176647e-03  8.374525e-01  1.176685e-03  7.851238e-01  1.032841e-03  
   1.2490300  8.399727e-01  1.205038e-03  8.399529e-01  1.205077e-03  7.873181e-01  1.057338e-03  
   1.2706300  8.426077e-01  1.234786e-03  8.425880e-01  1.234825e-03  7.896299e-01  1.082980e-03  
   1.2906300  8.451050e-01  1.262839e-03  8.450853e-01  1.262880e-03  7.918196e-01  1.107138e-03  
   1.3116300  8.477879e-01  1.292844e-03  8.477685e-01  1.292884e-03  7.941715e-01  1.132950e-03  
   1.3326300  8.505345e-01  1.323430e-03  8.505149e-01  1.323471e-03  7.965777e-01  1.159235e-03  
   1.3536299  8.533456e-01  1.354620e-03  8.533261e-01  1.354663e-03  7.990394e-01  1.186010e-03  
   1.3746300  8.562232e-01  1.386439e-03  8.562039e-01  1.386483e-03  8.015583e-01  1.213295e-03  
   1.3946300  8.590266e-01  1.417350e-03  8.590074e-01  1.417394e-03  8.040110e-01  1.239772e-03  
   1.4156300  8.620374e-01  1.450467e-03  8.620183e-01  1.450512e-03  8.066441e-01  1.268107e-03  
   1.4366300  8.651187e-01  1.484289e-03  8.650997e-01  1.484334e-03  8.093371e-01  1.297010e-03  
   1.4576300  8.682719e-01  1.518842e-03  8.682532e-01  1.518890e-03  8.120918e-01  1.326502e-03  
   1.4786299  8.714991e-01  1.554157e-03  8.714802e-01  1.554205e-03  8.149094e-01  1.356604e-03  
   1.4996300  8.748012e-01  1.590265e-03  8.747824e-01  1.590315e-03  8.177912e-01  1.387340e-03  
   1.5196300  8.780168e-01  1.625419e-03  8.779981e-01  1.625470e-03  8.205957e-01  1.417223e-03  
   1.5406300  8.814700e-01  1.663171e-03  8.814516e-01  1.663223e-03  8.236059e-01  1.449265e-03  
   1.5616300  8.850036e-01  1.701819e-03  8.849851e-01  1.701874e-03  8.266842e-01  1.482014e-03  
   1.5826300  8.886191e-01  1.741405e-03  8.886009e-01  1.741462e-03  8.298318e-01  1.515496e-03  
   1.6036299  8.923187e-01  1.781975e-03  8.923007e-01  1.782034e-03  8.330507e-01  1.549740e-03  
   1.6246300  8.961042e-01  1.823579e-03  8.960860e-01  1.823640e-03  8.363419e-01  1.584777e-03  
   1.6446300  8.997907e-01  1.864215e-03  8.997731e-01  1.864280e-03  8.395452e-01  1.618909e-03  
   1.6656300  9.037498e-01  1.908013e-03  9.037321e-01  1.908081e-03  8.429829e-01  1.655585e-03  
   1.6872300  9.079193e-01  1.954350e-03  9.079021e-01  1.954420e-03  8.466003e-01  1.694241e-03  
   1.7072300  9.118689e-01  1.998502e-03  9.118517e-01  1.998576e-03  8.500249e-01  1.730911e-03  
   1.7282300  9.161118e-01  2.046258e-03  9.160947e-01  2.046336e-03  8.537005e-01  1.770361e-03  
   1.7492300  9.204550e-01  2.095573e-03  9.204382e-01  2.095655e-03  8.574597e-01  1.810826e-03  
   1.7702301  9.249014e-01  2.146603e-03  9.248847e-01  2.146688e-03  8.613048e-01  1.852351e-03  
   1.7912300  9.294536e-01  2.199532e-03  9.294373e-01  2.199621e-03  8.652382e-01  1.894985e-03  
   1.8112299  9.338910e-01  2.251912e-03  9.338747e-01  2.252005e-03  8.690690e-01  1.936673e-03  
   1.8322300  9.386602e-01  2.309233e-03  9.386441e-01  2.309330e-03  8.731824e-01  1.981636e-03  
   1.8532300  9.435446e-01  2.369237e-03  9.435287e-01  2.369337e-03  8.773913e-01  2.027883e-03  
   1.8742300  9.485491e-01  2.432282e-03  9.485334e-01  2.432386e-03  8.816991e-01  2.075485e-03  
   1.8952301  9.536763e-01  2.498775e-03  9.536610e-01  2.498883e-03  8.861083e-01  2.124519e-03  
   1.9162300  9.589302e-01  2.569171e-03  9.589150e-01  2.569286e-03  8.906216e-01  2.175072e-03  
   1.9362299  9.640548e-01  2.640306e-03  9.640398e-01  2.640426e-03  8.950194e-01  2.224721e-03  
   1.9572300  9.695670e-01  2.719814e-03  9.695522e-01  2.719941e-03  8.997452e-01  2.278541e-03  
   1.9782300  9.752172e-01  2.804821e-03  9.752024e-01  2.804956e-03  9.045845e-01  2.334222e-03  
   1.9992300  9.810092e-01  2.895920e-03  9.809952e-01  2.896065e-03  9.095410e-01  2.391920e-03  
   2.0202301  9.869488e-01  2.993718e-03  9.869348e-01  2.993874e-03  9.146188e-01  2.451818e-03  
   2.0412300  9.930389e-01  3.098812e-03  9.930256e-01  3.098983e-03  9.198209e-01  2.514135e-03  
   2.0612299  9.989845e-01  3.206225e-03  9.989712e-01  3.206411e-03  9.248947e-01  2.575968e-03  
   2.0822301  1.005385e+00  3.327244e-03  1.005371e+00  3.327451e-03  9.303520e-01  2.643794e-03  
   2.1038301  1.012142e+00  3.461087e-03  1.012129e+00  3.461321e-03  9.361095e-01  2.717027e-03  
   2.1238301  1.018560e+00  3.593973e-03  1.018548e+00  3.594236e-03  9.415746e-01  2.788359e-03  
   2.1448300  1.025473e+00  3.743266e-03  1.025461e+00  3.743561e-03  9.474570e-01  2.867366e-03  
   2.1658299  1.032571e+00  3.903052e-03  1.032560e+00  3.903388e-03  9.534920e-01  2.951115e-03  
   2.1868300  1.039860e+00  4.073853e-03  1.039849e+00  4.074238e-03  9.596856e-01  3.040218e-03  
   2.2078300  1.047348e+00  4.256218e-03  1.047337e+00  4.256656e-03  9.660431e-01  3.135350e-03  
   2.2278299  1.054671e+00  4.441210e-03  1.054661e+00  4.441704e-03  9.722567e-01  3.232238e-03  
   2.2488301  1.062569e+00  4.647992e-03  1.062560e+00  4.648550e-03  9.789534e-01  3.341344e-03  
   2.2698300  1.070691e+00  4.868394e-03  1.070681e+00  4.869023e-03  9.858330e-01  3.458845e-03  
   2.2908299  1.079043e+00  5.103339e-03  1.079035e+00  5.104042e-03  9.929039e-01  3.585657e-03  
   2.3118300  1.087638e+00  5.353881e-03  1.087630e+00  5.354661e-03  1.000173e+00  3.722731e-03  
   2.3328300  1.096484e+00  5.621209e-03  1.096477e+00  5.622071e-03  1.007647e+00  3.871064e-03  
   2.3528299  1.105153e+00  5.892652e-03  1.105146e+00  5.893590e-03  1.014964e+00  4.023741e-03  
   2.3738301  1.114523e+00  6.196779e-03  1.114516e+00  6.197798e-03  1.022865e+00  4.197063e-03  
   2.3948300  1.124177e+00  6.522071e-03  1.124170e+00  6.523168e-03  1.030996e+00  4.384802e-03  
   2.4158299  1.134129e+00  6.870257e-03  1.134124e+00  6.871428e-03  1.039370e+00  4.588127e-03  
   2.4368300  1.144393e+00  7.243164e-03  1.144389e+00  7.244403e-03  1.047996e+00  4.808275e-03  
   2.4578300  1.154985e+00  7.642679e-03  1.154981e+00  7.643977e-03  1.056887e+00  5.046577e-03  
   2.4778299  1.165390e+00  8.049691e-03  1.165386e+00  8.051038e-03  1.065610e+00  5.291749e-03  
   2.4988301  1.176666e+00  8.506831e-03  1.176664e+00  8.508217e-03  1.075053e+00  5.569872e-03  
   2.5204301  1.188662e+00  9.010988e-03  1.188660e+00  9.012407e-03  1.085084e+00  5.879978e-03  
   2.5404301  1.200146e+00  9.510540e-03  1.200146e+00  9.511977e-03  1.094675e+00  6.190838e-03  
   2.5614300  1.212618e+00  1.007122e-02  1.212619e+00  1.007267e-02  1.105076e+00  6.544211e-03  
   2.5824299  1.225540e+00  1.067155e-02  1.225542e+00  1.067301e-02  1.115835e+00  6.928103e-03  
   2.6034300  1.238943e+00  1.131468e-02  1.238946e+00  1.131616e-02  1.126973e+00  7.346019e-03  
   2.6244299  1.252856e+00  1.200449e-02  1.252861e+00  1.200599e-02  1.138513e+00  7.802160e-03  
   2.6444299  1.266618e+00  1.270946e-02  1.266624e+00  1.271098e-02  1.149902e+00  8.276796e-03  
   2.6654301  1.281644e+00  1.350644e-02  1.281651e+00  1.350801e-02  1.162305e+00  8.823356e-03  
   2.6864300  1.297304e+00  1.437027e-02  1.297312e+00  1.437191e-02  1.175192e+00  9.426774e-03  
   2.7074299  1.313651e+00  1.531287e-02  1.313661e+00  1.531462e-02  1.188600e+00  1.009646e-02  
   2.7284300  1.330745e+00  1.635034e-02  1.330757e+00  1.635223e-02  1.202565e+00  1.084410e-02  
   2.7494299  1.348649e+00  1.750430e-02  1.348663e+00  1.750640e-02  1.217128e+00  1.168419e-02  
   2.7694299  1.366521e+00  1.873801e-02  1.366537e+00  1.874038e-02  1.231595e+00  1.258673e-02  
   2.7904301  1.386226e+00  2.021151e-02  1.386245e+00  2.021423e-02  1.247460e+00  1.366349e-02  
   2.8114300  1.406981e+00  2.191668e-02  1.407002e+00  2.191988e-02  1.264068e+00  1.489972e-02  
   2.8324299  1.428883e+00  2.391853e-02  1.428907e+00  2.392233e-02  1.281479e+00  1.632971e-02  
   2.8534300  1.452036e+00  2.630085e-02  1.452063e+00  2.630545e-02  1.299758e+00  1.799577e-02  
   2.8744299  1.476550e+00  2.917028e-02  1.476580e+00  2.917589e-02  1.318972e+00  1.995002e-02  
   2.8944299  1.501265e+00  3.247821e-02  1.501298e+00  3.248504e-02  1.338209e+00  2.213757e-02  
   2.9154301  1.528757e+00  3.671398e-02  1.528793e+00  3.672244e-02  1.359469e+00  2.485212e-02  
   2.9370301  1.558791e+00  4.209378e-02  1.558831e+00  4.210428e-02  1.382555e+00  2.818911e-02  
   2.9570301  1.588271e+00  4.822455e-02  1.588314e+00  4.823742e-02  1.405111e+00  3.187956e-02  
   2.9780300  1.621016e+00  5.612379e-02  1.621062e+00  5.613965e-02  1.430100e+00  3.651097e-02  
   2.9990301  1.655623e+00  6.583760e-02  1.655674e+00  6.585708e-02  1.456503e+00  4.208134e-02  
   3.0200300  1.692073e+00  7.772563e-02  1.692128e+00  7.774934e-02  1.484390e+00  4.878812e-02  
   3.0410299  1.730287e+00  9.217986e-02  1.730345e+00  9.220855e-02  1.513818e+00  5.686308e-02  
   3.0610299  1.768181e+00  1.087094e-01  1.768241e+00  1.087435e-01  1.543303e+00  6.607004e-02  
   3.0820301  1.809315e+00  1.293701e-01  1.809378e+00  1.294106e-01  1.575787e+00  7.762017e-02  
   3.1030300  1.851501e+00  1.538154e-01  1.851565e+00  1.538629e-01  1.609779e+00  9.142788e-02  
   3.1240301  1.894317e+00  1.824170e-01  1.894381e+00  1.824723e-01  1.645166e+00  1.078534e-01  
   3.1450300  1.937240e+00  2.154842e-01  1.937303e+00  2.155477e-01  1.681756e+00  1.272705e-01  
   3.1660299  1.979664e+00  2.532397e-01  1.979724e+00  2.533116e-01  1.719274e+00  1.500525e-01  
   3.1860299  2.018986e+00  2.936583e-01  2.019041e+00  2.937386e-01  1.755529e+00  1.751997e-01  
   3.2070301  2.058448e+00  3.407634e-01  2.058497e+00  3.408525e-01  1.793698e+00  2.055208e-01  
   3.2280300  2.095316e+00  3.924842e-01  2.095357e+00  3.925819e-01  1.831417e+00  2.400832e-01  
   3.2490301  2.128874e+00  4.485048e-01  2.128904e+00  4.486103e-01  1.868039e+00  2.790203e-01  
   3.2700300  2.158463e+00  5.083569e-01  2.158481e+00  5.084698e-01  1.902850e+00  3.223373e-01  
   3.2910299  2.183519e+00  5.714394e-01  2.183524e+00  5.715584e-01  1.935100e+00  3.698911e-01  
   3.3110299  2.202763e+00  6.338713e-01  2.202754e+00  6.339955e-01  1.962744e+00  4.188403e-01  
   3.3320301  2.217837e+00  7.011417e-01  2.217814e+00  7.012697e-01  1.987858e+00  4.736294e-01  
   3.3536301  2.227729e+00  7.713184e-01  2.227692e+00  7.714487e-01  2.008858e+00  5.329584e-01  
   3.3736300  2.231849e+00  8.364261e-01  2.231798e+00  8.365573e-01  2.023457e+00  5.898682e-01  
   3.3946300  2.231161e+00  9.041858e-01  2.231097e+00  9.043162e-01  2.033439e+00  6.508290e-01  
   3.4156301  2.225673e+00  9.706706e-01  2.225597e+00  9.707984e-01  2.037801e+00  7.121152e-01  
   3.4366300  2.215846e+00  1.035330e+00  2.215759e+00  1.035454e+00  2.036604e+00  7.727939e-01  
   3.4576299  2.202213e+00  1.097758e+00  2.202116e+00  1.097876e+00  2.030130e+00  8.319799e-01  
   3.4776299  2.186213e+00  1.154900e+00  2.186111e+00  1.155012e+00  2.019494e+00  8.862393e-01  
   3.4986300  2.166791e+00  1.212354e+00  2.166682e+00  1.212458e+00  2.004257e+00  9.403780e-01  
   3.5196300  2.145202e+00  1.267200e+00  2.145090e+00  1.267296e+00  1.985621e+00  9.911533e-01  
   3.5406301  2.121910e+00  1.319536e+00  2.121796e+00  1.319622e+00  1.964448e+00  1.038299e+00  
   3.5616300  2.097298e+00  1.369516e+00  2.097181e+00  1.369592e+00  1.941622e+00  1.081751e+00  
   3.5826299  2.071656e+00  1.417322e+00  2.071540e+00  1.417388e+00  1.917991e+00  1.121643e+00  
   3.6026299  2.046472e+00  1.460989e+00  2.046355e+00  1.461046e+00  1.895435e+00  1.156598e+00  
   3.6236300  2.019364e+00  1.505017e+00  2.019249e+00  1.505064e+00  1.872306e+00  1.190520e+00  
   3.6446300  1.991680e+00  1.547259e+00  1.991565e+00  1.547297e+00  1.850213e+00  1.222090e+00  
   3.6656301  1.963498e+00  1.587739e+00  1.963385e+00  1.587770e+00  1.829457e+00  1.251837e+00  
   3.6866300  1.934916e+00  1.626420e+00  1.934804e+00  1.626443e+00  1.810167e+00  1.280272e+00  
   3.7076299  1.906058e+00  1.663217e+00  1.905948e+00  1.663235e+00  1.792320e+00  1.307837e+00  
   3.7276299  1.878484e+00  1.696413e+00  1.878375e+00  1.696427e+00  1.776538e+00  1.333594e+00  
   3.7486300  1.849670e+00  1.729226e+00  1.849564e+00  1.729237e+00  1.761034e+00  1.360335e+00  
   3.7702301  1.820504e+00  1.760716e+00  1.820402e+00  1.760728e+00  1.745977e+00  1.387618e+00  
   3.7902300  1.794277e+00  1.787819e+00  1.794179e+00  1.787832e+00  1.732631e+00  1.412670e+00  
   3.8112299  1.767956e+00  1.814230e+00  1.767864e+00  1.814244e+00  1.719079e+00  1.438665e+00  
   3.8322301  1.743331e+00  1.838733e+00  1.743246e+00  1.838752e+00  1.705938e+00  1.464204e+00  
   3.8532300  1.720864e+00  1.861658e+00  1.720787e+00  1.861683e+00  1.693255e+00  1.489136e+00  
   3.8742299  1.700989e+00  1.883479e+00  1.700921e+00  1.883510e+00  1.681203e+00  1.513359e+00  
   3.8942299  1.684814e+00  1.903800e+00  1.684754e+00  1.903840e+00  1.670565e+00  1.535753e+00  
   3.9152300  1.670982e+00  1.925386e+00  1.670930e+00  1.925436e+00  1.660620e+00  1.558654e+00  
   3.9362299  1.660517e+00  1.948093e+00  1.660473e+00  1.948154e+00  1.652328e+00  1.581179e+00  
   3.9572301  1.653389e+00  1.972899e+00  1.653351e+00  1.972975e+00  1.646091e+00  1.603747e+00  
   3.9782300  1.649362e+00  2.000835e+00  1.649329e+00  2.000926e+00  1.642257e+00  1.626940e+00  
   3.9992299  1.647977e+00  2.032938e+00  1.647946e+00  2.033046e+00  1.641067e+00  1.651499e+00  
   4.0192299  1.648481e+00  2.068293e+00  1.648449e+00  2.068417e+00  1.642475e+00  1.676950e+00  
   4.0402298  1.650038e+00  2.111281e+00  1.650001e+00  2.111425e+00  1.646514e+00  1.706759e+00  
   4.0612302  1.651530e+00  2.160985e+00  1.651483e+00  2.161151e+00  1.652846e+00  1.740714e+00  
   4.0822301  1.651642e+00  2.217897e+00  1.651579e+00  2.218086e+00  1.660876e+00  1.779806e+00  
   4.1032300  1.648920e+00  2.282246e+00  1.648836e+00  2.282457e+00  1.669746e+00  1.824957e+00  
   4.1242299  1.641833e+00  2.353960e+00  1.641723e+00  2.354192e+00  1.678337e+00  1.876959e+00  
   4.1442299  1.629609e+00  2.428750e+00  1.629470e+00  2.429003e+00  1.685021e+00  1.933399e+00  
   4.1652298  1.609589e+00  2.513427e+00  1.609413e+00  2.513701e+00  1.688973e+00  2.000250e+00  
   4.1868300  1.579882e+00  2.606064e+00  1.579665e+00  2.606357e+00  1.688000e+00  2.077155e+00  
   4.2068300  1.542991e+00  2.695670e+00  1.542733e+00  2.695977e+00  1.680877e+00  2.155427e+00  
   4.2278299  1.493567e+00  2.792285e+00  1.493262e+00  2.792604e+00  1.665232e+00  2.244238e+00  
   4.2488298  1.432440e+00  2.889867e+00  1.432090e+00  2.890194e+00  1.639563e+00  2.338746e+00  
   4.2698302  1.359111e+00  2.986646e+00  1.358716e+00  2.986976e+00  1.602367e+00  2.437457e+00  
   4.2908301  1.273357e+00  3.080775e+00  1.272919e+00  3.081103e+00  1.552420e+00  2.538502e+00  
   4.3108301  1.180181e+00  3.166252e+00  1.179705e+00  3.166574e+00  1.492212e+00  2.634927e+00  
   4.3318300  1.070571e+00  3.249846e+00  1.070059e+00  3.250158e+00  1.415308e+00  2.734072e+00  
   4.3528299  9.494690e-01  3.325366e+00  9.489288e-01  3.325661e+00  1.324448e+00  2.828583e+00  
   4.3738298  8.177115e-01  3.391100e+00  8.171473e-01  3.391375e+00  1.220207e+00  2.915925e+00  
   4.3948302  6.763738e-01  3.445450e+00  6.757930e-01  3.445700e+00  1.103677e+00  2.993671e+00  
   4.4158301  5.267833e-01  3.486959e+00  5.261924e-01  3.487181e+00  9.764449e-01  3.059622e+00  
   4.4358301  3.780560e-01  3.513386e+00  3.774615e-01  3.513580e+00  8.471512e-01  3.109773e+00  
   4.4568300  2.170132e-01  3.526342e+00  2.164214e-01  3.526502e+00  7.051103e-01  3.147773e+00  
   4.4778299  5.290205e-02  3.523329e+00  5.231846e-02  3.523455e+00  5.591536e-01  3.169854e+00  
   4.4988298  -1.121456e-01  3.503805e+00  -1.127156e-01  3.503897e+00  4.119473e-01  3.175636e+00  
   4.5198302  -2.758656e-01  3.467556e+00  -2.764174e-01  3.467613e+00  2.661372e-01  3.165283e+00  
   4.5408301  -4.359011e-01  3.414737e+00  -4.364310e-01  3.414761e+00  1.242417e-01  3.139481e+00  
   4.5608301  -5.827304e-01  3.349533e+00  -5.832364e-01  3.349526e+00  -5.182532e-03  3.101586e+00  
   4.5818300  -7.288247e-01  3.266341e+00  -7.293035e-01  3.266305e+00  -1.332042e-01  3.049261e+00  
   4.6034298  -8.682371e-01  3.166457e+00  -8.686860e-01  3.166395e+00  -2.548452e-01  2.983904e+00  
   4.6234298  -9.857271e-01  3.062679e+00  -9.861478e-01  3.062596e+00  -3.573167e-01  2.914805e+00  
   4.6444302  -1.095577e+00  2.944058e+00  -1.095967e+00  2.943958e+00  -4.536843e-01  2.835359e+00  
   4.6654301  -1.190449e+00  2.817886e+00  -1.190811e+00  2.817772e+00  -5.382159e-01  2.750864e+00  
   4.6864300  -1.269670e+00  2.686695e+00  -1.270005e+00  2.686573e+00  -6.109378e-01  2.663269e+00  
   4.7074299  -1.333071e+00  2.553082e+00  -1.333378e+00  2.552957e+00  -6.721882e-01  2.574370e+00  
   4.7274299  -1.379036e+00  2.425899e+00  -1.379321e+00  2.425774e+00  -7.203953e-01  2.489957e+00  
   4.7484298  -1.412907e+00  2.294695e+00  -1.413170e+00  2.294575e+00  -7.611277e-01  2.402906e+00  
   4.7694302  -1.433181e+00  2.167942e+00  -1.433426e+00  2.167829e+00  -7.926288e-01  2.318595e+00  
   4.7904301  -1.441315e+00  2.047386e+00  -1.441546e+00  2.047284e+00  -8.158811e-01  2.237924e+00  
   4.8114300  -1.438969e+00  1.934372e+00  -1.439188e+00  1.934281e+00  -8.318975e-01  2.161557e+00  
   4.8324299  -1.427893e+00  1.829838e+00  -1.428102e+00  1.829761e+00  -8.416787e-01  2.089954e+00  
   4.8524299  -1.410824e+00  1.738666e+00  -1.411027e+00  1.738602e+00  -8.460749e-01  2.026433e+00  
   4.8734298  -1.387651e+00  1.651924e+00  -1.387851e+00  1.651874e+00  -8.463852e-01  1.964749e+00  
   4.8944302  -1.360594e+00  1.574286e+00  -1.360792e+00  1.574249e+00  -8.430893e-01  1.908180e+00  
   4.9154301  -1.330989e+00  1.505411e+00  -1.331186e+00  1.505386e+00  -8.369178e-01  1.856599e+00  
   4.9364300  -1.299966e+00  1.444775e+00  -1.300165e+00  1.444762e+00  -8.285120e-01  1.809799e+00  
   4.9574299  -1.268450e+00  1.391742e+00  -1.268651e+00  1.391739e+00  -8.184241e-01  1.767513e+00  
   4.9774299  -1.238644e+00  1.347659e+00  -1.238847e+00  1.347666e+00  -8.076823e-01  1.731162e+00  
   4.9984298  -1.208096e+00  1.307423e+00  -1.208303e+00  1.307438e+00  -7.955886e-01  1.696798e+00  
