w Re-xx Im-xx Re-yy Im-yy Re-zz Im-zz
# Gaussian absolute broadening  0.15 [eV]
   0.0000000  7.681174e-01  8.827225e-05  7.681319e-01  8.827845e-05  7.332782e-01  8.150234e-05  
   0.0200000  7.682174e-01  9.447305e-05  7.682315e-01  9.447983e-05  7.333702e-01  8.722885e-05  
   0.0410000  7.683359e-01  1.015390e-04  7.683504e-01  1.015465e-04  7.334801e-01  9.375427e-05  
   0.0620000  7.684711e-01  1.092101e-04  7.684854e-01  1.092182e-04  7.336048e-01  1.008382e-04  
   0.0830000  7.686244e-01  1.175199e-04  7.686388e-01  1.175288e-04  7.337462e-01  1.085118e-04  
   0.1040000  7.687986e-01  1.264980e-04  7.688131e-01  1.265077e-04  7.339072e-01  1.168023e-04  
   0.1240000  7.689855e-01  1.356912e-04  7.690001e-01  1.357016e-04  7.340796e-01  1.252910e-04  
   0.1450000  7.692057e-01  1.460338e-04  7.692202e-01  1.460450e-04  7.342832e-01  1.348407e-04  
   0.1660000  7.694531e-01  1.570896e-04  7.694678e-01  1.571016e-04  7.345117e-01  1.450484e-04  
   0.1870000  7.697297e-01  1.688551e-04  7.697443e-01  1.688679e-04  7.347669e-01  1.559107e-04  
   0.2080000  7.700375e-01  1.813156e-04  7.700521e-01  1.813292e-04  7.350513e-01  1.674142e-04  
   0.2290000  7.703784e-01  1.944461e-04  7.703929e-01  1.944606e-04  7.353658e-01  1.795355e-04  
   0.2490000  7.707350e-01  2.075420e-04  7.707496e-01  2.075573e-04  7.356951e-01  1.916242e-04  
   0.2700000  7.711444e-01  2.218709e-04  7.711590e-01  2.218871e-04  7.360730e-01  2.048503e-04  
   0.2910000  7.715906e-01  2.367432e-04  7.716052e-01  2.367602e-04  7.364849e-01  2.185770e-04  
   0.3120000  7.720745e-01  2.521049e-04  7.720892e-01  2.521227e-04  7.369316e-01  2.327546e-04  
   0.3330000  7.725965e-01  2.679012e-04  7.726111e-01  2.679199e-04  7.374137e-01  2.473324e-04  
   0.3540000  7.731568e-01  2.840786e-04  7.731715e-01  2.840980e-04  7.379312e-01  2.622610e-04  
   0.3740000  7.737264e-01  2.997946e-04  7.737412e-01  2.998147e-04  7.384567e-01  2.767627e-04  
   0.3950000  7.743619e-01  3.165778e-04  7.743766e-01  3.165987e-04  7.390434e-01  2.922481e-04  
   0.4160000  7.750357e-01  3.336122e-04  7.750505e-01  3.336337e-04  7.396655e-01  3.079640e-04  
   0.4374300  7.757633e-01  3.512222e-04  7.757780e-01  3.512443e-04  7.403370e-01  3.242100e-04  
   0.4574300  7.764781e-01  3.678414e-04  7.764929e-01  3.678639e-04  7.409965e-01  3.395403e-04  
   0.4784300  7.772658e-01  3.854656e-04  7.772806e-01  3.854888e-04  7.417238e-01  3.557967e-04  
   0.4994300  7.780917e-01  4.032565e-04  7.781066e-01  4.032801e-04  7.424861e-01  3.722054e-04  
   0.5204300  7.789560e-01  4.212070e-04  7.789708e-01  4.212311e-04  7.432835e-01  3.887596e-04  
   0.5414300  7.798581e-01  4.393135e-04  7.798732e-01  4.393380e-04  7.441163e-01  4.054561e-04  
   0.5614300  7.807536e-01  4.567026e-04  7.807686e-01  4.567277e-04  7.449427e-01  4.214896e-04  
   0.5824300  7.817317e-01  4.751154e-04  7.817467e-01  4.751410e-04  7.458454e-01  4.384652e-04  
   0.6034300  7.827486e-01  4.936891e-04  7.827636e-01  4.937155e-04  7.467838e-01  4.555873e-04  
   0.6244300  7.838051e-01  5.124296e-04  7.838201e-01  5.124568e-04  7.477587e-01  4.728610e-04  
   0.6454300  7.849013e-01  5.313419e-04  7.849165e-01  5.313701e-04  7.487702e-01  4.902910e-04  
   0.6664300  7.860375e-01  5.504322e-04  7.860525e-01  5.504618e-04  7.498183e-01  5.078827e-04  
   0.6864300  7.871567e-01  5.687850e-04  7.871720e-01  5.688157e-04  7.508512e-01  5.247933e-04  
   0.7074300  7.883719e-01  5.882425e-04  7.883872e-01  5.882748e-04  7.519723e-01  5.427193e-04  
   0.7284300  7.896277e-01  6.078986e-04  7.896432e-01  6.079326e-04  7.531310e-01  5.608259e-04  
   0.7494300  7.909259e-01  6.277612e-04  7.909412e-01  6.277967e-04  7.543283e-01  5.791202e-04  
   0.7704300  7.922649e-01  6.478374e-04  7.922806e-01  6.478748e-04  7.555640e-01  5.976089e-04  
   0.7914300  7.936471e-01  6.681358e-04  7.936627e-01  6.681751e-04  7.568386e-01  6.162999e-04  
   0.8114300  7.950026e-01  6.876815e-04  7.950181e-01  6.877222e-04  7.580891e-01  6.342952e-04  
   0.8324300  7.964685e-01  7.084377e-04  7.964842e-01  7.084800e-04  7.594411e-01  6.534024e-04  
   0.8540300  7.980223e-01  7.300462e-04  7.980379e-01  7.300899e-04  7.608739e-01  6.732915e-04  
   0.8740300  7.995024e-01  7.502963e-04  7.995182e-01  7.503414e-04  7.622391e-01  6.919282e-04  
   0.8950300  8.011006e-01  7.718199e-04  8.011164e-01  7.718660e-04  7.637126e-01  7.117341e-04  
   0.9160300  8.027439e-01  7.936207e-04  8.027600e-01  7.936677e-04  7.652282e-01  7.317919e-04  
   0.9370300  8.044334e-01  8.157092e-04  8.044494e-01  8.157571e-04  7.667859e-01  7.521122e-04  
   0.9580300  8.061695e-01  8.380961e-04  8.061858e-01  8.381446e-04  7.683865e-01  7.727044e-04  
   0.9780300  8.078672e-01  8.597051e-04  8.078835e-01  8.597540e-04  7.699518e-01  7.925787e-04  
   0.9990300  8.096966e-01  8.827075e-04  8.097131e-01  8.827572e-04  7.716383e-01  8.137324e-04  
   1.0200300  8.115749e-01  9.060428e-04  8.115912e-01  9.060926e-04  7.733697e-01  8.351893e-04  
   1.0410300  8.135025e-01  9.297223e-04  8.135189e-01  9.297725e-04  7.751464e-01  8.569605e-04  
   1.0620300  8.154805e-01  9.537583e-04  8.154972e-01  9.538092e-04  7.769696e-01  8.790583e-04  
   1.0830300  8.175092e-01  9.781640e-04  8.175260e-01  9.782156e-04  7.788393e-01  9.014923e-04  
   1.1030300  8.194894e-01  1.001762e-03  8.195063e-01  1.001814e-03  7.806644e-01  9.231826e-04  
   1.1240300  8.216197e-01  1.026926e-03  8.216367e-01  1.026979e-03  7.826274e-01  9.463105e-04  
   1.1450300  8.238035e-01  1.052498e-03  8.238207e-01  1.052553e-03  7.846399e-01  9.698121e-04  
   1.1660300  8.260414e-01  1.078493e-03  8.260586e-01  1.078549e-03  7.867017e-01  9.937008e-04  
   1.1870300  8.283343e-01  1.104924e-03  8.283516e-01  1.104983e-03  7.888144e-01  1.017990e-03  
   1.2080300  8.306830e-01  1.131810e-03  8.307004e-01  1.131870e-03  7.909784e-01  1.042694e-03  
   1.2280300  8.329723e-01  1.157850e-03  8.329898e-01  1.157912e-03  7.930872e-01  1.066621e-03  
   1.2490300  8.354327e-01  1.185666e-03  8.354504e-01  1.185730e-03  7.953539e-01  1.092180e-03  
   1.2706300  8.380252e-01  1.214803e-03  8.380430e-01  1.214870e-03  7.977420e-01  1.118953e-03  
   1.2906300  8.404819e-01  1.242273e-03  8.404998e-01  1.242342e-03  8.000045e-01  1.144194e-03  
   1.3116300  8.431211e-01  1.271646e-03  8.431395e-01  1.271717e-03  8.024355e-01  1.171186e-03  
   1.3326300  8.458223e-01  1.301580e-03  8.458406e-01  1.301654e-03  8.049232e-01  1.198696e-03  
   1.3536299  8.485871e-01  1.332097e-03  8.486056e-01  1.332174e-03  8.074693e-01  1.226747e-03  
   1.3746300  8.514164e-01  1.363221e-03  8.514351e-01  1.363299e-03  8.100749e-01  1.255361e-03  
   1.3946300  8.541728e-01  1.393448e-03  8.541916e-01  1.393528e-03  8.126130e-01  1.283159e-03  
   1.4156300  8.571327e-01  1.425825e-03  8.571515e-01  1.425908e-03  8.153384e-01  1.312948e-03  
   1.4366300  8.601612e-01  1.458883e-03  8.601804e-01  1.458967e-03  8.181271e-01  1.343379e-03  
   1.4576300  8.632604e-01  1.492648e-03  8.632796e-01  1.492734e-03  8.209806e-01  1.374486e-03  
   1.4786299  8.664314e-01  1.527152e-03  8.664508e-01  1.527240e-03  8.239001e-01  1.406302e-03  
   1.4996300  8.696758e-01  1.562427e-03  8.696954e-01  1.562516e-03  8.268871e-01  1.438868e-03  
   1.5196300  8.728348e-01  1.596770e-03  8.728547e-01  1.596861e-03  8.297952e-01  1.470620e-03  
   1.5406300  8.762270e-01  1.633653e-03  8.762469e-01  1.633745e-03  8.329182e-01  1.504780e-03  
   1.5616300  8.796970e-01  1.671423e-03  8.797172e-01  1.671516e-03  8.361130e-01  1.539835e-03  
   1.5826300  8.832471e-01  1.710128e-03  8.832676e-01  1.710222e-03  8.393813e-01  1.575849e-03  
   1.6036299  8.868792e-01  1.749821e-03  8.868998e-01  1.749917e-03  8.427250e-01  1.612894e-03  
   1.6246300  8.905950e-01  1.790568e-03  8.906155e-01  1.790665e-03  8.461457e-01  1.651056e-03  
   1.6446300  8.942132e-01  1.830418e-03  8.942339e-01  1.830516e-03  8.494770e-01  1.688527e-03  
   1.6656300  8.980978e-01  1.873436e-03  8.981189e-01  1.873535e-03  8.530535e-01  1.729162e-03  
   1.6872300  9.021880e-01  1.919037e-03  9.022093e-01  1.919138e-03  8.568195e-01  1.772474e-03  
   1.7072300  9.060621e-01  1.962581e-03  9.060836e-01  1.962682e-03  8.603866e-01  1.814089e-03  
   1.7282300  9.102222e-01  2.009782e-03  9.102440e-01  2.009886e-03  8.642175e-01  1.859512e-03  
   1.7492300  9.144794e-01  2.058624e-03  9.145015e-01  2.058729e-03  8.681387e-01  1.906897e-03  
   1.7702301  9.188365e-01  2.109244e-03  9.188589e-01  2.109351e-03  8.721519e-01  1.956456e-03  
   1.7912300  9.232965e-01  2.161786e-03  9.233191e-01  2.161896e-03  8.762603e-01  2.008426e-03  
   1.8112299  9.276425e-01  2.213747e-03  9.276651e-01  2.213859e-03  8.802640e-01  2.060395e-03  
   1.8322300  9.323107e-01  2.270469e-03  9.323338e-01  2.270584e-03  8.845661e-01  2.117816e-03  
   1.8532300  9.370913e-01  2.329548e-03  9.371148e-01  2.329666e-03  8.889713e-01  2.178442e-03  
   1.8742300  9.419861e-01  2.391126e-03  9.420099e-01  2.391249e-03  8.934837e-01  2.242570e-03  
   1.8952301  9.469994e-01  2.455340e-03  9.470236e-01  2.455467e-03  8.981059e-01  2.310512e-03  
   1.9162300  9.521344e-01  2.522315e-03  9.521589e-01  2.522447e-03  9.028410e-01  2.382609e-03  
   1.9362299  9.571404e-01  2.588783e-03  9.571649e-01  2.588922e-03  9.074584e-01  2.455477e-03  
   1.9572300  9.625226e-01  2.661517e-03  9.625477e-01  2.661662e-03  9.124248e-01  2.536817e-03  
   1.9782300  9.680378e-01  2.737404e-03  9.680634e-01  2.737558e-03  9.175143e-01  2.623607e-03  
   1.9992300  9.736897e-01  2.816614e-03  9.737155e-01  2.816776e-03  9.227319e-01  2.716462e-03  
   2.0202301  9.794834e-01  2.899359e-03  9.795095e-01  2.899532e-03  9.280818e-01  2.816140e-03  
   2.0412300  9.854229e-01  2.985911e-03  9.854496e-01  2.986095e-03  9.335683e-01  2.923565e-03  
   2.0612299  9.912202e-01  3.072201e-03  9.912471e-01  3.072398e-03  9.389241e-01  3.034096e-03  
   2.0822301  9.974593e-01  3.167291e-03  9.974869e-01  3.167502e-03  9.446902e-01  3.160062e-03  
   2.1038301  1.004047e+00  3.270476e-03  1.004075e+00  3.270703e-03  9.507783e-01  3.301800e-03  
   2.1238301  1.010304e+00  3.371524e-03  1.010333e+00  3.371768e-03  9.565626e-01  3.445667e-03  
   2.1448300  1.017045e+00  3.484125e-03  1.017074e+00  3.484388e-03  9.627929e-01  3.611644e-03  
   2.1658299  1.023966e+00  3.604342e-03  1.023995e+00  3.604626e-03  9.691890e-01  3.794911e-03  
   2.1868300  1.031075e+00  3.733295e-03  1.031105e+00  3.733601e-03  9.757569e-01  3.997603e-03  
   2.2078300  1.038378e+00  3.872237e-03  1.038409e+00  3.872568e-03  9.825010e-01  4.221876e-03  
   2.2278299  1.045522e+00  4.015127e-03  1.045553e+00  4.015482e-03  9.890940e-01  4.457504e-03  
   2.2488301  1.053227e+00  4.177702e-03  1.053258e+00  4.178084e-03  9.961995e-01  4.730045e-03  
   2.2698300  1.061150e+00  4.354699e-03  1.061182e+00  4.355113e-03  1.003497e+00  5.030273e-03  
   2.2908299  1.069298e+00  4.547799e-03  1.069331e+00  4.548247e-03  1.010996e+00  5.360053e-03  
   2.3118300  1.077681e+00  4.758721e-03  1.077714e+00  4.759206e-03  1.018700e+00  5.721123e-03  
   2.3328300  1.086307e+00  4.989172e-03  1.086341e+00  4.989697e-03  1.026617e+00  6.115107e-03  
   2.3528299  1.094756e+00  5.228333e-03  1.094791e+00  5.228899e-03  1.034362e+00  6.522375e-03  
   2.3738301  1.103885e+00  5.501634e-03  1.103920e+00  5.502252e-03  1.042717e+00  6.985143e-03  
   2.3948300  1.113284e+00  5.799067e-03  1.113320e+00  5.799737e-03  1.051308e+00  7.485443e-03  
   2.4158299  1.122968e+00  6.121872e-03  1.123004e+00  6.122599e-03  1.060145e+00  8.024918e-03  
   2.4368300  1.132946e+00  6.471068e-03  1.132983e+00  6.471856e-03  1.069238e+00  8.605287e-03  
   2.4578300  1.143232e+00  6.847405e-03  1.143270e+00  6.848262e-03  1.078599e+00  9.228346e-03  
   2.4778299  1.153327e+00  7.231520e-03  1.153366e+00  7.232446e-03  1.087772e+00  9.863108e-03  
   2.4988301  1.164256e+00  7.662097e-03  1.164296e+00  7.663091e-03  1.097687e+00  1.057485e-02  
   2.5204301  1.175868e+00  8.134194e-03  1.175910e+00  8.135264e-03  1.108204e+00  1.135715e-02  
   2.5404301  1.186974e+00  8.597746e-03  1.187016e+00  8.598889e-03  1.118243e+00  1.212852e-02  
   2.5614300  1.199021e+00  9.111881e-03  1.199064e+00  9.113101e-03  1.129110e+00  1.298869e-02  
   2.5824299  1.211487e+00  9.654352e-03  1.211532e+00  9.655647e-03  1.140330e+00  1.390183e-02  
   2.6034300  1.224403e+00  1.022590e-02  1.224449e+00  1.022727e-02  1.151924e+00  1.486952e-02  
   2.6244299  1.237797e+00  1.082794e-02  1.237844e+00  1.082938e-02  1.163913e+00  1.589348e-02  
   2.6444299  1.251032e+00  1.143197e-02  1.251080e+00  1.143348e-02  1.175720e+00  1.692303e-02  
   2.6654301  1.265466e+00  1.210219e-02  1.265516e+00  1.210378e-02  1.188555e+00  1.806396e-02  
   2.6864300  1.280495e+00  1.281514e-02  1.280546e+00  1.281682e-02  1.201869e+00  1.927036e-02  
   2.7074299  1.296169e+00  1.357946e-02  1.296221e+00  1.358122e-02  1.215695e+00  2.054808e-02  
   2.7284300  1.312542e+00  1.440731e-02  1.312597e+00  1.440917e-02  1.230076e+00  2.190530e-02  
   2.7494299  1.329677e+00  1.531553e-02  1.329733e+00  1.531750e-02  1.245054e+00  2.335313e-02  
   2.7694299  1.346767e+00  1.627617e-02  1.346826e+00  1.627828e-02  1.259920e+00  2.483000e-02  
   2.7904301  1.365597e+00  1.741493e-02  1.365657e+00  1.741720e-02  1.276214e+00  2.650264e-02  
   2.8114300  1.385417e+00  1.872724e-02  1.385480e+00  1.872975e-02  1.293271e+00  2.832562e-02  
   2.8324299  1.406323e+00  2.026718e-02  1.406389e+00  2.026998e-02  1.311159e+00  3.033257e-02  
   2.8534300  1.428419e+00  2.210551e-02  1.428487e+00  2.210871e-02  1.329954e+00  3.256687e-02  
   2.8744299  1.451815e+00  2.433367e-02  1.451887e+00  2.433741e-02  1.349738e+00  3.508410e-02  
   2.8944299  1.475413e+00  2.692462e-02  1.475488e+00  2.692906e-02  1.369583e+00  3.780912e-02  
   2.9154301  1.501684e+00  3.027761e-02  1.501763e+00  3.028303e-02  1.391565e+00  4.109984e-02  
   2.9370301  1.530422e+00  3.458903e-02  1.530506e+00  3.459579e-02  1.415502e+00  4.505871e-02  
   2.9570301  1.558679e+00  3.956518e-02  1.558768e+00  3.957360e-02  1.438959e+00  4.937197e-02  
   2.9780300  1.590136e+00  4.605939e-02  1.590230e+00  4.607005e-02  1.465022e+00  5.473344e-02  
   2.9990301  1.623474e+00  5.414927e-02  1.623573e+00  5.416282e-02  1.492641e+00  6.114623e-02  
   3.0200300  1.658702e+00  6.417397e-02  1.658808e+00  6.419118e-02  1.521885e+00  6.884871e-02  
   3.0410299  1.695771e+00  7.650710e-02  1.695882e+00  7.652888e-02  1.552802e+00  7.811865e-02  
   3.0610299  1.732676e+00  9.076318e-02  1.732795e+00  9.079014e-02  1.583810e+00  8.869407e-02  
   3.0820301  1.772914e+00  1.087601e-01  1.773041e+00  1.087935e-01  1.617972e+00  1.019714e-01  
   3.1030300  1.814383e+00  1.302529e-01  1.814517e+00  1.302940e-01  1.653676e+00  1.178509e-01  
   3.1240301  1.856695e+00  1.556140e-01  1.856837e+00  1.556637e-01  1.690750e+00  1.367366e-01  
   3.1450300  1.899355e+00  1.851604e-01  1.899505e+00  1.852197e-01  1.728931e+00  1.590373e-01  
   3.1660299  1.941785e+00  2.191305e-01  1.941943e+00  2.192002e-01  1.767865e+00  1.851504e-01  
   3.1860299  1.981383e+00  2.557201e-01  1.981548e+00  2.558003e-01  1.805227e+00  2.138960e-01  
   3.2070301  2.021434e+00  2.986009e-01  2.021605e+00  2.986921e-01  1.844222e+00  2.484386e-01  
   3.2280300  2.059206e+00  3.459291e-01  2.059384e+00  3.460314e-01  1.882342e+00  2.876560e-01  
   3.2490301  2.093992e+00  3.974379e-01  2.094175e+00  3.975506e-01  1.918863e+00  3.316462e-01  
   3.2700300  2.125135e+00  4.527158e-01  2.125322e+00  4.528381e-01  1.953010e+00  3.803621e-01  
   3.2910299  2.152067e+00  5.112237e-01  2.152257e+00  5.113538e-01  1.983983e+00  4.335953e-01  
   3.3110299  2.173395e+00  5.693587e-01  2.173588e+00  5.694950e-01  2.009812e+00  4.881435e-01  
   3.3320301  2.190969e+00  6.322449e-01  2.191163e+00  6.323854e-01  2.032380e+00  5.489256e-01  
   3.3536301  2.203758e+00  6.981162e-01  2.203952e+00  6.982587e-01  2.050078e+00  6.144409e-01  
   3.3736300  2.210855e+00  7.594799e-01  2.211048e+00  7.596223e-01  2.061023e+00  6.770002e-01  
   3.3946300  2.213594e+00  8.236127e-01  2.213785e+00  8.237532e-01  2.066585e+00  7.437050e-01  
   3.4156301  2.211846e+00  8.868268e-01  2.212032e+00  8.869634e-01  2.065978e+00  8.104326e-01  
   3.4366300  2.206068e+00  9.486077e-01  2.206249e+00  9.487387e-01  2.059323e+00  8.761337e-01  
   3.4576299  2.196795e+00  1.008572e+00  2.196970e+00  1.008696e+00  2.046973e+00  9.398112e-01  
   3.4776299  2.185235e+00  1.063765e+00  2.185403e+00  1.063882e+00  2.030422e+00  9.977571e-01  
   3.4986300  2.170766e+00  1.119592e+00  2.170927e+00  1.119701e+00  2.008724e+00  1.055054e+00  
   3.5196300  2.154419e+00  1.173234e+00  2.154570e+00  1.173335e+00  1.983457e+00  1.108178e+00  
   3.5406301  2.136639e+00  1.224775e+00  2.136779e+00  1.224868e+00  1.955566e+00  1.156801e+00  
   3.5616300  2.117774e+00  1.274347e+00  2.117903e+00  1.274433e+00  1.926024e+00  1.200822e+00  
   3.5826299  2.098084e+00  1.322114e+00  2.098201e+00  1.322194e+00  1.895760e+00  1.240363e+00  
   3.6026299  2.078716e+00  1.366064e+00  2.078822e+00  1.366137e+00  1.867033e+00  1.274138e+00  
   3.6236300  2.057831e+00  1.410704e+00  2.057925e+00  1.410772e+00  1.837643e+00  1.305971e+00  
   3.6446300  2.036441e+00  1.453863e+00  2.036524e+00  1.453926e+00  1.809573e+00  1.334632e+00  
   3.6656301  2.014592e+00  1.495553e+00  2.014663e+00  1.495611e+00  1.783182e+00  1.360730e+00  
   3.6866300  1.992349e+00  1.535732e+00  1.992410e+00  1.535785e+00  1.758654e+00  1.384860e+00  
   3.7076299  1.969823e+00  1.574324e+00  1.969872e+00  1.574373e+00  1.736022e+00  1.407563e+00  
   3.7276299  1.948267e+00  1.609527e+00  1.948310e+00  1.609572e+00  1.716155e+00  1.428274e+00  
   3.7486300  1.925767e+00  1.644798e+00  1.925802e+00  1.644841e+00  1.696911e+00  1.449391e+00  
   3.7702301  1.903103e+00  1.679257e+00  1.903133e+00  1.679298e+00  1.678650e+00  1.470680e+00  
   3.7902300  1.882912e+00  1.709580e+00  1.882938e+00  1.709620e+00  1.662957e+00  1.490122e+00  
   3.8112299  1.862941e+00  1.739953e+00  1.862965e+00  1.739995e+00  1.647607e+00  1.510305e+00  
   3.8322301  1.844653e+00  1.769122e+00  1.844676e+00  1.769168e+00  1.633345e+00  1.530258e+00  
   3.8532300  1.828451e+00  1.797520e+00  1.828474e+00  1.797572e+00  1.620187e+00  1.549979e+00  
   3.8742299  1.814671e+00  1.825720e+00  1.814695e+00  1.825782e+00  1.608233e+00  1.569496e+00  
   3.8942299  1.804015e+00  1.853027e+00  1.804041e+00  1.853102e+00  1.598121e+00  1.587981e+00  
   3.9152300  1.795507e+00  1.882933e+00  1.795535e+00  1.883024e+00  1.589046e+00  1.607461e+00  
   3.9362299  1.789679e+00  1.914955e+00  1.789710e+00  1.915066e+00  1.581790e+00  1.627303e+00  
   3.9572301  1.786277e+00  1.949995e+00  1.786310e+00  1.950127e+00  1.576578e+00  1.647927e+00  
   3.9782300  1.784840e+00  1.988943e+00  1.784874e+00  1.989100e+00  1.573587e+00  1.669873e+00  
   3.9992299  1.784705e+00  2.032638e+00  1.784739e+00  2.032821e+00  1.572906e+00  1.693795e+00  
   4.0192299  1.785001e+00  2.079340e+00  1.785033e+00  2.079550e+00  1.574375e+00  1.719104e+00  
   4.0402298  1.784762e+00  2.134292e+00  1.784790e+00  2.134529e+00  1.577956e+00  1.749113e+00  
   4.0612302  1.782795e+00  2.195706e+00  1.782815e+00  2.195968e+00  1.583251e+00  1.783484e+00  
   4.0822301  1.777800e+00  2.263773e+00  1.777811e+00  2.264061e+00  1.589669e+00  1.823056e+00  
   4.1032300  1.768413e+00  2.338445e+00  1.768410e+00  2.338753e+00  1.596389e+00  1.868614e+00  
   4.1242299  1.753250e+00  2.419414e+00  1.753231e+00  2.419740e+00  1.602362e+00  1.920829e+00  
   4.1442299  1.732198e+00  2.501862e+00  1.732160e+00  2.502203e+00  1.606192e+00  1.977197e+00  
   4.1652298  1.701929e+00  2.593254e+00  1.701870e+00  2.593604e+00  1.606859e+00  2.043609e+00  
   4.1868300  1.660881e+00  2.691324e+00  1.660797e+00  2.691679e+00  1.602293e+00  2.119606e+00  
   4.2068300  1.612991e+00  2.784626e+00  1.612882e+00  2.784982e+00  1.591726e+00  2.196580e+00  
   4.2278299  1.551722e+00  2.883785e+00  1.551587e+00  2.884139e+00  1.572416e+00  2.283520e+00  
   4.2488298  1.478658e+00  2.982610e+00  1.478495e+00  2.982954e+00  1.543091e+00  2.375603e+00  
   4.2698302  1.393491e+00  3.079415e+00  1.393300e+00  3.079750e+00  1.502301e+00  2.471313e+00  
   4.2908301  1.296178e+00  3.172434e+00  1.295960e+00  3.172755e+00  1.448872e+00  2.568763e+00  
   4.3108301  1.192405e+00  3.255873e+00  1.192161e+00  3.256178e+00  1.385498e+00  2.661206e+00  
   4.3318300  1.072257e+00  3.336353e+00  1.071987e+00  3.336641e+00  1.305486e+00  2.755579e+00  
   4.3528299  9.413791e-01  3.407815e+00  9.410845e-01  3.408084e+00  1.211804e+00  2.844734e+00  
   4.3738298  8.007681e-01  3.468602e+00  8.004501e-01  3.468850e+00  1.105110e+00  2.926166e+00  
   4.3948302  6.516579e-01  3.517176e+00  6.513194e-01  3.517404e+00  9.865858e-01  2.997499e+00  
   4.4158301  4.955240e-01  3.552165e+00  4.951682e-01  3.552369e+00  8.579252e-01  3.056603e+00  
   4.4358301  3.418241e-01  3.571789e+00  3.414551e-01  3.571970e+00  7.278939e-01  3.099911e+00  
   4.4568300  1.769731e-01  3.577124e+00  1.765945e-01  3.577280e+00  5.858380e-01  3.130485e+00  
   4.4778299  1.054908e-02  3.566185e+00  1.016550e-02  3.566314e+00  4.407421e-01  3.145005e+00  
   4.4988298  -1.553215e-01  3.538647e+00  -1.557052e-01  3.538746e+00  2.953586e-01  3.143220e+00  
   4.5198302  -3.184426e-01  3.494538e+00  -3.188211e-01  3.494604e+00  1.523960e-01  3.125429e+00  
   4.5408301  -4.765864e-01  3.434261e+00  -4.769544e-01  3.434293e+00  1.440449e-02  3.092463e+00  
   4.5608301  -6.205806e-01  3.362540e+00  -6.209339e-01  3.362540e+00  -1.103234e-01  3.048133e+00  
   4.5818300  -7.628303e-01  3.273328e+00  -7.631643e-01  3.273291e+00  -2.324295e-01  2.989607e+00  
   4.6034298  -8.976236e-01  3.168295e+00  -8.979335e-01  3.168221e+00  -3.470251e-01  2.918621e+00  
   4.6234298  -1.010480e+00  3.060794e+00  -1.010766e+00  3.060687e+00  -4.422264e-01  2.845123e+00  
   4.6444302  -1.115339e+00  2.939391e+00  -1.115596e+00  2.939250e+00  -5.303497e-01  2.762026e+00  
   4.6654301  -1.205310e+00  2.811573e+00  -1.205538e+00  2.811402e+00  -6.062066e-01  2.674978e+00  
   4.6864300  -1.279902e+00  2.679802e+00  -1.280100e+00  2.679605e+00  -6.700419e-01  2.586008e+00  
   4.7074299  -1.339077e+00  2.546561e+00  -1.339246e+00  2.546340e+00  -7.224190e-01  2.496958e+00  
   4.7274299  -1.381472e+00  2.420482e+00  -1.381613e+00  2.420243e+00  -7.623903e-01  2.413541e+00  
   4.7484298  -1.412107e+00  2.291070e+00  -1.412220e+00  2.290816e+00  -7.948956e-01  2.328699e+00  
   4.7694302  -1.429665e+00  2.166594e+00  -1.429754e+00  2.166329e+00  -8.187737e-01  2.247714e+00  
   4.7904301  -1.435574e+00  2.048649e+00  -1.435639e+00  2.048378e+00  -8.351468e-01  2.171376e+00  
   4.8114300  -1.431438e+00  1.938445e+00  -1.431480e+00  1.938171e+00  -8.451282e-01  2.100217e+00  
   4.8324299  -1.418944e+00  1.836810e+00  -1.418965e+00  1.836536e+00  -8.497776e-01  2.034540e+00  
   4.8524299  -1.400809e+00  1.748402e+00  -1.400811e+00  1.748130e+00  -8.501462e-01  1.977189e+00  
   4.8734298  -1.376756e+00  1.664507e+00  -1.376739e+00  1.664239e+00  -8.471187e-01  1.922384e+00  
   4.8944302  -1.349008e+00  1.589618e+00  -1.348974e+00  1.589356e+00  -8.413603e-01  1.872958e+00  
   4.9154301  -1.318855e+00  1.523372e+00  -1.318803e+00  1.523116e+00  -8.335433e-01  1.828652e+00  
   4.9364300  -1.287391e+00  1.465237e+00  -1.287321e+00  1.464988e+00  -8.242366e-01  1.789141e+00  
   4.9574299  -1.255510e+00  1.414574e+00  -1.255424e+00  1.414332e+00  -8.139133e-01  1.754064e+00  
   4.9774299  -1.225409e+00  1.372633e+00  -1.225307e+00  1.372399e+00  -8.034905e-01  1.724431e+00  
   4.9984298  -1.194595e+00  1.334535e+00  -1.194477e+00  1.334308e+00  -7.922247e-01  1.696912e+00  
