w Re-xx Im-xx Re-yy Im-yy Re-zz Im-zz
# Gaussian absolute broadening  0.15 [eV]
   0.0000000  7.718074e-01  8.965519e-05  7.718121e-01  8.965920e-05  7.276484e-01  7.952077e-05  
   0.0200000  7.719088e-01  9.595254e-05  7.719134e-01  9.595690e-05  7.277383e-01  8.510573e-05  
   0.0410000  7.720291e-01  1.031288e-04  7.720338e-01  1.031336e-04  7.278453e-01  9.146975e-05  
   0.0620000  7.721663e-01  1.109198e-04  7.721710e-01  1.109249e-04  7.279671e-01  9.837833e-05  
   0.0830000  7.723225e-01  1.193599e-04  7.723269e-01  1.193653e-04  7.281054e-01  1.058619e-04  
   0.1040000  7.724991e-01  1.284790e-04  7.725037e-01  1.284847e-04  7.282623e-01  1.139467e-04  
   0.1240000  7.726890e-01  1.378168e-04  7.726938e-01  1.378228e-04  7.284305e-01  1.222247e-04  
   0.1450000  7.729128e-01  1.483226e-04  7.729173e-01  1.483288e-04  7.286289e-01  1.315371e-04  
   0.1660000  7.731640e-01  1.595533e-04  7.731689e-01  1.595597e-04  7.288517e-01  1.414909e-04  
   0.1870000  7.734451e-01  1.715052e-04  7.734497e-01  1.715118e-04  7.291009e-01  1.520826e-04  
   0.2080000  7.737576e-01  1.841639e-04  7.737623e-01  1.841707e-04  7.293782e-01  1.632990e-04  
   0.2290000  7.741038e-01  1.975039e-04  7.741084e-01  1.975108e-04  7.296849e-01  1.751173e-04  
   0.2490000  7.744662e-01  2.108094e-04  7.744707e-01  2.108164e-04  7.300061e-01  1.869032e-04  
   0.2700000  7.748820e-01  2.253685e-04  7.748865e-01  2.253757e-04  7.303748e-01  1.997972e-04  
   0.2910000  7.753351e-01  2.404805e-04  7.753398e-01  2.404880e-04  7.307767e-01  2.131784e-04  
   0.3120000  7.758268e-01  2.560908e-04  7.758315e-01  2.560987e-04  7.312125e-01  2.269981e-04  
   0.3330000  7.763571e-01  2.721440e-04  7.763617e-01  2.721525e-04  7.316824e-01  2.412065e-04  
   0.3540000  7.769263e-01  2.885857e-04  7.769311e-01  2.885949e-04  7.321869e-01  2.557554e-04  
   0.3740000  7.775050e-01  3.045595e-04  7.775097e-01  3.045696e-04  7.326996e-01  2.698867e-04  
   0.3950000  7.781507e-01  3.216196e-04  7.781555e-01  3.216309e-04  7.332717e-01  2.849749e-04  
   0.4160000  7.788351e-01  3.389365e-04  7.788399e-01  3.389493e-04  7.338783e-01  3.002857e-04  
   0.4374300  7.795745e-01  3.568403e-04  7.795792e-01  3.568547e-04  7.345332e-01  3.161105e-04  
   0.4574300  7.803006e-01  3.737382e-04  7.803054e-01  3.737543e-04  7.351762e-01  3.310412e-04  
   0.4784300  7.811009e-01  3.916600e-04  7.811058e-01  3.916781e-04  7.358852e-01  3.468713e-04  
   0.4994300  7.819401e-01  4.097534e-04  7.819450e-01  4.097733e-04  7.366282e-01  3.628468e-04  
   0.5204300  7.828183e-01  4.280113e-04  7.828231e-01  4.280330e-04  7.374057e-01  3.789611e-04  
   0.5414300  7.837353e-01  4.464299e-04  7.837402e-01  4.464534e-04  7.382177e-01  3.952108e-04  
   0.5614300  7.846453e-01  4.641212e-04  7.846504e-01  4.641462e-04  7.390231e-01  4.108123e-04  
   0.5824300  7.856392e-01  4.828564e-04  7.856443e-01  4.828828e-04  7.399027e-01  4.273269e-04  
   0.6034300  7.866728e-01  5.017580e-04  7.866778e-01  5.017854e-04  7.408174e-01  4.439807e-04  
   0.6244300  7.877463e-01  5.208321e-04  7.877517e-01  5.208601e-04  7.417676e-01  4.607780e-04  
   0.6454300  7.888606e-01  5.400840e-04  7.888656e-01  5.401123e-04  7.427530e-01  4.777234e-04  
   0.6664300  7.900155e-01  5.595200e-04  7.900206e-01  5.595486e-04  7.437745e-01  4.948223e-04  
   0.6864300  7.911530e-01  5.782078e-04  7.911585e-01  5.782362e-04  7.447806e-01  5.112544e-04  
   0.7074300  7.923884e-01  5.980243e-04  7.923938e-01  5.980523e-04  7.458727e-01  5.286692e-04  
   0.7284300  7.936656e-01  6.180458e-04  7.936709e-01  6.180737e-04  7.470015e-01  5.462546e-04  
   0.7494300  7.949849e-01  6.382809e-04  7.949903e-01  6.383086e-04  7.481675e-01  5.640177e-04  
   0.7704300  7.963468e-01  6.587375e-04  7.963526e-01  6.587650e-04  7.493708e-01  5.819647e-04  
   0.7914300  7.977524e-01  6.794241e-04  7.977578e-01  6.794519e-04  7.506122e-01  6.001024e-04  
   0.8114300  7.991308e-01  6.993469e-04  7.991364e-01  6.993753e-04  7.518294e-01  6.175602e-04  
   0.8324300  8.006213e-01  7.205076e-04  8.006271e-01  7.205366e-04  7.531458e-01  6.360912e-04  
   0.8540300  8.022019e-01  7.425414e-04  8.022075e-01  7.425718e-04  7.545408e-01  6.553743e-04  
   0.8740300  8.037072e-01  7.631942e-04  8.037130e-01  7.632261e-04  7.558694e-01  6.734374e-04  
   0.8950300  8.053330e-01  7.851502e-04  8.053387e-01  7.851841e-04  7.573038e-01  6.926273e-04  
   0.9160300  8.070048e-01  8.073937e-04  8.070107e-01  8.074295e-04  7.587783e-01  7.120552e-04  
   0.9370300  8.087234e-01  8.299355e-04  8.087296e-01  8.299737e-04  7.602943e-01  7.317302e-04  
   0.9580300  8.104901e-01  8.527873e-04  8.104962e-01  8.528277e-04  7.618513e-01  7.516610e-04  
   0.9780300  8.122178e-01  8.748501e-04  8.122238e-01  8.748926e-04  7.633738e-01  7.708899e-04  
   0.9990300  8.140796e-01  8.983418e-04  8.140858e-01  8.983865e-04  7.650141e-01  7.913487e-04  
   1.0200300  8.159909e-01  9.221788e-04  8.159972e-01  9.222251e-04  7.666976e-01  8.120920e-04  
   1.0410300  8.179529e-01  9.463741e-04  8.179594e-01  9.464217e-04  7.684252e-01  8.331306e-04  
   1.0620300  8.199665e-01  9.709410e-04  8.199730e-01  9.709897e-04  7.701976e-01  8.544741e-04  
   1.0830300  8.220322e-01  9.958915e-04  8.220385e-01  9.959415e-04  7.720151e-01  8.761336e-04  
   1.1030300  8.240481e-01  1.020024e-03  8.240547e-01  1.020074e-03  7.737883e-01  8.970647e-04  
   1.1240300  8.262174e-01  1.045765e-03  8.262241e-01  1.045815e-03  7.756959e-01  9.193718e-04  
   1.1450300  8.284414e-01  1.071931e-03  8.284482e-01  1.071982e-03  7.776507e-01  9.420277e-04  
   1.1660300  8.307207e-01  1.098538e-03  8.307275e-01  1.098589e-03  7.796533e-01  9.650445e-04  
   1.1870300  8.330564e-01  1.125601e-03  8.330633e-01  1.125652e-03  7.817050e-01  9.884336e-04  
   1.2080300  8.354492e-01  1.153137e-03  8.354563e-01  1.153188e-03  7.838059e-01  1.012209e-03  
   1.2280300  8.377818e-01  1.179816e-03  8.377891e-01  1.179868e-03  7.858529e-01  1.035224e-03  
   1.2490300  8.402892e-01  1.208324e-03  8.402964e-01  1.208376e-03  7.880523e-01  1.059792e-03  
   1.2706300  8.429311e-01  1.238196e-03  8.429386e-01  1.238249e-03  7.903695e-01  1.085509e-03  
   1.2906300  8.454355e-01  1.266369e-03  8.454428e-01  1.266424e-03  7.925645e-01  1.109740e-03  
   1.3116300  8.481262e-01  1.296504e-03  8.481336e-01  1.296560e-03  7.949218e-01  1.135631e-03  
   1.3326300  8.508802e-01  1.327226e-03  8.508881e-01  1.327284e-03  7.973335e-01  1.161998e-03  
   1.3536299  8.536995e-01  1.358559e-03  8.537074e-01  1.358618e-03  7.998015e-01  1.188859e-03  
   1.3746300  8.565856e-01  1.390525e-03  8.565936e-01  1.390588e-03  8.023263e-01  1.216233e-03  
   1.3946300  8.593973e-01  1.421582e-03  8.594056e-01  1.421648e-03  8.047851e-01  1.242798e-03  
   1.4156300  8.624172e-01  1.454861e-03  8.624256e-01  1.454929e-03  8.074244e-01  1.271229e-03  
   1.4366300  8.655078e-01  1.488850e-03  8.655161e-01  1.488921e-03  8.101242e-01  1.300231e-03  
   1.4576300  8.686709e-01  1.523579e-03  8.686796e-01  1.523652e-03  8.128858e-01  1.329826e-03  
   1.4786299  8.719081e-01  1.559076e-03  8.719168e-01  1.559154e-03  8.157107e-01  1.360037e-03  
   1.4996300  8.752205e-01  1.595376e-03  8.752295e-01  1.595456e-03  8.185996e-01  1.390885e-03  
   1.5196300  8.784470e-01  1.630721e-03  8.784560e-01  1.630803e-03  8.214113e-01  1.420879e-03  
   1.5406300  8.819115e-01  1.668681e-03  8.819207e-01  1.668766e-03  8.244294e-01  1.453044e-03  
   1.5616300  8.854570e-01  1.707548e-03  8.854663e-01  1.707636e-03  8.275158e-01  1.485921e-03  
   1.5826300  8.890846e-01  1.747364e-03  8.890941e-01  1.747455e-03  8.306717e-01  1.519538e-03  
   1.6036299  8.927971e-01  1.788177e-03  8.928069e-01  1.788270e-03  8.338991e-01  1.553925e-03  
   1.6246300  8.965960e-01  1.830040e-03  8.966057e-01  1.830136e-03  8.371993e-01  1.589111e-03  
   1.6446300  9.002958e-01  1.870941e-03  9.003059e-01  1.871040e-03  8.404115e-01  1.623396e-03  
   1.6656300  9.042698e-01  1.915038e-03  9.042798e-01  1.915141e-03  8.438587e-01  1.660241e-03  
   1.6872300  9.084547e-01  1.961715e-03  9.084652e-01  1.961821e-03  8.474864e-01  1.699084e-03  
   1.7072300  9.124194e-01  2.006217e-03  9.124301e-01  2.006328e-03  8.509206e-01  1.735938e-03  
   1.7282300  9.166787e-01  2.054387e-03  9.166898e-01  2.054502e-03  8.546070e-01  1.775600e-03  
   1.7492300  9.210391e-01  2.104173e-03  9.210505e-01  2.104292e-03  8.583774e-01  1.816293e-03  
   1.7702301  9.255033e-01  2.155736e-03  9.255148e-01  2.155861e-03  8.622342e-01  1.858069e-03  
   1.7912300  9.300743e-01  2.209272e-03  9.300864e-01  2.209403e-03  8.661801e-01  1.900985e-03  
   1.8112299  9.345306e-01  2.262298e-03  9.345427e-01  2.262435e-03  8.700228e-01  1.942971e-03  
   1.8322300  9.393201e-01  2.320363e-03  9.393322e-01  2.320508e-03  8.741493e-01  1.988290e-03  
   1.8532300  9.442259e-01  2.381162e-03  9.442384e-01  2.381315e-03  8.783721e-01  2.034948e-03  
   1.8742300  9.492527e-01  2.445021e-03  9.492652e-01  2.445182e-03  8.826944e-01  2.083028e-03  
   1.8952301  9.544030e-01  2.512297e-03  9.544163e-01  2.512465e-03  8.871186e-01  2.132630e-03  
   1.9162300  9.596808e-01  2.583371e-03  9.596944e-01  2.583550e-03  8.916478e-01  2.183864e-03  
   1.9362299  9.648294e-01  2.654968e-03  9.648432e-01  2.655156e-03  8.960620e-01  2.234294e-03  
   1.9572300  9.703676e-01  2.734656e-03  9.703814e-01  2.734855e-03  9.008054e-01  2.289112e-03  
   1.9782300  9.760451e-01  2.819400e-03  9.760593e-01  2.819609e-03  9.056631e-01  2.346017e-03  
   1.9992300  9.818661e-01  2.909649e-03  9.818807e-01  2.909870e-03  9.106390e-01  2.405224e-03  
   2.0202301  9.878358e-01  3.005867e-03  9.878509e-01  3.006099e-03  9.157379e-01  2.466985e-03  
   2.0412300  9.939588e-01  3.108529e-03  9.939743e-01  3.108774e-03  9.209619e-01  2.531598e-03  
   2.0612299  9.999368e-01  3.212752e-03  9.999529e-01  3.213008e-03  9.260580e-01  2.596106e-03  
   2.0822301  1.006374e+00  3.329471e-03  1.006390e+00  3.329741e-03  9.315399e-01  2.667356e-03  
   2.1038301  1.013172e+00  3.457922e-03  1.013188e+00  3.458209e-03  9.373242e-01  2.744889e-03  
   2.1238301  1.019631e+00  3.585076e-03  1.019648e+00  3.585378e-03  9.428151e-01  2.821027e-03  
   2.1448300  1.026592e+00  3.727830e-03  1.026609e+00  3.728151e-03  9.487270e-01  2.906068e-03  
   2.1658299  1.033741e+00  3.880929e-03  1.033758e+00  3.881271e-03  9.547923e-01  2.997005e-03  
   2.1868300  1.041087e+00  4.045408e-03  1.041105e+00  4.045774e-03  9.610182e-01  3.094603e-03  
   2.2078300  1.048636e+00  4.222447e-03  1.048655e+00  4.222843e-03  9.674097e-01  3.199692e-03  
   2.2278299  1.056023e+00  4.403982e-03  1.056043e+00  4.404407e-03  9.736571e-01  3.307569e-03  
   2.2488301  1.063994e+00  4.609609e-03  1.064014e+00  4.610072e-03  9.803911e-01  3.429951e-03  
   2.2698300  1.072194e+00  4.832234e-03  1.072214e+00  4.832738e-03  9.873107e-01  3.562677e-03  
   2.2908299  1.080631e+00  5.073604e-03  1.080653e+00  5.074153e-03  9.944229e-01  3.706839e-03  
   2.3118300  1.089316e+00  5.335524e-03  1.089338e+00  5.336123e-03  1.001735e+00  3.863583e-03  
   2.3328300  1.098257e+00  5.619790e-03  1.098280e+00  5.620444e-03  1.009255e+00  4.034123e-03  
   2.3528299  1.107020e+00  5.912900e-03  1.107044e+00  5.913606e-03  1.016618e+00  4.210535e-03  
   2.3738301  1.116493e+00  6.245745e-03  1.116517e+00  6.246504e-03  1.024569e+00  4.411774e-03  
   2.3948300  1.126255e+00  6.605737e-03  1.126280e+00  6.606553e-03  1.032754e+00  4.630837e-03  
   2.4158299  1.136318e+00  6.994187e-03  1.136344e+00  6.995060e-03  1.041184e+00  4.869294e-03  
   2.4368300  1.146698e+00  7.412244e-03  1.146724e+00  7.413171e-03  1.049871e+00  5.128870e-03  
   2.4578300  1.157408e+00  7.860912e-03  1.157436e+00  7.861896e-03  1.058824e+00  5.411456e-03  
   2.4778299  1.167933e+00  8.317570e-03  1.167961e+00  8.318610e-03  1.067612e+00  5.703918e-03  
   2.4988301  1.179343e+00  8.828951e-03  1.179372e+00  8.830045e-03  1.077126e+00  6.037789e-03  
   2.5204301  1.191486e+00  9.390482e-03  1.191516e+00  9.391646e-03  1.087233e+00  6.412636e-03  
   2.5404301  1.203119e+00  9.944429e-03  1.203150e+00  9.945658e-03  1.096898e+00  6.791042e-03  
   2.5614300  1.215765e+00  1.056411e-02  1.215797e+00  1.056542e-02  1.107382e+00  7.224275e-03  
   2.5824299  1.228882e+00  1.122695e-02  1.228915e+00  1.122835e-02  1.118226e+00  7.698420e-03  
   2.6034300  1.242505e+00  1.193896e-02  1.242540e+00  1.194046e-02  1.129454e+00  8.218423e-03  
   2.6244299  1.256671e+00  1.270844e-02  1.256707e+00  1.271006e-02  1.141087e+00  8.790137e-03  
   2.6444299  1.270706e+00  1.350488e-02  1.270743e+00  1.350666e-02  1.152565e+00  9.389144e-03  
   2.6654301  1.286056e+00  1.442191e-02  1.286095e+00  1.442387e-02  1.165064e+00  1.008345e-02  
   2.6864300  1.302081e+00  1.543993e-02  1.302122e+00  1.544211e-02  1.178048e+00  1.085473e-02  
   2.7074299  1.318837e+00  1.658233e-02  1.318879e+00  1.658478e-02  1.191552e+00  1.171533e-02  
   2.7284300  1.336379e+00  1.787812e-02  1.336423e+00  1.788091e-02  1.205608e+00  1.268025e-02  
   2.7494299  1.354768e+00  1.936288e-02  1.354814e+00  1.936608e-02  1.220255e+00  1.376758e-02  
   2.7694299  1.373129e+00  2.099224e-02  1.373177e+00  2.099590e-02  1.234790e+00  1.493696e-02  
   2.7904301  1.393365e+00  2.297937e-02  1.393416e+00  2.298366e-02  1.250710e+00  1.633049e-02  
   2.8114300  1.414653e+00  2.531159e-02  1.414707e+00  2.531665e-02  1.267349e+00  1.792451e-02  
   2.8324299  1.437072e+00  2.806485e-02  1.437128e+00  2.807086e-02  1.284757e+00  1.975631e-02  
   2.8534300  1.460701e+00  3.133072e-02  1.460761e+00  3.133794e-02  1.302988e+00  2.187021e-02  
   2.8744299  1.485622e+00  3.521932e-02  1.485685e+00  3.522803e-02  1.322099e+00  2.431882e-02  
   2.8944299  1.510633e+00  3.962250e-02  1.510700e+00  3.963297e-02  1.341173e+00  2.701911e-02  
   2.9154301  1.538308e+00  4.513168e-02  1.538380e+00  4.514443e-02  1.362178e+00  3.031218e-02  
   2.9370301  1.568359e+00  5.193799e-02  1.568436e+00  5.195360e-02  1.384896e+00  3.427977e-02  
   2.9570301  1.597669e+00  5.947467e-02  1.597751e+00  5.949352e-02  1.407000e+00  3.857621e-02  
   2.9780300  1.630013e+00  6.890957e-02  1.630100e+00  6.893250e-02  1.431381e+00  4.385244e-02  
   2.9990301  1.663968e+00  8.018375e-02  1.664059e+00  8.021154e-02  1.457022e+00  5.005742e-02  
   3.0200300  1.699492e+00  9.361330e-02  1.699589e+00  9.364685e-02  1.483980e+00  5.736447e-02  
   3.0410299  1.736497e+00  1.095407e-01  1.736599e+00  1.095810e-01  1.512296e+00  6.597638e-02  
   3.0610299  1.772975e+00  1.273607e-01  1.773081e+00  1.274084e-01  1.540544e+00  7.560484e-02  
   3.0820301  1.812356e+00  1.492041e-01  1.812467e+00  1.492607e-01  1.571540e+00  8.746623e-02  
   3.1030300  1.852539e+00  1.746005e-01  1.852653e+00  1.746672e-01  1.603851e+00  1.014090e-01  
   3.1240301  1.893138e+00  2.038682e-01  1.893255e+00  2.039462e-01  1.637376e+00  1.177480e-01  
   3.1450300  1.933679e+00  2.372685e-01  1.933797e+00  2.373588e-01  1.671942e+00  1.368105e-01  
   3.1660299  1.973614e+00  2.749850e-01  1.973733e+00  2.750887e-01  1.707308e+00  1.589240e-01  
   3.1860299  2.010530e+00  3.149954e-01  2.010649e+00  3.151127e-01  1.741431e+00  1.831037e-01  
   3.2070301  2.047499e+00  3.612694e-01  2.047616e+00  3.614014e-01  1.777331e+00  2.120264e-01  
   3.2280300  2.081980e+00  4.117490e-01  2.082093e+00  4.118964e-01  1.812809e+00  2.447722e-01  
   3.2490301  2.113329e+00  4.661387e-01  2.113439e+00  4.663014e-01  1.847297e+00  2.814609e-01  
   3.2700300  2.140955e+00  5.240078e-01  2.141060e+00  5.241856e-01  1.880165e+00  3.220999e-01  
   3.2910299  2.164344e+00  5.848102e-01  2.164443e+00  5.850019e-01  1.910749e+00  3.665680e-01  
   3.3110299  2.182314e+00  6.448568e-01  2.182406e+00  6.450611e-01  1.937149e+00  4.122399e-01  
   3.3320301  2.196401e+00  7.094749e-01  2.196485e+00  7.096902e-01  1.961404e+00  4.632948e-01  
   3.3536301  2.205658e+00  7.768540e-01  2.205735e+00  7.770791e-01  1.982078e+00  5.185627e-01  
   3.3736300  2.209526e+00  8.393893e-01  2.209596e+00  8.396206e-01  1.996947e+00  5.716145e-01  
   3.3946300  2.208896e+00  9.045455e-01  2.208956e+00  9.047813e-01  2.007857e+00  6.285450e-01  
   3.4156301  2.203763e+00  9.685950e-01  2.203813e+00  9.688326e-01  2.013836e+00  6.859577e-01  
   3.4366300  2.194541e+00  1.031043e+00  2.194583e+00  1.031279e+00  2.014952e+00  7.430602e-01  
   3.4576299  2.181726e+00  1.091518e+00  2.181758e+00  1.091751e+00  2.011459e+00  7.991044e-01  
   3.4776299  2.166667e+00  1.147056e+00  2.166688e+00  1.147284e+00  2.004233e+00  8.508879e-01  
   3.4986300  2.148367e+00  1.203092e+00  2.148378e+00  1.203311e+00  1.993091e+00  9.030659e-01  
   3.5196300  2.128021e+00  1.256773e+00  2.128020e+00  1.256983e+00  1.978967e+00  9.526057e-01  
   3.5406301  2.106078e+00  1.308168e+00  2.106065e+00  1.308368e+00  1.962584e+00  9.992756e-01  
   3.5616300  2.082913e+00  1.357397e+00  2.082886e+00  1.357587e+00  1.944673e+00  1.043009e+00  
   3.5826299  2.058818e+00  1.404610e+00  2.058776e+00  1.404789e+00  1.925931e+00  1.083899e+00  
   3.6026299  2.035197e+00  1.447835e+00  2.035142e+00  1.448005e+00  1.907869e+00  1.120402e+00  
   3.6236300  2.009820e+00  1.491515e+00  2.009750e+00  1.491675e+00  1.889160e+00  1.156483e+00  
   3.6446300  1.983936e+00  1.533523e+00  1.983850e+00  1.533675e+00  1.871073e+00  1.190645e+00  
   3.6656301  1.957595e+00  1.573892e+00  1.957496e+00  1.574036e+00  1.853832e+00  1.223298e+00  
   3.6866300  1.930847e+00  1.612596e+00  1.930735e+00  1.612733e+00  1.837525e+00  1.254840e+00  
   3.7076299  1.903764e+00  1.649568e+00  1.903639e+00  1.649700e+00  1.822117e+00  1.285611e+00  
   3.7276299  1.877764e+00  1.683081e+00  1.877629e+00  1.683208e+00  1.808173e+00  1.314441e+00  
   3.7486300  1.850423e+00  1.716386e+00  1.850278e+00  1.716510e+00  1.794137e+00  1.344370e+00  
   3.7702301  1.822524e+00  1.748543e+00  1.822372e+00  1.748663e+00  1.780165e+00  1.374851e+00  
   3.7902300  1.797207e+00  1.776384e+00  1.797050e+00  1.776502e+00  1.767512e+00  1.402768e+00  
   3.8112299  1.771556e+00  1.803662e+00  1.771396e+00  1.803778e+00  1.754448e+00  1.431663e+00  
   3.8322301  1.747310e+00  1.829084e+00  1.747149e+00  1.829198e+00  1.741629e+00  1.459980e+00  
   3.8532300  1.724957e+00  1.852932e+00  1.724798e+00  1.853043e+00  1.729184e+00  1.487564e+00  
   3.8742299  1.704980e+00  1.875638e+00  1.704824e+00  1.875748e+00  1.717357e+00  1.514303e+00  
   3.8942299  1.688557e+00  1.896737e+00  1.688407e+00  1.896845e+00  1.706980e+00  1.538956e+00  
   3.9152300  1.674369e+00  1.919043e+00  1.674226e+00  1.919149e+00  1.697411e+00  1.564075e+00  
   3.9362299  1.663509e+00  1.942358e+00  1.663375e+00  1.942464e+00  1.689644e+00  1.588650e+00  
   3.9572301  1.656000e+00  1.967655e+00  1.655875e+00  1.967760e+00  1.684116e+00  1.613095e+00  
   3.9782300  1.651644e+00  1.995964e+00  1.651528e+00  1.996070e+00  1.681197e+00  1.638000e+00  
   3.9992299  1.650005e+00  2.028326e+00  1.649897e+00  2.028434e+00  1.681136e+00  1.664126e+00  
   4.0192299  1.650344e+00  2.063822e+00  1.650243e+00  2.063932e+00  1.683809e+00  1.690970e+00  
   4.0402298  1.651805e+00  2.106845e+00  1.651709e+00  2.106960e+00  1.689355e+00  1.722180e+00  
   4.0612302  1.653269e+00  2.156459e+00  1.653176e+00  2.156580e+00  1.697327e+00  1.757532e+00  
   4.0822301  1.653405e+00  2.213141e+00  1.653312e+00  2.213269e+00  1.707065e+00  1.798078e+00  
   4.1032300  1.650748e+00  2.277103e+00  1.650651e+00  2.277240e+00  1.717619e+00  1.844801e+00  
   4.1242299  1.643758e+00  2.348260e+00  1.643654e+00  2.348407e+00  1.727767e+00  1.898543e+00  
   4.1442299  1.631654e+00  2.422352e+00  1.631540e+00  2.422509e+00  1.735703e+00  1.956823e+00  
   4.1652298  1.611795e+00  2.506118e+00  1.611666e+00  2.506286e+00  1.740602e+00  2.025812e+00  
   4.1868300  1.582301e+00  2.597636e+00  1.582155e+00  2.597815e+00  1.740076e+00  2.105118e+00  
   4.2068300  1.545669e+00  2.686064e+00  1.545504e+00  2.686253e+00  1.732779e+00  2.185756e+00  
   4.2278299  1.496599e+00  2.781325e+00  1.496412e+00  2.781524e+00  1.716244e+00  2.277137e+00  
   4.2488298  1.435931e+00  2.877477e+00  1.435721e+00  2.877684e+00  1.688887e+00  2.374215e+00  
   4.2698302  1.363185e+00  2.972804e+00  1.362952e+00  2.973018e+00  1.649168e+00  2.475394e+00  
   4.2908301  1.278155e+00  3.065517e+00  1.277899e+00  3.065737e+00  1.595867e+00  2.578703e+00  
   4.3108301  1.185806e+00  3.149740e+00  1.185529e+00  3.149961e+00  1.531735e+00  2.676997e+00  
   4.3318300  1.077213e+00  3.232175e+00  1.076915e+00  3.232397e+00  1.450037e+00  2.777711e+00  
   4.3528299  9.572721e-01  3.306761e+00  9.569554e-01  3.306981e+00  1.353822e+00  2.873314e+00  
   4.3738298  8.267979e-01  3.371844e+00  8.264649e-01  3.372060e+00  1.243830e+00  2.961213e+00  
   4.3948302  6.868371e-01  3.425877e+00  6.864895e-01  3.426084e+00  1.121342e+00  3.038951e+00  
   4.4158301  5.386706e-01  3.467442e+00  5.383106e-01  3.467638e+00  9.881443e-01  3.104324e+00  
   4.4358301  3.912914e-01  3.494293e+00  3.909216e-01  3.494473e+00  8.533423e-01  3.153411e+00  
   4.4568300  2.315925e-01  3.508089e+00  2.312143e-01  3.508251e+00  7.058728e-01  3.189799e+00  
   4.4778299  6.867830e-02  3.506312e+00  6.829368e-02  3.506449e+00  5.550011e-01  3.209821e+00  
   4.4988298  -9.539512e-02  3.488386e+00  -9.578430e-02  3.488497e+00  4.035079e-01  3.213178e+00  
   4.5198302  -2.584373e-01  3.454045e+00  -2.588291e-01  3.454126e+00  2.541099e-01  3.200130e+00  
   4.5408301  -4.181559e-01  3.403373e+00  -4.185484e-01  3.403421e+00  1.093476e-01  3.171463e+00  
   4.5608301  -5.650647e-01  3.340351e+00  -5.654564e-01  3.340368e+00  -2.215659e-02  3.130779e+00  
   4.5818300  -7.116724e-01  3.259506e+00  -7.120615e-01  3.259488e+00  -1.517399e-01  3.075561e+00  
   4.6034298  -8.520783e-01  3.161987e+00  -8.524631e-01  3.161933e+00  -2.744192e-01  3.007365e+00  
   4.6234298  -9.708920e-01  3.060257e+00  -9.712711e-01  3.060172e+00  -3.774456e-01  2.935837e+00  
   4.6444302  -1.082505e+00  2.943554e+00  -1.082878e+00  2.943437e+00  -4.740928e-01  2.854107e+00  
   4.6654301  -1.179457e+00  2.818981e+00  -1.179823e+00  2.818836e+00  -5.587076e-01  2.767643e+00  
   4.6864300  -1.260989e+00  2.689013e+00  -1.261348e+00  2.688843e+00  -6.314166e-01  2.678408e+00  
   4.7074299  -1.326831e+00  2.556210e+00  -1.327183e+00  2.556020e+00  -6.926339e-01  2.588191e+00  
   4.7274299  -1.375152e+00  2.429402e+00  -1.375498e+00  2.429197e+00  -7.408339e-01  2.502795e+00  
   4.7484298  -1.411430e+00  2.298185e+00  -1.411774e+00  2.297967e+00  -7.816005e-01  2.414956e+00  
   4.7694302  -1.433956e+00  2.171030e+00  -1.434299e+00  2.170802e+00  -8.131692e-01  2.330053e+00  
   4.7904301  -1.444113e+00  2.049730e+00  -1.444458e+00  2.049493e+00  -8.364909e-01  2.248932e+00  
   4.8114300  -1.443502e+00  1.935683e+00  -1.443852e+00  1.935440e+00  -8.525316e-01  2.172203e+00  
   4.8324299  -1.433837e+00  1.829892e+00  -1.434196e+00  1.829642e+00  -8.622388e-01  2.100280e+00  
   4.8524299  -1.417795e+00  1.737372e+00  -1.418164e+00  1.737116e+00  -8.664237e-01  2.036468e+00  
   4.8734298  -1.395366e+00  1.649116e+00  -1.395750e+00  1.648852e+00  -8.663182e-01  1.974474e+00  
   4.8944302  -1.368723e+00  1.569918e+00  -1.369123e+00  1.569644e+00  -8.623713e-01  1.917587e+00  
   4.9154301  -1.339225e+00  1.499484e+00  -1.339644e+00  1.499200e+00  -8.552879e-01  1.865686e+00  
   4.9364300  -1.308033e+00  1.437336e+00  -1.308472e+00  1.437037e+00  -8.456978e-01  1.818583e+00  
   4.9574299  -1.276106e+00  1.382866e+00  -1.276567e+00  1.382551e+00  -8.341537e-01  1.776033e+00  
   4.9774299  -1.245714e+00  1.337508e+00  -1.246197e+00  1.337176e+00  -8.217832e-01  1.739491e+00  
   4.9984298  -1.214384e+00  1.296049e+00  -1.214890e+00  1.295695e+00  -8.077452e-01  1.705019e+00  
