w Re-xx Im-xx Re-yy Im-yy Re-zz Im-zz
# Gaussian absolute broadening  0.15 [eV]
   0.0000000  7.720524e-01  8.974779e-05  7.720519e-01  8.975595e-05  7.279001e-01  7.962334e-05  
   0.0200000  7.721537e-01  9.605321e-05  7.721534e-01  9.606181e-05  7.279902e-01  8.521519e-05  
   0.0410000  7.722746e-01  1.032387e-04  7.722741e-01  1.032477e-04  7.280971e-01  9.158705e-05  
   0.0620000  7.724120e-01  1.110397e-04  7.724115e-01  1.110491e-04  7.282193e-01  9.850412e-05  
   0.0830000  7.725680e-01  1.194906e-04  7.725676e-01  1.195004e-04  7.283576e-01  1.059968e-04  
   0.1040000  7.727450e-01  1.286214e-04  7.727445e-01  1.286316e-04  7.285149e-01  1.140916e-04  
   0.1240000  7.729349e-01  1.379712e-04  7.729346e-01  1.379816e-04  7.286832e-01  1.223797e-04  
   0.1450000  7.731589e-01  1.484904e-04  7.731585e-01  1.485011e-04  7.288820e-01  1.317035e-04  
   0.1660000  7.734108e-01  1.597354e-04  7.734103e-01  1.597462e-04  7.291051e-01  1.416694e-04  
   0.1870000  7.736920e-01  1.717027e-04  7.736915e-01  1.717135e-04  7.293544e-01  1.522742e-04  
   0.2080000  7.740048e-01  1.843775e-04  7.740045e-01  1.843884e-04  7.296321e-01  1.635045e-04  
   0.2290000  7.743514e-01  1.977344e-04  7.743511e-01  1.977452e-04  7.299392e-01  1.753376e-04  
   0.2490000  7.747141e-01  2.110568e-04  7.747139e-01  2.110674e-04  7.302607e-01  1.871383e-04  
   0.2700000  7.751305e-01  2.256343e-04  7.751300e-01  2.256447e-04  7.306300e-01  2.000487e-04  
   0.2910000  7.755840e-01  2.407654e-04  7.755838e-01  2.407757e-04  7.310324e-01  2.134469e-04  
   0.3120000  7.760765e-01  2.563955e-04  7.760763e-01  2.564056e-04  7.314686e-01  2.272844e-04  
   0.3330000  7.766072e-01  2.724689e-04  7.766069e-01  2.724788e-04  7.319390e-01  2.415112e-04  
   0.3540000  7.771772e-01  2.889315e-04  7.771769e-01  2.889412e-04  7.324443e-01  2.560791e-04  
   0.3740000  7.777566e-01  3.049257e-04  7.777564e-01  3.049354e-04  7.329575e-01  2.702290e-04  
   0.3950000  7.784029e-01  3.220076e-04  7.784028e-01  3.220175e-04  7.335304e-01  2.853374e-04  
   0.4160000  7.790883e-01  3.393466e-04  7.790882e-01  3.393569e-04  7.341378e-01  3.006687e-04  
   0.4374300  7.798284e-01  3.572736e-04  7.798283e-01  3.572845e-04  7.347934e-01  3.165149e-04  
   0.4574300  7.805552e-01  3.741934e-04  7.805551e-01  3.742051e-04  7.354376e-01  3.314660e-04  
   0.4784300  7.813567e-01  3.921387e-04  7.813566e-01  3.921515e-04  7.361474e-01  3.473178e-04  
   0.4994300  7.821970e-01  4.102559e-04  7.821969e-01  4.102700e-04  7.368914e-01  3.633155e-04  
   0.5204300  7.830760e-01  4.285378e-04  7.830760e-01  4.285536e-04  7.376699e-01  3.794525e-04  
   0.5414300  7.839942e-01  4.469813e-04  7.839942e-01  4.469987e-04  7.384827e-01  3.957252e-04  
   0.5614300  7.849053e-01  4.646963e-04  7.849054e-01  4.647157e-04  7.392892e-01  4.113491e-04  
   0.5824300  7.859004e-01  4.834568e-04  7.859007e-01  4.834783e-04  7.401701e-01  4.278876e-04  
   0.6034300  7.869353e-01  5.023844e-04  7.869353e-01  5.024082e-04  7.410858e-01  4.445658e-04  
   0.6244300  7.880103e-01  5.214847e-04  7.880106e-01  5.215108e-04  7.420371e-01  4.613882e-04  
   0.6454300  7.891257e-01  5.407635e-04  7.891261e-01  5.407918e-04  7.430240e-01  4.783590e-04  
   0.6664300  7.902820e-01  5.602271e-04  7.902822e-01  5.602574e-04  7.440468e-01  4.954842e-04  
   0.6864300  7.914212e-01  5.789420e-04  7.914217e-01  5.789743e-04  7.450542e-01  5.119418e-04  
   0.7074300  7.926582e-01  5.987870e-04  7.926585e-01  5.988213e-04  7.461478e-01  5.293841e-04  
   0.7284300  7.939367e-01  6.188385e-04  7.939371e-01  6.188746e-04  7.472780e-01  5.469980e-04  
   0.7494300  7.952579e-01  6.391047e-04  7.952583e-01  6.391422e-04  7.484458e-01  5.647897e-04  
   0.7704300  7.966217e-01  6.595930e-04  7.966220e-01  6.596321e-04  7.496510e-01  5.827664e-04  
   0.7914300  7.980287e-01  6.803125e-04  7.980295e-01  6.803528e-04  7.508938e-01  6.009347e-04  
   0.8114300  7.994090e-01  7.002680e-04  7.994097e-01  7.003091e-04  7.521130e-01  6.184221e-04  
   0.8324300  8.009018e-01  7.214642e-04  8.009025e-01  7.215063e-04  7.534310e-01  6.369849e-04  
   0.8540300  8.024842e-01  7.435356e-04  8.024849e-01  7.435785e-04  7.548280e-01  6.563016e-04  
   0.8740300  8.039917e-01  7.642248e-04  8.039925e-01  7.642685e-04  7.561585e-01  6.743966e-04  
   0.8950300  8.056196e-01  7.862201e-04  8.056206e-01  7.862645e-04  7.575948e-01  6.936211e-04  
   0.9160300  8.072936e-01  8.085042e-04  8.072945e-01  8.085495e-04  7.590714e-01  7.130840e-04  
   0.9370300  8.090149e-01  8.310881e-04  8.090160e-01  8.311342e-04  7.605895e-01  7.327949e-04  
   0.9580300  8.107838e-01  8.539832e-04  8.107848e-01  8.540304e-04  7.621488e-01  7.527629e-04  
   0.9780300  8.125139e-01  8.760890e-04  8.125151e-01  8.761372e-04  7.636737e-01  7.720282e-04  
   0.9990300  8.143781e-01  8.996265e-04  8.143796e-01  8.996758e-04  7.653164e-01  7.925261e-04  
   1.0200300  8.162922e-01  9.235113e-04  8.162937e-01  9.235613e-04  7.670025e-01  8.133099e-04  
   1.0410300  8.182572e-01  9.477556e-04  8.182588e-01  9.478072e-04  7.687326e-01  8.343903e-04  
   1.0620300  8.202739e-01  9.723735e-04  8.202754e-01  9.724263e-04  7.705077e-01  8.557772e-04  
   1.0830300  8.223422e-01  9.973772e-04  8.223441e-01  9.974313e-04  7.723279e-01  8.774812e-04  
   1.1030300  8.243613e-01  1.021561e-03  8.243632e-01  1.021617e-03  7.741039e-01  8.984570e-04  
   1.1240300  8.265340e-01  1.047359e-03  8.265360e-01  1.047416e-03  7.760144e-01  9.208127e-04  
   1.1450300  8.287614e-01  1.073585e-03  8.287634e-01  1.073643e-03  7.779722e-01  9.435186e-04  
   1.1660300  8.310441e-01  1.100254e-03  8.310464e-01  1.100313e-03  7.799782e-01  9.665870e-04  
   1.1870300  8.333834e-01  1.127381e-03  8.333855e-01  1.127442e-03  7.820331e-01  9.900311e-04  
   1.2080300  8.357803e-01  1.154985e-03  8.357825e-01  1.155047e-03  7.841371e-01  1.013863e-03  
   1.2280300  8.381166e-01  1.181732e-03  8.381189e-01  1.181795e-03  7.861876e-01  1.036933e-03  
   1.2490300  8.406278e-01  1.210314e-03  8.406306e-01  1.210380e-03  7.883908e-01  1.061562e-03  
   1.2706300  8.432745e-01  1.240267e-03  8.432771e-01  1.240334e-03  7.907117e-01  1.087345e-03  
   1.2906300  8.457830e-01  1.268519e-03  8.457856e-01  1.268587e-03  7.929103e-01  1.111638e-03  
   1.3116300  8.484782e-01  1.298741e-03  8.484810e-01  1.298811e-03  7.952716e-01  1.137599e-03  
   1.3326300  8.512371e-01  1.329554e-03  8.512401e-01  1.329626e-03  7.976879e-01  1.164038e-03  
   1.3536299  8.540614e-01  1.360984e-03  8.540646e-01  1.361057e-03  8.001599e-01  1.190974e-03  
   1.3746300  8.569525e-01  1.393053e-03  8.569558e-01  1.393127e-03  8.026895e-01  1.218428e-03  
   1.3946300  8.597693e-01  1.424214e-03  8.597729e-01  1.424289e-03  8.051527e-01  1.245072e-03  
   1.4156300  8.627950e-01  1.457607e-03  8.627984e-01  1.457685e-03  8.077970e-01  1.273590e-03  
   1.4366300  8.658916e-01  1.491719e-03  8.658953e-01  1.491799e-03  8.105016e-01  1.302685e-03  
   1.4576300  8.690609e-01  1.526580e-03  8.690647e-01  1.526661e-03  8.132687e-01  1.332377e-03  
   1.4786299  8.723044e-01  1.562221e-03  8.723084e-01  1.562304e-03  8.160989e-01  1.362691e-03  
   1.4996300  8.756236e-01  1.598676e-03  8.756278e-01  1.598760e-03  8.189934e-01  1.393649e-03  
   1.5196300  8.788565e-01  1.634183e-03  8.788610e-01  1.634268e-03  8.218110e-01  1.423753e-03  
   1.5406300  8.823286e-01  1.672333e-03  8.823333e-01  1.672421e-03  8.248352e-01  1.456040e-03  
   1.5616300  8.858818e-01  1.711415e-03  8.858866e-01  1.711505e-03  8.279279e-01  1.489047e-03  
   1.5826300  8.895178e-01  1.751480e-03  8.895226e-01  1.751571e-03  8.310907e-01  1.522803e-03  
   1.6036299  8.932388e-01  1.792585e-03  8.932441e-01  1.792678e-03  8.343250e-01  1.557337e-03  
   1.6246300  8.970466e-01  1.834798e-03  8.970523e-01  1.834893e-03  8.376326e-01  1.592681e-03  
   1.6446300  9.007556e-01  1.876104e-03  9.007615e-01  1.876202e-03  8.408521e-01  1.627126e-03  
   1.6656300  9.047396e-01  1.920729e-03  9.047452e-01  1.920830e-03  8.443072e-01  1.664152e-03  
   1.6872300  9.089357e-01  1.968089e-03  9.089418e-01  1.968193e-03  8.479437e-01  1.703195e-03  
   1.7072300  9.129115e-01  2.013396e-03  9.129177e-01  2.013503e-03  8.513865e-01  1.740252e-03  
   1.7282300  9.171829e-01  2.062638e-03  9.171895e-01  2.062750e-03  8.550821e-01  1.780143e-03  
   1.7492300  9.215564e-01  2.113795e-03  9.215630e-01  2.113912e-03  8.588620e-01  1.821092e-03  
   1.7702301  9.260342e-01  2.167116e-03  9.260412e-01  2.167238e-03  8.627292e-01  1.863154e-03  
   1.7912300  9.306201e-01  2.222889e-03  9.306272e-01  2.223018e-03  8.666859e-01  1.906393e-03  
   1.8112299  9.350907e-01  2.278598e-03  9.350982e-01  2.278735e-03  8.705398e-01  1.948734e-03  
   1.8322300  9.398967e-01  2.340181e-03  9.399046e-01  2.340329e-03  8.746783e-01  1.994490e-03  
   1.8532300  9.448197e-01  2.405358e-03  9.448276e-01  2.405517e-03  8.789141e-01  2.041675e-03  
   1.8742300  9.498646e-01  2.474602e-03  9.498727e-01  2.474774e-03  8.832501e-01  2.090404e-03  
   1.8952301  9.550339e-01  2.548428e-03  9.550427e-01  2.548615e-03  8.876894e-01  2.140817e-03  
   1.9162300  9.603315e-01  2.627371e-03  9.603404e-01  2.627576e-03  8.922343e-01  2.193083e-03  
   1.9362299  9.654991e-01  2.707820e-03  9.655086e-01  2.708046e-03  8.966643e-01  2.244771e-03  
   1.9572300  9.710576e-01  2.798359e-03  9.710672e-01  2.798608e-03  9.014260e-01  2.301291e-03  
   1.9782300  9.767556e-01  2.895649e-03  9.767660e-01  2.895924e-03  9.063036e-01  2.360414e-03  
   1.9992300  9.825975e-01  3.000213e-03  9.826078e-01  3.000516e-03  9.113010e-01  2.422501e-03  
   2.0202301  9.885876e-01  3.112547e-03  9.885980e-01  3.112880e-03  9.164220e-01  2.487991e-03  
   2.0412300  9.947297e-01  3.233102e-03  9.947411e-01  3.233469e-03  9.216707e-01  2.557401e-03  
   2.0612299  1.000725e+00  3.355948e-03  1.000737e+00  3.356349e-03  9.267920e-01  2.627700e-03  
   2.0822301  1.007179e+00  3.493743e-03  1.007191e+00  3.494181e-03  9.323019e-01  2.706585e-03  
   2.1038301  1.013992e+00  3.645273e-03  1.014005e+00  3.645753e-03  9.381170e-01  2.793953e-03  
   2.1238301  1.020465e+00  3.794778e-03  1.020478e+00  3.795299e-03  9.436390e-01  2.881299e-03  
   2.1448300  1.027436e+00  3.961646e-03  1.027450e+00  3.962210e-03  9.495841e-01  2.980617e-03  
   2.1658299  1.034594e+00  4.139042e-03  1.034608e+00  4.139651e-03  9.556850e-01  3.088740e-03  
   2.1868300  1.041946e+00  4.327433e-03  1.041961e+00  4.328087e-03  9.619480e-01  3.206770e-03  
   2.2078300  1.049499e+00  4.527322e-03  1.049514e+00  4.528027e-03  9.683782e-01  3.335854e-03  
   2.2278299  1.056887e+00  4.728937e-03  1.056903e+00  4.729691e-03  9.746637e-01  3.470166e-03  
   2.2488301  1.064858e+00  4.953085e-03  1.064875e+00  4.953892e-03  9.814383e-01  3.624320e-03  
   2.2698300  1.073056e+00  5.190718e-03  1.073073e+00  5.191582e-03  9.883990e-01  3.793153e-03  
   2.2908299  1.081491e+00  5.442678e-03  1.081508e+00  5.443604e-03  9.955524e-01  3.977954e-03  
   2.3118300  1.090174e+00  5.709876e-03  1.090192e+00  5.710864e-03  1.002906e+00  4.180038e-03  
   2.3328300  1.099115e+00  5.993291e-03  1.099134e+00  5.994345e-03  1.010468e+00  4.400758e-03  
   2.3528299  1.107882e+00  6.279275e-03  1.107901e+00  6.280397e-03  1.017869e+00  4.629584e-03  
   2.3738301  1.117363e+00  6.597552e-03  1.117382e+00  6.598745e-03  1.025859e+00  4.890825e-03  
   2.3948300  1.127139e+00  6.935538e-03  1.127160e+00  6.936807e-03  1.034081e+00  5.175088e-03  
   2.4158299  1.137226e+00  7.294737e-03  1.137248e+00  7.296084e-03  1.042547e+00  5.484071e-03  
   2.4368300  1.147641e+00  7.676910e-03  1.147663e+00  7.678334e-03  1.051265e+00  5.819603e-03  
   2.4578300  1.158400e+00  8.084194e-03  1.158423e+00  8.085698e-03  1.060248e+00  6.183694e-03  
   2.4778299  1.168984e+00  8.497865e-03  1.169008e+00  8.499441e-03  1.069059e+00  6.559026e-03  
   2.4988301  1.180474e+00  8.962508e-03  1.180498e+00  8.964161e-03  1.078593e+00  6.985533e-03  
   2.5204301  1.192718e+00  9.477229e-03  1.192744e+00  9.478961e-03  1.088717e+00  7.461790e-03  
   2.5404301  1.204465e+00  9.992154e-03  1.204492e+00  9.993957e-03  1.098391e+00  7.939779e-03  
   2.5614300  1.217250e+00  1.057917e-02  1.217278e+00  1.058104e-02  1.108878e+00  8.483664e-03  
   2.5824299  1.230528e+00  1.122214e-02  1.230558e+00  1.122409e-02  1.119719e+00  9.075015e-03  
   2.6034300  1.244336e+00  1.193183e-02  1.244367e+00  1.193387e-02  1.130938e+00  9.719286e-03  
   2.6244299  1.258707e+00  1.272149e-02  1.258739e+00  1.272362e-02  1.142555e+00  1.042304e-02  
   2.6444299  1.272955e+00  1.356270e-02  1.272989e+00  1.356493e-02  1.154013e+00  1.115594e-02  
   2.6654301  1.288548e+00  1.455836e-02  1.288583e+00  1.456072e-02  1.166484e+00  1.200064e-02  
   2.6864300  1.304831e+00  1.569217e-02  1.304869e+00  1.569469e-02  1.179434e+00  1.293397e-02  
   2.7074299  1.321856e+00  1.699203e-02  1.321896e+00  1.699474e-02  1.192895e+00  1.397021e-02  
   2.7284300  1.339676e+00  1.849104e-02  1.339718e+00  1.849399e-02  1.206903e+00  1.512650e-02  
   2.7494299  1.358346e+00  2.022832e-02  1.358390e+00  2.023158e-02  1.221491e+00  1.642312e-02  
   2.7694299  1.376971e+00  2.214672e-02  1.377017e+00  2.215034e-02  1.235958e+00  1.781029e-02  
   2.7904301  1.397473e+00  2.449056e-02  1.397522e+00  2.449464e-02  1.251789e+00  1.945338e-02  
   2.8114300  1.419010e+00  2.723554e-02  1.419062e+00  2.724019e-02  1.268317e+00  2.131900e-02  
   2.8324299  1.441650e+00  3.045846e-02  1.441706e+00  3.046381e-02  1.285582e+00  2.344383e-02  
   2.8534300  1.465464e+00  3.425094e-02  1.465523e+00  3.425715e-02  1.303631e+00  2.586986e-02  
   2.8744299  1.490525e+00  3.872224e-02  1.490588e+00  3.872949e-02  1.322507e+00  2.864512e-02  
   2.8944299  1.515616e+00  4.373079e-02  1.515684e+00  4.373924e-02  1.341298e+00  3.166341e-02  
   2.9154301  1.543313e+00  4.992561e-02  1.543384e+00  4.993557e-02  1.361930e+00  3.528780e-02  
   2.9370301  1.573303e+00  5.748590e-02  1.573379e+00  5.749775e-02  1.384172e+00  3.957931e-02  
   2.9570301  1.602473e+00  6.575889e-02  1.602554e+00  6.577285e-02  1.405738e+00  4.414438e-02  
   2.9780300  1.634572e+00  7.599817e-02  1.634658e+00  7.601477e-02  1.429443e+00  4.965021e-02  
   2.9990301  1.668172e+00  8.809780e-02  1.668262e+00  8.811761e-02  1.454289e+00  5.600728e-02  
   3.0200300  1.703223e+00  1.023597e-01  1.703317e+00  1.023833e-01  1.480329e+00  6.336190e-02  
   3.0410299  1.739627e+00  1.191090e-01  1.739725e+00  1.191371e-01  1.507607e+00  7.188751e-02  
   3.0610299  1.775412e+00  1.376832e-01  1.775512e+00  1.377163e-01  1.534766e+00  8.128134e-02  
   3.0820301  1.813934e+00  1.602661e-01  1.814038e+00  1.603053e-01  1.564529e+00  9.270730e-02  
   3.1030300  1.853131e+00  1.863232e-01  1.853236e+00  1.863695e-01  1.595545e+00  1.059933e-01  
   3.1240301  1.892627e+00  2.161471e-01  1.892733e+00  2.162016e-01  1.627752e+00  1.214305e-01  
   3.1450300  1.931964e+00  2.499744e-01  1.932069e+00  2.500380e-01  1.661026e+00  1.393294e-01  
   3.1660299  1.970620e+00  2.879683e-01  1.970723e+00  2.880420e-01  1.695183e+00  1.600107e-01  
   3.1860299  2.006276e+00  3.280900e-01  2.006376e+00  3.281742e-01  1.728295e+00  1.825816e-01  
   3.2070301  2.041913e+00  3.743138e-01  2.042008e+00  3.744101e-01  1.763348e+00  2.095778e-01  
   3.2280300  2.075091e+00  4.245754e-01  2.075180e+00  4.246843e-01  1.798273e+00  2.401893e-01  
   3.2490301  2.105208e+00  4.785916e-01  2.105289e+00  4.787133e-01  1.832571e+00  2.745902e-01  
   3.2700300  2.131704e+00  5.359541e-01  2.131776e+00  5.360891e-01  1.865678e+00  3.128575e-01  
   3.2910299  2.154095e+00  5.961445e-01  2.154156e+00  5.962923e-01  1.896981e+00  3.549546e-01  
   3.3110299  2.171250e+00  6.555398e-01  2.171301e+00  6.556994e-01  1.924542e+00  3.984553e-01  
   3.3320301  2.184630e+00  7.194294e-01  2.184667e+00  7.196003e-01  1.950524e+00  4.474181e-01  
   3.3536301  2.193301e+00  7.860344e-01  2.193326e+00  7.862155e-01  1.973503e+00  5.008357e-01  
   3.3736300  2.196728e+00  8.478389e-01  2.196739e+00  8.480276e-01  1.990941e+00  5.525326e-01  
   3.3946300  2.195701e+00  9.122046e-01  2.195698e+00  9.123997e-01  2.004929e+00  6.084835e-01  
   3.4156301  2.190192e+00  9.754141e-01  2.190175e+00  9.756130e-01  2.014276e+00  6.654224e-01  
   3.4366300  2.180571e+00  1.036926e+00  2.180539e+00  1.037126e+00  2.018926e+00  7.225837e-01  
   3.4576299  2.167284e+00  1.096307e+00  2.167239e+00  1.096507e+00  2.018993e+00  7.792152e-01  
   3.4776299  2.151680e+00  1.150589e+00  2.151625e+00  1.150786e+00  2.015048e+00  8.320173e-01  
   3.4986300  2.132700e+00  1.205008e+00  2.132634e+00  1.205200e+00  2.007093e+00  8.856876e-01  
   3.5196300  2.111570e+00  1.256698e+00  2.111495e+00  1.256883e+00  1.995752e+00  9.370633e-01  
   3.5406301  2.088778e+00  1.305670e+00  2.088694e+00  1.305848e+00  1.981634e+00  9.858051e-01  
   3.5616300  2.064761e+00  1.352010e+00  2.064671e+00  1.352179e+00  1.965376e+00  1.031725e+00  
   3.5826299  2.039899e+00  1.395864e+00  2.039804e+00  1.396024e+00  1.947617e+00  1.074791e+00  
   3.6026299  2.015720e+00  1.435478e+00  2.015621e+00  1.435628e+00  1.929855e+00  1.113246e+00  
   3.6236300  1.990049e+00  1.474991e+00  1.989949e+00  1.475130e+00  1.910815e+00  1.151146e+00  
   3.6446300  1.964288e+00  1.512538e+00  1.964188e+00  1.512669e+00  1.891795e+00  1.186801e+00  
   3.6656301  1.938596e+00  1.548273e+00  1.938497e+00  1.548395e+00  1.873118e+00  1.220561e+00  
   3.6866300  1.913118e+00  1.582313e+00  1.913022e+00  1.582427e+00  1.854996e+00  1.252785e+00  
   3.7076299  1.887995e+00  1.614749e+00  1.887904e+00  1.614855e+00  1.837544e+00  1.283810e+00  
   3.7276299  1.864540e+00  1.644208e+00  1.864456e+00  1.644310e+00  1.821579e+00  1.312506e+00  
   3.7486300  1.840586e+00  1.673695e+00  1.840510e+00  1.673792e+00  1.805491e+00  1.341953e+00  
   3.7702301  1.816900e+00  1.702554e+00  1.816835e+00  1.702647e+00  1.789634e+00  1.371654e+00  
   3.7902300  1.796073e+00  1.728041e+00  1.796019e+00  1.728134e+00  1.775551e+00  1.398684e+00  
   3.8112299  1.775639e+00  1.753685e+00  1.775598e+00  1.753778e+00  1.761406e+00  1.426583e+00  
   3.8322301  1.756987e+00  1.778425e+00  1.756958e+00  1.778521e+00  1.747995e+00  1.453954e+00  
   3.8532300  1.740442e+00  1.802605e+00  1.740428e+00  1.802707e+00  1.735476e+00  1.480761e+00  
   3.8742299  1.726304e+00  1.826689e+00  1.726303e+00  1.826799e+00  1.724085e+00  1.507005e+00  
   3.8942299  1.715302e+00  1.850069e+00  1.715312e+00  1.850190e+00  1.714560e+00  1.531542e+00  
   3.9152300  1.706482e+00  1.875755e+00  1.706504e+00  1.875891e+00  1.706283e+00  1.556994e+00  
   3.9362299  1.700493e+00  1.903396e+00  1.700522e+00  1.903548e+00  1.700123e+00  1.582436e+00  
   3.9572301  1.697205e+00  1.933869e+00  1.697239e+00  1.934042e+00  1.696415e+00  1.608335e+00  
   3.9782300  1.696299e+00  1.968094e+00  1.696334e+00  1.968289e+00  1.695413e+00  1.635313e+00  
   3.9992299  1.697244e+00  2.006979e+00  1.697274e+00  2.007200e+00  1.697245e+00  1.664140e+00  
   4.0192299  1.699184e+00  2.049122e+00  1.699204e+00  2.049368e+00  1.701589e+00  1.694134e+00  
   4.0402298  1.701389e+00  2.099442e+00  1.701392e+00  2.099715e+00  1.708633e+00  1.729234e+00  
   4.0612302  1.702633e+00  2.156528e+00  1.702612e+00  2.156828e+00  1.717731e+00  1.769027e+00  
   4.0822301  1.701600e+00  2.220710e+00  1.701549e+00  2.221038e+00  1.728115e+00  1.814498e+00  
   4.1032300  1.696862e+00  2.292055e+00  1.696775e+00  2.292409e+00  1.738744e+00  1.866542e+00  
   4.1242299  1.686932e+00  2.370327e+00  1.686803e+00  2.370705e+00  1.748311e+00  1.925888e+00  
   4.1442299  1.671294e+00  2.450815e+00  1.671121e+00  2.451213e+00  1.755025e+00  1.989647e+00  
   4.1652298  1.647031e+00  2.540760e+00  1.646807e+00  2.541174e+00  1.757899e+00  2.064388e+00  
   4.1868300  1.612370e+00  2.637910e+00  1.612092e+00  2.638338e+00  1.754479e+00  2.149431e+00  
   4.2068300  1.570483e+00  2.730770e+00  1.570156e+00  2.731206e+00  1.743778e+00  2.235043e+00  
   4.2278299  1.515537e+00  2.829756e+00  1.515158e+00  2.830197e+00  1.722965e+00  2.331109e+00  
   4.2488298  1.448770e+00  2.928576e+00  1.448342e+00  2.929019e+00  1.690688e+00  2.432143e+00  
   4.2698302  1.369859e+00  3.025441e+00  1.369388e+00  3.025881e+00  1.645517e+00  2.536381e+00  
   4.2908301  1.278764e+00  3.118520e+00  1.278255e+00  3.118952e+00  1.586378e+00  2.641708e+00  
   4.3108301  1.180883e+00  3.202004e+00  1.180344e+00  3.202426e+00  1.516478e+00  2.740861e+00  
   4.3318300  1.066883e+00  3.282572e+00  1.066319e+00  3.282979e+00  1.428681e+00  2.841307e+00  
   4.3528299  9.420794e-01  3.354264e+00  9.414982e-01  3.354654e+00  1.326507e+00  2.935430e+00  
   4.3738298  8.073938e-01  3.415562e+00  8.068029e-01  3.415931e+00  1.210883e+00  3.020675e+00  
   4.3948302  6.639451e-01  3.465088e+00  6.633509e-01  3.465431e+00  1.083258e+00  3.094668e+00  
   4.4158301  5.130521e-01  3.501610e+00  5.124617e-01  3.501924e+00  9.455720e-01  3.155331e+00  
   4.4358301  3.637894e-01  3.523337e+00  3.632073e-01  3.523620e+00  8.072100e-01  3.199178e+00  
   4.4568300  2.028370e-01  3.531598e+00  2.022679e-01  3.531844e+00  6.568432e-01  3.229444e+00  
   4.4778299  3.936529e-02  3.524294e+00  3.881333e-02  3.524499e+00  5.039953e-01  3.242894e+00  
   4.4988298  -1.246306e-01  3.500999e+00  -1.251624e-01  3.501160e+00  3.514781e-01  3.239424e+00  
   4.5198302  -2.870293e-01  3.461566e+00  -2.875379e-01  3.461679e+00  2.020055e-01  3.219482e+00  
   4.5408301  -4.456075e-01  3.406171e+00  -4.460906e-01  3.406237e+00  5.808736e-02  3.184037e+00  
   4.5608301  -5.910298e-01  3.339056e+00  -5.914868e-01  3.339075e+00  -7.181256e-02  3.137154e+00  
   4.5818300  -7.357163e-01  3.254380e+00  -7.361439e-01  3.254353e+00  -1.989499e-01  3.075839e+00  
   4.6034298  -8.738225e-01  3.153455e+00  -8.742176e-01  3.153381e+00  -3.184073e-01  3.001942e+00  
   4.6234298  -9.902669e-01  3.049073e+00  -9.906306e-01  3.048959e+00  -4.179253e-01  2.925756e+00  
   4.6444302  -1.099200e+00  2.930115e+00  -1.099529e+00  2.929965e+00  -5.104746e-01  2.839856e+00  
   4.6654301  -1.193330e+00  2.803840e+00  -1.193624e+00  2.803658e+00  -5.907056e-01  2.750021e+00  
   4.6864300  -1.271959e+00  2.672722e+00  -1.272218e+00  2.672515e+00  -6.588863e-01  2.658257e+00  
   4.7074299  -1.334876e+00  2.539319e+00  -1.335100e+00  2.539094e+00  -7.155662e-01  2.566373e+00  
   4.7274299  -1.380444e+00  2.412440e+00  -1.380637e+00  2.412204e+00  -7.595509e-01  2.480184e+00  
   4.7484298  -1.413921e+00  2.281655e+00  -1.414083e+00  2.281413e+00  -7.961071e-01  2.392327e+00  
   4.7694302  -1.433783e+00  2.155423e+00  -1.433917e+00  2.155179e+00  -8.237741e-01  2.308199e+00  
   4.7904301  -1.441456e+00  2.035501e+00  -1.441566e+00  2.035258e+00  -8.435722e-01  2.228590e+00  
   4.8114300  -1.438570e+00  1.923242e+00  -1.438662e+00  1.923003e+00  -8.565146e-01  2.154044e+00  
   4.8324299  -1.426861e+00  1.819599e+00  -1.426939e+00  1.819366e+00  -8.635773e-01  2.084895e+00  
   4.8524299  -1.409099e+00  1.729410e+00  -1.409168e+00  1.729181e+00  -8.656752e-01  2.024198e+00  
   4.8734298  -1.385104e+00  1.643848e+00  -1.385169e+00  1.643623e+00  -8.638300e-01  1.965888e+00  
   4.8944302  -1.357138e+00  1.567542e+00  -1.357203e+00  1.567319e+00  -8.585921e-01  1.913024e+00  
   4.9154301  -1.326553e+00  1.500148e+00  -1.326622e+00  1.499924e+00  -8.506460e-01  1.865401e+00  
   4.9364300  -1.294497e+00  1.441136e+00  -1.294573e+00  1.440908e+00  -8.405947e-01  1.822750e+00  
   4.9574299  -1.261914e+00  1.389855e+00  -1.262001e+00  1.389620e+00  -8.289626e-01  1.784755e+00  
   4.9774299  -1.231080e+00  1.347549e+00  -1.231178e+00  1.347304e+00  -8.168260e-01  1.752584e+00  
   4.9984298  -1.199458e+00  1.309275e+00  -1.199570e+00  1.309015e+00  -8.033381e-01  1.722676e+00  
