w Re-xx Im-xx Re-yy Im-yy Re-zz Im-zz
# Gaussian absolute broadening  0.15 [eV]
   0.0000000  7.677729e-01  8.810957e-05  7.678116e-01  8.811315e-05  7.281221e-01  7.941692e-05  
   0.0200000  7.678723e-01  9.429928e-05  7.679112e-01  9.430345e-05  7.282118e-01  8.499341e-05  
   0.0410000  7.679911e-01  1.013527e-04  7.680299e-01  1.013576e-04  7.283183e-01  9.134791e-05  
   0.0620000  7.681258e-01  1.090100e-04  7.681646e-01  1.090157e-04  7.284402e-01  9.824620e-05  
   0.0830000  7.682793e-01  1.173049e-04  7.683178e-01  1.173116e-04  7.285782e-01  1.057187e-04  
   0.1040000  7.684529e-01  1.262669e-04  7.684916e-01  1.262747e-04  7.287351e-01  1.137918e-04  
   0.1240000  7.686394e-01  1.354433e-04  7.686782e-01  1.354523e-04  7.289029e-01  1.220577e-04  
   0.1450000  7.688594e-01  1.457671e-04  7.688982e-01  1.457775e-04  7.291012e-01  1.313567e-04  
   0.1660000  7.691063e-01  1.568026e-04  7.691450e-01  1.568146e-04  7.293237e-01  1.412961e-04  
   0.1870000  7.693824e-01  1.685464e-04  7.694212e-01  1.685600e-04  7.295724e-01  1.518727e-04  
   0.2080000  7.696896e-01  1.809838e-04  7.697286e-01  1.809992e-04  7.298495e-01  1.630732e-04  
   0.2290000  7.700297e-01  1.940898e-04  7.700685e-01  1.941072e-04  7.301559e-01  1.748746e-04  
   0.2490000  7.703858e-01  2.071611e-04  7.704247e-01  2.071804e-04  7.304764e-01  1.866437e-04  
   0.2700000  7.707945e-01  2.214630e-04  7.708333e-01  2.214845e-04  7.308448e-01  1.995192e-04  
   0.2910000  7.712398e-01  2.363070e-04  7.712789e-01  2.363307e-04  7.312461e-01  2.128811e-04  
   0.3120000  7.717229e-01  2.516396e-04  7.717618e-01  2.516655e-04  7.316812e-01  2.266807e-04  
   0.3330000  7.722439e-01  2.674056e-04  7.722830e-01  2.674337e-04  7.321504e-01  2.408681e-04  
   0.3540000  7.728032e-01  2.835520e-04  7.728423e-01  2.835823e-04  7.326542e-01  2.553953e-04  
   0.3740000  7.733719e-01  2.992378e-04  7.734108e-01  2.992698e-04  7.331663e-01  2.695053e-04  
   0.3950000  7.740062e-01  3.159886e-04  7.740453e-01  3.160225e-04  7.337375e-01  2.845702e-04  
   0.4160000  7.746787e-01  3.329901e-04  7.747176e-01  3.330255e-04  7.343431e-01  2.998571e-04  
   0.4374300  7.754050e-01  3.505659e-04  7.754441e-01  3.506027e-04  7.349973e-01  3.156567e-04  
   0.4574300  7.761183e-01  3.671526e-04  7.761576e-01  3.671903e-04  7.356397e-01  3.305632e-04  
   0.4784300  7.769047e-01  3.847424e-04  7.769439e-01  3.847807e-04  7.363473e-01  3.463670e-04  
   0.4994300  7.777289e-01  4.024983e-04  7.777683e-01  4.025370e-04  7.370895e-01  3.623158e-04  
   0.5204300  7.785915e-01  4.204133e-04  7.786309e-01  4.204520e-04  7.378659e-01  3.784026e-04  
   0.5414300  7.794921e-01  4.384838e-04  7.795316e-01  4.385222e-04  7.386765e-01  3.946241e-04  
   0.5614300  7.803860e-01  4.558380e-04  7.804254e-01  4.558761e-04  7.394809e-01  4.101979e-04  
   0.5824300  7.813622e-01  4.742138e-04  7.814018e-01  4.742510e-04  7.403592e-01  4.266830e-04  
   0.6034300  7.823770e-01  4.927495e-04  7.824167e-01  4.927858e-04  7.412724e-01  4.433064e-04  
   0.6244300  7.834315e-01  5.114513e-04  7.834712e-01  5.114865e-04  7.422210e-01  4.600727e-04  
   0.6454300  7.845256e-01  5.303239e-04  7.845653e-01  5.303580e-04  7.432051e-01  4.769865e-04  
   0.6664300  7.856597e-01  5.493739e-04  7.856995e-01  5.494069e-04  7.442247e-01  4.940529e-04  
   0.6864300  7.867765e-01  5.676875e-04  7.868167e-01  5.677189e-04  7.452295e-01  5.104534e-04  
   0.7074300  7.879893e-01  5.871027e-04  7.880293e-01  5.871331e-04  7.463198e-01  5.278343e-04  
   0.7284300  7.892431e-01  6.067154e-04  7.892832e-01  6.067448e-04  7.474467e-01  5.453849e-04  
   0.7494300  7.905384e-01  6.265333e-04  7.905785e-01  6.265618e-04  7.486111e-01  5.631124e-04  
   0.7704300  7.918750e-01  6.465632e-04  7.919154e-01  6.465914e-04  7.498125e-01  5.810226e-04  
   0.7914300  7.932544e-01  6.668145e-04  7.932948e-01  6.668423e-04  7.510520e-01  5.991223e-04  
   0.8114300  7.946072e-01  6.863134e-04  7.946477e-01  6.863417e-04  7.522671e-01  6.165431e-04  
   0.8324300  7.960701e-01  7.070193e-04  7.961107e-01  7.070479e-04  7.535812e-01  6.350338e-04  
   0.8540300  7.976207e-01  7.285738e-04  7.976614e-01  7.286036e-04  7.549739e-01  6.542737e-04  
   0.8740300  7.990980e-01  7.487724e-04  7.991386e-01  7.488038e-04  7.563004e-01  6.722954e-04  
   0.8950300  8.006927e-01  7.702403e-04  8.007336e-01  7.702731e-04  7.577322e-01  6.914402e-04  
   0.9160300  8.023325e-01  7.919830e-04  8.023736e-01  7.920184e-04  7.592042e-01  7.108211e-04  
   0.9370300  8.040186e-01  8.140111e-04  8.040597e-01  8.140492e-04  7.607175e-01  7.304471e-04  
   0.9580300  8.057510e-01  8.363360e-04  8.057923e-01  8.363769e-04  7.622717e-01  7.503267e-04  
   0.9780300  8.074453e-01  8.578838e-04  8.074867e-01  8.579277e-04  7.637916e-01  7.695051e-04  
   0.9990300  8.092710e-01  8.808197e-04  8.093122e-01  8.808669e-04  7.654288e-01  7.899085e-04  
   1.0200300  8.111448e-01  9.040859e-04  8.111863e-01  9.041363e-04  7.671094e-01  8.105945e-04  
   1.0410300  8.130683e-01  9.276937e-04  8.131100e-01  9.277480e-04  7.688336e-01  8.315731e-04  
   1.0620300  8.150419e-01  9.516560e-04  8.150838e-01  9.517133e-04  7.706028e-01  8.528551e-04  
   1.0830300  8.170661e-01  9.759847e-04  8.171082e-01  9.760456e-04  7.724166e-01  8.744504e-04  
   1.1030300  8.190419e-01  9.995068e-04  8.190840e-01  9.995712e-04  7.741866e-01  8.953182e-04  
   1.1240300  8.211675e-01  1.024589e-03  8.212097e-01  1.024656e-03  7.760904e-01  9.175573e-04  
   1.1450300  8.233461e-01  1.050075e-03  8.233885e-01  1.050145e-03  7.780415e-01  9.401426e-04  
   1.1660300  8.255789e-01  1.075982e-03  8.256215e-01  1.076055e-03  7.800400e-01  9.630860e-04  
   1.1870300  8.278663e-01  1.102322e-03  8.279091e-01  1.102398e-03  7.820873e-01  9.864010e-04  
   1.2080300  8.302095e-01  1.129112e-03  8.302524e-01  1.129190e-03  7.841838e-01  1.010099e-03  
   1.2280300  8.324935e-01  1.155057e-03  8.325367e-01  1.155137e-03  7.862266e-01  1.033038e-03  
   1.2490300  8.349478e-01  1.182770e-03  8.349909e-01  1.182852e-03  7.884214e-01  1.057526e-03  
   1.2706300  8.375340e-01  1.211796e-03  8.375773e-01  1.211881e-03  7.907335e-01  1.083160e-03  
   1.2906300  8.399844e-01  1.239159e-03  8.400279e-01  1.239245e-03  7.929237e-01  1.107313e-03  
   1.3116300  8.426173e-01  1.268414e-03  8.426608e-01  1.268502e-03  7.952757e-01  1.133123e-03  
   1.3326300  8.453115e-01  1.298225e-03  8.453553e-01  1.298314e-03  7.976822e-01  1.159414e-03  
   1.3536299  8.480689e-01  1.328613e-03  8.481131e-01  1.328703e-03  8.001442e-01  1.186206e-03  
   1.3746300  8.508908e-01  1.359600e-03  8.509352e-01  1.359693e-03  8.026636e-01  1.213521e-03  
   1.3946300  8.536397e-01  1.389691e-03  8.536845e-01  1.389785e-03  8.051167e-01  1.240047e-03  
   1.4156300  8.565915e-01  1.421918e-03  8.566365e-01  1.422015e-03  8.077499e-01  1.268460e-03  
   1.4366300  8.596119e-01  1.454817e-03  8.596568e-01  1.454915e-03  8.104430e-01  1.297480e-03  
   1.4576300  8.627023e-01  1.488415e-03  8.627471e-01  1.488516e-03  8.131981e-01  1.327141e-03  
   1.4786299  8.658642e-01  1.522742e-03  8.659095e-01  1.522845e-03  8.160163e-01  1.357480e-03  
   1.4996300  8.690989e-01  1.557827e-03  8.691446e-01  1.557932e-03  8.188980e-01  1.388542e-03  
   1.5196300  8.722486e-01  1.591976e-03  8.722944e-01  1.592084e-03  8.217031e-01  1.418837e-03  
   1.5406300  8.756303e-01  1.628638e-03  8.756763e-01  1.628749e-03  8.247135e-01  1.451446e-03  
   1.5616300  8.790896e-01  1.666161e-03  8.791358e-01  1.666275e-03  8.277919e-01  1.484928e-03  
   1.5826300  8.826283e-01  1.704586e-03  8.826749e-01  1.704704e-03  8.309400e-01  1.519342e-03  
   1.6036299  8.862481e-01  1.743957e-03  8.862951e-01  1.744078e-03  8.341588e-01  1.554754e-03  
   1.6246300  8.899514e-01  1.784321e-03  8.899984e-01  1.784445e-03  8.374504e-01  1.591229e-03  
   1.6446300  8.935568e-01  1.823728e-03  8.936045e-01  1.823857e-03  8.406537e-01  1.627023e-03  
   1.6656300  8.974277e-01  1.866176e-03  8.974752e-01  1.866308e-03  8.440914e-01  1.665789e-03  
   1.6872300  9.015029e-01  1.911039e-03  9.015507e-01  1.911175e-03  8.477084e-01  1.707010e-03  
   1.7072300  9.053618e-01  1.953722e-03  9.054100e-01  1.953863e-03  8.511325e-01  1.746477e-03  
   1.7282300  9.095059e-01  1.999791e-03  9.095546e-01  1.999934e-03  8.548071e-01  1.789353e-03  
   1.7492300  9.137459e-01  2.047207e-03  9.137949e-01  2.047355e-03  8.585652e-01  1.833800e-03  
   1.7702301  9.180852e-01  2.096048e-03  9.181343e-01  2.096199e-03  8.624088e-01  1.879924e-03  
   1.7912300  9.225259e-01  2.146394e-03  9.225751e-01  2.146549e-03  8.663405e-01  1.927844e-03  
   1.8112299  9.268524e-01  2.195818e-03  9.269022e-01  2.195978e-03  8.701686e-01  1.975262e-03  
   1.8322300  9.314999e-01  2.249352e-03  9.315502e-01  2.249515e-03  8.742784e-01  2.027038e-03  
   1.8532300  9.362580e-01  2.304657e-03  9.363084e-01  2.304824e-03  8.784834e-01  2.080972e-03  
   1.8742300  9.411297e-01  2.361834e-03  9.411808e-01  2.362005e-03  8.827856e-01  2.137186e-03  
   1.8952301  9.461186e-01  2.420989e-03  9.461700e-01  2.421166e-03  8.871884e-01  2.195787e-03  
   1.9162300  9.512281e-01  2.482237e-03  9.512799e-01  2.482417e-03  8.916939e-01  2.256872e-03  
   1.9362299  9.562087e-01  2.542621e-03  9.562603e-01  2.542807e-03  8.960825e-01  2.317434e-03  
   1.9572300  9.615627e-01  2.608304e-03  9.616151e-01  2.608497e-03  9.007971e-01  2.383600e-03  
   1.9782300  9.670485e-01  2.676459e-03  9.671016e-01  2.676657e-03  9.056238e-01  2.452468e-03  
   1.9992300  9.726695e-01  2.747234e-03  9.727224e-01  2.747437e-03  9.105643e-01  2.524100e-03  
   2.0202301  9.784299e-01  2.820792e-03  9.784838e-01  2.821002e-03  9.156240e-01  2.598568e-03  
   2.0412300  9.843348e-01  2.897314e-03  9.843891e-01  2.897532e-03  9.208059e-01  2.675964e-03  
   2.0612299  9.900968e-01  2.973136e-03  9.901513e-01  2.973360e-03  9.258581e-01  2.752508e-03  
   2.0822301  9.962972e-01  3.056064e-03  9.963521e-01  3.056297e-03  9.312896e-01  2.836016e-03  
   2.1038301  1.002841e+00  3.145180e-03  1.002896e+00  3.145421e-03  9.370170e-01  2.925479e-03  
   2.1238301  1.009056e+00  3.231428e-03  1.009112e+00  3.231678e-03  9.424511e-01  3.011787e-03  
   2.1448300  1.015748e+00  3.326189e-03  1.015805e+00  3.326448e-03  9.482971e-01  3.106306e-03  
   2.1658299  1.022617e+00  3.425637e-03  1.022675e+00  3.425906e-03  9.542921e-01  3.205171e-03  
   2.1868300  1.029671e+00  3.530214e-03  1.029729e+00  3.530493e-03  9.604413e-01  3.308784e-03  
   2.2078300  1.036916e+00  3.640406e-03  1.036974e+00  3.640699e-03  9.667497e-01  3.417570e-03  
   2.2278299  1.044000e+00  3.751075e-03  1.044059e+00  3.751382e-03  9.729124e-01  3.526404e-03  
   2.2488301  1.051640e+00  3.873852e-03  1.051700e+00  3.874174e-03  9.795508e-01  3.646609e-03  
   2.2698300  1.059494e+00  4.003993e-03  1.059554e+00  4.004329e-03  9.863664e-01  3.773341e-03  
   2.2908299  1.067571e+00  4.142175e-03  1.067632e+00  4.142530e-03  9.933670e-01  3.907058e-03  
   2.3118300  1.075881e+00  4.289122e-03  1.075942e+00  4.289497e-03  1.000560e+00  4.048206e-03  
   2.3328300  1.084432e+00  4.445578e-03  1.084495e+00  4.445972e-03  1.007952e+00  4.197210e-03  
   2.3528299  1.092810e+00  4.604131e-03  1.092873e+00  4.604545e-03  1.015185e+00  4.346804e-03  
   2.3738301  1.101864e+00  4.781398e-03  1.101928e+00  4.781833e-03  1.022990e+00  4.512342e-03  
   2.3948300  1.111191e+00  4.970496e-03  1.111257e+00  4.970957e-03  1.031020e+00  4.686957e-03  
   2.4158299  1.120805e+00  5.172247e-03  1.120871e+00  5.172730e-03  1.039284e+00  4.871085e-03  
   2.4368300  1.130719e+00  5.387473e-03  1.130786e+00  5.387984e-03  1.047793e+00  5.065204e-03  
   2.4578300  1.140948e+00  5.617023e-03  1.141015e+00  5.617559e-03  1.056559e+00  5.269852e-03  
   2.4778299  1.150995e+00  5.849765e-03  1.151064e+00  5.850329e-03  1.065157e+00  5.475126e-03  
   2.4988301  1.161885e+00  6.109888e-03  1.161954e+00  6.110484e-03  1.074460e+00  5.702288e-03  
   2.5204301  1.173467e+00  6.395356e-03  1.173538e+00  6.395985e-03  1.084339e+00  5.949302e-03  
   2.5404301  1.184557e+00  6.676996e-03  1.184629e+00  6.677658e-03  1.093780e+00  6.191123e-03  
   2.5614300  1.196600e+00  6.992019e-03  1.196673e+00  6.992719e-03  1.104015e+00  6.459877e-03  
   2.5824299  1.209077e+00  7.328527e-03  1.209151e+00  7.329267e-03  1.114597e+00  6.745379e-03  
   2.6034300  1.222018e+00  7.688696e-03  1.222094e+00  7.689490e-03  1.125548e+00  7.049537e-03  
   2.6244299  1.235452e+00  8.075323e-03  1.235529e+00  8.076168e-03  1.136891e+00  7.374633e-03  
   2.6444299  1.248737e+00  8.471443e-03  1.248816e+00  8.472349e-03  1.148081e+00  7.706297e-03  
   2.6654301  1.263240e+00  8.921247e-03  1.263319e+00  8.922225e-03  1.160263e+00  8.081039e-03  
   2.6864300  1.278350e+00  9.411959e-03  1.278431e+00  9.413020e-03  1.172917e+00  8.487248e-03  
   2.7074299  1.294118e+00  9.952081e-03  1.294201e+00  9.953236e-03  1.186079e+00  8.930553e-03  
   2.7284300  1.310599e+00  1.055311e-02  1.310684e+00  1.055438e-02  1.199786e+00  9.418257e-03  
   2.7494299  1.327855e+00  1.123067e-02  1.327942e+00  1.123208e-02  1.214080e+00  9.959891e-03  
   2.7694299  1.345072e+00  1.196655e-02  1.345161e+00  1.196812e-02  1.228282e+00  1.053731e-02  
   2.7904301  1.364050e+00  1.286199e-02  1.364142e+00  1.286376e-02  1.243865e+00  1.122393e-02  
   2.8114300  1.384037e+00  1.392136e-02  1.384130e+00  1.392340e-02  1.260189e+00  1.201381e-02  
   2.8324299  1.405129e+00  1.519668e-02  1.405226e+00  1.519905e-02  1.277322e+00  1.293467e-02  
   2.8534300  1.427436e+00  1.675707e-02  1.427536e+00  1.675989e-02  1.295335e+00  1.402239e-02  
   2.8744299  1.451075e+00  1.869326e-02  1.451179e+00  1.869666e-02  1.314308e+00  1.532319e-02  
   2.8944299  1.474939e+00  2.099370e-02  1.475046e+00  2.099785e-02  1.333348e+00  1.681402e-02  
   2.9154301  1.501536e+00  2.403106e-02  1.501647e+00  2.403622e-02  1.354448e+00  1.871550e-02  
   2.9370301  1.530667e+00  2.801182e-02  1.530782e+00  2.801837e-02  1.377438e+00  2.112743e-02  
   2.9570301  1.559350e+00  3.268408e-02  1.559469e+00  3.269230e-02  1.399984e+00  2.388188e-02  
   2.9780300  1.591329e+00  3.887306e-02  1.591454e+00  3.888355e-02  1.425060e+00  2.745192e-02  
   2.9990301  1.625279e+00  4.668773e-02  1.625409e+00  4.670109e-02  1.451672e+00  3.188740e-02  
   3.0200300  1.661218e+00  5.648764e-02  1.661353e+00  5.650463e-02  1.479908e+00  3.739649e-02  
   3.0410299  1.699106e+00  6.867132e-02  1.699247e+00  6.869281e-02  1.509845e+00  4.422547e-02  
   3.0610299  1.736901e+00  8.288168e-02  1.737047e+00  8.290835e-02  1.539981e+00  5.221767e-02  
   3.0820301  1.778192e+00  1.009635e-01  1.778343e+00  1.009966e-01  1.573339e+00  6.248414e-02  
   3.1030300  1.820837e+00  1.227119e-01  1.820992e+00  1.227527e-01  1.608415e+00  7.502533e-02  
   3.1240301  1.864443e+00  1.485354e-01  1.864602e+00  1.485849e-01  1.645109e+00  9.023091e-02  
   3.1450300  1.908509e+00  1.787858e-01  1.908671e+00  1.788453e-01  1.683237e+00  1.085080e-01  
   3.1660299  1.952438e+00  2.137334e-01  1.952602e+00  2.138038e-01  1.722529e+00  1.302664e-01  
   3.1860299  1.993531e+00  2.515315e-01  1.993696e+00  2.516130e-01  1.760696e+00  1.545834e-01  
   3.2070301  2.035193e+00  2.959889e-01  2.035357e+00  2.960828e-01  1.801100e+00  1.842263e-01  
   3.2280300  2.074581e+00  3.452149e-01  2.074743e+00  3.453215e-01  1.841280e+00  2.183536e-01  
   3.2490301  2.110944e+00  3.989349e-01  2.111103e+00  3.990541e-01  1.880572e+00  2.571475e-01  
   3.2700300  2.143575e+00  4.567152e-01  2.143730e+00  4.568468e-01  1.918241e+00  3.006622e-01  
   3.2910299  2.171853e+00  5.179794e-01  2.172002e+00  5.181226e-01  1.953507e+00  3.488037e-01  
   3.3110299  2.194282e+00  5.789280e-01  2.194424e+00  5.790812e-01  1.984133e+00  3.987174e-01  
   3.3320301  2.212765e+00  6.449037e-01  2.212901e+00  6.450662e-01  2.012450e+00  4.549822e-01  
   3.3536301  2.226177e+00  7.140201e-01  2.226305e+00  7.141908e-01  2.036760e+00  5.163533e-01  
   3.3736300  2.233525e+00  7.783732e-01  2.233647e+00  7.785495e-01  2.054374e+00  5.756403e-01  
   3.3946300  2.236155e+00  8.455477e-01  2.236270e+00  8.457283e-01  2.067404e+00  6.395915e-01  
   3.4156301  2.233888e+00  9.116235e-01  2.233999e+00  9.118068e-01  2.074608e+00  7.043426e-01  
   3.4366300  2.227168e+00  9.760107e-01  2.227273e+00  9.761948e-01  2.075969e+00  7.688968e-01  
   3.4576299  2.216527e+00  1.038260e+00  2.216627e+00  1.038444e+00  2.071678e+00  8.322758e-01  
   3.4776299  2.203274e+00  1.095283e+00  2.203370e+00  1.095466e+00  2.062709e+00  8.907120e-01  
   3.4986300  2.186641e+00  1.152630e+00  2.186735e+00  1.152810e+00  2.048724e+00  9.492887e-01  
   3.5196300  2.167763e+00  1.207358e+00  2.167854e+00  1.207534e+00  2.030780e+00  1.004398e+00  
   3.5406301  2.147127e+00  1.259544e+00  2.147214e+00  1.259716e+00  2.009711e+00  1.055605e+00  
   3.5616300  2.125128e+00  1.309330e+00  2.125211e+00  1.309496e+00  1.986393e+00  1.102689e+00  
   3.5826299  2.102075e+00  1.356897e+00  2.102154e+00  1.357058e+00  1.961696e+00  1.145645e+00  
   3.6026299  2.079341e+00  1.400303e+00  2.079416e+00  1.400459e+00  1.937629e+00  1.182897e+00  
   3.6236300  2.054796e+00  1.444038e+00  2.054867e+00  1.444187e+00  1.912451e+00  1.218515e+00  
   3.6446300  2.029662e+00  1.485991e+00  2.029728e+00  1.486134e+00  1.887914e+00  1.251035e+00  
   3.6656301  2.004021e+00  1.526216e+00  2.004080e+00  1.526351e+00  1.864405e+00  1.281020e+00  
   3.6866300  1.977965e+00  1.564705e+00  1.978018e+00  1.564833e+00  1.842152e+00  1.309056e+00  
   3.7076299  1.951629e+00  1.601411e+00  1.951676e+00  1.601532e+00  1.821224e+00  1.335700e+00  
   3.7276299  1.926463e+00  1.634648e+00  1.926504e+00  1.634762e+00  1.802483e+00  1.360222e+00  
   3.7486300  1.900205e+00  1.667674e+00  1.900241e+00  1.667781e+00  1.783929e+00  1.385437e+00  
   3.7702301  1.873736e+00  1.699609e+00  1.873768e+00  1.699710e+00  1.765880e+00  1.411065e+00  
   3.7902300  1.850101e+00  1.727369e+00  1.850130e+00  1.727467e+00  1.749957e+00  1.434639e+00  
   3.8112299  1.826646e+00  1.754769e+00  1.826673e+00  1.754865e+00  1.733958e+00  1.459258e+00  
   3.8322301  1.805075e+00  1.780615e+00  1.805102e+00  1.780712e+00  1.718677e+00  1.483692e+00  
   3.8532300  1.785882e+00  1.805287e+00  1.785911e+00  1.805387e+00  1.704197e+00  1.507854e+00  
   3.8742299  1.769518e+00  1.829302e+00  1.769550e+00  1.829410e+00  1.690704e+00  1.531670e+00  
   3.8942299  1.756901e+00  1.852166e+00  1.756937e+00  1.852285e+00  1.679025e+00  1.554008e+00  
   3.9152300  1.747001e+00  1.876917e+00  1.747042e+00  1.877050e+00  1.668318e+00  1.577163e+00  
   3.9362299  1.740612e+00  1.903307e+00  1.740657e+00  1.903459e+00  1.659573e+00  1.600199e+00  
   3.9572301  1.737616e+00  1.932301e+00  1.737666e+00  1.932476e+00  1.653149e+00  1.623446e+00  
   3.9782300  1.737672e+00  1.964897e+00  1.737726e+00  1.965096e+00  1.649346e+00  1.647386e+00  
   3.9992299  1.740195e+00  2.002076e+00  1.740253e+00  2.002305e+00  1.648359e+00  1.672644e+00  
   4.0192299  1.744137e+00  2.042590e+00  1.744197e+00  2.042845e+00  1.650080e+00  1.698619e+00  
   4.0402298  1.748875e+00  2.091255e+00  1.748934e+00  2.091541e+00  1.654551e+00  1.728727e+00  
   4.0612302  1.752979e+00  2.146812e+00  1.753034e+00  2.147129e+00  1.661409e+00  1.762645e+00  
   4.0822301  1.755012e+00  2.209667e+00  1.755061e+00  2.210012e+00  1.670068e+00  1.801304e+00  
   4.1032300  1.753416e+00  2.279966e+00  1.753455e+00  2.280336e+00  1.679696e+00  1.845598e+00  
   4.1242299  1.746577e+00  2.357567e+00  1.746602e+00  2.357957e+00  1.689215e+00  1.896325e+00  
   4.1442299  1.733714e+00  2.437851e+00  1.733725e+00  2.438258e+00  1.696977e+00  1.951196e+00  
   4.1652298  1.712072e+00  2.528142e+00  1.712061e+00  2.528558e+00  1.702305e+00  2.016092e+00  
   4.1868300  1.679669e+00  2.626354e+00  1.679633e+00  2.626773e+00  1.703034e+00  2.090757e+00  
   4.2068300  1.639375e+00  2.720924e+00  1.639313e+00  2.721339e+00  1.697749e+00  2.166850e+00  
   4.2278299  1.585486e+00  2.822535e+00  1.585394e+00  2.822940e+00  1.684284e+00  2.253376e+00  
   4.2488298  1.519068e+00  2.924881e+00  1.518942e+00  2.925267e+00  1.660999e+00  2.345720e+00  
   4.2698302  1.439729e+00  3.026181e+00  1.439567e+00  3.026543e+00  1.626310e+00  2.442492e+00  
   4.2908301  1.347388e+00  3.124574e+00  1.347188e+00  3.124906e+00  1.578893e+00  2.541918e+00  
   4.3108301  1.247546e+00  3.213861e+00  1.247309e+00  3.214161e+00  1.521012e+00  2.637156e+00  
   4.3318300  1.130689e+00  3.301168e+00  1.130412e+00  3.301431e+00  1.446361e+00  2.735470e+00  
   4.3528299  1.002258e+00  3.380083e+00  1.001941e+00  3.380306e+00  1.357457e+00  2.829594e+00  
   4.3738298  8.632511e-01  3.448863e+00  8.628953e-01  3.449044e+00  1.254801e+00  2.916986e+00  
   4.3948302  7.148927e-01  3.505878e+00  7.145004e-01  3.506017e+00  1.139438e+00  2.995190e+00  
   4.4158301  5.586294e-01  3.549633e+00  5.582035e-01  3.549730e+00  1.012943e+00  3.061966e+00  
   4.4358301  4.039494e-01  3.577776e+00  4.034957e-01  3.577831e+00  8.839693e-01  3.113191e+00  
   4.4568300  2.371268e-01  3.592046e+00  2.366498e-01  3.592058e+00  7.419049e-01  3.152565e+00  
   4.4778299  6.773196e-02  3.589810e+00  6.723846e-02  3.589781e+00  5.956115e-01  3.176208e+00  
   4.4988298  -1.021205e-01  3.570488e+00  -1.026224e-01  3.570417e+00  4.478155e-01  3.183675e+00  
   4.5198302  -2.702097e-01  3.533832e+00  -2.707112e-01  3.533720e+00  3.012114e-01  3.175075e+00  
   4.5408301  -4.342372e-01  3.479974e+00  -4.347291e-01  3.479821e+00  1.583465e-01  3.151031e+00  
   4.5608301  -5.845780e-01  3.413177e+00  -5.850519e-01  3.412987e+00  2.783930e-02  3.114771e+00  
   4.5818300  -7.341131e-01  3.327685e+00  -7.345598e-01  3.327456e+00  -1.015090e-01  3.064070e+00  
   4.6034298  -8.768528e-01  3.224782e+00  -8.772627e-01  3.224518e+00  -2.247633e-01  3.000236e+00  
   4.6234298  -9.972620e-01  3.117651e+00  -9.976311e-01  3.117358e+00  -3.290085e-01  2.932370e+00  
   4.6444302  -1.110019e+00  2.994994e+00  -1.110340e+00  2.994673e+00  -4.275863e-01  2.853989e+00  
   4.6654301  -1.207625e+00  2.864327e+00  -1.207893e+00  2.863984e+00  -5.147327e-01  2.770284e+00  
   4.6864300  -1.289376e+00  2.728276e+00  -1.289590e+00  2.727917e+00  -5.905027e-01  2.683162e+00  
   4.7074299  -1.355058e+00  2.589539e+00  -1.355217e+00  2.589170e+00  -6.552328e-01  2.594390e+00  
   4.7274299  -1.402919e+00  2.457331e+00  -1.403027e+00  2.456958e+00  -7.071237e-01  2.509753e+00  
   4.7484298  -1.438442e+00  2.320804e+00  -1.438499e+00  2.320433e+00  -7.520485e-01  2.422092e+00  
   4.7694302  -1.459977e+00  2.188783e+00  -1.459986e+00  2.188419e+00  -7.879834e-01  2.336787e+00  
   4.7904301  -1.468953e+00  2.063113e+00  -1.468919e+00  2.062761e+00  -8.158000e-01  2.254750e+00  
   4.8114300  -1.467012e+00  1.945220e+00  -1.466940e+00  1.944884e+00  -8.363914e-01  2.176670e+00  
   4.8324299  -1.455908e+00  1.836112e+00  -1.455802e+00  1.835793e+00  -8.506418e-01  2.103040e+00  
   4.8524299  -1.438425e+00  1.740912e+00  -1.438293e+00  1.740613e+00  -8.590973e-01  2.037337e+00  
   4.8734298  -1.414443e+00  1.650318e+00  -1.414287e+00  1.650041e+00  -8.633763e-01  1.973142e+00  
   4.8944302  -1.386232e+00  1.569232e+00  -1.386057e+00  1.568977e+00  -8.636798e-01  1.913883e+00  
   4.9154301  -1.355177e+00  1.497318e+00  -1.354987e+00  1.497084e+00  -8.606902e-01  1.859484e+00  
   4.9364300  -1.322461e+00  1.434042e+00  -1.322258e+00  1.433830e+00  -8.550221e-01  1.809779e+00  
   4.9574299  -1.289058e+00  1.378751e+00  -1.288846e+00  1.378560e+00  -8.472203e-01  1.764542e+00  
   4.9774299  -1.257320e+00  1.332851e+00  -1.257101e+00  1.332678e+00  -8.382432e-01  1.725369e+00  
   4.9984298  -1.224644e+00  1.291030e+00  -1.224420e+00  1.290875e+00  -8.275882e-01  1.688055e+00  
