w Re-xx Im-xx Re-yy Im-yy Re-zz Im-zz
# Gaussian absolute broadening  0.15 [eV]
   0.0000000  7.681416e-01  8.827868e-05  7.681664e-01  8.827871e-05  7.331595e-01  8.167219e-05  
   0.0200000  7.682415e-01  9.448012e-05  7.682663e-01  9.448016e-05  7.332519e-01  8.740830e-05  
   0.0410000  7.683600e-01  1.015469e-04  7.683848e-01  1.015469e-04  7.333616e-01  9.394487e-05  
   0.0620000  7.684956e-01  1.092187e-04  7.685202e-01  1.092188e-04  7.334868e-01  1.010411e-04  
   0.0830000  7.686487e-01  1.175295e-04  7.686737e-01  1.175296e-04  7.336287e-01  1.087283e-04  
   0.1040000  7.688231e-01  1.265085e-04  7.688479e-01  1.265087e-04  7.337900e-01  1.170337e-04  
   0.1240000  7.690097e-01  1.357026e-04  7.690344e-01  1.357029e-04  7.339626e-01  1.255380e-04  
   0.1450000  7.692300e-01  1.460463e-04  7.692550e-01  1.460468e-04  7.341665e-01  1.351056e-04  
   0.1660000  7.694774e-01  1.571032e-04  7.695022e-01  1.571039e-04  7.343956e-01  1.453327e-04  
   0.1870000  7.697541e-01  1.688698e-04  7.697791e-01  1.688708e-04  7.346512e-01  1.562162e-04  
   0.2080000  7.700619e-01  1.813315e-04  7.700869e-01  1.813328e-04  7.349361e-01  1.677426e-04  
   0.2290000  7.704026e-01  1.944633e-04  7.704278e-01  1.944651e-04  7.352513e-01  1.798886e-04  
   0.2490000  7.707595e-01  2.075604e-04  7.707842e-01  2.075627e-04  7.355812e-01  1.920024e-04  
   0.2700000  7.711689e-01  2.218907e-04  7.711936e-01  2.218937e-04  7.359599e-01  2.052566e-04  
   0.2910000  7.716150e-01  2.367642e-04  7.716400e-01  2.367682e-04  7.363727e-01  2.190130e-04  
   0.3120000  7.720989e-01  2.521272e-04  7.721242e-01  2.521323e-04  7.368205e-01  2.332220e-04  
   0.3330000  7.726210e-01  2.679247e-04  7.726460e-01  2.679311e-04  7.373034e-01  2.478326e-04  
   0.3540000  7.731814e-01  2.841032e-04  7.732064e-01  2.841111e-04  7.378219e-01  2.627955e-04  
   0.3740000  7.737509e-01  2.998200e-04  7.737761e-01  2.998297e-04  7.383487e-01  2.773312e-04  
   0.3950000  7.743866e-01  3.166042e-04  7.744117e-01  3.166159e-04  7.389365e-01  2.928538e-04  
   0.4160000  7.750602e-01  3.336392e-04  7.750854e-01  3.336531e-04  7.395598e-01  3.086081e-04  
   0.4374300  7.757880e-01  3.512498e-04  7.758130e-01  3.512661e-04  7.402329e-01  3.248946e-04  
   0.4574300  7.765027e-01  3.678693e-04  7.765279e-01  3.678880e-04  7.408941e-01  3.402640e-04  
   0.4784300  7.772905e-01  3.854938e-04  7.773159e-01  3.855150e-04  7.416227e-01  3.565626e-04  
   0.4994300  7.781165e-01  4.032848e-04  7.781419e-01  4.033086e-04  7.423867e-01  3.730149e-04  
   0.5204300  7.789807e-01  4.212354e-04  7.790059e-01  4.212616e-04  7.431861e-01  3.896141e-04  
   0.5414300  7.798833e-01  4.393419e-04  7.799085e-01  4.393705e-04  7.440208e-01  4.063570e-04  
   0.5614300  7.807785e-01  4.567311e-04  7.808039e-01  4.567617e-04  7.448490e-01  4.224362e-04  
   0.5824300  7.817569e-01  4.751440e-04  7.817823e-01  4.751763e-04  7.457536e-01  4.394613e-04  
   0.6034300  7.827737e-01  4.937180e-04  7.827993e-01  4.937519e-04  7.466942e-01  4.566349e-04  
   0.6244300  7.838303e-01  5.124587e-04  7.838557e-01  5.124937e-04  7.476716e-01  4.739618e-04  
   0.6454300  7.849264e-01  5.313716e-04  7.849520e-01  5.314075e-04  7.486852e-01  4.914475e-04  
   0.6664300  7.860627e-01  5.504629e-04  7.860882e-01  5.504992e-04  7.497361e-01  5.090970e-04  
   0.6864300  7.871820e-01  5.688164e-04  7.872078e-01  5.688529e-04  7.507713e-01  5.260647e-04  
   0.7074300  7.883972e-01  5.882751e-04  7.884231e-01  5.883118e-04  7.518952e-01  5.440535e-04  
   0.7284300  7.896531e-01  6.079325e-04  7.896791e-01  6.079689e-04  7.530569e-01  5.622258e-04  
   0.7494300  7.909513e-01  6.277962e-04  7.909771e-01  6.278329e-04  7.542572e-01  5.805889e-04  
   0.7704300  7.922906e-01  6.478738e-04  7.923166e-01  6.479104e-04  7.554960e-01  5.991497e-04  
   0.7914300  7.936728e-01  6.681737e-04  7.936987e-01  6.682101e-04  7.567742e-01  6.179161e-04  
   0.8114300  7.950283e-01  6.877204e-04  7.950544e-01  6.877572e-04  7.580279e-01  6.359867e-04  
   0.8324300  7.964943e-01  7.084776e-04  7.965204e-01  7.085149e-04  7.593837e-01  6.551772e-04  
   0.8540300  7.980481e-01  7.300868e-04  7.980744e-01  7.301248e-04  7.608205e-01  6.751557e-04  
   0.8740300  7.995283e-01  7.503376e-04  7.995547e-01  7.503767e-04  7.621894e-01  6.938793e-04  
   0.8950300  8.011265e-01  7.718612e-04  8.011529e-01  7.719020e-04  7.636675e-01  7.137808e-04  
   0.9160300  8.027699e-01  7.936620e-04  8.027964e-01  7.937046e-04  7.651872e-01  7.339399e-04  
   0.9370300  8.044596e-01  8.157503e-04  8.044863e-01  8.157949e-04  7.667496e-01  7.543660e-04  
   0.9580300  8.061958e-01  8.381364e-04  8.062225e-01  8.381835e-04  7.683553e-01  7.750697e-04  
   0.9780300  8.078937e-01  8.597448e-04  8.079205e-01  8.597943e-04  7.699255e-01  7.950555e-04  
   0.9990300  8.097230e-01  8.827463e-04  8.097501e-01  8.827985e-04  7.716172e-01  8.163322e-04  
   1.0200300  8.116013e-01  9.060801e-04  8.116281e-01  9.061348e-04  7.733540e-01  8.379185e-04  
   1.0410300  8.135290e-01  9.297582e-04  8.135560e-01  9.298159e-04  7.751367e-01  8.598267e-04  
   1.0620300  8.155071e-01  9.537927e-04  8.155342e-01  9.538532e-04  7.769662e-01  8.820682e-04  
   1.0830300  8.175360e-01  9.781972e-04  8.175634e-01  9.782597e-04  7.788425e-01  9.046551e-04  
   1.1030300  8.195162e-01  1.001794e-03  8.195436e-01  1.001859e-03  7.806737e-01  9.264988e-04  
   1.1240300  8.216467e-01  1.026956e-03  8.216744e-01  1.027023e-03  7.826443e-01  9.497977e-04  
   1.1450300  8.238304e-01  1.052527e-03  8.238582e-01  1.052596e-03  7.846640e-01  9.734801e-04  
   1.1660300  8.260685e-01  1.078520e-03  8.260962e-01  1.078592e-03  7.867340e-01  9.975616e-04  
   1.1870300  8.283612e-01  1.104951e-03  8.283892e-01  1.105024e-03  7.888548e-01  1.022057e-03  
   1.2080300  8.307100e-01  1.131836e-03  8.307382e-01  1.131909e-03  7.910274e-01  1.046981e-03  
   1.2280300  8.329995e-01  1.157876e-03  8.330278e-01  1.157950e-03  7.931454e-01  1.071134e-03  
   1.2490300  8.354599e-01  1.185692e-03  8.354881e-01  1.185767e-03  7.954215e-01  1.096949e-03  
   1.2706300  8.380525e-01  1.214829e-03  8.380809e-01  1.214905e-03  7.978202e-01  1.124008e-03  
   1.2906300  8.405092e-01  1.242300e-03  8.405378e-01  1.242377e-03  8.000932e-01  1.149541e-03  
   1.3116300  8.431486e-01  1.271674e-03  8.431773e-01  1.271751e-03  8.025356e-01  1.176872e-03  
   1.3326300  8.458498e-01  1.301610e-03  8.458787e-01  1.301688e-03  8.050356e-01  1.204765e-03  
   1.3536299  8.486145e-01  1.332131e-03  8.486437e-01  1.332210e-03  8.075946e-01  1.233253e-03  
   1.3746300  8.514441e-01  1.363260e-03  8.514733e-01  1.363339e-03  8.102137e-01  1.262378e-03  
   1.3946300  8.542006e-01  1.393494e-03  8.542299e-01  1.393574e-03  8.127657e-01  1.290750e-03  
   1.4156300  8.571605e-01  1.425883e-03  8.571901e-01  1.425963e-03  8.155068e-01  1.321263e-03  
   1.4366300  8.601891e-01  1.458956e-03  8.602189e-01  1.459038e-03  8.183120e-01  1.352584e-03  
   1.4576300  8.632885e-01  1.492746e-03  8.633182e-01  1.492828e-03  8.211831e-01  1.384795e-03  
   1.4786299  8.664595e-01  1.527285e-03  8.664896e-01  1.527369e-03  8.241215e-01  1.417998e-03  
   1.4996300  8.697040e-01  1.562611e-03  8.697342e-01  1.562696e-03  8.271285e-01  1.452312e-03  
   1.5196300  8.728632e-01  1.597021e-03  8.728938e-01  1.597108e-03  8.300576e-01  1.486151e-03  
   1.5406300  8.762554e-01  1.634005e-03  8.762861e-01  1.634095e-03  8.332031e-01  1.523057e-03  
   1.5616300  8.797261e-01  1.671917e-03  8.797567e-01  1.672008e-03  8.364223e-01  1.561556e-03  
   1.5826300  8.832764e-01  1.710817e-03  8.833074e-01  1.710912e-03  8.397169e-01  1.601856e-03  
   1.6036299  8.869086e-01  1.750781e-03  8.869399e-01  1.750878e-03  8.430880e-01  1.644191e-03  
   1.6246300  8.906245e-01  1.791892e-03  8.906560e-01  1.791993e-03  8.465382e-01  1.688820e-03  
   1.6446300  8.942433e-01  1.832207e-03  8.942749e-01  1.832310e-03  8.498986e-01  1.733713e-03  
   1.6656300  8.981282e-01  1.875864e-03  8.981603e-01  1.875972e-03  8.535075e-01  1.783652e-03  
   1.6872300  9.022186e-01  1.922327e-03  9.022506e-01  1.922439e-03  8.573084e-01  1.838359e-03  
   1.7072300  9.060932e-01  1.966896e-03  9.061255e-01  1.967011e-03  8.609094e-01  1.892369e-03  
   1.7282300  9.102538e-01  2.015455e-03  9.102862e-01  2.015575e-03  8.647774e-01  1.952932e-03  
   1.7492300  9.145112e-01  2.065996e-03  9.145442e-01  2.066121e-03  8.687367e-01  2.017860e-03  
   1.7702301  9.188685e-01  2.118709e-03  9.189017e-01  2.118838e-03  8.727897e-01  2.087610e-03  
   1.7912300  9.233284e-01  2.173790e-03  9.233623e-01  2.173923e-03  8.769391e-01  2.162673e-03  
   1.8112299  9.276741e-01  2.228624e-03  9.277076e-01  2.228763e-03  8.809833e-01  2.239571e-03  
   1.8322300  9.323419e-01  2.288872e-03  9.323760e-01  2.289016e-03  8.853293e-01  2.326505e-03  
   1.8532300  9.371209e-01  2.352020e-03  9.371554e-01  2.352169e-03  8.897797e-01  2.420304e-03  
   1.8742300  9.420143e-01  2.418207e-03  9.420493e-01  2.418362e-03  8.943388e-01  2.521487e-03  
   1.8952301  9.470248e-01  2.487543e-03  9.470595e-01  2.487702e-03  8.990090e-01  2.630556e-03  
   1.9162300  9.521565e-01  2.560102e-03  9.521918e-01  2.560268e-03  9.037933e-01  2.747989e-03  
   1.9362299  9.571583e-01  2.632249e-03  9.571940e-01  2.632421e-03  9.084588e-01  2.868048e-03  
   1.9572300  9.625354e-01  2.711226e-03  9.625713e-01  2.711405e-03  9.134762e-01  3.003229e-03  
   1.9782300  9.680443e-01  2.793532e-03  9.680808e-01  2.793718e-03  9.186195e-01  3.148351e-03  
   1.9992300  9.736885e-01  2.879207e-03  9.737252e-01  2.879403e-03  9.238916e-01  3.304182e-03  
   2.0202301  9.794739e-01  2.968337e-03  9.795111e-01  2.968543e-03  9.292977e-01  3.471751e-03  
   2.0412300  9.854029e-01  3.061068e-03  9.854406e-01  3.061285e-03  9.348423e-01  3.652426e-03  
   2.0612299  9.911893e-01  3.152951e-03  9.912276e-01  3.153179e-03  9.402557e-01  3.838312e-03  
   2.0822301  9.974161e-01  3.253499e-03  9.974546e-01  3.253741e-03  9.460838e-01  4.050130e-03  
   2.1038301  1.003989e+00  3.361745e-03  1.004028e+00  3.362002e-03  9.522378e-01  4.288542e-03  
   2.1238301  1.010231e+00  3.466863e-03  1.010270e+00  3.467133e-03  9.580834e-01  4.530710e-03  
   2.1448300  1.016954e+00  3.582943e-03  1.016993e+00  3.583228e-03  9.643785e-01  4.810344e-03  
   2.1658299  1.023854e+00  3.705595e-03  1.023894e+00  3.705895e-03  9.708378e-01  5.119273e-03  
   2.1868300  1.030940e+00  3.835608e-03  1.030981e+00  3.835924e-03  9.774652e-01  5.460777e-03  
   2.2078300  1.038218e+00  3.973779e-03  1.038259e+00  3.974108e-03  9.842646e-01  5.837784e-03  
   2.2278299  1.045334e+00  4.113673e-03  1.045376e+00  4.114015e-03  9.909023e-01  6.232071e-03  
   2.2488301  1.053007e+00  4.269987e-03  1.053049e+00  4.270340e-03  9.980454e-01  6.684753e-03  
   2.2698300  1.060893e+00  4.436623e-03  1.060937e+00  4.436986e-03  1.005369e+00  7.178029e-03  
   2.2908299  1.069003e+00  4.614208e-03  1.069047e+00  4.614581e-03  1.012879e+00  7.712132e-03  
   2.3118300  1.077345e+00  4.803322e-03  1.077389e+00  4.803700e-03  1.020578e+00  8.286554e-03  
   2.3328300  1.085928e+00  5.004513e-03  1.085972e+00  5.004897e-03  1.028471e+00  8.900185e-03  
   2.3528299  1.094335e+00  5.207878e-03  1.094381e+00  5.208267e-03  1.036176e+00  9.519665e-03  
   2.3738301  1.103420e+00  5.434368e-03  1.103466e+00  5.434765e-03  1.044469e+00  1.020529e-02  
   2.3948300  1.112778e+00  5.674852e-03  1.112826e+00  5.675257e-03  1.052979e+00  1.092524e-02  
   2.4158299  1.122424e+00  5.930220e-03  1.122472e+00  5.930637e-03  1.061715e+00  1.167792e-02  
   2.4368300  1.132370e+00  6.201547e-03  1.132419e+00  6.201976e-03  1.070687e+00  1.246208e-02  
   2.4578300  1.142632e+00  6.490109e-03  1.142682e+00  6.490559e-03  1.079905e+00  1.327675e-02  
   2.4778299  1.152714e+00  6.782337e-03  1.152765e+00  6.782810e-03  1.088926e+00  1.408048e-02  
   2.4988301  1.163641e+00  7.109128e-03  1.163692e+00  7.109634e-03  1.098663e+00  1.495339e-02  
   2.5204301  1.175264e+00  7.468648e-03  1.175316e+00  7.469193e-03  1.108977e+00  1.588223e-02  
   2.5404301  1.186392e+00  7.824789e-03  1.186445e+00  7.825379e-03  1.118813e+00  1.677045e-02  
   2.5614300  1.198478e+00  8.225278e-03  1.198532e+00  8.225923e-03  1.129452e+00  1.773260e-02  
   2.5824299  1.210998e+00  8.655798e-03  1.211053e+00  8.656507e-03  1.140430e+00  1.872550e-02  
   2.6034300  1.223982e+00  9.119717e-03  1.224038e+00  9.120500e-03  1.151772e+00  1.975000e-02  
   2.6244299  1.237458e+00  9.620996e-03  1.237515e+00  9.621857e-03  1.163501e+00  2.080737e-02  
   2.6444299  1.250782e+00  1.013757e-02  1.250841e+00  1.013852e-02  1.175059e+00  2.184687e-02  
   2.6654301  1.265323e+00  1.072690e-02  1.265383e+00  1.072795e-02  1.187633e+00  2.297557e-02  
   2.6864300  1.280469e+00  1.137188e-02  1.280531e+00  1.137304e-02  1.200694e+00  2.414719e-02  
   2.7074299  1.296268e+00  1.208257e-02  1.296332e+00  1.208386e-02  1.214283e+00  2.536894e-02  
   2.7284300  1.312775e+00  1.287225e-02  1.312841e+00  1.287367e-02  1.228448e+00  2.665104e-02  
   2.7494299  1.330049e+00  1.375854e-02  1.330116e+00  1.376012e-02  1.243241e+00  2.800757e-02  
   2.7694299  1.347275e+00  1.471391e-02  1.347344e+00  1.471566e-02  1.257967e+00  2.938613e-02  
   2.7904301  1.366250e+00  1.586379e-02  1.366321e+00  1.586577e-02  1.274159e+00  3.094876e-02  
   2.8114300  1.386217e+00  1.720440e-02  1.386290e+00  1.720666e-02  1.291167e+00  3.266160e-02  
   2.8324299  1.407267e+00  1.878973e-02  1.407344e+00  1.879235e-02  1.309066e+00  3.456688e-02  
   2.8534300  1.429505e+00  2.069018e-02  1.429584e+00  2.069329e-02  1.327938e+00  3.671855e-02  
   2.8744299  1.453037e+00  2.299662e-02  1.453119e+00  2.300036e-02  1.347869e+00  3.918471e-02  
   2.8944299  1.476755e+00  2.567636e-02  1.476841e+00  2.568090e-02  1.367918e+00  4.190366e-02  
   2.9154301  1.503143e+00  2.913638e-02  1.503232e+00  2.914206e-02  1.390177e+00  4.524836e-02  
   2.9370301  1.531985e+00  3.357114e-02  1.532078e+00  3.357835e-02  1.414463e+00  4.934572e-02  
   2.9570301  1.560322e+00  3.867182e-02  1.560419e+00  3.868092e-02  1.438287e+00  5.387987e-02  
   2.9780300  1.591841e+00  4.530556e-02  1.591943e+00  4.531721e-02  1.464766e+00  5.958792e-02  
   2.9990301  1.625218e+00  5.354191e-02  1.625325e+00  5.355686e-02  1.492810e+00  6.648339e-02  
   3.0200300  1.660461e+00  6.371801e-02  1.660573e+00  6.373709e-02  1.522461e+00  7.482191e-02  
   3.0410299  1.697518e+00  7.620551e-02  1.697636e+00  7.622974e-02  1.553732e+00  8.489586e-02  
   3.0610299  1.734390e+00  9.060993e-02  1.734513e+00  9.064008e-02  1.584993e+00  9.640212e-02  
   3.0820301  1.774573e+00  1.087629e-01  1.774700e+00  1.088004e-01  1.619287e+00  1.108331e-01  
   3.1030300  1.815970e+00  1.304112e-01  1.816103e+00  1.304573e-01  1.654939e+00  1.280415e-01  
   3.1240301  1.858201e+00  1.559269e-01  1.858337e+00  1.559827e-01  1.691723e+00  1.484140e-01  
   3.1450300  1.900784e+00  1.856267e-01  1.900924e+00  1.856935e-01  1.729324e+00  1.723291e-01  
   3.1660299  1.943156e+00  2.197495e-01  1.943300e+00  2.198282e-01  1.767333e+00  2.001381e-01  
   3.1860299  1.982732e+00  2.564840e-01  1.982877e+00  2.565746e-01  1.803455e+00  2.305184e-01  
   3.2070301  2.022815e+00  2.995168e-01  2.022961e+00  2.996205e-01  1.840737e+00  2.667242e-01  
   3.2280300  2.060699e+00  3.469976e-01  2.060843e+00  3.471142e-01  1.876695e+00  3.074622e-01  
   3.2490301  2.095699e+00  3.986602e-01  2.095840e+00  3.987894e-01  1.910609e+00  3.527316e-01  
   3.2700300  2.127180e+00  4.540943e-01  2.127317e+00  4.542352e-01  1.941720e+00  4.023834e-01  
   3.2910299  2.154591e+00  5.127628e-01  2.154724e+00  5.129138e-01  1.969276e+00  4.561106e-01  
   3.3110299  2.176522e+00  5.710567e-01  2.176648e+00  5.712164e-01  1.991561e+00  5.106382e-01  
   3.3320301  2.194883e+00  6.341184e-01  2.195003e+00  6.342853e-01  2.010195e+00  5.708165e-01  
   3.3536301  2.208643e+00  7.001835e-01  2.208755e+00  7.003554e-01  2.023741e+00  6.350425e-01  
   3.3736300  2.216768e+00  7.617409e-01  2.216871e+00  7.619153e-01  2.030870e+00  6.957894e-01  
   3.3946300  2.220688e+00  8.260942e-01  2.220783e+00  8.262690e-01  2.032595e+00  7.599668e-01  
   3.4156301  2.220182e+00  8.895476e-01  2.220270e+00  8.897214e-01  2.028467e+00  8.235744e-01  
   3.4366300  2.215658e+00  9.515862e-01  2.215739e+00  9.517571e-01  2.018748e+00  8.856409e-01  
   3.4576299  2.207592e+00  1.011826e+00  2.207665e+00  1.011993e+00  2.003912e+00  9.452699e-01  
   3.4776299  2.197079e+00  1.067295e+00  2.197149e+00  1.067457e+00  1.985631e+00  9.990856e-01  
   3.4986300  2.183549e+00  1.123423e+00  2.183614e+00  1.123580e+00  1.962853e+00  1.051881e+00  
   3.5196300  2.167923e+00  1.177376e+00  2.167985e+00  1.177526e+00  1.937304e+00  1.100466e+00  
   3.5406301  2.150604e+00  1.229235e+00  2.150663e+00  1.229380e+00  1.909945e+00  1.144642e+00  
   3.5616300  2.131912e+00  1.279139e+00  2.131969e+00  1.279278e+00  1.881713e+00  1.184428e+00  
   3.5826299  2.112090e+00  1.327252e+00  2.112145e+00  1.327386e+00  1.853483e+00  1.220047e+00  
   3.6026299  2.092314e+00  1.371555e+00  2.092368e+00  1.371684e+00  1.827280e+00  1.250458e+00  
   3.6236300  2.070714e+00  1.416601e+00  2.070767e+00  1.416725e+00  1.801045e+00  1.279206e+00  
   3.6446300  2.048336e+00  1.460212e+00  2.048387e+00  1.460332e+00  1.776513e+00  1.305286e+00  
   3.6656301  2.025250e+00  1.502410e+00  2.025298e+00  1.502526e+00  1.753900e+00  1.329322e+00  
   3.6866300  2.001554e+00  1.543158e+00  2.001600e+00  1.543270e+00  1.733245e+00  1.351910e+00  
   3.7076299  1.977391e+00  1.582382e+00  1.977434e+00  1.582491e+00  1.714443e+00  1.373572e+00  
   3.7276299  1.954135e+00  1.618236e+00  1.954175e+00  1.618343e+00  1.698071e+00  1.393718e+00  
   3.7486300  1.929732e+00  1.654230e+00  1.929767e+00  1.654335e+00  1.682246e+00  1.414649e+00  
   3.7702301  1.905020e+00  1.689450e+00  1.905051e+00  1.689553e+00  1.667163e+00  1.436115e+00  
   3.7902300  1.882880e+00  1.720467e+00  1.882908e+00  1.720571e+00  1.654071e+00  1.455996e+00  
   3.8112299  1.860844e+00  1.751523e+00  1.860867e+00  1.751630e+00  1.641097e+00  1.476863e+00  
   3.8322301  1.840512e+00  1.781296e+00  1.840531e+00  1.781406e+00  1.628873e+00  1.497669e+00  
   3.8532300  1.822327e+00  1.810185e+00  1.822343e+00  1.810301e+00  1.617467e+00  1.518362e+00  
   3.8742299  1.806675e+00  1.838734e+00  1.806686e+00  1.838859e+00  1.607045e+00  1.538936e+00  
   3.8942299  1.794381e+00  1.866221e+00  1.794388e+00  1.866354e+00  1.598255e+00  1.558482e+00  
   3.9152300  1.784355e+00  1.896141e+00  1.784359e+00  1.896286e+00  1.590493e+00  1.579127e+00  
   3.9362299  1.777262e+00  1.927994e+00  1.777261e+00  1.928153e+00  1.584526e+00  1.600197e+00  
   3.9572301  1.772892e+00  1.962687e+00  1.772887e+00  1.962861e+00  1.580612e+00  1.622129e+00  
   3.9782300  1.770822e+00  2.001125e+00  1.770810e+00  2.001316e+00  1.578929e+00  1.645489e+00  
   3.9992299  1.770411e+00  2.044170e+00  1.770392e+00  2.044379e+00  1.579532e+00  1.670954e+00  
   4.0192299  1.770788e+00  2.090152e+00  1.770761e+00  2.090379e+00  1.582141e+00  1.697862e+00  
   4.0402298  1.770989e+00  2.144271e+00  1.770953e+00  2.144517e+00  1.586741e+00  1.729683e+00  
   4.0612302  1.769801e+00  2.204809e+00  1.769754e+00  2.205072e+00  1.592764e+00  1.765964e+00  
   4.0822301  1.765886e+00  2.271986e+00  1.765828e+00  2.272267e+00  1.599501e+00  1.807483e+00  
   4.1032300  1.757820e+00  2.345776e+00  1.757749e+00  2.346073e+00  1.606025e+00  1.854924e+00  
   4.1242299  1.744144e+00  2.425882e+00  1.744059e+00  2.426193e+00  1.611204e+00  1.908825e+00  
   4.1442299  1.724586e+00  2.507526e+00  1.724486e+00  2.507848e+00  1.613680e+00  1.966472e+00  
   4.1652298  1.695879e+00  2.598075e+00  1.695764e+00  2.598405e+00  1.612303e+00  2.033713e+00  
   4.1868300  1.656337e+00  2.695243e+00  1.656205e+00  2.695579e+00  1.605033e+00  2.109833e+00  
   4.2068300  1.609667e+00  2.787640e+00  1.609520e+00  2.787977e+00  1.591528e+00  2.186100e+00  
   4.2278299  1.549427e+00  2.885727e+00  1.549264e+00  2.886061e+00  1.568851e+00  2.271310e+00  
   4.2488298  1.477073e+00  2.983305e+00  1.476895e+00  2.983630e+00  1.536085e+00  2.360556e+00  
   4.2698302  1.392253e+00  3.078647e+00  1.392061e+00  3.078958e+00  1.492029e+00  2.452273e+00  
   4.2908301  1.294900e+00  3.169958e+00  1.294696e+00  3.170252e+00  1.435776e+00  2.544595e+00  
   4.3108301  1.190725e+00  3.251535e+00  1.190510e+00  3.251806e+00  1.370360e+00  2.631178e+00  
   4.3318300  1.069783e+00  3.329835e+00  1.069558e+00  3.330078e+00  1.289115e+00  2.718537e+00  
   4.3528299  9.377582e-01  3.398930e+00  9.375266e-01  3.399137e+00  1.195324e+00  2.800011e+00  
   4.3738298  7.956882e-01  3.457227e+00  7.954507e-01  3.457396e+00  1.089780e+00  2.873386e+00  
   4.3948302  6.448629e-01  3.503277e+00  6.446214e-01  3.503403e+00  9.737305e-01  2.936613e+00  
   4.4158301  4.868227e-01  3.535797e+00  4.865784e-01  3.535877e+00  8.488455e-01  2.987910e+00  
   4.4358301  3.311982e-01  3.553210e+00  3.309533e-01  3.553241e+00  7.235268e-01  3.024377e+00  
   4.4568300  1.642939e-01  3.556443e+00  1.640494e-01  3.556422e+00  5.874143e-01  3.048700e+00  
   4.4778299  -4.126685e-03  3.543689e+00  -4.369117e-03  3.543615e+00  4.490334e-01  3.058192e+00  
   4.4988298  -1.718408e-01  3.514663e+00  -1.720797e-01  3.514535e+00  3.108324e-01  3.052800e+00  
   4.5198302  -3.365560e-01  3.469403e+00  -3.367900e-01  3.469222e+00  1.751834e-01  3.032942e+00  
   4.5408301  -4.959540e-01  3.408302e+00  -4.961812e-01  3.408071e+00  4.429416e-02  2.999469e+00  
   4.5608301  -6.407553e-01  3.336073e+00  -6.409743e-01  3.335798e+00  -7.416113e-02  2.956041e+00  
   4.5818300  -7.833894e-01  3.246572e+00  -7.835981e-01  3.246255e+00  -1.904671e-01  2.899766e+00  
   4.6034298  -9.180480e-01  3.141461e+00  -9.182435e-01  3.141105e+00  -3.001629e-01  2.832248e+00  
   4.6234298  -1.030296e+00  3.034038e+00  -1.030477e+00  3.033653e+00  -3.919239e-01  2.762743e+00  
   4.6444302  -1.134038e+00  2.912833e+00  -1.134203e+00  2.912423e+00  -4.776275e-01  2.684340e+00  
   4.6654301  -1.222457e+00  2.785302e+00  -1.222603e+00  2.784874e+00  -5.522642e-01  2.602189e+00  
   4.6864300  -1.295135e+00  2.653886e+00  -1.295261e+00  2.653448e+00  -6.159826e-01  2.518018e+00  
   4.7074299  -1.352127e+00  2.521052e+00  -1.352231e+00  2.520610e+00  -6.691914e-01  2.433399e+00  
   4.7274299  -1.392280e+00  2.395405e+00  -1.392362e+00  2.394964e+00  -7.106568e-01  2.353662e+00  
   4.7484298  -1.420481e+00  2.266489e+00  -1.420541e+00  2.266053e+00  -7.452584e-01  2.271956e+00  
   4.7694302  -1.435609e+00  2.142548e+00  -1.435647e+00  2.142123e+00  -7.715547e-01  2.193257e+00  
   4.7904301  -1.439160e+00  2.025172e+00  -1.439175e+00  2.024761e+00  -7.904586e-01  2.118300e+00  
   4.8114300  -1.432788e+00  1.915562e+00  -1.432783e+00  1.915167e+00  -8.028978e-01  2.047612e+00  
   4.8324299  -1.418213e+00  1.814534e+00  -1.418188e+00  1.814157e+00  -8.097795e-01  1.981528e+00  
   4.8524299  -1.398252e+00  1.726706e+00  -1.398210e+00  1.726346e+00  -8.119556e-01  1.923032e+00  
   4.8734298  -1.372442e+00  1.643406e+00  -1.372384e+00  1.643065e+00  -8.104120e-01  1.866307e+00  
   4.8944302  -1.343090e+00  1.569085e+00  -1.343017e+00  1.568763e+00  -8.056620e-01  1.814316e+00  
   4.9154301  -1.311463e+00  1.503369e+00  -1.311377e+00  1.503064e+00  -7.983528e-01  1.766899e+00  
   4.9364300  -1.278631e+00  1.445715e+00  -1.278532e+00  1.445426e+00  -7.890506e-01  1.723826e+00  
   4.9574299  -1.245462e+00  1.395478e+00  -1.245353e+00  1.395204e+00  -7.782414e-01  1.684829e+00  
   4.9774299  -1.214187e+00  1.353891e+00  -1.214069e+00  1.353631e+00  -7.669226e-01  1.651207e+00  
   4.9984298  -1.182174e+00  1.316109e+00  -1.182047e+00  1.315861e+00  -7.542924e-01  1.619305e+00  
