w Re-xx Im-xx Re-yy Im-yy Re-zz Im-zz
# Gaussian absolute broadening  0.15 [eV]
   0.0000000  7.689842e-01  8.855345e-05  7.690053e-01  8.855387e-05  7.247701e-01  7.883697e-05  
   0.0200000  7.690842e-01  9.477320e-05  7.691054e-01  9.477374e-05  7.248592e-01  8.437168e-05  
   0.0410000  7.692030e-01  1.018610e-04  7.692245e-01  1.018617e-04  7.249650e-01  9.067844e-05  
   0.0620000  7.693390e-01  1.095557e-04  7.693601e-01  1.095566e-04  7.250857e-01  9.752480e-05  
   0.0830000  7.694927e-01  1.178913e-04  7.695141e-01  1.178925e-04  7.252228e-01  1.049409e-04  
   0.1040000  7.696673e-01  1.268973e-04  7.696888e-01  1.268989e-04  7.253783e-01  1.129529e-04  
   0.1240000  7.698548e-01  1.361192e-04  7.698761e-01  1.361211e-04  7.255451e-01  1.211562e-04  
   0.1450000  7.700757e-01  1.464942e-04  7.700972e-01  1.464966e-04  7.257420e-01  1.303846e-04  
   0.1660000  7.703242e-01  1.575846e-04  7.703456e-01  1.575877e-04  7.259627e-01  1.402485e-04  
   0.1870000  7.706015e-01  1.693870e-04  7.706231e-01  1.693908e-04  7.262095e-01  1.507444e-04  
   0.2080000  7.709103e-01  1.818867e-04  7.709315e-01  1.818914e-04  7.264845e-01  1.618594e-04  
   0.2290000  7.712520e-01  1.950586e-04  7.712736e-01  1.950642e-04  7.267885e-01  1.735708e-04  
   0.2490000  7.716098e-01  2.081959e-04  7.716313e-01  2.082025e-04  7.271068e-01  1.852498e-04  
   0.2700000  7.720206e-01  2.225701e-04  7.720421e-01  2.225780e-04  7.274723e-01  1.980269e-04  
   0.2910000  7.724681e-01  2.374894e-04  7.724895e-01  2.374986e-04  7.278705e-01  2.112864e-04  
   0.3120000  7.729536e-01  2.529000e-04  7.729749e-01  2.529105e-04  7.283027e-01  2.249802e-04  
   0.3330000  7.734771e-01  2.687465e-04  7.734987e-01  2.687583e-04  7.287685e-01  2.390591e-04  
   0.3540000  7.740396e-01  2.849754e-04  7.740612e-01  2.849887e-04  7.292683e-01  2.534749e-04  
   0.3740000  7.746107e-01  3.007416e-04  7.746325e-01  3.007561e-04  7.297764e-01  2.674766e-04  
   0.3950000  7.752482e-01  3.175786e-04  7.752700e-01  3.175943e-04  7.303435e-01  2.824262e-04  
   0.4160000  7.759241e-01  3.346676e-04  7.759458e-01  3.346845e-04  7.309445e-01  2.975958e-04  
   0.4374300  7.766541e-01  3.523341e-04  7.766758e-01  3.523522e-04  7.315935e-01  3.132741e-04  
   0.4574300  7.773711e-01  3.690067e-04  7.773929e-01  3.690255e-04  7.322312e-01  3.280661e-04  
   0.4784300  7.781613e-01  3.866877e-04  7.781832e-01  3.867074e-04  7.329336e-01  3.437486e-04  
   0.4994300  7.789899e-01  4.045359e-04  7.790115e-01  4.045562e-04  7.336699e-01  3.595744e-04  
   0.5204300  7.798566e-01  4.225441e-04  7.798783e-01  4.225649e-04  7.344404e-01  3.755369e-04  
   0.5414300  7.807618e-01  4.407090e-04  7.807838e-01  4.407302e-04  7.352451e-01  3.916329e-04  
   0.5614300  7.816601e-01  4.581542e-04  7.816822e-01  4.581757e-04  7.360433e-01  4.070859e-04  
   0.5824300  7.826412e-01  4.766260e-04  7.826635e-01  4.766478e-04  7.369149e-01  4.234424e-04  
   0.6034300  7.836613e-01  4.952597e-04  7.836834e-01  4.952816e-04  7.378212e-01  4.399357e-04  
   0.6244300  7.847213e-01  5.140600e-04  7.847434e-01  5.140821e-04  7.387625e-01  4.565700e-04  
   0.6454300  7.858210e-01  5.330328e-04  7.858433e-01  5.330552e-04  7.397391e-01  4.733498e-04  
   0.6664300  7.869605e-01  5.521842e-04  7.869830e-01  5.522067e-04  7.407510e-01  4.902805e-04  
   0.6864300  7.880834e-01  5.705956e-04  7.881059e-01  5.706184e-04  7.417480e-01  5.065497e-04  
   0.7074300  7.893023e-01  5.901152e-04  7.893249e-01  5.901383e-04  7.428299e-01  5.237907e-04  
   0.7284300  7.905623e-01  6.098340e-04  7.905850e-01  6.098576e-04  7.439485e-01  5.411993e-04  
   0.7494300  7.918642e-01  6.297599e-04  7.918870e-01  6.297838e-04  7.451036e-01  5.587821e-04  
   0.7704300  7.932079e-01  6.498998e-04  7.932307e-01  6.499245e-04  7.462958e-01  5.765454e-04  
   0.7914300  7.945946e-01  6.702631e-04  7.946174e-01  6.702881e-04  7.475253e-01  5.944957e-04  
   0.8114300  7.959542e-01  6.898706e-04  7.959771e-01  6.898965e-04  7.487315e-01  6.117715e-04  
   0.8324300  7.974247e-01  7.106926e-04  7.974476e-01  7.107193e-04  7.500353e-01  6.301073e-04  
   0.8540300  7.989836e-01  7.323691e-04  7.990065e-01  7.323970e-04  7.514172e-01  6.491852e-04  
   0.8740300  8.004683e-01  7.526830e-04  8.004914e-01  7.527120e-04  7.527332e-01  6.670537e-04  
   0.8950300  8.020714e-01  7.742736e-04  8.020947e-01  7.743040e-04  7.541539e-01  6.860353e-04  
   0.9160300  8.037201e-01  7.961420e-04  8.037434e-01  7.961740e-04  7.556145e-01  7.052491e-04  
   0.9370300  8.054148e-01  8.182982e-04  8.054383e-01  8.183325e-04  7.571155e-01  7.247049e-04  
   0.9580300  8.071564e-01  8.407533e-04  8.071800e-01  8.407900e-04  7.586578e-01  7.444108e-04  
   0.9780300  8.088595e-01  8.624277e-04  8.088833e-01  8.624669e-04  7.601655e-01  7.634201e-04  
   0.9990300  8.106948e-01  8.854989e-04  8.107185e-01  8.855413e-04  7.617899e-01  7.836426e-04  
   1.0200300  8.125789e-01  9.089027e-04  8.126026e-01  9.089487e-04  7.634568e-01  8.041434e-04  
   1.0410300  8.145126e-01  9.326517e-04  8.145366e-01  9.327010e-04  7.651675e-01  8.249326e-04  
   1.0620300  8.164968e-01  9.567570e-04  8.165208e-01  9.568101e-04  7.669224e-01  8.460208e-04  
   1.0830300  8.185320e-01  9.812322e-04  8.185561e-01  9.812893e-04  7.687218e-01  8.674171e-04  
   1.1030300  8.205181e-01  1.004897e-03  8.205425e-01  1.004958e-03  7.704773e-01  8.880920e-04  
   1.1240300  8.226551e-01  1.030131e-03  8.226798e-01  1.030196e-03  7.723659e-01  9.101221e-04  
   1.1450300  8.248457e-01  1.055773e-03  8.248703e-01  1.055842e-03  7.743006e-01  9.324932e-04  
   1.1660300  8.270905e-01  1.081838e-03  8.271153e-01  1.081911e-03  7.762831e-01  9.552170e-04  
   1.1870300  8.293906e-01  1.108340e-03  8.294157e-01  1.108417e-03  7.783138e-01  9.783050e-04  
   1.2080300  8.317465e-01  1.135296e-03  8.317716e-01  1.135376e-03  7.803929e-01  1.001771e-03  
   1.2280300  8.340430e-01  1.161403e-03  8.340683e-01  1.161486e-03  7.824188e-01  1.024480e-03  
   1.2490300  8.365109e-01  1.189289e-03  8.365363e-01  1.189375e-03  7.845955e-01  1.048719e-03  
   1.2706300  8.391111e-01  1.218497e-03  8.391369e-01  1.218586e-03  7.868881e-01  1.074087e-03  
   1.2906300  8.415753e-01  1.246032e-03  8.416010e-01  1.246124e-03  7.890599e-01  1.097982e-03  
   1.3116300  8.442227e-01  1.275473e-03  8.442486e-01  1.275565e-03  7.913923e-01  1.123510e-03  
   1.3326300  8.469320e-01  1.305472e-03  8.469580e-01  1.305567e-03  7.937783e-01  1.149502e-03  
   1.3536299  8.497049e-01  1.336052e-03  8.497312e-01  1.336148e-03  7.962195e-01  1.175974e-03  
   1.3746300  8.525429e-01  1.367236e-03  8.525691e-01  1.367333e-03  7.987168e-01  1.202945e-03  
   1.3946300  8.553073e-01  1.397515e-03  8.553337e-01  1.397614e-03  8.011487e-01  1.229112e-03  
   1.4156300  8.582756e-01  1.429941e-03  8.583024e-01  1.430041e-03  8.037590e-01  1.257110e-03  
   1.4366300  8.613131e-01  1.463040e-03  8.613401e-01  1.463141e-03  8.064287e-01  1.285662e-03  
   1.4576300  8.644211e-01  1.496838e-03  8.644481e-01  1.496940e-03  8.091591e-01  1.314790e-03  
   1.4786299  8.676009e-01  1.531359e-03  8.676283e-01  1.531462e-03  8.119517e-01  1.344513e-03  
   1.4996300  8.708543e-01  1.566632e-03  8.708820e-01  1.566736e-03  8.148076e-01  1.374856e-03  
   1.5196300  8.740221e-01  1.600949e-03  8.740500e-01  1.601055e-03  8.175867e-01  1.404348e-03  
   1.5406300  8.774230e-01  1.637771e-03  8.774512e-01  1.637880e-03  8.205695e-01  1.435963e-03  
   1.5616300  8.809023e-01  1.675433e-03  8.809307e-01  1.675544e-03  8.236193e-01  1.468267e-03  
   1.5826300  8.844614e-01  1.713966e-03  8.844901e-01  1.714080e-03  8.267377e-01  1.501284e-03  
   1.6036299  8.881024e-01  1.753404e-03  8.881313e-01  1.753522e-03  8.299261e-01  1.535043e-03  
   1.6246300  8.918272e-01  1.793786e-03  8.918563e-01  1.793907e-03  8.331862e-01  1.569572e-03  
   1.6446300  8.954538e-01  1.833152e-03  8.954831e-01  1.833276e-03  8.363587e-01  1.603199e-03  
   1.6656300  8.993469e-01  1.875482e-03  8.993766e-01  1.875611e-03  8.397627e-01  1.639319e-03  
   1.6872300  9.034460e-01  1.920127e-03  9.034759e-01  1.920261e-03  8.433443e-01  1.677374e-03  
   1.7072300  9.073278e-01  1.962509e-03  9.073579e-01  1.962647e-03  8.467346e-01  1.713459e-03  
   1.7282300  9.114960e-01  2.008134e-03  9.115263e-01  2.008278e-03  8.503727e-01  1.752264e-03  
   1.7492300  9.157614e-01  2.054961e-03  9.157920e-01  2.055111e-03  8.540933e-01  1.792047e-03  
   1.7702301  9.201259e-01  2.103044e-03  9.201571e-01  2.103201e-03  8.578983e-01  1.832849e-03  
   1.7912300  9.245931e-01  2.152441e-03  9.246247e-01  2.152601e-03  8.617905e-01  1.874716e-03  
   1.8112299  9.289458e-01  2.200762e-03  9.289774e-01  2.200929e-03  8.655800e-01  1.915627e-03  
   1.8322300  9.336209e-01  2.252899e-03  9.336531e-01  2.253073e-03  8.696481e-01  1.959718e-03  
   1.8532300  9.384080e-01  2.306541e-03  9.384404e-01  2.306721e-03  8.738105e-01  2.005026e-03  
   1.8742300  9.433090e-01  2.361761e-03  9.433418e-01  2.361947e-03  8.780694e-01  2.051612e-03  
   1.8952301  9.483284e-01  2.418639e-03  9.483619e-01  2.418831e-03  8.824279e-01  2.099533e-03  
   1.9162300  9.534694e-01  2.477261e-03  9.535028e-01  2.477459e-03  8.868885e-01  2.148862e-03  
   1.9362299  9.584808e-01  2.534798e-03  9.585144e-01  2.535003e-03  8.912334e-01  2.197213e-03  
   1.9572300  9.638683e-01  2.597106e-03  9.639029e-01  2.597316e-03  8.959013e-01  2.249501e-03  
   1.9782300  9.693893e-01  2.661466e-03  9.694238e-01  2.661685e-03  9.006805e-01  2.303428e-03  
   1.9992300  9.750460e-01  2.728007e-03  9.750810e-01  2.728231e-03  9.055735e-01  2.359092e-03  
   2.0202301  9.808439e-01  2.796873e-03  9.808794e-01  2.797106e-03  9.105850e-01  2.416597e-03  
   2.0412300  9.867876e-01  2.868225e-03  9.868237e-01  2.868465e-03  9.157172e-01  2.476062e-03  
   2.0612299  9.925876e-01  2.938658e-03  9.926242e-01  2.938906e-03  9.207213e-01  2.534635e-03  
   2.0822301  9.988298e-01  3.015416e-03  9.988669e-01  3.015672e-03  9.261020e-01  2.598320e-03  
   2.1038301  1.005418e+00  3.097603e-03  1.005456e+00  3.097870e-03  9.317759e-01  2.666329e-03  
   2.1238301  1.011676e+00  3.176874e-03  1.011714e+00  3.177151e-03  9.371592e-01  2.731737e-03  
   2.1448300  1.018415e+00  3.263680e-03  1.018454e+00  3.263966e-03  9.429518e-01  2.803141e-03  
   2.1658299  1.025333e+00  3.354466e-03  1.025372e+00  3.354765e-03  9.488919e-01  2.877570e-03  
   2.1868300  1.032437e+00  3.449604e-03  1.032477e+00  3.449917e-03  9.549853e-01  2.955285e-03  
   2.2078300  1.039734e+00  3.549496e-03  1.039774e+00  3.549821e-03  9.612374e-01  3.036576e-03  
   2.2278299  1.046871e+00  3.649461e-03  1.046912e+00  3.649800e-03  9.673457e-01  3.117617e-03  
   2.2488301  1.054567e+00  3.759958e-03  1.054609e+00  3.760312e-03  9.739262e-01  3.206854e-03  
   2.2698300  1.062481e+00  3.876633e-03  1.062523e+00  3.877003e-03  9.806833e-01  3.300722e-03  
   2.2908299  1.070620e+00  4.000052e-03  1.070663e+00  4.000441e-03  9.876267e-01  3.399649e-03  
   2.3118300  1.078995e+00  4.130807e-03  1.079039e+00  4.131216e-03  9.947609e-01  3.504107e-03  
   2.3328300  1.087616e+00  4.269528e-03  1.087660e+00  4.269958e-03  1.002096e+00  3.614604e-03  
   2.3528299  1.096063e+00  4.409660e-03  1.096108e+00  4.410112e-03  1.009274e+00  3.725972e-03  
   2.3738301  1.105194e+00  4.565889e-03  1.105240e+00  4.566366e-03  1.017022e+00  3.849930e-03  
   2.3948300  1.114603e+00  4.732162e-03  1.114650e+00  4.732666e-03  1.024996e+00  3.981736e-03  
   2.4158299  1.124304e+00  4.909263e-03  1.124352e+00  4.909795e-03  1.033206e+00  4.122124e-03  
   2.4368300  1.134311e+00  5.098032e-03  1.134359e+00  5.098597e-03  1.041663e+00  4.271904e-03  
   2.4578300  1.144639e+00  5.299385e-03  1.144689e+00  5.299982e-03  1.050377e+00  4.431969e-03  
   2.4778299  1.154788e+00  5.503755e-03  1.154839e+00  5.504388e-03  1.058927e+00  4.594877e-03  
   2.4988301  1.165792e+00  5.732656e-03  1.165843e+00  5.733330e-03  1.068181e+00  4.777998e-03  
   2.5204301  1.177500e+00  5.984703e-03  1.177552e+00  5.985423e-03  1.078010e+00  4.980555e-03  
   2.5404301  1.188714e+00  6.234464e-03  1.188768e+00  6.235230e-03  1.087406e+00  5.182291e-03  
   2.5614300  1.200898e+00  6.515336e-03  1.200953e+00  6.516156e-03  1.097594e+00  5.410397e-03  
   2.5824299  1.213526e+00  6.817322e-03  1.213582e+00  6.818200e-03  1.108130e+00  5.657071e-03  
   2.6034300  1.226628e+00  7.142956e-03  1.226685e+00  7.143897e-03  1.119036e+00  5.924577e-03  
   2.6244299  1.240234e+00  7.495368e-03  1.240293e+00  7.496386e-03  1.130333e+00  6.215597e-03  
   2.6444299  1.253695e+00  7.859554e-03  1.253756e+00  7.860641e-03  1.141478e+00  6.517597e-03  
   2.6654301  1.268395e+00  8.276843e-03  1.268457e+00  8.278021e-03  1.153613e+00  6.864600e-03  
   2.6864300  1.283716e+00  8.736461e-03  1.283781e+00  8.737738e-03  1.166219e+00  7.247083e-03  
   2.7074299  1.299711e+00  9.247289e-03  1.299777e+00  9.248680e-03  1.179332e+00  7.671264e-03  
   2.7284300  1.316435e+00  9.821255e-03  1.316503e+00  9.822778e-03  1.192987e+00  8.145066e-03  
   2.7494299  1.333952e+00  1.047447e-02  1.334022e+00  1.047616e-02  1.207226e+00  8.678677e-03  
   2.7694299  1.351438e+00  1.119022e-02  1.351510e+00  1.119209e-02  1.221372e+00  9.254483e-03  
   2.7904301  1.370719e+00  1.206844e-02  1.370794e+00  1.207055e-02  1.236889e+00  9.946353e-03  
   2.8114300  1.391034e+00  1.311553e-02  1.391112e+00  1.311795e-02  1.253141e+00  1.074913e-02  
   2.8324299  1.412484e+00  1.438471e-02  1.412564e+00  1.438753e-02  1.270193e+00  1.169094e-02  
   2.8534300  1.435180e+00  1.594672e-02  1.435264e+00  1.595007e-02  1.288113e+00  1.280797e-02  
   2.8744299  1.459244e+00  1.789445e-02  1.459331e+00  1.789851e-02  1.306977e+00  1.414637e-02  
   2.8944299  1.483550e+00  2.021768e-02  1.483641e+00  2.022261e-02  1.325897e+00  1.568030e-02  
   2.9154301  1.510653e+00  2.329487e-02  1.510749e+00  2.330102e-02  1.346850e+00  1.763369e-02  
   2.9370301  1.540356e+00  2.733850e-02  1.540456e+00  2.734630e-02  1.369659e+00  2.010413e-02  
   2.9570301  1.569617e+00  3.209437e-02  1.569722e+00  3.210416e-02  1.392005e+00  2.291457e-02  
   2.9780300  1.602254e+00  3.840457e-02  1.602364e+00  3.841704e-02  1.416831e+00  2.654108e-02  
   2.9990301  1.636913e+00  4.638346e-02  1.637030e+00  4.639930e-02  1.443143e+00  3.102476e-02  
   3.0200300  1.673610e+00  5.640090e-02  1.673734e+00  5.642094e-02  1.471023e+00  3.656596e-02  
   3.0410299  1.712299e+00  6.886710e-02  1.712428e+00  6.889229e-02  1.500535e+00  4.340131e-02  
   3.0610299  1.750882e+00  8.341836e-02  1.751017e+00  8.344942e-02  1.530196e+00  5.136518e-02  
   3.0820301  1.793010e+00  1.019458e-01  1.793153e+00  1.019841e-01  1.562973e+00  6.155329e-02  
   3.1030300  1.836480e+00  1.242416e-01  1.836629e+00  1.242883e-01  1.597377e+00  7.395261e-02  
   3.1240301  1.880867e+00  1.507245e-01  1.881022e+00  1.507806e-01  1.633299e+00  8.893864e-02  
   3.1450300  1.925637e+00  1.817537e-01  1.925797e+00  1.818202e-01  1.670554e+00  1.069048e-01  
   3.1660299  1.970156e+00  2.176023e-01  1.970320e+00  2.176800e-01  1.708869e+00  1.282490e-01  
   3.1860299  2.011670e+00  2.563697e-01  2.011838e+00  2.564588e-01  1.746010e+00  1.520668e-01  
   3.2070301  2.053592e+00  3.019538e-01  2.053762e+00  3.020551e-01  1.785241e+00  1.810697e-01  
   3.2280300  2.093029e+00  3.524028e-01  2.093199e+00  3.525164e-01  1.824157e+00  2.144364e-01  
   3.2490301  2.129209e+00  4.074216e-01  2.129378e+00  4.075470e-01  1.862105e+00  2.523514e-01  
   3.2700300  2.161419e+00  4.665508e-01  2.161586e+00  4.666874e-01  1.898363e+00  2.948750e-01  
   3.2910299  2.189050e+00  5.291858e-01  2.189214e+00  5.293325e-01  1.932170e+00  3.419227e-01  
   3.3110299  2.210675e+00  5.914339e-01  2.210834e+00  5.915893e-01  1.961382e+00  3.907108e-01  
   3.3320301  2.228155e+00  6.587443e-01  2.228312e+00  6.589069e-01  1.988210e+00  4.457179e-01  
   3.3536301  2.240420e+00  7.291802e-01  2.240570e+00  7.293487e-01  2.011016e+00  5.057298e-01  
   3.3736300  2.246654e+00  7.946945e-01  2.246799e+00  7.948670e-01  2.027295e+00  5.637106e-01  
   3.3946300  2.248117e+00  8.630231e-01  2.248256e+00  8.631985e-01  2.039013e+00  6.262529e-01  
   3.4156301  2.244740e+00  9.301926e-01  2.244875e+00  9.303690e-01  2.045041e+00  6.895667e-01  
   3.4366300  2.237009e+00  9.956276e-01  2.237140e+00  9.958033e-01  2.045399e+00  7.526652e-01  
   3.4576299  2.225482e+00  1.058901e+00  2.225610e+00  1.059075e+00  2.040326e+00  8.145786e-01  
   3.4776299  2.211513e+00  1.116901e+00  2.211639e+00  1.117072e+00  2.030854e+00  8.716190e-01  
   3.4986300  2.194253e+00  1.175301e+00  2.194377e+00  1.175469e+00  2.016636e+00  9.287423e-01  
   3.5196300  2.174851e+00  1.231135e+00  2.174973e+00  1.231299e+00  1.998796e+00  9.824241e-01  
   3.5406301  2.153757e+00  1.284500e+00  2.153877e+00  1.284659e+00  1.978199e+00  1.032252e+00  
   3.5616300  2.131322e+00  1.335555e+00  2.131438e+00  1.335708e+00  1.955743e+00  1.078028e+00  
   3.5826299  2.107804e+00  1.384489e+00  2.107918e+00  1.384636e+00  1.932305e+00  1.119777e+00  
   3.6026299  2.084560e+00  1.429289e+00  2.084669e+00  1.429430e+00  1.909805e+00  1.156002e+00  
   3.6236300  2.059367e+00  1.474581e+00  2.059471e+00  1.474714e+00  1.886643e+00  1.190707e+00  
   3.6446300  2.033433e+00  1.518178e+00  2.033530e+00  1.518303e+00  1.864465e+00  1.222514e+00  
   3.6656301  2.006811e+00  1.560117e+00  2.006901e+00  1.560233e+00  1.843612e+00  1.252021e+00  
   3.6866300  1.979566e+00  1.600371e+00  1.979647e+00  1.600478e+00  1.824244e+00  1.279840e+00  
   3.7076299  1.951807e+00  1.638862e+00  1.951880e+00  1.638961e+00  1.806359e+00  1.306543e+00  
   3.7276299  1.925046e+00  1.673782e+00  1.925112e+00  1.673873e+00  1.790580e+00  1.331385e+00  
   3.7486300  1.896839e+00  1.708511e+00  1.896898e+00  1.708594e+00  1.775123e+00  1.357202e+00  
   3.7702301  1.868038e+00  1.742063e+00  1.868093e+00  1.742139e+00  1.760146e+00  1.383709e+00  
   3.7902300  1.841926e+00  1.771131e+00  1.841978e+00  1.771203e+00  1.746889e+00  1.408296e+00  
   3.8112299  1.815519e+00  1.799626e+00  1.815571e+00  1.799695e+00  1.733433e+00  1.434133e+00  
   3.8322301  1.790623e+00  1.826198e+00  1.790679e+00  1.826268e+00  1.720374e+00  1.459880e+00  
   3.8532300  1.767736e+00  1.851138e+00  1.767798e+00  1.851209e+00  1.707753e+00  1.485382e+00  
   3.8742299  1.747332e+00  1.874885e+00  1.747404e+00  1.874960e+00  1.695736e+00  1.510492e+00  
   3.8942299  1.730588e+00  1.896938e+00  1.730672e+00  1.897022e+00  1.685103e+00  1.533960e+00  
   3.9152300  1.716130e+00  1.920218e+00  1.716227e+00  1.920310e+00  1.675135e+00  1.558143e+00  
   3.9362299  1.705044e+00  1.944490e+00  1.705156e+00  1.944595e+00  1.666786e+00  1.582000e+00  
   3.9572301  1.697330e+00  1.970740e+00  1.697458e+00  1.970858e+00  1.660457e+00  1.605841e+00  
   3.9782300  1.692773e+00  2.000016e+00  1.692917e+00  2.000150e+00  1.656489e+00  1.630142e+00  
   3.9992299  1.690923e+00  2.033382e+00  1.691081e+00  2.033533e+00  1.655123e+00  1.655543e+00  
   4.0192299  1.691042e+00  2.069893e+00  1.691210e+00  2.070062e+00  1.656319e+00  1.681480e+00  
   4.0402298  1.692237e+00  2.114078e+00  1.692414e+00  2.114265e+00  1.660096e+00  1.711406e+00  
   4.0612302  1.693379e+00  2.164986e+00  1.693560e+00  2.165194e+00  1.666133e+00  1.745042e+00  
   4.0822301  1.693103e+00  2.223137e+00  1.693283e+00  2.223363e+00  1.673856e+00  1.783370e+00  
   4.1032300  1.689893e+00  2.288780e+00  1.690068e+00  2.289023e+00  1.682432e+00  1.827331e+00  
   4.1242299  1.682146e+00  2.361854e+00  1.682311e+00  2.362113e+00  1.690777e+00  1.877756e+00  
   4.1442299  1.669061e+00  2.438012e+00  1.669212e+00  2.438283e+00  1.697302e+00  1.932397e+00  
   4.1652298  1.647814e+00  2.524200e+00  1.647945e+00  2.524480e+00  1.701199e+00  1.997127e+00  
   4.1868300  1.616426e+00  2.618464e+00  1.616533e+00  2.618751e+00  1.700313e+00  2.071705e+00  
   4.2068300  1.577546e+00  2.709634e+00  1.577626e+00  2.709919e+00  1.693415e+00  2.147792e+00  
   4.2278299  1.525550e+00  2.807934e+00  1.525601e+00  2.808215e+00  1.678155e+00  2.234383e+00  
   4.2488298  1.461357e+00  2.907222e+00  1.461376e+00  2.907495e+00  1.653003e+00  2.326853e+00  
   4.2698302  1.384495e+00  3.005707e+00  1.384481e+00  3.005966e+00  1.616425e+00  2.423812e+00  
   4.2908301  1.294809e+00  3.101514e+00  1.294762e+00  3.101755e+00  1.567150e+00  2.523480e+00  
   4.3108301  1.197609e+00  3.188545e+00  1.197530e+00  3.188766e+00  1.507584e+00  2.619009e+00  
   4.3318300  1.083601e+00  3.273698e+00  1.083489e+00  3.273895e+00  1.431314e+00  2.717700e+00  
   4.3528299  9.580643e-01  3.350680e+00  9.579217e-01  3.350851e+00  1.341004e+00  2.812286e+00  
   4.3738298  8.219779e-01  3.417755e+00  8.218083e-01  3.417902e+00  1.237204e+00  2.900244e+00  
   4.3948302  6.765555e-01  3.473303e+00  6.763629e-01  3.473428e+00  1.121004e+00  2.979134e+00  
   4.4158301  5.232372e-01  3.515843e+00  5.230262e-01  3.515945e+00  9.940095e-01  3.046724e+00  
   4.4358301  3.713664e-01  3.543064e+00  3.711439e-01  3.543149e+00  8.648899e-01  3.098849e+00  
   4.4568300  2.074926e-01  3.556622e+00  2.072647e-01  3.556694e+00  7.230244e-01  3.139292e+00  
   4.4778299  4.103534e-02  3.553931e+00  4.080928e-02  3.553996e+00  5.772845e-01  3.164119e+00  
   4.4988298  -1.259060e-01  3.534403e+00  -1.261220e-01  3.534466e+00  4.303770e-01  3.172861e+00  
   4.5198302  -2.911305e-01  3.497772e+00  -2.913292e-01  3.497839e+00  2.849641e-01  3.165592e+00  
   4.5408301  -4.523647e-01  3.444148e+00  -4.525390e-01  3.444227e+00  1.435474e-01  3.142903e+00  
   4.5608301  -6.001359e-01  3.377744e+00  -6.002814e-01  3.377840e+00  1.460488e-02  3.107910e+00  
   4.5818300  -7.470942e-01  3.292813e+00  -7.472056e-01  3.292933e+00  -1.129732e-01  3.058471e+00  
   4.6034298  -8.873380e-01  3.190619e+00  -8.874123e-01  3.190771e+00  -2.343539e-01  2.995810e+00  
   4.6234298  -1.005595e+00  3.084240e+00  -1.005636e+00  3.084426e+00  -3.368969e-01  2.928869e+00  
   4.6444302  -1.116272e+00  2.962447e+00  -1.116280e+00  2.962675e+00  -4.338048e-01  2.851248e+00  
   4.6654301  -1.211991e+00  2.832709e+00  -1.211972e+00  2.832980e+00  -5.194809e-01  2.768040e+00  
   4.6864300  -1.292051e+00  2.697637e+00  -1.292014e+00  2.697954e+00  -5.940480e-01  2.681116e+00  
   4.7074299  -1.356233e+00  2.559923e+00  -1.356188e+00  2.560287e+00  -6.578922e-01  2.592215e+00  
   4.7274299  -1.402838e+00  2.428727e+00  -1.402796e+00  2.429135e+00  -7.092597e-01  2.507133e+00  
   4.7484298  -1.437211e+00  2.293298e+00  -1.437183e+00  2.293748e+00  -7.539741e-01  2.418670e+00  
   4.7694302  -1.457752e+00  2.162409e+00  -1.457752e+00  2.162897e+00  -7.900272e-01  2.332229e+00  
   4.7904301  -1.465874e+00  2.037901e+00  -1.465911e+00  2.038422e+00  -8.182509e-01  2.248748e+00  
   4.8114300  -1.463199e+00  1.921197e+00  -1.463285e+00  1.921744e+00  -8.394851e-01  2.168962e+00  
   4.8324299  -1.451461e+00  1.813297e+00  -1.451604e+00  1.813863e+00  -8.545511e-01  2.093411e+00  
   4.8524299  -1.433451e+00  1.719260e+00  -1.433655e+00  1.719837e+00  -8.638856e-01  2.025736e+00  
   4.8734298  -1.408978e+00  1.629895e+00  -1.409249e+00  1.630476e+00  -8.691361e-01  1.959380e+00  
   4.8944302  -1.380324e+00  1.550036e+00  -1.380665e+00  1.550614e+00  -8.704083e-01  1.897930e+00  
   4.9154301  -1.348859e+00  1.479340e+00  -1.349270e+00  1.479909e+00  -8.683419e-01  1.841367e+00  
   4.9364300  -1.315752e+00  1.417270e+00  -1.316233e+00  1.417825e+00  -8.635200e-01  1.789581e+00  
   4.9574299  -1.281969e+00  1.363168e+00  -1.282516e+00  1.363702e+00  -8.564678e-01  1.742387e+00  
   4.9774299  -1.249870e+00  1.318380e+00  -1.250476e+00  1.318892e+00  -8.481061e-01  1.701498e+00  
   4.9984298  -1.216811e+00  1.277705e+00  -1.217476e+00  1.278191e+00  -8.379939e-01  1.662563e+00  
