w Re-xx Im-xx Re-yy Im-yy Re-zz Im-zz
# Gaussian absolute broadening  0.15 [eV]
   0.0000000  7.679946e-01  8.822858e-05  7.680196e-01  8.822858e-05  7.316492e-01  8.105294e-05  
   0.0200000  7.680945e-01  9.442701e-05  7.681196e-01  9.442701e-05  7.317409e-01  8.674630e-05  
   0.0410000  7.682132e-01  1.014904e-04  7.682381e-01  1.014904e-04  7.318496e-01  9.323399e-05  
   0.0620000  7.683483e-01  1.091584e-04  7.683731e-01  1.091584e-04  7.319739e-01  1.002770e-04  
   0.0830000  7.685016e-01  1.174650e-04  7.685267e-01  1.174650e-04  7.321149e-01  1.079064e-04  
   0.1040000  7.686757e-01  1.264395e-04  7.687006e-01  1.264395e-04  7.322749e-01  1.161490e-04  
   0.1240000  7.688623e-01  1.356289e-04  7.688873e-01  1.356289e-04  7.324462e-01  1.245889e-04  
   0.1450000  7.690824e-01  1.459672e-04  7.691076e-01  1.459673e-04  7.326485e-01  1.340837e-04  
   0.1660000  7.693297e-01  1.570183e-04  7.693548e-01  1.570184e-04  7.328757e-01  1.442327e-04  
   0.1870000  7.696063e-01  1.687787e-04  7.696313e-01  1.687789e-04  7.331297e-01  1.550328e-04  
   0.2080000  7.699139e-01  1.812338e-04  7.699390e-01  1.812341e-04  7.334123e-01  1.664705e-04  
   0.2290000  7.702546e-01  1.943586e-04  7.702796e-01  1.943590e-04  7.337252e-01  1.785225e-04  
   0.2490000  7.706108e-01  2.074486e-04  7.706362e-01  2.074492e-04  7.340526e-01  1.905420e-04  
   0.2700000  7.710204e-01  2.217712e-04  7.710453e-01  2.217720e-04  7.344283e-01  2.036927e-04  
   0.2910000  7.714664e-01  2.366366e-04  7.714914e-01  2.366377e-04  7.348381e-01  2.173409e-04  
   0.3120000  7.719501e-01  2.519914e-04  7.719752e-01  2.519929e-04  7.352822e-01  2.314375e-04  
   0.3330000  7.724717e-01  2.677805e-04  7.724965e-01  2.677825e-04  7.357615e-01  2.459318e-04  
   0.3540000  7.730318e-01  2.839503e-04  7.730570e-01  2.839531e-04  7.362761e-01  2.607746e-04  
   0.3740000  7.736012e-01  2.996589e-04  7.736265e-01  2.996625e-04  7.367987e-01  2.751929e-04  
   0.3950000  7.742361e-01  3.164342e-04  7.742615e-01  3.164388e-04  7.373821e-01  2.905891e-04  
   0.4160000  7.749097e-01  3.334603e-04  7.749349e-01  3.334660e-04  7.380003e-01  3.062140e-04  
   0.4374300  7.756370e-01  3.510617e-04  7.756625e-01  3.510688e-04  7.386684e-01  3.223653e-04  
   0.4574300  7.763514e-01  3.676724e-04  7.763768e-01  3.676810e-04  7.393242e-01  3.376060e-04  
   0.4784300  7.771389e-01  3.852875e-04  7.771642e-01  3.852978e-04  7.400474e-01  3.537667e-04  
   0.4994300  7.779642e-01  4.030691e-04  7.779897e-01  4.030811e-04  7.408051e-01  3.700783e-04  
   0.5204300  7.788280e-01  4.210100e-04  7.788535e-01  4.210238e-04  7.415982e-01  3.865339e-04  
   0.5414300  7.797297e-01  4.391066e-04  7.797555e-01  4.391223e-04  7.424262e-01  4.031303e-04  
   0.5614300  7.806247e-01  4.564861e-04  7.806503e-01  4.565036e-04  7.432480e-01  4.190671e-04  
   0.5824300  7.816024e-01  4.748886e-04  7.816281e-01  4.749076e-04  7.441451e-01  4.359397e-04  
   0.6034300  7.826186e-01  4.934518e-04  7.826446e-01  4.934726e-04  7.450782e-01  4.529573e-04  
   0.6244300  7.836748e-01  5.121815e-04  7.837005e-01  5.122037e-04  7.460477e-01  4.701251e-04  
   0.6454300  7.847701e-01  5.310829e-04  7.847962e-01  5.311065e-04  7.470533e-01  4.874477e-04  
   0.6664300  7.859061e-01  5.501623e-04  7.859319e-01  5.501867e-04  7.480954e-01  5.049308e-04  
   0.6864300  7.870247e-01  5.685044e-04  7.870507e-01  5.685298e-04  7.491220e-01  5.217359e-04  
   0.7074300  7.882389e-01  5.879506e-04  7.882652e-01  5.879766e-04  7.502367e-01  5.395502e-04  
   0.7284300  7.894943e-01  6.075951e-04  7.895206e-01  6.076217e-04  7.513887e-01  5.575433e-04  
   0.7494300  7.907917e-01  6.274458e-04  7.908180e-01  6.274731e-04  7.525790e-01  5.757227e-04  
   0.7704300  7.921304e-01  6.475097e-04  7.921567e-01  6.475376e-04  7.538072e-01  5.940951e-04  
   0.7914300  7.935117e-01  6.677956e-04  7.935380e-01  6.678239e-04  7.550747e-01  6.126679e-04  
   0.8114300  7.948666e-01  6.873288e-04  7.948930e-01  6.873578e-04  7.563175e-01  6.305492e-04  
   0.8324300  7.963316e-01  7.080713e-04  7.963581e-01  7.081016e-04  7.576619e-01  6.495352e-04  
   0.8540300  7.978843e-01  7.296649e-04  7.979112e-01  7.296962e-04  7.590863e-01  6.692973e-04  
   0.8740300  7.993637e-01  7.499008e-04  7.993906e-01  7.499335e-04  7.604430e-01  6.878145e-04  
   0.8950300  8.009609e-01  7.714090e-04  8.009880e-01  7.714431e-04  7.619081e-01  7.074930e-04  
   0.9160300  8.026034e-01  7.931931e-04  8.026306e-01  7.932293e-04  7.634144e-01  7.274212e-04  
   0.9370300  8.042921e-01  8.152640e-04  8.043191e-01  8.153023e-04  7.649629e-01  7.476095e-04  
   0.9580300  8.060272e-01  8.376330e-04  8.060545e-01  8.376735e-04  7.665541e-01  7.680669e-04  
   0.9780300  8.077240e-01  8.592240e-04  8.077514e-01  8.592672e-04  7.681100e-01  7.878107e-04  
   0.9990300  8.095523e-01  8.822067e-04  8.095798e-01  8.822528e-04  7.697864e-01  8.088238e-04  
   1.0200300  8.114294e-01  9.055213e-04  8.114567e-01  9.055700e-04  7.715070e-01  8.301379e-04  
   1.0410300  8.133558e-01  9.291793e-04  8.133836e-01  9.292313e-04  7.732730e-01  8.517631e-04  
   1.0620300  8.153327e-01  9.531931e-04  8.153603e-01  9.532482e-04  7.750853e-01  8.737107e-04  
   1.0830300  8.173603e-01  9.775755e-04  8.173884e-01  9.776338e-04  7.769436e-01  8.959924e-04  
   1.1030300  8.193393e-01  1.001151e-03  8.193672e-01  1.001213e-03  7.787573e-01  9.175342e-04  
   1.1240300  8.214683e-01  1.026290e-03  8.214965e-01  1.026354e-03  7.807084e-01  9.405030e-04  
   1.1450300  8.236508e-01  1.051836e-03  8.236790e-01  1.051904e-03  7.827083e-01  9.638421e-04  
   1.1660300  8.258872e-01  1.077805e-03  8.259158e-01  1.077876e-03  7.847577e-01  9.875648e-04  
   1.1870300  8.281786e-01  1.104210e-03  8.282070e-01  1.104283e-03  7.868574e-01  1.011684e-03  
   1.2080300  8.305258e-01  1.131067e-03  8.305545e-01  1.131143e-03  7.890077e-01  1.036217e-03  
   1.2280300  8.328136e-01  1.157079e-03  8.328425e-01  1.157158e-03  7.911037e-01  1.059977e-03  
   1.2490300  8.352723e-01  1.184865e-03  8.353015e-01  1.184946e-03  7.933558e-01  1.085359e-03  
   1.2706300  8.378631e-01  1.213969e-03  8.378924e-01  1.214053e-03  7.957290e-01  1.111946e-03  
   1.2906300  8.403181e-01  1.241409e-03  8.403474e-01  1.241494e-03  7.979775e-01  1.137016e-03  
   1.3116300  8.429556e-01  1.270748e-03  8.429852e-01  1.270836e-03  8.003929e-01  1.163827e-03  
   1.3326300  8.456548e-01  1.300647e-03  8.456846e-01  1.300736e-03  8.028651e-01  1.191158e-03  
   1.3536299  8.484177e-01  1.331128e-03  8.484476e-01  1.331219e-03  8.053952e-01  1.219036e-03  
   1.3746300  8.512450e-01  1.362214e-03  8.512749e-01  1.362307e-03  8.079843e-01  1.247489e-03  
   1.3946300  8.539993e-01  1.392405e-03  8.540295e-01  1.392499e-03  8.105063e-01  1.275149e-03  
   1.4156300  8.569569e-01  1.424743e-03  8.569873e-01  1.424839e-03  8.132145e-01  1.304818e-03  
   1.4366300  8.599833e-01  1.457762e-03  8.600137e-01  1.457860e-03  8.159854e-01  1.335171e-03  
   1.4576300  8.630800e-01  1.491489e-03  8.631107e-01  1.491589e-03  8.188211e-01  1.366257e-03  
   1.4786299  8.662485e-01  1.525957e-03  8.662793e-01  1.526059e-03  8.217220e-01  1.398136e-03  
   1.4996300  8.694903e-01  1.561199e-03  8.695214e-01  1.561304e-03  8.246903e-01  1.430878e-03  
   1.5196300  8.726467e-01  1.595516e-03  8.726780e-01  1.595623e-03  8.275803e-01  1.462936e-03  
   1.5406300  8.760358e-01  1.632379e-03  8.760673e-01  1.632487e-03  8.306836e-01  1.497609e-03  
   1.5616300  8.795029e-01  1.670136e-03  8.795348e-01  1.670246e-03  8.338584e-01  1.533421e-03  
   1.5826300  8.830499e-01  1.708837e-03  8.830820e-01  1.708950e-03  8.371063e-01  1.570493e-03  
   1.6036299  8.866788e-01  1.748539e-03  8.867110e-01  1.748655e-03  8.404289e-01  1.608955e-03  
   1.6246300  8.903909e-01  1.789303e-03  8.904234e-01  1.789421e-03  8.438286e-01  1.648945e-03  
   1.6446300  8.940055e-01  1.829175e-03  8.940382e-01  1.829298e-03  8.471388e-01  1.688585e-03  
   1.6656300  8.978863e-01  1.872219e-03  8.979192e-01  1.872345e-03  8.506926e-01  1.731980e-03  
   1.6872300  9.019721e-01  1.917838e-03  9.020052e-01  1.917966e-03  8.544348e-01  1.778667e-03  
   1.7072300  9.058422e-01  1.961377e-03  9.058758e-01  1.961510e-03  8.579788e-01  1.823886e-03  
   1.7282300  9.099973e-01  2.008535e-03  9.100314e-01  2.008671e-03  8.617845e-01  1.873565e-03  
   1.7492300  9.142498e-01  2.057271e-03  9.142841e-01  2.057411e-03  8.656795e-01  1.925641e-03  
   1.7702301  9.186016e-01  2.107698e-03  9.186362e-01  2.107843e-03  8.696655e-01  1.980261e-03  
   1.7912300  9.230562e-01  2.159931e-03  9.230910e-01  2.160081e-03  8.737450e-01  2.037586e-03  
   1.8112299  9.273964e-01  2.211466e-03  9.274313e-01  2.211622e-03  8.777203e-01  2.094859e-03  
   1.8322300  9.320587e-01  2.267579e-03  9.320942e-01  2.267740e-03  8.819911e-01  2.158011e-03  
   1.8532300  9.368320e-01  2.325865e-03  9.368680e-01  2.326033e-03  8.863642e-01  2.224497e-03  
   1.8742300  9.417204e-01  2.386464e-03  9.417567e-01  2.386639e-03  8.908424e-01  2.294628e-03  
   1.8952301  9.467262e-01  2.449514e-03  9.467627e-01  2.449696e-03  8.954290e-01  2.368771e-03  
   1.9162300  9.518535e-01  2.515163e-03  9.518905e-01  2.515353e-03  9.001274e-01  2.447377e-03  
   1.9362299  9.568518e-01  2.580249e-03  9.568888e-01  2.580448e-03  9.047082e-01  2.526888e-03  
   1.9572300  9.622251e-01  2.651456e-03  9.622629e-01  2.651663e-03  9.096338e-01  2.615880e-03  
   1.9782300  9.677314e-01  2.725797e-03  9.677697e-01  2.726015e-03  9.146820e-01  2.711278e-03  
   1.9992300  9.733735e-01  2.803507e-03  9.734122e-01  2.803737e-03  9.198558e-01  2.814015e-03  
   2.0202301  9.791571e-01  2.884865e-03  9.791963e-01  2.885107e-03  9.251607e-01  2.925207e-03  
   2.0412300  9.850858e-01  2.970200e-03  9.851250e-01  2.970456e-03  9.306001e-01  3.046179e-03  
   2.0612299  9.908717e-01  3.055529e-03  9.909113e-01  3.055800e-03  9.359090e-01  3.171917e-03  
   2.0822301  9.970979e-01  3.149826e-03  9.971384e-01  3.150116e-03  9.416240e-01  3.316743e-03  
   2.1038301  1.003671e+00  3.252400e-03  1.003712e+00  3.252711e-03  9.476579e-01  3.481539e-03  
   2.1238301  1.009913e+00  3.352997e-03  1.009954e+00  3.353328e-03  9.533889e-01  3.650614e-03  
   2.1448300  1.016637e+00  3.465105e-03  1.016679e+00  3.465463e-03  9.595606e-01  3.847637e-03  
   2.1658299  1.023538e+00  3.584597e-03  1.023581e+00  3.584982e-03  9.658940e-01  4.067208e-03  
   2.1868300  1.030625e+00  3.712280e-03  1.030668e+00  3.712698e-03  9.723952e-01  4.311977e-03  
   2.2078300  1.037904e+00  3.849000e-03  1.037948e+00  3.849453e-03  9.790666e-01  4.584463e-03  
   2.2278299  1.045022e+00  3.988405e-03  1.045066e+00  3.988896e-03  9.855835e-01  4.871843e-03  
   2.2488301  1.052698e+00  4.145278e-03  1.052743e+00  4.145812e-03  9.926003e-01  5.204680e-03  
   2.2698300  1.060588e+00  4.313745e-03  1.060633e+00  4.314325e-03  9.997994e-01  5.570748e-03  
   2.2908299  1.068701e+00  4.494648e-03  1.068747e+00  4.495278e-03  1.007186e+00  5.970870e-03  
   2.3118300  1.077045e+00  4.688788e-03  1.077092e+00  4.689469e-03  1.014762e+00  6.405219e-03  
   2.3328300  1.085630e+00  4.896930e-03  1.085678e+00  4.897665e-03  1.022533e+00  6.873313e-03  
   2.3528299  1.094039e+00  5.108844e-03  1.094087e+00  5.109630e-03  1.030121e+00  7.349519e-03  
   2.3738301  1.103122e+00  5.346393e-03  1.103171e+00  5.347235e-03  1.038289e+00  7.879961e-03  
   2.3948300  1.112477e+00  5.600007e-03  1.112526e+00  5.600908e-03  1.046671e+00  8.439688e-03  
   2.4158299  1.122114e+00  5.870346e-03  1.122165e+00  5.871305e-03  1.055275e+00  9.026616e-03  
   2.4368300  1.132049e+00  6.158061e-03  1.132100e+00  6.159077e-03  1.064110e+00  9.638675e-03  
   2.4578300  1.142293e+00  6.463791e-03  1.142345e+00  6.464867e-03  1.073189e+00  1.027395e-02  
   2.4778299  1.152352e+00  6.772324e-03  1.152405e+00  6.773456e-03  1.082072e+00  1.089913e-02  
   2.4988301  1.163246e+00  7.115180e-03  1.163300e+00  7.116368e-03  1.091663e+00  1.157572e-02  
   2.5204301  1.174828e+00  7.488814e-03  1.174884e+00  7.490061e-03  1.101826e+00  1.229260e-02  
   2.5404301  1.185911e+00  7.854538e-03  1.185968e+00  7.855839e-03  1.111522e+00  1.297537e-02  
   2.5614300  1.197941e+00  8.260004e-03  1.197999e+00  8.261361e-03  1.122018e+00  1.371257e-02  
   2.5824299  1.210397e+00  8.688712e-03  1.210456e+00  8.690128e-03  1.132857e+00  1.447172e-02  
   2.6034300  1.223310e+00  9.142354e-03  1.223370e+00  9.143828e-03  1.144064e+00  1.525459e-02  
   2.6244299  1.236707e+00  9.623175e-03  1.236769e+00  9.624707e-03  1.155661e+00  1.606342e-02  
   2.6444299  1.249951e+00  1.010919e-02  1.250014e+00  1.011079e-02  1.167097e+00  1.686049e-02  
   2.6654301  1.264402e+00  1.065308e-02  1.264466e+00  1.065475e-02  1.179545e+00  1.772890e-02  
   2.6864300  1.279454e+00  1.123711e-02  1.279520e+00  1.123884e-02  1.192475e+00  1.863395e-02  
   2.7074299  1.295156e+00  1.186936e-02  1.295224e+00  1.187117e-02  1.205928e+00  1.958142e-02  
   2.7284300  1.311566e+00  1.256099e-02  1.311636e+00  1.256290e-02  1.219943e+00  2.057891e-02  
   2.7494299  1.328745e+00  1.332741e-02  1.328816e+00  1.332944e-02  1.234567e+00  2.163655e-02  
   2.7694299  1.345884e+00  1.414615e-02  1.345959e+00  1.414831e-02  1.249109e+00  2.271216e-02  
   2.7904301  1.364775e+00  1.512662e-02  1.364852e+00  1.512897e-02  1.265077e+00  2.393062e-02  
   2.8114300  1.384669e+00  1.626895e-02  1.384748e+00  1.627153e-02  1.281823e+00  2.526378e-02  
   2.8324299  1.405665e+00  1.762500e-02  1.405747e+00  1.762790e-02  1.299419e+00  2.674297e-02  
   2.8534300  1.427870e+00  1.926376e-02  1.427955e+00  1.926708e-02  1.317939e+00  2.840905e-02  
   2.8744299  1.451399e+00  2.127566e-02  1.451486e+00  2.127954e-02  1.337470e+00  3.031472e-02  
   2.8944299  1.475150e+00  2.364535e-02  1.475241e+00  2.364996e-02  1.357092e+00  3.241396e-02  
   2.9154301  1.501618e+00  2.675190e-02  1.501713e+00  2.675751e-02  1.378860e+00  3.499835e-02  
   2.9370301  1.530602e+00  3.079938e-02  1.530700e+00  3.080637e-02  1.402603e+00  3.817333e-02  
   2.9570301  1.559131e+00  3.552867e-02  1.559233e+00  3.553733e-02  1.425904e+00  4.170394e-02  
   2.9780300  1.590924e+00  4.177177e-02  1.591031e+00  4.178269e-02  1.451833e+00  4.617927e-02  
   2.9990301  1.624656e+00  4.963360e-02  1.624768e+00  4.964741e-02  1.479353e+00  5.163415e-02  
   3.0200300  1.660336e+00  5.947244e-02  1.660453e+00  5.948987e-02  1.508543e+00  5.830147e-02  
   3.0410299  1.697916e+00  7.168502e-02  1.698037e+00  7.170688e-02  1.539459e+00  6.645459e-02  
   3.0610299  1.735358e+00  8.591105e-02  1.735483e+00  8.593801e-02  1.570530e+00  7.588811e-02  
   3.0820301  1.776202e+00  1.039930e-01  1.776331e+00  1.040262e-01  1.604836e+00  8.788423e-02  
   3.1030300  1.818311e+00  1.257188e-01  1.818443e+00  1.257593e-01  1.640780e+00  1.024020e-01  
   3.1240301  1.861276e+00  1.514879e-01  1.861411e+00  1.515367e-01  1.678207e+00  1.198518e-01  
   3.1450300  1.904587e+00  1.816404e-01  1.904723e+00  1.816983e-01  1.716866e+00  1.406537e-01  
   3.1660299  1.947638e+00  2.164307e-01  1.947775e+00  2.164983e-01  1.756414e+00  1.652189e-01  
   3.1860299  1.987781e+00  2.540062e-01  1.987916e+00  2.540836e-01  1.794492e+00  1.924597e-01  
   3.2070301  2.028331e+00  2.981325e-01  2.028463e+00  2.982202e-01  1.834382e+00  2.254073e-01  
   3.2280300  2.066510e+00  3.469041e-01  2.066637e+00  3.470021e-01  1.873533e+00  2.630329e-01  
   3.2490301  2.101592e+00  4.000241e-01  2.101714e+00  4.001318e-01  1.911216e+00  3.054511e-01  
   3.2700300  2.132913e+00  4.570388e-01  2.133026e+00  4.571554e-01  1.946640e+00  3.526309e-01  
   3.2910299  2.159902e+00  5.173578e-01  2.160007e+00  5.174819e-01  1.978991e+00  4.043761e-01  
   3.3110299  2.181179e+00  5.772350e-01  2.181274e+00  5.773649e-01  2.006208e+00  4.575615e-01  
   3.3320301  2.198594e+00  6.419111e-01  2.198679e+00  6.420456e-01  2.030296e+00  5.169783e-01  
   3.3536301  2.211128e+00  7.095241e-01  2.211203e+00  7.096612e-01  2.049607e+00  5.811660e-01  
   3.3736300  2.217921e+00  7.723631e-01  2.217985e+00  7.725012e-01  2.062078e+00  6.425735e-01  
   3.3946300  2.220286e+00  8.378635e-01  2.220340e+00  8.380011e-01  2.069264e+00  7.081576e-01  
   3.4156301  2.218122e+00  9.022304e-01  2.218167e+00  9.023666e-01  2.070293e+00  7.738657e-01  
   3.4366300  2.211897e+00  9.649314e-01  2.211933e+00  9.650643e-01  2.065279e+00  8.386645e-01  
   3.4576299  2.202147e+00  1.025577e+00  2.202175e+00  1.025708e+00  2.054558e+00  9.015742e-01  
   3.4776299  2.190103e+00  1.081200e+00  2.190124e+00  1.081329e+00  2.039542e+00  9.589318e-01  
   3.4986300  2.175087e+00  1.137260e+00  2.175101e+00  1.137385e+00  2.019413e+00  1.015782e+00  
   3.5196300  2.158139e+00  1.190924e+00  2.158149e+00  1.191048e+00  1.995654e+00  1.068652e+00  
   3.5406301  2.139691e+00  1.242295e+00  2.139696e+00  1.242417e+00  1.969184e+00  1.117233e+00  
   3.5616300  2.120081e+00  1.291526e+00  2.120082e+00  1.291649e+00  1.940946e+00  1.161434e+00  
   3.5826299  2.099555e+00  1.338796e+00  2.099552e+00  1.338920e+00  1.911840e+00  1.201380e+00  
   3.6026299  2.079302e+00  1.382145e+00  2.079298e+00  1.382271e+00  1.884053e+00  1.235750e+00  
   3.6236300  2.057394e+00  1.426035e+00  2.057387e+00  1.426163e+00  1.855457e+00  1.268413e+00  
   3.6446300  2.034887e+00  1.468334e+00  2.034878e+00  1.468466e+00  1.827964e+00  1.298098e+00  
   3.6656301  2.011835e+00  1.509065e+00  2.011826e+00  1.509200e+00  1.801922e+00  1.325387e+00  
   3.6866300  1.988319e+00  1.548192e+00  1.988310e+00  1.548330e+00  1.777518e+00  1.350846e+00  
   3.7076299  1.964469e+00  1.585644e+00  1.964458e+00  1.585784e+00  1.754796e+00  1.374986e+00  
   3.7276299  1.941625e+00  1.619678e+00  1.941618e+00  1.619821e+00  1.734664e+00  1.397134e+00  
   3.7486300  1.917777e+00  1.653634e+00  1.917772e+00  1.653778e+00  1.714990e+00  1.419809e+00  
   3.7702301  1.893768e+00  1.686638e+00  1.893768e+00  1.686785e+00  1.696171e+00  1.442725e+00  
   3.7902300  1.872407e+00  1.715518e+00  1.872413e+00  1.715667e+00  1.679906e+00  1.463680e+00  
   3.8112299  1.851336e+00  1.744273e+00  1.851348e+00  1.744424e+00  1.663957e+00  1.485451e+00  
   3.8322301  1.832131e+00  1.771717e+00  1.832151e+00  1.771872e+00  1.649159e+00  1.506992e+00  
   3.8532300  1.815247e+00  1.798292e+00  1.815277e+00  1.798453e+00  1.635584e+00  1.528305e+00  
   3.8742299  1.801078e+00  1.824589e+00  1.801118e+00  1.824756e+00  1.623380e+00  1.549436e+00  
   3.8942299  1.790364e+00  1.850030e+00  1.790414e+00  1.850206e+00  1.613218e+00  1.569491e+00  
   3.9152300  1.782164e+00  1.877957e+00  1.782225e+00  1.878144e+00  1.604308e+00  1.590668e+00  
   3.9362299  1.777051e+00  1.908021e+00  1.777121e+00  1.908223e+00  1.597435e+00  1.612274e+00  
   3.9572301  1.774781e+00  1.941176e+00  1.774861e+00  1.941395e+00  1.592807e+00  1.634733e+00  
   3.9782300  1.774897e+00  1.978362e+00  1.774983e+00  1.978602e+00  1.590568e+00  1.658586e+00  
   3.9992299  1.776712e+00  2.020471e+00  1.776805e+00  2.020735e+00  1.590760e+00  1.684478e+00  
   4.0192299  1.779208e+00  2.065869e+00  1.779302e+00  2.066157e+00  1.593125e+00  1.711704e+00  
   4.0402298  1.781592e+00  2.119700e+00  1.781686e+00  2.120016e+00  1.597671e+00  1.743751e+00  
   4.0612302  1.782509e+00  2.180275e+00  1.782600e+00  2.180620e+00  1.603917e+00  1.780158e+00  
   4.0822301  1.780598e+00  2.247796e+00  1.780680e+00  2.248172e+00  1.611243e+00  1.821748e+00  
   4.1032300  1.774420e+00  2.322213e+00  1.774490e+00  2.322618e+00  1.618822e+00  1.869290e+00  
   4.1242299  1.762517e+00  2.403203e+00  1.762571e+00  2.403637e+00  1.625609e+00  1.923451e+00  
   4.1442299  1.744552e+00  2.485907e+00  1.744589e+00  2.486368e+00  1.630189e+00  1.981644e+00  
   4.1652298  1.717438e+00  2.577785e+00  1.717454e+00  2.578269e+00  1.631642e+00  2.049963e+00  
   4.1868300  1.679475e+00  2.676551e+00  1.679466e+00  2.677055e+00  1.627912e+00  2.127941e+00  
   4.2068300  1.634238e+00  2.770650e+00  1.634206e+00  2.771169e+00  1.618168e+00  2.206799e+00  
   4.2278299  1.575491e+00  2.870781e+00  1.575434e+00  2.871310e+00  1.599784e+00  2.295795e+00  
   4.2488298  1.504628e+00  2.970708e+00  1.504544e+00  2.971239e+00  1.571447e+00  2.390041e+00  
   4.2698302  1.421290e+00  3.068750e+00  1.421181e+00  3.069276e+00  1.531690e+00  2.488024e+00  
   4.2908301  1.325389e+00  3.163160e+00  1.325255e+00  3.163674e+00  1.479306e+00  2.587848e+00  
   4.3108301  1.222529e+00  3.248090e+00  1.222373e+00  3.248586e+00  1.416898e+00  2.682611e+00  
   4.3318300  1.102849e+00  3.330347e+00  1.102670e+00  3.330816e+00  1.337816e+00  2.779434e+00  
   4.3528299  9.718978e-01  3.403831e+00  9.716985e-01  3.404267e+00  1.244921e+00  2.870976e+00  
   4.3738298  8.306432e-01  3.466902e+00  8.304234e-01  3.467298e+00  1.138814e+00  2.954648e+00  
   4.3948302  6.803051e-01  3.518020e+00  6.800667e-01  3.518371e+00  1.020629e+00  3.027985e+00  
   4.4158301  5.223635e-01  3.555779e+00  5.221080e-01  3.556082e+00  8.920153e-01  3.088771e+00  
   4.4358301  3.664300e-01  3.578198e+00  3.661597e-01  3.578452e+00  7.617318e-01  3.133313e+00  
   4.4568300  1.987515e-01  3.586540e+00  1.984676e-01  3.586739e+00  6.190788e-01  3.164745e+00  
   4.4778299  2.909164e-02  3.578562e+00  2.879661e-02  3.578708e+00  4.730382e-01  3.179645e+00  
   4.4988298  -1.403101e-01  3.553807e+00  -1.406130e-01  3.553900e+00  3.263641e-01  3.177753e+00  
   4.5198302  -3.071223e-01  3.512161e+00  -3.074297e-01  3.512204e+00  1.817744e-01  3.159387e+00  
   4.5408301  -4.689704e-01  3.453902e+00  -4.692781e-01  3.453897e+00  4.183743e-02  3.125413e+00  
   4.5608301  -6.163706e-01  3.383593e+00  -6.166740e-01  3.383547e+00  -8.501550e-02  3.079772e+00  
   4.5818300  -7.619392e-01  3.295258e+00  -7.622334e-01  3.295175e+00  -2.096071e-01  3.019552e+00  
   4.6034298  -8.997546e-01  3.190457e+00  -9.000336e-01  3.190340e+00  -3.269875e-01  2.946553e+00  
   4.6234298  -1.014981e+00  3.082575e+00  -1.015241e+00  3.082432e+00  -4.249264e-01  2.871000e+00  
   4.6444302  -1.121840e+00  2.960207e+00  -1.122075e+00  2.960044e+00  -5.160319e-01  2.785598e+00  
   4.6654301  -1.213307e+00  2.830933e+00  -1.213513e+00  2.830757e+00  -5.949159e-01  2.696138e+00  
   4.6864300  -1.288916e+00  2.697323e+00  -1.289088e+00  2.697141e+00  -6.617506e-01  2.604688e+00  
   4.7074299  -1.348682e+00  2.561978e+00  -1.348815e+00  2.561795e+00  -7.170246e-01  2.513118e+00  
   4.7274299  -1.391303e+00  2.433758e+00  -1.391399e+00  2.433579e+00  -7.595905e-01  2.427286e+00  
   4.7484298  -1.421896e+00  2.302056e+00  -1.421949e+00  2.301887e+00  -7.945793e-01  2.339915e+00  
   4.7694302  -1.439199e+00  2.175341e+00  -1.439207e+00  2.175187e+00  -8.206319e-01  2.256426e+00  
   4.7904301  -1.444701e+00  2.055279e+00  -1.444664e+00  2.055144e+00  -8.388181e-01  2.177634e+00  
   4.8114300  -1.440056e+00  1.943131e+00  -1.439975e+00  1.943020e+00  -8.502107e-01  2.104088e+00  
   4.8324299  -1.426988e+00  1.839759e+00  -1.426862e+00  1.839674e+00  -8.558440e-01  2.036118e+00  
   4.8524299  -1.408267e+00  1.749903e+00  -1.408098e+00  1.749846e+00  -8.567401e-01  1.976691e+00  
   4.8734298  -1.383565e+00  1.664709e+00  -1.383352e+00  1.664684e+00  -8.538370e-01  1.919839e+00  
   4.8944302  -1.355136e+00  1.588742e+00  -1.354880e+00  1.588751e+00  -8.477733e-01  1.868523e+00  
   4.9154301  -1.324264e+00  1.521629e+00  -1.323966e+00  1.521672e+00  -8.392410e-01  1.822502e+00  
   4.9364300  -1.292036e+00  1.462823e+00  -1.291698e+00  1.462902e+00  -8.288356e-01  1.781466e+00  
   4.9574299  -1.259342e+00  1.411670e+00  -1.258964e+00  1.411787e+00  -8.170602e-01  1.745065e+00  
   4.9774299  -1.228414e+00  1.369419e+00  -1.228001e+00  1.369572e+00  -8.049566e-01  1.714365e+00  
   4.9984298  -1.196674e+00  1.331145e+00  -1.196224e+00  1.331336e+00  -7.916462e-01  1.685933e+00  
