w Re-xx Im-xx Re-yy Im-yy Re-zz Im-zz
# Gaussian absolute broadening  0.15 [eV]
   0.0000000  7.672468e-01  8.806414e-05  7.672849e-01  8.806453e-05  7.293652e-01  8.015372e-05  
   0.0200000  7.673463e-01  9.425031e-05  7.673844e-01  9.425085e-05  7.294558e-01  8.578383e-05  
   0.0410000  7.674647e-01  1.012997e-04  7.675027e-01  1.013004e-04  7.295636e-01  9.219936e-05  
   0.0620000  7.675998e-01  1.089528e-04  7.676376e-01  1.089537e-04  7.296864e-01  9.916395e-05  
   0.0830000  7.677527e-01  1.172431e-04  7.677909e-01  1.172443e-04  7.298256e-01  1.067082e-04  
   0.1040000  7.679263e-01  1.262001e-04  7.679645e-01  1.262017e-04  7.299840e-01  1.148588e-04  
   0.1240000  7.681127e-01  1.353716e-04  7.681511e-01  1.353736e-04  7.301534e-01  1.232041e-04  
   0.1450000  7.683326e-01  1.456898e-04  7.683709e-01  1.456925e-04  7.303537e-01  1.325924e-04  
   0.1660000  7.685794e-01  1.567194e-04  7.686175e-01  1.567227e-04  7.305780e-01  1.426273e-04  
   0.1870000  7.688553e-01  1.684568e-04  7.688937e-01  1.684610e-04  7.308293e-01  1.533055e-04  
   0.2080000  7.691625e-01  1.808876e-04  7.692006e-01  1.808927e-04  7.311089e-01  1.646135e-04  
   0.2290000  7.695024e-01  1.939864e-04  7.695407e-01  1.939927e-04  7.314183e-01  1.765285e-04  
   0.2490000  7.698584e-01  2.070506e-04  7.698965e-01  2.070582e-04  7.317417e-01  1.884109e-04  
   0.2700000  7.702667e-01  2.213447e-04  7.703048e-01  2.213537e-04  7.321137e-01  2.014107e-04  
   0.2910000  7.707118e-01  2.361805e-04  7.707500e-01  2.361911e-04  7.325184e-01  2.149016e-04  
   0.3120000  7.711945e-01  2.515045e-04  7.712329e-01  2.515168e-04  7.329580e-01  2.288349e-04  
   0.3330000  7.717152e-01  2.672617e-04  7.717535e-01  2.672757e-04  7.334317e-01  2.431604e-04  
   0.3540000  7.722743e-01  2.833989e-04  7.723128e-01  2.834146e-04  7.339403e-01  2.578293e-04  
   0.3740000  7.728427e-01  2.990755e-04  7.728810e-01  2.990930e-04  7.344571e-01  2.720775e-04  
   0.3950000  7.734766e-01  3.158166e-04  7.735150e-01  3.158358e-04  7.350341e-01  2.872910e-04  
   0.4160000  7.741486e-01  3.328080e-04  7.741873e-01  3.328289e-04  7.356455e-01  3.027292e-04  
   0.4374300  7.748746e-01  3.503734e-04  7.749131e-01  3.503958e-04  7.363057e-01  3.186862e-04  
   0.4574300  7.755874e-01  3.669501e-04  7.756261e-01  3.669738e-04  7.369542e-01  3.337421e-04  
   0.4784300  7.763733e-01  3.845293e-04  7.764121e-01  3.845541e-04  7.376690e-01  3.497055e-04  
   0.4994300  7.771973e-01  4.022743e-04  7.772359e-01  4.022999e-04  7.384181e-01  3.658163e-04  
   0.5204300  7.780593e-01  4.201783e-04  7.780981e-01  4.202047e-04  7.392017e-01  3.820678e-04  
   0.5414300  7.789593e-01  4.382377e-04  7.789983e-01  4.382645e-04  7.400204e-01  3.984564e-04  
   0.5614300  7.798526e-01  4.555814e-04  7.798916e-01  4.556085e-04  7.408327e-01  4.141919e-04  
   0.5824300  7.808284e-01  4.739453e-04  7.808674e-01  4.739728e-04  7.417194e-01  4.308495e-04  
   0.6034300  7.818426e-01  4.924696e-04  7.818817e-01  4.924973e-04  7.426417e-01  4.476482e-04  
   0.6244300  7.828968e-01  5.111594e-04  7.829359e-01  5.111873e-04  7.435995e-01  4.645924e-04  
   0.6454300  7.839898e-01  5.300200e-04  7.840293e-01  5.300482e-04  7.445933e-01  4.816869e-04  
   0.6664300  7.851235e-01  5.490575e-04  7.851627e-01  5.490864e-04  7.456232e-01  4.989372e-04  
   0.6864300  7.862397e-01  5.673587e-04  7.862790e-01  5.673884e-04  7.466376e-01  5.155157e-04  
   0.7074300  7.874517e-01  5.867611e-04  7.874913e-01  5.867920e-04  7.477389e-01  5.330869e-04  
   0.7284300  7.887047e-01  6.063607e-04  7.887441e-01  6.063932e-04  7.488770e-01  5.508315e-04  
   0.7494300  7.899992e-01  6.261652e-04  7.900389e-01  6.261996e-04  7.500530e-01  5.687562e-04  
   0.7704300  7.913352e-01  6.461815e-04  7.913749e-01  6.462187e-04  7.512666e-01  5.868673e-04  
   0.7914300  7.927138e-01  6.664187e-04  7.927536e-01  6.664588e-04  7.525184e-01  6.051725e-04  
   0.8114300  7.940659e-01  6.859042e-04  7.941056e-01  6.859477e-04  7.537462e-01  6.227921e-04  
   0.8324300  7.955277e-01  7.065960e-04  7.955679e-01  7.066429e-04  7.550733e-01  6.414966e-04  
   0.8540300  7.970775e-01  7.281359e-04  7.971176e-01  7.281868e-04  7.564803e-01  6.609610e-04  
   0.8740300  7.985538e-01  7.483209e-04  7.985939e-01  7.483758e-04  7.578205e-01  6.791950e-04  
   0.8950300  8.001477e-01  7.697740e-04  8.001881e-01  7.698333e-04  7.592667e-01  6.985680e-04  
   0.9160300  8.017867e-01  7.915022e-04  8.018270e-01  7.915656e-04  7.607542e-01  7.181822e-04  
   0.9370300  8.034716e-01  8.135160e-04  8.035122e-01  8.135836e-04  7.622828e-01  7.380469e-04  
   0.9580300  8.052031e-01  8.358257e-04  8.052436e-01  8.358975e-04  7.638535e-01  7.581713e-04  
   0.9780300  8.068962e-01  8.573593e-04  8.069371e-01  8.574346e-04  7.653893e-01  7.775886e-04  
   0.9990300  8.087207e-01  8.802802e-04  8.087616e-01  8.803588e-04  7.670438e-01  7.982488e-04  
   1.0200300  8.105934e-01  9.035306e-04  8.106344e-01  9.036123e-04  7.687420e-01  8.191983e-04  
   1.0410300  8.125158e-01  9.271224e-04  8.125570e-01  9.272072e-04  7.704846e-01  8.404478e-04  
   1.0620300  8.144884e-01  9.510684e-04  8.145297e-01  9.511552e-04  7.722725e-01  8.620071e-04  
   1.0830300  8.165114e-01  9.753803e-04  8.165528e-01  9.754694e-04  7.741060e-01  8.838873e-04  
   1.1030300  8.184859e-01  9.988855e-04  8.185277e-01  9.989761e-04  7.758949e-01  9.050337e-04  
   1.1240300  8.206102e-01  1.023949e-03  8.206519e-01  1.024041e-03  7.778195e-01  9.275731e-04  
   1.1450300  8.227875e-01  1.049417e-03  8.228294e-01  1.049509e-03  7.797918e-01  9.504671e-04  
   1.1660300  8.250187e-01  1.075303e-03  8.250608e-01  1.075397e-03  7.818125e-01  9.737281e-04  
   1.1870300  8.273047e-01  1.101623e-03  8.273470e-01  1.101717e-03  7.838823e-01  9.973695e-04  
   1.2080300  8.296465e-01  1.128390e-03  8.296890e-01  1.128485e-03  7.860022e-01  1.021403e-03  
   1.2280300  8.319290e-01  1.154314e-03  8.319715e-01  1.154409e-03  7.880681e-01  1.044671e-03  
   1.2490300  8.343817e-01  1.182003e-03  8.344245e-01  1.182098e-03  7.902876e-01  1.069514e-03  
   1.2706300  8.369663e-01  1.211003e-03  8.370093e-01  1.211098e-03  7.926259e-01  1.095523e-03  
   1.2906300  8.394151e-01  1.238341e-03  8.394582e-01  1.238436e-03  7.948412e-01  1.120032e-03  
   1.3116300  8.420462e-01  1.267568e-03  8.420893e-01  1.267664e-03  7.972205e-01  1.146226e-03  
   1.3326300  8.447387e-01  1.297348e-03  8.447821e-01  1.297445e-03  7.996547e-01  1.172907e-03  
   1.3536299  8.474942e-01  1.327704e-03  8.475377e-01  1.327802e-03  8.021458e-01  1.200095e-03  
   1.3746300  8.503144e-01  1.358657e-03  8.503582e-01  1.358755e-03  8.046947e-01  1.227810e-03  
   1.3946300  8.530614e-01  1.388712e-03  8.531054e-01  1.388812e-03  8.071771e-01  1.254715e-03  
   1.4156300  8.560112e-01  1.420895e-03  8.560554e-01  1.420998e-03  8.098417e-01  1.283521e-03  
   1.4366300  8.590294e-01  1.453746e-03  8.590738e-01  1.453850e-03  8.125678e-01  1.312921e-03  
   1.4576300  8.621176e-01  1.487288e-03  8.621622e-01  1.487395e-03  8.153565e-01  1.342943e-03  
   1.4786299  8.652773e-01  1.521549e-03  8.653221e-01  1.521658e-03  8.182092e-01  1.373615e-03  
   1.4996300  8.685097e-01  1.556555e-03  8.685546e-01  1.556667e-03  8.211269e-01  1.404972e-03  
   1.5196300  8.716571e-01  1.590613e-03  8.717021e-01  1.590728e-03  8.239672e-01  1.435505e-03  
   1.5406300  8.750358e-01  1.627159e-03  8.750815e-01  1.627278e-03  8.270159e-01  1.468315e-03  
   1.5616300  8.784928e-01  1.664542e-03  8.785384e-01  1.664664e-03  8.301342e-01  1.501946e-03  
   1.5826300  8.820288e-01  1.702794e-03  8.820747e-01  1.702921e-03  8.333231e-01  1.536462e-03  
   1.6036299  8.856457e-01  1.741954e-03  8.856921e-01  1.742084e-03  8.365850e-01  1.571945e-03  
   1.6246300  8.893462e-01  1.782061e-03  8.893927e-01  1.782195e-03  8.399211e-01  1.608491e-03  
   1.6446300  8.929484e-01  1.821177e-03  8.929952e-01  1.821316e-03  8.431683e-01  1.644391e-03  
   1.6656300  8.968161e-01  1.863258e-03  8.968633e-01  1.863403e-03  8.466540e-01  1.683371e-03  
   1.6872300  9.008876e-01  1.907678e-03  9.009352e-01  1.907828e-03  8.503228e-01  1.725009e-03  
   1.7072300  9.047436e-01  1.949885e-03  9.047914e-01  1.950038e-03  8.537968e-01  1.765135e-03  
   1.7282300  9.088840e-01  1.995377e-03  9.089320e-01  1.995535e-03  8.575264e-01  1.809107e-03  
   1.7492300  9.131205e-01  2.042139e-03  9.131690e-01  2.042303e-03  8.613418e-01  1.855202e-03  
   1.7702301  9.174557e-01  2.090247e-03  9.175043e-01  2.090414e-03  8.652453e-01  1.903688e-03  
   1.7912300  9.218926e-01  2.139779e-03  9.219419e-01  2.139952e-03  8.692392e-01  1.954849e-03  
   1.8112299  9.262155e-01  2.188358e-03  9.262650e-01  2.188536e-03  8.731294e-01  2.006343e-03  
   1.8322300  9.308586e-01  2.240933e-03  9.309085e-01  2.241115e-03  8.773071e-01  2.063623e-03  
   1.8532300  9.356124e-01  2.295216e-03  9.356629e-01  2.295401e-03  8.815825e-01  2.124520e-03  
   1.8742300  9.404801e-01  2.351317e-03  9.405304e-01  2.351507e-03  8.859584e-01  2.189376e-03  
   1.8952301  9.454644e-01  2.409353e-03  9.455152e-01  2.409548e-03  8.904374e-01  2.258548e-03  
   1.9162300  9.505693e-01  2.469451e-03  9.506204e-01  2.469650e-03  8.950220e-01  2.332404e-03  
   1.9362299  9.555448e-01  2.528727e-03  9.555967e-01  2.528932e-03  8.994886e-01  2.407455e-03  
   1.9572300  9.608942e-01  2.593243e-03  9.609464e-01  2.593453e-03  9.042880e-01  2.491593e-03  
   1.9782300  9.663751e-01  2.660234e-03  9.664272e-01  2.660448e-03  9.092017e-01  2.581612e-03  
   1.9992300  9.719900e-01  2.729846e-03  9.720432e-01  2.730067e-03  9.142321e-01  2.677940e-03  
   2.0202301  9.777451e-01  2.802234e-03  9.777985e-01  2.802462e-03  9.193833e-01  2.781000e-03  
   2.0412300  9.836436e-01  2.877544e-03  9.836977e-01  2.877779e-03  9.246586e-01  2.891192e-03  
   2.0612299  9.893990e-01  2.952124e-03  9.894536e-01  2.952366e-03  9.298005e-01  3.003089e-03  
   2.0822301  9.955918e-01  3.033570e-03  9.956469e-01  3.033821e-03  9.353266e-01  3.128148e-03  
   2.1038301  1.002127e+00  3.120847e-03  1.002183e+00  3.121108e-03  9.411518e-01  3.265067e-03  
   2.1238301  1.008333e+00  3.204960e-03  1.008389e+00  3.205230e-03  9.466757e-01  3.399410e-03  
   2.1448300  1.015016e+00  3.296839e-03  1.015072e+00  3.297119e-03  9.526160e-01  3.548271e-03  
   2.1658299  1.021874e+00  3.392519e-03  1.021931e+00  3.392811e-03  9.587029e-01  3.705003e-03  
   2.1868300  1.028916e+00  3.492184e-03  1.028974e+00  3.492488e-03  9.649437e-01  3.869409e-03  
   2.2078300  1.036148e+00  3.596044e-03  1.036206e+00  3.596360e-03  9.713424e-01  4.041248e-03  
   2.2278299  1.043220e+00  3.699103e-03  1.043278e+00  3.699433e-03  9.775898e-01  4.211613e-03  
   2.2488301  1.050846e+00  3.811980e-03  1.050905e+00  3.812323e-03  9.843160e-01  4.397369e-03  
   2.2698300  1.058686e+00  3.930034e-03  1.058746e+00  3.930392e-03  9.912196e-01  4.590075e-03  
   2.2908299  1.066749e+00  4.053775e-03  1.066810e+00  4.054148e-03  9.983093e-01  4.789757e-03  
   2.3118300  1.075046e+00  4.183820e-03  1.075108e+00  4.184209e-03  1.005592e+00  4.996573e-03  
   2.3328300  1.083586e+00  4.320899e-03  1.083648e+00  4.321306e-03  1.013076e+00  5.210797e-03  
   2.3528299  1.091955e+00  4.458790e-03  1.092018e+00  4.459215e-03  1.020399e+00  5.422074e-03  
   2.3738301  1.101001e+00  4.612244e-03  1.101065e+00  4.612689e-03  1.028302e+00  5.652007e-03  
   2.3948300  1.110323e+00  4.775690e-03  1.110388e+00  4.776157e-03  1.036434e+00  5.890790e-03  
   2.4158299  1.119936e+00  4.950399e-03  1.120002e+00  4.950888e-03  1.044805e+00  6.139079e-03  
   2.4368300  1.129853e+00  5.137763e-03  1.129920e+00  5.138278e-03  1.053426e+00  6.397589e-03  
   2.4578300  1.140089e+00  5.339293e-03  1.140156e+00  5.339836e-03  1.062309e+00  6.667123e-03  
   2.4778299  1.150147e+00  5.545885e-03  1.150216e+00  5.546458e-03  1.071025e+00  6.934904e-03  
   2.4988301  1.161051e+00  5.779860e-03  1.161120e+00  5.780468e-03  1.080457e+00  7.228716e-03  
   2.5204301  1.172653e+00  6.040643e-03  1.172724e+00  6.041291e-03  1.090475e+00  7.545700e-03  
   2.5404301  1.183764e+00  6.302118e-03  1.183836e+00  6.302805e-03  1.100050e+00  7.853891e-03  
   2.5614300  1.195832e+00  6.599383e-03  1.195905e+00  6.600114e-03  1.110433e+00  8.194328e-03  
   2.5824299  1.208336e+00  6.922124e-03  1.208410e+00  6.922905e-03  1.121169e+00  8.553949e-03  
   2.6034300  1.221305e+00  7.272854e-03  1.221381e+00  7.273690e-03  1.132279e+00  8.935069e-03  
   2.6244299  1.234766e+00  7.654451e-03  1.234844e+00  7.655349e-03  1.143786e+00  9.340388e-03  
   2.6444299  1.248078e+00  8.049765e-03  1.248156e+00  8.050727e-03  1.155137e+00  9.751842e-03  
   2.6654301  1.262604e+00  8.502524e-03  1.262685e+00  8.503563e-03  1.167492e+00  1.021421e-02  
   2.6864300  1.277736e+00  8.999454e-03  1.277818e+00  9.000582e-03  1.180323e+00  1.071216e-02  
   2.7074299  1.293523e+00  9.548174e-03  1.293607e+00  9.549404e-03  1.193665e+00  1.125129e-02  
   2.7284300  1.310019e+00  1.015911e-02  1.310105e+00  1.016045e-02  1.207556e+00  1.183861e-02  
   2.7494299  1.327286e+00  1.084658e-02  1.327373e+00  1.084807e-02  1.222037e+00  1.248301e-02  
   2.7694299  1.344510e+00  1.159062e-02  1.344600e+00  1.159228e-02  1.236420e+00  1.316027e-02  
   2.7904301  1.363492e+00  1.249174e-02  1.363585e+00  1.249361e-02  1.252197e+00  1.395241e-02  
   2.8114300  1.383480e+00  1.355217e-02  1.383575e+00  1.355431e-02  1.268722e+00  1.484670e-02  
   2.8324299  1.404572e+00  1.482201e-02  1.404670e+00  1.482451e-02  1.286064e+00  1.586867e-02  
   2.8534300  1.426879e+00  1.636836e-02  1.426980e+00  1.637132e-02  1.304297e+00  1.705188e-02  
   2.8744299  1.450518e+00  1.827966e-02  1.450622e+00  1.828323e-02  1.323505e+00  1.844022e-02  
   2.8944299  1.474383e+00  2.054399e-02  1.474491e+00  2.054833e-02  1.342788e+00  2.000525e-02  
   2.9154301  1.500984e+00  2.352769e-02  1.501096e+00  2.353306e-02  1.364171e+00  2.197375e-02  
   2.9370301  1.530123e+00  2.743320e-02  1.530240e+00  2.743999e-02  1.387488e+00  2.444278e-02  
   2.9570301  1.558818e+00  3.201443e-02  1.558940e+00  3.202289e-02  1.410377e+00  2.724065e-02  
   2.9780300  1.590814e+00  3.808215e-02  1.590941e+00  3.809287e-02  1.435862e+00  3.084978e-02  
   2.9990301  1.624784e+00  4.574539e-02  1.624917e+00  4.575895e-02  1.462940e+00  3.532345e-02  
   3.0200300  1.660746e+00  5.535972e-02  1.660884e+00  5.537682e-02  1.491707e+00  4.087844e-02  
   3.0410299  1.698655e+00  6.731960e-02  1.698800e+00  6.734107e-02  1.522242e+00  4.777291e-02  
   3.0610299  1.736467e+00  8.127781e-02  1.736617e+00  8.130422e-02  1.553009e+00  5.585954e-02  
   3.0820301  1.777765e+00  9.905040e-02  1.777921e+00  9.908292e-02  1.587091e+00  6.627645e-02  
   3.1030300  1.820400e+00  1.204410e-01  1.820562e+00  1.204806e-01  1.622943e+00  7.904147e-02  
   3.1240301  1.863970e+00  1.458552e-01  1.864140e+00  1.459029e-01  1.660448e+00  9.456789e-02  
   3.1450300  1.907966e+00  1.756431e-01  1.908142e+00  1.756998e-01  1.699398e+00  1.132876e-01  
   3.1660299  1.951783e+00  2.100736e-01  1.951965e+00  2.101401e-01  1.739494e+00  1.356351e-01  
   3.1860299  1.992721e+00  2.473280e-01  1.992908e+00  2.474045e-01  1.778372e+00  1.606709e-01  
   3.2070301  2.034162e+00  2.911613e-01  2.034354e+00  2.912484e-01  1.819425e+00  1.912526e-01  
   3.2280300  2.073267e+00  3.397096e-01  2.073464e+00  3.398075e-01  1.860107e+00  2.265213e-01  
   3.2490301  2.109283e+00  3.927004e-01  2.109483e+00  3.928088e-01  1.899703e+00  2.666658e-01  
   3.2700300  2.141505e+00  4.497032e-01  2.141709e+00  4.498216e-01  1.937433e+00  3.117377e-01  
   3.2910299  2.169324e+00  5.101445e-01  2.169529e+00  5.102720e-01  1.972470e+00  3.616291e-01  
   3.3110299  2.191280e+00  5.702718e-01  2.191488e+00  5.704066e-01  2.002579e+00  4.133661e-01  
   3.3320301  2.209251e+00  6.353500e-01  2.209461e+00  6.354916e-01  2.030015e+00  4.716749e-01  
   3.3536301  2.222144e+00  7.035122e-01  2.222356e+00  7.036586e-01  2.053049e+00  5.352393e-01  
   3.3736300  2.229047e+00  7.669594e-01  2.229259e+00  7.671089e-01  2.069155e+00  5.965880e-01  
   3.3946300  2.231278e+00  8.331681e-01  2.231492e+00  8.333191e-01  2.080284e+00  6.626788e-01  
   3.4156301  2.228717e+00  8.982731e-01  2.228930e+00  8.984239e-01  2.085305e+00  7.294847e-01  
   3.4366300  2.221840e+00  9.616963e-01  2.222054e+00  9.618460e-01  2.084256e+00  7.959504e-01  
   3.4576299  2.211210e+00  1.023006e+00  2.211425e+00  1.023153e+00  2.077402e+00  8.610483e-01  
   3.4776299  2.198149e+00  1.079174e+00  2.198364e+00  1.079318e+00  2.065917e+00  9.209085e-01  
   3.4986300  2.181928e+00  1.135691e+00  2.182144e+00  1.135832e+00  2.049293e+00  9.807342e-01  
   3.5196300  2.163692e+00  1.189688e+00  2.163906e+00  1.189825e+00  2.028792e+00  1.036835e+00  
   3.5406301  2.143927e+00  1.241275e+00  2.144141e+00  1.241408e+00  2.005322e+00  1.088791e+00  
   3.5616300  2.123030e+00  1.290633e+00  2.123242e+00  1.290764e+00  1.979821e+00  1.136407e+00  
   3.5826299  2.101293e+00  1.337983e+00  2.101501e+00  1.338113e+00  1.953202e+00  1.179723e+00  
   3.6026299  2.079990e+00  1.381414e+00  2.080195e+00  1.381542e+00  1.927577e+00  1.217198e+00  
   3.6236300  2.057104e+00  1.425450e+00  2.057304e+00  1.425578e+00  1.901053e+00  1.252978e+00  
   3.6446300  2.033750e+00  1.468014e+00  2.033942e+00  1.468143e+00  1.875458e+00  1.285622e+00  
   3.6656301  2.009961e+00  1.509177e+00  2.010147e+00  1.509308e+00  1.851155e+00  1.315728e+00  
   3.6866300  1.985780e+00  1.548938e+00  1.985957e+00  1.549071e+00  1.828331e+00  1.343892e+00  
   3.7076299  1.961281e+00  1.587240e+00  1.961449e+00  1.587377e+00  1.807016e+00  1.370668e+00  
   3.7276299  1.937773e+00  1.622274e+00  1.937933e+00  1.622415e+00  1.788034e+00  1.395293e+00  
   3.7486300  1.913102e+00  1.657440e+00  1.913251e+00  1.657586e+00  1.769330e+00  1.420555e+00  
   3.7702301  1.888029e+00  1.691792e+00  1.888169e+00  1.691944e+00  1.751199e+00  1.446116e+00  
   3.7902300  1.865417e+00  1.721925e+00  1.865547e+00  1.722082e+00  1.735252e+00  1.469480e+00  
   3.8112299  1.842695e+00  1.751883e+00  1.842817e+00  1.752047e+00  1.719270e+00  1.493686e+00  
   3.8322301  1.821457e+00  1.780286e+00  1.821571e+00  1.780457e+00  1.704051e+00  1.517490e+00  
   3.8532300  1.802149e+00  1.807434e+00  1.802256e+00  1.807614e+00  1.689681e+00  1.540806e+00  
   3.8742299  1.785189e+00  1.833781e+00  1.785290e+00  1.833969e+00  1.676349e+00  1.563591e+00  
   3.8942299  1.771534e+00  1.858672e+00  1.771631e+00  1.858869e+00  1.664871e+00  1.584825e+00  
   3.9152300  1.760048e+00  1.885304e+00  1.760141e+00  1.885510e+00  1.654413e+00  1.606772e+00  
   3.9362299  1.751575e+00  1.913286e+00  1.751665e+00  1.913501e+00  1.645932e+00  1.628640e+00  
   3.9572301  1.746032e+00  1.943560e+00  1.746118e+00  1.943784e+00  1.639749e+00  1.650861e+00  
   3.9782300  1.743125e+00  1.977116e+00  1.743209e+00  1.977349e+00  1.636113e+00  1.674011e+00  
   3.9992299  1.742342e+00  2.014938e+00  1.742422e+00  2.015181e+00  1.635159e+00  1.698802e+00  
   4.0192299  1.742892e+00  2.055784e+00  1.742969e+00  2.056033e+00  1.636728e+00  1.724685e+00  
   4.0402298  1.743908e+00  2.104518e+00  1.743980e+00  2.104775e+00  1.640790e+00  1.755106e+00  
   4.0612302  1.744233e+00  2.159886e+00  1.744299e+00  2.160148e+00  1.646931e+00  1.789762e+00  
   4.0822301  1.742544e+00  2.222316e+00  1.742602e+00  2.222583e+00  1.654532e+00  1.829568e+00  
   4.1032300  1.737396e+00  2.291978e+00  1.737443e+00  2.292247e+00  1.662740e+00  1.875382e+00  
   4.1242299  1.727284e+00  2.368751e+00  1.727319e+00  2.369019e+00  1.670483e+00  1.927947e+00  
   4.1442299  1.711658e+00  2.448085e+00  1.711680e+00  2.448350e+00  1.676245e+00  1.984808e+00  
   4.1652298  1.687565e+00  2.537211e+00  1.687572e+00  2.537473e+00  1.679185e+00  2.051989e+00  
   4.1868300  1.653200e+00  2.634057e+00  1.653189e+00  2.634310e+00  1.677201e+00  2.129143e+00  
   4.2068300  1.611641e+00  2.727208e+00  1.611612e+00  2.727453e+00  1.669227e+00  2.207610e+00  
   4.2278299  1.557023e+00  2.827169e+00  1.556973e+00  2.827403e+00  1.652805e+00  2.296641e+00  
   4.2488298  1.490494e+00  2.927700e+00  1.490425e+00  2.927920e+00  1.626471e+00  2.391439e+00  
   4.2698302  1.411648e+00  3.027026e+00  1.411558e+00  3.027230e+00  1.588679e+00  2.490545e+00  
   4.2908301  1.320365e+00  3.123300e+00  1.320255e+00  3.123488e+00  1.538126e+00  2.592099e+00  
   4.3108301  1.222000e+00  3.210459e+00  1.221871e+00  3.210629e+00  1.477239e+00  2.689092e+00  
   4.3318300  1.107116e+00  3.295453e+00  1.106968e+00  3.295604e+00  1.399413e+00  2.788862e+00  
   4.3528299  9.809995e-01  3.372026e+00  9.808330e-01  3.372158e+00  1.307315e+00  2.883933e+00  
   4.3738298  8.445494e-01  3.438505e+00  8.443651e-01  3.438615e+00  1.201446e+00  2.971652e+00  
   4.3948302  6.988832e-01  3.493330e+00  6.986821e-01  3.493418e+00  1.082855e+00  3.049457e+00  
   4.4158301  5.453395e-01  3.535091e+00  5.451240e-01  3.535156e+00  9.531324e-01  3.115019e+00  
   4.4358301  3.931819e-01  3.561579e+00  3.929540e-01  3.561620e+00  8.211107e-01  3.164279e+00  
   4.4568300  2.288478e-01  3.574438e+00  2.286093e-01  3.574451e+00  6.759117e-01  3.200718e+00  
   4.4778299  6.169917e-02  3.571169e+00  6.145309e-02  3.571155e+00  5.266054e-01  3.220551e+00  
   4.4988298  -1.062104e-01  3.551223e+00  -1.064604e-01  3.551179e+00  3.759824e-01  3.223400e+00  
   4.5198302  -2.727014e-01  3.514357e+00  -2.729510e-01  3.514282e+00  2.268095e-01  3.209476e+00  
   4.5408301  -4.354953e-01  3.460682e+00  -4.357395e-01  3.460576e+00  8.170942e-02  3.179556e+00  
   4.5608301  -5.849985e-01  3.394387e+00  -5.852324e-01  3.394252e+00  -5.054906e-02  3.137342e+00  
   4.5818300  -7.339883e-01  3.309710e+00  -7.342060e-01  3.309546e+00  -1.812756e-01  3.080200e+00  
   4.6034298  -8.764839e-01  3.207884e+00  -8.766789e-01  3.207692e+00  -3.053977e-01  3.009748e+00  
   4.6234298  -9.969047e-01  3.101896e+00  -9.970736e-01  3.101682e+00  -4.099107e-01  2.935938e+00  
   4.6444302  -1.109861e+00  2.980517e+00  -1.109998e+00  2.980285e+00  -5.081928e-01  2.851682e+00  
   4.6654301  -1.207793e+00  2.851152e+00  -1.207894e+00  2.850907e+00  -5.944491e-01  2.762621e+00  
   4.6864300  -1.289932e+00  2.716371e+00  -1.289996e+00  2.716119e+00  -6.687510e-01  2.670784e+00  
   4.7074299  -1.356004e+00  2.578840e+00  -1.356028e+00  2.578587e+00  -7.314712e-01  2.578018e+00  
   4.7274299  -1.404190e+00  2.447699e+00  -1.404177e+00  2.447451e+00  -7.809936e-01  2.490290e+00  
   4.7484298  -1.439968e+00  2.312201e+00  -1.439916e+00  2.311965e+00  -8.230193e-01  2.400147e+00  
   4.7694302  -1.461640e+00  2.181120e+00  -1.461552e+00  2.180900e+00  -8.557099e-01  2.313130e+00  
   4.7904301  -1.470622e+00  2.056313e+00  -1.470499e+00  2.056114e+00  -8.800219e-01  2.230116e+00  
   4.8114300  -1.468552e+00  1.939225e+00  -1.468399e+00  1.939051e+00  -8.969352e-01  2.151743e+00  
   4.8324299  -1.457193e+00  1.830881e+00  -1.457013e+00  1.830734e+00  -9.074175e-01  2.078442e+00  
   4.8524299  -1.439365e+00  1.736391e+00  -1.439163e+00  1.736272e+00  -9.122725e-01  2.013573e+00  
   4.8734298  -1.414935e+00  1.646539e+00  -1.414712e+00  1.646450e+00  -9.128254e-01  1.950738e+00  
   4.8944302  -1.386215e+00  1.566205e+00  -1.385975e+00  1.566146e+00  -9.095169e-01  1.893275e+00  
   4.9154301  -1.354616e+00  1.495060e+00  -1.354362e+00  1.495031e+00  -9.030778e-01  1.841051e+00  
   4.9364300  -1.321347e+00  1.432580e+00  -1.321080e+00  1.432580e+00  -8.941603e-01  1.793853e+00  
   4.9574299  -1.287405e+00  1.378111e+00  -1.287129e+00  1.378139e+00  -8.833348e-01  1.751409e+00  
   4.9774299  -1.255186e+00  1.333019e+00  -1.254901e+00  1.333072e+00  -8.717032e-01  1.715127e+00  
   4.9984298  -1.222054e+00  1.292070e+00  -1.221762e+00  1.292146e+00  -8.585064e-01  1.681063e+00  
