w Re-xx Im-xx Re-yy Im-yy Re-zz Im-zz
# Gaussian absolute broadening  0.15 [eV]
   0.0000000  7.690050e-01  8.857649e-05  7.690048e-01  8.857987e-05  7.243580e-01  7.868660e-05  
   0.0200000  7.691051e-01  9.479785e-05  7.691051e-01  9.480174e-05  7.244468e-01  8.421302e-05  
   0.0410000  7.692243e-01  1.018874e-04  7.692242e-01  1.018920e-04  7.245526e-01  9.051024e-05  
   0.0620000  7.693598e-01  1.095841e-04  7.693598e-01  1.095893e-04  7.246733e-01  9.734608e-05  
   0.0830000  7.695140e-01  1.179218e-04  7.695138e-01  1.179277e-04  7.248099e-01  1.047507e-04  
   0.1040000  7.696888e-01  1.269301e-04  7.696887e-01  1.269368e-04  7.249653e-01  1.127500e-04  
   0.1240000  7.698761e-01  1.361543e-04  7.698759e-01  1.361618e-04  7.251315e-01  1.209402e-04  
   0.1450000  7.700973e-01  1.465318e-04  7.700971e-01  1.465403e-04  7.253281e-01  1.301536e-04  
   0.1660000  7.703455e-01  1.576251e-04  7.703454e-01  1.576345e-04  7.255486e-01  1.400012e-04  
   0.1870000  7.706230e-01  1.694304e-04  7.706229e-01  1.694408e-04  7.257951e-01  1.504795e-04  
   0.2080000  7.709318e-01  1.819334e-04  7.709316e-01  1.819447e-04  7.260695e-01  1.615757e-04  
   0.2290000  7.712738e-01  1.951086e-04  7.712737e-01  1.951209e-04  7.263729e-01  1.732669e-04  
   0.2490000  7.716315e-01  2.082492e-04  7.716314e-01  2.082624e-04  7.266909e-01  1.849257e-04  
   0.2700000  7.720424e-01  2.226271e-04  7.720423e-01  2.226413e-04  7.270555e-01  1.976805e-04  
   0.2910000  7.724899e-01  2.375502e-04  7.724898e-01  2.375652e-04  7.274531e-01  2.109166e-04  
   0.3120000  7.729757e-01  2.529646e-04  7.729757e-01  2.529805e-04  7.278843e-01  2.245861e-04  
   0.3330000  7.734993e-01  2.688152e-04  7.734992e-01  2.688317e-04  7.283493e-01  2.386396e-04  
   0.3540000  7.740619e-01  2.850482e-04  7.740619e-01  2.850653e-04  7.288485e-01  2.530295e-04  
   0.3740000  7.746333e-01  3.008182e-04  7.746333e-01  3.008358e-04  7.293556e-01  2.670059e-04  
   0.3950000  7.752709e-01  3.176593e-04  7.752710e-01  3.176772e-04  7.299216e-01  2.819280e-04  
   0.4160000  7.759470e-01  3.347525e-04  7.759472e-01  3.347706e-04  7.305216e-01  2.970698e-04  
   0.4374300  7.766771e-01  3.524235e-04  7.766772e-01  3.524416e-04  7.311696e-01  3.127190e-04  
   0.4574300  7.773942e-01  3.691000e-04  7.773944e-01  3.691181e-04  7.318059e-01  3.274834e-04  
   0.4784300  7.781845e-01  3.867853e-04  7.781848e-01  3.868033e-04  7.325072e-01  3.431361e-04  
   0.4994300  7.790133e-01  4.046380e-04  7.790135e-01  4.046558e-04  7.332423e-01  3.589317e-04  
   0.5204300  7.798802e-01  4.226508e-04  7.798806e-01  4.226684e-04  7.340111e-01  3.748636e-04  
   0.5414300  7.807858e-01  4.408203e-04  7.807860e-01  4.408378e-04  7.348142e-01  3.909282e-04  
   0.5614300  7.816845e-01  4.582702e-04  7.816848e-01  4.582875e-04  7.356111e-01  4.063506e-04  
   0.5824300  7.826658e-01  4.767472e-04  7.826660e-01  4.767647e-04  7.364812e-01  4.226747e-04  
   0.6034300  7.836861e-01  4.953858e-04  7.836866e-01  4.954037e-04  7.373859e-01  4.391349e-04  
   0.6244300  7.847463e-01  5.141919e-04  7.847466e-01  5.142101e-04  7.383255e-01  4.557354e-04  
   0.6454300  7.858464e-01  5.331704e-04  7.858468e-01  5.331894e-04  7.393003e-01  4.724811e-04  
   0.6664300  7.869862e-01  5.523273e-04  7.869868e-01  5.523477e-04  7.403107e-01  4.893768e-04  
   0.6864300  7.881094e-01  5.707443e-04  7.881100e-01  5.707660e-04  7.413054e-01  5.056123e-04  
   0.7074300  7.893287e-01  5.902699e-04  7.893292e-01  5.902936e-04  7.423856e-01  5.228174e-04  
   0.7284300  7.905892e-01  6.099951e-04  7.905897e-01  6.100207e-04  7.435019e-01  5.401896e-04  
   0.7494300  7.918915e-01  6.299273e-04  7.918921e-01  6.299551e-04  7.446548e-01  5.577356e-04  
   0.7704300  7.932354e-01  6.500738e-04  7.932361e-01  6.501042e-04  7.458450e-01  5.754610e-04  
   0.7914300  7.946222e-01  6.704433e-04  7.946230e-01  6.704765e-04  7.470723e-01  5.933732e-04  
   0.8114300  7.959824e-01  6.900573e-04  7.959835e-01  6.900928e-04  7.482761e-01  6.106122e-04  
   0.8324300  7.974533e-01  7.108863e-04  7.974542e-01  7.109243e-04  7.495774e-01  6.289091e-04  
   0.8540300  7.990123e-01  7.325704e-04  7.990134e-01  7.326106e-04  7.509564e-01  6.479459e-04  
   0.8740300  8.004978e-01  7.528915e-04  8.004988e-01  7.529337e-04  7.522702e-01  6.657760e-04  
   0.8950300  8.021013e-01  7.744903e-04  8.021023e-01  7.745341e-04  7.536879e-01  6.847162e-04  
   0.9160300  8.037504e-01  7.963675e-04  8.037517e-01  7.964124e-04  7.551460e-01  7.038882e-04  
   0.9370300  8.054458e-01  8.185331e-04  8.054473e-01  8.185789e-04  7.566441e-01  7.233011e-04  
   0.9580300  8.071880e-01  8.409980e-04  8.071892e-01  8.410440e-04  7.581832e-01  7.429635e-04  
   0.9780300  8.088915e-01  8.626822e-04  8.088931e-01  8.627284e-04  7.596881e-01  7.619304e-04  
   0.9990300  8.107274e-01  8.857647e-04  8.107288e-01  8.858107e-04  7.613094e-01  7.821069e-04  
   1.0200300  8.126119e-01  9.091803e-04  8.126134e-01  9.092258e-04  7.629732e-01  8.025609e-04  
   1.0410300  8.145462e-01  9.329413e-04  8.145478e-01  9.329864e-04  7.646805e-01  8.233018e-04  
   1.0620300  8.165312e-01  9.570596e-04  8.165327e-01  9.571043e-04  7.664317e-01  8.443404e-04  
   1.0830300  8.185669e-01  9.815479e-04  8.185688e-01  9.815920e-04  7.682275e-01  8.656859e-04  
   1.1030300  8.205538e-01  1.005225e-03  8.205558e-01  1.005270e-03  7.699795e-01  8.863102e-04  
   1.1240300  8.226917e-01  1.030473e-03  8.226936e-01  1.030518e-03  7.718644e-01  9.082865e-04  
   1.1450300  8.248829e-01  1.056129e-03  8.248850e-01  1.056175e-03  7.737954e-01  9.306015e-04  
   1.1660300  8.271283e-01  1.082209e-03  8.271306e-01  1.082255e-03  7.757736e-01  9.532675e-04  
   1.1870300  8.294293e-01  1.108726e-03  8.294317e-01  1.108774e-03  7.777999e-01  9.762956e-04  
   1.2080300  8.317858e-01  1.135697e-03  8.317884e-01  1.135746e-03  7.798751e-01  9.996990e-04  
   1.2280300  8.340832e-01  1.161818e-03  8.340859e-01  1.161869e-03  7.818968e-01  1.022348e-03  
   1.2490300  8.365520e-01  1.189720e-03  8.365548e-01  1.189773e-03  7.840687e-01  1.046521e-03  
   1.2706300  8.391535e-01  1.218944e-03  8.391563e-01  1.219000e-03  7.863566e-01  1.071819e-03  
   1.2906300  8.416182e-01  1.246494e-03  8.416212e-01  1.246553e-03  7.885239e-01  1.095648e-03  
   1.3116300  8.442665e-01  1.275951e-03  8.442698e-01  1.276012e-03  7.908513e-01  1.121104e-03  
   1.3326300  8.469769e-01  1.305968e-03  8.469799e-01  1.306031e-03  7.932321e-01  1.147020e-03  
   1.3536299  8.497509e-01  1.336566e-03  8.497542e-01  1.336632e-03  7.956680e-01  1.173415e-03  
   1.3746300  8.525897e-01  1.367767e-03  8.525935e-01  1.367836e-03  7.981598e-01  1.200307e-03  
   1.3946300  8.553553e-01  1.398065e-03  8.553591e-01  1.398137e-03  8.005861e-01  1.226396e-03  
   1.4156300  8.583251e-01  1.430512e-03  8.583289e-01  1.430585e-03  8.031906e-01  1.254310e-03  
   1.4366300  8.613636e-01  1.463632e-03  8.613677e-01  1.463708e-03  8.058544e-01  1.282776e-03  
   1.4576300  8.644728e-01  1.497452e-03  8.644769e-01  1.497530e-03  8.085790e-01  1.311815e-03  
   1.4786299  8.676541e-01  1.531997e-03  8.676582e-01  1.532077e-03  8.113652e-01  1.341446e-03  
   1.4996300  8.709087e-01  1.567295e-03  8.709131e-01  1.567377e-03  8.142144e-01  1.371693e-03  
   1.5196300  8.740780e-01  1.601636e-03  8.740826e-01  1.601720e-03  8.169872e-01  1.401092e-03  
   1.5406300  8.774804e-01  1.638487e-03  8.774853e-01  1.638573e-03  8.199630e-01  1.432606e-03  
   1.5616300  8.809612e-01  1.676178e-03  8.809661e-01  1.676266e-03  8.230059e-01  1.464804e-03  
   1.5826300  8.845221e-01  1.714742e-03  8.845272e-01  1.714833e-03  8.261168e-01  1.497712e-03  
   1.6036299  8.881648e-01  1.754214e-03  8.881702e-01  1.754307e-03  8.292976e-01  1.531358e-03  
   1.6246300  8.918912e-01  1.794630e-03  8.918964e-01  1.794725e-03  8.325498e-01  1.565770e-03  
   1.6446300  8.955194e-01  1.834033e-03  8.955252e-01  1.834130e-03  8.357144e-01  1.599282e-03  
   1.6656300  8.994146e-01  1.876403e-03  8.994206e-01  1.876502e-03  8.391103e-01  1.635275e-03  
   1.6872300  9.035158e-01  1.921094e-03  9.035218e-01  1.921196e-03  8.426830e-01  1.673196e-03  
   1.7072300  9.073995e-01  1.963521e-03  9.074059e-01  1.963624e-03  8.460647e-01  1.709151e-03  
   1.7282300  9.115700e-01  2.009199e-03  9.115766e-01  2.009305e-03  8.496937e-01  1.747816e-03  
   1.7492300  9.158374e-01  2.056084e-03  9.158441e-01  2.056193e-03  8.534048e-01  1.787452e-03  
   1.7702301  9.202045e-01  2.104231e-03  9.202115e-01  2.104342e-03  8.571999e-01  1.828104e-03  
   1.7912300  9.246742e-01  2.153699e-03  9.246814e-01  2.153814e-03  8.610817e-01  1.869816e-03  
   1.8112299  9.290289e-01  2.202098e-03  9.290367e-01  2.202216e-03  8.648615e-01  1.910573e-03  
   1.8322300  9.337072e-01  2.254331e-03  9.337152e-01  2.254453e-03  8.689191e-01  1.954498e-03  
   1.8532300  9.384972e-01  2.308086e-03  9.385051e-01  2.308211e-03  8.730700e-01  1.999638e-03  
   1.8742300  9.434015e-01  2.363441e-03  9.434097e-01  2.363571e-03  8.773177e-01  2.046050e-03  
   1.8952301  9.484240e-01  2.420483e-03  9.484326e-01  2.420618e-03  8.816643e-01  2.093798e-03  
   1.9162300  9.535680e-01  2.479307e-03  9.535772e-01  2.479447e-03  8.861122e-01  2.142952e-03  
   1.9362299  9.585830e-01  2.537084e-03  9.585923e-01  2.537230e-03  8.904452e-01  2.191142e-03  
   1.9572300  9.639743e-01  2.599704e-03  9.639841e-01  2.599856e-03  8.950999e-01  2.243267e-03  
   1.9782300  9.694992e-01  2.664458e-03  9.695091e-01  2.664618e-03  8.998656e-01  2.297045e-03  
   1.9992300  9.751599e-01  2.731492e-03  9.751701e-01  2.731659e-03  9.047447e-01  2.352582e-03  
   2.0202301  9.809626e-01  2.800973e-03  9.809734e-01  2.801149e-03  9.097410e-01  2.409995e-03  
   2.0412300  9.869106e-01  2.873086e-03  9.869218e-01  2.873271e-03  9.148583e-01  2.469415e-03  
   2.0612299  9.927152e-01  2.944402e-03  9.927270e-01  2.944596e-03  9.198475e-01  2.528010e-03  
   2.0822301  9.989620e-01  3.022274e-03  9.989743e-01  3.022480e-03  9.252121e-01  2.591804e-03  
   2.1038301  1.005556e+00  3.105827e-03  1.005569e+00  3.106045e-03  9.308691e-01  2.660049e-03  
   2.1238301  1.011819e+00  3.186572e-03  1.011831e+00  3.186802e-03  9.362365e-01  2.725818e-03  
   2.1448300  1.018563e+00  3.275142e-03  1.018576e+00  3.275385e-03  9.420109e-01  2.797788e-03  
   2.1658299  1.025486e+00  3.367900e-03  1.025499e+00  3.368158e-03  9.479321e-01  2.873014e-03  
   2.1868300  1.032595e+00  3.465186e-03  1.032610e+00  3.465459e-03  9.540065e-01  2.951804e-03  
   2.2078300  1.039898e+00  3.567344e-03  1.039912e+00  3.567632e-03  9.602381e-01  3.034496e-03  
   2.2278299  1.047039e+00  3.669509e-03  1.047054e+00  3.669812e-03  9.663261e-01  3.117218e-03  
   2.2488301  1.054741e+00  3.782258e-03  1.054756e+00  3.782579e-03  9.728845e-01  3.208626e-03  
   2.2698300  1.062659e+00  3.901006e-03  1.062675e+00  3.901345e-03  9.796181e-01  3.305116e-03  
   2.2908299  1.070802e+00  4.026167e-03  1.070819e+00  4.026526e-03  9.865359e-01  3.407149e-03  
   2.3118300  1.079182e+00  4.158175e-03  1.079199e+00  4.158553e-03  9.936442e-01  3.515206e-03  
   2.3328300  1.087806e+00  4.297484e-03  1.087824e+00  4.297881e-03  1.000950e+00  3.629798e-03  
   2.3528299  1.096257e+00  4.437400e-03  1.096276e+00  4.437816e-03  1.008100e+00  3.745503e-03  
   2.3738301  1.105392e+00  4.592428e-03  1.105412e+00  4.592868e-03  1.015816e+00  3.874434e-03  
   2.3948300  1.114806e+00  4.756350e-03  1.114826e+00  4.756814e-03  1.023755e+00  4.011581e-03  
   2.4158299  1.124513e+00  4.929831e-03  1.124534e+00  4.930319e-03  1.031927e+00  4.157586e-03  
   2.4368300  1.134526e+00  5.113623e-03  1.134548e+00  5.114136e-03  1.040342e+00  4.313153e-03  
   2.4578300  1.144862e+00  5.308581e-03  1.144886e+00  5.309124e-03  1.049013e+00  4.479039e-03  
   2.4778299  1.155021e+00  5.505548e-03  1.155045e+00  5.506121e-03  1.057517e+00  4.647394e-03  
   2.4988301  1.166037e+00  5.725332e-03  1.166062e+00  5.725938e-03  1.066720e+00  4.835971e-03  
   2.5204301  1.177760e+00  5.966656e-03  1.177786e+00  5.967303e-03  1.076492e+00  5.043673e-03  
   2.5404301  1.188992e+00  6.205403e-03  1.189019e+00  6.206091e-03  1.085832e+00  5.249569e-03  
   2.5614300  1.201198e+00  6.473770e-03  1.201226e+00  6.474504e-03  1.095956e+00  5.481210e-03  
   2.5824299  1.213852e+00  6.762509e-03  1.213880e+00  6.763295e-03  1.106425e+00  5.730340e-03  
   2.6034300  1.226985e+00  7.074432e-03  1.227015e+00  7.075281e-03  1.117257e+00  5.998977e-03  
   2.6244299  1.240627e+00  7.413017e-03  1.240659e+00  7.413932e-03  1.128476e+00  6.289518e-03  
   2.6444299  1.254128e+00  7.764274e-03  1.254161e+00  7.765262e-03  1.139542e+00  6.589311e-03  
   2.6654301  1.268876e+00  8.168703e-03  1.268910e+00  8.169773e-03  1.151588e+00  6.931842e-03  
   2.6864300  1.284252e+00  8.616744e-03  1.284289e+00  8.617910e-03  1.164100e+00  7.307322e-03  
   2.7074299  1.300310e+00  9.117972e-03  1.300348e+00  9.119246e-03  1.177112e+00  7.721620e-03  
   2.7284300  1.317106e+00  9.685161e-03  1.317146e+00  9.686569e-03  1.190661e+00  8.182286e-03  
   2.7494299  1.334704e+00  1.033550e-02  1.334746e+00  1.033706e-02  1.204786e+00  8.699110e-03  
   2.7694299  1.352276e+00  1.105338e-02  1.352320e+00  1.105512e-02  1.218817e+00  9.255118e-03  
   2.7904301  1.371659e+00  1.194056e-02  1.371706e+00  1.194253e-02  1.234206e+00  9.921675e-03  
   2.8114300  1.392088e+00  1.300561e-02  1.392137e+00  1.300787e-02  1.250322e+00  1.069379e-02  
   2.8324299  1.413664e+00  1.430446e-02  1.413716e+00  1.430710e-02  1.267227e+00  1.159865e-02  
   2.8534300  1.436501e+00  1.591124e-02  1.436556e+00  1.591436e-02  1.284990e+00  1.267108e-02  
   2.8744299  1.460719e+00  1.792297e-02  1.460777e+00  1.792674e-02  1.303686e+00  1.395539e-02  
   2.8944299  1.485184e+00  2.032972e-02  1.485245e+00  2.033429e-02  1.322433e+00  1.542669e-02  
   2.9154301  1.512469e+00  2.352411e-02  1.512534e+00  2.352979e-02  1.343190e+00  1.729944e-02  
   2.9370301  1.542369e+00  2.772717e-02  1.542438e+00  2.773436e-02  1.365783e+00  1.966663e-02  
   2.9570301  1.571821e+00  3.267335e-02  1.571894e+00  3.268237e-02  1.387915e+00  2.235815e-02  
   2.9780300  1.604664e+00  3.923607e-02  1.604742e+00  3.924753e-02  1.412502e+00  2.582946e-02  
   2.9990301  1.639530e+00  4.753039e-02  1.639611e+00  4.754497e-02  1.438564e+00  3.011961e-02  
   3.0200300  1.676424e+00  5.793509e-02  1.676509e+00  5.795358e-02  1.466183e+00  3.542070e-02  
   3.0410299  1.715290e+00  7.086809e-02  1.715381e+00  7.089144e-02  1.495433e+00  4.196056e-02  
   3.0610299  1.754017e+00  8.594304e-02  1.754110e+00  8.597192e-02  1.524846e+00  4.958333e-02  
   3.0820301  1.796253e+00  1.051056e-01  1.796349e+00  1.051415e-01  1.557377e+00  5.934254e-02  
   3.1030300  1.839774e+00  1.281216e-01  1.839871e+00  1.281655e-01  1.591560e+00  7.123330e-02  
   3.1240301  1.884141e+00  1.554015e-01  1.884239e+00  1.554546e-01  1.627301e+00  8.562574e-02  
   3.1450300  1.928804e+00  1.872895e-01  1.928901e+00  1.873529e-01  1.664431e+00  1.029108e-01  
   3.1660299  1.973119e+00  2.240367e-01  1.973213e+00  2.241112e-01  1.702696e+00  1.234875e-01  
   3.1860299  2.014340e+00  2.636701e-01  2.014430e+00  2.637562e-01  1.739874e+00  1.464990e-01  
   3.2070301  2.055847e+00  3.101410e-01  2.055931e+00  3.102393e-01  1.779253e+00  1.745857e-01  
   3.2280300  2.094763e+00  3.614155e-01  2.094838e+00  3.615261e-01  1.818439e+00  2.069795e-01  
   3.2490301  2.130322e+00  4.171587e-01  2.130388e+00  4.172813e-01  1.856798e+00  2.438835e-01  
   3.2700300  2.161828e+00  4.768732e-01  2.161884e+00  4.770069e-01  1.893611e+00  2.853809e-01  
   3.2910299  2.188695e+00  5.399216e-01  2.188739e+00  5.400654e-01  1.928121e+00  3.314116e-01  
   3.3110299  2.209559e+00  6.023813e-01  2.209590e+00  6.025335e-01  1.958138e+00  3.792633e-01  
   3.3320301  2.226232e+00  6.697083e-01  2.226249e+00  6.698676e-01  1.985942e+00  4.333448e-01  
   3.3536301  2.237681e+00  7.399386e-01  2.237687e+00  7.401033e-01  2.009873e+00  4.924886e-01  
   3.3736300  2.243200e+00  8.050689e-01  2.243196e+00  8.052366e-01  2.027281e+00  5.497589e-01  
   3.3946300  2.243970e+00  8.728095e-01  2.243956e+00  8.729790e-01  2.040246e+00  6.116662e-01  
   3.4156301  2.239972e+00  9.392239e-01  2.239949e+00  9.393935e-01  2.047554e+00  6.744670e-01  
   3.4366300  2.231695e+00  1.003763e+00  2.231665e+00  1.003931e+00  2.049192e+00  7.371792e-01  
   3.4576299  2.219695e+00  1.066023e+00  2.219660e+00  1.066189e+00  2.045371e+00  7.988350e-01  
   3.4776299  2.205337e+00  1.122965e+00  2.205299e+00  1.123129e+00  2.037034e+00  8.557484e-01  
   3.4986300  2.187721e+00  1.180170e+00  2.187682e+00  1.180331e+00  2.023928e+00  9.128599e-01  
   3.5196300  2.168007e+00  1.234726e+00  2.167968e+00  1.234884e+00  2.007099e+00  9.666520e-01  
   3.5406301  2.146635e+00  1.286726e+00  2.146597e+00  1.286880e+00  1.987397e+00  1.016708e+00  
   3.5616300  2.123952e+00  1.336317e+00  2.123917e+00  1.336468e+00  1.965716e+00  1.062828e+00  
   3.5826299  2.100221e+00  1.383675e+00  2.100188e+00  1.383824e+00  1.942931e+00  1.105031e+00  
   3.6026299  2.076818e+00  1.426859e+00  2.076787e+00  1.427006e+00  1.920943e+00  1.141784e+00  
   3.6236300  2.051522e+00  1.470326e+00  2.051494e+00  1.470471e+00  1.898212e+00  1.177134e+00  
   3.6446300  2.025581e+00  1.511966e+00  2.025556e+00  1.512111e+00  1.876370e+00  1.209661e+00  
   3.6656301  1.999081e+00  1.551833e+00  1.999058e+00  1.551976e+00  1.855771e+00  1.239943e+00  
   3.6866300  1.972133e+00  1.589926e+00  1.972111e+00  1.590068e+00  1.836597e+00  1.268563e+00  
   3.7076299  1.944886e+00  1.626214e+00  1.944867e+00  1.626356e+00  1.818861e+00  1.296064e+00  
   3.7276299  1.918850e+00  1.659049e+00  1.918833e+00  1.659191e+00  1.803201e+00  1.321631e+00  
   3.7486300  1.891686e+00  1.691676e+00  1.891670e+00  1.691819e+00  1.787860e+00  1.348143e+00  
   3.7702301  1.864288e+00  1.723249e+00  1.864274e+00  1.723395e+00  1.773011e+00  1.375267e+00  
   3.7902300  1.839779e+00  1.750735e+00  1.839769e+00  1.750883e+00  1.759891e+00  1.400320e+00  
   3.8112299  1.815368e+00  1.777918e+00  1.815360e+00  1.778072e+00  1.746604e+00  1.426530e+00  
   3.8322301  1.792758e+00  1.803623e+00  1.792755e+00  1.803783e+00  1.733744e+00  1.452539e+00  
   3.8532300  1.772399e+00  1.828213e+00  1.772399e+00  1.828380e+00  1.721349e+00  1.478211e+00  
   3.8742299  1.754694e+00  1.852185e+00  1.754699e+00  1.852361e+00  1.709577e+00  1.503433e+00  
   3.8942299  1.740597e+00  1.875015e+00  1.740606e+00  1.875202e+00  1.699185e+00  1.526995e+00  
   3.9152300  1.728900e+00  1.899704e+00  1.728913e+00  1.899902e+00  1.689463e+00  1.551313e+00  
   3.9362299  1.720447e+00  1.925968e+00  1.720465e+00  1.926180e+00  1.681340e+00  1.575400e+00  
   3.9572301  1.715128e+00  1.954741e+00  1.715150e+00  1.954968e+00  1.675199e+00  1.599620e+00  
   3.9782300  1.712623e+00  1.986992e+00  1.712648e+00  1.987233e+00  1.671367e+00  1.624500e+00  
   3.9992299  1.712395e+00  2.023685e+00  1.712423e+00  2.023940e+00  1.670074e+00  1.650725e+00  
   4.0192299  1.713599e+00  2.063593e+00  1.713626e+00  2.063862e+00  1.671272e+00  1.677698e+00  
   4.0402298  1.715411e+00  2.111470e+00  1.715437e+00  2.111753e+00  1.674977e+00  1.708992e+00  
   4.0612302  1.716624e+00  2.166088e+00  1.716647e+00  2.166384e+00  1.680864e+00  1.744283e+00  
   4.0822301  1.715891e+00  2.227860e+00  1.715906e+00  2.228168e+00  1.688359e+00  1.784537e+00  
   4.1032300  1.711736e+00  2.296942e+00  1.711742e+00  2.297259e+00  1.696632e+00  1.830657e+00  
   4.1242299  1.702620e+00  2.373195e+00  1.702613e+00  2.373519e+00  1.704600e+00  1.883434e+00  
   4.1442299  1.687905e+00  2.452080e+00  1.687883e+00  2.452408e+00  1.710698e+00  1.940432e+00  
   4.1652298  1.664686e+00  2.540770e+00  1.664648e+00  2.541100e+00  1.714076e+00  2.007691e+00  
   4.1868300  1.631080e+00  2.637181e+00  1.631022e+00  2.637509e+00  1.712578e+00  2.084849e+00  
   4.2068300  1.590052e+00  2.729925e+00  1.589974e+00  2.730248e+00  1.705036e+00  2.163221e+00  
   4.2278299  1.535778e+00  2.829425e+00  1.535678e+00  2.829741e+00  1.689018e+00  2.252021e+00  
   4.2488298  1.469341e+00  2.929431e+00  1.469220e+00  2.929736e+00  1.663016e+00  2.346423e+00  
   4.2698302  1.390323e+00  3.028133e+00  1.390182e+00  3.028426e+00  1.625489e+00  2.444951e+00  
   4.2908301  1.298611e+00  3.123644e+00  1.298451e+00  3.123921e+00  1.575166e+00  2.545759e+00  
   4.3108301  1.199628e+00  3.209907e+00  1.199451e+00  3.210170e+00  1.514507e+00  2.641919e+00  
   4.3318300  1.083923e+00  3.293747e+00  1.083729e+00  3.293995e+00  1.436992e+00  2.740759e+00  
   4.3528299  9.568840e-01  3.368913e+00  9.566779e-01  3.369146e+00  1.345348e+00  2.834945e+00  
   4.3738298  8.195037e-01  3.433702e+00  8.192863e-01  3.433923e+00  1.240138e+00  2.921954e+00  
   4.3948302  6.730047e-01  3.486549e+00  6.727787e-01  3.486760e+00  1.122473e+00  2.999369e+00  
   4.4158301  5.188358e-01  3.526045e+00  5.186032e-01  3.526247e+00  9.939845e-01  3.065008e+00  
   4.4358301  3.663716e-01  3.550139e+00  3.661345e-01  3.550337e+00  8.634428e-01  3.114897e+00  
   4.4568300  2.021075e-01  3.560289e+00  2.018673e-01  3.560483e+00  7.201192e-01  3.152689e+00  
   4.4778299  3.550003e-02  3.554191e+00  3.525759e-02  3.554382e+00  5.729935e-01  3.174665e+00  
   4.4988298  -1.313549e-01  3.531393e+00  -1.315986e-01  3.531585e+00  4.248103e-01  3.180488e+00  
   4.5198302  -2.962676e-01  3.491771e+00  -2.965129e-01  3.491963e+00  2.782676e-01  3.170372e+00  
   4.5408301  -4.569854e-01  3.435559e+00  -4.572325e-01  3.435752e+00  1.358985e-01  3.145047e+00  
   4.5608301  -6.041016e-01  3.367162e+00  -6.043513e-01  3.367356e+00  6.236657e-03  3.107860e+00  
   4.5818300  -7.502394e-01  3.280708e+00  -7.504933e-01  3.280902e+00  -1.218840e-01  3.056561e+00  
   4.6034298  -8.895470e-01  3.177599e+00  -8.898067e-01  3.177791e+00  -2.435894e-01  2.992551e+00  
   4.6234298  -1.006903e+00  3.070962e+00  -1.007170e+00  3.071150e+00  -3.462265e-01  2.924923e+00  
   4.6444302  -1.116650e+00  2.949468e+00  -1.116927e+00  2.949650e+00  -4.430347e-01  2.847177e+00  
   4.6654301  -1.211508e+00  2.820537e+00  -1.211796e+00  2.820712e+00  -5.284332e-01  2.764435e+00  
   4.6864300  -1.290819e+00  2.686681e+00  -1.291121e+00  2.686846e+00  -6.025779e-01  2.678509e+00  
   4.7074299  -1.354400e+00  2.550472e+00  -1.354717e+00  2.550625e+00  -6.658933e-01  2.591048e+00  
   4.7274299  -1.400591e+00  2.420860e+00  -1.400924e+00  2.421000e+00  -7.166953e-01  2.507654e+00  
   4.7484298  -1.434706e+00  2.287139e+00  -1.435057e+00  2.287265e+00  -7.607904e-01  2.421175e+00  
   4.7694302  -1.455176e+00  2.157899e+00  -1.455544e+00  2.158007e+00  -7.962341e-01  2.336821e+00  
   4.7904301  -1.463401e+00  2.034896e+00  -1.463787e+00  2.034986e+00  -8.238909e-01  2.255425e+00  
   4.8114300  -1.460993e+00  1.919493e+00  -1.461396e+00  1.919562e+00  -8.446258e-01  2.177625e+00  
   4.8324299  -1.449666e+00  1.812656e+00  -1.450086e+00  1.812702e+00  -8.592793e-01  2.103894e+00  
   4.8524299  -1.432166e+00  1.719401e+00  -1.432601e+00  1.719423e+00  -8.683122e-01  2.037755e+00  
   4.8734298  -1.408336e+00  1.630620e+00  -1.408785e+00  1.630617e+00  -8.733469e-01  1.972778e+00  
   4.8944302  -1.380421e+00  1.551128e+00  -1.380883e+00  1.551098e+00  -8.745070e-01  1.912460e+00  
   4.9154301  -1.349779e+00  1.480612e+00  -1.350251e+00  1.480553e+00  -8.724278e-01  1.856793e+00  
   4.9364300  -1.317570e+00  1.418573e+00  -1.318050e+00  1.418484e+00  -8.676857e-01  1.805682e+00  
   4.9574299  -1.284753e+00  1.364387e+00  -1.285240e+00  1.364267e+00  -8.607961e-01  1.758973e+00  
   4.9774299  -1.253632e+00  1.319448e+00  -1.254124e+00  1.319297e+00  -8.526568e-01  1.718392e+00  
   4.9984298  -1.221661e+00  1.278565e+00  -1.222156e+00  1.278382e+00  -8.428387e-01  1.679649e+00  
