w Re-xx Im-xx Re-yy Im-yy Re-zz Im-zz
# Gaussian absolute broadening  0.15 [eV]
   0.0000000  7.678330e-01  8.817228e-05  7.678375e-01  8.817250e-05  7.266142e-01  7.941614e-05  
   0.0200000  7.679326e-01  9.436641e-05  7.679371e-01  9.436670e-05  7.267040e-01  8.499242e-05  
   0.0410000  7.680513e-01  1.014249e-04  7.680559e-01  1.014253e-04  7.268106e-01  9.134665e-05  
   0.0620000  7.681862e-01  1.090876e-04  7.681907e-01  1.090881e-04  7.269323e-01  9.824464e-05  
   0.0830000  7.683397e-01  1.173884e-04  7.683440e-01  1.173891e-04  7.270707e-01  1.057168e-04  
   0.1040000  7.685137e-01  1.263567e-04  7.685181e-01  1.263575e-04  7.272273e-01  1.137894e-04  
   0.1240000  7.687001e-01  1.355397e-04  7.687046e-01  1.355407e-04  7.273951e-01  1.220549e-04  
   0.1450000  7.689203e-01  1.458708e-04  7.689248e-01  1.458721e-04  7.275935e-01  1.313533e-04  
   0.1660000  7.691672e-01  1.569141e-04  7.691720e-01  1.569158e-04  7.278159e-01  1.412920e-04  
   0.1870000  7.694435e-01  1.686661e-04  7.694482e-01  1.686681e-04  7.280647e-01  1.518679e-04  
   0.2080000  7.697509e-01  1.811122e-04  7.697556e-01  1.811147e-04  7.283416e-01  1.630676e-04  
   0.2290000  7.700912e-01  1.942273e-04  7.700959e-01  1.942303e-04  7.286478e-01  1.748683e-04  
   0.2490000  7.704476e-01  2.073076e-04  7.704524e-01  2.073112e-04  7.289686e-01  1.866365e-04  
   0.2700000  7.708566e-01  2.216193e-04  7.708613e-01  2.216235e-04  7.293369e-01  1.995113e-04  
   0.2910000  7.713022e-01  2.364733e-04  7.713070e-01  2.364782e-04  7.297380e-01  2.128724e-04  
   0.3120000  7.717856e-01  2.518161e-04  7.717902e-01  2.518218e-04  7.301732e-01  2.266713e-04  
   0.3330000  7.723070e-01  2.675925e-04  7.723116e-01  2.675990e-04  7.306423e-01  2.408582e-04  
   0.3540000  7.728667e-01  2.837493e-04  7.728713e-01  2.837566e-04  7.311464e-01  2.553850e-04  
   0.3740000  7.734357e-01  2.994450e-04  7.734402e-01  2.994531e-04  7.316582e-01  2.694948e-04  
   0.3950000  7.740703e-01  3.162063e-04  7.740750e-01  3.162154e-04  7.322293e-01  2.845598e-04  
   0.4160000  7.747430e-01  3.332181e-04  7.747480e-01  3.332281e-04  7.328349e-01  2.998469e-04  
   0.4374300  7.754699e-01  3.508043e-04  7.754747e-01  3.508154e-04  7.334889e-01  3.156470e-04  
   0.4574300  7.761838e-01  3.674006e-04  7.761889e-01  3.674127e-04  7.341313e-01  3.305542e-04  
   0.4784300  7.769707e-01  3.850002e-04  7.769755e-01  3.850133e-04  7.348390e-01  3.463591e-04  
   0.4994300  7.777956e-01  4.027659e-04  7.778003e-01  4.027802e-04  7.355810e-01  3.623090e-04  
   0.5204300  7.786585e-01  4.206905e-04  7.786635e-01  4.207059e-04  7.363575e-01  3.783974e-04  
   0.5414300  7.795599e-01  4.387704e-04  7.795648e-01  4.387870e-04  7.371680e-01  3.946205e-04  
   0.5614300  7.804542e-01  4.561335e-04  7.804590e-01  4.561513e-04  7.379726e-01  4.101963e-04  
   0.5824300  7.814311e-01  4.745184e-04  7.814360e-01  4.745375e-04  7.388508e-01  4.266837e-04  
   0.6034300  7.824465e-01  4.930634e-04  7.824517e-01  4.930837e-04  7.397639e-01  4.433098e-04  
   0.6244300  7.835016e-01  5.117744e-04  7.835070e-01  5.117962e-04  7.407126e-01  4.600788e-04  
   0.6454300  7.845962e-01  5.306564e-04  7.846015e-01  5.306795e-04  7.416967e-01  4.769960e-04  
   0.6664300  7.857314e-01  5.497157e-04  7.857364e-01  5.497401e-04  7.427166e-01  4.940659e-04  
   0.6864300  7.868490e-01  5.680379e-04  7.868542e-01  5.680637e-04  7.437211e-01  5.104703e-04  
   0.7074300  7.880622e-01  5.874626e-04  7.880678e-01  5.874900e-04  7.448115e-01  5.278556e-04  
   0.7284300  7.893168e-01  6.070848e-04  7.893221e-01  6.071136e-04  7.459385e-01  5.454114e-04  
   0.7494300  7.906128e-01  6.269126e-04  7.906182e-01  6.269430e-04  7.471030e-01  5.631444e-04  
   0.7704300  7.919503e-01  6.469529e-04  7.919559e-01  6.469848e-04  7.483043e-01  5.810607e-04  
   0.7914300  7.933308e-01  6.672145e-04  7.933362e-01  6.672478e-04  7.495440e-01  5.991674e-04  
   0.8114300  7.946844e-01  6.867235e-04  7.946898e-01  6.867584e-04  7.507594e-01  6.165949e-04  
   0.8324300  7.961483e-01  7.074403e-04  7.961538e-01  7.074766e-04  7.520735e-01  6.350934e-04  
   0.8540300  7.976997e-01  7.290061e-04  7.977054e-01  7.290443e-04  7.534664e-01  6.543420e-04  
   0.8740300  7.991776e-01  7.492151e-04  7.991832e-01  7.492547e-04  7.547928e-01  6.723721e-04  
   0.8950300  8.007735e-01  7.706946e-04  8.007793e-01  7.707353e-04  7.562248e-01  6.915268e-04  
   0.9160300  8.024146e-01  7.924488e-04  8.024204e-01  7.924908e-04  7.576972e-01  7.109178e-04  
   0.9370300  8.041015e-01  8.144887e-04  8.041075e-01  8.145319e-04  7.592103e-01  7.305542e-04  
   0.9580300  8.058348e-01  8.368250e-04  8.058410e-01  8.368692e-04  7.607651e-01  7.504455e-04  
   0.9780300  8.075303e-01  8.583839e-04  8.075364e-01  8.584291e-04  7.622851e-01  7.696351e-04  
   0.9990300  8.093566e-01  8.813313e-04  8.093628e-01  8.813774e-04  7.639226e-01  7.900508e-04  
   1.0200300  8.112319e-01  9.046084e-04  8.112382e-01  9.046552e-04  7.656035e-01  8.107497e-04  
   1.0410300  8.131562e-01  9.282278e-04  8.131627e-01  9.282752e-04  7.673281e-01  8.317418e-04  
   1.0620300  8.151313e-01  9.522004e-04  8.151377e-01  9.522489e-04  7.690975e-01  8.530371e-04  
   1.0830300  8.171567e-01  9.765394e-04  8.171633e-01  9.765886e-04  7.709117e-01  8.746465e-04  
   1.1030300  8.191335e-01  1.000071e-03  8.191401e-01  1.000121e-03  7.726822e-01  8.955282e-04  
   1.1240300  8.212603e-01  1.025162e-03  8.212671e-01  1.025213e-03  7.745863e-01  9.177813e-04  
   1.1450300  8.234402e-01  1.050658e-03  8.234469e-01  1.050710e-03  7.765376e-01  9.403806e-04  
   1.1660300  8.256740e-01  1.076572e-03  8.256810e-01  1.076625e-03  7.785368e-01  9.633385e-04  
   1.1870300  8.279628e-01  1.102920e-03  8.279698e-01  1.102974e-03  7.805846e-01  9.866667e-04  
   1.2080300  8.303071e-01  1.129716e-03  8.303143e-01  1.129772e-03  7.826818e-01  1.010378e-03  
   1.2280300  8.325924e-01  1.155667e-03  8.325996e-01  1.155724e-03  7.847252e-01  1.033328e-03  
   1.2490300  8.350478e-01  1.183384e-03  8.350553e-01  1.183443e-03  7.869206e-01  1.057827e-03  
   1.2706300  8.376355e-01  1.212413e-03  8.376430e-01  1.212474e-03  7.892331e-01  1.083469e-03  
   1.2906300  8.400872e-01  1.239778e-03  8.400949e-01  1.239841e-03  7.914240e-01  1.107626e-03  
   1.3116300  8.427212e-01  1.269033e-03  8.427290e-01  1.269098e-03  7.937768e-01  1.133436e-03  
   1.3326300  8.454166e-01  1.298842e-03  8.454247e-01  1.298909e-03  7.961841e-01  1.159718e-03  
   1.3536299  8.481756e-01  1.329226e-03  8.481836e-01  1.329295e-03  7.986469e-01  1.186491e-03  
   1.3746300  8.509989e-01  1.360207e-03  8.510070e-01  1.360279e-03  8.011668e-01  1.213771e-03  
   1.3946300  8.537489e-01  1.390287e-03  8.537573e-01  1.390362e-03  8.036205e-01  1.240243e-03  
   1.4156300  8.567022e-01  1.422499e-03  8.567106e-01  1.422575e-03  8.062546e-01  1.268571e-03  
   1.4366300  8.597238e-01  1.455376e-03  8.597323e-01  1.455455e-03  8.089485e-01  1.297465e-03  
   1.4576300  8.628153e-01  1.488943e-03  8.628240e-01  1.489025e-03  8.117045e-01  1.326946e-03  
   1.4786299  8.659785e-01  1.523228e-03  8.659875e-01  1.523312e-03  8.145228e-01  1.357037e-03  
   1.4996300  8.692143e-01  1.558255e-03  8.692234e-01  1.558342e-03  8.174054e-01  1.387759e-03  
   1.5196300  8.723651e-01  1.592332e-03  8.723744e-01  1.592421e-03  8.202109e-01  1.417626e-03  
   1.5406300  8.757478e-01  1.628894e-03  8.757573e-01  1.628985e-03  8.232220e-01  1.449650e-03  
   1.5616300  8.792081e-01  1.666286e-03  8.792178e-01  1.666379e-03  8.263010e-01  1.482378e-03  
   1.5826300  8.827479e-01  1.704541e-03  8.827577e-01  1.704636e-03  8.294493e-01  1.515836e-03  
   1.6036299  8.863688e-01  1.743692e-03  8.863789e-01  1.743790e-03  8.326689e-01  1.550055e-03  
   1.6246300  8.900728e-01  1.783777e-03  8.900833e-01  1.783876e-03  8.359610e-01  1.585063e-03  
   1.6446300  8.936791e-01  1.822851e-03  8.936895e-01  1.822952e-03  8.391647e-01  1.619167e-03  
   1.6656300  8.975506e-01  1.864865e-03  8.975613e-01  1.864968e-03  8.426026e-01  1.655810e-03  
   1.6872300  9.016263e-01  1.909175e-03  9.016370e-01  1.909281e-03  8.462209e-01  1.694430e-03  
   1.7072300  9.054857e-01  1.951237e-03  9.054967e-01  1.951344e-03  8.496454e-01  1.731064e-03  
   1.7282300  9.096302e-01  1.996516e-03  9.096414e-01  1.996626e-03  8.533212e-01  1.770478e-03  
   1.7492300  9.138705e-01  2.042988e-03  9.138822e-01  2.043101e-03  8.570803e-01  1.810904e-03  
   1.7702301  9.182096e-01  2.090707e-03  9.182211e-01  2.090822e-03  8.609257e-01  1.852392e-03  
   1.7912300  9.226504e-01  2.139729e-03  9.226622e-01  2.139848e-03  8.648589e-01  1.894993e-03  
   1.8112299  9.269770e-01  2.187687e-03  9.269891e-01  2.187808e-03  8.686892e-01  1.936650e-03  
   1.8322300  9.316243e-01  2.239436e-03  9.316368e-01  2.239561e-03  8.728018e-01  1.981586e-03  
   1.8532300  9.363821e-01  2.292684e-03  9.363949e-01  2.292813e-03  8.770099e-01  2.027813e-03  
   1.8742300  9.412535e-01  2.347505e-03  9.412666e-01  2.347640e-03  8.813166e-01  2.075405e-03  
   1.8952301  9.462417e-01  2.403982e-03  9.462549e-01  2.404120e-03  8.857242e-01  2.124439e-03  
   1.9162300  9.513505e-01  2.462200e-03  9.513642e-01  2.462344e-03  8.902355e-01  2.175007e-03  
   1.9362299  9.563305e-01  2.519356e-03  9.563444e-01  2.519505e-03  8.946315e-01  2.224682e-03  
   1.9572300  9.616839e-01  2.581264e-03  9.616981e-01  2.581419e-03  8.993543e-01  2.278544e-03  
   1.9782300  9.671693e-01  2.645230e-03  9.671840e-01  2.645393e-03  9.041906e-01  2.334278e-03  
   1.9992300  9.727892e-01  2.711382e-03  9.728041e-01  2.711551e-03  9.091431e-01  2.392032e-03  
   2.0202301  9.785493e-01  2.779866e-03  9.785650e-01  2.780042e-03  9.142163e-01  2.451976e-03  
   2.0412300  9.844542e-01  2.850842e-03  9.844695e-01  2.851025e-03  9.194130e-01  2.514301e-03  
   2.0612299  9.902146e-01  2.920922e-03  9.902310e-01  2.921112e-03  9.244809e-01  2.576079e-03  
   2.0822301  9.964148e-01  2.997312e-03  9.964312e-01  2.997510e-03  9.299316e-01  2.643724e-03  
   2.1038301  1.002958e+00  3.079123e-03  1.002975e+00  3.079330e-03  9.356806e-01  2.716571e-03  
   2.1238301  1.009172e+00  3.158043e-03  1.009190e+00  3.158260e-03  9.411364e-01  2.787273e-03  
   2.1448300  1.015864e+00  3.244475e-03  1.015882e+00  3.244701e-03  9.470079e-01  2.865221e-03  
   2.1658299  1.022733e+00  3.334878e-03  1.022752e+00  3.335115e-03  9.530303e-01  2.947360e-03  
   2.1868300  1.029786e+00  3.429623e-03  1.029805e+00  3.429872e-03  9.592100e-01  3.034125e-03  
   2.2078300  1.037031e+00  3.529112e-03  1.037050e+00  3.529371e-03  9.655513e-01  3.125990e-03  
   2.2278299  1.044114e+00  3.628684e-03  1.044134e+00  3.628956e-03  9.717479e-01  3.218696e-03  
   2.2488301  1.051754e+00  3.738777e-03  1.051774e+00  3.739062e-03  9.784250e-01  3.322043e-03  
   2.2698300  1.059608e+00  3.855078e-03  1.059629e+00  3.855378e-03  9.852832e-01  3.432123e-03  
   2.2908299  1.067686e+00  3.978181e-03  1.067707e+00  3.978498e-03  9.923297e-01  3.549568e-03  
   2.3118300  1.075996e+00  4.108733e-03  1.076018e+00  4.109069e-03  9.995725e-01  3.675040e-03  
   2.3328300  1.084550e+00  4.247433e-03  1.084572e+00  4.247787e-03  1.007019e+00  3.809242e-03  
   2.3528299  1.092930e+00  4.387794e-03  1.092954e+00  4.388167e-03  1.014307e+00  3.945841e-03  
   2.3738301  1.101988e+00  4.544638e-03  1.102012e+00  4.545032e-03  1.022174e+00  4.099252e-03  
   2.3948300  1.111321e+00  4.712039e-03  1.111346e+00  4.712455e-03  1.030271e+00  4.263692e-03  
   2.4158299  1.120942e+00  4.890944e-03  1.120967e+00  4.891384e-03  1.038608e+00  4.440043e-03  
   2.4368300  1.130866e+00  5.082376e-03  1.130892e+00  5.082843e-03  1.047194e+00  4.629252e-03  
   2.4578300  1.141106e+00  5.287443e-03  1.141133e+00  5.287935e-03  1.056042e+00  4.832345e-03  
   2.4778299  1.151168e+00  5.496524e-03  1.151195e+00  5.497045e-03  1.064723e+00  5.039702e-03  
   2.4988301  1.162073e+00  5.731802e-03  1.162102e+00  5.732353e-03  1.074118e+00  5.273254e-03  
   2.5204301  1.173676e+00  5.992146e-03  1.173705e+00  5.992732e-03  1.084097e+00  5.531834e-03  
   2.5404301  1.184786e+00  6.251329e-03  1.184817e+00  6.251947e-03  1.093634e+00  5.789312e-03  
   2.5614300  1.196854e+00  6.544031e-03  1.196885e+00  6.544688e-03  1.103976e+00  6.080048e-03  
   2.5824299  1.209357e+00  6.859917e-03  1.209390e+00  6.860615e-03  1.114670e+00  6.393637e-03  
   2.6034300  1.222326e+00  7.201537e-03  1.222359e+00  7.202278e-03  1.125738e+00  6.732393e-03  
   2.6244299  1.235788e+00  7.571944e-03  1.235823e+00  7.572739e-03  1.137202e+00  7.098985e-03  
   2.6444299  1.249102e+00  7.954955e-03  1.249138e+00  7.955805e-03  1.148512e+00  7.476909e-03  
   2.6654301  1.263634e+00  8.393470e-03  1.263671e+00  8.394386e-03  1.160824e+00  7.907608e-03  
   2.6864300  1.278773e+00  8.875309e-03  1.278812e+00  8.876301e-03  1.173613e+00  8.377568e-03  
   2.7074299  1.294569e+00  9.408645e-03  1.294610e+00  9.409731e-03  1.186915e+00  8.892599e-03  
   2.7284300  1.311076e+00  1.000445e-02  1.311118e+00  1.000565e-02  1.200766e+00  9.460059e-03  
   2.7494299  1.328354e+00  1.067759e-02  1.328399e+00  1.067892e-02  1.215209e+00  1.008941e-02  
   2.7694299  1.345592e+00  1.140905e-02  1.345638e+00  1.141052e-02  1.229558e+00  1.075756e-02  
   2.7904301  1.364587e+00  1.229833e-02  1.364636e+00  1.230001e-02  1.245298e+00  1.154666e-02  
   2.8114300  1.384587e+00  1.334834e-02  1.384638e+00  1.335029e-02  1.261785e+00  1.244594e-02  
   2.8324299  1.405690e+00  1.460899e-02  1.405744e+00  1.461129e-02  1.279086e+00  1.348251e-02  
   2.8534300  1.428003e+00  1.614691e-02  1.428060e+00  1.614966e-02  1.297273e+00  1.469173e-02  
   2.8744299  1.451644e+00  1.804978e-02  1.451704e+00  1.805314e-02  1.316426e+00  1.611930e-02  
   2.8944299  1.475507e+00  2.030523e-02  1.475571e+00  2.030936e-02  1.335645e+00  1.773557e-02  
   2.9154301  1.502100e+00  2.327760e-02  1.502167e+00  2.328278e-02  1.356941e+00  1.977387e-02  
   2.9370301  1.531225e+00  2.716805e-02  1.531296e+00  2.717467e-02  1.380143e+00  2.233282e-02  
   2.9570301  1.559901e+00  3.173115e-02  1.559976e+00  3.173952e-02  1.402893e+00  2.523057e-02  
   2.9780300  1.591871e+00  3.777460e-02  1.591951e+00  3.778534e-02  1.428191e+00  2.896112e-02  
   2.9990301  1.625810e+00  4.540767e-02  1.625896e+00  4.542140e-02  1.455032e+00  3.357125e-02  
   3.0200300  1.661736e+00  5.498594e-02  1.661828e+00  5.500347e-02  1.483500e+00  3.927437e-02  
   3.0410299  1.699608e+00  6.690479e-02  1.699705e+00  6.692699e-02  1.513662e+00  4.632365e-02  
   3.0610299  1.737379e+00  8.082079e-02  1.737482e+00  8.084836e-02  1.544001e+00  5.455769e-02  
   3.0820301  1.778632e+00  9.854846e-02  1.778741e+00  9.858273e-02  1.577545e+00  6.512105e-02  
   3.1030300  1.821220e+00  1.198969e-01  1.821334e+00  1.199390e-01  1.612763e+00  7.801383e-02  
   3.1240301  1.864742e+00  1.452762e-01  1.864861e+00  1.453272e-01  1.649536e+00  9.363745e-02  
   3.1450300  1.908687e+00  1.750407e-01  1.908809e+00  1.751016e-01  1.687659e+00  1.124107e-01  
   3.1660299  1.952450e+00  2.094640e-01  1.952576e+00  2.095355e-01  1.726839e+00  1.347553e-01  
   3.1860299  1.993337e+00  2.467300e-01  1.993465e+00  2.468124e-01  1.764775e+00  1.597234e-01  
   3.2070301  2.034728e+00  2.905979e-01  2.034858e+00  2.906918e-01  1.804787e+00  1.901558e-01  
   3.2280300  2.073796e+00  3.392055e-01  2.073924e+00  3.393109e-01  1.844400e+00  2.251863e-01  
   3.2490301  2.109796e+00  3.922815e-01  2.109922e+00  3.923978e-01  1.882936e+00  2.649996e-01  
   3.2700300  2.142040e+00  4.493949e-01  2.142164e+00  4.495213e-01  1.919649e+00  3.096471e-01  
   3.2910299  2.169937e+00  5.099734e-01  2.170054e+00  5.101082e-01  1.953754e+00  3.590272e-01  
   3.3110299  2.192039e+00  5.702564e-01  2.192151e+00  5.703976e-01  1.983090e+00  4.102068e-01  
   3.3320301  2.210262e+00  6.355278e-01  2.210365e+00  6.356739e-01  2.009865e+00  4.678724e-01  
   3.3536301  2.223541e+00  7.039272e-01  2.223638e+00  7.040756e-01  2.032405e+00  5.307341e-01  
   3.3736300  2.230937e+00  7.676380e-01  2.231024e+00  7.677865e-01  2.048236e+00  5.914148e-01  
   3.3946300  2.233834e+00  8.341820e-01  2.233911e+00  8.343288e-01  2.059268e+00  6.568072e-01  
   3.4156301  2.232097e+00  8.996998e-01  2.232166e+00  8.998424e-01  2.064374e+00  7.229323e-01  
   3.4366300  2.226196e+00  9.636324e-01  2.226254e+00  9.637695e-01  2.063568e+00  7.887449e-01  
   3.4576299  2.216671e+00  1.025567e+00  2.216721e+00  1.025698e+00  2.057079e+00  8.532171e-01  
   3.4776299  2.204757e+00  1.082454e+00  2.204798e+00  1.082577e+00  2.046023e+00  9.124953e-01  
   3.4986300  2.189794e+00  1.139866e+00  2.189828e+00  1.139982e+00  2.029891e+00  9.717019e-01  
   3.5196300  2.172821e+00  1.194907e+00  2.172848e+00  1.195014e+00  2.009891e+00  1.027141e+00  
   3.5406301  2.154269e+00  1.247681e+00  2.154290e+00  1.247781e+00  1.986899e+00  1.078349e+00  
   3.5616300  2.134475e+00  1.298355e+00  2.134490e+00  1.298449e+00  1.961841e+00  1.125085e+00  
   3.5826299  2.113676e+00  1.347124e+00  2.113685e+00  1.347213e+00  1.935627e+00  1.167341e+00  
   3.6026299  2.093070e+00  1.391971e+00  2.093073e+00  1.392054e+00  1.910358e+00  1.203607e+00  
   3.6236300  2.070672e+00  1.437524e+00  2.070670e+00  1.437605e+00  1.884204e+00  1.237882e+00  
   3.6446300  2.047532e+00  1.481598e+00  2.047524e+00  1.481675e+00  1.858998e+00  1.268778e+00  
   3.6656301  2.023671e+00  1.524221e+00  2.023659e+00  1.524296e+00  1.835133e+00  1.296908e+00  
   3.6866300  1.999135e+00  1.565362e+00  1.999119e+00  1.565436e+00  1.812822e+00  1.322917e+00  
   3.7076299  1.974013e+00  1.604942e+00  1.973993e+00  1.605015e+00  1.792105e+00  1.347416e+00  
   3.7276299  1.949684e+00  1.641086e+00  1.949661e+00  1.641159e+00  1.773771e+00  1.369843e+00  
   3.7486300  1.923940e+00  1.677311e+00  1.923914e+00  1.677385e+00  1.755806e+00  1.392854e+00  
   3.7702301  1.897574e+00  1.712654e+00  1.897546e+00  1.712728e+00  1.738462e+00  1.416259e+00  
   3.7902300  1.873624e+00  1.743635e+00  1.873596e+00  1.743710e+00  1.723215e+00  1.437853e+00  
   3.8112299  1.849383e+00  1.774445e+00  1.849356e+00  1.774523e+00  1.707879e+00  1.460500e+00  
   3.8322301  1.826536e+00  1.803690e+00  1.826511e+00  1.803770e+00  1.693155e+00  1.483091e+00  
   3.8532300  1.805552e+00  1.831698e+00  1.805531e+00  1.831782e+00  1.679071e+00  1.505554e+00  
   3.8742299  1.786868e+00  1.858940e+00  1.786851e+00  1.859029e+00  1.665780e+00  1.527818e+00  
   3.8942299  1.771546e+00  1.884723e+00  1.771533e+00  1.884817e+00  1.654095e+00  1.548820e+00  
   3.9152300  1.758295e+00  1.912323e+00  1.758287e+00  1.912424e+00  1.643174e+00  1.570726e+00  
   3.9362299  1.748061e+00  1.941279e+00  1.748056e+00  1.941388e+00  1.634018e+00  1.592672e+00  
   3.9572301  1.740778e+00  1.972496e+00  1.740777e+00  1.972614e+00  1.627012e+00  1.614999e+00  
   3.9782300  1.736177e+00  2.006907e+00  1.736178e+00  2.007035e+00  1.622491e+00  1.638193e+00  
   3.9992299  1.733768e+00  2.045440e+00  1.733770e+00  2.045580e+00  1.620688e+00  1.662892e+00  
   4.0192299  1.732862e+00  2.086763e+00  1.732862e+00  2.086916e+00  1.621573e+00  1.688512e+00  
   4.0402298  1.732471e+00  2.135735e+00  1.732468e+00  2.135901e+00  1.625135e+00  1.718435e+00  
   4.0612302  1.731539e+00  2.191012e+00  1.731529e+00  2.191193e+00  1.631072e+00  1.752346e+00  
   4.0822301  1.728763e+00  2.252985e+00  1.728745e+00  2.253180e+00  1.638816e+00  1.791151e+00  
   4.1032300  1.722713e+00  2.321798e+00  1.722684e+00  2.322006e+00  1.647543e+00  1.835705e+00  
   4.1242299  1.711881e+00  2.397323e+00  1.711839e+00  2.397544e+00  1.656179e+00  1.886744e+00  
   4.1442299  1.695727e+00  2.475116e+00  1.695671e+00  2.475346e+00  1.663121e+00  1.941899e+00  
   4.1652298  1.671218e+00  2.562285e+00  1.671146e+00  2.562522e+00  1.667610e+00  2.007004e+00  
   4.1868300  1.636525e+00  2.656808e+00  1.636435e+00  2.657049e+00  1.667508e+00  2.081701e+00  
   4.2068300  1.594694e+00  2.747584e+00  1.594589e+00  2.747825e+00  1.661488e+00  2.157583e+00  
   4.2278299  1.539758e+00  2.844883e+00  1.539636e+00  2.845119e+00  1.647299e+00  2.243583e+00  
   4.2488298  1.472801e+00  2.942639e+00  1.472663e+00  2.942867e+00  1.623345e+00  2.335038e+00  
   4.2698302  1.393342e+00  3.039131e+00  1.393187e+00  3.039347e+00  1.588050e+00  2.430546e+00  
   4.2908301  1.301191e+00  3.132551e+00  1.301022e+00  3.132750e+00  1.540091e+00  2.528332e+00  
   4.3108301  1.201722e+00  3.216993e+00  1.201540e+00  3.217172e+00  1.481745e+00  2.621699e+00  
   4.3318300  1.085362e+00  3.299143e+00  1.085169e+00  3.299299e+00  1.406648e+00  2.717780e+00  
   4.3528299  9.574597e-01  3.372879e+00  9.572557e-01  3.373008e+00  1.317321e+00  2.809471e+00  
   4.3738298  8.189589e-01  3.436513e+00  8.187453e-01  3.436613e+00  1.214238e+00  2.894322e+00  
   4.3948302  6.710648e-01  3.488483e+00  6.708419e-01  3.488551e+00  1.098425e+00  2.969974e+00  
   4.4158301  5.152357e-01  3.527375e+00  5.150048e-01  3.527411e+00  9.714400e-01  3.034276e+00  
   4.4358301  3.609810e-01  3.551137e+00  3.607430e-01  3.551141e+00  8.419603e-01  3.083298e+00  
   4.4568300  1.946834e-01  3.561177e+00  1.944385e-01  3.561145e+00  6.993366e-01  3.120588e+00  
   4.4778299  2.597342e-02  3.555197e+00  2.572209e-02  3.555131e+00  5.524892e-01  3.142434e+00  
   4.4988298  -1.429486e-01  3.532724e+00  -1.432053e-01  3.532625e+00  4.041977e-01  3.148436e+00  
   4.5198302  -3.097849e-01  3.493611e+00  -3.100461e-01  3.493479e+00  2.572258e-01  3.138727e+00  
   4.5408301  -4.721791e-01  3.438067e+00  -4.724438e-01  3.437904e+00  1.141995e-01  3.113955e+00  
   4.5608301  -6.205818e-01  3.370426e+00  -6.208484e-01  3.370235e+00  -1.619501e-02  3.077361e+00  
   4.5818300  -7.676811e-01  3.284861e+00  -7.679483e-01  3.284643e+00  -1.450756e-01  3.026693e+00  
   4.6034298  -9.075209e-01  3.182730e+00  -9.077875e-01  3.182489e+00  -2.674175e-01  2.963299e+00  
   4.6234298  -1.024948e+00  3.077028e+00  -1.025212e+00  3.076766e+00  -3.703982e-01  2.896203e+00  
   4.6444302  -1.134349e+00  2.956514e+00  -1.134610e+00  2.956235e+00  -4.672118e-01  2.818991e+00  
   4.6654301  -1.228473e+00  2.828540e+00  -1.228729e+00  2.828247e+00  -5.521767e-01  2.736801e+00  
   4.6864300  -1.306725e+00  2.695599e+00  -1.306976e+00  2.695294e+00  -6.254061e-01  2.651512e+00  
   4.7074299  -1.368997e+00  2.560250e+00  -1.369243e+00  2.559936e+00  -6.873208e-01  2.564847e+00  
   4.7274299  -1.413783e+00  2.431406e+00  -1.414024e+00  2.431086e+00  -7.363673e-01  2.482424e+00  
   4.7484298  -1.446334e+00  2.298438e+00  -1.446570e+00  2.298112e+00  -7.782395e-01  2.397252e+00  
   4.7694302  -1.465220e+00  2.169903e+00  -1.465451e+00  2.169572e+00  -8.111618e-01  2.314541e+00  
   4.7904301  -1.471905e+00  2.047562e+00  -1.472132e+00  2.047225e+00  -8.361070e-01  2.235144e+00  
   4.8114300  -1.468048e+00  1.932784e+00  -1.468271e+00  1.932441e+00  -8.540565e-01  2.159689e+00  
   4.8324299  -1.455398e+00  1.826536e+00  -1.455617e+00  1.826188e+00  -8.659630e-01  2.088617e+00  
   4.8524299  -1.436772e+00  1.733810e+00  -1.436989e+00  1.733454e+00  -8.725097e-01  2.025251e+00  
   4.8734298  -1.411906e+00  1.645546e+00  -1.412120e+00  1.645182e+00  -8.751534e-01  1.963371e+00  
   4.8944302  -1.383101e+00  1.566526e+00  -1.383311e+00  1.566153e+00  -8.742128e-01  1.906265e+00  
   4.9154301  -1.351703e+00  1.496429e+00  -1.351909e+00  1.496046e+00  -8.703693e-01  1.853843e+00  
   4.9364300  -1.318854e+00  1.434748e+00  -1.319056e+00  1.434355e+00  -8.642241e-01  1.805936e+00  
   4.9574299  -1.285492e+00  1.380852e+00  -1.285689e+00  1.380448e+00  -8.563004e-01  1.762322e+00  
   4.9774299  -1.253923e+00  1.336119e+00  -1.254113e+00  1.335705e+00  -8.475120e-01  1.724537e+00  
   4.9984298  -1.221532e+00  1.295377e+00  -1.221714e+00  1.294952e+00  -8.373460e-01  1.688529e+00  
