w Re-xx Im-xx Re-yy Im-yy Re-zz Im-zz
# Gaussian absolute broadening  0.15 [eV]
   0.0000000  7.728857e-01  9.010462e-05  7.728949e-01  9.010464e-05  7.293234e-01  8.002843e-05  
   0.0200000  7.729878e-01  9.643677e-05  7.729968e-01  9.643677e-05  7.294138e-01  8.564874e-05  
   0.0410000  7.731087e-01  1.036526e-04  7.731179e-01  1.036526e-04  7.295213e-01  9.205313e-05  
   0.0620000  7.732466e-01  1.114865e-04  7.732557e-01  1.114865e-04  7.296439e-01  9.900564e-05  
   0.0830000  7.734032e-01  1.199729e-04  7.734123e-01  1.199729e-04  7.297831e-01  1.065369e-04  
   0.1040000  7.735811e-01  1.291420e-04  7.735903e-01  1.291420e-04  7.299409e-01  1.146734e-04  
   0.1240000  7.737717e-01  1.385308e-04  7.737811e-01  1.385309e-04  7.301102e-01  1.230045e-04  
   0.1450000  7.739967e-01  1.490940e-04  7.740060e-01  1.490941e-04  7.303100e-01  1.323766e-04  
   0.1660000  7.742495e-01  1.603859e-04  7.742586e-01  1.603861e-04  7.305342e-01  1.423944e-04  
   0.1870000  7.745319e-01  1.724029e-04  7.745410e-01  1.724032e-04  7.307850e-01  1.530544e-04  
   0.2080000  7.748460e-01  1.851305e-04  7.748554e-01  1.851309e-04  7.310641e-01  1.643433e-04  
   0.2290000  7.751939e-01  1.985429e-04  7.752031e-01  1.985435e-04  7.313728e-01  1.762381e-04  
   0.2490000  7.755580e-01  2.119207e-04  7.755671e-01  2.119216e-04  7.316960e-01  1.881005e-04  
   0.2700000  7.759761e-01  2.265590e-04  7.759854e-01  2.265602e-04  7.320670e-01  2.010784e-04  
   0.2910000  7.764317e-01  2.417533e-04  7.764412e-01  2.417550e-04  7.324715e-01  2.145467e-04  
   0.3120000  7.769261e-01  2.574488e-04  7.769354e-01  2.574511e-04  7.329100e-01  2.284567e-04  
   0.3330000  7.774590e-01  2.735897e-04  7.774683e-01  2.735927e-04  7.333828e-01  2.427582e-04  
   0.3540000  7.780311e-01  2.901216e-04  7.780407e-01  2.901256e-04  7.338908e-01  2.574026e-04  
   0.3740000  7.786128e-01  3.061834e-04  7.786223e-01  3.061884e-04  7.344067e-01  2.716271e-04  
   0.3950000  7.792618e-01  3.233383e-04  7.792712e-01  3.233447e-04  7.349828e-01  2.868153e-04  
   0.4160000  7.799500e-01  3.407516e-04  7.799596e-01  3.407595e-04  7.355929e-01  3.022278e-04  
   0.4374300  7.806934e-01  3.587560e-04  7.807028e-01  3.587657e-04  7.362522e-01  3.181584e-04  
   0.4574300  7.814233e-01  3.757494e-04  7.814328e-01  3.757610e-04  7.368997e-01  3.331895e-04  
   0.4784300  7.822279e-01  3.937733e-04  7.822375e-01  3.937872e-04  7.376131e-01  3.491267e-04  
   0.4994300  7.830715e-01  4.119707e-04  7.830811e-01  4.119868e-04  7.383611e-01  3.652110e-04  
   0.5204300  7.839544e-01  4.303344e-04  7.839641e-01  4.303530e-04  7.391436e-01  3.814363e-04  
   0.5414300  7.848764e-01  4.488612e-04  7.848862e-01  4.488822e-04  7.399607e-01  3.977987e-04  
   0.5614300  7.857912e-01  4.666572e-04  7.858011e-01  4.666806e-04  7.407718e-01  4.135094e-04  
   0.5824300  7.867906e-01  4.855049e-04  7.868004e-01  4.855306e-04  7.416571e-01  4.301407e-04  
   0.6034300  7.878299e-01  5.045215e-04  7.878398e-01  5.045496e-04  7.425778e-01  4.469136e-04  
   0.6244300  7.889096e-01  5.237128e-04  7.889193e-01  5.237431e-04  7.435340e-01  4.638321e-04  
   0.6454300  7.900297e-01  5.430848e-04  7.900398e-01  5.431169e-04  7.445261e-01  4.809013e-04  
   0.6664300  7.911910e-01  5.626440e-04  7.912013e-01  5.626779e-04  7.455546e-01  4.981266e-04  
   0.6864300  7.923352e-01  5.814523e-04  7.923453e-01  5.814875e-04  7.465672e-01  5.146813e-04  
   0.7074300  7.935777e-01  6.013982e-04  7.935876e-01  6.014346e-04  7.476667e-01  5.322280e-04  
   0.7284300  7.948618e-01  6.215530e-04  7.948720e-01  6.215903e-04  7.488033e-01  5.499479e-04  
   0.7494300  7.961887e-01  6.419255e-04  7.961990e-01  6.419637e-04  7.499772e-01  5.678487e-04  
   0.7704300  7.975585e-01  6.625230e-04  7.975688e-01  6.625621e-04  7.511888e-01  5.859355e-04  
   0.7914300  7.989718e-01  6.833549e-04  7.989824e-01  6.833943e-04  7.524388e-01  6.042172e-04  
   0.8114300  8.003584e-01  7.034200e-04  8.003688e-01  7.034600e-04  7.536645e-01  6.218145e-04  
   0.8324300  8.018578e-01  7.247346e-04  8.018685e-01  7.247753e-04  7.549899e-01  6.404954e-04  
   0.8540300  8.034474e-01  7.469316e-04  8.034580e-01  7.469726e-04  7.563946e-01  6.599362e-04  
   0.8740300  8.049619e-01  7.677404e-04  8.049727e-01  7.677819e-04  7.577326e-01  6.781484e-04  
   0.8950300  8.065972e-01  7.898652e-04  8.066079e-01  7.899073e-04  7.591767e-01  6.974987e-04  
   0.9160300  8.082792e-01  8.122824e-04  8.082901e-01  8.123252e-04  7.606619e-01  7.170903e-04  
   0.9370300  8.100085e-01  8.350040e-04  8.100194e-01  8.350476e-04  7.621883e-01  7.369329e-04  
   0.9580300  8.117857e-01  8.580415e-04  8.117968e-01  8.580857e-04  7.637565e-01  7.570355e-04  
   0.9780300  8.135239e-01  8.802866e-04  8.135352e-01  8.803320e-04  7.652902e-01  7.764320e-04  
   0.9990300  8.153974e-01  9.039759e-04  8.154086e-01  9.040221e-04  7.669421e-01  7.970711e-04  
   1.0200300  8.173208e-01  9.280177e-04  8.173323e-01  9.280647e-04  7.686379e-01  8.179998e-04  
   1.0410300  8.192955e-01  9.524247e-04  8.193068e-01  9.524729e-04  7.703781e-01  8.392289e-04  
   1.0620300  8.213218e-01  9.772108e-04  8.213334e-01  9.772603e-04  7.721635e-01  8.607685e-04  
   1.0830300  8.234006e-01  1.002389e-03  8.234125e-01  1.002440e-03  7.739944e-01  8.826297e-04  
   1.1030300  8.254299e-01  1.026746e-03  8.254419e-01  1.026798e-03  7.757809e-01  9.037589e-04  
   1.1240300  8.276139e-01  1.052732e-03  8.276257e-01  1.052784e-03  7.777026e-01  9.262805e-04  
   1.1450300  8.298525e-01  1.079153e-03  8.298646e-01  1.079206e-03  7.796722e-01  9.491577e-04  
   1.1660300  8.321473e-01  1.106025e-03  8.321594e-01  1.106080e-03  7.816904e-01  9.724031e-04  
   1.1870300  8.344989e-01  1.133365e-03  8.345112e-01  1.133421e-03  7.837574e-01  9.960292e-04  
   1.2080300  8.369085e-01  1.161190e-03  8.369209e-01  1.161247e-03  7.858747e-01  1.020049e-03  
   1.2280300  8.392575e-01  1.188156e-03  8.392701e-01  1.188215e-03  7.879375e-01  1.043304e-03  
   1.2490300  8.417825e-01  1.216979e-03  8.417951e-01  1.217040e-03  7.901545e-01  1.068135e-03  
   1.2706300  8.444437e-01  1.247190e-03  8.444566e-01  1.247252e-03  7.924897e-01  1.094131e-03  
   1.2906300  8.469661e-01  1.275693e-03  8.469792e-01  1.275757e-03  7.947021e-01  1.118630e-03  
   1.3116300  8.496767e-01  1.306191e-03  8.496899e-01  1.306257e-03  7.970784e-01  1.144813e-03  
   1.3326300  8.524516e-01  1.337295e-03  8.524651e-01  1.337364e-03  7.995101e-01  1.171482e-03  
   1.3536299  8.552924e-01  1.369031e-03  8.553060e-01  1.369101e-03  8.019980e-01  1.198658e-03  
   1.3746300  8.582008e-01  1.401423e-03  8.582148e-01  1.401496e-03  8.045438e-01  1.226359e-03  
   1.3946300  8.610349e-01  1.432909e-03  8.610487e-01  1.432985e-03  8.070230e-01  1.253248e-03  
   1.4156300  8.640789e-01  1.466666e-03  8.640931e-01  1.466745e-03  8.096848e-01  1.282033e-03  
   1.4366300  8.671948e-01  1.501167e-03  8.672092e-01  1.501249e-03  8.124077e-01  1.311405e-03  
   1.4576300  8.703843e-01  1.536446e-03  8.703988e-01  1.536533e-03  8.151934e-01  1.341386e-03  
   1.4786299  8.736488e-01  1.572542e-03  8.736636e-01  1.572632e-03  8.180429e-01  1.371999e-03  
   1.4996300  8.769903e-01  1.609496e-03  8.770050e-01  1.609590e-03  8.209575e-01  1.403269e-03  
   1.5196300  8.802451e-01  1.645532e-03  8.802601e-01  1.645630e-03  8.237942e-01  1.433684e-03  
   1.5406300  8.837414e-01  1.684308e-03  8.837565e-01  1.684411e-03  8.268396e-01  1.466311e-03  
   1.5616300  8.873198e-01  1.724111e-03  8.873351e-01  1.724218e-03  8.299545e-01  1.499674e-03  
   1.5826300  8.909823e-01  1.765021e-03  8.909979e-01  1.765132e-03  8.331398e-01  1.533801e-03  
   1.6036299  8.947306e-01  1.807137e-03  8.947465e-01  1.807253e-03  8.363979e-01  1.568727e-03  
   1.6246300  8.985682e-01  1.850582e-03  8.985839e-01  1.850702e-03  8.397297e-01  1.604483e-03  
   1.6446300  9.023065e-01  1.893330e-03  9.023227e-01  1.893457e-03  8.429732e-01  1.639341e-03  
   1.6656300  9.063224e-01  1.939837e-03  9.063390e-01  1.939968e-03  8.464546e-01  1.676826e-03  
   1.6872300  9.105539e-01  1.989644e-03  9.105707e-01  1.989780e-03  8.501189e-01  1.716370e-03  
   1.7072300  9.145637e-01  2.037806e-03  9.145809e-01  2.037947e-03  8.535885e-01  1.753921e-03  
   1.7282300  9.188731e-01  2.090814e-03  9.188906e-01  2.090961e-03  8.573133e-01  1.794372e-03  
   1.7492300  9.232863e-01  2.146713e-03  9.233041e-01  2.146866e-03  8.611239e-01  1.835923e-03  
   1.7702301  9.278064e-01  2.205962e-03  9.278243e-01  2.206121e-03  8.650227e-01  1.878643e-03  
   1.7912300  9.324361e-01  2.269086e-03  9.324544e-01  2.269253e-03  8.690121e-01  1.922610e-03  
   1.8112299  9.369506e-01  2.333345e-03  9.369693e-01  2.333520e-03  8.728987e-01  1.965724e-03  
   1.8322300  9.418046e-01  2.405777e-03  9.418238e-01  2.405963e-03  8.770732e-01  2.012397e-03  
   1.8532300  9.467781e-01  2.483958e-03  9.467974e-01  2.484153e-03  8.813464e-01  2.060637e-03  
   1.8742300  9.518747e-01  2.568587e-03  9.518943e-01  2.568795e-03  8.857215e-01  2.110599e-03  
   1.8952301  9.570975e-01  2.660368e-03  9.571174e-01  2.660588e-03  8.902015e-01  2.162470e-03  
   1.9162300  9.624501e-01  2.759980e-03  9.624704e-01  2.760214e-03  8.947899e-01  2.216479e-03  
   1.9362299  9.676713e-01  2.862716e-03  9.676918e-01  2.862965e-03  8.992629e-01  2.270163e-03  
   1.9572300  9.732870e-01  2.979405e-03  9.733081e-01  2.979674e-03  9.040713e-01  2.329211e-03  
   1.9782300  9.790435e-01  3.105624e-03  9.790651e-01  3.105912e-03  9.089987e-01  2.391411e-03  
   1.9992300  9.849446e-01  3.241787e-03  9.849664e-01  3.242098e-03  9.140477e-01  2.457241e-03  
   2.0202301  9.909946e-01  3.388239e-03  9.910167e-01  3.388575e-03  9.192232e-01  2.527277e-03  
   2.0412300  9.971982e-01  3.545242e-03  9.972208e-01  3.545607e-03  9.245298e-01  2.602178e-03  
   2.0612299  1.003253e+00  3.704788e-03  1.003276e+00  3.705183e-03  9.297085e-01  2.678734e-03  
   2.0822301  1.009771e+00  3.883034e-03  1.009794e+00  3.883465e-03  9.352819e-01  2.765428e-03  
   2.1038301  1.016651e+00  4.078068e-03  1.016675e+00  4.078540e-03  9.411653e-01  2.862335e-03  
   2.1238301  1.023187e+00  4.269496e-03  1.023212e+00  4.270011e-03  9.467532e-01  2.960045e-03  
   2.1448300  1.030228e+00  4.482090e-03  1.030252e+00  4.482653e-03  9.527716e-01  3.072007e-03  
   2.1658299  1.037457e+00  4.707055e-03  1.037482e+00  4.707675e-03  9.589487e-01  3.194765e-03  
   2.1868300  1.044883e+00  4.945049e-03  1.044909e+00  4.945729e-03  9.652917e-01  3.329618e-03  
   2.2078300  1.052512e+00  5.196857e-03  1.052539e+00  5.197599e-03  9.718056e-01  3.477917e-03  
   2.2278299  1.059976e+00  5.450377e-03  1.060003e+00  5.451187e-03  9.781741e-01  3.632960e-03  
   2.2488301  1.068029e+00  5.731977e-03  1.068057e+00  5.732858e-03  9.850406e-01  3.811666e-03  
   2.2698300  1.076311e+00  6.030470e-03  1.076340e+00  6.031425e-03  9.920970e-01  4.008188e-03  
   2.2908299  1.084834e+00  6.347062e-03  1.084864e+00  6.348093e-03  9.993508e-01  4.224141e-03  
   2.3118300  1.093608e+00  6.682984e-03  1.093638e+00  6.684086e-03  1.006810e+00  4.461232e-03  
   2.3328300  1.102642e+00  7.039468e-03  1.102673e+00  7.040642e-03  1.014481e+00  4.721272e-03  
   2.3528299  1.111501e+00  7.399253e-03  1.111532e+00  7.400493e-03  1.021993e+00  4.992054e-03  
   2.3738301  1.121081e+00  7.799611e-03  1.121113e+00  7.800914e-03  1.030104e+00  5.302690e-03  
   2.3948300  1.130962e+00  8.224547e-03  1.130995e+00  8.225911e-03  1.038455e+00  5.642551e-03  
   2.4158299  1.141158e+00  8.675833e-03  1.141193e+00  8.677254e-03  1.047055e+00  6.014189e-03  
   2.4368300  1.151689e+00  9.155698e-03  1.151724e+00  9.157174e-03  1.055914e+00  6.420433e-03  
   2.4578300  1.162574e+00  9.667058e-03  1.162610e+00  9.668592e-03  1.065046e+00  6.864422e-03  
   2.4778299  1.173287e+00  1.018688e-02  1.173324e+00  1.018847e-02  1.074006e+00  7.325599e-03  
   2.4988301  1.184924e+00  1.077209e-02  1.184962e+00  1.077375e-02  1.083704e+00  7.853910e-03  
   2.5204301  1.197334e+00  1.142305e-02  1.197374e+00  1.142480e-02  1.094006e+00  8.449124e-03  
   2.5404301  1.209251e+00  1.207821e-02  1.209291e+00  1.208007e-02  1.103853e+00  9.051961e-03  
   2.5614300  1.222230e+00  1.283091e-02  1.222273e+00  1.283290e-02  1.114530e+00  9.744265e-03  
   2.5824299  1.235721e+00  1.366320e-02  1.235765e+00  1.366536e-02  1.125568e+00  1.050418e-02  
   2.6034300  1.249756e+00  1.459137e-02  1.249801e+00  1.459373e-02  1.136991e+00  1.133981e-02  
   2.6244299  1.264369e+00  1.563480e-02  1.264416e+00  1.563741e-02  1.148817e+00  1.226053e-02  
   2.6444299  1.278859e+00  1.675651e-02  1.278907e+00  1.675939e-02  1.160477e+00  1.322657e-02  
   2.6654301  1.294709e+00  1.809387e-02  1.294758e+00  1.809710e-02  1.173159e+00  1.434664e-02  
   2.6864300  1.311246e+00  1.962413e-02  1.311298e+00  1.962776e-02  1.186314e+00  1.558928e-02  
   2.7074299  1.328515e+00  2.138119e-02  1.328568e+00  2.138528e-02  1.199971e+00  1.697106e-02  
   2.7284300  1.346555e+00  2.340325e-02  1.346611e+00  2.340789e-02  1.214155e+00  1.851072e-02  
   2.7494299  1.365411e+00  2.573320e-02  1.365468e+00  2.573849e-02  1.228893e+00  2.022925e-02  
   2.7694299  1.384168e+00  2.828266e-02  1.384228e+00  2.828869e-02  1.243473e+00  2.205371e-02  
   2.7904301  1.404750e+00  3.135912e-02  1.404812e+00  3.136606e-02  1.259380e+00  2.419156e-02  
   2.8114300  1.426290e+00  3.490605e-02  1.426355e+00  3.491411e-02  1.275933e+00  2.658533e-02  
   2.8324299  1.448844e+00  3.899524e-02  1.448912e+00  3.900466e-02  1.293165e+00  2.926716e-02  
   2.8534300  1.472471e+00  4.371024e-02  1.472541e+00  4.372131e-02  1.311115e+00  3.227312e-02  
   2.8744299  1.497229e+00  4.914906e-02  1.497302e+00  4.916210e-02  1.329822e+00  3.564412e-02  
   2.8944299  1.521915e+00  5.510757e-02  1.521992e+00  5.512284e-02  1.348384e+00  3.923713e-02  
   2.9154301  1.549053e+00  6.231248e-02  1.549133e+00  6.233053e-02  1.368702e+00  4.346433e-02  
   2.9370301  1.578322e+00  7.090295e-02  1.578405e+00  7.092432e-02  1.390545e+00  4.836571e-02  
   2.9570301  1.606685e+00  8.009876e-02  1.606772e+00  8.012366e-02  1.411676e+00  5.347748e-02  
   2.9780300  1.637792e+00  9.124810e-02  1.637882e+00  9.127723e-02  1.434860e+00  5.952938e-02  
   2.9990301  1.670252e+00  1.041681e-01  1.670346e+00  1.042021e-01  1.459126e+00  6.639412e-02  
   3.0200300  1.704024e+00  1.191299e-01  1.704123e+00  1.191692e-01  1.484530e+00  7.420741e-02  
   3.0410299  1.739022e+00  1.364280e-01  1.739125e+00  1.364732e-01  1.511125e+00  8.313145e-02  
   3.0610299  1.773365e+00  1.553580e-01  1.773471e+00  1.554094e-01  1.537596e+00  9.283753e-02  
   3.0820301  1.810289e+00  1.781157e-01  1.810400e+00  1.781742e-01  1.566606e+00  1.045080e-01  
   3.1030300  1.847833e+00  2.041257e-01  1.847947e+00  2.041920e-01  1.596843e+00  1.179392e-01  
   3.1240301  1.885653e+00  2.336699e-01  1.885770e+00  2.337445e-01  1.628256e+00  1.334083e-01  
   3.1450300  1.923331e+00  2.669837e-01  1.923450e+00  2.670673e-01  1.660734e+00  1.512123e-01  
   3.1660299  1.960387e+00  3.042397e-01  1.960507e+00  3.043330e-01  1.694105e+00  1.716604e-01  
   3.1860299  1.994608e+00  3.434682e-01  1.994728e+00  3.435709e-01  1.726491e+00  1.938735e-01  
   3.2070301  2.028865e+00  3.885823e-01  2.028983e+00  3.886956e-01  1.760822e+00  2.203487e-01  
   3.2280300  2.060823e+00  4.375942e-01  2.060939e+00  4.377183e-01  1.795087e+00  2.502945e-01  
   3.2490301  2.089900e+00  4.902628e-01  2.090011e+00  4.903978e-01  1.828806e+00  2.838950e-01  
   3.2700300  2.115545e+00  5.462232e-01  2.115650e+00  5.463687e-01  1.861428e+00  3.212473e-01  
   3.2910299  2.137274e+00  6.049985e-01  2.137372e+00  6.051538e-01  1.892362e+00  3.623409e-01  
   3.3110299  2.153965e+00  6.630662e-01  2.154054e+00  6.632304e-01  1.919686e+00  4.048348e-01  
   3.3320301  2.167011e+00  7.256099e-01  2.167092e+00  7.257820e-01  1.945552e+00  4.527238e-01  
   3.3536301  2.175481e+00  7.908985e-01  2.175551e+00  7.910768e-01  1.968554e+00  5.050628e-01  
   3.3736300  2.178824e+00  8.515505e-01  2.178885e+00  8.517329e-01  1.986141e+00  5.558228e-01  
   3.3946300  2.177789e+00  9.147692e-01  2.177839e+00  9.149542e-01  2.000411e+00  6.108924e-01  
   3.4156301  2.172338e+00  9.768820e-01  2.172378e+00  9.770664e-01  2.010154e+00  6.670876e-01  
   3.4366300  2.162824e+00  1.037326e+00  2.162854e+00  1.037508e+00  2.015297e+00  7.236663e-01  
   3.4576299  2.149695e+00  1.095645e+00  2.149717e+00  1.095822e+00  2.015932e+00  7.798909e-01  
   3.4776299  2.134296e+00  1.148903e+00  2.134310e+00  1.149074e+00  2.012578e+00  8.324700e-01  
   3.4986300  2.115602e+00  1.202221e+00  2.115610e+00  1.202382e+00  2.005275e+00  8.860667e-01  
   3.5196300  2.094854e+00  1.252781e+00  2.094858e+00  1.252932e+00  1.994598e+00  9.375108e-01  
   3.5406301  2.072568e+00  1.300604e+00  2.072567e+00  1.300743e+00  1.981132e+00  9.864287e-01  
   3.5616300  2.049204e+00  1.345799e+00  2.049201e+00  1.345927e+00  1.965505e+00  1.032591e+00  
   3.5826299  2.025158e+00  1.388547e+00  2.025152e+00  1.388662e+00  1.948342e+00  1.075919e+00  
   3.6026299  2.001914e+00  1.427186e+00  2.001904e+00  1.427289e+00  1.931108e+00  1.114604e+00  
   3.6236300  1.977382e+00  1.465802e+00  1.977372e+00  1.465895e+00  1.912575e+00  1.152683e+00  
   3.6446300  1.952897e+00  1.502634e+00  1.952886e+00  1.502716e+00  1.894013e+00  1.188423e+00  
   3.6656301  1.928582e+00  1.537873e+00  1.928570e+00  1.537945e+00  1.875735e+00  1.222153e+00  
   3.6866300  1.904535e+00  1.571667e+00  1.904523e+00  1.571732e+00  1.857946e+00  1.254225e+00  
   3.7076299  1.880834e+00  1.604123e+00  1.880823e+00  1.604181e+00  1.840751e+00  1.284983e+00  
   3.7276299  1.858675e+00  1.633847e+00  1.858664e+00  1.633901e+00  1.824947e+00  1.313335e+00  
   3.7486300  1.835962e+00  1.663854e+00  1.835953e+00  1.663904e+00  1.808928e+00  1.342355e+00  
   3.7702301  1.813374e+00  1.693472e+00  1.813367e+00  1.693521e+00  1.793015e+00  1.371587e+00  
   3.7902300  1.793365e+00  1.719827e+00  1.793361e+00  1.719876e+00  1.778758e+00  1.398195e+00  
   3.8112299  1.773559e+00  1.746503e+00  1.773561e+00  1.746554e+00  1.764299e+00  1.425706e+00  
   3.8322301  1.755291e+00  1.772348e+00  1.755299e+00  1.772403e+00  1.750447e+00  1.452786e+00  
   3.8532300  1.738891e+00  1.797655e+00  1.738904e+00  1.797716e+00  1.737376e+00  1.479439e+00  
   3.8742299  1.724676e+00  1.822840e+00  1.724696e+00  1.822909e+00  1.725351e+00  1.505702e+00  
   3.8942299  1.713421e+00  1.847207e+00  1.713447e+00  1.847286e+00  1.715181e+00  1.530443e+00  
   3.9152300  1.704184e+00  1.873830e+00  1.704217e+00  1.873922e+00  1.706225e+00  1.556334e+00  
   3.9362299  1.697664e+00  1.902279e+00  1.697701e+00  1.902387e+00  1.699432e+00  1.582466e+00  
   3.9572301  1.693777e+00  1.933412e+00  1.693817e+00  1.933537e+00  1.695175e+00  1.609326e+00  
   3.9782300  1.692250e+00  1.968129e+00  1.692289e+00  1.968273e+00  1.693734e+00  1.637551e+00  
   3.9992299  1.692597e+00  2.007328e+00  1.692631e+00  2.007493e+00  1.695251e+00  1.667922e+00  
   4.0192299  1.694021e+00  2.049597e+00  1.694047e+00  2.049784e+00  1.699401e+00  1.699661e+00  
   4.0402298  1.695780e+00  2.099860e+00  1.695792e+00  2.100070e+00  1.706325e+00  1.736869e+00  
   4.0612302  1.696700e+00  2.156692e+00  1.696694e+00  2.156928e+00  1.715333e+00  1.779025e+00  
   4.0822301  1.695489e+00  2.220426e+00  1.695461e+00  2.220685e+00  1.725592e+00  1.827066e+00  
   4.1032300  1.690732e+00  2.291126e+00  1.690676e+00  2.291409e+00  1.735980e+00  1.881816e+00  
   4.1242299  1.680944e+00  2.368562e+00  1.680857e+00  2.368870e+00  1.745107e+00  1.943911e+00  
   4.1442299  1.665586e+00  2.448089e+00  1.665467e+00  2.448418e+00  1.751147e+00  2.010226e+00  
   4.1652298  1.641757e+00  2.536857e+00  1.641601e+00  2.537206e+00  1.752988e+00  2.087461e+00  
   4.1868300  1.607670e+00  2.632643e+00  1.607477e+00  2.633010e+00  1.748117e+00  2.174726e+00  
   4.2068300  1.566405e+00  2.724122e+00  1.566177e+00  2.724502e+00  1.735713e+00  2.261965e+00  
   4.2278299  1.512173e+00  2.821568e+00  1.511912e+00  2.821961e+00  1.712760e+00  2.359177e+00  
   4.2488298  1.446153e+00  2.918795e+00  1.445860e+00  2.919198e+00  1.678038e+00  2.460687e+00  
   4.2698302  1.367989e+00  3.014058e+00  1.367668e+00  3.014467e+00  1.630199e+00  2.564671e+00  
   4.2908301  1.277610e+00  3.105577e+00  1.277266e+00  3.105989e+00  1.568275e+00  2.668992e+00  
   4.3108301  1.180361e+00  3.187664e+00  1.180000e+00  3.188077e+00  1.495726e+00  2.766511e+00  
   4.3318300  1.066956e+00  3.266911e+00  1.066581e+00  3.267320e+00  1.405271e+00  2.864598e+00  
   4.3528299  9.426668e-01  3.337479e+00  9.422836e-01  3.337881e+00  1.300681e+00  2.955810e+00  
   4.3738298  8.084152e-01  3.397896e+00  8.080277e-01  3.398286e+00  1.182991e+00  3.037731e+00  
   4.3948302  6.653284e-01  3.446811e+00  6.649406e-01  3.447186e+00  1.053734e+00  3.108154e+00  
   4.4158301  5.147420e-01  3.483019e+00  5.143570e-01  3.483371e+00  9.149060e-01  3.165167e+00  
   4.4358301  3.657402e-01  3.504721e+00  3.653602e-01  3.505049e+00  7.759366e-01  3.205619e+00  
   4.4568300  2.050557e-01  3.513237e+00  2.046832e-01  3.513535e+00  6.254397e-01  3.232548e+00  
   4.4778299  4.187466e-02  3.506450e+00  4.151156e-02  3.506714e+00  4.729611e-01  3.243019e+00  
   4.4988298  -1.217788e-01  3.483902e+00  -1.221309e-01  3.484126e+00  3.212739e-01  3.237026e+00  
   4.5198302  -2.837581e-01  3.445400e+00  -2.840975e-01  3.445584e+00  1.730424e-01  3.215077e+00  
   4.5408301  -4.418214e-01  3.391075e+00  -4.421465e-01  3.391217e+00  3.072199e-02  3.178174e+00  
   4.5608301  -5.866554e-01  3.325067e+00  -5.869650e-01  3.325170e+00  -9.737513e-02  3.130421e+00  
   4.5818300  -7.306208e-01  3.241606e+00  -7.309125e-01  3.241670e+00  -2.223759e-01  3.068719e+00  
   4.6034298  -8.678860e-01  3.141949e+00  -8.681575e-01  3.141978e+00  -3.394285e-01  2.994965e+00  
   4.6234298  -9.834815e-01  3.038735e+00  -9.837326e-01  3.038736e+00  -4.365794e-01  2.919366e+00  
   4.6444302  -1.091478e+00  2.920978e+00  -1.091707e+00  2.920955e+00  -5.265477e-01  2.834524e+00  
   4.6654301  -1.184662e+00  2.795864e+00  -1.184868e+00  2.795824e+00  -6.041542e-01  2.746167e+00  
   4.6864300  -1.262371e+00  2.665865e+00  -1.262555e+00  2.665814e+00  -6.697273e-01  2.656272e+00  
   4.7074299  -1.324434e+00  2.533532e+00  -1.324598e+00  2.533477e+00  -7.238824e-01  2.566619e+00  
   4.7274299  -1.369282e+00  2.407627e+00  -1.369427e+00  2.407572e+00  -7.656037e-01  2.482872e+00  
   4.7484298  -1.402125e+00  2.277815e+00  -1.402256e+00  2.277766e+00  -7.999996e-01  2.397884e+00  
   4.7694302  -1.421502e+00  2.152500e+00  -1.421621e+00  2.152459e+00  -8.257965e-01  2.316906e+00  
   4.7904301  -1.428844e+00  2.033435e+00  -1.428957e+00  2.033405e+00  -8.440751e-01  2.240692e+00  
   4.8114300  -1.425787e+00  1.921970e+00  -1.425897e+00  1.921951e+00  -8.558992e-01  2.169744e+00  
   4.8324299  -1.414056e+00  1.819051e+00  -1.414169e+00  1.819041e+00  -8.622802e-01  2.104353e+00  
   4.8524299  -1.396400e+00  1.729481e+00  -1.396519e+00  1.729479e+00  -8.641534e-01  2.047339e+00  
   4.8734298  -1.372632e+00  1.644492e+00  -1.372762e+00  1.644495e+00  -8.625203e-01  1.992962e+00  
   4.8944302  -1.344989e+00  1.568680e+00  -1.345132e+00  1.568683e+00  -8.579425e-01  1.944050e+00  
   4.9154301  -1.314798e+00  1.501699e+00  -1.314958e+00  1.501698e+00  -8.510799e-01  1.900361e+00  
   4.9364300  -1.283188e+00  1.443022e+00  -1.283365e+00  1.443013e+00  -8.425012e-01  1.861585e+00  
   4.9574299  -1.251079e+00  1.392004e+00  -1.251276e+00  1.391982e+00  -8.326879e-01  1.827376e+00  
   4.9774299  -1.220706e+00  1.349884e+00  -1.220921e+00  1.349848e+00  -8.225646e-01  1.798707e+00  
   4.9984298  -1.189564e+00  1.311747e+00  -1.189798e+00  1.311691e+00  -8.114396e-01  1.772352e+00  
