w Re-xx Im-xx Re-yy Im-yy Re-zz Im-zz
# Gaussian absolute broadening  0.15 [eV]
   0.0000000  7.725881e-01  8.997089e-05  7.725946e-01  8.997154e-05  7.289279e-01  7.984866e-05  
   0.0200000  7.726898e-01  9.629309e-05  7.726962e-01  9.629391e-05  7.290181e-01  8.545848e-05  
   0.0410000  7.728108e-01  1.034977e-04  7.728171e-01  1.034987e-04  7.291252e-01  9.185078e-05  
   0.0620000  7.729486e-01  1.113193e-04  7.729549e-01  1.113205e-04  7.292477e-01  9.879014e-05  
   0.0830000  7.731051e-01  1.197924e-04  7.731116e-01  1.197939e-04  7.293867e-01  1.063070e-04  
   0.1040000  7.732825e-01  1.289471e-04  7.732890e-01  1.289489e-04  7.295443e-01  1.144278e-04  
   0.1240000  7.734729e-01  1.383213e-04  7.734795e-01  1.383234e-04  7.297132e-01  1.227427e-04  
   0.1450000  7.736975e-01  1.488680e-04  7.737040e-01  1.488705e-04  7.299125e-01  1.320965e-04  
   0.1660000  7.739497e-01  1.601422e-04  7.739564e-01  1.601450e-04  7.301363e-01  1.420947e-04  
   0.1870000  7.742317e-01  1.721404e-04  7.742383e-01  1.721437e-04  7.303864e-01  1.527335e-04  
   0.2080000  7.745454e-01  1.848480e-04  7.745522e-01  1.848518e-04  7.306650e-01  1.640001e-04  
   0.2290000  7.748929e-01  1.982395e-04  7.748997e-01  1.982437e-04  7.309732e-01  1.758711e-04  
   0.2490000  7.752565e-01  2.115963e-04  7.752631e-01  2.116010e-04  7.312959e-01  1.877097e-04  
   0.2700000  7.756740e-01  2.262117e-04  7.756806e-01  2.262168e-04  7.316662e-01  2.006616e-04  
   0.2910000  7.761290e-01  2.413823e-04  7.761356e-01  2.413877e-04  7.320696e-01  2.141028e-04  
   0.3120000  7.766224e-01  2.570535e-04  7.766292e-01  2.570593e-04  7.325073e-01  2.279847e-04  
   0.3330000  7.771547e-01  2.731691e-04  7.771612e-01  2.731753e-04  7.329795e-01  2.422574e-04  
   0.3540000  7.777260e-01  2.896756e-04  7.777328e-01  2.896821e-04  7.334860e-01  2.568721e-04  
   0.3740000  7.783069e-01  3.057127e-04  7.783137e-01  3.057194e-04  7.340012e-01  2.710677e-04  
   0.3950000  7.789549e-01  3.228411e-04  7.789617e-01  3.228480e-04  7.345758e-01  2.862248e-04  
   0.4160000  7.796422e-01  3.402278e-04  7.796490e-01  3.402349e-04  7.351848e-01  3.016057e-04  
   0.4374300  7.803841e-01  3.582045e-04  7.803909e-01  3.582120e-04  7.358428e-01  3.175033e-04  
   0.4574300  7.811130e-01  3.751719e-04  7.811199e-01  3.751797e-04  7.364888e-01  3.325031e-04  
   0.4784300  7.819165e-01  3.931682e-04  7.819234e-01  3.931764e-04  7.372009e-01  3.484065e-04  
   0.4994300  7.827589e-01  4.113374e-04  7.827659e-01  4.113461e-04  7.379473e-01  3.644566e-04  
   0.5204300  7.836405e-01  4.296724e-04  7.836474e-01  4.296817e-04  7.387281e-01  3.806466e-04  
   0.5414300  7.845610e-01  4.481699e-04  7.845680e-01  4.481799e-04  7.395437e-01  3.969730e-04  
   0.5614300  7.854745e-01  4.659375e-04  7.854815e-01  4.659484e-04  7.403528e-01  4.126488e-04  
   0.5824300  7.864724e-01  4.847541e-04  7.864794e-01  4.847661e-04  7.412364e-01  4.292426e-04  
   0.6034300  7.875100e-01  5.037386e-04  7.875172e-01  5.037517e-04  7.421553e-01  4.459769e-04  
   0.6244300  7.885880e-01  5.228971e-04  7.885951e-01  5.229115e-04  7.431096e-01  4.628559e-04  
   0.6454300  7.897065e-01  5.422352e-04  7.897138e-01  5.422507e-04  7.440997e-01  4.798849e-04  
   0.6664300  7.908660e-01  5.617595e-04  7.908732e-01  5.617762e-04  7.451258e-01  4.970687e-04  
   0.6864300  7.920080e-01  5.805332e-04  7.920155e-01  5.805510e-04  7.461363e-01  5.135834e-04  
   0.7074300  7.932485e-01  6.004415e-04  7.932557e-01  6.004606e-04  7.472335e-01  5.310870e-04  
   0.7284300  7.945306e-01  6.205578e-04  7.945382e-01  6.205778e-04  7.483675e-01  5.487627e-04  
   0.7494300  7.958556e-01  6.408903e-04  7.958630e-01  6.409111e-04  7.495388e-01  5.666183e-04  
   0.7704300  7.972230e-01  6.614465e-04  7.972307e-01  6.614682e-04  7.507479e-01  5.846594e-04  
   0.7914300  7.986343e-01  6.822360e-04  7.986417e-01  6.822580e-04  7.519951e-01  6.028938e-04  
   0.8114300  8.000184e-01  7.022592e-04  8.000260e-01  7.022816e-04  7.532181e-01  6.204449e-04  
   0.8324300  8.015152e-01  7.235289e-04  8.015230e-01  7.235516e-04  7.545406e-01  6.390766e-04  
   0.8540300  8.031021e-01  7.456774e-04  8.031099e-01  7.457006e-04  7.559423e-01  6.584649e-04  
   0.8740300  8.046139e-01  7.664404e-04  8.046221e-01  7.664637e-04  7.572770e-01  6.766274e-04  
   0.8950300  8.062466e-01  7.885151e-04  8.062545e-01  7.885386e-04  7.587182e-01  6.959239e-04  
   0.9160300  8.079258e-01  8.108806e-04  8.079336e-01  8.109044e-04  7.601998e-01  7.154603e-04  
   0.9370300  8.096519e-01  8.335483e-04  8.096598e-01  8.335726e-04  7.617229e-01  7.352458e-04  
   0.9580300  8.114262e-01  8.565299e-04  8.114344e-01  8.565547e-04  7.632875e-01  7.552897e-04  
   0.9780300  8.131612e-01  8.787199e-04  8.131695e-01  8.787455e-04  7.648172e-01  7.746285e-04  
   0.9990300  8.150312e-01  9.023489e-04  8.150395e-01  9.023753e-04  7.664657e-01  7.952050e-04  
   1.0200300  8.169514e-01  9.263279e-04  8.169596e-01  9.263552e-04  7.681573e-01  8.160688e-04  
   1.0410300  8.189222e-01  9.506693e-04  8.189308e-01  9.506982e-04  7.698933e-01  8.372309e-04  
   1.0620300  8.209449e-01  9.753872e-04  8.209534e-01  9.754178e-04  7.716745e-01  8.587012e-04  
   1.0830300  8.230197e-01  1.000495e-03  8.230284e-01  1.000527e-03  7.735011e-01  8.804906e-04  
   1.1030300  8.250453e-01  1.024781e-03  8.250539e-01  1.024815e-03  7.752832e-01  9.015491e-04  
   1.1240300  8.272249e-01  1.050690e-03  8.272336e-01  1.050726e-03  7.772003e-01  9.239934e-04  
   1.1450300  8.294591e-01  1.077030e-03  8.294682e-01  1.077068e-03  7.791649e-01  9.467906e-04  
   1.1660300  8.317495e-01  1.103819e-03  8.317583e-01  1.103859e-03  7.811778e-01  9.699529e-04  
   1.1870300  8.340961e-01  1.131071e-03  8.341052e-01  1.131114e-03  7.832397e-01  9.934922e-04  
   1.2080300  8.365008e-01  1.158804e-03  8.365100e-01  1.158849e-03  7.853513e-01  1.017422e-03  
   1.2280300  8.388450e-01  1.185678e-03  8.388543e-01  1.185726e-03  7.874092e-01  1.040588e-03  
   1.2490300  8.413645e-01  1.214401e-03  8.413740e-01  1.214451e-03  7.896200e-01  1.065321e-03  
   1.2706300  8.440202e-01  1.244504e-03  8.440299e-01  1.244557e-03  7.919491e-01  1.091213e-03  
   1.2906300  8.465372e-01  1.272901e-03  8.465469e-01  1.272956e-03  7.941557e-01  1.115610e-03  
   1.3116300  8.492419e-01  1.303282e-03  8.492516e-01  1.303340e-03  7.965255e-01  1.141682e-03  
   1.3326300  8.520106e-01  1.334263e-03  8.520205e-01  1.334323e-03  7.989503e-01  1.168236e-03  
   1.3536299  8.548449e-01  1.365867e-03  8.548550e-01  1.365931e-03  8.014314e-01  1.195291e-03  
   1.3746300  8.577466e-01  1.398120e-03  8.577570e-01  1.398187e-03  8.039699e-01  1.222866e-03  
   1.3946300  8.605739e-01  1.429466e-03  8.605843e-01  1.429535e-03  8.064423e-01  1.249629e-03  
   1.4156300  8.636106e-01  1.463064e-03  8.636211e-01  1.463135e-03  8.090963e-01  1.278276e-03  
   1.4366300  8.667189e-01  1.497393e-03  8.667296e-01  1.497467e-03  8.118111e-01  1.307503e-03  
   1.4576300  8.699001e-01  1.532486e-03  8.699111e-01  1.532562e-03  8.145884e-01  1.337331e-03  
   1.4786299  8.731562e-01  1.568376e-03  8.731673e-01  1.568455e-03  8.174291e-01  1.367785e-03  
   1.4996300  8.764887e-01  1.605100e-03  8.764998e-01  1.605182e-03  8.203346e-01  1.398887e-03  
   1.5196300  8.797347e-01  1.640888e-03  8.797460e-01  1.640971e-03  8.231627e-01  1.429133e-03  
   1.5406300  8.832213e-01  1.679363e-03  8.832326e-01  1.679449e-03  8.261983e-01  1.461572e-03  
   1.5616300  8.867891e-01  1.718810e-03  8.868008e-01  1.718897e-03  8.293028e-01  1.494737e-03  
   1.5826300  8.904405e-01  1.759290e-03  8.904525e-01  1.759379e-03  8.324777e-01  1.528655e-03  
   1.6036299  8.941777e-01  1.800874e-03  8.941897e-01  1.800965e-03  8.357248e-01  1.563356e-03  
   1.6246300  8.980026e-01  1.843652e-03  8.980147e-01  1.843745e-03  8.390450e-01  1.598873e-03  
   1.6446300  9.017287e-01  1.885594e-03  9.017411e-01  1.885690e-03  8.422771e-01  1.633487e-03  
   1.6656300  9.057307e-01  1.931018e-03  9.057434e-01  1.931117e-03  8.457457e-01  1.670696e-03  
   1.6872300  9.099472e-01  1.979379e-03  9.099601e-01  1.979482e-03  8.493966e-01  1.709935e-03  
   1.7072300  9.139423e-01  2.025809e-03  9.139554e-01  2.025915e-03  8.528530e-01  1.747178e-03  
   1.7282300  9.182349e-01  2.076480e-03  9.182479e-01  2.076589e-03  8.565634e-01  1.787272e-03  
   1.7492300  9.226305e-01  2.129368e-03  9.226440e-01  2.129484e-03  8.603586e-01  1.828430e-03  
   1.7702301  9.271320e-01  2.184768e-03  9.271457e-01  2.184890e-03  8.642414e-01  1.870708e-03  
   1.7912300  9.317418e-01  2.243018e-03  9.317561e-01  2.243146e-03  8.682141e-01  1.914170e-03  
   1.8112299  9.362373e-01  2.301489e-03  9.362516e-01  2.301626e-03  8.720835e-01  1.956726e-03  
   1.8322300  9.410698e-01  2.366427e-03  9.410844e-01  2.366574e-03  8.762392e-01  2.002712e-03  
   1.8532300  9.460208e-01  2.435435e-03  9.460354e-01  2.435594e-03  8.804923e-01  2.050121e-03  
   1.8742300  9.510945e-01  2.508989e-03  9.511095e-01  2.509160e-03  8.848460e-01  2.099063e-03  
   1.8952301  9.562938e-01  2.587583e-03  9.563092e-01  2.587770e-03  8.893034e-01  2.149663e-03  
   1.9162300  9.616230e-01  2.671723e-03  9.616386e-01  2.671927e-03  8.938676e-01  2.202070e-03  
   1.9362299  9.668222e-01  2.757482e-03  9.668378e-01  2.757706e-03  8.983158e-01  2.253824e-03  
   1.9572300  9.724149e-01  2.853939e-03  9.724309e-01  2.854184e-03  9.030967e-01  2.310303e-03  
   1.9782300  9.781492e-01  2.957477e-03  9.781659e-01  2.957745e-03  9.079944e-01  2.369214e-03  
   1.9992300  9.840286e-01  3.068638e-03  9.840460e-01  3.068932e-03  9.130117e-01  2.430852e-03  
   2.0202301  9.900593e-01  3.187995e-03  9.900767e-01  3.188314e-03  9.181537e-01  2.495566e-03  
   2.0412300  9.962445e-01  3.316163e-03  9.962624e-01  3.316509e-03  9.234234e-01  2.563756e-03  
   2.0612299  1.002284e+00  3.447054e-03  1.002303e+00  3.447425e-03  9.285648e-01  2.632363e-03  
   2.0822301  1.008787e+00  3.594524e-03  1.008806e+00  3.594921e-03  9.340970e-01  2.708766e-03  
   2.1038301  1.015656e+00  3.757888e-03  1.015676e+00  3.758309e-03  9.399349e-01  2.792652e-03  
   2.1238301  1.022184e+00  3.920731e-03  1.022204e+00  3.921174e-03  9.454788e-01  2.875759e-03  
   2.1448300  1.029218e+00  4.104924e-03  1.029239e+00  4.105386e-03  9.514473e-01  2.969388e-03  
   2.1658299  1.036443e+00  4.304071e-03  1.036464e+00  4.304550e-03  9.575726e-01  3.070370e-03  
   2.1868300  1.043867e+00  4.519816e-03  1.043888e+00  4.520306e-03  9.638617e-01  3.179621e-03  
   2.2078300  1.051497e+00  4.753934e-03  1.051518e+00  4.754438e-03  9.703187e-01  3.298132e-03  
   2.2278299  1.058962e+00  4.995747e-03  1.058984e+00  4.996260e-03  9.766316e-01  3.420585e-03  
   2.2488301  1.067016e+00  5.271321e-03  1.067039e+00  5.271845e-03  9.834375e-01  3.560313e-03  
   2.2698300  1.075299e+00  5.571011e-03  1.075323e+00  5.571548e-03  9.904315e-01  3.712653e-03  
   2.2908299  1.083821e+00  5.896672e-03  1.083845e+00  5.897224e-03  9.976215e-01  3.878895e-03  
   2.3118300  1.092590e+00  6.249966e-03  1.092614e+00  6.250540e-03  1.005016e+00  4.060404e-03  
   2.3328300  1.101615e+00  6.632264e-03  1.101640e+00  6.632871e-03  1.012621e+00  4.258642e-03  
   2.3528299  1.110457e+00  7.024289e-03  1.110483e+00  7.024939e-03  1.020069e+00  4.464431e-03  
   2.3738301  1.120012e+00  7.465919e-03  1.120039e+00  7.466628e-03  1.028114e+00  4.699987e-03  
   2.3948300  1.129857e+00  7.938609e-03  1.129884e+00  7.939390e-03  1.036397e+00  4.957315e-03  
   2.4158299  1.140003e+00  8.442437e-03  1.140030e+00  8.443310e-03  1.044930e+00  5.238457e-03  
   2.4368300  1.150466e+00  8.977335e-03  1.150495e+00  8.978317e-03  1.053725e+00  5.545680e-03  
   2.4578300  1.161264e+00  9.543293e-03  1.161294e+00  9.544404e-03  1.062792e+00  5.881515e-03  
   2.4778299  1.171876e+00  1.011149e-02  1.171906e+00  1.011274e-02  1.071693e+00  6.230582e-03  
   2.4988301  1.183384e+00  1.073973e-02  1.183415e+00  1.074115e-02  1.081333e+00  6.630930e-03  
   2.5204301  1.195637e+00  1.142193e-02  1.195669e+00  1.142354e-02  1.091577e+00  7.082759e-03  
   2.5404301  1.207383e+00  1.208956e-02  1.207416e+00  1.209136e-02  1.101376e+00  7.541405e-03  
   2.5614300  1.220160e+00  1.283327e-02  1.220195e+00  1.283530e-02  1.112005e+00  8.069601e-03  
   2.5824299  1.233423e+00  1.362876e-02  1.233459e+00  1.363103e-02  1.123002e+00  8.651437e-03  
   2.6034300  1.247208e+00  1.448711e-02  1.247245e+00  1.448964e-02  1.134389e+00  9.293964e-03  
   2.6244299  1.261550e+00  1.542281e-02  1.261589e+00  1.542562e-02  1.146186e+00  1.000548e-02  
   2.6444299  1.275765e+00  1.640257e-02  1.275806e+00  1.640566e-02  1.157826e+00  1.075623e-02  
   2.6654301  1.291314e+00  1.754580e-02  1.291357e+00  1.754921e-02  1.170496e+00  1.163237e-02  
   2.6864300  1.307544e+00  1.883255e-02  1.307588e+00  1.883629e-02  1.183651e+00  1.261173e-02  
   2.7074299  1.324501e+00  2.029415e-02  1.324547e+00  2.029825e-02  1.197321e+00  1.370997e-02  
   2.7284300  1.342232e+00  2.196695e-02  1.342281e+00  2.197142e-02  1.211537e+00  1.494524e-02  
   2.7494299  1.360786e+00  2.389260e-02  1.360837e+00  2.389747e-02  1.226331e+00  1.633832e-02  
   2.7694299  1.379268e+00  2.600527e-02  1.379322e+00  2.601054e-02  1.240989e+00  1.783361e-02  
   2.7904301  1.399583e+00  2.856850e-02  1.399639e+00  2.857423e-02  1.257015e+00  1.960674e-02  
   2.8114300  1.420881e+00  3.154651e-02  1.420941e+00  3.155274e-02  1.273730e+00  2.161838e-02  
   2.8324299  1.443228e+00  3.501155e-02  1.443291e+00  3.501832e-02  1.291179e+00  2.390409e-02  
   2.8534300  1.466689e+00  3.904805e-02  1.466755e+00  3.905547e-02  1.309409e+00  2.650493e-02  
   2.8744299  1.491333e+00  4.375551e-02  1.491403e+00  4.376370e-02  1.328473e+00  2.946874e-02  
   2.8944299  1.515968e+00  4.897051e-02  1.516042e+00  4.897961e-02  1.347454e+00  3.268043e-02  
   2.9154301  1.543127e+00  5.534904e-02  1.543204e+00  5.535936e-02  1.368311e+00  3.652540e-02  
   2.9370301  1.572512e+00  6.304675e-02  1.572594e+00  6.305868e-02  1.390820e+00  4.106844e-02  
   2.9570301  1.601085e+00  7.138538e-02  1.601171e+00  7.139917e-02  1.412678e+00  4.589687e-02  
   2.9780300  1.632536e+00  8.161475e-02  1.632627e+00  8.163109e-02  1.436745e+00  5.172239e-02  
   2.9990301  1.665487e+00  9.361062e-02  1.665581e+00  9.363022e-02  1.462016e+00  5.845834e-02  
   3.0200300  1.699912e+00  1.076648e-01  1.700010e+00  1.076885e-01  1.488545e+00  6.626877e-02  
   3.0410299  1.735739e+00  1.240972e-01  1.735842e+00  1.241259e-01  1.516369e+00  7.534665e-02  
   3.0610299  1.771043e+00  1.422685e-01  1.771150e+00  1.423030e-01  1.544089e+00  8.537452e-02  
   3.0820301  1.809161e+00  1.643288e-01  1.809271e+00  1.643707e-01  1.574461e+00  9.759763e-02  
   3.1030300  1.848074e+00  1.897752e-01  1.848187e+00  1.898258e-01  1.606070e+00  1.118307e-01  
   3.1240301  1.887421e+00  2.189199e-01  1.887536e+00  2.189806e-01  1.638811e+00  1.283756e-01  
   3.1450300  1.926755e+00  2.520247e-01  1.926869e+00  2.520970e-01  1.672507e+00  1.475462e-01  
   3.1660299  1.965551e+00  2.892809e-01  1.965666e+00  2.893659e-01  1.706913e+00  1.696579e-01  
   3.1860299  2.001466e+00  3.287123e-01  2.001578e+00  3.288106e-01  1.740044e+00  1.937243e-01  
   3.2070301  2.037485e+00  3.742505e-01  2.037593e+00  3.743636e-01  1.774827e+00  2.224054e-01  
   3.2280300  2.071131e+00  4.238893e-01  2.071235e+00  4.240181e-01  1.809131e+00  2.547825e-01  
   3.2490301  2.101773e+00  4.773630e-01  2.101869e+00  4.775076e-01  1.842411e+00  2.909808e-01  
   3.2700300  2.128815e+00  5.342737e-01  2.128901e+00  5.344340e-01  1.874066e+00  3.310206e-01  
   3.2910299  2.151742e+00  5.941082e-01  2.151819e+00  5.942831e-01  1.903475e+00  3.748007e-01  
   3.3110299  2.169374e+00  6.532524e-01  2.169439e+00  6.534402e-01  1.928828e+00  4.197585e-01  
   3.3320301  2.183204e+00  7.169688e-01  2.183257e+00  7.171685e-01  1.952103e+00  4.700323e-01  
   3.3536301  2.192280e+00  7.834902e-01  2.192321e+00  7.836995e-01  1.971943e+00  5.244981e-01  
   3.3736300  2.196040e+00  8.453057e-01  2.196069e+00  8.455213e-01  1.986232e+00  5.768408e-01  
   3.3946300  2.195341e+00  9.097863e-01  2.195356e+00  9.100057e-01  1.996761e+00  6.330913e-01  
   3.4156301  2.190168e+00  9.732377e-01  2.190172e+00  9.734583e-01  2.002608e+00  6.899149e-01  
   3.4366300  2.180930e+00  1.035153e+00  2.180921e+00  1.035371e+00  2.003847e+00  7.465367e-01  
   3.4576299  2.168111e+00  1.095146e+00  2.168090e+00  1.095358e+00  2.000717e+00  8.022147e-01  
   3.4776299  2.153063e+00  1.150252e+00  2.153031e+00  1.150456e+00  1.994037e+00  8.537541e-01  
   3.4986300  2.134796e+00  1.205845e+00  2.134754e+00  1.206040e+00  1.983640e+00  9.057712e-01  
   3.5196300  2.114512e+00  1.259085e+00  2.114460e+00  1.259268e+00  1.970386e+00  9.552258e-01  
   3.5406301  2.092673e+00  1.310030e+00  2.092612e+00  1.310200e+00  1.954944e+00  1.001858e+00  
   3.5616300  2.069664e+00  1.358799e+00  2.069593e+00  1.358957e+00  1.937991e+00  1.045568e+00  
   3.5826299  2.045781e+00  1.405549e+00  2.045700e+00  1.405694e+00  1.920171e+00  1.086415e+00  
   3.6026299  2.022413e+00  1.448342e+00  2.022324e+00  1.448475e+00  1.902918e+00  1.122836e+00  
   3.6236300  1.997350e+00  1.491586e+00  1.997251e+00  1.491708e+00  1.884949e+00  1.158762e+00  
   3.6446300  1.971811e+00  1.533193e+00  1.971702e+00  1.533304e+00  1.867474e+00  1.192685e+00  
   3.6656301  1.945827e+00  1.573201e+00  1.945709e+00  1.573304e+00  1.850708e+00  1.225014e+00  
   3.6866300  1.919423e+00  1.611592e+00  1.919296e+00  1.611687e+00  1.834736e+00  1.256149e+00  
   3.7076299  1.892646e+00  1.648293e+00  1.892511e+00  1.648381e+00  1.819537e+00  1.286447e+00  
   3.7276299  1.866882e+00  1.681578e+00  1.866742e+00  1.681661e+00  1.805688e+00  1.314785e+00  
   3.7486300  1.839719e+00  1.714664e+00  1.839571e+00  1.714742e+00  1.791662e+00  1.344181e+00  
   3.7702301  1.811922e+00  1.746602e+00  1.811771e+00  1.746675e+00  1.777629e+00  1.374130e+00  
   3.7902300  1.786628e+00  1.774235e+00  1.786474e+00  1.774305e+00  1.764880e+00  1.401598e+00  
   3.8112299  1.760938e+00  1.801282e+00  1.760783e+00  1.801347e+00  1.751700e+00  1.430097e+00  
   3.8322301  1.736608e+00  1.826459e+00  1.736454e+00  1.826521e+00  1.738779e+00  1.458126e+00  
   3.8532300  1.714148e+00  1.850056e+00  1.713997e+00  1.850114e+00  1.726275e+00  1.485556e+00  
   3.8742299  1.694060e+00  1.872516e+00  1.693913e+00  1.872572e+00  1.714461e+00  1.512304e+00  
   3.8942299  1.677545e+00  1.893401e+00  1.677404e+00  1.893455e+00  1.704184e+00  1.537136e+00  
   3.9152300  1.663290e+00  1.915519e+00  1.663155e+00  1.915571e+00  1.694834e+00  1.562644e+00  
   3.9362299  1.652399e+00  1.938700e+00  1.652270e+00  1.938749e+00  1.687412e+00  1.587830e+00  
   3.9572301  1.644897e+00  1.963920e+00  1.644775e+00  1.963970e+00  1.682356e+00  1.613125e+00  
   3.9782300  1.640584e+00  1.992211e+00  1.640469e+00  1.992263e+00  1.680027e+00  1.639131e+00  
   3.9992299  1.639020e+00  2.024606e+00  1.638910e+00  2.024660e+00  1.680650e+00  1.666611e+00  
   4.0192299  1.639458e+00  2.060164e+00  1.639352e+00  2.060224e+00  1.684033e+00  1.694976e+00  
   4.0402298  1.641051e+00  2.103262e+00  1.640946e+00  2.103331e+00  1.690344e+00  1.728014e+00  
   4.0612302  1.642678e+00  2.152938e+00  1.642572e+00  2.153017e+00  1.699058e+00  1.765403e+00  
   4.0822301  1.643016e+00  2.209647e+00  1.642907e+00  2.209737e+00  1.709465e+00  1.808155e+00  
   4.1032300  1.640612e+00  2.273577e+00  1.640496e+00  2.273680e+00  1.720578e+00  1.857201e+00  
   4.1242299  1.633941e+00  2.344629e+00  1.633814e+00  2.344746e+00  1.731133e+00  1.913313e+00  
   4.1442299  1.622216e+00  2.418545e+00  1.622077e+00  2.418678e+00  1.739295e+00  1.973825e+00  
   4.1652298  1.602847e+00  2.502048e+00  1.602691e+00  2.502196e+00  1.744249e+00  2.045049e+00  
   4.1868300  1.573971e+00  2.593217e+00  1.573795e+00  2.593382e+00  1.743582e+00  2.126448e+00  
   4.2068300  1.538016e+00  2.681261e+00  1.537820e+00  2.681440e+00  1.735981e+00  2.208756e+00  
   4.2278299  1.489766e+00  2.776072e+00  1.489548e+00  2.776266e+00  1.718965e+00  2.301534e+00  
   4.2488298  1.430027e+00  2.871743e+00  1.429786e+00  2.871948e+00  1.690982e+00  2.399581e+00  
   4.2698302  1.358305e+00  2.966576e+00  1.358040e+00  2.966792e+00  1.650513e+00  2.501255e+00  
   4.2908301  1.274375e+00  3.058799e+00  1.274088e+00  3.059025e+00  1.596362e+00  2.604556e+00  
   4.3108301  1.183128e+00  3.142577e+00  1.182819e+00  3.142810e+00  1.531347e+00  2.702375e+00  
   4.3318300  1.075722e+00  3.224588e+00  1.075393e+00  3.224824e+00  1.448657e+00  2.802128e+00  
   4.3528299  9.569758e-01  3.298809e+00  9.566291e-01  3.299047e+00  1.351393e+00  2.896343e+00  
   4.3738298  8.276792e-01  3.363605e+00  8.273154e-01  3.363842e+00  1.240300e+00  2.982503e+00  
   4.3948302  6.888530e-01  3.417448e+00  6.884744e-01  3.417680e+00  1.116661e+00  3.058239e+00  
   4.4158301  5.417575e-01  3.458939e+00  5.413657e-01  3.459163e+00  9.822626e-01  3.121445e+00  
   4.4358301  3.953222e-01  3.485838e+00  3.949195e-01  3.486051e+00  8.462700e-01  3.168409e+00  
   4.4568300  2.365202e-01  3.499825e+00  2.361075e-01  3.500021e+00  6.975077e-01  3.202594e+00  
   4.4778299  7.439698e-02  3.498384e+00  7.397556e-02  3.498561e+00  5.453124e-01  3.220519e+00  
   4.4988298  -8.899702e-02  3.480945e+00  -8.942596e-02  3.481098e+00  3.924886e-01  3.221945e+00  
   4.5198302  -2.514730e-01  3.447233e+00  -2.519079e-01  3.447360e+00  2.417858e-01  3.207169e+00  
   4.5408301  -4.107356e-01  3.397320e+00  -4.111754e-01  3.397416e+00  9.579016e-02  3.176994e+00  
   4.5608301  -5.573081e-01  3.335123e+00  -5.577508e-01  3.335189e+00  -3.677398e-02  3.135074e+00  
   4.5818300  -7.036571e-01  3.255226e+00  -7.041012e-01  3.255259e+00  -1.672935e-01  3.078752e+00  
   4.6034298  -8.438885e-01  3.158741e+00  -8.443321e-01  3.158738e+00  -2.906871e-01  3.009601e+00  
   4.6234298  -9.626131e-01  3.057993e+00  -9.630544e-01  3.057958e+00  -3.941004e-01  2.937327e+00  
   4.6444302  -1.074199e+00  2.942319e+00  -1.074636e+00  2.942250e+00  -4.908297e-01  2.854934e+00  
   4.6654301  -1.171182e+00  2.818746e+00  -1.171612e+00  2.818644e+00  -5.751702e-01  2.767912e+00  
   4.6864300  -1.252793e+00  2.689729e+00  -1.253214e+00  2.689596e+00  -6.472422e-01  2.678223e+00  
   4.7074299  -1.318756e+00  2.557812e+00  -1.319166e+00  2.557650e+00  -7.074743e-01  2.587662e+00  
   4.7274299  -1.367223e+00  2.431778e+00  -1.367621e+00  2.431590e+00  -7.544430e-01  2.502051e+00  
   4.7484298  -1.403682e+00  2.301296e+00  -1.404067e+00  2.301083e+00  -7.936572e-01  2.414124e+00  
   4.7694302  -1.426410e+00  2.174794e+00  -1.426782e+00  2.174557e+00  -8.234685e-01  2.329292e+00  
   4.7904301  -1.436785e+00  2.054069e+00  -1.437142e+00  2.053810e+00  -8.448949e-01  2.248415e+00  
   4.8114300  -1.436403e+00  1.940526e+00  -1.436747e+00  1.940245e+00  -8.589713e-01  2.172116e+00  
   4.8324299  -1.426974e+00  1.835171e+00  -1.427303e+00  1.834869e+00  -8.667099e-01  2.100809e+00  
   4.8524299  -1.411159e+00  1.743010e+00  -1.411475e+00  1.742687e+00  -8.690675e-01  2.037752e+00  
   4.8734298  -1.388968e+00  1.655077e+00  -1.389271e+00  1.654733e+00  -8.671386e-01  1.976714e+00  
   4.8944302  -1.362559e+00  1.576151e+00  -1.362848e+00  1.575785e+00  -8.614998e-01  1.920930e+00  
   4.9154301  -1.333290e+00  1.505943e+00  -1.333566e+00  1.505555e+00  -8.528817e-01  1.870258e+00  
   4.9364300  -1.302319e+00  1.443977e+00  -1.302582e+00  1.443564e+00  -8.419272e-01  1.824483e+00  
   4.9574299  -1.270604e+00  1.389646e+00  -1.270853e+00  1.389209e+00  -8.291948e-01  1.783335e+00  
   4.9774299  -1.240407e+00  1.344385e+00  -1.240643e+00  1.343924e+00  -8.158553e-01  1.748175e+00  
   4.9984298  -1.209270e+00  1.302989e+00  -1.209493e+00  1.302501e+00  -8.009641e-01  1.715178e+00  
