w Re-xx Im-xx Re-yy Im-yy Re-zz Im-zz
# Gaussian absolute broadening  0.15 [eV]
   0.0000000  7.723287e-01  8.974757e-05  7.723150e-01  8.974779e-05  7.279763e-01  7.958739e-05  
   0.0200000  7.724303e-01  9.605292e-05  7.724167e-01  9.605321e-05  7.280661e-01  8.517781e-05  
   0.0410000  7.725508e-01  1.032383e-04  7.725371e-01  1.032387e-04  7.281733e-01  9.154810e-05  
   0.0620000  7.726882e-01  1.110392e-04  7.726744e-01  1.110397e-04  7.282951e-01  9.846350e-05  
   0.0830000  7.728441e-01  1.194899e-04  7.728305e-01  1.194906e-04  7.284335e-01  1.059544e-04  
   0.1040000  7.730215e-01  1.286205e-04  7.730077e-01  1.286214e-04  7.285907e-01  1.140472e-04  
   0.1240000  7.732112e-01  1.379701e-04  7.731977e-01  1.379711e-04  7.287587e-01  1.223333e-04  
   0.1450000  7.734354e-01  1.484891e-04  7.734216e-01  1.484903e-04  7.289575e-01  1.316548e-04  
   0.1660000  7.736870e-01  1.597337e-04  7.736732e-01  1.597353e-04  7.291806e-01  1.416182e-04  
   0.1870000  7.739683e-01  1.717006e-04  7.739547e-01  1.717025e-04  7.294298e-01  1.522201e-04  
   0.2080000  7.742813e-01  1.843750e-04  7.742676e-01  1.843773e-04  7.297077e-01  1.634473e-04  
   0.2290000  7.746278e-01  1.977313e-04  7.746141e-01  1.977340e-04  7.300145e-01  1.752768e-04  
   0.2490000  7.749904e-01  2.110531e-04  7.749767e-01  2.110563e-04  7.303360e-01  1.870737e-04  
   0.2700000  7.754068e-01  2.256299e-04  7.753931e-01  2.256335e-04  7.307052e-01  1.999799e-04  
   0.2910000  7.758604e-01  2.407602e-04  7.758468e-01  2.407644e-04  7.311074e-01  2.133733e-04  
   0.3120000  7.763529e-01  2.563895e-04  7.763389e-01  2.563941e-04  7.315435e-01  2.272056e-04  
   0.3330000  7.768835e-01  2.724619e-04  7.768700e-01  2.724669e-04  7.320138e-01  2.414270e-04  
   0.3540000  7.774534e-01  2.889234e-04  7.774399e-01  2.889288e-04  7.325189e-01  2.559889e-04  
   0.3740000  7.780327e-01  3.049163e-04  7.780192e-01  3.049222e-04  7.330320e-01  2.701330e-04  
   0.3950000  7.786790e-01  3.219969e-04  7.786656e-01  3.220030e-04  7.336047e-01  2.852348e-04  
   0.4160000  7.793645e-01  3.393344e-04  7.793508e-01  3.393409e-04  7.342117e-01  3.005594e-04  
   0.4374300  7.801048e-01  3.572597e-04  7.800910e-01  3.572664e-04  7.348673e-01  3.163985e-04  
   0.4574300  7.808316e-01  3.741777e-04  7.808182e-01  3.741845e-04  7.355112e-01  3.313428e-04  
   0.4784300  7.816328e-01  3.921210e-04  7.816191e-01  3.921279e-04  7.362207e-01  3.471876e-04  
   0.4994300  7.824728e-01  4.102360e-04  7.824595e-01  4.102430e-04  7.369644e-01  3.631781e-04  
   0.5204300  7.833519e-01  4.285155e-04  7.833386e-01  4.285226e-04  7.377427e-01  3.793078e-04  
   0.5414300  7.842701e-01  4.469562e-04  7.842566e-01  4.469635e-04  7.385554e-01  3.955735e-04  
   0.5614300  7.851811e-01  4.646686e-04  7.851678e-01  4.646760e-04  7.393615e-01  4.111905e-04  
   0.5824300  7.861763e-01  4.834261e-04  7.861629e-01  4.834337e-04  7.402421e-01  4.277221e-04  
   0.6034300  7.872111e-01  5.023505e-04  7.871977e-01  5.023583e-04  7.411575e-01  4.443933e-04  
   0.6244300  7.882858e-01  5.214476e-04  7.882727e-01  5.214556e-04  7.421085e-01  4.612087e-04  
   0.6454300  7.894014e-01  5.407229e-04  7.893882e-01  5.407312e-04  7.430950e-01  4.781728e-04  
   0.6664300  7.905577e-01  5.601827e-04  7.905443e-01  5.601914e-04  7.441174e-01  4.952907e-04  
   0.6864300  7.916966e-01  5.788941e-04  7.916834e-01  5.789031e-04  7.451246e-01  5.117416e-04  
   0.7074300  7.929333e-01  5.987352e-04  7.929204e-01  5.987445e-04  7.462175e-01  5.291770e-04  
   0.7284300  7.942119e-01  6.187825e-04  7.941988e-01  6.187922e-04  7.473475e-01  5.467833e-04  
   0.7494300  7.955329e-01  6.390443e-04  7.955200e-01  6.390544e-04  7.485148e-01  5.645679e-04  
   0.7704300  7.968966e-01  6.595280e-04  7.968836e-01  6.595384e-04  7.497194e-01  5.825367e-04  
   0.7914300  7.983037e-01  6.802425e-04  7.982905e-01  6.802534e-04  7.509620e-01  6.006971e-04  
   0.8114300  7.996839e-01  7.001928e-04  7.996707e-01  7.002040e-04  7.521805e-01  6.181764e-04  
   0.8324300  8.011761e-01  7.213829e-04  8.011633e-01  7.213944e-04  7.534981e-01  6.367311e-04  
   0.8540300  8.027584e-01  7.434478e-04  8.027456e-01  7.434599e-04  7.548945e-01  6.560386e-04  
   0.8740300  8.042657e-01  7.641301e-04  8.042530e-01  7.641425e-04  7.562245e-01  6.741249e-04  
   0.8950300  8.058934e-01  7.861179e-04  8.058806e-01  7.861307e-04  7.576602e-01  6.933401e-04  
   0.9160300  8.075672e-01  8.083936e-04  8.075545e-01  8.084070e-04  7.591364e-01  7.127934e-04  
   0.9370300  8.092881e-01  8.309687e-04  8.092755e-01  8.309825e-04  7.606540e-01  7.324943e-04  
   0.9580300  8.110569e-01  8.538543e-04  8.110443e-01  8.538688e-04  7.622126e-01  7.524517e-04  
   0.9780300  8.127868e-01  8.759500e-04  8.127740e-01  8.759653e-04  7.637367e-01  7.717064e-04  
   0.9990300  8.146506e-01  8.994769e-04  8.146384e-01  8.994928e-04  7.653787e-01  7.921927e-04  
   1.0200300  8.165645e-01  9.233503e-04  8.165519e-01  9.233666e-04  7.670640e-01  8.129646e-04  
   1.0410300  8.185292e-01  9.475822e-04  8.185168e-01  9.475997e-04  7.687933e-01  8.340320e-04  
   1.0620300  8.205451e-01  9.721870e-04  8.205329e-01  9.722052e-04  7.705675e-01  8.554052e-04  
   1.0830300  8.226132e-01  9.971772e-04  8.226009e-01  9.971964e-04  7.723870e-01  8.770948e-04  
   1.1030300  8.246319e-01  1.021348e-03  8.246198e-01  1.021368e-03  7.741623e-01  8.980556e-04  
   1.1240300  8.268041e-01  1.047130e-03  8.267919e-01  1.047152e-03  7.760719e-01  9.203941e-04  
   1.1450300  8.290309e-01  1.073340e-03  8.290190e-01  1.073362e-03  7.780287e-01  9.430826e-04  
   1.1660300  8.313131e-01  1.099993e-03  8.313013e-01  1.100016e-03  7.800337e-01  9.661327e-04  
   1.1870300  8.336517e-01  1.127104e-03  8.336400e-01  1.127128e-03  7.820877e-01  9.895555e-04  
   1.2080300  8.360481e-01  1.154689e-03  8.360363e-01  1.154715e-03  7.841905e-01  1.013366e-03  
   1.2280300  8.383838e-01  1.181418e-03  8.383721e-01  1.181446e-03  7.862402e-01  1.036413e-03  
   1.2490300  8.408944e-01  1.209982e-03  8.408827e-01  1.210010e-03  7.884423e-01  1.061018e-03  
   1.2706300  8.435402e-01  1.239914e-03  8.435287e-01  1.239944e-03  7.907619e-01  1.086773e-03  
   1.2906300  8.460479e-01  1.268146e-03  8.460365e-01  1.268178e-03  7.929592e-01  1.111039e-03  
   1.3116300  8.487421e-01  1.298346e-03  8.487311e-01  1.298380e-03  7.953194e-01  1.136968e-03  
   1.3326300  8.515004e-01  1.329138e-03  8.514892e-01  1.329173e-03  7.977341e-01  1.163373e-03  
   1.3536299  8.543237e-01  1.360544e-03  8.543127e-01  1.360581e-03  8.002046e-01  1.190274e-03  
   1.3746300  8.572140e-01  1.392589e-03  8.572031e-01  1.392629e-03  8.027325e-01  1.217689e-03  
   1.3946300  8.600302e-01  1.423727e-03  8.600192e-01  1.423768e-03  8.051941e-01  1.244293e-03  
   1.4156300  8.630548e-01  1.457097e-03  8.630438e-01  1.457140e-03  8.078368e-01  1.272767e-03  
   1.4366300  8.661500e-01  1.491184e-03  8.661394e-01  1.491230e-03  8.105400e-01  1.301813e-03  
   1.4576300  8.693182e-01  1.526022e-03  8.693075e-01  1.526069e-03  8.133045e-01  1.331454e-03  
   1.4786299  8.725605e-01  1.561639e-03  8.725500e-01  1.561690e-03  8.161330e-01  1.361711e-03  
   1.4996300  8.758783e-01  1.598072e-03  8.758681e-01  1.598126e-03  8.190255e-01  1.392609e-03  
   1.5196300  8.791101e-01  1.633562e-03  8.790998e-01  1.633618e-03  8.218408e-01  1.422650e-03  
   1.5406300  8.825809e-01  1.671699e-03  8.825707e-01  1.671757e-03  8.248625e-01  1.454866e-03  
   1.5616300  8.861327e-01  1.710775e-03  8.861228e-01  1.710835e-03  8.279526e-01  1.487796e-03  
   1.5826300  8.897672e-01  1.750843e-03  8.897574e-01  1.750907e-03  8.311127e-01  1.521467e-03  
   1.6036299  8.934865e-01  1.791966e-03  8.934768e-01  1.792032e-03  8.343441e-01  1.555909e-03  
   1.6246300  8.972928e-01  1.834220e-03  8.972835e-01  1.834288e-03  8.376487e-01  1.591153e-03  
   1.6446300  9.010005e-01  1.875592e-03  9.009913e-01  1.875664e-03  8.408652e-01  1.625492e-03  
   1.6656300  9.049823e-01  1.920327e-03  9.049733e-01  1.920401e-03  8.443168e-01  1.662395e-03  
   1.6872300  9.091768e-01  1.967859e-03  9.091678e-01  1.967938e-03  8.479490e-01  1.701298e-03  
   1.7072300  9.131511e-01  2.013398e-03  9.131426e-01  2.013481e-03  8.513880e-01  1.738208e-03  
   1.7282300  9.174210e-01  2.062985e-03  9.174123e-01  2.063071e-03  8.550792e-01  1.777926e-03  
   1.7492300  9.217923e-01  2.114620e-03  9.217841e-01  2.114712e-03  8.588545e-01  1.818674e-03  
   1.7702301  9.262683e-01  2.168588e-03  9.262604e-01  2.168684e-03  8.627164e-01  1.860504e-03  
   1.7912300  9.308527e-01  2.225223e-03  9.308448e-01  2.225325e-03  8.666675e-01  1.903465e-03  
   1.8112299  9.353217e-01  2.281996e-03  9.353141e-01  2.282105e-03  8.705154e-01  1.945488e-03  
   1.8322300  9.401257e-01  2.345006e-03  9.401186e-01  2.345122e-03  8.746476e-01  1.990837e-03  
   1.8532300  9.450477e-01  2.411980e-03  9.450402e-01  2.412105e-03  8.788759e-01  2.037510e-03  
   1.8742300  9.500902e-01  2.483454e-03  9.500832e-01  2.483588e-03  8.832040e-01  2.085590e-03  
   1.8952301  9.552577e-01  2.559998e-03  9.552510e-01  2.560141e-03  8.876345e-01  2.135168e-03  
   1.9162300  9.605532e-01  2.642207e-03  9.605467e-01  2.642362e-03  8.921698e-01  2.186349e-03  
   1.9362299  9.657188e-01  2.726325e-03  9.657128e-01  2.726492e-03  8.965898e-01  2.236698e-03  
   1.9572300  9.712749e-01  2.821349e-03  9.712691e-01  2.821529e-03  9.013394e-01  2.291389e-03  
   1.9782300  9.769699e-01  2.923820e-03  9.769645e-01  2.924016e-03  9.062043e-01  2.348124e-03  
   1.9992300  9.828090e-01  3.034310e-03  9.828038e-01  3.034522e-03  9.111871e-01  2.407102e-03  
   2.0202301  9.887957e-01  3.153367e-03  9.887909e-01  3.153596e-03  9.162923e-01  2.468576e-03  
   2.0412300  9.949334e-01  3.281509e-03  9.949290e-01  3.281754e-03  9.215235e-01  2.532834e-03  
   2.0612299  1.000925e+00  3.412457e-03  1.000921e+00  3.412718e-03  9.266268e-01  2.596939e-03  
   2.0822301  1.007374e+00  3.559784e-03  1.007370e+00  3.560063e-03  9.321159e-01  2.667687e-03  
   2.1038301  1.014182e+00  3.722367e-03  1.014178e+00  3.722662e-03  9.379082e-01  2.744620e-03  
   2.1238301  1.020647e+00  3.883415e-03  1.020644e+00  3.883724e-03  9.434066e-01  2.820121e-03  
   2.1448300  1.027611e+00  4.063997e-03  1.027609e+00  4.064319e-03  9.493258e-01  2.904396e-03  
   2.1658299  1.034760e+00  4.257048e-03  1.034758e+00  4.257384e-03  9.553990e-01  2.994460e-03  
   2.1868300  1.042101e+00  4.463414e-03  1.042100e+00  4.463758e-03  9.616330e-01  3.091054e-03  
   2.2078300  1.049641e+00  4.684067e-03  1.049640e+00  4.684420e-03  9.680324e-01  3.194973e-03  
   2.2278299  1.057016e+00  4.908533e-03  1.057015e+00  4.908891e-03  9.742876e-01  3.301537e-03  
   2.2488301  1.064970e+00  5.160490e-03  1.064969e+00  5.160850e-03  9.810292e-01  3.422258e-03  
   2.2698300  1.073146e+00  5.430507e-03  1.073147e+00  5.430866e-03  9.879560e-01  3.552936e-03  
   2.2908299  1.081557e+00  5.720144e-03  1.081558e+00  5.720501e-03  9.950750e-01  3.694528e-03  
   2.3118300  1.090210e+00  6.031057e-03  1.090211e+00  6.031409e-03  1.002394e+00  3.848007e-03  
   2.3328300  1.099115e+00  6.364957e-03  1.099117e+00  6.365305e-03  1.009920e+00  4.014364e-03  
   2.3528299  1.107841e+00  6.705917e-03  1.107844e+00  6.706262e-03  1.017288e+00  4.185708e-03  
   2.3738301  1.117269e+00  7.089676e-03  1.117273e+00  7.090020e-03  1.025243e+00  4.380182e-03  
   2.3948300  1.126983e+00  7.501411e-03  1.126987e+00  7.501754e-03  1.033432e+00  4.590661e-03  
   2.4158299  1.136994e+00  7.942640e-03  1.136999e+00  7.942991e-03  1.041864e+00  4.818337e-03  
   2.4368300  1.147317e+00  8.414743e-03  1.147322e+00  8.415107e-03  1.050551e+00  5.064512e-03  
   2.4578300  1.157966e+00  8.918923e-03  1.157972e+00  8.919313e-03  1.059507e+00  5.330654e-03  
   2.4778299  1.168425e+00  9.429926e-03  1.168431e+00  9.430348e-03  1.068294e+00  5.604226e-03  
   2.4988301  1.179757e+00  9.999822e-03  1.179764e+00  1.000029e-02  1.077808e+00  5.914470e-03  
   2.5204301  1.191808e+00  1.062272e-02  1.191816e+00  1.062325e-02  1.087917e+00  6.260548e-03  
   2.5404301  1.203343e+00  1.123380e-02  1.203353e+00  1.123440e-02  1.097584e+00  6.607951e-03  
   2.5614300  1.215869e+00  1.191246e-02  1.215880e+00  1.191315e-02  1.108069e+00  7.003800e-03  
   2.5824299  1.228845e+00  1.263119e-02  1.228857e+00  1.263197e-02  1.118917e+00  7.435344e-03  
   2.6034300  1.242303e+00  1.339309e-02  1.242316e+00  1.339397e-02  1.130151e+00  7.907290e-03  
   2.6244299  1.256275e+00  1.420253e-02  1.256289e+00  1.420353e-02  1.141791e+00  8.425245e-03  
   2.6444299  1.270095e+00  1.502328e-02  1.270111e+00  1.502441e-02  1.153281e+00  8.967493e-03  
   2.6654301  1.285187e+00  1.594554e-02  1.285205e+00  1.594682e-02  1.165795e+00  9.596014e-03  
   2.6864300  1.300919e+00  1.694098e-02  1.300938e+00  1.694244e-02  1.178797e+00  1.029463e-02  
   2.7074299  1.317345e+00  1.802488e-02  1.317366e+00  1.802657e-02  1.192323e+00  1.107498e-02  
   2.7284300  1.334524e+00  1.921738e-02  1.334548e+00  1.921932e-02  1.206409e+00  1.195099e-02  
   2.7494299  1.352521e+00  2.054467e-02  1.352546e+00  2.054695e-02  1.221092e+00  1.293944e-02  
   2.7694299  1.370487e+00  2.196512e-02  1.370514e+00  2.196779e-02  1.235671e+00  1.400382e-02  
   2.7904301  1.390293e+00  2.366242e-02  1.390324e+00  2.366563e-02  1.251650e+00  1.527383e-02  
   2.8114300  1.411151e+00  2.562484e-02  1.411184e+00  2.562873e-02  1.268366e+00  1.672866e-02  
   2.8324299  1.433152e+00  2.792210e-02  1.433188e+00  2.792684e-02  1.285877e+00  1.840351e-02  
   2.8534300  1.456395e+00  3.064184e-02  1.456434e+00  3.064767e-02  1.304243e+00  2.034096e-02  
   2.8744299  1.480981e+00  3.389328e-02  1.481023e+00  3.390044e-02  1.323530e+00  2.259259e-02  
   2.8944299  1.505740e+00  3.760729e-02  1.505786e+00  3.761603e-02  1.342822e+00  2.508645e-02  
   2.9154301  1.533247e+00  4.231267e-02  1.533297e+00  4.232347e-02  1.364119e+00  2.814498e-02  
   2.9370301  1.563249e+00  4.821791e-02  1.563304e+00  4.823126e-02  1.387223e+00  3.185705e-02  
   2.9570301  1.592648e+00  5.486767e-02  1.592706e+00  5.488383e-02  1.409774e+00  3.591115e-02  
   2.9780300  1.625246e+00  6.333655e-02  1.625308e+00  6.335620e-02  1.434730e+00  4.093803e-02  
   2.9990301  1.659634e+00  7.363376e-02  1.659701e+00  7.365751e-02  1.461070e+00  4.691427e-02  
   3.0200300  1.695786e+00  8.610480e-02  1.695857e+00  8.613332e-02  1.488862e+00  5.403345e-02  
   3.0410299  1.733616e+00  1.011257e-01  1.733691e+00  1.011596e-01  1.518152e+00  6.252338e-02  
   3.0610299  1.771064e+00  1.181644e-01  1.771143e+00  1.182039e-01  1.547464e+00  7.212399e-02  
   3.0820301  1.811645e+00  1.393107e-01  1.811726e+00  1.393569e-01  1.579715e+00  8.408123e-02  
   3.1030300  1.853191e+00  1.641757e-01  1.853276e+00  1.642290e-01  1.613412e+00  9.828413e-02  
   3.1240301  1.895288e+00  1.931167e-01  1.895374e+00  1.931775e-01  1.648439e+00  1.150862e-01  
   3.1450300  1.937418e+00  2.264312e-01  1.937505e+00  2.264995e-01  1.684594e+00  1.348531e-01  
   3.1660299  1.978987e+00  2.643339e-01  1.979073e+00  2.644100e-01  1.721602e+00  1.579484e-01  
   3.1860299  2.017448e+00  3.047959e-01  2.017531e+00  3.048791e-01  1.757302e+00  1.833496e-01  
   3.2070301  2.055966e+00  3.518449e-01  2.056046e+00  3.519351e-01  1.794822e+00  2.138781e-01  
   3.2280300  2.091866e+00  4.034092e-01  2.091942e+00  4.035056e-01  1.831835e+00  2.485725e-01  
   3.2490301  2.124449e+00  4.591795e-01  2.124517e+00  4.592810e-01  1.867716e+00  2.875516e-01  
   3.2700300  2.153075e+00  5.186972e-01  2.153134e+00  5.188027e-01  1.901778e+00  3.308046e-01  
   3.2910299  2.177192e+00  5.813713e-01  2.177244e+00  5.814793e-01  1.933303e+00  3.781740e-01  
   3.3110299  2.195590e+00  6.433554e-01  2.195631e+00  6.434646e-01  1.960317e+00  4.268249e-01  
   3.3320301  2.209846e+00  7.101041e-01  2.209875e+00  7.102125e-01  1.984876e+00  4.811629e-01  
   3.3536301  2.218992e+00  7.796972e-01  2.219009e+00  7.798038e-01  2.005464e+00  5.398774e-01  
   3.3736300  2.222530e+00  8.442290e-01  2.222535e+00  8.443323e-01  2.019863e+00  5.960830e-01  
   3.3946300  2.221358e+00  9.113519e-01  2.221353e+00  9.114506e-01  2.029862e+00  6.561731e-01  
   3.4156301  2.215537e+00  9.771692e-01  2.215521e+00  9.772628e-01  2.034494e+00  7.164696e-01  
   3.4366300  2.205532e+00  1.041132e+00  2.205508e+00  1.041220e+00  2.033834e+00  7.760617e-01  
   3.4576299  2.191881e+00  1.102833e+00  2.191849e+00  1.102915e+00  2.028153e+00  8.340914e-01  
   3.4776299  2.176008e+00  1.159254e+00  2.175969e+00  1.159332e+00  2.018491e+00  8.872135e-01  
   3.4986300  2.156852e+00  1.215921e+00  2.156807e+00  1.215993e+00  2.004462e+00  9.401514e-01  
   3.5196300  2.135644e+00  1.269948e+00  2.135596e+00  1.270016e+00  1.987165e+00  9.897512e-01  
   3.5406301  2.112820e+00  1.321433e+00  2.112770e+00  1.321499e+00  1.967392e+00  1.035774e+00  
   3.5616300  2.088727e+00  1.370537e+00  2.088675e+00  1.370599e+00  1.945946e+00  1.078182e+00  
   3.5826299  2.063626e+00  1.417446e+00  2.063572e+00  1.417508e+00  1.923603e+00  1.117124e+00  
   3.6026299  2.038945e+00  1.460250e+00  2.038890e+00  1.460311e+00  1.902122e+00  1.151273e+00  
   3.6236300  2.012330e+00  1.503374e+00  2.012275e+00  1.503435e+00  1.879914e+00  1.184457e+00  
   3.6446300  1.985084e+00  1.544735e+00  1.985029e+00  1.544797e+00  1.858490e+00  1.215402e+00  
   3.6656301  1.957278e+00  1.584373e+00  1.957221e+00  1.584436e+00  1.838137e+00  1.244640e+00  
   3.6866300  1.929004e+00  1.622274e+00  1.928947e+00  1.622340e+00  1.818990e+00  1.272679e+00  
   3.7076299  1.900396e+00  1.658376e+00  1.900337e+00  1.658444e+00  1.801049e+00  1.299961e+00  
   3.7276299  1.873013e+00  1.691006e+00  1.872951e+00  1.691078e+00  1.784986e+00  1.325556e+00  
   3.7486300  1.844364e+00  1.723342e+00  1.844301e+00  1.723417e+00  1.769033e+00  1.352243e+00  
   3.7702301  1.815346e+00  1.754477e+00  1.815281e+00  1.754558e+00  1.753395e+00  1.379597e+00  
   3.7902300  1.789246e+00  1.781379e+00  1.789179e+00  1.781465e+00  1.739443e+00  1.404831e+00  
   3.8112299  1.763059e+00  1.807704e+00  1.762990e+00  1.807797e+00  1.725219e+00  1.431138e+00  
   3.8322301  1.738573e+00  1.832245e+00  1.738504e+00  1.832344e+00  1.711395e+00  1.457102e+00  
   3.8532300  1.716252e+00  1.855308e+00  1.716182e+00  1.855415e+00  1.698038e+00  1.482565e+00  
   3.8742299  1.696530e+00  1.877348e+00  1.696461e+00  1.877463e+00  1.685329e+00  1.507411e+00  
   3.8942299  1.680500e+00  1.897931e+00  1.680432e+00  1.898052e+00  1.674084e+00  1.530466e+00  
   3.9152300  1.666818e+00  1.919814e+00  1.666752e+00  1.919945e+00  1.663522e+00  1.554117e+00  
   3.9362299  1.656495e+00  1.942817e+00  1.656431e+00  1.942958e+00  1.654632e+00  1.577432e+00  
   3.9572301  1.649496e+00  1.967892e+00  1.649434e+00  1.968044e+00  1.647816e+00  1.600812e+00  
   3.9782300  1.645584e+00  1.996044e+00  1.645524e+00  1.996208e+00  1.643422e+00  1.624833e+00  
   3.9992299  1.644299e+00  2.028293e+00  1.644240e+00  2.028468e+00  1.641695e+00  1.650223e+00  
   4.0192299  1.644887e+00  2.063705e+00  1.644826e+00  2.063895e+00  1.642617e+00  1.676467e+00  
   4.0402298  1.646525e+00  2.106661e+00  1.646460e+00  2.106865e+00  1.646182e+00  1.707101e+00  
   4.0612302  1.648094e+00  2.156228e+00  1.648021e+00  2.156449e+00  1.652079e+00  1.741869e+00  
   4.0822301  1.648282e+00  2.212897e+00  1.648198e+00  2.213136e+00  1.659723e+00  1.781751e+00  
   4.1032300  1.645640e+00  2.276894e+00  1.645541e+00  2.277153e+00  1.668259e+00  1.827657e+00  
   4.1242299  1.638640e+00  2.348154e+00  1.638520e+00  2.348430e+00  1.676568e+00  1.880360e+00  
   4.1442299  1.626503e+00  2.422423e+00  1.626360e+00  2.422718e+00  1.683025e+00  1.937398e+00  
   4.1652298  1.606579e+00  2.506468e+00  1.606406e+00  2.506780e+00  1.686774e+00  2.004786e+00  
   4.1868300  1.576969e+00  2.598379e+00  1.576762e+00  2.598707e+00  1.685611e+00  2.082124e+00  
   4.2068300  1.540163e+00  2.687262e+00  1.539922e+00  2.687602e+00  1.678310e+00  2.160676e+00  
   4.2278299  1.490818e+00  2.783086e+00  1.490537e+00  2.783436e+00  1.662452e+00  2.249646e+00  
   4.2488298  1.429757e+00  2.879872e+00  1.429438e+00  2.880227e+00  1.636517e+00  2.344178e+00  
   4.2698302  1.356481e+00  2.975880e+00  1.356121e+00  2.976235e+00  1.598975e+00  2.442786e+00  
   4.2908301  1.270768e+00  3.069296e+00  1.270371e+00  3.069646e+00  1.548581e+00  2.543618e+00  
   4.3108301  1.177627e+00  3.154181e+00  1.177195e+00  3.154521e+00  1.487836e+00  2.639759e+00  
   4.3318300  1.068057e+00  3.237279e+00  1.067593e+00  3.237603e+00  1.410247e+00  2.738543e+00  
   4.3528299  9.470116e-01  3.312463e+00  9.465182e-01  3.312766e+00  1.318576e+00  2.832654e+00  
   4.3738298  8.153364e-01  3.378053e+00  8.148191e-01  3.378330e+00  1.213411e+00  2.919576e+00  
   4.3948302  6.741200e-01  3.432474e+00  6.735831e-01  3.432721e+00  1.095867e+00  2.996893e+00  
   4.4158301  5.246971e-01  3.474287e+00  5.241465e-01  3.474502e+00  9.675640e-01  3.062410e+00  
   4.4358301  3.761766e-01  3.501226e+00  3.756173e-01  3.501407e+00  8.372335e-01  3.112136e+00  
   4.4568300  2.153995e-01  3.514952e+00  2.148365e-01  3.515094e+00  6.941302e-01  3.149666e+00  
   4.4778299  5.159734e-02  3.512933e+00  5.103570e-02  3.513035e+00  5.471838e-01  3.171231e+00  
   4.4988298  -1.131089e-01  3.494601e+00  -1.136645e-01  3.494665e+00  3.991085e-01  3.176431e+00  
   4.5198302  -2.764711e-01  3.459713e+00  -2.770159e-01  3.459737e+00  2.525948e-01  3.165411e+00  
   4.5408301  -4.361493e-01  3.408380e+00  -4.366793e-01  3.408366e+00  1.102002e-01  3.138846e+00  
   4.5608301  -5.826557e-01  3.344662e+00  -5.831683e-01  3.344616e+00  -1.947867e-02  3.100134e+00  
   4.5818300  -7.284447e-01  3.263061e+00  -7.289360e-01  3.262984e+00  -1.475119e-01  3.046870e+00  
   4.6034298  -8.675918e-01  3.164795e+00  -8.680584e-01  3.164691e+00  -2.688751e-01  2.980487e+00  
   4.6234298  -9.848880e-01  3.062456e+00  -9.853300e-01  3.062332e+00  -3.708224e-01  2.910423e+00  
   4.6444302  -1.094590e+00  2.945250e+00  -1.095005e+00  2.945108e+00  -4.663679e-01  2.829995e+00  
   4.6654301  -1.189368e+00  2.820363e+00  -1.189756e+00  2.820211e+00  -5.498145e-01  2.744609e+00  
   4.6864300  -1.268540e+00  2.690312e+00  -1.268901e+00  2.690156e+00  -6.212139e-01  2.656268e+00  
   4.7074299  -1.331923e+00  2.557688e+00  -1.332259e+00  2.557532e+00  -6.809393e-01  2.566827e+00  
   4.7274299  -1.377889e+00  2.431309e+00  -1.378202e+00  2.431158e+00  -7.275440e-01  2.482120e+00  
   4.7484298  -1.411763e+00  2.300817e+00  -1.412056e+00  2.300675e+00  -7.664790e-01  2.395029e+00  
   4.7694302  -1.432028e+00  2.174659e+00  -1.432303e+00  2.174530e+00  -7.961121e-01  2.310965e+00  
   4.7904301  -1.440129e+00  2.054608e+00  -1.440390e+00  2.054495e+00  -8.174708e-01  2.230829e+00  
   4.8114300  -1.437714e+00  1.942034e+00  -1.437964e+00  1.941938e+00  -8.316088e-01  2.155271e+00  
   4.8324299  -1.426528e+00  1.837902e+00  -1.426771e+00  1.837825e+00  -8.395609e-01  2.084723e+00  
   4.8524299  -1.409312e+00  1.747100e+00  -1.409552e+00  1.747041e+00  -8.422851e-01  2.022408e+00  
   4.8734298  -1.385941e+00  1.660752e+00  -1.386181e+00  1.660712e+00  -8.409304e-01  1.962163e+00  
   4.8944302  -1.358644e+00  1.583530e+00  -1.358886e+00  1.583508e+00  -8.360717e-01  1.907171e+00  
   4.9154301  -1.328760e+00  1.515104e+00  -1.329007e+00  1.515099e+00  -8.284425e-01  1.857268e+00  
   4.9364300  -1.297426e+00  1.454959e+00  -1.297680e+00  1.454970e+00  -8.186807e-01  1.812213e+00  
   4.9574299  -1.265573e+00  1.402460e+00  -1.265835e+00  1.402486e+00  -8.073301e-01  1.771710e+00  
   4.9774299  -1.235427e+00  1.358929e+00  -1.235698e+00  1.358967e+00  -7.954622e-01  1.737070e+00  
   4.9984298  -1.204511e+00  1.319313e+00  -1.204792e+00  1.319363e+00  -7.822545e-01  1.704499e+00  
