w Re-xx Im-xx Re-yy Im-yy Re-zz Im-zz
# Gaussian absolute broadening  0.15 [eV]
   0.0000000  7.685584e-01  8.840655e-05  7.685657e-01  8.840903e-05  7.245249e-01  7.874692e-05  
   0.0200000  7.686584e-01  9.461763e-05  7.686657e-01  9.462055e-05  7.246139e-01  8.427873e-05  
   0.0410000  7.687773e-01  1.016954e-04  7.687846e-01  1.016988e-04  7.247197e-01  9.058213e-05  
   0.0620000  7.689127e-01  1.093789e-04  7.689201e-01  1.093829e-04  7.248404e-01  9.742471e-05  
   0.0830000  7.690665e-01  1.177024e-04  7.690738e-01  1.177070e-04  7.249771e-01  1.048366e-04  
   0.1040000  7.692409e-01  1.266950e-04  7.692482e-01  1.267004e-04  7.251326e-01  1.128439e-04  
   0.1240000  7.694278e-01  1.359029e-04  7.694353e-01  1.359090e-04  7.252994e-01  1.210423e-04  
   0.1450000  7.696486e-01  1.462621e-04  7.696559e-01  1.462691e-04  7.254960e-01  1.302648e-04  
   0.1660000  7.698964e-01  1.573353e-04  7.699038e-01  1.573433e-04  7.257167e-01  1.401223e-04  
   0.1870000  7.701734e-01  1.691191e-04  7.701808e-01  1.691282e-04  7.259632e-01  1.506112e-04  
   0.2080000  7.704818e-01  1.815991e-04  7.704890e-01  1.816092e-04  7.262380e-01  1.617186e-04  
   0.2290000  7.708228e-01  1.947500e-04  7.708303e-01  1.947611e-04  7.265415e-01  1.734215e-04  
   0.2490000  7.711800e-01  2.078661e-04  7.711877e-01  2.078784e-04  7.268598e-01  1.850919e-04  
   0.2700000  7.715901e-01  2.222171e-04  7.715977e-01  2.222306e-04  7.272249e-01  1.978591e-04  
   0.2910000  7.720371e-01  2.371121e-04  7.720445e-01  2.371269e-04  7.276227e-01  2.111082e-04  
   0.3120000  7.725219e-01  2.524975e-04  7.725293e-01  2.525134e-04  7.280544e-01  2.247908e-04  
   0.3330000  7.730446e-01  2.683181e-04  7.730519e-01  2.683353e-04  7.285198e-01  2.388578e-04  
   0.3540000  7.736060e-01  2.845205e-04  7.736135e-01  2.845389e-04  7.290195e-01  2.532610e-04  
   0.3740000  7.741764e-01  3.002608e-04  7.741840e-01  3.002804e-04  7.295269e-01  2.672503e-04  
   0.3950000  7.748128e-01  3.170701e-04  7.748204e-01  3.170907e-04  7.300935e-01  2.821861e-04  
   0.4160000  7.754877e-01  3.341310e-04  7.754955e-01  3.341526e-04  7.306940e-01  2.973416e-04  
   0.4374300  7.762166e-01  3.517686e-04  7.762242e-01  3.517911e-04  7.313426e-01  3.130048e-04  
   0.4574300  7.769324e-01  3.684135e-04  7.769400e-01  3.684367e-04  7.319795e-01  3.277823e-04  
   0.4784300  7.777211e-01  3.860652e-04  7.777289e-01  3.860892e-04  7.326813e-01  3.434491e-04  
   0.4994300  7.785484e-01  4.038838e-04  7.785562e-01  4.039084e-04  7.334172e-01  3.592589e-04  
   0.5204300  7.794138e-01  4.218618e-04  7.794216e-01  4.218868e-04  7.341868e-01  3.752052e-04  
   0.5414300  7.803175e-01  4.399961e-04  7.803255e-01  4.400215e-04  7.349906e-01  3.912846e-04  
   0.5614300  7.812143e-01  4.574117e-04  7.812223e-01  4.574373e-04  7.357880e-01  4.067215e-04  
   0.5824300  7.821940e-01  4.758522e-04  7.822020e-01  4.758782e-04  7.366592e-01  4.230612e-04  
   0.6034300  7.832124e-01  4.944535e-04  7.832205e-01  4.944799e-04  7.375647e-01  4.395374e-04  
   0.6244300  7.842705e-01  5.132213e-04  7.842786e-01  5.132480e-04  7.385051e-01  4.561545e-04  
   0.6454300  7.853684e-01  5.321607e-04  7.853765e-01  5.321878e-04  7.394807e-01  4.729171e-04  
   0.6664300  7.865064e-01  5.512782e-04  7.865144e-01  5.513057e-04  7.404920e-01  4.898303e-04  
   0.6864300  7.876272e-01  5.696565e-04  7.876354e-01  5.696847e-04  7.414879e-01  5.060829e-04  
   0.7074300  7.888442e-01  5.891406e-04  7.888526e-01  5.891699e-04  7.425690e-01  5.233062e-04  
   0.7284300  7.901021e-01  6.088232e-04  7.901105e-01  6.088535e-04  7.436863e-01  5.406971e-04  
   0.7494300  7.914019e-01  6.287120e-04  7.914103e-01  6.287438e-04  7.448406e-01  5.582621e-04  
   0.7704300  7.927433e-01  6.488143e-04  7.927517e-01  6.488477e-04  7.460316e-01  5.760071e-04  
   0.7914300  7.941275e-01  6.691386e-04  7.941357e-01  6.691740e-04  7.472603e-01  5.939393e-04  
   0.8114300  7.954850e-01  6.887084e-04  7.954935e-01  6.887457e-04  7.484652e-01  6.111973e-04  
   0.8324300  7.969531e-01  7.094897e-04  7.969616e-01  7.095293e-04  7.497678e-01  6.295147e-04  
   0.8540300  7.985089e-01  7.311237e-04  7.985176e-01  7.311658e-04  7.511482e-01  6.485732e-04  
   0.8740300  7.999913e-01  7.513972e-04  8.000000e-01  7.514416e-04  7.524630e-01  6.664234e-04  
   0.8950300  8.015918e-01  7.729448e-04  8.016005e-01  7.729917e-04  7.538823e-01  6.853853e-04  
   0.9160300  8.032376e-01  7.947693e-04  8.032464e-01  7.948183e-04  7.553416e-01  7.045794e-04  
   0.9370300  8.049296e-01  8.168811e-04  8.049386e-01  8.169324e-04  7.568413e-01  7.240148e-04  
   0.9580300  8.066682e-01  8.392908e-04  8.066773e-01  8.393441e-04  7.583821e-01  7.437001e-04  
   0.9780300  8.083683e-01  8.609213e-04  8.083776e-01  8.609759e-04  7.598885e-01  7.626893e-04  
   0.9990300  8.102001e-01  8.839454e-04  8.102095e-01  8.840015e-04  7.615111e-01  7.828901e-04  
   1.0200300  8.120809e-01  9.073017e-04  8.120903e-01  9.073586e-04  7.631766e-01  8.033686e-04  
   1.0410300  8.140112e-01  9.310014e-04  8.140206e-01  9.310592e-04  7.648856e-01  8.241347e-04  
   1.0620300  8.159919e-01  9.550574e-04  8.160015e-01  9.551154e-04  7.666388e-01  8.451988e-04  
   1.0830300  8.180235e-01  9.794816e-04  8.180332e-01  9.795396e-04  7.684365e-01  8.665707e-04  
   1.1030300  8.200064e-01  1.003096e-03  8.200161e-01  1.003154e-03  7.701904e-01  8.872211e-04  
   1.1240300  8.221397e-01  1.028277e-03  8.221494e-01  1.028334e-03  7.720770e-01  9.092247e-04  
   1.1450300  8.243262e-01  1.053863e-03  8.243361e-01  1.053921e-03  7.740099e-01  9.315684e-04  
   1.1660300  8.265668e-01  1.079872e-03  8.265769e-01  1.079929e-03  7.759903e-01  9.542633e-04  
   1.1870300  8.288627e-01  1.106315e-03  8.288729e-01  1.106372e-03  7.780190e-01  9.773219e-04  
   1.2080300  8.312143e-01  1.133210e-03  8.312247e-01  1.133267e-03  7.800962e-01  1.000756e-03  
   1.2280300  8.335066e-01  1.159257e-03  8.335170e-01  1.159314e-03  7.821199e-01  1.023435e-03  
   1.2490300  8.359697e-01  1.187078e-03  8.359803e-01  1.187136e-03  7.842943e-01  1.047641e-03  
   1.2706300  8.385654e-01  1.216216e-03  8.385760e-01  1.216276e-03  7.865846e-01  1.072973e-03  
   1.2906300  8.410248e-01  1.243684e-03  8.410357e-01  1.243745e-03  7.887541e-01  1.096834e-03  
   1.3116300  8.436673e-01  1.273051e-03  8.436782e-01  1.273114e-03  7.910838e-01  1.122324e-03  
   1.3326300  8.463710e-01  1.302975e-03  8.463823e-01  1.303040e-03  7.934676e-01  1.148277e-03  
   1.3536299  8.491389e-01  1.333477e-03  8.491501e-01  1.333545e-03  7.959061e-01  1.174709e-03  
   1.3746300  8.519711e-01  1.364578e-03  8.519825e-01  1.364649e-03  7.984006e-01  1.201638e-03  
   1.3946300  8.547303e-01  1.394778e-03  8.547416e-01  1.394852e-03  8.008299e-01  1.227764e-03  
   1.4156300  8.576926e-01  1.427117e-03  8.577046e-01  1.427195e-03  8.034372e-01  1.255717e-03  
   1.4366300  8.607241e-01  1.460125e-03  8.607360e-01  1.460207e-03  8.061040e-01  1.284223e-03  
   1.4576300  8.638259e-01  1.493829e-03  8.638378e-01  1.493914e-03  8.088315e-01  1.313303e-03  
   1.4786299  8.669994e-01  1.528253e-03  8.670115e-01  1.528341e-03  8.116209e-01  1.342978e-03  
   1.4996300  8.702462e-01  1.563425e-03  8.702585e-01  1.563517e-03  8.144736e-01  1.373269e-03  
   1.5196300  8.734071e-01  1.597643e-03  8.734198e-01  1.597737e-03  8.172496e-01  1.402711e-03  
   1.5406300  8.768012e-01  1.634358e-03  8.768140e-01  1.634455e-03  8.202289e-01  1.434272e-03  
   1.5616300  8.802734e-01  1.671907e-03  8.802860e-01  1.672007e-03  8.232751e-01  1.466520e-03  
   1.5826300  8.838249e-01  1.710324e-03  8.838382e-01  1.710426e-03  8.263898e-01  1.499480e-03  
   1.6036299  8.874581e-01  1.749641e-03  8.874713e-01  1.749745e-03  8.295743e-01  1.533180e-03  
   1.6246300  8.911747e-01  1.789894e-03  8.911883e-01  1.790001e-03  8.328305e-01  1.567647e-03  
   1.6446300  8.947939e-01  1.829136e-03  8.948075e-01  1.829245e-03  8.359990e-01  1.601214e-03  
   1.6656300  8.986783e-01  1.871327e-03  8.986923e-01  1.871438e-03  8.393988e-01  1.637269e-03  
   1.6872300  9.027680e-01  1.915826e-03  9.027821e-01  1.915938e-03  8.429758e-01  1.675256e-03  
   1.7072300  9.066411e-01  1.958064e-03  9.066556e-01  1.958179e-03  8.463619e-01  1.711276e-03  
   1.7282300  9.107997e-01  2.003531e-03  9.108145e-01  2.003649e-03  8.499956e-01  1.750010e-03  
   1.7492300  9.150550e-01  2.050194e-03  9.150699e-01  2.050313e-03  8.537112e-01  1.789724e-03  
   1.7702301  9.194098e-01  2.098102e-03  9.194250e-01  2.098225e-03  8.575114e-01  1.830455e-03  
   1.7912300  9.238665e-01  2.147314e-03  9.238821e-01  2.147440e-03  8.613980e-01  1.872253e-03  
   1.8112299  9.282085e-01  2.195449e-03  9.282241e-01  2.195579e-03  8.651825e-01  1.913099e-03  
   1.8322300  9.328723e-01  2.247381e-03  9.328883e-01  2.247514e-03  8.692453e-01  1.957125e-03  
   1.8532300  9.376475e-01  2.300801e-03  9.376640e-01  2.300938e-03  8.734016e-01  2.002371e-03  
   1.8742300  9.425365e-01  2.355783e-03  9.425531e-01  2.355925e-03  8.776549e-01  2.048901e-03  
   1.8952301  9.475434e-01  2.412402e-03  9.475600e-01  2.412549e-03  8.820072e-01  2.096776e-03  
   1.9162300  9.526706e-01  2.470738e-03  9.526881e-01  2.470891e-03  8.864610e-01  2.146065e-03  
   1.9362299  9.576691e-01  2.527975e-03  9.576868e-01  2.528132e-03  8.907999e-01  2.194389e-03  
   1.9572300  9.630423e-01  2.589928e-03  9.630601e-01  2.590091e-03  8.954605e-01  2.246657e-03  
   1.9782300  9.685481e-01  2.653883e-03  9.685665e-01  2.654052e-03  9.002327e-01  2.300576e-03  
   1.9992300  9.741890e-01  2.719953e-03  9.742077e-01  2.720129e-03  9.051176e-01  2.356240e-03  
   2.0202301  9.799712e-01  2.788265e-03  9.799901e-01  2.788448e-03  9.101207e-01  2.413754e-03  
   2.0412300  9.858971e-01  2.858955e-03  9.859168e-01  2.859145e-03  9.152451e-01  2.473230e-03  
   2.0612299  9.916803e-01  2.928630e-03  9.917000e-01  2.928828e-03  9.202409e-01  2.531816e-03  
   2.0822301  9.979033e-01  3.004421e-03  9.979237e-01  3.004628e-03  9.256122e-01  2.595504e-03  
   2.1038301  1.004472e+00  3.085390e-03  1.004493e+00  3.085604e-03  9.312761e-01  2.663496e-03  
   2.1238301  1.010709e+00  3.163276e-03  1.010731e+00  3.163499e-03  9.366502e-01  2.728862e-03  
   2.1448300  1.017427e+00  3.248302e-03  1.017448e+00  3.248535e-03  9.424318e-01  2.800180e-03  
   2.1658299  1.024321e+00  3.336907e-03  1.024344e+00  3.337150e-03  9.483603e-01  2.874458e-03  
   2.1868300  1.031402e+00  3.429382e-03  1.031425e+00  3.429635e-03  9.544420e-01  2.951943e-03  
   2.2078300  1.038674e+00  3.526038e-03  1.038697e+00  3.526303e-03  9.606816e-01  3.032897e-03  
   2.2278299  1.045785e+00  3.622302e-03  1.045809e+00  3.622583e-03  9.667770e-01  3.113494e-03  
   2.2488301  1.053455e+00  3.728178e-03  1.053479e+00  3.728469e-03  9.733430e-01  3.202103e-03  
   2.2698300  1.061339e+00  3.839375e-03  1.061364e+00  3.839683e-03  9.800857e-01  3.295139e-03  
   2.2908299  1.069449e+00  3.956368e-03  1.069474e+00  3.956693e-03  9.870126e-01  3.392993e-03  
   2.3118300  1.077793e+00  4.079661e-03  1.077819e+00  4.080004e-03  9.941310e-01  3.496089e-03  
   2.3328300  1.086381e+00  4.209811e-03  1.086408e+00  4.210170e-03  1.001447e+00  3.604884e-03  
   2.3528299  1.094797e+00  4.340689e-03  1.094824e+00  4.341067e-03  1.008608e+00  3.714258e-03  
   2.3738301  1.103893e+00  4.486020e-03  1.103921e+00  4.486419e-03  1.016336e+00  3.835678e-03  
   2.3948300  1.113267e+00  4.640155e-03  1.113296e+00  4.640577e-03  1.024290e+00  3.964422e-03  
   2.4158299  1.122932e+00  4.803885e-03  1.122961e+00  4.804332e-03  1.032477e+00  4.101153e-03  
   2.4368300  1.132902e+00  4.978074e-03  1.132932e+00  4.978547e-03  1.040910e+00  4.246603e-03  
   2.4578300  1.143191e+00  5.163671e-03  1.143223e+00  5.164172e-03  1.049599e+00  4.401585e-03  
   2.4778299  1.153304e+00  5.352007e-03  1.153336e+00  5.352535e-03  1.058124e+00  4.558880e-03  
   2.4988301  1.164268e+00  5.563050e-03  1.164301e+00  5.563611e-03  1.067351e+00  4.735204e-03  
   2.5204301  1.175934e+00  5.795720e-03  1.175969e+00  5.796319e-03  1.077150e+00  4.929706e-03  
   2.5404301  1.187109e+00  6.026695e-03  1.187144e+00  6.027331e-03  1.086517e+00  5.122927e-03  
   2.5614300  1.199250e+00  6.287034e-03  1.199287e+00  6.287711e-03  1.096673e+00  5.340883e-03  
   2.5824299  1.211834e+00  6.567688e-03  1.211872e+00  6.568415e-03  1.107177e+00  5.576042e-03  
   2.6034300  1.224891e+00  6.871210e-03  1.224930e+00  6.871989e-03  1.118047e+00  5.830516e-03  
   2.6244299  1.238451e+00  7.200695e-03  1.238491e+00  7.201537e-03  1.129307e+00  6.106803e-03  
   2.6444299  1.251865e+00  7.542198e-03  1.251906e+00  7.543101e-03  1.140417e+00  6.392987e-03  
   2.6654301  1.266512e+00  7.934636e-03  1.266555e+00  7.935612e-03  1.152510e+00  6.721243e-03  
   2.6864300  1.281779e+00  8.368091e-03  1.281823e+00  8.369158e-03  1.165074e+00  7.082449e-03  
   2.7074299  1.297715e+00  8.851103e-03  1.297761e+00  8.852268e-03  1.178141e+00  7.482395e-03  
   2.7284300  1.314376e+00  9.395101e-03  1.314424e+00  9.396386e-03  1.191749e+00  7.928458e-03  
   2.7494299  1.331826e+00  1.001556e-02  1.331875e+00  1.001699e-02  1.205937e+00  8.430135e-03  
   2.7694299  1.349241e+00  1.069677e-02  1.349293e+00  1.069836e-02  1.220031e+00  8.970855e-03  
   2.7904301  1.368442e+00  1.153418e-02  1.368497e+00  1.153598e-02  1.235490e+00  9.619965e-03  
   2.8114300  1.388670e+00  1.253452e-02  1.388727e+00  1.253660e-02  1.251681e+00  1.037267e-02  
   2.8324299  1.410025e+00  1.374943e-02  1.410085e+00  1.375188e-02  1.268667e+00  1.125560e-02  
   2.8534300  1.432618e+00  1.524777e-02  1.432681e+00  1.525070e-02  1.286518e+00  1.230318e-02  
   2.8744299  1.456571e+00  1.712019e-02  1.456637e+00  1.712376e-02  1.305311e+00  1.355958e-02  
   2.8944299  1.480762e+00  1.935861e-02  1.480832e+00  1.936300e-02  1.324159e+00  1.500180e-02  
   2.9154301  1.507739e+00  2.233040e-02  1.507812e+00  2.233593e-02  1.345036e+00  1.684240e-02  
   2.9370301  1.537305e+00  2.624511e-02  1.537383e+00  2.625222e-02  1.367768e+00  1.917688e-02  
   2.9570301  1.566437e+00  3.086030e-02  1.566519e+00  3.086932e-02  1.390047e+00  2.184144e-02  
   2.9780300  1.598938e+00  3.699785e-02  1.599025e+00  3.700946e-02  1.414810e+00  2.529231e-02  
   2.9990301  1.633467e+00  4.477572e-02  1.633559e+00  4.479062e-02  1.441073e+00  2.957603e-02  
   3.0200300  1.670044e+00  5.456119e-02  1.670140e+00  5.458027e-02  1.468922e+00  3.489224e-02  
   3.0410299  1.708629e+00  6.676203e-02  1.708731e+00  6.678630e-02  1.498430e+00  4.147758e-02  
   3.0610299  1.747138e+00  8.102765e-02  1.747245e+00  8.105782e-02  1.528117e+00  4.918071e-02  
   3.0820301  1.789222e+00  9.921868e-02  1.789334e+00  9.925623e-02  1.560962e+00  5.907274e-02  
   3.1030300  1.832690e+00  1.211389e-01  1.832806e+00  1.211850e-01  1.595480e+00  7.115509e-02  
   3.1240301  1.877127e+00  1.472050e-01  1.877249e+00  1.472610e-01  1.631573e+00  8.580553e-02  
   3.1450300  1.922006e+00  1.777745e-01  1.922130e+00  1.778412e-01  1.669058e+00  1.034199e-01  
   3.1660299  1.966698e+00  2.131181e-01  1.966825e+00  2.131967e-01  1.707669e+00  1.243981e-01  
   3.1860299  2.008440e+00  2.513608e-01  2.008569e+00  2.514512e-01  1.745152e+00  1.478557e-01  
   3.2070301  2.050667e+00  2.963463e-01  2.050797e+00  2.964493e-01  1.784810e+00  1.764693e-01  
   3.2280300  2.090477e+00  3.461471e-01  2.090606e+00  3.462626e-01  1.824217e+00  2.094355e-01  
   3.2490301  2.127090e+00  4.004693e-01  2.127218e+00  4.005967e-01  1.862718e+00  2.469395e-01  
   3.2700300  2.159787e+00  4.588570e-01  2.159913e+00  4.589951e-01  1.899584e+00  2.890424e-01  
   3.2910299  2.187947e+00  5.207127e-01  2.188071e+00  5.208600e-01  1.934047e+00  3.356616e-01  
   3.3110299  2.210105e+00  5.821940e-01  2.210226e+00  5.823480e-01  1.963919e+00  3.840382e-01  
   3.3320301  2.228162e+00  6.486883e-01  2.228279e+00  6.488472e-01  1.991469e+00  4.386163e-01  
   3.3536301  2.241024e+00  7.182950e-01  2.241138e+00  7.184563e-01  2.015028e+00  4.982003e-01  
   3.3736300  2.247803e+00  7.830754e-01  2.247913e+00  7.832363e-01  2.031999e+00  5.558101e-01  
   3.3946300  2.249822e+00  8.506960e-01  2.249929e+00  8.508539e-01  2.044423e+00  6.180056e-01  
   3.4156301  2.246975e+00  9.172520e-01  2.247078e+00  9.174048e-01  2.051108e+00  6.810341e-01  
   3.4366300  2.239745e+00  9.821995e-01  2.239846e+00  9.823452e-01  2.052051e+00  7.439277e-01  
   3.4576299  2.228691e+00  1.045141e+00  2.228787e+00  1.045278e+00  2.047466e+00  8.057346e-01  
   3.4776299  2.215143e+00  1.102991e+00  2.215237e+00  1.103119e+00  2.038341e+00  8.627776e-01  
   3.4986300  2.198301e+00  1.161426e+00  2.198391e+00  1.161544e+00  2.024341e+00  9.200197e-01  
   3.5196300  2.179295e+00  1.217504e+00  2.179382e+00  1.217611e+00  2.006551e+00  9.739407e-01  
   3.5406301  2.158581e+00  1.271319e+00  2.158661e+00  1.271416e+00  1.985817e+00  1.024119e+00  
   3.5616300  2.136510e+00  1.323021e+00  2.136583e+00  1.323109e+00  1.963035e+00  1.070343e+00  
   3.5826299  2.113344e+00  1.372781e+00  2.113408e+00  1.372861e+00  1.939085e+00  1.112614e+00  
   3.6026299  2.090419e+00  1.418507e+00  2.090474e+00  1.418581e+00  1.915940e+00  1.149379e+00  
   3.6236300  2.065544e+00  1.464887e+00  2.065584e+00  1.464955e+00  1.891958e+00  1.184669e+00  
   3.6446300  2.039900e+00  1.509653e+00  2.039926e+00  1.509716e+00  1.868852e+00  1.217052e+00  
   3.6656301  2.013528e+00  1.552807e+00  2.013538e+00  1.552865e+00  1.847004e+00  1.247100e+00  
   3.6866300  1.986489e+00  1.594288e+00  1.986483e+00  1.594342e+00  1.826621e+00  1.275410e+00  
   3.7076299  1.958879e+00  1.633991e+00  1.958856e+00  1.634041e+00  1.807743e+00  1.302546e+00  
   3.7276299  1.932200e+00  1.670034e+00  1.932161e+00  1.670079e+00  1.791080e+00  1.327744e+00  
   3.7486300  1.904009e+00  1.705898e+00  1.903954e+00  1.705938e+00  1.774786e+00  1.353885e+00  
   3.7702301  1.875148e+00  1.740571e+00  1.875079e+00  1.740606e+00  1.759076e+00  1.380687e+00  
   3.7902300  1.848910e+00  1.770638e+00  1.848829e+00  1.770667e+00  1.745262e+00  1.405528e+00  
   3.8112299  1.822299e+00  1.800152e+00  1.822209e+00  1.800175e+00  1.731348e+00  1.431630e+00  
   3.8322301  1.797131e+00  1.827729e+00  1.797036e+00  1.827744e+00  1.717950e+00  1.457655e+00  
   3.8532300  1.773909e+00  1.853665e+00  1.773812e+00  1.853672e+00  1.705087e+00  1.483460e+00  
   3.8742299  1.753113e+00  1.878411e+00  1.753018e+00  1.878412e+00  1.692899e+00  1.508901e+00  
   3.8942299  1.735946e+00  1.901418e+00  1.735855e+00  1.901414e+00  1.682143e+00  1.532711e+00  
   3.9152300  1.720996e+00  1.925697e+00  1.720915e+00  1.925688e+00  1.672056e+00  1.557270e+00  
   3.9362299  1.709372e+00  1.950954e+00  1.709302e+00  1.950941e+00  1.663576e+00  1.581509e+00  
   3.9572301  1.701076e+00  1.978157e+00  1.701019e+00  1.978143e+00  1.657083e+00  1.605719e+00  
   3.9782300  1.695892e+00  2.008335e+00  1.695850e+00  2.008323e+00  1.652907e+00  1.630356e+00  
   3.9992299  1.693374e+00  2.042533e+00  1.693347e+00  2.042525e+00  1.651282e+00  1.656043e+00  
   4.0192299  1.692821e+00  2.079758e+00  1.692807e+00  2.079755e+00  1.652190e+00  1.682187e+00  
   4.0402298  1.693280e+00  2.124599e+00  1.693278e+00  2.124606e+00  1.655632e+00  1.712249e+00  
   4.0612302  1.693665e+00  2.176072e+00  1.693671e+00  2.176090e+00  1.661319e+00  1.745928e+00  
   4.0822301  1.692627e+00  2.234704e+00  1.692637e+00  2.234736e+00  1.668700e+00  1.784199e+00  
   4.1032300  1.688670e+00  2.300764e+00  1.688678e+00  2.300811e+00  1.676970e+00  1.828002e+00  
   4.1242299  1.680212e+00  2.374223e+00  1.680212e+00  2.374285e+00  1.685073e+00  1.878176e+00  
   4.1442299  1.666504e+00  2.450746e+00  1.666492e+00  2.450821e+00  1.691451e+00  1.932499e+00  
   4.1652298  1.644684e+00  2.537349e+00  1.644652e+00  2.537437e+00  1.695306e+00  1.996827e+00  
   4.1868300  1.612812e+00  2.632109e+00  1.612754e+00  2.632209e+00  1.694519e+00  2.070940e+00  
   4.2068300  1.573594e+00  2.723822e+00  1.573506e+00  2.723932e+00  1.687850e+00  2.146570e+00  
   4.2278299  1.521364e+00  2.822799e+00  1.521239e+00  2.822914e+00  1.672977e+00  2.232677e+00  
   4.2488298  1.457056e+00  2.922874e+00  1.456891e+00  2.922992e+00  1.648359e+00  2.324683e+00  
   4.2698302  1.380187e+00  3.022241e+00  1.379980e+00  3.022358e+00  1.612442e+00  2.421215e+00  
   4.2908301  1.290583e+00  3.118998e+00  1.290331e+00  3.119112e+00  1.563934e+00  2.520510e+00  
   4.3108301  1.193518e+00  3.206958e+00  1.193222e+00  3.207065e+00  1.505160e+00  2.615740e+00  
   4.3318300  1.079682e+00  3.293060e+00  1.079341e+00  3.293159e+00  1.429745e+00  2.714178e+00  
   4.3528299  9.543171e-01  3.370904e+00  9.539329e-01  3.370994e+00  1.340266e+00  2.808568e+00  
   4.3738298  8.183758e-01  3.438696e+00  8.179518e-01  3.438773e+00  1.237223e+00  2.896374e+00  
   4.3948302  6.730515e-01  3.494751e+00  6.725924e-01  3.494818e+00  1.121656e+00  2.975138e+00  
   4.4158301  5.197744e-01  3.537539e+00  5.192859e-01  3.537596e+00  9.951259e-01  3.042611e+00  
   4.4358301  3.678919e-01  3.564723e+00  3.673811e-01  3.564771e+00  8.662609e-01  3.094620e+00  
   4.4568300  2.039641e-01  3.577938e+00  2.034374e-01  3.577979e+00  7.244412e-01  3.134929e+00  
   4.4778299  3.743160e-02  3.574594e+00  3.689694e-02  3.574628e+00  5.785124e-01  3.159608e+00  
   4.4988298  -1.295781e-01  3.554122e+00  -1.301126e-01  3.554151e+00  4.311858e-01  3.168201e+00  
   4.5198302  -2.948352e-01  3.516295e+00  -2.953618e-01  3.516320e+00  2.851444e-01  3.160803e+00  
   4.5408301  -4.560397e-01  3.461273e+00  -4.565508e-01  3.461295e+00  1.429246e-01  3.138032e+00  
   4.5608301  -6.037075e-01  3.393408e+00  -6.041981e-01  3.393428e+00  1.309619e-02  3.103040e+00  
   4.5818300  -7.504699e-01  3.306868e+00  -7.509339e-01  3.306885e+00  -1.154896e-01  3.053718e+00  
   4.6034298  -8.904226e-01  3.203003e+00  -8.908557e-01  3.203019e+00  -2.379328e-01  2.991330e+00  
   4.6234298  -1.008344e+00  3.095116e+00  -1.008747e+00  3.095130e+00  -3.414338e-01  2.924802e+00  
   4.6444302  -1.118623e+00  2.971821e+00  -1.118995e+00  2.971831e+00  -4.392757e-01  2.847786e+00  
   4.6654301  -1.213931e+00  2.840689e+00  -1.214273e+00  2.840696e+00  -5.257764e-01  2.765355e+00  
   4.6864300  -1.293603e+00  2.704353e+00  -1.293919e+00  2.704354e+00  -6.010339e-01  2.679359e+00  
   4.7074299  -1.357454e+00  2.565503e+00  -1.357750e+00  2.565497e+00  -6.654227e-01  2.591501e+00  
   4.7274299  -1.403826e+00  2.433335e+00  -1.404107e+00  2.433321e+00  -7.171735e-01  2.507485e+00  
   4.7484298  -1.438062e+00  2.296987e+00  -1.438334e+00  2.296963e+00  -7.621588e-01  2.420169e+00  
   4.7694302  -1.458594e+00  2.165261e+00  -1.458864e+00  2.165225e+00  -7.983662e-01  2.334859e+00  
   4.7904301  -1.466840e+00  2.039978e+00  -1.467113e+00  2.039929e+00  -8.266510e-01  2.252453e+00  
   4.8114300  -1.464424e+00  1.922543e+00  -1.464706e+00  1.922477e+00  -8.478782e-01  2.173650e+00  
   4.8324299  -1.453074e+00  1.813938e+00  -1.453368e+00  1.813855e+00  -8.628934e-01  2.098967e+00  
   4.8524299  -1.435542e+00  1.719246e+00  -1.435851e+00  1.719146e+00  -8.721576e-01  2.031998e+00  
   4.8734298  -1.411672e+00  1.629202e+00  -1.411998e+00  1.629082e+00  -8.773279e-01  1.966252e+00  
   4.8944302  -1.383713e+00  1.548675e+00  -1.384056e+00  1.548535e+00  -8.785253e-01  1.905283e+00  
   4.9154301  -1.353019e+00  1.477324e+00  -1.353379e+00  1.477161e+00  -8.763972e-01  1.849082e+00  
   4.9364300  -1.320748e+00  1.414614e+00  -1.321124e+00  1.414430e+00  -8.715309e-01  1.797551e+00  
   4.9574299  -1.287854e+00  1.359894e+00  -1.288244e+00  1.359687e+00  -8.644514e-01  1.750526e+00  
   4.9774299  -1.256642e+00  1.314545e+00  -1.257044e+00  1.314318e+00  -8.560786e-01  1.709731e+00  
   4.9984298  -1.224552e+00  1.273313e+00  -1.224962e+00  1.273065e+00  -8.459666e-01  1.670843e+00  
