w Re-xx Im-xx Re-yy Im-yy Re-zz Im-zz
# Gaussian absolute broadening  0.15 [eV]
   0.0000000  7.682548e-01  8.830979e-05  7.682551e-01  8.830980e-05  7.244609e-01  7.880922e-05  
   0.0200000  7.683547e-01  9.451419e-05  7.683550e-01  9.451422e-05  7.245499e-01  8.434508e-05  
   0.0410000  7.684733e-01  1.015843e-04  7.684736e-01  1.015843e-04  7.246558e-01  9.065307e-05  
   0.0620000  7.686086e-01  1.092598e-04  7.686090e-01  1.092598e-04  7.247767e-01  9.750065e-05  
   0.0830000  7.687625e-01  1.175744e-04  7.687628e-01  1.175745e-04  7.249136e-01  1.049179e-04  
   0.1040000  7.689368e-01  1.265576e-04  7.689369e-01  1.265577e-04  7.250691e-01  1.129311e-04  
   0.1240000  7.691234e-01  1.357559e-04  7.691239e-01  1.357560e-04  7.252358e-01  1.211355e-04  
   0.1450000  7.693437e-01  1.461042e-04  7.693442e-01  1.461044e-04  7.254328e-01  1.303648e-04  
   0.1660000  7.695913e-01  1.571659e-04  7.695917e-01  1.571662e-04  7.256535e-01  1.402295e-04  
   0.1870000  7.698681e-01  1.689375e-04  7.698686e-01  1.689379e-04  7.259005e-01  1.507261e-04  
   0.2080000  7.701762e-01  1.814046e-04  7.701766e-01  1.814051e-04  7.261751e-01  1.618416e-04  
   0.2290000  7.705170e-01  1.945418e-04  7.705173e-01  1.945425e-04  7.264792e-01  1.735531e-04  
   0.2490000  7.708740e-01  2.076443e-04  7.708743e-01  2.076453e-04  7.267975e-01  1.852320e-04  
   0.2700000  7.712834e-01  2.219805e-04  7.712839e-01  2.219818e-04  7.271628e-01  1.980086e-04  
   0.2910000  7.717298e-01  2.368600e-04  7.717302e-01  2.368617e-04  7.275608e-01  2.112672e-04  
   0.3120000  7.722142e-01  2.522293e-04  7.722146e-01  2.522316e-04  7.279928e-01  2.249597e-04  
   0.3330000  7.727364e-01  2.680332e-04  7.727370e-01  2.680362e-04  7.284587e-01  2.390368e-04  
   0.3540000  7.732971e-01  2.842184e-04  7.732976e-01  2.842222e-04  7.289584e-01  2.534505e-04  
   0.3740000  7.738669e-01  2.999420e-04  7.738675e-01  2.999467e-04  7.294666e-01  2.674497e-04  
   0.3950000  7.745025e-01  3.167331e-04  7.745032e-01  3.167391e-04  7.300335e-01  2.823963e-04  
   0.4160000  7.751766e-01  3.337755e-04  7.751772e-01  3.337828e-04  7.306345e-01  2.975625e-04  
   0.4374300  7.759048e-01  3.513937e-04  7.759055e-01  3.514025e-04  7.312834e-01  3.132370e-04  
   0.4574300  7.766197e-01  3.680202e-04  7.766205e-01  3.680305e-04  7.319207e-01  3.280253e-04  
   0.4784300  7.774079e-01  3.856523e-04  7.774085e-01  3.856643e-04  7.326232e-01  3.437035e-04  
   0.4994300  7.782342e-01  4.034509e-04  7.782350e-01  4.034648e-04  7.333595e-01  3.595249e-04  
   0.5204300  7.790988e-01  4.214089e-04  7.790995e-01  4.214246e-04  7.341297e-01  3.754832e-04  
   0.5414300  7.800018e-01  4.395227e-04  7.800026e-01  4.395402e-04  7.349342e-01  3.915747e-04  
   0.5614300  7.808974e-01  4.569186e-04  7.808982e-01  4.569379e-04  7.357323e-01  4.070234e-04  
   0.5824300  7.818761e-01  4.753380e-04  7.818770e-01  4.753593e-04  7.366039e-01  4.233757e-04  
   0.6034300  7.828933e-01  4.939183e-04  7.828942e-01  4.939411e-04  7.375099e-01  4.398650e-04  
   0.6244300  7.839506e-01  5.126647e-04  7.839513e-01  5.126894e-04  7.384511e-01  4.564954e-04  
   0.6454300  7.850471e-01  5.315827e-04  7.850481e-01  5.316087e-04  7.394275e-01  4.732715e-04  
   0.6664300  7.861837e-01  5.506784e-04  7.861847e-01  5.507058e-04  7.404392e-01  4.901987e-04  
   0.6864300  7.873034e-01  5.690358e-04  7.873045e-01  5.690645e-04  7.414362e-01  5.064646e-04  
   0.7074300  7.885192e-01  5.884979e-04  7.885202e-01  5.885276e-04  7.425178e-01  5.237023e-04  
   0.7284300  7.897757e-01  6.081582e-04  7.897767e-01  6.081888e-04  7.436361e-01  5.411077e-04  
   0.7494300  7.910740e-01  6.280242e-04  7.910752e-01  6.280557e-04  7.447910e-01  5.586874e-04  
   0.7704300  7.924139e-01  6.481035e-04  7.924151e-01  6.481357e-04  7.459831e-01  5.764475e-04  
   0.7914300  7.937965e-01  6.684045e-04  7.937979e-01  6.684369e-04  7.472128e-01  5.943948e-04  
   0.8114300  7.951525e-01  6.879517e-04  7.951539e-01  6.879846e-04  7.484186e-01  6.116676e-04  
   0.8324300  7.966190e-01  7.087092e-04  7.966205e-01  7.087424e-04  7.497222e-01  6.300005e-04  
   0.8540300  7.981734e-01  7.303179e-04  7.981747e-01  7.303510e-04  7.511037e-01  6.490752e-04  
   0.8740300  7.996540e-01  7.505677e-04  7.996556e-01  7.506005e-04  7.524196e-01  6.669411e-04  
   0.8950300  8.012528e-01  7.720900e-04  8.012542e-01  7.721228e-04  7.538399e-01  6.859194e-04  
   0.9160300  8.028966e-01  7.938882e-04  8.028982e-01  7.939205e-04  7.553003e-01  7.051307e-04  
   0.9370300  8.045865e-01  8.159730e-04  8.045883e-01  8.160050e-04  7.568013e-01  7.245835e-04  
   0.9580300  8.063233e-01  8.383549e-04  8.063251e-01  8.383867e-04  7.583431e-01  7.442871e-04  
   0.9780300  8.080214e-01  8.599581e-04  8.080235e-01  8.599895e-04  7.598506e-01  7.632941e-04  
   0.9990300  8.098515e-01  8.829531e-04  8.098534e-01  8.829840e-04  7.614746e-01  7.835142e-04  
   1.0200300  8.117301e-01  9.062788e-04  8.117321e-01  9.063098e-04  7.631414e-01  8.040129e-04  
   1.0410300  8.136581e-01  9.299468e-04  8.136600e-01  9.299782e-04  7.648517e-01  8.248001e-04  
   1.0620300  8.156366e-01  9.539698e-04  8.156387e-01  9.540016e-04  7.666063e-01  8.458860e-04  
   1.0830300  8.176657e-01  9.783603e-04  8.176680e-01  9.783928e-04  7.684054e-01  8.672806e-04  
   1.1030300  8.196462e-01  1.001942e-03  8.196487e-01  1.001975e-03  7.701608e-01  8.879531e-04  
   1.1240300  8.217772e-01  1.027086e-03  8.217795e-01  1.027120e-03  7.720490e-01  9.099809e-04  
   1.1450300  8.239610e-01  1.052635e-03  8.239636e-01  1.052672e-03  7.739837e-01  9.323495e-04  
   1.1660300  8.261991e-01  1.078605e-03  8.262017e-01  1.078644e-03  7.759656e-01  9.550704e-04  
   1.1870300  8.284920e-01  1.105010e-03  8.284948e-01  1.105050e-03  7.779958e-01  9.781551e-04  
   1.2080300  8.308409e-01  1.131864e-03  8.308439e-01  1.131906e-03  7.800748e-01  1.001617e-03  
   1.2280300  8.331304e-01  1.157871e-03  8.331335e-01  1.157916e-03  7.821006e-01  1.024322e-03  
   1.2490300  8.355908e-01  1.185651e-03  8.355938e-01  1.185697e-03  7.842768e-01  1.048557e-03  
   1.2706300  8.381832e-01  1.214744e-03  8.381864e-01  1.214793e-03  7.865689e-01  1.073919e-03  
   1.2906300  8.406397e-01  1.242170e-03  8.406429e-01  1.242220e-03  7.887404e-01  1.097810e-03  
   1.3116300  8.432786e-01  1.271492e-03  8.432821e-01  1.271544e-03  7.910723e-01  1.123332e-03  
   1.3326300  8.459796e-01  1.301369e-03  8.459831e-01  1.301423e-03  7.934582e-01  1.149317e-03  
   1.3536299  8.487436e-01  1.331823e-03  8.487474e-01  1.331879e-03  7.958987e-01  1.175783e-03  
   1.3746300  8.515725e-01  1.362876e-03  8.515763e-01  1.362933e-03  7.983957e-01  1.202747e-03  
   1.3946300  8.543279e-01  1.393027e-03  8.543319e-01  1.393086e-03  8.008270e-01  1.228907e-03  
   1.4156300  8.572868e-01  1.425314e-03  8.572910e-01  1.425375e-03  8.034369e-01  1.256898e-03  
   1.4366300  8.603143e-01  1.458269e-03  8.603189e-01  1.458331e-03  8.061059e-01  1.285443e-03  
   1.4576300  8.634122e-01  1.491917e-03  8.634166e-01  1.491981e-03  8.088362e-01  1.314563e-03  
   1.4786299  8.665816e-01  1.526283e-03  8.665863e-01  1.526349e-03  8.116283e-01  1.344279e-03  
   1.4996300  8.698241e-01  1.561395e-03  8.698289e-01  1.561463e-03  8.144836e-01  1.374613e-03  
   1.5196300  8.729812e-01  1.595554e-03  8.729861e-01  1.595624e-03  8.172625e-01  1.404097e-03  
   1.5406300  8.763707e-01  1.632205e-03  8.763757e-01  1.632278e-03  8.202447e-01  1.435705e-03  
   1.5616300  8.798381e-01  1.669688e-03  8.798434e-01  1.669763e-03  8.232940e-01  1.468000e-03  
   1.5826300  8.833851e-01  1.708036e-03  8.833905e-01  1.708113e-03  8.264116e-01  1.501008e-03  
   1.6036299  8.870133e-01  1.747281e-03  8.870189e-01  1.747362e-03  8.295994e-01  1.534758e-03  
   1.6246300  8.907249e-01  1.787461e-03  8.907309e-01  1.787545e-03  8.328589e-01  1.569276e-03  
   1.6446300  8.943387e-01  1.826630e-03  8.943449e-01  1.826717e-03  8.360306e-01  1.602894e-03  
   1.6656300  8.982183e-01  1.868743e-03  8.982243e-01  1.868834e-03  8.394340e-01  1.639003e-03  
   1.6872300  9.023020e-01  1.913156e-03  9.023083e-01  1.913252e-03  8.430150e-01  1.677047e-03  
   1.7072300  9.061701e-01  1.955312e-03  9.061768e-01  1.955413e-03  8.464046e-01  1.713122e-03  
   1.7282300  9.103228e-01  2.000692e-03  9.103296e-01  2.000798e-03  8.500420e-01  1.751915e-03  
   1.7492300  9.145722e-01  2.047263e-03  9.145795e-01  2.047375e-03  8.537620e-01  1.791687e-03  
   1.7702301  9.189205e-01  2.095078e-03  9.189277e-01  2.095195e-03  8.575661e-01  1.832480e-03  
   1.7912300  9.233709e-01  2.144194e-03  9.233782e-01  2.144317e-03  8.614570e-01  1.874339e-03  
   1.8112299  9.277066e-01  2.192235e-03  9.277141e-01  2.192363e-03  8.652459e-01  1.915242e-03  
   1.8322300  9.323633e-01  2.244065e-03  9.323713e-01  2.244199e-03  8.693135e-01  1.959328e-03  
   1.8532300  9.371315e-01  2.297381e-03  9.371396e-01  2.297522e-03  8.734747e-01  2.004634e-03  
   1.8742300  9.420132e-01  2.352260e-03  9.420218e-01  2.352406e-03  8.777327e-01  2.051219e-03  
   1.8952301  9.470119e-01  2.408774e-03  9.470209e-01  2.408927e-03  8.820903e-01  2.099147e-03  
   1.9162300  9.521319e-01  2.467006e-03  9.521410e-01  2.467165e-03  8.865492e-01  2.148485e-03  
   1.9362299  9.571226e-01  2.524147e-03  9.571316e-01  2.524311e-03  8.908938e-01  2.196851e-03  
   1.9572300  9.624873e-01  2.586002e-03  9.624969e-01  2.586172e-03  8.955601e-01  2.249160e-03  
   1.9782300  9.679843e-01  2.649863e-03  9.679945e-01  2.650041e-03  9.003379e-01  2.303118e-03  
   1.9992300  9.736159e-01  2.715849e-03  9.736266e-01  2.716032e-03  9.052296e-01  2.358817e-03  
   2.0202301  9.793890e-01  2.784086e-03  9.793997e-01  2.784276e-03  9.102393e-01  2.416367e-03  
   2.0412300  9.853056e-01  2.854713e-03  9.853168e-01  2.854910e-03  9.153702e-01  2.475885e-03  
   2.0612299  9.910789e-01  2.924343e-03  9.910902e-01  2.924547e-03  9.203730e-01  2.534516e-03  
   2.0822301  9.972914e-01  3.000104e-03  9.973033e-01  3.000315e-03  9.257512e-01  2.598268e-03  
   2.1038301  1.003849e+00  3.081060e-03  1.003861e+00  3.081281e-03  9.314235e-01  2.666350e-03  
   2.1238301  1.010076e+00  3.158957e-03  1.010088e+00  3.159185e-03  9.368052e-01  2.731828e-03  
   2.1448300  1.016781e+00  3.244017e-03  1.016794e+00  3.244255e-03  9.425952e-01  2.803303e-03  
   2.1658299  1.023664e+00  3.332678e-03  1.023677e+00  3.332927e-03  9.485327e-01  2.877790e-03  
   2.1868300  1.030731e+00  3.425231e-03  1.030745e+00  3.425491e-03  9.546234e-01  2.955543e-03  
   2.2078300  1.037990e+00  3.521988e-03  1.038004e+00  3.522260e-03  9.608727e-01  3.036837e-03  
   2.2278299  1.045088e+00  3.618366e-03  1.045103e+00  3.618651e-03  9.669777e-01  3.117834e-03  
   2.2488301  1.052742e+00  3.724368e-03  1.052758e+00  3.724668e-03  9.735544e-01  3.206956e-03  
   2.2698300  1.060611e+00  3.835700e-03  1.060627e+00  3.836015e-03  9.803083e-01  3.300609e-03  
   2.2908299  1.068705e+00  3.952822e-03  1.068722e+00  3.953152e-03  9.872465e-01  3.399195e-03  
   2.3118300  1.077032e+00  4.076228e-03  1.077049e+00  4.076575e-03  9.943764e-01  3.503154e-03  
   2.3328300  1.085602e+00  4.206453e-03  1.085620e+00  4.206821e-03  1.001706e+00  3.612957e-03  
   2.3528299  1.094001e+00  4.337357e-03  1.094019e+00  4.337742e-03  1.008878e+00  3.723440e-03  
   2.3738301  1.103076e+00  4.482639e-03  1.103096e+00  4.483046e-03  1.016620e+00  3.846202e-03  
   2.3948300  1.112430e+00  4.636623e-03  1.112450e+00  4.637053e-03  1.024587e+00  3.976488e-03  
   2.4158299  1.122072e+00  4.800067e-03  1.122093e+00  4.800522e-03  1.032789e+00  4.114990e-03  
   2.4368300  1.132019e+00  4.973793e-03  1.132040e+00  4.974277e-03  1.041237e+00  4.262464e-03  
   2.4578300  1.142284e+00  5.158713e-03  1.142307e+00  5.159224e-03  1.049942e+00  4.419747e-03  
   2.4778299  1.152372e+00  5.346154e-03  1.152395e+00  5.346696e-03  1.058483e+00  4.579513e-03  
   2.4988301  1.163308e+00  5.555952e-03  1.163332e+00  5.556528e-03  1.067725e+00  4.758748e-03  
   2.5204301  1.174944e+00  5.786946e-03  1.174970e+00  5.787564e-03  1.077542e+00  4.956596e-03  
   2.5404301  1.186090e+00  6.015954e-03  1.186116e+00  6.016614e-03  1.086926e+00  5.153244e-03  
   2.5614300  1.198199e+00  6.273735e-03  1.198226e+00  6.274442e-03  1.097101e+00  5.375133e-03  
   2.5824299  1.210748e+00  6.551267e-03  1.210776e+00  6.552026e-03  1.107623e+00  5.614550e-03  
   2.6034300  1.223768e+00  6.851017e-03  1.223797e+00  6.851835e-03  1.118514e+00  5.873573e-03  
   2.6244299  1.237288e+00  7.176022e-03  1.237319e+00  7.176900e-03  1.129794e+00  6.154649e-03  
   2.6444299  1.250663e+00  7.512514e-03  1.250695e+00  7.513461e-03  1.140924e+00  6.445542e-03  
   2.6654301  1.265266e+00  7.898829e-03  1.265299e+00  7.899855e-03  1.153040e+00  6.778796e-03  
   2.6864300  1.280484e+00  8.325165e-03  1.280519e+00  8.326278e-03  1.165627e+00  7.144909e-03  
   2.7074299  1.296370e+00  8.799903e-03  1.296407e+00  8.801114e-03  1.178718e+00  7.549481e-03  
   2.7284300  1.312976e+00  9.334274e-03  1.313014e+00  9.335604e-03  1.192350e+00  7.999640e-03  
   2.7494299  1.330365e+00  9.943481e-03  1.330405e+00  9.944941e-03  1.206565e+00  8.504570e-03  
   2.7694299  1.347720e+00  1.061210e-02  1.347762e+00  1.061372e-02  1.220686e+00  9.047236e-03  
   2.7904301  1.366852e+00  1.143384e-02  1.366896e+00  1.143566e-02  1.236176e+00  9.696710e-03  
   2.8114300  1.387003e+00  1.241534e-02  1.387051e+00  1.241742e-02  1.252400e+00  1.044747e-02  
   2.8324299  1.408275e+00  1.360735e-02  1.408325e+00  1.360977e-02  1.269423e+00  1.132542e-02  
   2.8534300  1.430778e+00  1.507762e-02  1.430830e+00  1.508049e-02  1.287314e+00  1.236415e-02  
   2.8744299  1.454629e+00  1.691545e-02  1.454684e+00  1.691893e-02  1.306151e+00  1.360689e-02  
   2.8944299  1.478714e+00  1.911339e-02  1.478773e+00  1.911762e-02  1.325048e+00  1.503067e-02  
   2.9154301  1.505566e+00  2.203296e-02  1.505629e+00  2.203825e-02  1.345982e+00  1.684518e-02  
   2.9370301  1.534988e+00  2.588146e-02  1.535054e+00  2.588819e-02  1.368781e+00  1.914455e-02  
   2.9570301  1.563968e+00  3.042194e-02  1.564039e+00  3.043041e-02  1.391129e+00  2.176822e-02  
   2.9780300  1.596290e+00  3.646504e-02  1.596366e+00  3.647585e-02  1.415974e+00  2.516679e-02  
   2.9990301  1.630615e+00  4.412996e-02  1.630695e+00  4.414376e-02  1.442324e+00  2.938826e-02  
   3.0200300  1.666961e+00  5.378217e-02  1.667046e+00  5.379969e-02  1.470268e+00  3.463239e-02  
   3.0410299  1.705284e+00  6.582811e-02  1.705374e+00  6.585024e-02  1.499873e+00  4.113660e-02  
   3.0610299  1.743513e+00  7.992558e-02  1.743608e+00  7.995295e-02  1.529654e+00  4.875554e-02  
   3.0820301  1.785268e+00  9.791893e-02  1.785369e+00  9.795275e-02  1.562592e+00  5.855433e-02  
   3.1030300  1.828373e+00  1.196214e-01  1.828478e+00  1.196627e-01  1.597194e+00  7.054214e-02  
   3.1240301  1.872415e+00  1.454531e-01  1.872524e+00  1.455029e-01  1.633354e+00  8.510163e-02  
   3.1450300  1.916870e+00  1.757763e-01  1.916982e+00  1.758356e-01  1.670883e+00  1.026350e-01  
   3.1660299  1.961120e+00  2.108688e-01  1.961233e+00  2.109383e-01  1.709509e+00  1.235497e-01  
   3.1860299  2.002431e+00  2.488758e-01  2.002544e+00  2.489556e-01  1.746973e+00  1.469716e-01  
   3.2070301  2.044209e+00  2.936273e-01  2.044321e+00  2.937181e-01  1.786573e+00  1.755836e-01  
   3.2280300  2.083589e+00  3.432201e-01  2.083699e+00  3.433219e-01  1.825881e+00  2.085967e-01  
   3.2490301  2.119811e+00  3.973730e-01  2.119917e+00  3.974854e-01  1.864241e+00  2.462081e-01  
   3.2700300  2.152174e+00  4.556437e-01  2.152273e+00  4.557661e-01  1.900929e+00  2.884921e-01  
   3.2910299  2.180076e+00  5.174478e-01  2.180168e+00  5.175790e-01  1.935174e+00  3.353784e-01  
   3.3110299  2.202073e+00  5.789521e-01  2.202157e+00  5.790907e-01  1.964813e+00  3.840999e-01  
   3.3320301  2.220069e+00  6.455550e-01  2.220142e+00  6.456997e-01  1.992090e+00  4.391441e-01  
   3.3536301  2.232990e+00  7.153703e-01  2.233052e+00  7.155195e-01  2.015349e+00  4.993242e-01  
   3.3736300  2.239945e+00  7.804334e-01  2.239995e+00  7.805853e-01  2.032027e+00  5.575926e-01  
   3.3946300  2.242275e+00  8.484402e-01  2.242311e+00  8.485936e-01  2.044127e+00  6.205852e-01  
   3.4156301  2.239869e+00  9.154661e-01  2.239892e+00  9.156194e-01  2.050475e+00  6.845082e-01  
   3.4366300  2.233203e+00  9.809518e-01  2.233214e+00  9.811047e-01  2.051066e+00  7.483755e-01  
   3.4576299  2.222829e+00  1.044480e+00  2.222826e+00  1.044631e+00  2.046110e+00  8.112102e-01  
   3.4776299  2.210031e+00  1.102912e+00  2.210016e+00  1.103062e+00  2.036616e+00  8.692528e-01  
   3.4986300  2.194069e+00  1.161955e+00  2.194042e+00  1.162103e+00  2.022206e+00  9.275323e-01  
   3.5196300  2.176030e+00  1.218605e+00  2.175990e+00  1.218751e+00  2.003985e+00  9.824387e-01  
   3.5406301  2.156353e+00  1.272926e+00  2.156301e+00  1.273072e+00  1.982807e+00  1.033512e+00  
   3.5616300  2.135381e+00  1.325037e+00  2.135316e+00  1.325183e+00  1.959570e+00  1.080499e+00  
   3.5826299  2.113359e+00  1.375078e+00  2.113284e+00  1.375225e+00  1.935168e+00  1.123368e+00  
   3.6026299  2.091559e+00  1.420934e+00  2.091474e+00  1.421083e+00  1.911605e+00  1.160527e+00  
   3.6236300  2.067887e+00  1.467288e+00  2.067792e+00  1.467439e+00  1.887214e+00  1.196025e+00  
   3.6446300  2.043460e+00  1.511854e+00  2.043356e+00  1.512007e+00  1.863739e+00  1.228397e+00  
   3.6656301  2.018316e+00  1.554636e+00  2.018204e+00  1.554791e+00  1.841577e+00  1.258217e+00  
   3.6866300  1.992505e+00  1.595587e+00  1.992388e+00  1.595744e+00  1.820944e+00  1.286092e+00  
   3.7076299  1.966124e+00  1.634629e+00  1.966003e+00  1.634787e+00  1.801886e+00  1.312606e+00  
   3.7276299  1.940619e+00  1.669953e+00  1.940494e+00  1.670112e+00  1.785117e+00  1.337063e+00  
   3.7486300  1.913665e+00  1.705017e+00  1.913539e+00  1.705177e+00  1.768776e+00  1.362303e+00  
   3.7702301  1.886089e+00  1.738878e+00  1.885965e+00  1.739038e+00  1.753078e+00  1.388087e+00  
   3.7902300  1.861055e+00  1.768260e+00  1.860933e+00  1.768419e+00  1.739322e+00  1.411940e+00  
   3.8112299  1.835726e+00  1.797185e+00  1.835609e+00  1.797344e+00  1.725502e+00  1.436996e+00  
   3.8322301  1.811857e+00  1.824362e+00  1.811745e+00  1.824520e+00  1.712220e+00  1.462004e+00  
   3.8532300  1.789943e+00  1.850138e+00  1.789838e+00  1.850296e+00  1.699482e+00  1.486853e+00  
   3.8742299  1.770449e+00  1.874996e+00  1.770352e+00  1.875156e+00  1.687415e+00  1.511432e+00  
   3.8942299  1.754499e+00  1.898381e+00  1.754409e+00  1.898543e+00  1.676762e+00  1.534526e+00  
   3.9152300  1.740775e+00  1.923337e+00  1.740694e+00  1.923502e+00  1.666764e+00  1.558459e+00  
   3.9362299  1.730295e+00  1.949533e+00  1.730221e+00  1.949704e+00  1.658346e+00  1.582210e+00  
   3.9572301  1.723024e+00  1.977896e+00  1.722959e+00  1.978076e+00  1.651882e+00  1.606070e+00  
   3.9782300  1.718717e+00  2.009395e+00  1.718659e+00  2.009585e+00  1.647699e+00  1.630488e+00  
   3.9992299  1.716896e+00  2.045001e+00  1.716843e+00  2.045202e+00  1.646028e+00  1.656075e+00  
   4.0192299  1.716819e+00  2.083576e+00  1.716770e+00  2.083792e+00  1.646850e+00  1.682216e+00  
   4.0402298  1.717564e+00  2.129772e+00  1.717517e+00  2.130003e+00  1.650155e+00  1.712349e+00  
   4.0612302  1.718010e+00  2.182462e+00  1.717962e+00  2.182710e+00  1.655653e+00  1.746147e+00  
   4.0822301  1.716807e+00  2.242110e+00  1.716756e+00  2.242375e+00  1.662789e+00  1.784553e+00  
   4.1032300  1.712467e+00  2.308937e+00  1.712409e+00  2.309220e+00  1.670760e+00  1.828475e+00  
   4.1242299  1.703422e+00  2.382884e+00  1.703354e+00  2.383183e+00  1.678508e+00  1.878719e+00  
   4.1442299  1.688985e+00  2.459599e+00  1.688904e+00  2.459910e+00  1.684505e+00  1.933033e+00  
   4.1652298  1.666239e+00  2.546120e+00  1.666141e+00  2.546443e+00  1.687920e+00  1.997247e+00  
   4.1868300  1.633268e+00  2.640517e+00  1.633148e+00  2.640846e+00  1.686651e+00  2.071103e+00  
   4.2068300  1.592919e+00  2.731667e+00  1.592776e+00  2.732000e+00  1.679525e+00  2.146354e+00  
   4.2278299  1.539407e+00  2.829856e+00  1.539238e+00  2.830188e+00  1.664180e+00  2.231908e+00  
   4.2488298  1.473743e+00  2.928988e+00  1.473543e+00  2.929314e+00  1.639117e+00  2.323201e+00  
   4.2698302  1.395464e+00  3.027308e+00  1.395232e+00  3.027623e+00  1.602802e+00  2.418873e+00  
   4.2908301  1.304417e+00  3.122960e+00  1.304151e+00  3.123261e+00  1.553961e+00  2.517176e+00  
   4.3108301  1.205965e+00  3.209858e+00  1.205665e+00  3.210140e+00  1.494949e+00  2.611364e+00  
   4.3318300  1.090685e+00  3.294875e+00  1.090348e+00  3.295137e+00  1.419378e+00  2.708642e+00  
   4.3528299  9.639083e-01  3.371702e+00  9.635366e-01  3.371942e+00  1.329850e+00  2.801838e+00  
   4.3738298  8.266140e-01  3.438573e+00  8.262076e-01  3.438790e+00  1.226870e+00  2.888455e+00  
   4.3948302  6.800173e-01  3.493831e+00  6.795778e-01  3.494023e+00  1.111480e+00  2.966081e+00  
   4.4158301  5.255698e-01  3.535960e+00  5.251005e-01  3.536130e+00  9.852396e-01  3.032500e+00  
   4.4358301  3.726833e-01  3.562656e+00  3.721887e-01  3.562806e+00  8.567472e-01  3.083615e+00  
   4.4568300  2.078303e-01  3.575505e+00  2.073134e-01  3.575639e+00  7.154118e-01  3.123126e+00  
   4.4778299  4.051078e-02  3.571946e+00  3.997666e-02  3.572062e+00  5.700479e-01  3.147173e+00  
   4.4988298  -1.271486e-01  3.551399e+00  -1.276944e-01  3.551504e+00  4.233492e-01  3.155314e+00  
   4.5198302  -2.929260e-01  3.513627e+00  -2.934774e-01  3.513724e+00  2.779789e-01  3.147653e+00  
   4.5408301  -4.545360e-01  3.458780e+00  -4.550867e-01  3.458870e+00  1.364488e-01  3.124812e+00  
   4.5608301  -6.025007e-01  3.391174e+00  -6.030451e-01  3.391263e+00  7.272393e-03  3.089930e+00  
   4.5818300  -7.495043e-01  3.304993e+00  -7.500361e-01  3.305080e+00  -1.206595e-01  3.040900e+00  
   4.6034298  -8.896550e-01  3.201573e+00  -8.901685e-01  3.201662e+00  -2.424904e-01  2.978998e+00  
   4.6234298  -1.007737e+00  3.094150e+00  -1.008229e+00  3.094243e+00  -3.455031e-01  2.913073e+00  
   4.6444302  -1.118183e+00  2.971386e+00  -1.118650e+00  2.971483e+00  -4.429370e-01  2.836834e+00  
   4.6654301  -1.213675e+00  2.840818e+00  -1.214112e+00  2.840920e+00  -5.291578e-01  2.755313e+00  
   4.6864300  -1.293558e+00  2.705063e+00  -1.293966e+00  2.705170e+00  -6.042805e-01  2.670339e+00  
   4.7074299  -1.357659e+00  2.566802e+00  -1.358036e+00  2.566914e+00  -6.686925e-01  2.583598e+00  
   4.7274299  -1.404306e+00  2.435193e+00  -1.404653e+00  2.435308e+00  -7.206193e-01  2.500713e+00  
   4.7484298  -1.438869e+00  2.299420e+00  -1.439186e+00  2.299538e+00  -7.659537e-01  2.414636e+00  
   4.7694302  -1.459764e+00  2.168248e+00  -1.460051e+00  2.168366e+00  -8.026757e-01  2.330596e+00  
   4.7904301  -1.468402e+00  2.043490e+00  -1.468661e+00  2.043605e+00  -8.316341e-01  2.249474e+00  
   4.8114300  -1.466399e+00  1.926542e+00  -1.466633e+00  1.926652e+00  -8.536830e-01  2.171944e+00  
   4.8324299  -1.455476e+00  1.818383e+00  -1.455685e+00  1.818485e+00  -8.696545e-01  2.098511e+00  
   4.8524299  -1.438358e+00  1.724072e+00  -1.438545e+00  1.724163e+00  -8.799413e-01  2.032695e+00  
   4.8734298  -1.414925e+00  1.634381e+00  -1.415090e+00  1.634459e+00  -8.862870e-01  1.968111e+00  
   4.8944302  -1.387400e+00  1.554157e+00  -1.387542e+00  1.554217e+00  -8.887485e-01  1.908240e+00  
   4.9154301  -1.357134e+00  1.483056e+00  -1.357255e+00  1.483098e+00  -8.879583e-01  1.853067e+00  
   4.9364300  -1.325283e+00  1.420549e+00  -1.325383e+00  1.420570e+00  -8.844888e-01  1.802490e+00  
   4.9574299  -1.292800e+00  1.365983e+00  -1.292879e+00  1.365982e+00  -8.788534e-01  1.756338e+00  
   4.9774299  -1.261971e+00  1.320739e+00  -1.262031e+00  1.320716e+00  -8.718892e-01  1.716301e+00  
   4.9984298  -1.230275e+00  1.279577e+00  -1.230313e+00  1.279530e+00  -8.632827e-01  1.678130e+00  
