w Re-xx Im-xx Re-yy Im-yy Re-zz Im-zz
# Gaussian absolute broadening  0.15 [eV]
   0.0000000  7.685694e-01  8.841071e-05  7.685705e-01  8.841717e-05  7.244449e-01  7.871215e-05  
   0.0200000  7.686695e-01  9.462258e-05  7.686703e-01  9.462950e-05  7.245339e-01  8.424151e-05  
   0.0410000  7.687886e-01  1.017012e-04  7.687893e-01  1.017086e-04  7.246394e-01  9.054216e-05  
   0.0620000  7.689239e-01  1.093859e-04  7.689248e-01  1.093938e-04  7.247603e-01  9.738185e-05  
   0.0830000  7.690776e-01  1.177105e-04  7.690785e-01  1.177189e-04  7.248970e-01  1.047907e-04  
   0.1040000  7.692520e-01  1.267045e-04  7.692530e-01  1.267135e-04  7.250523e-01  1.127948e-04  
   0.1240000  7.694391e-01  1.359138e-04  7.694401e-01  1.359232e-04  7.252187e-01  1.209899e-04  
   0.1450000  7.696598e-01  1.462746e-04  7.696609e-01  1.462845e-04  7.254155e-01  1.302089e-04  
   0.1660000  7.699076e-01  1.573496e-04  7.699085e-01  1.573600e-04  7.256359e-01  1.400627e-04  
   0.1870000  7.701848e-01  1.691354e-04  7.701858e-01  1.691462e-04  7.258826e-01  1.505477e-04  
   0.2080000  7.704931e-01  1.816172e-04  7.704938e-01  1.816285e-04  7.261572e-01  1.616509e-04  
   0.2290000  7.708341e-01  1.947700e-04  7.708352e-01  1.947818e-04  7.264608e-01  1.733495e-04  
   0.2490000  7.711918e-01  2.078880e-04  7.711926e-01  2.079001e-04  7.267789e-01  1.850157e-04  
   0.2700000  7.716016e-01  2.222409e-04  7.716027e-01  2.222534e-04  7.271436e-01  1.977783e-04  
   0.2910000  7.720485e-01  2.371378e-04  7.720496e-01  2.371506e-04  7.275415e-01  2.110225e-04  
   0.3120000  7.725332e-01  2.525250e-04  7.725343e-01  2.525379e-04  7.279732e-01  2.247002e-04  
   0.3330000  7.730560e-01  2.683473e-04  7.730570e-01  2.683603e-04  7.284383e-01  2.387621e-04  
   0.3540000  7.736175e-01  2.845512e-04  7.736188e-01  2.845643e-04  7.289377e-01  2.531601e-04  
   0.3740000  7.741879e-01  3.002928e-04  7.741891e-01  3.003057e-04  7.294450e-01  2.671444e-04  
   0.3950000  7.748246e-01  3.171033e-04  7.748258e-01  3.171161e-04  7.300114e-01  2.820748e-04  
   0.4160000  7.754993e-01  3.341654e-04  7.755006e-01  3.341778e-04  7.306118e-01  2.972248e-04  
   0.4374300  7.762281e-01  3.518040e-04  7.762295e-01  3.518160e-04  7.312600e-01  3.128823e-04  
   0.4574300  7.769441e-01  3.684500e-04  7.769454e-01  3.684615e-04  7.318967e-01  3.276545e-04  
   0.4784300  7.777330e-01  3.861027e-04  7.777342e-01  3.861137e-04  7.325982e-01  3.433156e-04  
   0.4994300  7.785602e-01  4.039222e-04  7.785617e-01  4.039328e-04  7.333338e-01  3.591195e-04  
   0.5204300  7.794259e-01  4.219013e-04  7.794271e-01  4.219116e-04  7.341033e-01  3.750599e-04  
   0.5414300  7.803295e-01  4.400369e-04  7.803310e-01  4.400467e-04  7.349068e-01  3.911332e-04  
   0.5614300  7.812265e-01  4.574535e-04  7.812281e-01  4.574632e-04  7.357041e-01  4.065643e-04  
   0.5824300  7.822061e-01  4.758954e-04  7.822075e-01  4.759050e-04  7.365748e-01  4.228974e-04  
   0.6034300  7.832247e-01  4.944981e-04  7.832263e-01  4.945081e-04  7.374799e-01  4.393668e-04  
   0.6244300  7.842827e-01  5.132674e-04  7.842844e-01  5.132778e-04  7.384200e-01  4.559770e-04  
   0.6454300  7.853809e-01  5.322082e-04  7.853824e-01  5.322196e-04  7.393951e-01  4.727325e-04  
   0.6664300  7.865187e-01  5.513272e-04  7.865205e-01  5.513397e-04  7.404061e-01  4.896383e-04  
   0.6864300  7.876396e-01  5.697072e-04  7.876413e-01  5.697209e-04  7.414015e-01  5.058837e-04  
   0.7074300  7.888568e-01  5.891931e-04  7.888585e-01  5.892082e-04  7.424822e-01  5.230989e-04  
   0.7284300  7.901149e-01  6.088774e-04  7.901167e-01  6.088943e-04  7.435992e-01  5.404816e-04  
   0.7494300  7.914147e-01  6.287679e-04  7.914166e-01  6.287868e-04  7.447528e-01  5.580380e-04  
   0.7704300  7.927563e-01  6.488719e-04  7.927582e-01  6.488928e-04  7.459435e-01  5.757744e-04  
   0.7914300  7.941406e-01  6.691982e-04  7.941426e-01  6.692214e-04  7.471718e-01  5.936976e-04  
   0.8114300  7.954982e-01  6.887696e-04  7.955003e-01  6.887951e-04  7.483761e-01  6.109469e-04  
   0.8324300  7.969664e-01  7.095532e-04  7.969685e-01  7.095810e-04  7.496782e-01  6.292547e-04  
   0.8540300  7.985222e-01  7.311893e-04  7.985244e-01  7.312192e-04  7.510582e-01  6.483031e-04  
   0.8740300  8.000048e-01  7.514649e-04  8.000071e-01  7.514972e-04  7.523725e-01  6.661441e-04  
   0.8950300  8.016055e-01  7.730149e-04  8.016077e-01  7.730493e-04  7.537912e-01  6.850956e-04  
   0.9160300  8.032513e-01  7.948417e-04  8.032538e-01  7.948783e-04  7.552498e-01  7.042796e-04  
   0.9370300  8.049434e-01  8.169559e-04  8.049460e-01  8.169945e-04  7.567489e-01  7.237043e-04  
   0.9580300  8.066823e-01  8.393684e-04  8.066849e-01  8.394087e-04  7.582890e-01  7.433791e-04  
   0.9780300  8.083829e-01  8.610013e-04  8.083852e-01  8.610436e-04  7.597947e-01  7.623580e-04  
   0.9990300  8.102147e-01  8.840284e-04  8.102173e-01  8.840722e-04  7.614169e-01  7.825476e-04  
   1.0200300  8.120954e-01  9.073874e-04  8.120983e-01  9.074329e-04  7.630815e-01  8.030148e-04  
   1.0410300  8.140261e-01  9.310904e-04  8.140287e-01  9.311375e-04  7.647898e-01  8.237698e-04  
   1.0620300  8.160070e-01  9.551492e-04  8.160099e-01  9.551977e-04  7.665421e-01  8.448225e-04  
   1.0830300  8.180387e-01  9.795766e-04  8.180419e-01  9.796267e-04  7.683390e-01  8.661827e-04  
   1.1030300  8.200217e-01  1.003194e-03  8.200249e-01  1.003246e-03  7.700924e-01  8.868215e-04  
   1.1240300  8.221552e-01  1.028378e-03  8.221586e-01  1.028430e-03  7.719780e-01  9.088131e-04  
   1.1450300  8.243420e-01  1.053968e-03  8.243453e-01  1.054022e-03  7.739102e-01  9.311446e-04  
   1.1660300  8.265829e-01  1.079980e-03  8.265862e-01  1.080036e-03  7.758899e-01  9.538271e-04  
   1.1870300  8.288789e-01  1.106427e-03  8.288823e-01  1.106484e-03  7.779173e-01  9.768724e-04  
   1.2080300  8.312307e-01  1.133325e-03  8.312343e-01  1.133384e-03  7.799936e-01  1.000293e-03  
   1.2280300  8.335231e-01  1.159375e-03  8.335271e-01  1.159437e-03  7.820164e-01  1.022960e-03  
   1.2490300  8.359867e-01  1.187201e-03  8.359905e-01  1.187263e-03  7.841898e-01  1.047152e-03  
   1.2706300  8.385827e-01  1.216343e-03  8.385867e-01  1.216408e-03  7.864792e-01  1.072469e-03  
   1.2906300  8.410423e-01  1.243817e-03  8.410465e-01  1.243883e-03  7.886476e-01  1.096317e-03  
   1.3116300  8.436848e-01  1.273189e-03  8.436891e-01  1.273257e-03  7.909765e-01  1.121792e-03  
   1.3326300  8.463891e-01  1.303118e-03  8.463936e-01  1.303188e-03  7.933588e-01  1.147731e-03  
   1.3536299  8.491573e-01  1.333625e-03  8.491617e-01  1.333697e-03  7.957963e-01  1.174147e-03  
   1.3746300  8.519899e-01  1.364733e-03  8.519945e-01  1.364806e-03  7.982897e-01  1.201060e-03  
   1.3946300  8.547493e-01  1.394939e-03  8.547541e-01  1.395014e-03  8.007177e-01  1.227170e-03  
   1.4156300  8.577122e-01  1.427285e-03  8.577172e-01  1.427362e-03  8.033237e-01  1.255107e-03  
   1.4366300  8.607439e-01  1.460301e-03  8.607489e-01  1.460380e-03  8.059894e-01  1.283596e-03  
   1.4576300  8.638459e-01  1.494012e-03  8.638512e-01  1.494092e-03  8.087156e-01  1.312658e-03  
   1.4786299  8.670200e-01  1.528444e-03  8.670254e-01  1.528526e-03  8.115034e-01  1.342313e-03  
   1.4996300  8.702670e-01  1.563624e-03  8.702725e-01  1.563707e-03  8.143546e-01  1.372585e-03  
   1.5196300  8.734286e-01  1.597850e-03  8.734344e-01  1.597935e-03  8.171293e-01  1.402006e-03  
   1.5406300  8.768231e-01  1.634574e-03  8.768290e-01  1.634660e-03  8.201070e-01  1.433546e-03  
   1.5616300  8.802955e-01  1.672133e-03  8.803018e-01  1.672221e-03  8.231516e-01  1.465770e-03  
   1.5826300  8.838477e-01  1.710559e-03  8.838540e-01  1.710649e-03  8.262648e-01  1.498705e-03  
   1.6036299  8.874812e-01  1.749887e-03  8.874879e-01  1.749979e-03  8.294476e-01  1.532379e-03  
   1.6246300  8.911986e-01  1.790152e-03  8.912053e-01  1.790246e-03  8.327020e-01  1.566821e-03  
   1.6446300  8.948179e-01  1.829405e-03  8.948249e-01  1.829502e-03  8.358687e-01  1.600362e-03  
   1.6656300  8.987033e-01  1.871611e-03  8.987104e-01  1.871710e-03  8.392667e-01  1.636389e-03  
   1.6872300  9.027937e-01  1.916124e-03  9.028011e-01  1.916225e-03  8.428420e-01  1.674345e-03  
   1.7072300  9.066675e-01  1.958377e-03  9.066750e-01  1.958481e-03  8.462262e-01  1.710337e-03  
   1.7282300  9.108268e-01  2.003864e-03  9.108347e-01  2.003970e-03  8.498574e-01  1.749043e-03  
   1.7492300  9.150825e-01  2.050545e-03  9.150908e-01  2.050654e-03  8.535712e-01  1.788727e-03  
   1.7702301  9.194381e-01  2.098477e-03  9.194463e-01  2.098589e-03  8.573692e-01  1.829432e-03  
   1.7912300  9.238955e-01  2.147716e-03  9.239043e-01  2.147831e-03  8.612537e-01  1.871207e-03  
   1.8112299  9.282385e-01  2.195878e-03  9.282472e-01  2.195997e-03  8.650360e-01  1.912032e-03  
   1.8322300  9.329033e-01  2.247843e-03  9.329122e-01  2.247966e-03  8.690963e-01  1.956041e-03  
   1.8532300  9.376794e-01  2.301304e-03  9.376887e-01  2.301432e-03  8.732504e-01  2.001278e-03  
   1.8742300  9.425694e-01  2.356335e-03  9.425790e-01  2.356467e-03  8.775009e-01  2.047805e-03  
   1.8952301  9.475769e-01  2.413013e-03  9.475872e-01  2.413151e-03  8.818505e-01  2.095690e-03  
   1.9162300  9.527055e-01  2.471424e-03  9.527159e-01  2.471569e-03  8.863016e-01  2.145004e-03  
   1.9362299  9.577052e-01  2.528750e-03  9.577156e-01  2.528900e-03  8.906379e-01  2.193369e-03  
   1.9572300  9.630797e-01  2.590822e-03  9.630907e-01  2.590979e-03  8.952956e-01  2.245708e-03  
   1.9782300  9.685869e-01  2.654928e-03  9.685982e-01  2.655093e-03  9.000647e-01  2.299731e-03  
   1.9992300  9.742295e-01  2.721192e-03  9.742408e-01  2.721365e-03  9.049470e-01  2.355542e-03  
   2.0202301  9.800130e-01  2.789753e-03  9.800249e-01  2.789933e-03  9.099473e-01  2.413264e-03  
   2.0412300  9.859409e-01  2.860760e-03  9.859530e-01  2.860950e-03  9.150684e-01  2.473025e-03  
   2.0612299  9.917256e-01  2.930817e-03  9.917384e-01  2.931014e-03  9.200611e-01  2.531971e-03  
   2.0822301  9.979507e-01  3.007108e-03  9.979637e-01  3.007316e-03  9.254290e-01  2.596161e-03  
   2.1038301  1.004521e+00  3.088717e-03  1.004535e+00  3.088936e-03  9.310897e-01  2.664837e-03  
   2.1238301  1.010761e+00  3.167332e-03  1.010775e+00  3.167561e-03  9.364604e-01  2.731018e-03  
   2.1448300  1.017480e+00  3.253283e-03  1.017494e+00  3.253524e-03  9.422386e-01  2.803420e-03  
   2.1658299  1.024378e+00  3.342998e-03  1.024393e+00  3.343251e-03  9.481635e-01  2.879062e-03  
   2.1868300  1.031460e+00  3.436783e-03  1.031476e+00  3.437049e-03  9.542413e-01  2.958232e-03  
   2.2078300  1.038735e+00  3.534963e-03  1.038750e+00  3.535244e-03  9.604765e-01  3.041235e-03  
   2.2278299  1.045848e+00  3.632889e-03  1.045865e+00  3.633185e-03  9.665676e-01  3.124158e-03  
   2.2488301  1.053520e+00  3.740721e-03  1.053537e+00  3.741033e-03  9.731293e-01  3.215633e-03  
   2.2698300  1.061407e+00  3.854092e-03  1.061424e+00  3.854422e-03  9.798662e-01  3.311992e-03  
   2.2908299  1.069519e+00  3.973448e-03  1.069537e+00  3.973797e-03  9.867872e-01  3.413633e-03  
   2.3118300  1.077865e+00  4.099265e-03  1.077884e+00  4.099637e-03  9.938983e-01  3.520975e-03  
   2.3328300  1.086455e+00  4.232055e-03  1.086475e+00  4.232448e-03  1.001207e+00  3.634455e-03  
   2.3528299  1.094873e+00  4.365504e-03  1.094892e+00  4.365919e-03  1.008359e+00  3.748665e-03  
   2.3738301  1.103970e+00  4.513526e-03  1.103991e+00  4.513968e-03  1.016078e+00  3.875500e-03  
   2.3948300  1.113346e+00  4.670267e-03  1.113367e+00  4.670736e-03  1.024020e+00  4.009930e-03  
   2.4158299  1.123011e+00  4.836430e-03  1.123034e+00  4.836928e-03  1.032194e+00  4.152527e-03  
   2.4368300  1.132982e+00  5.012779e-03  1.133005e+00  5.013306e-03  1.040613e+00  4.303912e-03  
   2.4578300  1.143273e+00  5.200163e-03  1.143297e+00  5.200726e-03  1.049286e+00  4.464765e-03  
   2.4778299  1.153386e+00  5.389765e-03  1.153410e+00  5.390358e-03  1.057794e+00  4.627459e-03  
   2.4988301  1.164350e+00  5.601586e-03  1.164375e+00  5.602218e-03  1.066999e+00  4.809094e-03  
   2.5204301  1.176017e+00  5.834367e-03  1.176043e+00  5.835041e-03  1.076776e+00  5.008494e-03  
   2.5404301  1.187191e+00  6.064745e-03  1.187219e+00  6.065459e-03  1.086120e+00  5.205556e-03  
   2.5614300  1.199333e+00  6.323662e-03  1.199362e+00  6.324424e-03  1.096249e+00  5.426639e-03  
   2.5824299  1.211918e+00  6.602044e-03  1.211949e+00  6.602856e-03  1.106723e+00  5.663798e-03  
   2.6034300  1.224976e+00  6.902407e-03  1.225008e+00  6.903275e-03  1.117562e+00  5.918942e-03  
   2.6244299  1.238537e+00  7.227864e-03  1.238570e+00  7.228793e-03  1.128788e+00  6.194383e-03  
   2.6444299  1.251955e+00  7.564765e-03  1.251989e+00  7.565760e-03  1.139862e+00  6.478197e-03  
   2.6654301  1.266606e+00  7.951675e-03  1.266641e+00  7.952744e-03  1.151917e+00  6.802178e-03  
   2.6864300  1.281878e+00  8.379057e-03  1.281915e+00  8.380209e-03  1.164439e+00  7.157165e-03  
   2.7074299  1.297821e+00  8.855708e-03  1.297860e+00  8.856962e-03  1.177463e+00  7.548861e-03  
   2.7284300  1.314492e+00  9.393453e-03  1.314533e+00  9.394822e-03  1.191023e+00  7.984602e-03  
   2.7494299  1.331952e+00  1.000831e-02  1.331994e+00  1.000981e-02  1.205162e+00  8.473850e-03  
   2.7694299  1.349381e+00  1.068547e-02  1.349426e+00  1.068713e-02  1.219206e+00  9.000783e-03  
   2.7904301  1.368599e+00  1.152097e-02  1.368647e+00  1.152282e-02  1.234610e+00  9.633381e-03  
   2.8114300  1.388848e+00  1.252314e-02  1.388897e+00  1.252525e-02  1.250742e+00  1.036749e-02  
   2.8324299  1.410226e+00  1.374540e-02  1.410279e+00  1.374784e-02  1.267665e+00  1.122973e-02  
   2.8534300  1.432847e+00  1.525892e-02  1.432902e+00  1.526178e-02  1.285449e+00  1.225445e-02  
   2.8744299  1.456830e+00  1.715728e-02  1.456888e+00  1.716071e-02  1.304169e+00  1.348575e-02  
   2.8944299  1.481053e+00  1.943371e-02  1.481115e+00  1.943783e-02  1.322946e+00  1.490181e-02  
   2.9154301  1.508064e+00  2.246356e-02  1.508130e+00  2.246863e-02  1.343741e+00  1.671234e-02  
   2.9370301  1.537665e+00  2.646271e-02  1.537734e+00  2.646909e-02  1.366385e+00  1.901281e-02  
   2.9570301  1.566825e+00  3.118388e-02  1.566899e+00  3.119182e-02  1.388579e+00  2.164269e-02  
   2.9780300  1.599351e+00  3.746773e-02  1.599430e+00  3.747780e-02  1.413250e+00  2.505341e-02  
   2.9990301  1.633894e+00  4.543445e-02  1.633978e+00  4.544722e-02  1.439419e+00  2.929262e-02  
   3.0200300  1.670470e+00  5.545811e-02  1.670558e+00  5.547429e-02  1.467174e+00  3.455940e-02  
   3.0410299  1.709032e+00  6.795284e-02  1.709125e+00  6.797326e-02  1.496590e+00  4.108978e-02  
   3.0610299  1.747494e+00  8.255492e-02  1.747591e+00  8.258023e-02  1.526194e+00  4.873508e-02  
   3.0820301  1.789495e+00  1.011622e-01  1.789596e+00  1.011935e-01  1.558960e+00  5.856034e-02  
   3.1030300  1.832840e+00  1.235641e-01  1.832944e+00  1.236026e-01  1.593410e+00  7.056987e-02  
   3.1240301  1.877106e+00  1.501755e-01  1.877214e+00  1.502225e-01  1.629448e+00  8.514239e-02  
   3.1450300  1.921766e+00  1.813481e-01  1.921874e+00  1.814045e-01  1.666899e+00  1.026754e-01  
   3.1660299  1.966188e+00  2.173433e-01  1.966299e+00  2.174100e-01  1.705500e+00  1.235720e-01  
   3.1860299  2.007630e+00  2.562390e-01  2.007739e+00  2.563161e-01  1.743001e+00  1.469560e-01  
   3.2070301  2.049500e+00  3.019269e-01  2.049608e+00  3.020158e-01  1.782714e+00  1.755021e-01  
   3.2280300  2.088918e+00  3.524272e-01  2.089023e+00  3.525281e-01  1.822217e+00  2.084195e-01  
   3.2490301  2.125121e+00  4.074229e-01  2.125220e+00  4.075359e-01  1.860865e+00  2.459018e-01  
   3.2700300  2.157401e+00  4.664343e-01  2.157495e+00  4.665588e-01  1.897934e+00  2.880207e-01  
   3.2910299  2.185160e+00  5.288396e-01  2.185245e+00  5.289751e-01  1.932661e+00  3.347036e-01  
   3.3110299  2.206964e+00  5.907559e-01  2.207041e+00  5.909007e-01  1.962849e+00  3.831932e-01  
   3.3320301  2.224699e+00  6.575953e-01  2.224768e+00  6.577483e-01  1.990798e+00  4.379514e-01  
   3.3536301  2.237298e+00  7.274207e-01  2.237359e+00  7.275807e-01  2.014847e+00  4.977892e-01  
   3.3736300  2.243909e+00  7.922689e-01  2.243962e+00  7.924338e-01  2.032341e+00  5.556941e-01  
   3.3946300  2.245838e+00  8.598129e-01  2.245883e+00  8.599807e-01  2.045382e+00  6.182547e-01  
   3.4156301  2.242993e+00  9.261349e-01  2.243031e+00  9.263045e-01  2.052753e+00  6.816930e-01  
   3.4366300  2.235855e+00  9.906873e-01  2.235887e+00  9.908568e-01  2.054442e+00  7.450240e-01  
   3.4576299  2.224977e+00  1.053069e+00  2.225002e+00  1.053238e+00  2.050654e+00  8.072758e-01  
   3.4776299  2.211666e+00  1.110232e+00  2.211687e+00  1.110399e+00  2.042322e+00  8.647292e-01  
   3.4986300  2.195135e+00  1.167782e+00  2.195153e+00  1.167946e+00  2.029176e+00  9.223692e-01  
   3.5196300  2.176492e+00  1.222804e+00  2.176508e+00  1.222965e+00  2.012241e+00  9.766365e-01  
   3.5406301  2.156178e+00  1.275393e+00  2.156191e+00  1.275552e+00  1.992347e+00  1.027098e+00  
   3.5616300  2.134539e+00  1.325699e+00  2.134550e+00  1.325856e+00  1.970365e+00  1.073532e+00  
   3.5826299  2.111832e+00  1.373898e+00  2.111841e+00  1.374054e+00  1.947155e+00  1.115943e+00  
   3.6026299  2.089369e+00  1.417996e+00  2.089377e+00  1.418150e+00  1.924638e+00  1.152781e+00  
   3.6236300  2.065008e+00  1.462529e+00  2.065014e+00  1.462684e+00  1.901224e+00  1.188094e+00  
   3.6446300  2.039923e+00  1.505337e+00  2.039928e+00  1.505492e+00  1.878576e+00  1.220457e+00  
   3.6656301  2.014170e+00  1.546455e+00  2.014176e+00  1.546611e+00  1.857076e+00  1.250455e+00  
   3.6866300  1.987829e+00  1.585866e+00  1.987835e+00  1.586023e+00  1.836927e+00  1.278693e+00  
   3.7076299  1.961020e+00  1.623518e+00  1.961026e+00  1.623677e+00  1.818184e+00  1.305741e+00  
   3.7276299  1.935218e+00  1.657680e+00  1.935225e+00  1.657841e+00  1.801571e+00  1.330841e+00  
   3.7486300  1.908087e+00  1.691710e+00  1.908095e+00  1.691874e+00  1.785271e+00  1.356857e+00  
   3.7702301  1.880480e+00  1.724717e+00  1.880491e+00  1.724885e+00  1.769520e+00  1.383499e+00  
   3.7902300  1.855556e+00  1.753504e+00  1.855570e+00  1.753677e+00  1.755664e+00  1.408154e+00  
   3.8112299  1.830480e+00  1.782008e+00  1.830498e+00  1.782185e+00  1.741728e+00  1.434012e+00  
   3.8322301  1.806993e+00  1.808964e+00  1.807014e+00  1.809147e+00  1.728354e+00  1.459740e+00  
   3.8532300  1.785568e+00  1.834711e+00  1.785593e+00  1.834902e+00  1.715581e+00  1.485193e+00  
   3.8742299  1.766646e+00  1.859720e+00  1.766676e+00  1.859918e+00  1.703557e+00  1.510244e+00  
   3.8942299  1.751291e+00  1.883398e+00  1.751325e+00  1.883605e+00  1.693026e+00  1.533657e+00  
   3.9152300  1.738219e+00  1.908802e+00  1.738256e+00  1.909021e+00  1.683241e+00  1.557802e+00  
   3.9362299  1.728389e+00  1.935575e+00  1.728429e+00  1.935805e+00  1.675113e+00  1.581660e+00  
   3.9572301  1.721744e+00  1.964623e+00  1.721785e+00  1.964866e+00  1.668997e+00  1.605555e+00  
   3.9782300  1.718017e+00  1.996894e+00  1.718058e+00  1.997151e+00  1.665194e+00  1.629978e+00  
   3.9992299  1.716715e+00  2.033345e+00  1.716756e+00  2.033616e+00  1.663906e+00  1.655579e+00  
   4.0192299  1.717068e+00  2.072774e+00  1.717107e+00  2.073060e+00  1.665071e+00  1.681778e+00  
   4.0402298  1.718194e+00  2.119901e+00  1.718229e+00  2.120203e+00  1.668683e+00  1.712054e+00  
   4.0612302  1.718948e+00  2.173540e+00  1.718976e+00  2.173859e+00  1.674411e+00  1.746102e+00  
   4.0822301  1.717986e+00  2.234141e+00  1.718005e+00  2.234478e+00  1.681680e+00  1.784885e+00  
   4.1032300  1.713825e+00  2.301907e+00  1.713832e+00  2.302258e+00  1.689669e+00  1.829320e+00  
   4.1242299  1.704903e+00  2.376760e+00  1.704896e+00  2.377126e+00  1.697312e+00  1.880209e+00  
   4.1442299  1.690534e+00  2.454293e+00  1.690511e+00  2.454671e+00  1.703084e+00  1.935255e+00  
   4.1652298  1.667815e+00  2.541611e+00  1.667773e+00  2.542000e+00  1.706132e+00  2.000345e+00  
   4.1868300  1.634825e+00  2.636742e+00  1.634758e+00  2.637136e+00  1.704348e+00  2.075204e+00  
   4.2068300  1.594419e+00  2.728482e+00  1.594327e+00  2.728878e+00  1.696625e+00  2.151455e+00  
   4.2278299  1.540806e+00  2.827183e+00  1.540685e+00  2.827577e+00  1.680539e+00  2.238115e+00  
   4.2488298  1.475003e+00  2.926708e+00  1.474850e+00  2.927096e+00  1.654631e+00  2.330557e+00  
   4.2698302  1.396553e+00  3.025299e+00  1.396367e+00  3.025675e+00  1.617384e+00  2.427401e+00  
   4.2908301  1.305312e+00  3.121099e+00  1.305090e+00  3.121461e+00  1.567542e+00  2.526888e+00  
   4.3108301  1.206666e+00  3.208030e+00  1.206410e+00  3.208373e+00  1.507535e+00  2.622207e+00  
   4.3318300  1.091187e+00  3.292980e+00  1.090895e+00  3.293302e+00  1.430898e+00  2.720661e+00  
   4.3528299  9.642386e-01  3.369657e+00  9.639111e-01  3.369955e+00  1.340306e+00  2.815012e+00  
   4.3738298  8.268184e-01  3.436316e+00  8.264568e-01  3.436588e+00  1.236290e+00  2.902750e+00  
   4.3948302  6.801628e-01  3.491327e+00  6.797695e-01  3.491574e+00  1.119914e+00  2.981439e+00  
   4.4158301  5.257418e-01  3.533201e+00  5.253202e-01  3.533424e+00  9.927582e-01  3.048843e+00  
   4.4358301  3.729729e-01  3.559669e+00  3.725279e-01  3.559873e+00  8.634775e-01  3.100794e+00  
   4.4568300  2.083478e-01  3.572320e+00  2.078833e-01  3.572503e+00  7.214178e-01  3.141047e+00  
   4.4778299  4.136493e-02  3.568616e+00  4.088616e-02  3.568783e+00  5.754480e-01  3.165657e+00  
   4.4988298  -1.258551e-01  3.547993e+00  -1.263422e-01  3.548147e+00  4.282728e-01  3.174145e+00  
   4.5198302  -2.911041e-01  3.510215e+00  -2.915934e-01  3.510359e+00  2.825620e-01  3.166580e+00  
   4.5408301  -4.521168e-01  3.455428e+00  -4.526019e-01  3.455564e+00  1.408313e-01  3.143557e+00  
   4.5608301  -5.994723e-01  3.387933e+00  -5.999480e-01  3.388064e+00  1.159371e-02  3.108224e+00  
   4.5818300  -7.458212e-01  3.301907e+00  -7.462823e-01  3.302035e+00  -1.162695e-01  3.058426e+00  
   4.6034298  -8.853145e-01  3.198671e+00  -8.857558e-01  3.198797e+00  -2.378956e-01  2.995423e+00  
   4.6234298  -1.002829e+00  3.091421e+00  -1.003249e+00  3.091545e+00  -3.406068e-01  2.928220e+00  
   4.6444302  -1.112747e+00  2.968819e+00  -1.113143e+00  2.968942e+00  -4.376215e-01  2.850406e+00  
   4.6654301  -1.207798e+00  2.838379e+00  -1.208169e+00  2.838500e+00  -5.233316e-01  2.767114e+00  
   4.6864300  -1.287344e+00  2.702701e+00  -1.287689e+00  2.702820e+00  -5.978673e-01  2.680230e+00  
   4.7074299  -1.351213e+00  2.564459e+00  -1.351534e+00  2.564574e+00  -6.616290e-01  2.591494e+00  
   4.7274299  -1.397735e+00  2.432809e+00  -1.398035e+00  2.432919e+00  -7.128883e-01  2.506681e+00  
   4.7484298  -1.432261e+00  2.296933e+00  -1.432541e+00  2.297037e+00  -7.574804e-01  2.418602e+00  
   4.7694302  -1.453199e+00  2.165604e+00  -1.453462e+00  2.165700e+00  -7.934238e-01  2.332628e+00  
   4.7904301  -1.461944e+00  2.040644e+00  -1.462192e+00  2.040731e+00  -8.215710e-01  2.249673e+00  
   4.8114300  -1.460094e+00  1.923463e+00  -1.460329e+00  1.923538e+00  -8.427779e-01  2.170443e+00  
   4.8324299  -1.449349e+00  1.815053e+00  -1.449573e+00  1.815115e+00  -8.578768e-01  2.095456e+00  
   4.8524299  -1.432410e+00  1.720499e+00  -1.432624e+00  1.720547e+00  -8.673036e-01  2.028305e+00  
   4.8734298  -1.409160e+00  1.630561e+00  -1.409366e+00  1.630592e+00  -8.727158e-01  1.962471e+00  
   4.8944302  -1.381803e+00  1.550107e+00  -1.382000e+00  1.550120e+00  -8.742128e-01  1.901502e+00  
   4.9154301  -1.351686e+00  1.478803e+00  -1.351874e+00  1.478797e+00  -8.724277e-01  1.845374e+00  
   4.9364300  -1.319957e+00  1.416124e+00  -1.320136e+00  1.416099e+00  -8.679351e-01  1.793973e+00  
   4.9574299  -1.287571e+00  1.361422e+00  -1.287739e+00  1.361376e+00  -8.612514e-01  1.747117e+00  
   4.9774299  -1.256811e+00  1.316082e+00  -1.256968e+00  1.316015e+00  -8.532686e-01  1.706507e+00  
   4.9984298  -1.225164e+00  1.274852e+00  -1.225309e+00  1.274765e+00  -8.435751e-01  1.667827e+00  
