w Re-xx Im-xx Re-yy Im-yy Re-zz Im-zz
# Gaussian absolute broadening  0.15 [eV]
   0.0000000  7.682410e-01  8.830058e-05  7.682431e-01  8.830835e-05  7.249456e-01  7.890220e-05  
   0.0200000  7.683408e-01  9.450450e-05  7.683430e-01  9.451243e-05  7.250349e-01  8.444276e-05  
   0.0410000  7.684597e-01  1.015741e-04  7.684617e-01  1.015821e-04  7.251408e-01  9.075613e-05  
   0.0620000  7.685949e-01  1.092490e-04  7.685970e-01  1.092571e-04  7.252617e-01  9.760964e-05  
   0.0830000  7.687483e-01  1.175629e-04  7.687503e-01  1.175712e-04  7.253988e-01  1.050334e-04  
   0.1040000  7.689226e-01  1.265453e-04  7.689248e-01  1.265537e-04  7.255545e-01  1.130537e-04  
   0.1240000  7.691093e-01  1.357427e-04  7.691115e-01  1.357512e-04  7.257214e-01  1.212654e-04  
   0.1450000  7.693299e-01  1.460900e-04  7.693321e-01  1.460986e-04  7.259185e-01  1.305031e-04  
   0.1660000  7.695773e-01  1.571504e-04  7.695795e-01  1.571592e-04  7.261395e-01  1.403767e-04  
   0.1870000  7.698542e-01  1.689205e-04  7.698562e-01  1.689296e-04  7.263867e-01  1.508830e-04  
   0.2080000  7.701619e-01  1.813858e-04  7.701641e-01  1.813952e-04  7.266617e-01  1.620089e-04  
   0.2290000  7.705026e-01  1.945209e-04  7.705049e-01  1.945308e-04  7.269661e-01  1.737315e-04  
   0.2490000  7.708595e-01  2.076211e-04  7.708617e-01  2.076316e-04  7.272848e-01  1.854217e-04  
   0.2700000  7.712690e-01  2.219544e-04  7.712712e-01  2.219656e-04  7.276505e-01  1.982108e-04  
   0.2910000  7.717154e-01  2.368308e-04  7.717175e-01  2.368428e-04  7.280490e-01  2.114828e-04  
   0.3120000  7.721997e-01  2.521965e-04  7.722017e-01  2.522095e-04  7.284815e-01  2.251893e-04  
   0.3330000  7.727216e-01  2.679965e-04  7.727240e-01  2.680107e-04  7.289476e-01  2.392810e-04  
   0.3540000  7.732820e-01  2.841773e-04  7.732844e-01  2.841929e-04  7.294483e-01  2.537101e-04  
   0.3740000  7.738519e-01  2.998963e-04  7.738542e-01  2.999132e-04  7.299568e-01  2.677246e-04  
   0.3950000  7.744876e-01  3.166827e-04  7.744900e-01  3.167010e-04  7.305245e-01  2.826878e-04  
   0.4160000  7.751615e-01  3.337197e-04  7.751639e-01  3.337396e-04  7.311259e-01  2.978713e-04  
   0.4374300  7.758895e-01  3.513324e-04  7.758919e-01  3.513539e-04  7.317756e-01  3.135639e-04  
   0.4574300  7.766042e-01  3.679538e-04  7.766066e-01  3.679766e-04  7.324138e-01  3.283696e-04  
   0.4784300  7.773921e-01  3.855802e-04  7.773947e-01  3.856046e-04  7.331170e-01  3.440663e-04  
   0.4994300  7.782184e-01  4.033733e-04  7.782210e-01  4.033989e-04  7.338541e-01  3.599068e-04  
   0.5204300  7.790828e-01  4.213258e-04  7.790854e-01  4.213526e-04  7.346253e-01  3.758839e-04  
   0.5414300  7.799854e-01  4.394341e-04  7.799879e-01  4.394620e-04  7.354305e-01  3.919948e-04  
   0.5614300  7.808810e-01  4.568250e-04  7.808836e-01  4.568537e-04  7.362295e-01  4.074619e-04  
   0.5824300  7.818595e-01  4.752396e-04  7.818623e-01  4.752688e-04  7.371023e-01  4.238337e-04  
   0.6034300  7.828766e-01  4.938148e-04  7.828792e-01  4.938446e-04  7.380092e-01  4.403420e-04  
   0.6244300  7.839333e-01  5.125565e-04  7.839361e-01  5.125866e-04  7.389515e-01  4.569920e-04  
   0.6454300  7.850295e-01  5.314700e-04  7.850325e-01  5.315002e-04  7.399288e-01  4.737875e-04  
   0.6664300  7.861661e-01  5.505611e-04  7.861691e-01  5.505913e-04  7.409420e-01  4.907341e-04  
   0.6864300  7.872857e-01  5.689142e-04  7.872886e-01  5.689444e-04  7.419398e-01  5.070188e-04  
   0.7074300  7.885011e-01  5.883719e-04  7.885040e-01  5.884020e-04  7.430228e-01  5.242761e-04  
   0.7284300  7.897573e-01  6.080279e-04  7.897603e-01  6.080575e-04  7.441425e-01  5.417013e-04  
   0.7494300  7.910554e-01  6.278893e-04  7.910584e-01  6.279190e-04  7.452989e-01  5.593013e-04  
   0.7704300  7.923950e-01  6.479638e-04  7.923982e-01  6.479934e-04  7.464920e-01  5.770819e-04  
   0.7914300  7.937774e-01  6.682597e-04  7.937806e-01  6.682892e-04  7.477230e-01  5.950503e-04  
   0.8114300  7.951331e-01  6.878020e-04  7.951363e-01  6.878318e-04  7.489303e-01  6.123437e-04  
   0.8324300  7.965992e-01  7.085540e-04  7.966025e-01  7.085839e-04  7.502354e-01  6.306986e-04  
   0.8540300  7.981532e-01  7.301564e-04  7.981564e-01  7.301871e-04  7.516186e-01  6.497969e-04  
   0.8740300  7.996335e-01  7.503999e-04  7.996370e-01  7.504316e-04  7.529356e-01  6.676852e-04  
   0.8950300  8.012319e-01  7.719151e-04  8.012353e-01  7.719481e-04  7.543579e-01  6.866876e-04  
   0.9160300  8.028754e-01  7.937062e-04  8.028788e-01  7.937404e-04  7.558200e-01  7.059238e-04  
   0.9370300  8.045650e-01  8.157835e-04  8.045685e-01  8.158193e-04  7.573226e-01  7.254026e-04  
   0.9580300  8.063013e-01  8.381577e-04  8.063049e-01  8.381953e-04  7.588664e-01  7.451322e-04  
   0.9780300  8.079991e-01  8.597531e-04  8.080031e-01  8.597925e-04  7.603756e-01  7.641649e-04  
   0.9990300  8.098286e-01  8.827392e-04  8.098325e-01  8.827809e-04  7.620017e-01  7.844123e-04  
   1.0200300  8.117068e-01  9.060567e-04  8.117107e-01  9.061007e-04  7.636704e-01  8.049387e-04  
   1.0410300  8.136345e-01  9.297160e-04  8.136383e-01  9.297625e-04  7.653826e-01  8.257545e-04  
   1.0620300  8.156123e-01  9.537305e-04  8.156164e-01  9.537793e-04  7.671392e-01  8.468696e-04  
   1.0830300  8.176412e-01  9.781121e-04  8.176453e-01  9.781636e-04  7.689406e-01  8.682935e-04  
   1.1030300  8.196211e-01  1.001685e-03  8.196256e-01  1.001740e-03  7.706980e-01  8.889947e-04  
   1.1240300  8.217514e-01  1.026821e-03  8.217559e-01  1.026878e-03  7.725884e-01  9.110529e-04  
   1.1450300  8.239347e-01  1.052363e-03  8.239395e-01  1.052422e-03  7.745254e-01  9.334527e-04  
   1.1660300  8.261723e-01  1.078324e-03  8.261770e-01  1.078386e-03  7.765099e-01  9.562045e-04  
   1.1870300  8.284649e-01  1.104720e-03  8.284695e-01  1.104785e-03  7.785425e-01  9.793220e-04  
   1.2080300  8.308132e-01  1.131566e-03  8.308181e-01  1.131633e-03  7.806240e-01  1.002816e-03  
   1.2280300  8.331022e-01  1.157565e-03  8.331069e-01  1.157634e-03  7.826520e-01  1.025554e-03  
   1.2490300  8.355619e-01  1.185335e-03  8.355668e-01  1.185407e-03  7.848309e-01  1.049822e-03  
   1.2706300  8.381536e-01  1.214419e-03  8.381587e-01  1.214494e-03  7.871260e-01  1.075221e-03  
   1.2906300  8.406094e-01  1.241836e-03  8.406146e-01  1.241914e-03  7.893001e-01  1.099145e-03  
   1.3116300  8.432478e-01  1.271149e-03  8.432532e-01  1.271228e-03  7.916348e-01  1.124703e-03  
   1.3326300  8.459479e-01  1.301016e-03  8.459534e-01  1.301098e-03  7.940235e-01  1.150726e-03  
   1.3536299  8.487114e-01  1.331460e-03  8.487169e-01  1.331544e-03  7.964672e-01  1.177230e-03  
   1.3746300  8.515394e-01  1.362501e-03  8.515451e-01  1.362588e-03  7.989672e-01  1.204233e-03  
   1.3946300  8.542941e-01  1.392642e-03  8.543001e-01  1.392731e-03  8.014016e-01  1.230432e-03  
   1.4156300  8.572524e-01  1.424918e-03  8.572583e-01  1.425009e-03  8.040147e-01  1.258465e-03  
   1.4366300  8.602790e-01  1.457861e-03  8.602852e-01  1.457954e-03  8.066875e-01  1.287052e-03  
   1.4576300  8.633758e-01  1.491496e-03  8.633823e-01  1.491591e-03  8.094208e-01  1.316217e-03  
   1.4786299  8.665445e-01  1.525850e-03  8.665510e-01  1.525946e-03  8.122165e-01  1.345979e-03  
   1.4996300  8.697860e-01  1.560949e-03  8.697928e-01  1.561047e-03  8.150755e-01  1.376359e-03  
   1.5196300  8.729424e-01  1.595095e-03  8.729489e-01  1.595195e-03  8.178579e-01  1.405890e-03  
   1.5406300  8.763308e-01  1.631732e-03  8.763377e-01  1.631833e-03  8.208439e-01  1.437547e-03  
   1.5616300  8.797973e-01  1.669200e-03  8.798044e-01  1.669302e-03  8.238971e-01  1.469893e-03  
   1.5826300  8.833433e-01  1.707532e-03  8.833507e-01  1.707636e-03  8.270189e-01  1.502955e-03  
   1.6036299  8.869705e-01  1.746761e-03  8.869780e-01  1.746868e-03  8.302107e-01  1.536759e-03  
   1.6246300  8.906813e-01  1.786925e-03  8.906888e-01  1.787033e-03  8.334743e-01  1.571335e-03  
   1.6446300  8.942936e-01  1.826077e-03  8.943014e-01  1.826187e-03  8.366504e-01  1.605009e-03  
   1.6656300  8.981718e-01  1.868172e-03  8.981798e-01  1.868284e-03  8.400583e-01  1.641179e-03  
   1.6872300  9.022547e-01  1.912566e-03  9.022629e-01  1.912680e-03  8.436440e-01  1.679288e-03  
   1.7072300  9.061214e-01  1.954704e-03  9.061301e-01  1.954821e-03  8.470383e-01  1.715425e-03  
   1.7282300  9.102728e-01  2.000064e-03  9.102816e-01  2.000184e-03  8.506808e-01  1.754286e-03  
   1.7492300  9.145209e-01  2.046614e-03  9.145298e-01  2.046737e-03  8.544056e-01  1.794129e-03  
   1.7702301  9.188678e-01  2.094408e-03  9.188770e-01  2.094533e-03  8.582152e-01  1.834994e-03  
   1.7912300  9.233164e-01  2.143501e-03  9.233262e-01  2.143630e-03  8.621117e-01  1.876930e-03  
   1.8112299  9.276510e-01  2.191521e-03  9.276604e-01  2.191652e-03  8.659056e-01  1.917908e-03  
   1.8322300  9.323065e-01  2.243327e-03  9.323165e-01  2.243462e-03  8.699787e-01  1.962077e-03  
   1.8532300  9.370726e-01  2.296620e-03  9.370829e-01  2.296760e-03  8.741460e-01  2.007470e-03  
   1.8742300  9.419530e-01  2.351473e-03  9.419634e-01  2.351615e-03  8.784102e-01  2.054145e-03  
   1.8952301  9.469502e-01  2.407961e-03  9.469608e-01  2.408108e-03  8.827736e-01  2.102168e-03  
   1.9162300  9.520681e-01  2.466166e-03  9.520792e-01  2.466317e-03  8.872395e-01  2.151606e-03  
   1.9362299  9.570567e-01  2.523278e-03  9.570684e-01  2.523434e-03  8.915898e-01  2.200071e-03  
   1.9572300  9.624199e-01  2.585101e-03  9.624316e-01  2.585263e-03  8.962632e-01  2.252492e-03  
   1.9782300  9.679149e-01  2.648929e-03  9.679267e-01  2.649095e-03  9.010482e-01  2.306567e-03  
   1.9992300  9.735445e-01  2.714875e-03  9.735566e-01  2.715048e-03  9.059474e-01  2.362392e-03  
   2.0202301  9.793152e-01  2.783067e-03  9.793279e-01  2.783246e-03  9.109644e-01  2.420075e-03  
   2.0412300  9.852296e-01  2.853643e-03  9.852426e-01  2.853828e-03  9.161029e-01  2.479735e-03  
   2.0612299  9.910005e-01  2.923215e-03  9.910141e-01  2.923406e-03  9.211133e-01  2.538513e-03  
   2.0822301  9.972106e-01  2.998902e-03  9.972244e-01  2.999101e-03  9.265004e-01  2.602430e-03  
   2.1038301  1.003765e+00  3.079769e-03  1.003779e+00  3.079976e-03  9.321812e-01  2.670699e-03  
   2.1238301  1.009990e+00  3.157565e-03  1.010004e+00  3.157781e-03  9.375713e-01  2.736367e-03  
   2.1448300  1.016693e+00  3.242499e-03  1.016707e+00  3.242725e-03  9.433708e-01  2.808061e-03  
   2.1658299  1.023572e+00  3.331013e-03  1.023587e+00  3.331248e-03  9.493182e-01  2.882796e-03  
   2.1868300  1.030637e+00  3.423391e-03  1.030653e+00  3.423638e-03  9.554187e-01  2.960829e-03  
   2.2078300  1.037892e+00  3.519950e-03  1.037909e+00  3.520207e-03  9.616787e-01  3.042441e-03  
   2.2278299  1.044987e+00  3.616112e-03  1.045004e+00  3.616383e-03  9.677942e-01  3.123788e-03  
   2.2488301  1.052639e+00  3.721864e-03  1.052656e+00  3.722147e-03  9.743823e-01  3.213335e-03  
   2.2698300  1.060504e+00  3.832923e-03  1.060522e+00  3.833222e-03  9.811474e-01  3.307486e-03  
   2.2908299  1.068594e+00  3.949754e-03  1.068612e+00  3.950072e-03  9.880984e-01  3.406662e-03  
   2.3118300  1.076917e+00  4.072864e-03  1.076936e+00  4.073197e-03  9.952411e-01  3.511319e-03  
   2.3328300  1.085483e+00  4.202790e-03  1.085503e+00  4.203144e-03  1.002584e+00  3.621948e-03  
   2.3528299  1.093877e+00  4.333425e-03  1.093898e+00  4.333796e-03  1.009770e+00  3.733364e-03  
   2.3738301  1.102949e+00  4.478452e-03  1.102970e+00  4.478846e-03  1.017527e+00  3.857282e-03  
   2.3948300  1.112298e+00  4.632230e-03  1.112320e+00  4.632647e-03  1.025509e+00  3.988942e-03  
   2.4158299  1.121936e+00  4.795533e-03  1.121959e+00  4.795973e-03  1.033727e+00  4.129065e-03  
   2.4368300  1.131878e+00  4.969206e-03  1.131902e+00  4.969672e-03  1.042191e+00  4.278447e-03  
   2.4578300  1.142138e+00  5.154181e-03  1.142163e+00  5.154677e-03  1.050913e+00  4.437963e-03  
   2.4778299  1.152221e+00  5.341800e-03  1.152246e+00  5.342327e-03  1.059470e+00  4.600201e-03  
   2.4988301  1.163152e+00  5.551933e-03  1.163178e+00  5.552496e-03  1.068731e+00  4.782436e-03  
   2.5204301  1.174782e+00  5.783463e-03  1.174809e+00  5.784065e-03  1.078568e+00  4.983854e-03  
   2.5404301  1.185922e+00  6.013156e-03  1.185950e+00  6.013800e-03  1.087971e+00  5.184286e-03  
   2.5614300  1.198023e+00  6.271876e-03  1.198053e+00  6.272565e-03  1.098166e+00  5.410695e-03  
   2.5824299  1.210566e+00  6.550581e-03  1.210595e+00  6.551325e-03  1.108710e+00  5.655238e-03  
   2.6034300  1.223577e+00  6.851768e-03  1.223609e+00  6.852570e-03  1.119622e+00  5.920037e-03  
   2.6244299  1.237089e+00  7.178474e-03  1.237122e+00  7.179341e-03  1.130926e+00  6.207581e-03  
   2.6444299  1.250454e+00  7.516842e-03  1.250489e+00  7.517778e-03  1.142078e+00  6.505318e-03  
   2.6654301  1.265047e+00  7.905395e-03  1.265083e+00  7.906409e-03  1.154219e+00  6.846506e-03  
   2.6864300  1.280254e+00  8.334225e-03  1.280291e+00  8.335327e-03  1.166831e+00  7.221348e-03  
   2.7074299  1.296126e+00  8.811682e-03  1.296165e+00  8.812881e-03  1.179949e+00  7.635478e-03  
   2.7284300  1.312718e+00  9.348950e-03  1.312758e+00  9.350263e-03  1.193609e+00  8.096049e-03  
   2.7494299  1.330091e+00  9.961138e-03  1.330133e+00  9.962585e-03  1.207853e+00  8.612271e-03  
   2.7694299  1.347428e+00  1.063257e-02  1.347473e+00  1.063417e-02  1.222003e+00  9.166557e-03  
   2.7904301  1.366540e+00  1.145706e-02  1.366586e+00  1.145886e-02  1.237525e+00  9.829187e-03  
   2.8114300  1.386668e+00  1.244085e-02  1.386717e+00  1.244291e-02  1.253784e+00  1.059416e-02  
   2.8324299  1.407914e+00  1.363435e-02  1.407966e+00  1.363673e-02  1.270843e+00  1.148753e-02  
   2.8534300  1.430387e+00  1.510484e-02  1.430441e+00  1.510766e-02  1.288774e+00  1.254305e-02  
   2.8744299  1.454204e+00  1.694101e-02  1.454262e+00  1.694441e-02  1.307655e+00  1.380421e-02  
   2.8944299  1.478253e+00  1.913488e-02  1.478314e+00  1.913902e-02  1.326596e+00  1.524733e-02  
   2.9154301  1.505062e+00  2.204663e-02  1.505128e+00  2.205178e-02  1.347582e+00  1.708443e-02  
   2.9370301  1.534435e+00  2.588200e-02  1.534505e+00  2.588855e-02  1.370440e+00  1.940999e-02  
   2.9570301  1.563365e+00  3.040439e-02  1.563438e+00  3.041262e-02  1.392848e+00  2.206109e-02  
   2.9780300  1.595629e+00  3.642070e-02  1.595707e+00  3.643123e-02  1.417762e+00  2.549242e-02  
   2.9990301  1.629891e+00  4.404905e-02  1.629974e+00  4.406249e-02  1.444190e+00  2.975140e-02  
   3.0200300  1.666170e+00  5.365298e-02  1.666258e+00  5.367008e-02  1.472219e+00  3.503851e-02  
   3.0410299  1.704424e+00  6.563700e-02  1.704518e+00  6.565861e-02  1.501917e+00  4.159195e-02  
   3.0610299  1.742586e+00  7.966118e-02  1.742685e+00  7.968799e-02  1.531793e+00  4.926427e-02  
   3.0820301  1.784274e+00  9.756120e-02  1.784379e+00  9.759445e-02  1.564838e+00  5.912656e-02  
   3.1030300  1.827317e+00  1.191529e-01  1.827426e+00  1.191936e-01  1.599553e+00  7.118605e-02  
   3.1240301  1.871308e+00  1.448561e-01  1.871421e+00  1.449054e-01  1.635829e+00  8.582580e-02  
   3.1450300  1.915726e+00  1.750342e-01  1.915842e+00  1.750930e-01  1.673477e+00  1.034481e-01  
   3.1660299  1.959957e+00  2.099669e-01  1.960076e+00  2.100361e-01  1.712220e+00  1.244605e-01  
   3.1860299  2.001276e+00  2.478109e-01  2.001395e+00  2.478907e-01  1.749793e+00  1.479830e-01  
   3.2070301  2.043090e+00  2.923843e-01  2.043209e+00  2.924754e-01  1.789499e+00  1.767080e-01  
   3.2280300  2.082542e+00  3.417968e-01  2.082659e+00  3.418996e-01  1.828903e+00  2.098406e-01  
   3.2490301  2.118876e+00  3.957733e-01  2.118989e+00  3.958876e-01  1.867347e+00  2.475769e-01  
   3.2700300  2.151393e+00  4.538781e-01  2.151500e+00  4.540034e-01  1.904101e+00  2.899895e-01  
   3.2910299  2.179494e+00  5.155327e-01  2.179593e+00  5.156682e-01  1.938396e+00  3.370066e-01  
   3.3110299  2.201721e+00  5.769155e-01  2.201813e+00  5.770597e-01  1.968060e+00  3.858528e-01  
   3.3320301  2.220001e+00  6.434176e-01  2.220083e+00  6.435697e-01  1.995344e+00  4.410267e-01  
   3.3536301  2.233260e+00  7.131619e-01  2.233329e+00  7.133213e-01  2.018587e+00  5.013375e-01  
   3.3736300  2.240561e+00  7.781913e-01  2.240620e+00  7.783557e-01  2.035227e+00  5.597228e-01  
   3.3946300  2.243288e+00  8.461972e-01  2.243334e+00  8.463656e-01  2.047264e+00  6.228332e-01  
   3.4156301  2.241306e+00  9.132569e-01  2.241338e+00  9.134283e-01  2.053526e+00  6.868681e-01  
   3.4366300  2.235084e+00  9.788106e-01  2.235104e+00  9.789848e-01  2.054009e+00  7.508404e-01  
   3.4576299  2.225168e+00  1.042439e+00  2.225175e+00  1.042615e+00  2.048925e+00  8.137727e-01  
   3.4776299  2.212811e+00  1.100994e+00  2.212806e+00  1.101172e+00  2.039287e+00  8.719019e-01  
   3.4986300  2.197311e+00  1.160193e+00  2.197291e+00  1.160373e+00  2.024709e+00  9.302647e-01  
   3.5196300  2.179721e+00  1.217025e+00  2.179690e+00  1.217206e+00  2.006304e+00  9.852463e-01  
   3.5406301  2.160475e+00  1.271551e+00  2.160430e+00  1.271735e+00  1.984926e+00  1.036385e+00  
   3.5616300  2.139905e+00  1.323887e+00  2.139848e+00  1.324074e+00  1.961478e+00  1.083428e+00  
   3.5826299  2.118252e+00  1.374174e+00  2.118183e+00  1.374364e+00  1.936857e+00  1.126342e+00  
   3.6026299  2.096761e+00  1.420280e+00  2.096682e+00  1.420473e+00  1.913081e+00  1.163529e+00  
   3.6236300  2.073366e+00  1.466911e+00  2.073276e+00  1.467108e+00  1.888464e+00  1.199041e+00  
   3.6446300  2.049161e+00  1.511768e+00  2.049061e+00  1.511969e+00  1.864767e+00  1.231406e+00  
   3.6656301  2.024177e+00  1.554851e+00  2.024068e+00  1.555054e+00  1.842388e+00  1.261196e+00  
   3.6866300  1.998464e+00  1.596109e+00  1.998348e+00  1.596314e+00  1.821544e+00  1.289010e+00  
   3.7076299  1.972117e+00  1.635461e+00  1.971994e+00  1.635666e+00  1.802280e+00  1.315431e+00  
   3.7276299  1.946580e+00  1.671078e+00  1.946453e+00  1.671283e+00  1.785321e+00  1.339767e+00  
   3.7486300  1.919529e+00  1.706443e+00  1.919400e+00  1.706647e+00  1.768785e+00  1.364843e+00  
   3.7702301  1.891786e+00  1.740599e+00  1.891657e+00  1.740800e+00  1.752887e+00  1.390416e+00  
   3.7902300  1.866541e+00  1.770236e+00  1.866412e+00  1.770434e+00  1.738946e+00  1.414035e+00  
   3.8112299  1.840935e+00  1.799407e+00  1.840809e+00  1.799601e+00  1.724927e+00  1.438810e+00  
   3.8322301  1.816737e+00  1.826797e+00  1.816616e+00  1.826987e+00  1.711441e+00  1.463502e+00  
   3.8532300  1.794451e+00  1.852751e+00  1.794337e+00  1.852936e+00  1.698494e+00  1.488007e+00  
   3.8742299  1.774551e+00  1.877746e+00  1.774443e+00  1.877927e+00  1.686216e+00  1.512219e+00  
   3.8942299  1.758191e+00  1.901217e+00  1.758091e+00  1.901397e+00  1.675362e+00  1.534946e+00  
   3.9152300  1.744026e+00  1.926213e+00  1.743935e+00  1.926393e+00  1.665157e+00  1.558483e+00  
   3.9362299  1.733108e+00  1.952399e+00  1.733026e+00  1.952580e+00  1.656547e+00  1.581830e+00  
   3.9572301  1.725417e+00  1.980697e+00  1.725343e+00  1.980883e+00  1.649914e+00  1.605283e+00  
   3.9782300  1.720723e+00  2.012076e+00  1.720658e+00  2.012269e+00  1.645597e+00  1.629292e+00  
   3.9992299  1.718564e+00  2.047512e+00  1.718506e+00  2.047714e+00  1.643834e+00  1.654465e+00  
   4.0192299  1.718222e+00  2.085882e+00  1.718171e+00  2.086096e+00  1.644623e+00  1.680208e+00  
   4.0402298  1.718760e+00  2.131819e+00  1.718712e+00  2.132048e+00  1.647957e+00  1.709916e+00  
   4.0612302  1.719076e+00  2.184216e+00  1.719030e+00  2.184462e+00  1.653560e+00  1.743277e+00  
   4.0822301  1.717826e+00  2.243545e+00  1.717779e+00  2.243808e+00  1.660886e+00  1.781235e+00  
   4.1032300  1.713521e+00  2.310035e+00  1.713470e+00  2.310317e+00  1.669134e+00  1.824697e+00  
   4.1242299  1.704588e+00  2.383635e+00  1.704529e+00  2.383934e+00  1.677251e+00  1.874470e+00  
   4.1442299  1.690322e+00  2.460020e+00  1.690250e+00  2.460335e+00  1.683682e+00  1.928333e+00  
   4.1652298  1.667812e+00  2.546204e+00  1.667725e+00  2.546533e+00  1.687636e+00  1.992076e+00  
   4.1868300  1.635132e+00  2.640272e+00  1.635025e+00  2.640612e+00  1.687001e+00  2.065469e+00  
   4.2068300  1.595084e+00  2.731143e+00  1.594955e+00  2.731490e+00  1.680522e+00  2.140323e+00  
   4.2278299  1.541905e+00  2.829071e+00  1.541750e+00  2.829421e+00  1.665901e+00  2.225512e+00  
   4.2488298  1.476579e+00  2.927983e+00  1.476395e+00  2.928330e+00  1.641585e+00  2.316510e+00  
   4.2698302  1.398629e+00  3.026129e+00  1.398413e+00  3.026468e+00  1.606016e+00  2.411972e+00  
   4.2908301  1.307890e+00  3.121658e+00  1.307639e+00  3.121983e+00  1.557891e+00  2.510166e+00  
   4.3108301  1.209700e+00  3.208486e+00  1.209415e+00  3.208794e+00  1.499508e+00  2.604352e+00  
   4.3318300  1.094651e+00  3.293478e+00  1.094329e+00  3.293766e+00  1.424514e+00  2.701736e+00  
   4.3528299  9.680523e-01  3.370331e+00  9.676942e-01  3.370596e+00  1.335449e+00  2.795152e+00  
   4.3738298  8.308726e-01  3.437272e+00  8.304786e-01  3.437511e+00  1.232796e+00  2.882093e+00  
   4.3948302  6.843206e-01  3.492638e+00  6.838923e-01  3.492852e+00  1.117577e+00  2.960128e+00  
   4.4158301  5.298429e-01  3.534906e+00  5.293831e-01  3.535094e+00  9.913350e-01  3.027027e+00  
   4.4358301  3.768557e-01  3.561754e+00  3.763690e-01  3.561919e+00  8.626753e-01  3.078642e+00  
   4.4568300  2.118217e-01  3.574775e+00  2.113107e-01  3.574918e+00  7.209889e-01  3.118700e+00  
   4.4778299  4.424797e-02  3.571392e+00  4.371764e-02  3.571512e+00  5.751003e-01  3.143291e+00  
   4.4988298  -1.237308e-01  3.551013e+00  -1.242755e-01  3.551115e+00  4.277188e-01  3.151947e+00  
   4.5198302  -2.898812e-01  3.513398e+00  -2.904346e-01  3.513483e+00  2.815290e-01  3.144754e+00  
   4.5408301  -4.519028e-01  3.458686e+00  -4.524592e-01  3.458755e+00  1.390738e-01  3.122313e+00  
   4.5608301  -6.002795e-01  3.391188e+00  -6.008337e-01  3.391245e+00  8.949871e-03  3.087735e+00  
   4.5818300  -7.477173e-01  3.305095e+00  -7.482643e-01  3.305140e+00  -1.200069e-01  3.038943e+00  
   4.6034298  -8.882964e-01  3.201736e+00  -8.888314e-01  3.201772e+00  -2.428798e-01  2.977189e+00  
   4.6234298  -1.006741e+00  3.094349e+00  -1.007262e+00  3.094376e+00  -3.468058e-01  2.911320e+00  
   4.6444302  -1.117518e+00  2.971597e+00  -1.118021e+00  2.971619e+00  -4.451065e-01  2.835064e+00  
   4.6654301  -1.213276e+00  2.841024e+00  -1.213759e+00  2.841041e+00  -5.320655e-01  2.753455e+00  
   4.6864300  -1.293356e+00  2.705250e+00  -1.293819e+00  2.705261e+00  -6.077715e-01  2.668341e+00  
   4.7074299  -1.357581e+00  2.566962e+00  -1.358023e+00  2.566970e+00  -6.725949e-01  2.581419e+00  
   4.7274299  -1.404280e+00  2.435321e+00  -1.404703e+00  2.435326e+00  -7.247490e-01  2.498338e+00  
   4.7484298  -1.438837e+00  2.299514e+00  -1.439240e+00  2.299517e+00  -7.701535e-01  2.412042e+00  
   4.7694302  -1.459672e+00  2.168312e+00  -1.460058e+00  2.168311e+00  -8.067883e-01  2.327782e+00  
   4.7904301  -1.468209e+00  2.043529e+00  -1.468580e+00  2.043525e+00  -8.355237e-01  2.246445e+00  
   4.8114300  -1.466079e+00  1.926562e+00  -1.466435e+00  1.926554e+00  -8.572423e-01  2.168713e+00  
   4.8324299  -1.455012e+00  1.818393e+00  -1.455354e+00  1.818378e+00  -8.728064e-01  2.095092e+00  
   4.8524299  -1.437754e+00  1.724078e+00  -1.438083e+00  1.724057e+00  -8.826613e-01  2.029111e+00  
   4.8734298  -1.414178e+00  1.634390e+00  -1.414493e+00  1.634361e+00  -8.885354e-01  1.964365e+00  
   4.8944302  -1.386521e+00  1.554173e+00  -1.386823e+00  1.554133e+00  -8.905310e-01  1.904342e+00  
   4.9154301  -1.356140e+00  1.483083e+00  -1.356428e+00  1.483032e+00  -8.893011e-01  1.849023e+00  
   4.9364300  -1.324194e+00  1.420588e+00  -1.324467e+00  1.420524e+00  -8.854339e-01  1.798301e+00  
   4.9574299  -1.291636e+00  1.366034e+00  -1.291893e+00  1.365956e+00  -8.794531e-01  1.752003e+00  
   4.9774299  -1.260754e+00  1.320801e+00  -1.260996e+00  1.320708e+00  -8.722146e-01  1.711822e+00  
   4.9984298  -1.229019e+00  1.279647e+00  -1.229244e+00  1.279539e+00  -8.633792e-01  1.673490e+00  
