w Re-xx Im-xx Re-yy Im-yy Re-zz Im-zz
# Gaussian absolute broadening  0.15 [eV]
   0.0000000  7.685876e-01  8.840471e-05  7.685907e-01  8.840657e-05  7.246287e-01  7.878743e-05  
   0.0200000  7.686878e-01  9.461544e-05  7.686908e-01  9.461765e-05  7.247179e-01  8.432228e-05  
   0.0410000  7.688066e-01  1.016927e-04  7.688097e-01  1.016954e-04  7.248238e-01  9.062909e-05  
   0.0620000  7.689421e-01  1.093759e-04  7.689452e-01  1.093790e-04  7.249445e-01  9.747539e-05  
   0.0830000  7.690957e-01  1.176987e-04  7.690989e-01  1.177024e-04  7.250813e-01  1.048912e-04  
   0.1040000  7.692701e-01  1.266908e-04  7.692732e-01  1.266951e-04  7.252370e-01  1.129028e-04  
   0.1240000  7.694573e-01  1.358980e-04  7.694602e-01  1.359030e-04  7.254036e-01  1.211055e-04  
   0.1450000  7.696778e-01  1.462564e-04  7.696810e-01  1.462622e-04  7.256004e-01  1.303328e-04  
   0.1660000  7.699257e-01  1.573288e-04  7.699289e-01  1.573355e-04  7.258213e-01  1.401953e-04  
   0.1870000  7.702028e-01  1.691118e-04  7.702059e-01  1.691194e-04  7.260678e-01  1.506896e-04  
   0.2080000  7.705110e-01  1.815908e-04  7.705140e-01  1.815995e-04  7.263426e-01  1.618025e-04  
   0.2290000  7.708523e-01  1.947407e-04  7.708552e-01  1.947505e-04  7.266467e-01  1.735113e-04  
   0.2490000  7.712094e-01  2.078558e-04  7.712126e-01  2.078667e-04  7.269647e-01  1.851875e-04  
   0.2700000  7.716195e-01  2.222058e-04  7.716227e-01  2.222179e-04  7.273302e-01  1.979612e-04  
   0.2910000  7.720664e-01  2.370998e-04  7.720696e-01  2.371133e-04  7.277284e-01  2.112169e-04  
   0.3120000  7.725510e-01  2.524841e-04  7.725543e-01  2.524989e-04  7.281601e-01  2.249066e-04  
   0.3330000  7.730738e-01  2.683037e-04  7.730771e-01  2.683199e-04  7.286258e-01  2.389808e-04  
   0.3540000  7.736351e-01  2.845049e-04  7.736384e-01  2.845227e-04  7.291256e-01  2.533917e-04  
   0.3740000  7.742056e-01  3.002443e-04  7.742089e-01  3.002634e-04  7.296337e-01  2.673886e-04  
   0.3950000  7.748420e-01  3.170525e-04  7.748454e-01  3.170732e-04  7.302005e-01  2.823327e-04  
   0.4160000  7.755169e-01  3.341123e-04  7.755203e-01  3.341345e-04  7.308012e-01  2.974966e-04  
   0.4374300  7.762458e-01  3.517489e-04  7.762491e-01  3.517726e-04  7.314504e-01  3.131691e-04  
   0.4574300  7.769614e-01  3.683927e-04  7.769649e-01  3.684179e-04  7.320876e-01  3.279554e-04  
   0.4784300  7.777502e-01  3.860434e-04  7.777537e-01  3.860701e-04  7.327899e-01  3.436318e-04  
   0.4994300  7.785773e-01  4.038609e-04  7.785808e-01  4.038890e-04  7.335261e-01  3.594515e-04  
   0.5204300  7.794428e-01  4.218380e-04  7.794464e-01  4.218674e-04  7.342960e-01  3.754081e-04  
   0.5414300  7.803466e-01  4.399712e-04  7.803501e-01  4.400020e-04  7.351005e-01  3.914979e-04  
   0.5614300  7.812435e-01  4.573859e-04  7.812470e-01  4.574177e-04  7.358983e-01  4.069449e-04  
   0.5824300  7.822229e-01  4.758255e-04  7.822266e-01  4.758584e-04  7.367701e-01  4.232955e-04  
   0.6034300  7.832413e-01  4.944261e-04  7.832450e-01  4.944599e-04  7.376759e-01  4.397828e-04  
   0.6244300  7.842994e-01  5.131930e-04  7.843032e-01  5.132278e-04  7.386170e-01  4.564112e-04  
   0.6454300  7.853972e-01  5.321319e-04  7.854011e-01  5.321674e-04  7.395932e-01  4.731854e-04  
   0.6664300  7.865351e-01  5.512490e-04  7.865390e-01  5.512850e-04  7.406049e-01  4.901102e-04  
   0.6864300  7.876560e-01  5.696269e-04  7.876601e-01  5.696634e-04  7.416015e-01  5.063741e-04  
   0.7074300  7.888730e-01  5.891106e-04  7.888767e-01  5.891479e-04  7.426831e-01  5.236093e-04  
   0.7284300  7.901309e-01  6.087930e-04  7.901348e-01  6.088309e-04  7.438011e-01  5.410123e-04  
   0.7494300  7.914306e-01  6.286816e-04  7.914345e-01  6.287203e-04  7.449561e-01  5.585895e-04  
   0.7704300  7.927719e-01  6.487839e-04  7.927760e-01  6.488232e-04  7.461479e-01  5.763470e-04  
   0.7914300  7.941558e-01  6.691082e-04  7.941601e-01  6.691483e-04  7.473772e-01  5.942916e-04  
   0.8114300  7.955134e-01  6.886778e-04  7.955177e-01  6.887189e-04  7.485827e-01  6.115616e-04  
   0.8324300  7.969816e-01  7.094592e-04  7.969857e-01  7.095011e-04  7.498863e-01  6.298915e-04  
   0.8540300  7.985373e-01  7.310933e-04  7.985418e-01  7.311361e-04  7.512677e-01  6.489631e-04  
   0.8740300  8.000197e-01  7.513666e-04  8.000240e-01  7.514104e-04  7.525833e-01  6.668261e-04  
   0.8950300  8.016199e-01  7.729142e-04  8.016245e-01  7.729588e-04  7.540033e-01  6.858011e-04  
   0.9160300  8.032659e-01  7.947383e-04  8.032702e-01  7.947840e-04  7.554634e-01  7.050089e-04  
   0.9370300  8.049578e-01  8.168495e-04  8.049622e-01  8.168963e-04  7.569643e-01  7.244583e-04  
   0.9580300  8.066962e-01  8.392586e-04  8.067008e-01  8.393062e-04  7.585059e-01  7.441578e-04  
   0.9780300  8.083963e-01  8.608880e-04  8.084012e-01  8.609366e-04  7.600132e-01  7.631612e-04  
   0.9990300  8.102283e-01  8.839109e-04  8.102331e-01  8.839606e-04  7.616369e-01  7.833773e-04  
   1.0200300  8.121089e-01  9.072659e-04  8.121137e-01  9.073166e-04  7.633034e-01  8.038718e-04  
   1.0410300  8.140392e-01  9.309638e-04  8.140441e-01  9.310155e-04  7.650135e-01  8.246547e-04  
   1.0620300  8.160198e-01  9.550174e-04  8.160248e-01  9.550708e-04  7.667680e-01  8.457364e-04  
   1.0830300  8.180513e-01  9.794394e-04  8.180564e-01  9.794940e-04  7.685665e-01  8.671266e-04  
   1.1030300  8.200339e-01  1.003051e-03  8.200393e-01  1.003108e-03  7.703215e-01  8.877948e-04  
   1.1240300  8.221672e-01  1.028229e-03  8.221726e-01  1.028287e-03  7.722094e-01  9.098177e-04  
   1.1450300  8.243537e-01  1.053813e-03  8.243591e-01  1.053872e-03  7.741439e-01  9.321820e-04  
   1.1660300  8.265941e-01  1.079818e-03  8.265997e-01  1.079880e-03  7.761256e-01  9.548980e-04  
   1.1870300  8.288899e-01  1.106259e-03  8.288955e-01  1.106322e-03  7.781554e-01  9.779779e-04  
   1.2080300  8.312414e-01  1.133151e-03  8.312471e-01  1.133216e-03  7.802342e-01  1.001435e-03  
   1.2280300  8.335337e-01  1.159195e-03  8.335394e-01  1.159262e-03  7.822593e-01  1.024136e-03  
   1.2490300  8.359966e-01  1.187014e-03  8.360026e-01  1.187082e-03  7.844352e-01  1.048365e-03  
   1.2706300  8.385923e-01  1.216150e-03  8.385984e-01  1.216220e-03  7.867270e-01  1.073723e-03  
   1.2906300  8.410515e-01  1.243616e-03  8.410579e-01  1.243687e-03  7.888979e-01  1.097609e-03  
   1.3116300  8.436937e-01  1.272981e-03  8.436999e-01  1.273053e-03  7.912294e-01  1.123126e-03  
   1.3326300  8.463976e-01  1.302903e-03  8.464042e-01  1.302976e-03  7.936147e-01  1.149106e-03  
   1.3536299  8.491653e-01  1.333403e-03  8.491718e-01  1.333478e-03  7.960551e-01  1.175567e-03  
   1.3746300  8.519975e-01  1.364503e-03  8.520041e-01  1.364579e-03  7.985516e-01  1.202525e-03  
   1.3946300  8.547563e-01  1.394701e-03  8.547631e-01  1.394778e-03  8.009825e-01  1.228680e-03  
   1.4156300  8.577188e-01  1.427039e-03  8.577258e-01  1.427117e-03  8.035920e-01  1.256665e-03  
   1.4366300  8.607499e-01  1.460046e-03  8.607570e-01  1.460126e-03  8.062606e-01  1.285204e-03  
   1.4576300  8.638515e-01  1.493748e-03  8.638588e-01  1.493829e-03  8.089902e-01  1.314318e-03  
   1.4786299  8.670247e-01  1.528170e-03  8.670324e-01  1.528253e-03  8.117817e-01  1.344027e-03  
   1.4996300  8.702714e-01  1.563341e-03  8.702790e-01  1.563426e-03  8.146365e-01  1.374355e-03  
   1.5196300  8.734324e-01  1.597557e-03  8.734402e-01  1.597643e-03  8.174147e-01  1.403832e-03  
   1.5406300  8.768263e-01  1.634270e-03  8.768343e-01  1.634358e-03  8.203964e-01  1.435432e-03  
   1.5616300  8.802980e-01  1.671818e-03  8.803063e-01  1.671908e-03  8.234452e-01  1.467719e-03  
   1.5826300  8.838495e-01  1.710232e-03  8.838580e-01  1.710325e-03  8.265622e-01  1.500719e-03  
   1.6036299  8.874825e-01  1.749547e-03  8.874911e-01  1.749642e-03  8.297495e-01  1.534460e-03  
   1.6246300  8.911989e-01  1.789801e-03  8.912079e-01  1.789897e-03  8.330082e-01  1.568970e-03  
   1.6446300  8.948177e-01  1.829040e-03  8.948267e-01  1.829139e-03  8.361793e-01  1.602579e-03  
   1.6656300  8.987022e-01  1.871232e-03  8.987111e-01  1.871332e-03  8.395820e-01  1.638678e-03  
   1.6872300  9.027917e-01  1.915730e-03  9.028011e-01  1.915832e-03  8.431624e-01  1.676711e-03  
   1.7072300  9.066647e-01  1.957970e-03  9.066743e-01  1.958074e-03  8.465514e-01  1.712775e-03  
   1.7282300  9.108230e-01  2.003440e-03  9.108331e-01  2.003546e-03  8.501881e-01  1.751556e-03  
   1.7492300  9.150781e-01  2.050106e-03  9.150882e-01  2.050216e-03  8.539072e-01  1.791313e-03  
   1.7702301  9.194327e-01  2.098023e-03  9.194427e-01  2.098134e-03  8.577107e-01  1.832089e-03  
   1.7912300  9.238892e-01  2.147246e-03  9.238995e-01  2.147361e-03  8.616009e-01  1.873929e-03  
   1.8112299  9.282308e-01  2.195396e-03  9.282417e-01  2.195513e-03  8.653888e-01  1.914810e-03  
   1.8322300  9.328944e-01  2.247349e-03  9.329058e-01  2.247469e-03  8.694556e-01  1.958868e-03  
   1.8532300  9.376696e-01  2.300800e-03  9.376809e-01  2.300924e-03  8.736160e-01  2.004140e-03  
   1.8742300  9.425583e-01  2.355825e-03  9.425699e-01  2.355952e-03  8.778732e-01  2.050685e-03  
   1.8952301  9.475650e-01  2.412500e-03  9.475769e-01  2.412632e-03  8.822295e-01  2.098562e-03  
   1.9162300  9.526921e-01  2.470912e-03  9.527044e-01  2.471048e-03  8.866878e-01  2.147839e-03  
   1.9362299  9.576904e-01  2.528243e-03  9.577029e-01  2.528384e-03  8.910311e-01  2.196136e-03  
   1.9572300  9.630634e-01  2.590323e-03  9.630762e-01  2.590469e-03  8.956968e-01  2.248357e-03  
   1.9782300  9.685692e-01  2.654443e-03  9.685826e-01  2.654595e-03  9.004737e-01  2.302210e-03  
   1.9992300  9.742099e-01  2.720722e-03  9.742238e-01  2.720881e-03  9.053645e-01  2.357785e-03  
   2.0202301  9.799919e-01  2.789298e-03  9.800059e-01  2.789463e-03  9.103732e-01  2.415191e-03  
   2.0412300  9.859182e-01  2.860319e-03  9.859325e-01  2.860491e-03  9.155030e-01  2.474541e-03  
   2.0612299  9.917009e-01  2.930383e-03  9.917157e-01  2.930562e-03  9.205045e-01  2.532991e-03  
   2.0822301  9.979242e-01  3.006674e-03  9.979391e-01  3.006862e-03  9.258823e-01  2.596529e-03  
   2.1038301  1.004493e+00  3.088271e-03  1.004508e+00  3.088468e-03  9.315534e-01  2.664367e-03  
   2.1238301  1.010730e+00  3.166861e-03  1.010746e+00  3.167068e-03  9.369338e-01  2.729596e-03  
   2.1448300  1.017447e+00  3.252770e-03  1.017464e+00  3.252987e-03  9.427229e-01  2.800791e-03  
   2.1658299  1.024342e+00  3.342425e-03  1.024359e+00  3.342653e-03  9.486597e-01  2.874983e-03  
   2.1868300  1.031423e+00  3.436138e-03  1.031440e+00  3.436379e-03  9.547498e-01  2.952431e-03  
   2.2078300  1.038695e+00  3.534246e-03  1.038712e+00  3.534500e-03  9.609982e-01  3.033418e-03  
   2.2278299  1.045806e+00  3.632108e-03  1.045824e+00  3.632379e-03  9.671024e-01  3.114131e-03  
   2.2488301  1.053475e+00  3.739907e-03  1.053494e+00  3.740192e-03  9.736788e-01  3.202973e-03  
   2.2698300  1.061359e+00  3.853302e-03  1.061379e+00  3.853603e-03  9.804317e-01  3.296382e-03  
   2.2908299  1.069468e+00  3.972777e-03  1.069489e+00  3.973098e-03  9.873701e-01  3.394777e-03  
   2.3118300  1.077811e+00  4.098855e-03  1.077832e+00  4.099195e-03  9.944992e-01  3.498613e-03  
   2.3328300  1.086399e+00  4.232097e-03  1.086421e+00  4.232457e-03  1.001829e+00  3.608385e-03  
   2.3528299  1.094813e+00  4.366213e-03  1.094836e+00  4.366596e-03  1.009001e+00  3.718944e-03  
   2.3738301  1.103908e+00  4.515250e-03  1.103931e+00  4.515658e-03  1.016743e+00  3.841917e-03  
   2.3948300  1.113280e+00  4.673401e-03  1.113303e+00  4.673834e-03  1.024711e+00  3.972576e-03  
   2.4158299  1.122942e+00  4.841442e-03  1.122966e+00  4.841904e-03  1.032914e+00  4.111638e-03  
   2.4368300  1.132909e+00  5.020225e-03  1.132934e+00  5.020719e-03  1.041362e+00  4.259886e-03  
   2.4578300  1.143195e+00  5.210674e-03  1.143221e+00  5.211200e-03  1.050068e+00  4.418186e-03  
   2.4778299  1.153304e+00  5.403845e-03  1.153330e+00  5.404407e-03  1.058610e+00  4.579183e-03  
   2.4988301  1.164262e+00  5.620160e-03  1.164290e+00  5.620762e-03  1.067855e+00  4.760013e-03  
   2.5204301  1.175923e+00  5.858419e-03  1.175951e+00  5.859068e-03  1.077674e+00  4.959874e-03  
   2.5404301  1.187091e+00  6.094677e-03  1.187121e+00  6.095370e-03  1.087059e+00  5.158758e-03  
   2.5614300  1.199224e+00  6.360622e-03  1.199255e+00  6.361369e-03  1.097236e+00  5.383436e-03  
   2.5824299  1.211800e+00  6.646895e-03  1.211832e+00  6.647700e-03  1.107761e+00  5.626151e-03  
   2.6034300  1.224847e+00  6.955976e-03  1.224880e+00  6.956846e-03  1.118654e+00  5.889052e-03  
   2.6244299  1.238396e+00  7.290902e-03  1.238430e+00  7.291839e-03  1.129938e+00  6.174662e-03  
   2.6444299  1.251798e+00  7.637406e-03  1.251834e+00  7.638421e-03  1.141070e+00  6.470575e-03  
   2.6654301  1.266432e+00  8.034842e-03  1.266469e+00  8.035942e-03  1.153189e+00  6.809946e-03  
   2.6864300  1.281683e+00  8.472955e-03  1.281722e+00  8.474153e-03  1.165779e+00  7.183183e-03  
   2.7074299  1.297602e+00  8.960191e-03  1.297642e+00  8.961493e-03  1.178874e+00  7.596066e-03  
   2.7284300  1.314244e+00  9.507876e-03  1.314286e+00  9.509303e-03  1.192510e+00  8.055936e-03  
   2.7494299  1.331671e+00  1.013137e-02  1.331715e+00  1.013294e-02  1.206728e+00  8.572257e-03  
   2.7694299  1.349063e+00  1.081471e-02  1.349110e+00  1.081645e-02  1.220852e+00  9.127658e-03  
   2.7904301  1.368238e+00  1.165341e-02  1.368286e+00  1.165536e-02  1.236345e+00  9.792901e-03  
   2.8114300  1.388436e+00  1.265381e-02  1.388487e+00  1.265604e-02  1.252571e+00  1.056241e-02  
   2.8324299  1.409758e+00  1.386726e-02  1.409812e+00  1.386984e-02  1.269596e+00  1.146275e-02  
   2.8534300  1.432316e+00  1.536225e-02  1.432372e+00  1.536530e-02  1.287488e+00  1.252827e-02  
   2.8744299  1.456229e+00  1.722899e-02  1.456289e+00  1.723267e-02  1.306324e+00  1.380306e-02  
   2.8944299  1.480382e+00  1.945935e-02  1.480445e+00  1.946384e-02  1.325220e+00  1.526313e-02  
   2.9154301  1.507315e+00  2.241935e-02  1.507381e+00  2.242495e-02  1.346150e+00  1.712273e-02  
   2.9370301  1.536833e+00  2.631776e-02  1.536904e+00  2.632491e-02  1.368941e+00  1.947694e-02  
   2.9570301  1.565920e+00  3.091352e-02  1.565995e+00  3.092254e-02  1.391280e+00  2.215983e-02  
   2.9780300  1.598373e+00  3.702568e-02  1.598452e+00  3.703724e-02  1.416111e+00  2.562993e-02  
   2.9990301  1.632855e+00  4.477272e-02  1.632939e+00  4.478753e-02  1.442445e+00  2.993282e-02  
   3.0200300  1.669386e+00  5.452182e-02  1.669475e+00  5.454073e-02  1.470368e+00  3.526819e-02  
   3.0410299  1.707929e+00  6.668098e-02  1.708022e+00  6.670498e-02  1.499948e+00  4.187282e-02  
   3.0610299  1.746400e+00  8.090264e-02  1.746498e+00  8.093248e-02  1.529701e+00  4.959484e-02  
   3.0820301  1.788449e+00  9.904424e-02  1.788551e+00  9.908135e-02  1.562605e+00  5.950790e-02  
   3.1030300  1.831886e+00  1.209135e-01  1.831992e+00  1.209591e-01  1.597167e+00  7.161362e-02  
   3.1240301  1.876298e+00  1.469299e-01  1.876407e+00  1.469851e-01  1.633281e+00  8.629157e-02  
   3.1450300  1.921154e+00  1.774539e-01  1.921265e+00  1.775198e-01  1.670757e+00  1.039401e-01  
   3.1660299  1.965828e+00  2.127602e-01  1.965940e+00  2.128378e-01  1.709321e+00  1.249626e-01  
   3.1860299  2.007553e+00  2.509794e-01  2.007665e+00  2.510686e-01  1.746716e+00  1.484760e-01  
   3.2070301  2.049764e+00  2.959572e-01  2.049874e+00  2.960589e-01  1.786231e+00  1.771677e-01  
   3.2280300  2.089555e+00  3.457733e-01  2.089660e+00  3.458874e-01  1.825436e+00  2.102391e-01  
   3.2490301  2.126143e+00  4.001386e-01  2.126244e+00  4.002646e-01  1.863675e+00  2.478826e-01  
   3.2700300  2.158813e+00  4.586027e-01  2.158907e+00  4.587393e-01  1.900220e+00  2.901681e-01  
   3.2910299  2.186941e+00  5.205720e-01  2.187028e+00  5.207177e-01  1.934302e+00  3.370216e-01  
   3.3110299  2.209064e+00  5.821998e-01  2.209142e+00  5.823526e-01  1.963764e+00  3.856765e-01  
   3.3320301  2.227087e+00  6.488905e-01  2.227155e+00  6.490484e-01  1.990837e+00  4.406114e-01  
   3.3536301  2.239920e+00  7.187449e-01  2.239977e+00  7.189056e-01  2.013872e+00  5.006351e-01  
   3.3736300  2.246688e+00  7.837948e-01  2.246734e+00  7.839558e-01  2.030335e+00  5.587184e-01  
   3.3946300  2.248720e+00  8.517361e-01  2.248755e+00  8.518952e-01  2.042212e+00  6.214749e-01  
   3.4156301  2.245927e+00  9.186456e-01  2.245950e+00  9.188011e-01  2.048345e+00  6.851207e-01  
   3.4366300  2.238805e+00  9.839693e-01  2.238817e+00  9.841202e-01  2.048742e+00  7.486722e-01  
   3.4576299  2.227925e+00  1.047299e+00  2.227926e+00  1.047444e+00  2.043622e+00  8.111553e-01  
   3.4776299  2.214620e+00  1.105515e+00  2.214611e+00  1.105654e+00  2.034005e+00  8.688351e-01  
   3.4986300  2.198121e+00  1.164317e+00  2.198101e+00  1.164450e+00  2.019505e+00  9.267099e-01  
   3.5196300  2.179558e+00  1.220723e+00  2.179527e+00  1.220851e+00  2.001233e+00  9.811944e-01  
   3.5406301  2.159383e+00  1.274810e+00  2.159342e+00  1.274935e+00  1.980038e+00  1.031836e+00  
   3.5616300  2.137950e+00  1.326710e+00  2.137898e+00  1.326833e+00  1.956812e+00  1.078394e+00  
   3.5826299  2.115510e+00  1.376575e+00  2.115448e+00  1.376698e+00  1.932438e+00  1.120847e+00  
   3.6026299  2.093345e+00  1.422305e+00  2.093272e+00  1.422429e+00  1.908905e+00  1.157630e+00  
   3.6236300  2.069320e+00  1.468577e+00  2.069237e+00  1.468704e+00  1.884537e+00  1.192770e+00  
   3.6446300  2.044564e+00  1.513120e+00  2.044469e+00  1.513250e+00  1.861068e+00  1.224832e+00  
   3.6656301  2.019096e+00  1.555938e+00  2.018992e+00  1.556072e+00  1.838884e+00  1.254402e+00  
   3.6866300  1.992956e+00  1.596987e+00  1.992843e+00  1.597125e+00  1.818197e+00  1.282094e+00  
   3.7076299  1.966228e+00  1.636182e+00  1.966105e+00  1.636323e+00  1.799054e+00  1.308499e+00  
   3.7276299  1.940358e+00  1.671698e+00  1.940229e+00  1.671841e+00  1.782179e+00  1.332923e+00  
   3.7486300  1.912979e+00  1.707001e+00  1.912842e+00  1.707144e+00  1.765712e+00  1.358201e+00  
   3.7702301  1.884907e+00  1.741130e+00  1.884766e+00  1.741273e+00  1.749878e+00  1.384091e+00  
   3.7902300  1.859359e+00  1.770765e+00  1.859213e+00  1.770905e+00  1.736006e+00  1.408094e+00  
   3.8112299  1.833427e+00  1.799940e+00  1.833280e+00  1.800076e+00  1.722089e+00  1.433344e+00  
   3.8322301  1.808891e+00  1.827327e+00  1.808745e+00  1.827459e+00  1.708747e+00  1.458568e+00  
   3.8532300  1.786252e+00  1.853254e+00  1.786108e+00  1.853381e+00  1.696000e+00  1.483636e+00  
   3.8742299  1.765985e+00  1.878185e+00  1.765845e+00  1.878309e+00  1.683981e+00  1.508418e+00  
   3.8942299  1.749263e+00  1.901553e+00  1.749131e+00  1.901673e+00  1.673430e+00  1.531677e+00  
   3.9152300  1.734712e+00  1.926393e+00  1.734588e+00  1.926512e+00  1.663598e+00  1.555745e+00  
   3.9362299  1.723406e+00  1.952378e+00  1.723291e+00  1.952495e+00  1.655403e+00  1.579584e+00  
   3.9572301  1.715334e+00  1.980439e+00  1.715230e+00  1.980558e+00  1.649210e+00  1.603487e+00  
   3.9782300  1.710276e+00  2.011563e+00  1.710183e+00  2.011686e+00  1.645337e+00  1.627909e+00  
   3.9992299  1.707779e+00  2.046743e+00  1.707696e+00  2.046874e+00  1.644000e+00  1.653469e+00  
   4.0192299  1.707147e+00  2.084889e+00  1.707074e+00  2.085031e+00  1.645154e+00  1.679573e+00  
   4.0402298  1.707426e+00  2.130636e+00  1.707361e+00  2.130791e+00  1.648807e+00  1.709669e+00  
   4.0612302  1.707536e+00  2.182898e+00  1.707476e+00  2.183069e+00  1.654642e+00  1.743449e+00  
   4.0822301  1.706139e+00  2.242157e+00  1.706082e+00  2.242345e+00  1.662094e+00  1.781873e+00  
   4.1032300  1.701753e+00  2.308640e+00  1.701694e+00  2.308845e+00  1.670348e+00  1.825859e+00  
   4.1242299  1.692810e+00  2.382283e+00  1.692746e+00  2.382506e+00  1.678344e+00  1.876223e+00  
   4.1442299  1.678600e+00  2.458735e+00  1.678527e+00  2.458974e+00  1.684538e+00  1.930704e+00  
   4.1652298  1.656223e+00  2.544988e+00  1.656138e+00  2.545242e+00  1.688119e+00  1.995146e+00  
   4.1868300  1.623757e+00  2.639090e+00  1.623655e+00  2.639356e+00  1.686980e+00  2.069283e+00  
   4.2068300  1.583977e+00  2.729929e+00  1.583857e+00  2.730202e+00  1.679945e+00  2.144826e+00  
   4.2278299  1.531153e+00  2.827729e+00  1.531011e+00  2.828006e+00  1.664672e+00  2.230701e+00  
   4.2488298  1.466252e+00  2.926398e+00  1.466086e+00  2.926672e+00  1.639671e+00  2.322315e+00  
   4.2698302  1.388798e+00  3.024178e+00  1.388605e+00  3.024446e+00  1.603422e+00  2.418285e+00  
   4.2908301  1.298620e+00  3.119227e+00  1.298399e+00  3.119483e+00  1.554666e+00  2.516851e+00  
   4.3108301  1.201023e+00  3.205510e+00  1.200775e+00  3.205753e+00  1.495766e+00  2.611248e+00  
   4.3318300  1.086648e+00  3.289878e+00  1.086370e+00  3.290102e+00  1.420359e+00  2.708689e+00  
   4.3528299  9.607685e-01  3.366091e+00  9.604622e-01  3.366296e+00  1.331053e+00  2.801995e+00  
   4.3738298  8.243412e-01  3.432432e+00  8.240055e-01  3.432614e+00  1.228360e+00  2.888674e+00  
   4.3948302  6.785607e-01  3.487287e+00  6.781963e-01  3.487448e+00  1.113323e+00  2.966321e+00  
   4.4158301  5.248573e-01  3.529181e+00  5.244650e-01  3.529322e+00  9.874949e-01  3.032736e+00  
   4.4358301  3.725942e-01  3.555834e+00  3.721766e-01  3.555958e+00  8.594421e-01  3.083838e+00  
   4.4568300  2.082912e-01  3.568846e+00  2.078485e-01  3.568955e+00  7.186031e-01  3.123343e+00  
   4.4778299  4.140391e-02  3.565662e+00  4.093842e-02  3.565757e+00  5.737517e-01  3.147403e+00  
   4.4988298  -1.259449e-01  3.545690e+00  -1.264309e-01  3.545778e+00  4.275615e-01  3.155588e+00  
   4.5198302  -2.915291e-01  3.508667e+00  -2.920332e-01  3.508749e+00  2.826730e-01  3.148008e+00  
   4.5408301  -4.530511e-01  3.454703e+00  -4.535708e-01  3.454783e+00  1.415787e-01  3.125285e+00  
   4.5608301  -6.010123e-01  3.388027e+00  -6.015443e-01  3.388105e+00  1.275812e-02  3.090547e+00  
   4.5818300  -7.480718e-01  3.302862e+00  -7.486145e-01  3.302943e+00  -1.148744e-01  3.041698e+00  
   4.6034298  -8.883149e-01  3.200487e+00  -8.888665e-01  3.200571e+00  -2.364845e-01  2.980003e+00  
   4.6234298  -1.006487e+00  3.093990e+00  -1.007045e+00  3.094078e+00  -3.393725e-01  2.914283e+00  
   4.6444302  -1.117007e+00  2.972119e+00  -1.117571e+00  2.972213e+00  -4.367536e-01  2.838267e+00  
   4.6654301  -1.212530e+00  2.842340e+00  -1.213099e+00  2.842438e+00  -5.229906e-01  2.756969e+00  
   4.6864300  -1.292388e+00  2.707254e+00  -1.292963e+00  2.707355e+00  -5.981833e-01  2.672219e+00  
   4.7074299  -1.356402e+00  2.569536e+00  -1.356981e+00  2.569641e+00  -6.626993e-01  2.585696e+00  
   4.7274299  -1.402907e+00  2.438330e+00  -1.403491e+00  2.438435e+00  -7.147372e-01  2.503016e+00  
   4.7484298  -1.437268e+00  2.302871e+00  -1.437857e+00  2.302973e+00  -7.601792e-01  2.417149e+00  
   4.7694302  -1.457918e+00  2.171914e+00  -1.458512e+00  2.172011e+00  -7.969793e-01  2.333314e+00  
   4.7904301  -1.466283e+00  2.047289e+00  -1.466881e+00  2.047379e+00  -8.259667e-01  2.252388e+00  
   4.8114300  -1.463995e+00  1.930411e+00  -1.464596e+00  1.930490e+00  -8.479801e-01  2.175043e+00  
   4.8324299  -1.452786e+00  1.822276e+00  -1.453389e+00  1.822340e+00  -8.638400e-01  2.101777e+00  
   4.8524299  -1.435409e+00  1.727955e+00  -1.436012e+00  1.728002e+00  -8.739424e-01  2.036099e+00  
   4.8734298  -1.411724e+00  1.638232e+00  -1.412324e+00  1.638259e+00  -8.800097e-01  1.971630e+00  
   4.8944302  -1.383973e+00  1.557960e+00  -1.384568e+00  1.557964e+00  -8.821058e-01  1.911840e+00  
   4.9154301  -1.353511e+00  1.486803e+00  -1.354098e+00  1.486782e+00  -8.808663e-01  1.856707e+00  
   4.9364300  -1.321492e+00  1.424233e+00  -1.322068e+00  1.424185e+00  -8.768701e-01  1.806123e+00  
   4.9574299  -1.288868e+00  1.369599e+00  -1.289430e+00  1.369523e+00  -8.706375e-01  1.759920e+00  
   4.9774299  -1.257927e+00  1.324285e+00  -1.258473e+00  1.324183e+00  -8.630468e-01  1.719787e+00  
   4.9984298  -1.226130e+00  1.283044e+00  -1.226657e+00  1.282914e+00  -8.537309e-01  1.681470e+00  
