w Re-xx Im-xx Re-yy Im-yy Re-zz Im-zz
# Gaussian absolute broadening  0.15 [eV]
   0.0000000  7.678595e-01  8.827868e-05  7.678547e-01  8.827868e-05  7.223117e-01  7.858028e-05  
   0.0200000  7.679597e-01  9.448012e-05  7.679546e-01  9.448012e-05  7.224005e-01  8.409935e-05  
   0.0410000  7.680783e-01  1.015469e-04  7.680730e-01  1.015469e-04  7.225061e-01  9.038826e-05  
   0.0620000  7.682135e-01  1.092187e-04  7.682084e-01  1.092187e-04  7.226266e-01  9.721531e-05  
   0.0830000  7.683670e-01  1.175294e-04  7.683619e-01  1.175295e-04  7.227631e-01  1.046105e-04  
   0.1040000  7.685411e-01  1.265085e-04  7.685362e-01  1.265085e-04  7.229182e-01  1.125998e-04  
   0.1240000  7.687278e-01  1.357026e-04  7.687228e-01  1.357026e-04  7.230844e-01  1.207799e-04  
   0.1450000  7.689483e-01  1.460463e-04  7.689433e-01  1.460463e-04  7.232804e-01  1.299821e-04  
   0.1660000  7.691956e-01  1.571031e-04  7.691905e-01  1.571032e-04  7.235008e-01  1.398179e-04  
   0.1870000  7.694722e-01  1.688698e-04  7.694673e-01  1.688698e-04  7.237470e-01  1.502840e-04  
   0.2080000  7.697802e-01  1.813315e-04  7.697752e-01  1.813315e-04  7.240209e-01  1.613673e-04  
   0.2290000  7.701209e-01  1.944633e-04  7.701160e-01  1.944633e-04  7.243242e-01  1.730451e-04  
   0.2490000  7.704775e-01  2.075603e-04  7.704725e-01  2.075604e-04  7.246414e-01  1.846906e-04  
   0.2700000  7.708870e-01  2.218905e-04  7.708820e-01  2.218906e-04  7.250057e-01  1.974309e-04  
   0.2910000  7.713332e-01  2.367639e-04  7.713283e-01  2.367642e-04  7.254027e-01  2.106521e-04  
   0.3120000  7.718173e-01  2.521269e-04  7.718121e-01  2.521271e-04  7.258334e-01  2.243062e-04  
   0.3330000  7.723391e-01  2.679241e-04  7.723342e-01  2.679245e-04  7.262978e-01  2.383439e-04  
   0.3540000  7.728996e-01  2.841024e-04  7.728947e-01  2.841029e-04  7.267964e-01  2.527176e-04  
   0.3740000  7.734692e-01  2.998190e-04  7.734644e-01  2.998197e-04  7.273031e-01  2.666782e-04  
   0.3950000  7.741049e-01  3.166026e-04  7.740999e-01  3.166036e-04  7.278684e-01  2.815837e-04  
   0.4160000  7.747784e-01  3.336371e-04  7.747737e-01  3.336385e-04  7.284675e-01  2.967084e-04  
   0.4374300  7.755061e-01  3.512469e-04  7.755013e-01  3.512487e-04  7.291147e-01  3.123400e-04  
   0.4574300  7.762209e-01  3.678653e-04  7.762162e-01  3.678678e-04  7.297500e-01  3.270879e-04  
   0.4784300  7.770087e-01  3.854885e-04  7.770039e-01  3.854917e-04  7.304506e-01  3.427234e-04  
   0.4994300  7.778345e-01  4.032778e-04  7.778299e-01  4.032819e-04  7.311847e-01  3.585016e-04  
   0.5204300  7.786988e-01  4.212264e-04  7.786941e-01  4.212315e-04  7.319529e-01  3.744161e-04  
   0.5414300  7.796011e-01  4.393304e-04  7.795964e-01  4.393367e-04  7.327548e-01  3.904634e-04  
   0.5614300  7.804967e-01  4.567170e-04  7.804920e-01  4.567245e-04  7.335508e-01  4.058694e-04  
   0.5824300  7.814747e-01  4.751265e-04  7.814701e-01  4.751355e-04  7.344199e-01  4.221764e-04  
   0.6034300  7.824915e-01  4.936967e-04  7.824870e-01  4.937071e-04  7.353234e-01  4.386196e-04  
   0.6244300  7.835481e-01  5.124331e-04  7.835436e-01  5.124452e-04  7.362620e-01  4.552032e-04  
   0.6454300  7.846441e-01  5.313409e-04  7.846397e-01  5.313547e-04  7.372356e-01  4.719321e-04  
   0.6664300  7.857804e-01  5.504265e-04  7.857759e-01  5.504421e-04  7.382447e-01  4.888113e-04  
   0.6864300  7.868995e-01  5.687744e-04  7.868950e-01  5.687916e-04  7.392386e-01  5.050315e-04  
   0.7074300  7.881145e-01  5.882264e-04  7.881103e-01  5.882454e-04  7.403174e-01  5.222203e-04  
   0.7284300  7.893705e-01  6.078766e-04  7.893663e-01  6.078973e-04  7.414322e-01  5.395763e-04  
   0.7494300  7.906685e-01  6.277328e-04  7.906641e-01  6.277552e-04  7.425839e-01  5.571067e-04  
   0.7704300  7.920077e-01  6.478020e-04  7.920036e-01  6.478260e-04  7.437726e-01  5.748169e-04  
   0.7914300  7.933899e-01  6.680930e-04  7.933855e-01  6.681186e-04  7.449988e-01  5.927140e-04  
   0.8114300  7.947452e-01  6.876310e-04  7.947410e-01  6.876581e-04  7.462012e-01  6.099386e-04  
   0.8324300  7.962109e-01  7.083783e-04  7.962068e-01  7.084068e-04  7.475011e-01  6.282209e-04  
   0.8540300  7.977645e-01  7.299764e-04  7.977605e-01  7.300066e-04  7.488787e-01  6.472430e-04  
   0.8740300  7.992445e-01  7.502164e-04  7.992405e-01  7.502479e-04  7.501908e-01  6.650597e-04  
   0.8950300  8.008423e-01  7.717282e-04  8.008385e-01  7.717610e-04  7.516072e-01  6.839861e-04  
   0.9160300  8.024857e-01  7.935162e-04  8.024817e-01  7.935504e-04  7.530636e-01  7.031447e-04  
   0.9370300  8.041750e-01  8.155905e-04  8.041711e-01  8.156258e-04  7.545603e-01  7.225444e-04  
   0.9580300  8.059107e-01  8.379623e-04  8.059069e-01  8.379988e-04  7.560978e-01  7.421938e-04  
   0.9780300  8.076082e-01  8.595554e-04  8.076046e-01  8.595928e-04  7.576011e-01  7.611488e-04  
   0.9990300  8.094374e-01  8.825398e-04  8.094338e-01  8.825781e-04  7.592207e-01  7.813132e-04  
   1.0200300  8.113151e-01  9.058552e-04  8.113114e-01  9.058942e-04  7.608827e-01  8.017552e-04  
   1.0410300  8.132422e-01  9.295139e-04  8.132389e-01  9.295531e-04  7.625883e-01  8.224850e-04  
   1.0620300  8.152198e-01  9.535270e-04  8.152164e-01  9.535664e-04  7.643379e-01  8.435128e-04  
   1.0830300  8.172483e-01  9.779083e-04  8.172449e-01  9.779476e-04  7.661319e-01  8.648482e-04  
   1.1030300  8.192278e-01  1.001481e-03  8.192244e-01  1.001520e-03  7.678824e-01  8.854632e-04  
   1.1240300  8.213574e-01  1.026616e-03  8.213543e-01  1.026654e-03  7.697651e-01  9.074303e-04  
   1.1450300  8.235406e-01  1.052157e-03  8.235373e-01  1.052194e-03  7.716947e-01  9.297374e-04  
   1.1660300  8.257776e-01  1.078118e-03  8.257747e-01  1.078155e-03  7.736710e-01  9.523957e-04  
   1.1870300  8.280696e-01  1.104514e-03  8.280667e-01  1.104549e-03  7.756955e-01  9.754174e-04  
   1.2080300  8.304177e-01  1.131360e-03  8.304150e-01  1.131394e-03  7.777687e-01  9.988148e-04  
   1.2280300  8.327061e-01  1.157359e-03  8.327032e-01  1.157392e-03  7.797888e-01  1.021459e-03  
   1.2490300  8.351651e-01  1.185129e-03  8.351623e-01  1.185161e-03  7.819589e-01  1.045629e-03  
   1.2706300  8.377566e-01  1.214213e-03  8.377540e-01  1.214245e-03  7.842449e-01  1.070923e-03  
   1.2906300  8.402117e-01  1.241630e-03  8.402092e-01  1.241662e-03  7.864102e-01  1.094750e-03  
   1.3116300  8.428497e-01  1.270942e-03  8.428475e-01  1.270974e-03  7.887357e-01  1.120205e-03  
   1.3326300  8.455496e-01  1.300808e-03  8.455472e-01  1.300842e-03  7.911149e-01  1.146122e-03  
   1.3536299  8.483123e-01  1.331251e-03  8.483101e-01  1.331286e-03  7.935489e-01  1.172519e-03  
   1.3746300  8.511400e-01  1.362292e-03  8.511380e-01  1.362329e-03  7.960388e-01  1.199413e-03  
   1.3946300  8.538944e-01  1.392432e-03  8.538924e-01  1.392472e-03  7.984636e-01  1.225506e-03  
   1.4156300  8.568519e-01  1.424708e-03  8.568503e-01  1.424750e-03  8.010660e-01  1.253425e-03  
   1.4366300  8.598782e-01  1.457650e-03  8.598765e-01  1.457696e-03  8.037282e-01  1.281898e-03  
   1.4576300  8.629746e-01  1.491285e-03  8.629732e-01  1.491335e-03  8.064507e-01  1.310945e-03  
   1.4786299  8.661427e-01  1.525638e-03  8.661415e-01  1.525693e-03  8.092352e-01  1.340586e-03  
   1.4996300  8.693836e-01  1.560738e-03  8.693825e-01  1.560797e-03  8.120826e-01  1.370845e-03  
   1.5196300  8.725395e-01  1.594884e-03  8.725385e-01  1.594947e-03  8.148538e-01  1.400257e-03  
   1.5406300  8.759276e-01  1.631522e-03  8.759266e-01  1.631589e-03  8.178278e-01  1.431786e-03  
   1.5616300  8.793938e-01  1.668993e-03  8.793930e-01  1.669064e-03  8.208689e-01  1.464002e-03  
   1.5826300  8.829392e-01  1.707328e-03  8.829384e-01  1.707403e-03  8.239781e-01  1.496930e-03  
   1.6036299  8.865662e-01  1.746562e-03  8.865657e-01  1.746640e-03  8.271574e-01  1.530598e-03  
   1.6246300  8.902760e-01  1.786730e-03  8.902758e-01  1.786812e-03  8.304082e-01  1.565035e-03  
   1.6446300  8.938884e-01  1.825887e-03  8.938882e-01  1.825972e-03  8.335713e-01  1.598573e-03  
   1.6656300  8.977660e-01  1.867989e-03  8.977662e-01  1.868076e-03  8.369655e-01  1.634597e-03  
   1.6872300  9.018485e-01  1.912389e-03  9.018489e-01  1.912481e-03  8.405370e-01  1.672553e-03  
   1.7072300  9.057145e-01  1.954537e-03  9.057149e-01  1.954631e-03  8.439175e-01  1.708545e-03  
   1.7282300  9.098663e-01  1.999907e-03  9.098668e-01  2.000004e-03  8.475450e-01  1.747251e-03  
   1.7492300  9.141137e-01  2.046469e-03  9.141145e-01  2.046569e-03  8.512549e-01  1.786937e-03  
   1.7702301  9.184601e-01  2.094275e-03  9.184612e-01  2.094378e-03  8.550491e-01  1.827644e-03  
   1.7912300  9.229086e-01  2.143386e-03  9.229099e-01  2.143491e-03  8.589299e-01  1.869419e-03  
   1.8112299  9.272426e-01  2.191422e-03  9.272441e-01  2.191530e-03  8.627088e-01  1.910243e-03  
   1.8322300  9.318982e-01  2.243249e-03  9.318998e-01  2.243361e-03  8.667654e-01  1.954251e-03  
   1.8532300  9.366643e-01  2.296568e-03  9.366660e-01  2.296685e-03  8.709159e-01  1.999482e-03  
   1.8742300  9.415441e-01  2.351452e-03  9.415465e-01  2.351573e-03  8.751628e-01  2.046002e-03  
   1.8952301  9.465415e-01  2.407980e-03  9.465435e-01  2.408104e-03  8.795090e-01  2.093871e-03  
   1.9162300  9.516592e-01  2.466234e-03  9.516617e-01  2.466363e-03  8.839566e-01  2.143161e-03  
   1.9362299  9.566479e-01  2.523405e-03  9.566509e-01  2.523538e-03  8.882895e-01  2.191497e-03  
   1.9572300  9.620107e-01  2.585305e-03  9.620143e-01  2.585444e-03  8.929443e-01  2.243789e-03  
   1.9782300  9.675060e-01  2.649230e-03  9.675096e-01  2.649375e-03  8.977098e-01  2.297749e-03  
   1.9992300  9.731358e-01  2.715299e-03  9.731396e-01  2.715449e-03  9.025891e-01  2.353478e-03  
   2.0202301  9.789067e-01  2.783645e-03  9.789108e-01  2.783801e-03  9.075862e-01  2.411084e-03  
   2.0412300  9.848214e-01  2.854410e-03  9.848259e-01  2.854573e-03  9.127038e-01  2.470693e-03  
   2.0612299  9.905928e-01  2.924205e-03  9.905975e-01  2.924375e-03  9.176939e-01  2.529448e-03  
   2.0822301  9.968039e-01  3.000180e-03  9.968088e-01  3.000357e-03  9.230595e-01  2.593375e-03  
   2.1038301  1.003358e+00  3.081406e-03  1.003364e+00  3.081593e-03  9.287174e-01  2.661691e-03  
   2.1238301  1.009584e+00  3.159602e-03  1.009590e+00  3.159797e-03  9.340856e-01  2.727444e-03  
   2.1448300  1.016287e+00  3.245033e-03  1.016293e+00  3.245238e-03  9.398614e-01  2.799270e-03  
   2.1658299  1.023168e+00  3.334130e-03  1.023175e+00  3.334348e-03  9.457843e-01  2.874184e-03  
   2.1868300  1.030233e+00  3.427190e-03  1.030241e+00  3.427420e-03  9.518606e-01  2.952446e-03  
   2.2078300  1.037489e+00  3.524530e-03  1.037497e+00  3.524772e-03  9.580947e-01  3.034337e-03  
   2.2278299  1.044586e+00  3.621538e-03  1.044594e+00  3.621793e-03  9.641849e-01  3.115990e-03  
   2.2488301  1.052238e+00  3.728281e-03  1.052247e+00  3.728552e-03  9.707457e-01  3.205896e-03  
   2.2698300  1.060105e+00  3.840442e-03  1.060115e+00  3.840731e-03  9.774834e-01  3.300438e-03  
   2.2908299  1.068197e+00  3.958486e-03  1.068206e+00  3.958791e-03  9.844052e-01  3.400020e-03  
   2.3118300  1.076522e+00  4.082907e-03  1.076532e+00  4.083230e-03  9.915181e-01  3.505082e-03  
   2.3328300  1.085089e+00  4.214249e-03  1.085100e+00  4.214593e-03  9.988295e-01  3.616096e-03  
   2.3528299  1.093485e+00  4.346317e-03  1.093496e+00  4.346682e-03  1.005986e+00  3.727832e-03  
   2.3738301  1.102558e+00  4.492939e-03  1.102571e+00  4.493325e-03  1.013710e+00  3.852009e-03  
   2.3948300  1.111909e+00  4.648393e-03  1.111922e+00  4.648803e-03  1.021658e+00  3.983817e-03  
   2.4158299  1.121549e+00  4.813452e-03  1.121563e+00  4.813888e-03  1.029841e+00  4.123931e-03  
   2.4368300  1.131493e+00  4.988960e-03  1.131507e+00  4.989423e-03  1.038269e+00  4.273109e-03  
   2.4578300  1.141755e+00  5.175847e-03  1.141770e+00  5.176341e-03  1.046953e+00  4.432179e-03  
   2.4778299  1.151840e+00  5.365359e-03  1.151856e+00  5.365884e-03  1.055474e+00  4.593721e-03  
   2.4988301  1.162772e+00  5.577557e-03  1.162789e+00  5.578117e-03  1.064695e+00  4.774893e-03  
   2.5204301  1.174406e+00  5.811295e-03  1.174424e+00  5.811895e-03  1.074489e+00  4.974808e-03  
   2.5404301  1.185548e+00  6.043110e-03  1.185567e+00  6.043750e-03  1.083852e+00  5.173430e-03  
   2.5614300  1.197653e+00  6.304135e-03  1.197673e+00  6.304822e-03  1.094003e+00  5.397466e-03  
   2.5824299  1.210199e+00  6.585232e-03  1.210220e+00  6.585973e-03  1.104501e+00  5.639110e-03  
   2.6034300  1.223215e+00  6.888891e-03  1.223237e+00  6.889689e-03  1.115367e+00  5.900453e-03  
   2.6244299  1.236732e+00  7.218153e-03  1.236754e+00  7.219014e-03  1.126622e+00  6.183966e-03  
   2.6444299  1.250102e+00  7.559047e-03  1.250126e+00  7.559977e-03  1.137726e+00  6.477322e-03  
   2.6654301  1.264701e+00  7.950353e-03  1.264727e+00  7.951370e-03  1.149815e+00  6.813350e-03  
   2.6864300  1.279915e+00  8.382099e-03  1.279943e+00  8.383203e-03  1.162374e+00  7.182497e-03  
   2.7074299  1.295796e+00  8.862703e-03  1.295825e+00  8.863910e-03  1.175437e+00  7.590449e-03  
   2.7284300  1.312399e+00  9.403466e-03  1.312429e+00  9.404792e-03  1.189041e+00  8.044450e-03  
   2.7494299  1.329784e+00  1.001968e-02  1.329816e+00  1.002115e-02  1.203226e+00  8.553818e-03  
   2.7694299  1.347135e+00  1.069568e-02  1.347169e+00  1.069731e-02  1.217319e+00  9.101442e-03  
   2.7904301  1.366264e+00  1.152608e-02  1.366300e+00  1.152791e-02  1.232778e+00  9.757105e-03  
   2.8114300  1.386412e+00  1.251741e-02  1.386451e+00  1.251951e-02  1.248971e+00  1.051532e-02  
   2.8324299  1.407681e+00  1.372071e-02  1.407723e+00  1.372313e-02  1.265963e+00  1.140232e-02  
   2.8534300  1.430182e+00  1.520406e-02  1.430226e+00  1.520693e-02  1.283824e+00  1.245203e-02  
   2.8744299  1.454032e+00  1.705716e-02  1.454080e+00  1.706060e-02  1.302632e+00  1.370805e-02  
   2.8944299  1.478118e+00  1.927198e-02  1.478169e+00  1.927614e-02  1.321501e+00  1.514695e-02  
   2.9154301  1.504969e+00  2.221206e-02  1.505024e+00  2.221722e-02  1.342406e+00  1.698020e-02  
   2.9370301  1.534391e+00  2.608481e-02  1.534449e+00  2.609133e-02  1.365177e+00  1.930215e-02  
   2.9570301  1.563370e+00  3.065057e-02  1.563432e+00  3.065871e-02  1.387500e+00  2.194972e-02  
   2.9780300  1.595689e+00  3.672278e-02  1.595755e+00  3.673311e-02  1.412319e+00  2.537628e-02  
   2.9990301  1.630006e+00  4.441860e-02  1.630078e+00  4.443172e-02  1.438645e+00  2.962820e-02  
   3.0200300  1.666338e+00  5.410207e-02  1.666415e+00  5.411866e-02  1.466565e+00  3.490430e-02  
   3.0410299  1.704639e+00  6.617760e-02  1.704720e+00  6.619846e-02  1.496147e+00  4.144068e-02  
   3.0610299  1.742836e+00  8.029908e-02  1.742921e+00  8.032482e-02  1.525905e+00  4.908879e-02  
   3.0820301  1.784545e+00  9.830989e-02  1.784634e+00  9.834170e-02  1.558821e+00  5.891461e-02  
   3.1030300  1.827586e+00  1.200181e-01  1.827680e+00  1.200569e-01  1.593401e+00  7.092317e-02  
   3.1240301  1.871548e+00  1.458395e-01  1.871644e+00  1.458863e-01  1.629539e+00  8.549446e-02  
   3.1450300  1.915905e+00  1.761323e-01  1.916003e+00  1.761879e-01  1.667048e+00  1.030277e-01  
   3.1660299  1.960041e+00  2.111706e-01  1.960140e+00  2.112358e-01  1.705656e+00  1.239277e-01  
   3.1860299  2.001233e+00  2.491016e-01  2.001331e+00  2.491766e-01  1.743109e+00  1.473199e-01  
   3.2070301  2.042881e+00  2.937469e-01  2.042976e+00  2.938323e-01  1.782701e+00  1.758823e-01  
   3.2280300  2.082130e+00  3.432069e-01  2.082222e+00  3.433030e-01  1.822007e+00  2.088257e-01  
   3.2490301  2.118228e+00  3.972035e-01  2.118315e+00  3.973100e-01  1.860375e+00  2.463468e-01  
   3.2700300  2.150486e+00  4.552986e-01  2.150566e+00  4.554152e-01  1.897078e+00  2.885200e-01  
   3.2910299  2.178310e+00  5.169141e-01  2.178380e+00  5.170395e-01  1.931348e+00  3.352757e-01  
   3.3110299  2.200261e+00  5.782319e-01  2.200322e+00  5.783651e-01  1.961017e+00  3.838551e-01  
   3.3320301  2.218246e+00  6.446384e-01  2.218294e+00  6.447785e-01  1.988330e+00  4.387330e-01  
   3.3536301  2.231195e+00  7.142555e-01  2.231231e+00  7.144015e-01  2.011629e+00  4.987249e-01  
   3.3736300  2.238210e+00  7.791409e-01  2.238234e+00  7.792911e-01  2.028343e+00  5.568043e-01  
   3.3946300  2.240632e+00  8.469669e-01  2.240642e+00  8.471200e-01  2.040476e+00  6.195841e-01  
   3.4156301  2.238341e+00  9.138141e-01  2.238338e+00  9.139692e-01  2.046846e+00  6.832796e-01  
   3.4366300  2.231803e+00  9.791160e-01  2.231786e+00  9.792727e-01  2.047447e+00  7.469049e-01  
   3.4576299  2.221553e+00  1.042448e+00  2.221525e+00  1.042604e+00  2.042484e+00  8.094830e-01  
   3.4776299  2.208861e+00  1.100669e+00  2.208822e+00  1.100826e+00  2.032962e+00  8.672684e-01  
   3.4986300  2.192987e+00  1.159458e+00  2.192937e+00  1.159615e+00  2.018502e+00  9.252657e-01  
   3.5196300  2.175002e+00  1.215810e+00  2.174942e+00  1.215968e+00  2.000206e+00  9.798779e-01  
   3.5406301  2.155337e+00  1.269785e+00  2.155269e+00  1.269944e+00  1.978925e+00  1.030648e+00  
   3.5616300  2.134331e+00  1.321498e+00  2.134256e+00  1.321658e+00  1.955558e+00  1.077329e+00  
   3.5826299  2.112234e+00  1.371093e+00  2.112152e+00  1.371253e+00  1.930998e+00  1.119891e+00  
   3.6026299  2.090319e+00  1.416483e+00  2.090232e+00  1.416644e+00  1.907260e+00  1.156762e+00  
   3.6236300  2.066487e+00  1.462312e+00  2.066396e+00  1.462475e+00  1.882658e+00  1.191968e+00  
   3.6446300  2.041867e+00  1.506330e+00  2.041774e+00  1.506494e+00  1.858951e+00  1.224064e+00  
   3.6656301  2.016500e+00  1.548551e+00  2.016405e+00  1.548716e+00  1.836538e+00  1.253630e+00  
   3.6866300  1.990443e+00  1.588944e+00  1.990349e+00  1.589108e+00  1.815639e+00  1.281277e+00  
   3.7076299  1.963799e+00  1.627441e+00  1.963709e+00  1.627604e+00  1.796309e+00  1.307594e+00  
   3.7276299  1.938035e+00  1.662271e+00  1.937947e+00  1.662433e+00  1.779282e+00  1.331895e+00  
   3.7486300  1.910806e+00  1.696853e+00  1.910725e+00  1.697013e+00  1.762684e+00  1.357009e+00  
   3.7702301  1.882953e+00  1.730270e+00  1.882879e+00  1.730425e+00  1.746744e+00  1.382702e+00  
   3.7902300  1.857676e+00  1.759298e+00  1.857611e+00  1.759450e+00  1.732796e+00  1.406508e+00  
   3.8112299  1.832119e+00  1.787924e+00  1.832064e+00  1.788072e+00  1.718819e+00  1.431553e+00  
   3.8322301  1.808058e+00  1.814886e+00  1.808013e+00  1.815030e+00  1.705434e+00  1.456586e+00  
   3.8532300  1.785998e+00  1.840545e+00  1.785964e+00  1.840686e+00  1.692659e+00  1.481493e+00  
   3.8742299  1.766417e+00  1.865396e+00  1.766394e+00  1.865536e+00  1.680629e+00  1.506158e+00  
   3.8942299  1.750443e+00  1.888880e+00  1.750429e+00  1.889019e+00  1.670085e+00  1.529352e+00  
   3.9152300  1.736760e+00  1.914057e+00  1.736756e+00  1.914198e+00  1.660282e+00  1.553404e+00  
   3.9362299  1.726388e+00  1.940591e+00  1.726392e+00  1.940738e+00  1.652145e+00  1.577279e+00  
   3.9572301  1.719287e+00  1.969401e+00  1.719298e+00  1.969556e+00  1.646046e+00  1.601260e+00  
   3.9782300  1.715201e+00  2.001440e+00  1.715217e+00  2.001606e+00  1.642306e+00  1.625793e+00  
   3.9992299  1.713638e+00  2.037657e+00  1.713657e+00  2.037837e+00  1.641151e+00  1.651482e+00  
   4.0192299  1.713824e+00  2.076859e+00  1.713845e+00  2.077055e+00  1.642523e+00  1.677710e+00  
   4.0402298  1.714845e+00  2.123732e+00  1.714865e+00  2.123946e+00  1.646451e+00  1.707927e+00  
   4.0612302  1.715546e+00  2.177091e+00  1.715562e+00  2.177324e+00  1.652602e+00  1.741809e+00  
   4.0822301  1.714558e+00  2.237378e+00  1.714568e+00  2.237631e+00  1.660403e+00  1.780313e+00  
   4.1032300  1.710379e+00  2.304793e+00  1.710380e+00  2.305065e+00  1.669024e+00  1.824358e+00  
   4.1242299  1.701428e+00  2.379265e+00  1.701417e+00  2.379555e+00  1.677387e+00  1.874764e+00  
   4.1442299  1.687008e+00  2.456417e+00  1.686985e+00  2.456722e+00  1.683908e+00  1.929278e+00  
   4.1652298  1.664205e+00  2.543333e+00  1.664164e+00  2.543650e+00  1.687792e+00  1.993759e+00  
   4.1868300  1.631093e+00  2.638071e+00  1.631030e+00  2.638396e+00  1.686897e+00  2.067953e+00  
   4.2068300  1.590543e+00  2.729491e+00  1.590459e+00  2.729819e+00  1.680004e+00  2.143568e+00  
   4.2278299  1.536754e+00  2.827926e+00  1.536643e+00  2.828251e+00  1.664778e+00  2.229546e+00  
   4.2488298  1.470749e+00  2.927275e+00  1.470610e+00  2.927592e+00  1.639699e+00  2.321285e+00  
   4.2698302  1.392078e+00  3.025790e+00  1.391908e+00  3.026094e+00  1.603241e+00  2.417397e+00  
   4.2908301  1.300596e+00  3.121619e+00  1.300394e+00  3.121906e+00  1.554134e+00  2.516104e+00  
   4.3108301  1.201699e+00  3.208666e+00  1.201465e+00  3.208934e+00  1.494769e+00  2.610614e+00  
   4.3318300  1.085926e+00  3.293815e+00  1.085658e+00  3.294059e+00  1.418738e+00  2.708127e+00  
   4.3528299  9.586455e-01  3.370738e+00  9.583427e-01  3.370960e+00  1.328679e+00  2.801430e+00  
   4.3738298  8.208424e-01  3.437660e+00  8.205060e-01  3.437858e+00  1.225119e+00  2.887999e+00  
   4.3948302  6.737447e-01  3.492912e+00  6.733754e-01  3.493089e+00  1.109126e+00  2.965400e+00  
   4.4158301  5.188153e-01  3.534970e+00  5.184155e-01  3.535125e+00  9.822800e-01  3.031414e+00  
   4.4358301  3.654987e-01  3.561530e+00  3.650726e-01  3.561670e+00  8.532328e-01  3.081972e+00  
   4.4568300  2.002355e-01  3.574166e+00  1.997850e-01  3.574291e+00  7.113613e-01  3.120729e+00  
   4.4778299  3.256019e-02  3.570321e+00  3.208943e-02  3.570436e+00  5.655313e-01  3.143866e+00  
   4.4988298  -1.353899e-01  3.549426e+00  -1.358760e-01  3.549536e+00  4.184583e-01  3.150972e+00  
   4.5198302  -3.013826e-01  3.511262e+00  -3.018794e-01  3.511368e+00  2.728231e-01  3.142187e+00  
   4.5408301  -4.631248e-01  3.455994e+00  -4.636270e-01  3.456099e+00  1.311526e-01  3.118177e+00  
   4.5608301  -6.111331e-01  3.387985e+00  -6.116360e-01  3.388091e+00  1.964185e-03  3.082186e+00  
   4.5818300  -7.580922e-01  3.301399e+00  -7.585914e-01  3.301508e+00  -1.258504e-01  3.032053e+00  
   4.6034298  -8.981010e-01  3.197613e+00  -8.985922e-01  3.197725e+00  -2.474286e-01  2.969137e+00  
   4.6234298  -1.015967e+00  3.089919e+00  -1.016448e+00  3.090033e+00  -3.500999e-01  2.902432e+00  
   4.6444302  -1.126102e+00  2.966959e+00  -1.126570e+00  2.967074e+00  -4.470829e-01  2.825588e+00  
   4.6654301  -1.221205e+00  2.836304e+00  -1.221659e+00  2.836418e+00  -5.327807e-01  2.743716e+00  
   4.6864300  -1.300633e+00  2.700581e+00  -1.301073e+00  2.700692e+00  -6.073345e-01  2.658674e+00  
   4.7074299  -1.364224e+00  2.562473e+00  -1.364651e+00  2.562579e+00  -6.711568e-01  2.572160e+00  
   4.7274299  -1.410347e+00  2.431119e+00  -1.410761e+00  2.431219e+00  -7.225245e-01  2.489763e+00  
   4.7484298  -1.444335e+00  2.295721e+00  -1.444739e+00  2.295811e+00  -7.672933e-01  2.404464e+00  
   4.7694302  -1.464644e+00  2.165020e+00  -1.465040e+00  2.165099e+00  -8.034874e-01  2.321445e+00  
   4.7904301  -1.472701e+00  2.040811e+00  -1.473091e+00  2.040876e+00  -8.319655e-01  2.241540e+00  
   4.8114300  -1.470137e+00  1.924470e+00  -1.470524e+00  1.924518e+00  -8.535878e-01  2.165378e+00  
   4.8324299  -1.458684e+00  1.816956e+00  -1.459070e+00  1.816987e+00  -8.691886e-01  2.093406e+00  
   4.8524299  -1.441102e+00  1.723278e+00  -1.441489e+00  1.723291e+00  -8.791729e-01  2.029022e+00  
   4.8734298  -1.417231e+00  1.634254e+00  -1.417620e+00  1.634248e+00  -8.852518e-01  1.965935e+00  
   4.8944302  -1.389326e+00  1.554684e+00  -1.389717e+00  1.554658e+00  -8.874953e-01  1.907512e+00  
   4.9154301  -1.358742e+00  1.484216e+00  -1.359137e+00  1.484170e+00  -8.865317e-01  1.853702e+00  
   4.9364300  -1.326638e+00  1.422310e+00  -1.327035e+00  1.422243e+00  -8.829310e-01  1.804374e+00  
   4.9574299  -1.293964e+00  1.368307e+00  -1.294365e+00  1.368220e+00  -8.772039e-01  1.759341e+00  
   4.9774299  -1.263013e+00  1.323562e+00  -1.263416e+00  1.323456e+00  -8.701878e-01  1.720234e+00  
   4.9984298  -1.231245e+00  1.282883e+00  -1.231649e+00  1.282758e+00  -8.615633e-01  1.682896e+00  
