w Re-xx Im-xx Re-yy Im-yy Re-zz Im-zz
# Gaussian absolute broadening  0.15 [eV]
   0.0000000  7.721914e-01  8.982143e-05  7.721987e-01  8.982208e-05  7.281319e-01  7.970476e-05  
   0.0200000  7.722929e-01  9.613182e-05  7.723001e-01  9.613262e-05  7.282219e-01  8.530341e-05  
   0.0410000  7.724136e-01  1.033229e-04  7.724208e-01  1.033239e-04  7.283288e-01  9.168305e-05  
   0.0620000  7.725510e-01  1.111298e-04  7.725585e-01  1.111311e-04  7.284511e-01  9.860863e-05  
   0.0830000  7.727072e-01  1.195872e-04  7.727146e-01  1.195887e-04  7.285899e-01  1.061106e-04  
   0.1040000  7.728845e-01  1.287248e-04  7.728916e-01  1.287266e-04  7.287471e-01  1.142155e-04  
   0.1240000  7.730746e-01  1.380816e-04  7.730820e-01  1.380837e-04  7.289156e-01  1.225140e-04  
   0.1450000  7.732986e-01  1.486086e-04  7.733060e-01  1.486110e-04  7.291147e-01  1.318495e-04  
   0.1660000  7.735505e-01  1.598618e-04  7.735578e-01  1.598648e-04  7.293380e-01  1.418280e-04  
   0.1870000  7.738320e-01  1.718379e-04  7.738394e-01  1.718413e-04  7.295877e-01  1.524462e-04  
   0.2080000  7.741453e-01  1.845222e-04  7.741527e-01  1.845259e-04  7.298655e-01  1.636908e-04  
   0.2290000  7.744920e-01  1.978891e-04  7.744994e-01  1.978933e-04  7.301731e-01  1.755389e-04  
   0.2490000  7.748550e-01  2.112216e-04  7.748626e-01  2.112262e-04  7.304950e-01  1.873545e-04  
   0.2700000  7.752716e-01  2.258104e-04  7.752792e-01  2.258155e-04  7.308648e-01  2.002813e-04  
   0.2910000  7.757258e-01  2.409535e-04  7.757332e-01  2.409590e-04  7.312676e-01  2.136965e-04  
   0.3120000  7.762187e-01  2.565964e-04  7.762260e-01  2.566022e-04  7.317044e-01  2.275516e-04  
   0.3330000  7.767497e-01  2.726830e-04  7.767572e-01  2.726892e-04  7.321755e-01  2.417965e-04  
   0.3540000  7.773201e-01  2.891597e-04  7.773277e-01  2.891661e-04  7.326812e-01  2.563829e-04  
   0.3740000  7.778999e-01  3.051678e-04  7.779076e-01  3.051746e-04  7.331951e-01  2.705509e-04  
   0.3950000  7.785467e-01  3.222651e-04  7.785545e-01  3.222721e-04  7.337686e-01  2.856783e-04  
   0.4160000  7.792326e-01  3.396198e-04  7.792403e-01  3.396272e-04  7.343767e-01  3.010292e-04  
   0.4374300  7.799733e-01  3.575635e-04  7.799811e-01  3.575713e-04  7.350332e-01  3.168957e-04  
   0.4574300  7.807011e-01  3.744992e-04  7.807088e-01  3.745075e-04  7.356780e-01  3.318660e-04  
   0.4784300  7.815029e-01  3.924617e-04  7.815108e-01  3.924706e-04  7.363888e-01  3.477381e-04  
   0.4994300  7.823438e-01  4.105961e-04  7.823517e-01  4.106059e-04  7.371336e-01  3.637566e-04  
   0.5204300  7.832237e-01  4.288955e-04  7.832316e-01  4.289064e-04  7.379130e-01  3.799145e-04  
   0.5414300  7.841425e-01  4.473565e-04  7.841504e-01  4.473688e-04  7.387269e-01  3.962084e-04  
   0.5614300  7.850544e-01  4.650888e-04  7.850624e-01  4.651025e-04  7.395346e-01  4.118528e-04  
   0.5824300  7.860503e-01  4.838675e-04  7.860584e-01  4.838830e-04  7.404163e-01  4.284133e-04  
   0.6034300  7.870862e-01  5.028135e-04  7.870944e-01  5.028311e-04  7.413334e-01  4.451139e-04  
   0.6244300  7.881621e-01  5.219324e-04  7.881703e-01  5.219519e-04  7.422858e-01  4.619590e-04  
   0.6454300  7.892785e-01  5.412300e-04  7.892866e-01  5.412520e-04  7.432737e-01  4.789535e-04  
   0.6664300  7.904359e-01  5.607130e-04  7.904441e-01  5.607372e-04  7.442977e-01  4.961024e-04  
   0.6864300  7.915758e-01  5.794464e-04  7.915843e-01  5.794730e-04  7.453066e-01  5.125836e-04  
   0.7074300  7.928138e-01  5.993117e-04  7.928222e-01  5.993406e-04  7.464014e-01  5.300512e-04  
   0.7284300  7.940935e-01  6.193842e-04  7.941021e-01  6.194153e-04  7.475331e-01  5.476911e-04  
   0.7494300  7.954159e-01  6.396718e-04  7.954246e-01  6.397048e-04  7.487025e-01  5.655101e-04  
   0.7704300  7.967810e-01  6.601823e-04  7.967895e-01  6.602174e-04  7.499090e-01  5.835146e-04  
   0.7914300  7.981891e-01  6.809246e-04  7.981980e-01  6.809614e-04  7.511537e-01  6.017116e-04  
   0.8114300  7.995709e-01  7.009027e-04  7.995796e-01  7.009408e-04  7.523743e-01  6.192271e-04  
   0.8324300  8.010646e-01  7.221233e-04  8.010735e-01  7.221627e-04  7.536941e-01  6.378210e-04  
   0.8540300  8.026487e-01  7.442209e-04  8.026575e-01  7.442612e-04  7.550928e-01  6.571704e-04  
   0.8740300  8.041575e-01  7.649350e-04  8.041666e-01  7.649763e-04  7.564252e-01  6.752965e-04  
   0.8950300  8.057868e-01  7.869576e-04  8.057961e-01  7.869996e-04  7.578632e-01  6.945548e-04  
   0.9160300  8.074628e-01  8.092698e-04  8.074719e-01  8.093125e-04  7.593422e-01  7.140524e-04  
   0.9370300  8.091855e-01  8.318833e-04  8.091946e-01  8.319260e-04  7.608621e-01  7.337994e-04  
   0.9580300  8.109564e-01  8.548089e-04  8.109655e-01  8.548523e-04  7.624236e-01  7.538042e-04  
   0.9780300  8.126879e-01  8.769446e-04  8.126974e-01  8.769885e-04  7.639503e-01  7.731057e-04  
   0.9990300  8.145540e-01  9.005149e-04  8.145636e-01  9.005591e-04  7.655954e-01  7.936429e-04  
   1.0200300  8.164702e-01  9.244339e-04  8.164796e-01  9.244786e-04  7.672840e-01  8.144673e-04  
   1.0410300  8.184370e-01  9.487135e-04  8.184468e-01  9.487589e-04  7.690167e-01  8.355899e-04  
   1.0620300  8.204556e-01  9.733679e-04  8.204652e-01  9.734139e-04  7.707942e-01  8.570203e-04  
   1.0830300  8.225260e-01  9.984097e-04  8.225361e-01  9.984565e-04  7.726172e-01  8.787700e-04  
   1.1030300  8.245473e-01  1.022632e-03  8.245573e-01  1.022679e-03  7.743958e-01  8.997905e-04  
   1.1240300  8.267221e-01  1.048470e-03  8.267324e-01  1.048519e-03  7.763092e-01  9.221955e-04  
   1.1450300  8.289521e-01  1.074738e-03  8.289622e-01  1.074789e-03  7.782697e-01  9.449524e-04  
   1.1660300  8.312371e-01  1.101452e-03  8.312475e-01  1.101505e-03  7.802789e-01  9.680743e-04  
   1.1870300  8.335791e-01  1.128626e-03  8.335896e-01  1.128681e-03  7.823368e-01  9.915734e-04  
   1.2080300  8.359783e-01  1.156278e-03  8.359891e-01  1.156335e-03  7.844443e-01  1.015464e-03  
   1.2280300  8.383175e-01  1.183073e-03  8.383283e-01  1.183133e-03  7.864982e-01  1.038591e-03  
   1.2490300  8.408317e-01  1.211709e-03  8.408427e-01  1.211771e-03  7.887047e-01  1.063284e-03  
   1.2706300  8.434815e-01  1.241719e-03  8.434923e-01  1.241785e-03  7.910296e-01  1.089135e-03  
   1.2906300  8.459927e-01  1.270027e-03  8.460037e-01  1.270095e-03  7.932318e-01  1.113494e-03  
   1.3116300  8.486912e-01  1.300311e-03  8.487023e-01  1.300382e-03  7.955972e-01  1.139526e-03  
   1.3326300  8.514536e-01  1.331190e-03  8.514650e-01  1.331264e-03  7.980174e-01  1.166041e-03  
   1.3536299  8.542813e-01  1.362689e-03  8.542930e-01  1.362766e-03  8.004937e-01  1.193057e-03  
   1.3746300  8.571761e-01  1.394831e-03  8.571880e-01  1.394911e-03  8.030276e-01  1.220594e-03  
   1.3946300  8.599969e-01  1.426066e-03  8.600088e-01  1.426148e-03  8.054953e-01  1.247321e-03  
   1.4156300  8.630262e-01  1.459542e-03  8.630384e-01  1.459627e-03  8.081443e-01  1.275932e-03  
   1.4366300  8.661268e-01  1.493743e-03  8.661395e-01  1.493832e-03  8.108541e-01  1.305124e-03  
   1.4576300  8.693007e-01  1.528698e-03  8.693132e-01  1.528790e-03  8.136264e-01  1.334919e-03  
   1.4786299  8.725486e-01  1.564441e-03  8.725613e-01  1.564535e-03  8.164622e-01  1.365341e-03  
   1.4996300  8.758727e-01  1.601005e-03  8.758857e-01  1.601102e-03  8.193622e-01  1.396414e-03  
   1.5196300  8.791105e-01  1.636626e-03  8.791236e-01  1.636725e-03  8.221853e-01  1.426635e-03  
   1.5406300  8.825878e-01  1.674907e-03  8.826011e-01  1.675009e-03  8.252158e-01  1.459053e-03  
   1.5616300  8.861465e-01  1.714133e-03  8.861599e-01  1.714238e-03  8.283148e-01  1.492200e-03  
   1.5826300  8.897882e-01  1.754358e-03  8.898019e-01  1.754466e-03  8.314845e-01  1.526106e-03  
   1.6036299  8.935152e-01  1.795644e-03  8.935289e-01  1.795756e-03  8.347259e-01  1.560801e-03  
   1.6246300  8.973294e-01  1.838066e-03  8.973438e-01  1.838182e-03  8.380409e-01  1.596319e-03  
   1.6446300  9.010453e-01  1.879605e-03  9.010597e-01  1.879725e-03  8.412679e-01  1.630944e-03  
   1.6656300  9.050360e-01  1.924522e-03  9.050507e-01  1.924646e-03  8.447315e-01  1.668175e-03  
   1.6872300  9.092399e-01  1.972252e-03  9.092553e-01  1.972381e-03  8.483766e-01  1.707450e-03  
   1.7072300  9.132237e-01  2.017988e-03  9.132391e-01  2.018121e-03  8.518281e-01  1.744744e-03  
   1.7282300  9.175037e-01  2.067804e-03  9.175194e-01  2.067942e-03  8.555334e-01  1.784917e-03  
   1.7492300  9.218864e-01  2.119709e-03  9.219019e-01  2.119853e-03  8.593237e-01  1.826184e-03  
   1.7702301  9.263740e-01  2.174009e-03  9.263903e-01  2.174162e-03  8.632014e-01  1.868614e-03  
   1.7912300  9.309707e-01  2.231081e-03  9.309874e-01  2.231241e-03  8.671698e-01  1.912284e-03  
   1.8112299  9.354523e-01  2.288411e-03  9.354689e-01  2.288581e-03  8.710352e-01  1.955115e-03  
   1.8322300  9.402701e-01  2.352225e-03  9.402874e-01  2.352406e-03  8.751869e-01  2.001495e-03  
   1.8532300  9.452062e-01  2.420317e-03  9.452238e-01  2.420510e-03  8.794367e-01  2.049452e-03  
   1.8742300  9.502648e-01  2.493333e-03  9.502826e-01  2.493541e-03  8.837876e-01  2.099154e-03  
   1.8952301  9.554492e-01  2.571978e-03  9.554669e-01  2.572202e-03  8.882427e-01  2.150806e-03  
   1.9162300  9.607614e-01  2.656990e-03  9.607800e-01  2.657235e-03  8.928053e-01  2.204665e-03  
   1.9362299  9.659443e-01  2.744569e-03  9.659631e-01  2.744836e-03  8.972532e-01  2.258302e-03  
   1.9572300  9.715191e-01  2.844193e-03  9.715383e-01  2.844486e-03  9.020350e-01  2.317458e-03  
   1.9782300  9.772339e-01  2.952369e-03  9.772536e-01  2.952692e-03  9.069339e-01  2.379990e-03  
   1.9992300  9.830920e-01  3.069733e-03  9.831119e-01  3.070089e-03  9.119544e-01  2.446478e-03  
   2.0202301  9.890981e-01  3.196829e-03  9.891184e-01  3.197221e-03  9.171003e-01  2.517616e-03  
   2.0412300  9.952556e-01  3.334065e-03  9.952765e-01  3.334497e-03  9.223764e-01  2.594219e-03  
   2.0612299  1.001265e+00  3.474449e-03  1.001286e+00  3.474924e-03  9.275250e-01  2.673119e-03  
   2.0822301  1.007732e+00  3.632144e-03  1.007753e+00  3.632663e-03  9.330656e-01  2.763239e-03  
   2.1038301  1.014557e+00  3.805327e-03  1.014579e+00  3.805893e-03  9.389143e-01  2.864955e-03  
   2.1238301  1.021038e+00  3.975484e-03  1.021060e+00  3.976093e-03  9.444686e-01  2.968518e-03  
   2.1448300  1.028015e+00  4.164068e-03  1.028039e+00  4.164720e-03  9.504499e-01  3.088334e-03  
   2.1658299  1.035177e+00  4.362525e-03  1.035200e+00  4.363218e-03  9.565876e-01  3.220949e-03  
   2.1868300  1.042530e+00  4.570568e-03  1.042554e+00  4.571297e-03  9.628887e-01  3.367884e-03  
   2.2078300  1.050081e+00  4.787929e-03  1.050106e+00  4.788689e-03  9.693569e-01  3.530666e-03  
   2.2278299  1.057467e+00  5.003473e-03  1.057492e+00  5.004255e-03  9.756791e-01  3.701819e-03  
   2.2488301  1.065432e+00  5.238741e-03  1.065458e+00  5.239537e-03  9.824917e-01  3.899875e-03  
   2.2698300  1.073623e+00  5.483352e-03  1.073650e+00  5.484155e-03  9.894888e-01  4.118123e-03  
   2.2908299  1.082052e+00  5.737729e-03  1.082079e+00  5.738532e-03  9.966776e-01  4.357929e-03  
   2.3118300  1.090730e+00  6.002565e-03  1.090758e+00  6.003363e-03  1.004063e+00  4.620600e-03  
   2.3328300  1.099668e+00  6.278836e-03  1.099697e+00  6.279622e-03  1.011654e+00  4.907395e-03  
   2.3528299  1.108435e+00  6.553760e-03  1.108465e+00  6.554536e-03  1.019079e+00  5.204109e-03  
   2.3738301  1.117921e+00  6.856394e-03  1.117952e+00  6.857158e-03  1.027090e+00  5.541622e-03  
   2.3948300  1.127710e+00  7.175263e-03  1.127741e+00  7.176020e-03  1.035329e+00  5.906995e-03  
   2.4158299  1.137818e+00  7.512728e-03  1.137850e+00  7.513484e-03  1.043804e+00  6.301598e-03  
   2.4368300  1.148262e+00  7.871574e-03  1.148296e+00  7.872351e-03  1.052526e+00  6.726886e-03  
   2.4578300  1.159062e+00  8.255132e-03  1.159096e+00  8.255937e-03  1.061505e+00  7.184427e-03  
   2.4778299  1.169697e+00  8.647000e-03  1.169732e+00  8.647855e-03  1.070307e+00  7.651753e-03  
   2.4988301  1.181252e+00  9.090944e-03  1.181288e+00  9.091879e-03  1.079823e+00  8.177455e-03  
   2.5204301  1.193577e+00  9.588271e-03  1.193614e+00  9.589318e-03  1.089921e+00  8.757877e-03  
   2.5404301  1.205413e+00  1.009217e-02  1.205451e+00  1.009335e-02  1.099564e+00  9.333646e-03  
   2.5614300  1.218306e+00  1.067462e-02  1.218346e+00  1.067598e-02  1.110011e+00  9.980963e-03  
   2.5824299  1.231706e+00  1.132231e-02  1.231748e+00  1.132388e-02  1.120805e+00  1.067599e-02  
   2.6034300  1.245650e+00  1.204847e-02  1.245693e+00  1.205030e-02  1.131968e+00  1.142386e-02  
   2.6244299  1.260171e+00  1.286932e-02  1.260216e+00  1.287145e-02  1.143522e+00  1.223112e-02  
   2.6444299  1.274575e+00  1.375723e-02  1.274621e+00  1.375969e-02  1.154914e+00  1.306295e-02  
   2.6654301  1.290342e+00  1.482389e-02  1.290391e+00  1.482676e-02  1.167309e+00  1.401294e-02  
   2.6864300  1.306812e+00  1.605623e-02  1.306862e+00  1.605957e-02  1.180174e+00  1.505473e-02  
   2.7074299  1.324031e+00  1.748803e-02  1.324084e+00  1.749194e-02  1.193543e+00  1.620515e-02  
   2.7284300  1.342051e+00  1.915905e-02  1.342106e+00  1.916363e-02  1.207447e+00  1.748448e-02  
   2.7494299  1.360923e+00  2.111559e-02  1.360980e+00  2.112098e-02  1.221917e+00  1.891663e-02  
   2.7694299  1.379741e+00  2.329357e-02  1.379800e+00  2.329988e-02  1.236256e+00  2.044793e-02  
   2.7904301  1.400440e+00  2.597030e-02  1.400503e+00  2.597781e-02  1.251933e+00  2.226140e-02  
   2.8114300  1.422164e+00  2.911659e-02  1.422229e+00  2.912555e-02  1.268278e+00  2.431932e-02  
   2.8324299  1.444975e+00  3.281477e-02  1.445043e+00  3.282552e-02  1.285330e+00  2.665916e-02  
   2.8534300  1.468937e+00  3.716020e-02  1.469010e+00  3.717311e-02  1.303126e+00  2.932141e-02  
   2.8744299  1.494117e+00  4.226342e-02  1.494193e+00  4.227895e-02  1.321709e+00  3.234958e-02  
   2.8944299  1.519287e+00  4.794577e-02  1.519367e+00  4.796426e-02  1.340179e+00  3.561704e-02  
   2.9154301  1.547021e+00  5.491897e-02  1.547103e+00  5.494109e-02  1.360429e+00  3.950075e-02  
   2.9370301  1.576993e+00  6.334676e-02  1.577080e+00  6.337327e-02  1.382233e+00  4.404092e-02  
   2.9570301  1.606083e+00  7.247207e-02  1.606174e+00  7.250318e-02  1.403358e+00  4.880291e-02  
   2.9780300  1.638023e+00  8.364171e-02  1.638117e+00  8.367828e-02  1.426574e+00  5.446122e-02  
   2.9990301  1.671371e+00  9.668905e-02  1.671469e+00  9.673169e-02  1.450916e+00  6.089390e-02  
   3.0200300  1.706065e+00  1.118938e-01  1.706167e+00  1.119430e-01  1.476455e+00  6.822594e-02  
   3.0410299  1.741989e+00  1.295561e-01  1.742094e+00  1.296125e-01  1.503253e+00  7.661124e-02  
   3.0610299  1.777186e+00  1.489476e-01  1.777294e+00  1.490110e-01  1.529994e+00  8.574731e-02  
   3.0820301  1.814940e+00  1.723063e-01  1.815051e+00  1.723775e-01  1.559380e+00  9.676151e-02  
   3.1030300  1.853198e+00  1.990263e-01  1.853310e+00  1.991055e-01  1.590101e+00  1.094864e-01  
   3.1240301  1.891570e+00  2.293707e-01  1.891683e+00  2.294580e-01  1.622109e+00  1.242153e-01  
   3.1450300  1.929595e+00  2.635476e-01  1.929707e+00  2.636430e-01  1.655297e+00  1.412691e-01  
   3.1660299  1.966752e+00  3.016930e-01  1.966862e+00  3.017963e-01  1.689486e+00  1.609861e-01  
   3.1860299  2.000818e+00  3.417533e-01  2.000924e+00  3.418640e-01  1.722744e+00  1.825508e-01  
   3.2070301  2.034636e+00  3.876776e-01  2.034737e+00  3.877959e-01  1.758066e+00  2.084279e-01  
   3.2280300  2.065879e+00  4.373851e-01  2.065973e+00  4.375109e-01  1.793381e+00  2.378917e-01  
   3.2490301  2.093995e+00  4.905862e-01  2.094078e+00  4.907190e-01  1.828184e+00  2.711538e-01  
   3.2700300  2.118483e+00  5.468744e-01  2.118556e+00  5.470140e-01  1.861902e+00  3.083302e-01  
   3.2910299  2.138929e+00  6.057429e-01  2.138989e+00  6.058891e-01  1.893916e+00  3.494206e-01  
   3.3110299  2.154357e+00  6.636681e-01  2.154404e+00  6.638200e-01  1.922245e+00  3.920711e-01  
   3.3320301  2.166124e+00  7.258214e-01  2.166156e+00  7.259792e-01  1.949128e+00  4.402812e-01  
   3.3536301  2.173424e+00  7.904737e-01  2.173439e+00  7.906367e-01  1.973137e+00  4.930970e-01  
   3.3736300  2.175890e+00  8.503599e-01  2.175891e+00  8.505269e-01  1.991622e+00  5.444057e-01  
   3.3946300  2.174218e+00  9.126422e-01  2.174202e+00  9.128129e-01  2.006810e+00  6.001337e-01  
   3.4156301  2.168461e+00  9.737424e-01  2.168429e+00  9.739159e-01  2.017461e+00  6.570441e-01  
   3.4366300  2.158991e+00  1.033161e+00  2.158945e+00  1.033336e+00  2.023515e+00  7.143748e-01  
   3.4576299  2.146249e+00  1.090501e+00  2.146192e+00  1.090676e+00  2.025077e+00  7.713752e-01  
   3.4776299  2.131512e+00  1.142915e+00  2.131444e+00  1.143089e+00  2.022621e+00  8.247184e-01  
   3.4986300  2.113774e+00  1.195474e+00  2.113697e+00  1.195645e+00  2.016273e+00  8.791593e-01  
   3.5196300  2.094193e+00  1.245424e+00  2.094109e+00  1.245590e+00  2.006543e+00  9.315184e-01  
   3.5406301  2.073228e+00  1.292788e+00  2.073139e+00  1.292949e+00  1.993988e+00  9.814595e-01  
   3.5616300  2.051289e+00  1.337664e+00  2.051197e+00  1.337818e+00  1.979197e+00  1.028791e+00  
   3.5826299  2.028735e+00  1.380212e+00  2.028643e+00  1.380357e+00  1.962748e+00  1.073469e+00  
   3.6026299  2.006958e+00  1.418748e+00  2.006865e+00  1.418885e+00  1.946034e+00  1.113624e+00  
   3.6236300  1.984014e+00  1.457330e+00  1.983922e+00  1.457459e+00  1.927840e+00  1.153443e+00  
   3.6446300  1.961177e+00  1.494193e+00  1.961088e+00  1.494312e+00  1.909373e+00  1.191096e+00  
   3.6656301  1.938597e+00  1.529531e+00  1.938511e+00  1.529643e+00  1.890935e+00  1.226861e+00  
   3.6866300  1.916392e+00  1.563514e+00  1.916310e+00  1.563619e+00  1.872748e+00  1.261011e+00  
   3.7076299  1.894666e+00  1.596283e+00  1.894589e+00  1.596382e+00  1.854953e+00  1.293797e+00  
   3.7276299  1.874513e+00  1.626470e+00  1.874440e+00  1.626565e+00  1.838455e+00  1.323938e+00  
   3.7486300  1.854030e+00  1.657187e+00  1.853962e+00  1.657279e+00  1.821665e+00  1.354592e+00  
   3.7702301  1.833831e+00  1.687835e+00  1.833768e+00  1.687926e+00  1.805025e+00  1.385157e+00  
   3.7902300  1.816074e+00  1.715458e+00  1.816016e+00  1.715550e+00  1.790258e+00  1.412634e+00  
   3.8112299  1.798600e+00  1.743824e+00  1.798548e+00  1.743918e+00  1.775533e+00  1.440657e+00  
   3.8322301  1.782546e+00  1.771735e+00  1.782501e+00  1.771834e+00  1.761772e+00  1.467864e+00  
   3.8532300  1.768146e+00  1.799473e+00  1.768107e+00  1.799577e+00  1.749203e+00  1.494318e+00  
   3.8742299  1.755618e+00  1.827411e+00  1.755586e+00  1.827523e+00  1.738103e+00  1.520149e+00  
   3.8942299  1.745590e+00  1.854641e+00  1.745566e+00  1.854763e+00  1.729176e+00  1.544375e+00  
   3.9152300  1.737161e+00  1.884440e+00  1.737144e+00  1.884574e+00  1.721830e+00  1.569744e+00  
   3.9362299  1.730880e+00  1.916137e+00  1.730870e+00  1.916284e+00  1.716841e+00  1.595507e+00  
   3.9572301  1.726603e+00  1.950476e+00  1.726599e+00  1.950639e+00  1.714426e+00  1.622269e+00  
   3.9782300  1.724010e+00  1.988241e+00  1.724013e+00  1.988421e+00  1.714690e+00  1.650764e+00  
   3.9992299  1.722595e+00  2.030215e+00  1.722601e+00  2.030412e+00  1.717589e+00  1.681833e+00  
   4.0192299  1.721689e+00  2.074772e+00  1.721699e+00  2.074988e+00  1.722589e+00  1.714656e+00  
   4.0402298  1.720331e+00  2.126976e+00  1.720342e+00  2.127210e+00  1.729761e+00  1.753420e+00  
   4.0612302  1.717487e+00  2.185198e+00  1.717497e+00  2.185451e+00  1.738234e+00  1.797503e+00  
   4.0822301  1.711926e+00  2.249709e+00  1.711931e+00  2.249979e+00  1.747084e+00  1.847740e+00  
   4.1032300  1.702311e+00  2.320534e+00  1.702308e+00  2.320821e+00  1.755153e+00  1.904828e+00  
   4.1242299  1.687261e+00  2.397434e+00  1.687249e+00  2.397733e+00  1.761068e+00  1.969248e+00  
   4.1442299  1.666622e+00  2.475836e+00  1.666598e+00  2.476146e+00  1.763281e+00  2.037615e+00  
   4.1652298  1.637089e+00  2.562817e+00  1.637050e+00  2.563134e+00  1.760413e+00  2.116667e+00  
   4.1868300  1.597107e+00  2.656173e+00  1.597050e+00  2.656494e+00  1.750127e+00  2.205273e+00  
   4.2068300  1.550486e+00  2.744938e+00  1.550413e+00  2.745259e+00  1.732381e+00  2.293133e+00  
   4.2278299  1.490869e+00  2.839140e+00  1.490776e+00  2.839457e+00  1.703698e+00  2.390236e+00  
   4.2488298  1.419829e+00  2.932815e+00  1.419717e+00  2.933124e+00  1.663351e+00  2.490764e+00  
   4.2698302  1.337128e+00  3.024316e+00  1.336995e+00  3.024614e+00  1.610231e+00  2.592846e+00  
   4.2908301  1.242793e+00  3.111955e+00  1.242640e+00  3.112240e+00  1.543592e+00  2.694339e+00  
   4.3108301  1.142395e+00  3.190317e+00  1.142224e+00  3.190586e+00  1.467255e+00  2.788345e+00  
   4.3318300  1.026401e+00  3.265686e+00  1.026212e+00  3.265935e+00  1.373715e+00  2.881967e+00  
   4.3528299  9.003165e-01  3.332468e+00  9.001095e-01  3.332696e+00  1.267065e+00  2.968054e+00  
   4.3738298  7.651054e-01  3.389237e+00  7.648807e-01  3.389441e+00  1.148394e+00  3.044364e+00  
   4.3948302  6.219224e-01  3.434686e+00  6.216819e-01  3.434865e+00  1.019238e+00  3.108886e+00  
   4.4158301  4.721150e-01  3.467651e+00  4.718592e-01  3.467804e+00  8.815343e-01  3.159929e+00  
   4.4358301  3.246575e-01  3.486521e+00  3.243888e-01  3.486648e+00  7.444864e-01  3.194829e+00  
   4.4568300  1.664014e-01  3.492391e+00  1.661209e-01  3.492488e+00  5.967467e-01  3.216265e+00  
   4.4778299  6.408328e-03  3.483372e+00  6.118112e-03  3.483438e+00  4.475913e-01  3.221765e+00  
   4.4988298  -1.534017e-01  3.459090e+00  -1.536991e-01  3.459123e+00  2.995752e-01  3.211455e+00  
   4.5198302  -3.110213e-01  3.419442e+00  -3.113228e-01  3.419443e+00  1.551365e-01  3.185931e+00  
   4.5408301  -4.643823e-01  3.364643e+00  -4.646847e-01  3.364610e+00  1.651268e-02  3.146222e+00  
   4.5608301  -6.046021e-01  3.298864e+00  -6.049023e-01  3.298800e+00  -1.083297e-01  3.096483e+00  
   4.5818300  -7.437868e-01  3.216388e+00  -7.440812e-01  3.216293e+00  -2.303391e-01  3.033340e+00  
   4.6034298  -8.764269e-01  3.118525e+00  -8.767118e-01  3.118399e+00  -3.448764e-01  2.958654e+00  
   4.6234298  -9.881920e-01  3.017619e+00  -9.884655e-01  3.017468e+00  -4.402488e-01  2.882545e+00  
   4.6444302  -1.092799e+00  2.902853e+00  -1.093058e+00  2.902677e+00  -5.289070e-01  2.797360e+00  
   4.6654301  -1.183364e+00  2.781163e+00  -1.183607e+00  2.780966e+00  -6.057098e-01  2.708692e+00  
   4.6864300  -1.259296e+00  2.654842e+00  -1.259521e+00  2.654627e+00  -6.708776e-01  2.618364e+00  
   4.7074299  -1.320437e+00  2.526252e+00  -1.320645e+00  2.526023e+00  -7.248895e-01  2.528037e+00  
   4.7274299  -1.365165e+00  2.403799e+00  -1.365356e+00  2.403561e+00  -7.665824e-01  2.443351e+00  
   4.7484298  -1.398598e+00  2.277337e+00  -1.398773e+00  2.277092e+00  -8.009247e-01  2.357028e+00  
   4.7694302  -1.419178e+00  2.154959e+00  -1.419338e+00  2.154709e+00  -8.265192e-01  2.274368e+00  
   4.7904301  -1.428202e+00  2.038323e+00  -1.428348e+00  2.038072e+00  -8.443506e-01  2.196163e+00  
   4.8114300  -1.427158e+00  1.928731e+00  -1.427294e+00  1.928480e+00  -8.554204e-01  2.122988e+00  
   4.8324299  -1.417639e+00  1.827116e+00  -1.417765e+00  1.826866e+00  -8.607134e-01  2.055214e+00  
   4.8524299  -1.402161e+00  1.738284e+00  -1.402281e+00  1.738035e+00  -8.612455e-01  1.995872e+00  
   4.8734298  -1.380662e+00  1.653587e+00  -1.380777e+00  1.653340e+00  -8.579162e-01  1.939067e+00  
   4.8944302  -1.355197e+00  1.577636e+00  -1.355310e+00  1.577391e+00  -8.513981e-01  1.887820e+00  
   4.9154301  -1.327043e+00  1.510162e+00  -1.327155e+00  1.509918e+00  -8.424155e-01  1.841945e+00  
   4.9364300  -1.297300e+00  1.450714e+00  -1.297412e+00  1.450470e+00  -8.316053e-01  1.801177e+00  
   4.9574299  -1.266879e+00  1.398717e+00  -1.266991e+00  1.398472e+00  -8.195166e-01  1.765192e+00  
   4.9774299  -1.237948e+00  1.355531e+00  -1.238062e+00  1.355285e+00  -8.072414e-01  1.735040e+00  
   4.9984298  -1.208159e+00  1.316185e+00  -1.208274e+00  1.315938e+00  -7.939236e-01  1.707343e+00  
