w Re-xx Im-xx Re-yy Im-yy Re-zz Im-zz
# Gaussian absolute broadening  0.15 [eV]
   0.0000000  7.718365e-01  8.967282e-05  7.718409e-01  8.968226e-05  7.276943e-01  7.953440e-05  
   0.0200000  7.719374e-01  9.597128e-05  7.719422e-01  9.598170e-05  7.277840e-01  8.512018e-05  
   0.0410000  7.720580e-01  1.031488e-04  7.720625e-01  1.031603e-04  7.278910e-01  9.148508e-05  
   0.0620000  7.721953e-01  1.109409e-04  7.721998e-01  1.109536e-04  7.280127e-01  9.839452e-05  
   0.0830000  7.723511e-01  1.193822e-04  7.723560e-01  1.193961e-04  7.281511e-01  1.058789e-04  
   0.1040000  7.725281e-01  1.285026e-04  7.725327e-01  1.285176e-04  7.283080e-01  1.139645e-04  
   0.1240000  7.727180e-01  1.378416e-04  7.727226e-01  1.378578e-04  7.284763e-01  1.222433e-04  
   0.1450000  7.729417e-01  1.483487e-04  7.729462e-01  1.483661e-04  7.286750e-01  1.315564e-04  
   0.1660000  7.731931e-01  1.595807e-04  7.731977e-01  1.595993e-04  7.288976e-01  1.415108e-04  
   0.1870000  7.734742e-01  1.715340e-04  7.734789e-01  1.715536e-04  7.291468e-01  1.521032e-04  
   0.2080000  7.737868e-01  1.841941e-04  7.737914e-01  1.842148e-04  7.294241e-01  1.633202e-04  
   0.2290000  7.741330e-01  1.975355e-04  7.741376e-01  1.975571e-04  7.297310e-01  1.751391e-04  
   0.2490000  7.744952e-01  2.108424e-04  7.744999e-01  2.108646e-04  7.300520e-01  1.869256e-04  
   0.2700000  7.749110e-01  2.254031e-04  7.749158e-01  2.254259e-04  7.304211e-01  1.998204e-04  
   0.2910000  7.753644e-01  2.405168e-04  7.753691e-01  2.405400e-04  7.308228e-01  2.132023e-04  
   0.3120000  7.758563e-01  2.561290e-04  7.758609e-01  2.561524e-04  7.312587e-01  2.270229e-04  
   0.3330000  7.763864e-01  2.721842e-04  7.763913e-01  2.722076e-04  7.317286e-01  2.412324e-04  
   0.3540000  7.769558e-01  2.886282e-04  7.769607e-01  2.886512e-04  7.322334e-01  2.557825e-04  
   0.3740000  7.775347e-01  3.046045e-04  7.775392e-01  3.046270e-04  7.327460e-01  2.699152e-04  
   0.3950000  7.781804e-01  3.216674e-04  7.781850e-01  3.216893e-04  7.333183e-01  2.850051e-04  
   0.4160000  7.788649e-01  3.389873e-04  7.788698e-01  3.390083e-04  7.339250e-01  3.003179e-04  
   0.4374300  7.796043e-01  3.568945e-04  7.796091e-01  3.569144e-04  7.345799e-01  3.161449e-04  
   0.4574300  7.803305e-01  3.737955e-04  7.803354e-01  3.738144e-04  7.352231e-01  3.310781e-04  
   0.4784300  7.811309e-01  3.917207e-04  7.811360e-01  3.917385e-04  7.359322e-01  3.469108e-04  
   0.4994300  7.819704e-01  4.098176e-04  7.819752e-01  4.098343e-04  7.366754e-01  3.628892e-04  
   0.5204300  7.828485e-01  4.280788e-04  7.828537e-01  4.280944e-04  7.374528e-01  3.790066e-04  
   0.5414300  7.837656e-01  4.465008e-04  7.837706e-01  4.465155e-04  7.382649e-01  3.952596e-04  
   0.5614300  7.846757e-01  4.641952e-04  7.846808e-01  4.642092e-04  7.390705e-01  4.108643e-04  
   0.5824300  7.856698e-01  4.829336e-04  7.856749e-01  4.829469e-04  7.399507e-01  4.273825e-04  
   0.6034300  7.867035e-01  5.018383e-04  7.867086e-01  5.018513e-04  7.408653e-01  4.440399e-04  
   0.6244300  7.877775e-01  5.209151e-04  7.877828e-01  5.209278e-04  7.418153e-01  4.608408e-04  
   0.6454300  7.888917e-01  5.401699e-04  7.888969e-01  5.401824e-04  7.428011e-01  4.777902e-04  
   0.6664300  7.900468e-01  5.596086e-04  7.900521e-01  5.596213e-04  7.438227e-01  4.948932e-04  
   0.6864300  7.911846e-01  5.782994e-04  7.911900e-01  5.783123e-04  7.448289e-01  5.113292e-04  
   0.7074300  7.924202e-01  5.981185e-04  7.924253e-01  5.981316e-04  7.459211e-01  5.287481e-04  
   0.7284300  7.936974e-01  6.181432e-04  7.937027e-01  6.181569e-04  7.470502e-01  5.463380e-04  
   0.7494300  7.950170e-01  6.383815e-04  7.950224e-01  6.383956e-04  7.482165e-01  5.641055e-04  
   0.7704300  7.963792e-01  6.588417e-04  7.963846e-01  6.588565e-04  7.494199e-01  5.820566e-04  
   0.7914300  7.977847e-01  6.795323e-04  7.977903e-01  6.795473e-04  7.506617e-01  6.001990e-04  
   0.8114300  7.991633e-01  6.994591e-04  7.991690e-01  6.994744e-04  7.518793e-01  6.176610e-04  
   0.8324300  8.006544e-01  7.206245e-04  8.006600e-01  7.206402e-04  7.531955e-01  6.361967e-04  
   0.8540300  8.022351e-01  7.426633e-04  8.022407e-01  7.426795e-04  7.545910e-01  6.554842e-04  
   0.8740300  8.037406e-01  7.633209e-04  8.037463e-01  7.633373e-04  7.559197e-01  6.735513e-04  
   0.8950300  8.053666e-01  7.852824e-04  8.053724e-01  7.852992e-04  7.573543e-01  6.927455e-04  
   0.9160300  8.070387e-01  8.075312e-04  8.070445e-01  8.075484e-04  7.588290e-01  7.121778e-04  
   0.9370300  8.087578e-01  8.300790e-04  8.087637e-01  8.300963e-04  7.603452e-01  7.318567e-04  
   0.9580300  8.105246e-01  8.529365e-04  8.105305e-01  8.529543e-04  7.619026e-01  7.517914e-04  
   0.9780300  8.122524e-01  8.750049e-04  8.122585e-01  8.750235e-04  7.634254e-01  7.710238e-04  
   0.9990300  8.141146e-01  8.985020e-04  8.141207e-01  8.985212e-04  7.650658e-01  7.914865e-04  
   1.0200300  8.160260e-01  9.223443e-04  8.160325e-01  9.223647e-04  7.667497e-01  8.122335e-04  
   1.0410300  8.179887e-01  9.465448e-04  8.179952e-01  9.465670e-04  7.684777e-01  8.332759e-04  
   1.0620300  8.200026e-01  9.711164e-04  8.200089e-01  9.711402e-04  7.702504e-01  8.546234e-04  
   1.0830300  8.220682e-01  9.960718e-04  8.220747e-01  9.960983e-04  7.720681e-01  8.762869e-04  
   1.1030300  8.240845e-01  1.020209e-03  8.240914e-01  1.020237e-03  7.738418e-01  8.972223e-04  
   1.1240300  8.262544e-01  1.045954e-03  8.262612e-01  1.045985e-03  7.757497e-01  9.195340e-04  
   1.1450300  8.284788e-01  1.072125e-03  8.284855e-01  1.072159e-03  7.777047e-01  9.421944e-04  
   1.1660300  8.307583e-01  1.098737e-03  8.307652e-01  1.098774e-03  7.797077e-01  9.652163e-04  
   1.1870300  8.330945e-01  1.125805e-03  8.331016e-01  1.125845e-03  7.817599e-01  9.886110e-04  
   1.2080300  8.354878e-01  1.153346e-03  8.354949e-01  1.153389e-03  7.838607e-01  1.012392e-03  
   1.2280300  8.378206e-01  1.180031e-03  8.378279e-01  1.180077e-03  7.859084e-01  1.035412e-03  
   1.2490300  8.403285e-01  1.208546e-03  8.403360e-01  1.208594e-03  7.881083e-01  1.059986e-03  
   1.2706300  8.429711e-01  1.238425e-03  8.429787e-01  1.238476e-03  7.904260e-01  1.085711e-03  
   1.2906300  8.454759e-01  1.266605e-03  8.454833e-01  1.266658e-03  7.926212e-01  1.109947e-03  
   1.3116300  8.481669e-01  1.296748e-03  8.481746e-01  1.296803e-03  7.949790e-01  1.135845e-03  
   1.3326300  8.509215e-01  1.327479e-03  8.509294e-01  1.327535e-03  7.973912e-01  1.162220e-03  
   1.3536299  8.537415e-01  1.358820e-03  8.537493e-01  1.358879e-03  7.998595e-01  1.189088e-03  
   1.3746300  8.566279e-01  1.390797e-03  8.566360e-01  1.390857e-03  8.023847e-01  1.216470e-03  
   1.3946300  8.594405e-01  1.421864e-03  8.594484e-01  1.421925e-03  8.048442e-01  1.243043e-03  
   1.4156300  8.624608e-01  1.455153e-03  8.624690e-01  1.455216e-03  8.074839e-01  1.271483e-03  
   1.4366300  8.655521e-01  1.489153e-03  8.655605e-01  1.489218e-03  8.101844e-01  1.300494e-03  
   1.4576300  8.687158e-01  1.523894e-03  8.687246e-01  1.523961e-03  8.129467e-01  1.330098e-03  
   1.4786299  8.719535e-01  1.559405e-03  8.719624e-01  1.559474e-03  8.157719e-01  1.360318e-03  
   1.4996300  8.752667e-01  1.595718e-03  8.752757e-01  1.595789e-03  8.186613e-01  1.391177e-03  
   1.5196300  8.784938e-01  1.631076e-03  8.785028e-01  1.631151e-03  8.214738e-01  1.421181e-03  
   1.5406300  8.819590e-01  1.669052e-03  8.819683e-01  1.669129e-03  8.244922e-01  1.453356e-03  
   1.5616300  8.855053e-01  1.707936e-03  8.855148e-01  1.708017e-03  8.275792e-01  1.486244e-03  
   1.5826300  8.891340e-01  1.747771e-03  8.891435e-01  1.747856e-03  8.307361e-01  1.519872e-03  
   1.6036299  8.928472e-01  1.788605e-03  8.928570e-01  1.788694e-03  8.339642e-01  1.554270e-03  
   1.6246300  8.966472e-01  1.830493e-03  8.966569e-01  1.830587e-03  8.372651e-01  1.589468e-03  
   1.6446300  9.003479e-01  1.871422e-03  9.003581e-01  1.871520e-03  8.404778e-01  1.623764e-03  
   1.6656300  9.043224e-01  1.915557e-03  9.043330e-01  1.915658e-03  8.439259e-01  1.660621e-03  
   1.6872300  9.085085e-01  1.962278e-03  9.085191e-01  1.962385e-03  8.475545e-01  1.699476e-03  
   1.7072300  9.124745e-01  2.006833e-03  9.124854e-01  2.006944e-03  8.509896e-01  1.736344e-03  
   1.7282300  9.167349e-01  2.055071e-03  9.167460e-01  2.055187e-03  8.546765e-01  1.776018e-03  
   1.7492300  9.210967e-01  2.104941e-03  9.211079e-01  2.105063e-03  8.584479e-01  1.816726e-03  
   1.7702301  9.255622e-01  2.156610e-03  9.255738e-01  2.156738e-03  8.623056e-01  1.858517e-03  
   1.7912300  9.301348e-01  2.210279e-03  9.301466e-01  2.210413e-03  8.662522e-01  1.901450e-03  
   1.8112299  9.345921e-01  2.263461e-03  9.346042e-01  2.263600e-03  8.700962e-01  1.943452e-03  
   1.8322300  9.393829e-01  2.321728e-03  9.393950e-01  2.321872e-03  8.742236e-01  1.988791e-03  
   1.8532300  9.442905e-01  2.382771e-03  9.443028e-01  2.382922e-03  8.784474e-01  2.035470e-03  
   1.8742300  9.493188e-01  2.446922e-03  9.493311e-01  2.447080e-03  8.827707e-01  2.083578e-03  
   1.8952301  9.544708e-01  2.514545e-03  9.544840e-01  2.514709e-03  8.871963e-01  2.133208e-03  
   1.9162300  9.597505e-01  2.586024e-03  9.597638e-01  2.586197e-03  8.917268e-01  2.184477e-03  
   1.9362299  9.649007e-01  2.658064e-03  9.649144e-01  2.658243e-03  8.961418e-01  2.234946e-03  
   1.9572300  9.704406e-01  2.738277e-03  9.704546e-01  2.738465e-03  9.008865e-01  2.289811e-03  
   1.9782300  9.761197e-01  2.823610e-03  9.761342e-01  2.823807e-03  9.057459e-01  2.346775e-03  
   1.9992300  9.819430e-01  2.914513e-03  9.819576e-01  2.914719e-03  9.107234e-01  2.406054e-03  
   2.0202301  9.879146e-01  3.011447e-03  9.879296e-01  3.011664e-03  9.158236e-01  2.467904e-03  
   2.0412300  9.940401e-01  3.114892e-03  9.940552e-01  3.115119e-03  9.210491e-01  2.532625e-03  
   2.0612299  1.000020e+00  3.219921e-03  1.000036e+00  3.220161e-03  9.261469e-01  2.597260e-03  
   2.0822301  1.006459e+00  3.337563e-03  1.006475e+00  3.337818e-03  9.316304e-01  2.668672e-03  
   2.1038301  1.013259e+00  3.467054e-03  1.013276e+00  3.467325e-03  9.374170e-01  2.746409e-03  
   2.1238301  1.019722e+00  3.595263e-03  1.019739e+00  3.595553e-03  9.429101e-01  2.822778e-03  
   2.1448300  1.026685e+00  3.739246e-03  1.026703e+00  3.739559e-03  9.488236e-01  2.908109e-03  
   2.1658299  1.033838e+00  3.893719e-03  1.033856e+00  3.894058e-03  9.548911e-01  2.999398e-03  
   2.1868300  1.041187e+00  4.059745e-03  1.041206e+00  4.060117e-03  9.611198e-01  3.097415e-03  
   2.2078300  1.048740e+00  4.238534e-03  1.048759e+00  4.238945e-03  9.675135e-01  3.203001e-03  
   2.2278299  1.056132e+00  4.421942e-03  1.056151e+00  4.422397e-03  9.737636e-01  3.311434e-03  
   2.2488301  1.064107e+00  4.629774e-03  1.064127e+00  4.630283e-03  9.805004e-01  3.434496e-03  
   2.2698300  1.072311e+00  4.854853e-03  1.072332e+00  4.855422e-03  9.874224e-01  3.568013e-03  
   2.2908299  1.080753e+00  5.098928e-03  1.080775e+00  5.099565e-03  9.945375e-01  3.713087e-03  
   2.3118300  1.089443e+00  5.363788e-03  1.089466e+00  5.364497e-03  1.001853e+00  3.870884e-03  
   2.3328300  1.098390e+00  5.651197e-03  1.098413e+00  5.651986e-03  1.009377e+00  4.042627e-03  
   2.3528299  1.107159e+00  5.947452e-03  1.107182e+00  5.948324e-03  1.016743e+00  4.220337e-03  
   2.3738301  1.116637e+00  6.283717e-03  1.116661e+00  6.284675e-03  1.024698e+00  4.423114e-03  
   2.3948300  1.126404e+00  6.647201e-03  1.126429e+00  6.648249e-03  1.032887e+00  4.643912e-03  
   2.4158299  1.136473e+00  7.039178e-03  1.136498e+00  7.040314e-03  1.041320e+00  4.884323e-03  
   2.4368300  1.146857e+00  7.460770e-03  1.146884e+00  7.461991e-03  1.050011e+00  5.146089e-03  
   2.4578300  1.157573e+00  7.912975e-03  1.157600e+00  7.914281e-03  1.058968e+00  5.431124e-03  
   2.4778299  1.168101e+00  8.373029e-03  1.168130e+00  8.374413e-03  1.067760e+00  5.726176e-03  
   2.4988301  1.179515e+00  8.888048e-03  1.179544e+00  8.889508e-03  1.077277e+00  6.063066e-03  
   2.5204301  1.191661e+00  9.453502e-03  1.191692e+00  9.455037e-03  1.087390e+00  6.441361e-03  
   2.5404301  1.203298e+00  1.001136e-02  1.203329e+00  1.001296e-02  1.097059e+00  6.823306e-03  
   2.5614300  1.215946e+00  1.063558e-02  1.215979e+00  1.063726e-02  1.107547e+00  7.260634e-03  
   2.5824299  1.229066e+00  1.130359e-02  1.229100e+00  1.130535e-02  1.118396e+00  7.739312e-03  
   2.6034300  1.242692e+00  1.202163e-02  1.242727e+00  1.202348e-02  1.129628e+00  8.264330e-03  
   2.6244299  1.256861e+00  1.279824e-02  1.256897e+00  1.280019e-02  1.141266e+00  8.841600e-03  
   2.6444299  1.270899e+00  1.360276e-02  1.270936e+00  1.360482e-02  1.152751e+00  9.446457e-03  
   2.6654301  1.286253e+00  1.452989e-02  1.286292e+00  1.453211e-02  1.165256e+00  1.014757e-02  
   2.6864300  1.302283e+00  1.556004e-02  1.302324e+00  1.556243e-02  1.178248e+00  1.092642e-02  
   2.7074299  1.319045e+00  1.671693e-02  1.319086e+00  1.671956e-02  1.191760e+00  1.179545e-02  
   2.7284300  1.336594e+00  1.803000e-02  1.336638e+00  1.803292e-02  1.205826e+00  1.276976e-02  
   2.7494299  1.354992e+00  1.953521e-02  1.355038e+00  1.953851e-02  1.220485e+00  1.386756e-02  
   2.7694299  1.373364e+00  2.118737e-02  1.373412e+00  2.119114e-02  1.235033e+00  1.504796e-02  
   2.7904301  1.393612e+00  2.320234e-02  1.393662e+00  2.320675e-02  1.250968e+00  1.645426e-02  
   2.8114300  1.414915e+00  2.556667e-02  1.414968e+00  2.557189e-02  1.267625e+00  1.806233e-02  
   2.8324299  1.437350e+00  2.835652e-02  1.437406e+00  2.836280e-02  1.285054e+00  1.990945e-02  
   2.8534300  1.460997e+00  3.166350e-02  1.461056e+00  3.167112e-02  1.303308e+00  2.203992e-02  
   2.8744299  1.485940e+00  3.559751e-02  1.486002e+00  3.560682e-02  1.322444e+00  2.450622e-02  
   2.8944299  1.510971e+00  4.004746e-02  1.511037e+00  4.005874e-02  1.341542e+00  2.722427e-02  
   2.9154301  1.538670e+00  4.560855e-02  1.538740e+00  4.562240e-02  1.362574e+00  3.053676e-02  
   2.9370301  1.568745e+00  5.246992e-02  1.568821e+00  5.248699e-02  1.385321e+00  3.452485e-02  
   2.9570301  1.598077e+00  6.005748e-02  1.598156e+00  6.007812e-02  1.407451e+00  3.884042e-02  
   2.9780300  1.630442e+00  6.954359e-02  1.630526e+00  6.956869e-02  1.431858e+00  4.413662e-02  
   2.9990301  1.664415e+00  8.086430e-02  1.664504e+00  8.089468e-02  1.457523e+00  5.036107e-02  
   3.0200300  1.699954e+00  9.433296e-02  1.700048e+00  9.436949e-02  1.484502e+00  5.768677e-02  
   3.0410299  1.736968e+00  1.102893e-01  1.737067e+00  1.103329e-01  1.512835e+00  6.631622e-02  
   3.0610299  1.773451e+00  1.281249e-01  1.773553e+00  1.281762e-01  1.541095e+00  7.596020e-02  
   3.0820301  1.812829e+00  1.499699e-01  1.812936e+00  1.500305e-01  1.572097e+00  8.783669e-02  
   3.1030300  1.853006e+00  1.753511e-01  1.853115e+00  1.754218e-01  1.604409e+00  1.017933e-01  
   3.1240301  1.893592e+00  2.045854e-01  1.893704e+00  2.046675e-01  1.637927e+00  1.181456e-01  
   3.1450300  1.934115e+00  2.379339e-01  1.934229e+00  2.380285e-01  1.672480e+00  1.372213e-01  
   3.1660299  1.974031e+00  2.755810e-01  1.974146e+00  2.756891e-01  1.707826e+00  1.593488e-01  
   3.1860299  2.010929e+00  3.155104e-01  2.011043e+00  3.156323e-01  1.741927e+00  1.835436e-01  
   3.2070301  2.047879e+00  3.616862e-01  2.047993e+00  3.618232e-01  1.777797e+00  2.124852e-01  
   3.2280300  2.082346e+00  4.120579e-01  2.082456e+00  4.122104e-01  1.813246e+00  2.452541e-01  
   3.2490301  2.113688e+00  4.663336e-01  2.113795e+00  4.665017e-01  1.847704e+00  2.819714e-01  
   3.2700300  2.141312e+00  5.240871e-01  2.141416e+00  5.242706e-01  1.880545e+00  3.226452e-01  
   3.2910299  2.164710e+00  5.847765e-01  2.164807e+00  5.849749e-01  1.911110e+00  3.671547e-01  
   3.3110299  2.182695e+00  6.447218e-01  2.182786e+00  6.449333e-01  1.937500e+00  4.128714e-01  
   3.3320301  2.196808e+00  7.092435e-01  2.196892e+00  7.094674e-01  1.961755e+00  4.639786e-01  
   3.3536301  2.206098e+00  7.765372e-01  2.206175e+00  7.767712e-01  1.982445e+00  5.193035e-01  
   3.3736300  2.210000e+00  8.390070e-01  2.210069e+00  8.392487e-01  1.997341e+00  5.724086e-01  
   3.3946300  2.209405e+00  9.041098e-01  2.209466e+00  9.043565e-01  2.008294e+00  6.293926e-01  
   3.4156301  2.204304e+00  9.681205e-01  2.204357e+00  9.683703e-01  2.014330e+00  6.868529e-01  
   3.4366300  2.195110e+00  1.030544e+00  2.195153e+00  1.030793e+00  2.015512e+00  7.439929e-01  
   3.4576299  2.182309e+00  1.091007e+00  2.182342e+00  1.091252e+00  2.012091e+00  8.000622e-01  
   3.4776299  2.167248e+00  1.146541e+00  2.167271e+00  1.146782e+00  2.004935e+00  8.518550e-01  
   3.4986300  2.148931e+00  1.202581e+00  2.148943e+00  1.202814e+00  1.993865e+00  9.040260e-01  
   3.5196300  2.128544e+00  1.256271e+00  2.128545e+00  1.256494e+00  1.979802e+00  9.535400e-01  
   3.5406301  2.106541e+00  1.307679e+00  2.106528e+00  1.307891e+00  1.963466e+00  1.000167e+00  
   3.5616300  2.083294e+00  1.356922e+00  2.083269e+00  1.357123e+00  1.945585e+00  1.043842e+00  
   3.5826299  2.059098e+00  1.404152e+00  2.059059e+00  1.404341e+00  1.926852e+00  1.084658e+00  
   3.6026299  2.035366e+00  1.447396e+00  2.035312e+00  1.447574e+00  1.908778e+00  1.121083e+00  
   3.6236300  2.009860e+00  1.491099e+00  2.009791e+00  1.491264e+00  1.890034e+00  1.157074e+00  
   3.6446300  1.983839e+00  1.533134e+00  1.983755e+00  1.533289e+00  1.871894e+00  1.191142e+00  
   3.6656301  1.957360e+00  1.573536e+00  1.957261e+00  1.573681e+00  1.854583e+00  1.223705e+00  
   3.6866300  1.930476e+00  1.612281e+00  1.930364e+00  1.612417e+00  1.838189e+00  1.255159e+00  
   3.7076299  1.903264e+00  1.649300e+00  1.903139e+00  1.649428e+00  1.822688e+00  1.285850e+00  
   3.7276299  1.877151e+00  1.682864e+00  1.877016e+00  1.682986e+00  1.808648e+00  1.314612e+00  
   3.7486300  1.849705e+00  1.716227e+00  1.849561e+00  1.716345e+00  1.794510e+00  1.344480e+00  
   3.7702301  1.821717e+00  1.748448e+00  1.821564e+00  1.748561e+00  1.780434e+00  1.374909e+00  
   3.7902300  1.796333e+00  1.776350e+00  1.796176e+00  1.776459e+00  1.767689e+00  1.402789e+00  
   3.8112299  1.770629e+00  1.803688e+00  1.770468e+00  1.803795e+00  1.754535e+00  1.431651e+00  
   3.8322301  1.746346e+00  1.829167e+00  1.746184e+00  1.829270e+00  1.741633e+00  1.459943e+00  
   3.8532300  1.723971e+00  1.853063e+00  1.723811e+00  1.853165e+00  1.729116e+00  1.487509e+00  
   3.8742299  1.703986e+00  1.875809e+00  1.703829e+00  1.875909e+00  1.717229e+00  1.514235e+00  
   3.8942299  1.687565e+00  1.896935e+00  1.687413e+00  1.897034e+00  1.706805e+00  1.538878e+00  
   3.9152300  1.673388e+00  1.919257e+00  1.673243e+00  1.919354e+00  1.697201e+00  1.563990e+00  
   3.9362299  1.662547e+00  1.942577e+00  1.662410e+00  1.942674e+00  1.689416e+00  1.588560e+00  
   3.9572301  1.655062e+00  1.967867e+00  1.654934e+00  1.967963e+00  1.683884e+00  1.613005e+00  
   3.9782300  1.650735e+00  1.996159e+00  1.650616e+00  1.996255e+00  1.680978e+00  1.637916e+00  
   3.9992299  1.649129e+00  2.028493e+00  1.649019e+00  2.028592e+00  1.680948e+00  1.664056e+00  
   4.0192299  1.649504e+00  2.063956e+00  1.649401e+00  2.064059e+00  1.683665e+00  1.690920e+00  
   4.0402298  1.651008e+00  2.106937e+00  1.650911e+00  2.107045e+00  1.689272e+00  1.722161e+00  
   4.0612302  1.652521e+00  2.156506e+00  1.652426e+00  2.156619e+00  1.697318e+00  1.757556e+00  
   4.0822301  1.652711e+00  2.213138e+00  1.652618e+00  2.213260e+00  1.707139e+00  1.798156e+00  
   4.1032300  1.650116e+00  2.277047e+00  1.650019e+00  2.277179e+00  1.717784e+00  1.844942e+00  
   4.1242299  1.643194e+00  2.348149e+00  1.643090e+00  2.348292e+00  1.728025e+00  1.898754e+00  
   4.1442299  1.631161e+00  2.422189e+00  1.631048e+00  2.422343e+00  1.736047e+00  1.957106e+00  
   4.1652298  1.611381e+00  2.505899e+00  1.611254e+00  2.506065e+00  1.741032e+00  2.026167e+00  
   4.1868300  1.581976e+00  2.597361e+00  1.581830e+00  2.597538e+00  1.740585e+00  2.105544e+00  
   4.2068300  1.545426e+00  2.685736e+00  1.545262e+00  2.685926e+00  1.733348e+00  2.186239e+00  
   4.2278299  1.496443e+00  2.780947e+00  1.496257e+00  2.781147e+00  1.716858e+00  2.277664e+00  
   4.2488298  1.435861e+00  2.877051e+00  1.435651e+00  2.877260e+00  1.689528e+00  2.374768e+00  
   4.2698302  1.363195e+00  2.972335e+00  1.362962e+00  2.972552e+00  1.649815e+00  2.475953e+00  
   4.2908301  1.278238e+00  3.065009e+00  1.277982e+00  3.065231e+00  1.596499e+00  2.579244e+00  
   4.3108301  1.185951e+00  3.149200e+00  1.185674e+00  3.149426e+00  1.532333e+00  2.677500e+00  
   4.3318300  1.077413e+00  3.231610e+00  1.077114e+00  3.231835e+00  1.450582e+00  2.778155e+00  
   4.3528299  9.575157e-01  3.306176e+00  9.571984e-01  3.306401e+00  1.354296e+00  2.873682e+00  
   4.3738298  8.270755e-01  3.371248e+00  8.267410e-01  3.371466e+00  1.244220e+00  2.961489e+00  
   4.3948302  6.871371e-01  3.425278e+00  6.867875e-01  3.425488e+00  1.121638e+00  3.039125e+00  
   4.4158301  5.389833e-01  3.466850e+00  5.386211e-01  3.467048e+00  9.883405e-01  3.104391e+00  
   4.4358301  3.916080e-01  3.493714e+00  3.912360e-01  3.493896e+00  8.534416e-01  3.153379e+00  
   4.4568300  2.319058e-01  3.507533e+00  2.315250e-01  3.507696e+00  7.058727e-01  3.189665e+00  
   4.4778299  6.898241e-02  3.505786e+00  6.859494e-02  3.505926e+00  5.549067e-01  3.209594e+00  
   4.4988298  -9.510449e-02  3.487900e+00  -9.549674e-02  3.488012e+00  4.033292e-01  3.212869e+00  
   4.5198302  -2.581633e-01  3.453604e+00  -2.585583e-01  3.453686e+00  2.538587e-01  3.199749e+00  
   4.5408301  -4.178998e-01  3.402983e+00  -4.182959e-01  3.403033e+00  1.090382e-01  3.171025e+00  
   4.5608301  -5.648263e-01  3.340016e+00  -5.652217e-01  3.340033e+00  -2.250672e-02  3.130296e+00  
   4.5818300  -7.114516e-01  3.259230e+00  -7.118447e-01  3.259211e+00  -1.521158e-01  3.075040e+00  
   4.6034298  -8.518745e-01  3.161773e+00  -8.522633e-01  3.161718e+00  -2.748035e-01  3.006816e+00  
   4.6234298  -9.707019e-01  3.060100e+00  -9.710855e-01  3.060014e+00  -3.778212e-01  2.935269e+00  
   4.6444302  -1.082327e+00  2.943455e+00  -1.082704e+00  2.943336e+00  -4.744430e-01  2.853523e+00  
   4.6654301  -1.179289e+00  2.818935e+00  -1.179659e+00  2.818789e+00  -5.590172e-01  2.767047e+00  
   4.6864300  -1.260828e+00  2.689016e+00  -1.261191e+00  2.688844e+00  -6.316723e-01  2.677803e+00  
   4.7074299  -1.326676e+00  2.556256e+00  -1.327032e+00  2.556064e+00  -6.928244e-01  2.587580e+00  
   4.7274299  -1.374999e+00  2.429484e+00  -1.375351e+00  2.429275e+00  -7.409543e-01  2.502182e+00  
   4.7484298  -1.411280e+00  2.298297e+00  -1.411628e+00  2.298074e+00  -7.816416e-01  2.414344e+00  
   4.7694302  -1.433807e+00  2.171165e+00  -1.434155e+00  2.170931e+00  -8.131281e-01  2.329447e+00  
   4.7904301  -1.443965e+00  2.049881e+00  -1.444315e+00  2.049637e+00  -8.363672e-01  2.248335e+00  
   4.8114300  -1.443355e+00  1.935845e+00  -1.443710e+00  1.935594e+00  -8.523277e-01  2.171623e+00  
   4.8324299  -1.433692e+00  1.830060e+00  -1.434054e+00  1.829801e+00  -8.619593e-01  2.099725e+00  
   4.8524299  -1.417651e+00  1.737541e+00  -1.418024e+00  1.737274e+00  -8.660780e-01  2.035942e+00  
   4.8734298  -1.395226e+00  1.649284e+00  -1.395612e+00  1.649007e+00  -8.659110e-01  1.973988e+00  
   4.8944302  -1.368587e+00  1.570081e+00  -1.368989e+00  1.569792e+00  -8.619110e-01  1.917145e+00  
   4.9154301  -1.339094e+00  1.499641e+00  -1.339514e+00  1.499339e+00  -8.547843e-01  1.865298e+00  
   4.9364300  -1.307909e+00  1.437484e+00  -1.308348e+00  1.437166e+00  -8.451601e-01  1.818254e+00  
   4.9574299  -1.275989e+00  1.383005e+00  -1.276450e+00  1.382668e+00  -8.335919e-01  1.775769e+00  
   4.9774299  -1.245607e+00  1.337638e+00  -1.246088e+00  1.337281e+00  -8.212072e-01  1.739294e+00  
   4.9984298  -1.214286e+00  1.296168e+00  -1.214790e+00  1.295787e+00  -8.071631e-01  1.704894e+00  
