w Re-xx Im-xx Re-yy Im-yy Re-zz Im-zz
# Gaussian absolute broadening  0.15 [eV]
   0.0000000  7.678991e-01  8.817872e-05  7.679077e-01  8.818537e-05  7.266056e-01  7.943036e-05  
   0.0200000  7.679990e-01  9.437369e-05  7.680075e-01  9.438057e-05  7.266954e-01  8.500829e-05  
   0.0410000  7.681175e-01  1.014332e-04  7.681261e-01  1.014402e-04  7.268021e-01  9.136437e-05  
   0.0620000  7.682523e-01  1.090969e-04  7.682613e-01  1.091041e-04  7.269238e-01  9.826440e-05  
   0.0830000  7.684059e-01  1.173990e-04  7.684146e-01  1.174063e-04  7.270622e-01  1.057388e-04  
   0.1040000  7.685797e-01  1.263686e-04  7.685887e-01  1.263759e-04  7.272189e-01  1.138138e-04  
   0.1240000  7.687662e-01  1.355529e-04  7.687750e-01  1.355603e-04  7.273867e-01  1.220817e-04  
   0.1450000  7.689865e-01  1.458855e-04  7.689952e-01  1.458930e-04  7.275851e-01  1.313829e-04  
   0.1660000  7.692336e-01  1.569305e-04  7.692423e-01  1.569380e-04  7.278076e-01  1.413246e-04  
   0.1870000  7.695101e-01  1.686842e-04  7.695187e-01  1.686917e-04  7.280565e-01  1.519036e-04  
   0.2080000  7.698173e-01  1.811322e-04  7.698262e-01  1.811397e-04  7.283334e-01  1.631066e-04  
   0.2290000  7.701577e-01  1.942493e-04  7.701666e-01  1.942569e-04  7.286398e-01  1.749107e-04  
   0.2490000  7.705141e-01  2.073315e-04  7.705227e-01  2.073393e-04  7.289605e-01  1.866824e-04  
   0.2700000  7.709232e-01  2.216454e-04  7.709319e-01  2.216534e-04  7.293289e-01  1.995611e-04  
   0.2910000  7.713690e-01  2.365017e-04  7.713778e-01  2.365101e-04  7.297301e-01  2.129262e-04  
   0.3120000  7.718523e-01  2.518470e-04  7.718613e-01  2.518557e-04  7.301655e-01  2.267292e-04  
   0.3330000  7.723736e-01  2.676259e-04  7.723824e-01  2.676351e-04  7.306348e-01  2.409203e-04  
   0.3540000  7.729335e-01  2.837854e-04  7.729425e-01  2.837952e-04  7.311389e-01  2.554515e-04  
   0.3740000  7.735025e-01  2.994838e-04  7.735115e-01  2.994942e-04  7.316509e-01  2.695656e-04  
   0.3950000  7.741373e-01  3.162482e-04  7.741463e-01  3.162592e-04  7.322222e-01  2.846353e-04  
   0.4160000  7.748103e-01  3.332631e-04  7.748192e-01  3.332746e-04  7.328282e-01  2.999271e-04  
   0.4374300  7.755371e-01  3.508527e-04  7.755464e-01  3.508648e-04  7.334824e-01  3.157322e-04  
   0.4574300  7.762513e-01  3.674523e-04  7.762603e-01  3.674650e-04  7.341250e-01  3.306443e-04  
   0.4784300  7.770383e-01  3.850555e-04  7.770470e-01  3.850686e-04  7.348328e-01  3.464544e-04  
   0.4994300  7.778631e-01  4.028249e-04  7.778721e-01  4.028384e-04  7.355750e-01  3.624097e-04  
   0.5204300  7.787263e-01  4.207532e-04  7.787353e-01  4.207669e-04  7.363517e-01  3.785035e-04  
   0.5414300  7.796277e-01  4.388369e-04  7.796369e-01  4.388509e-04  7.371624e-01  3.947323e-04  
   0.5614300  7.805222e-01  4.562037e-04  7.805314e-01  4.562180e-04  7.379671e-01  4.103137e-04  
   0.5824300  7.814993e-01  4.745924e-04  7.815083e-01  4.746069e-04  7.388457e-01  4.268072e-04  
   0.6034300  7.825149e-01  4.931407e-04  7.825243e-01  4.931559e-04  7.397591e-01  4.434394e-04  
   0.6244300  7.835702e-01  5.118550e-04  7.835796e-01  5.118707e-04  7.407079e-01  4.602150e-04  
   0.6454300  7.846650e-01  5.307406e-04  7.846743e-01  5.307568e-04  7.416923e-01  4.771387e-04  
   0.6664300  7.857999e-01  5.498028e-04  7.858094e-01  5.498200e-04  7.427127e-01  4.942156e-04  
   0.6864300  7.869179e-01  5.681280e-04  7.869275e-01  5.681463e-04  7.437173e-01  5.106270e-04  
   0.7074300  7.881316e-01  5.875555e-04  7.881411e-01  5.875751e-04  7.448081e-01  5.280196e-04  
   0.7284300  7.893863e-01  6.071805e-04  7.893957e-01  6.072015e-04  7.459357e-01  5.455831e-04  
   0.7494300  7.906823e-01  6.270107e-04  7.906920e-01  6.270335e-04  7.471004e-01  5.633240e-04  
   0.7704300  7.920204e-01  6.470534e-04  7.920300e-01  6.470780e-04  7.483021e-01  5.812480e-04  
   0.7914300  7.934007e-01  6.673168e-04  7.934104e-01  6.673436e-04  7.495421e-01  5.993628e-04  
   0.8114300  7.947545e-01  6.868280e-04  7.947643e-01  6.868566e-04  7.507580e-01  6.167984e-04  
   0.8324300  7.962186e-01  7.075470e-04  7.962285e-01  7.075777e-04  7.520726e-01  6.353055e-04  
   0.8540300  7.977702e-01  7.291152e-04  7.977802e-01  7.291480e-04  7.534660e-01  6.545633e-04  
   0.8740300  7.992484e-01  7.493265e-04  7.992585e-01  7.493614e-04  7.547928e-01  6.726026e-04  
   0.8950300  8.008445e-01  7.708080e-04  8.008546e-01  7.708444e-04  7.562255e-01  6.917663e-04  
   0.9160300  8.024857e-01  7.925647e-04  8.024958e-01  7.926031e-04  7.576983e-01  7.111674e-04  
   0.9370300  8.041731e-01  8.146071e-04  8.041833e-01  8.146469e-04  7.592120e-01  7.308142e-04  
   0.9580300  8.059068e-01  8.369457e-04  8.059171e-01  8.369872e-04  7.607674e-01  7.507160e-04  
   0.9780300  8.076022e-01  8.585071e-04  8.076125e-01  8.585499e-04  7.622879e-01  7.699160e-04  
   0.9990300  8.094290e-01  8.814569e-04  8.094395e-01  8.815016e-04  7.639260e-01  7.903434e-04  
   1.0200300  8.113045e-01  9.047369e-04  8.113149e-01  9.047828e-04  7.656074e-01  8.110545e-04  
   1.0410300  8.132293e-01  9.283588e-04  8.132399e-01  9.284058e-04  7.673329e-01  8.320590e-04  
   1.0620300  8.152043e-01  9.523344e-04  8.152152e-01  9.523830e-04  7.691030e-01  8.533678e-04  
   1.0830300  8.172302e-01  9.766764e-04  8.172410e-01  9.767265e-04  7.709179e-01  8.749909e-04  
   1.1030300  8.192074e-01  1.000211e-03  8.192180e-01  1.000262e-03  7.726889e-01  8.958868e-04  
   1.1240300  8.213344e-01  1.025305e-03  8.213453e-01  1.025358e-03  7.745941e-01  9.181554e-04  
   1.1450300  8.235146e-01  1.050803e-03  8.235255e-01  1.050858e-03  7.765461e-01  9.407712e-04  
   1.1660300  8.257489e-01  1.076720e-03  8.257599e-01  1.076778e-03  7.785464e-01  9.637462e-04  
   1.1870300  8.280379e-01  1.103070e-03  8.280492e-01  1.103130e-03  7.805948e-01  9.870930e-04  
   1.2080300  8.303826e-01  1.129869e-03  8.303939e-01  1.129932e-03  7.826929e-01  1.010824e-03  
   1.2280300  8.326684e-01  1.155823e-03  8.326797e-01  1.155887e-03  7.847371e-01  1.033793e-03  
   1.2490300  8.351241e-01  1.183544e-03  8.351358e-01  1.183610e-03  7.869335e-01  1.058313e-03  
   1.2706300  8.377119e-01  1.212576e-03  8.377237e-01  1.212645e-03  7.892475e-01  1.083978e-03  
   1.2906300  8.401640e-01  1.239944e-03  8.401759e-01  1.240015e-03  7.914391e-01  1.108157e-03  
   1.3116300  8.427984e-01  1.269203e-03  8.428104e-01  1.269276e-03  7.937931e-01  1.133992e-03  
   1.3326300  8.454945e-01  1.299016e-03  8.455064e-01  1.299091e-03  7.962016e-01  1.160299e-03  
   1.3536299  8.482534e-01  1.329404e-03  8.482658e-01  1.329480e-03  7.986656e-01  1.187098e-03  
   1.3746300  8.510774e-01  1.360389e-03  8.510895e-01  1.360466e-03  8.011869e-01  1.214406e-03  
   1.3946300  8.538277e-01  1.390474e-03  8.538402e-01  1.390553e-03  8.036420e-01  1.240904e-03  
   1.4156300  8.567814e-01  1.422690e-03  8.567937e-01  1.422770e-03  8.062773e-01  1.269262e-03  
   1.4366300  8.598034e-01  1.455572e-03  8.598160e-01  1.455653e-03  8.089728e-01  1.298187e-03  
   1.4576300  8.628952e-01  1.489145e-03  8.629080e-01  1.489227e-03  8.117301e-01  1.327700e-03  
   1.4786299  8.660589e-01  1.523434e-03  8.660718e-01  1.523517e-03  8.145503e-01  1.357825e-03  
   1.4996300  8.692955e-01  1.558468e-03  8.693086e-01  1.558552e-03  8.174346e-01  1.388582e-03  
   1.5196300  8.724466e-01  1.592549e-03  8.724598e-01  1.592635e-03  8.202419e-01  1.418485e-03  
   1.5406300  8.758295e-01  1.629117e-03  8.758429e-01  1.629204e-03  8.232545e-01  1.450547e-03  
   1.5616300  8.792906e-01  1.666515e-03  8.793040e-01  1.666603e-03  8.263355e-01  1.483315e-03  
   1.5826300  8.828307e-01  1.704775e-03  8.828442e-01  1.704866e-03  8.294860e-01  1.516817e-03  
   1.6036299  8.864522e-01  1.743932e-03  8.864657e-01  1.744024e-03  8.327074e-01  1.551079e-03  
   1.6246300  8.901565e-01  1.784022e-03  8.901707e-01  1.784116e-03  8.360018e-01  1.586133e-03  
   1.6446300  8.937631e-01  1.823103e-03  8.937772e-01  1.823199e-03  8.392081e-01  1.620283e-03  
   1.6656300  8.976351e-01  1.865123e-03  8.976495e-01  1.865221e-03  8.426483e-01  1.656975e-03  
   1.6872300  9.017110e-01  1.909441e-03  9.017258e-01  1.909542e-03  8.462691e-01  1.695646e-03  
   1.7072300  9.055712e-01  1.951511e-03  9.055861e-01  1.951616e-03  8.496963e-01  1.732329e-03  
   1.7282300  9.097161e-01  1.996804e-03  9.097311e-01  1.996911e-03  8.533750e-01  1.771794e-03  
   1.7492300  9.139569e-01  2.043292e-03  9.139720e-01  2.043403e-03  8.571371e-01  1.812272e-03  
   1.7702301  9.182965e-01  2.091034e-03  9.183119e-01  2.091148e-03  8.609852e-01  1.853811e-03  
   1.7912300  9.227375e-01  2.140088e-03  9.227533e-01  2.140206e-03  8.649220e-01  1.896462e-03  
   1.8112299  9.270648e-01  2.188086e-03  9.270806e-01  2.188209e-03  8.687557e-01  1.938167e-03  
   1.8322300  9.317124e-01  2.239892e-03  9.317288e-01  2.240020e-03  8.728719e-01  1.983156e-03  
   1.8532300  9.364710e-01  2.293216e-03  9.364874e-01  2.293347e-03  8.770840e-01  2.029438e-03  
   1.8742300  9.413427e-01  2.348135e-03  9.413596e-01  2.348273e-03  8.813946e-01  2.077084e-03  
   1.8952301  9.463311e-01  2.404736e-03  9.463484e-01  2.404879e-03  8.858069e-01  2.126179e-03  
   1.9162300  9.514403e-01  2.463112e-03  9.514577e-01  2.463261e-03  8.903230e-01  2.176812e-03  
   1.9362299  9.564207e-01  2.520448e-03  9.564383e-01  2.520600e-03  8.947233e-01  2.226557e-03  
   1.9572300  9.617742e-01  2.582580e-03  9.617923e-01  2.582739e-03  8.994513e-01  2.280502e-03  
   1.9782300  9.672601e-01  2.646807e-03  9.672781e-01  2.646971e-03  9.042932e-01  2.336331e-03  
   1.9992300  9.728803e-01  2.713253e-03  9.728987e-01  2.713423e-03  9.092517e-01  2.394194e-03  
   2.0202301  9.786406e-01  2.782058e-03  9.786595e-01  2.782236e-03  9.143313e-01  2.454268e-03  
   2.0412300  9.845446e-01  2.853375e-03  9.845640e-01  2.853558e-03  9.195350e-01  2.516750e-03  
   2.0612299  9.903052e-01  2.923783e-03  9.903250e-01  2.923972e-03  9.246099e-01  2.578706e-03  
   2.0822301  9.965049e-01  3.000502e-03  9.965246e-01  3.000699e-03  9.300681e-01  2.646591e-03  
   2.1038301  1.003047e+00  3.082607e-03  1.003068e+00  3.082813e-03  9.358260e-01  2.719755e-03  
   2.1238301  1.009261e+00  3.161735e-03  1.009282e+00  3.161946e-03  9.412904e-01  2.790847e-03  
   2.1448300  1.015952e+00  3.248274e-03  1.015973e+00  3.248494e-03  9.471717e-01  2.869343e-03  
   2.1658299  1.022819e+00  3.338631e-03  1.022841e+00  3.338861e-03  9.532045e-01  2.952226e-03  
   2.1868300  1.029871e+00  3.433127e-03  1.029893e+00  3.433367e-03  9.593954e-01  3.040003e-03  
   2.2078300  1.037113e+00  3.532106e-03  1.037135e+00  3.532359e-03  9.657493e-01  3.133231e-03  
   2.2278299  1.044195e+00  3.630900e-03  1.044218e+00  3.631164e-03  9.719585e-01  3.227654e-03  
   2.2488301  1.051832e+00  3.739801e-03  1.051856e+00  3.740082e-03  9.786499e-01  3.333359e-03  
   2.2698300  1.059683e+00  3.854462e-03  1.059708e+00  3.854758e-03  9.855233e-01  3.446494e-03  
   2.2908299  1.067758e+00  3.975406e-03  1.067783e+00  3.975718e-03  9.925863e-01  3.567834e-03  
   2.3118300  1.076066e+00  4.103205e-03  1.076091e+00  4.103536e-03  9.998463e-01  3.698192e-03  
   2.3328300  1.084616e+00  4.238477e-03  1.084641e+00  4.238829e-03  1.007311e+00  3.838428e-03  
   2.3528299  1.092993e+00  4.374879e-03  1.093020e+00  4.375253e-03  1.014618e+00  3.981992e-03  
   2.3738301  1.102047e+00  4.526764e-03  1.102075e+00  4.527159e-03  1.022506e+00  4.144135e-03  
   2.3948300  1.111377e+00  4.688297e-03  1.111404e+00  4.688717e-03  1.030624e+00  4.318921e-03  
   2.4158299  1.120995e+00  4.860364e-03  1.121024e+00  4.860811e-03  1.038982e+00  4.507373e-03  
   2.4368300  1.130916e+00  5.043915e-03  1.130945e+00  5.044391e-03  1.047591e+00  4.710565e-03  
   2.4578300  1.141154e+00  5.240001e-03  1.141184e+00  5.240506e-03  1.056463e+00  4.929642e-03  
   2.4778299  1.151214e+00  5.439472e-03  1.151245e+00  5.440008e-03  1.065167e+00  5.154182e-03  
   2.4988301  1.162119e+00  5.663528e-03  1.162151e+00  5.664096e-03  1.074586e+00  5.407920e-03  
   2.5204301  1.173722e+00  5.911130e-03  1.173755e+00  5.911737e-03  1.084590e+00  5.689639e-03  
   2.5404301  1.184834e+00  6.157479e-03  1.184867e+00  6.158123e-03  1.094152e+00  5.970750e-03  
   2.5614300  1.196904e+00  6.435734e-03  1.196939e+00  6.436420e-03  1.104519e+00  6.288651e-03  
   2.5824299  1.209413e+00  6.736327e-03  1.209448e+00  6.737061e-03  1.115238e+00  6.631866e-03  
   2.6034300  1.222388e+00  7.062036e-03  1.222425e+00  7.062818e-03  1.126332e+00  7.002755e-03  
   2.6244299  1.235860e+00  7.416214e-03  1.235898e+00  7.417055e-03  1.137822e+00  7.404014e-03  
   2.6444299  1.249184e+00  7.783820e-03  1.249223e+00  7.784721e-03  1.149156e+00  7.817335e-03  
   2.6654301  1.263729e+00  8.206670e-03  1.263769e+00  8.207636e-03  1.161494e+00  8.287705e-03  
   2.6864300  1.278883e+00  8.673903e-03  1.278925e+00  8.674947e-03  1.174310e+00  8.799899e-03  
   2.7074299  1.294697e+00  9.194331e-03  1.294740e+00  9.195467e-03  1.187639e+00  9.359710e-03  
   2.7284300  1.311223e+00  9.779644e-03  1.311268e+00  9.780886e-03  1.201516e+00  9.974490e-03  
   2.7494299  1.328521e+00  1.044547e-02  1.328568e+00  1.044684e-02  1.215986e+00  1.065374e-02  
   2.7694299  1.345778e+00  1.117370e-02  1.345827e+00  1.117521e-02  1.230362e+00  1.137196e-02  
   2.7904301  1.364794e+00  1.206433e-02  1.364845e+00  1.206603e-02  1.246131e+00  1.221660e-02  
   2.8114300  1.384813e+00  1.312138e-02  1.384866e+00  1.312333e-02  1.262650e+00  1.317501e-02  
   2.8324299  1.405931e+00  1.439556e-02  1.405987e+00  1.439783e-02  1.279986e+00  1.427522e-02  
   2.8534300  1.428255e+00  1.595420e-02  1.428314e+00  1.595690e-02  1.298213e+00  1.555390e-02  
   2.8744299  1.451901e+00  1.788552e-02  1.451963e+00  1.788879e-02  1.317409e+00  1.705859e-02  
   2.8944299  1.475760e+00  2.017544e-02  1.475825e+00  2.017945e-02  1.336676e+00  1.875753e-02  
   2.9154301  1.502337e+00  2.319164e-02  1.502406e+00  2.319668e-02  1.358028e+00  2.089504e-02  
   2.9370301  1.531431e+00  2.713460e-02  1.531504e+00  2.714106e-02  1.381295e+00  2.357258e-02  
   2.9570301  1.560063e+00  3.175173e-02  1.560140e+00  3.175991e-02  1.404112e+00  2.659830e-02  
   2.9780300  1.591968e+00  3.785525e-02  1.592050e+00  3.786577e-02  1.429487e+00  3.048525e-02  
   2.9990301  1.625821e+00  4.554846e-02  1.625908e+00  4.556199e-02  1.456410e+00  3.527734e-02  
   3.0200300  1.661639e+00  5.518237e-02  1.661731e+00  5.519970e-02  1.484964e+00  4.119023e-02  
   3.0410299  1.699381e+00  6.714639e-02  1.699478e+00  6.716842e-02  1.515214e+00  4.847804e-02  
   3.0610299  1.737011e+00  8.108918e-02  1.737113e+00  8.111662e-02  1.545633e+00  5.696530e-02  
   3.0820301  1.778101e+00  9.881993e-02  1.778209e+00  9.885416e-02  1.579260e+00  6.781901e-02  
   3.1030300  1.820518e+00  1.201374e-01  1.820631e+00  1.201795e-01  1.614552e+00  8.102147e-02  
   3.1240301  1.863873e+00  1.454425e-01  1.863991e+00  1.454937e-01  1.651389e+00  9.696500e-02  
   3.1450300  1.907666e+00  1.750823e-01  1.907788e+00  1.751435e-01  1.689558e+00  1.160560e-01  
   3.1660299  1.951313e+00  2.093245e-01  1.951439e+00  2.093966e-01  1.728763e+00  1.386995e-01  
   3.1860299  1.992139e+00  2.463636e-01  1.992267e+00  2.464469e-01  1.766699e+00  1.639172e-01  
   3.2070301  2.033535e+00  2.899379e-01  2.033664e+00  2.900333e-01  1.806679e+00  1.945525e-01  
   3.2280300  2.072700e+00  3.382029e-01  2.072828e+00  3.383104e-01  1.846218e+00  2.297016e-01  
   3.2490301  2.108902e+00  3.909004e-01  2.109028e+00  3.910200e-01  1.884634e+00  2.695235e-01  
   3.2700300  2.141469e+00  4.476191e-01  2.141592e+00  4.477499e-01  1.921170e+00  3.140460e-01  
   3.2910299  2.169810e+00  5.078102e-01  2.169929e+00  5.079514e-01  1.955032e+00  3.631467e-01  
   3.3110299  2.192446e+00  5.677570e-01  2.192559e+00  5.679067e-01  1.984063e+00  4.139028e-01  
   3.3320301  2.211334e+00  6.327369e-01  2.211439e+00  6.328942e-01  2.010436e+00  4.709505e-01  
   3.3536301  2.225383e+00  7.009298e-01  2.225481e+00  7.010927e-01  2.032461e+00  5.329939e-01  
   3.3736300  2.233538e+00  7.645544e-01  2.233628e+00  7.647213e-01  2.047716e+00  5.927628e-01  
   3.3946300  2.237248e+00  8.311307e-01  2.237329e+00  8.312994e-01  2.058035e+00  6.570601e-01  
   3.4156301  2.236294e+00  8.968095e-01  2.236367e+00  8.969792e-01  2.062314e+00  7.219821e-01  
   3.4366300  2.231101e+00  9.610264e-01  2.231166e+00  9.611949e-01  2.060573e+00  7.865260e-01  
   3.4576299  2.222176e+00  1.023351e+00  2.222234e+00  1.023517e+00  2.053046e+00  8.497117e-01  
   3.4776299  2.210698e+00  1.080682e+00  2.210750e+00  1.080845e+00  2.040917e+00  9.077944e-01  
   3.4986300  2.196033e+00  1.138605e+00  2.196081e+00  1.138765e+00  2.023590e+00  9.658276e-01  
   3.5196300  2.179182e+00  1.194168e+00  2.179226e+00  1.194323e+00  2.002348e+00  1.020221e+00  
   3.5406301  2.160579e+00  1.247444e+00  2.160620e+00  1.247594e+00  1.978102e+00  1.070552e+00  
   3.5616300  2.140574e+00  1.298570e+00  2.140612e+00  1.298715e+00  1.951806e+00  1.116609e+00  
   3.5826299  2.119424e+00  1.347726e+00  2.119462e+00  1.347865e+00  1.924409e+00  1.158401e+00  
   3.6026299  2.098382e+00  1.392876e+00  2.098417e+00  1.393010e+00  1.898097e+00  1.194427e+00  
   3.6236300  2.075449e+00  1.438688e+00  2.075481e+00  1.438815e+00  1.870965e+00  1.228652e+00  
   3.6446300  2.051722e+00  1.482975e+00  2.051752e+00  1.483096e+00  1.844934e+00  1.259685e+00  
   3.6656301  2.027251e+00  1.525798e+00  2.027278e+00  1.525912e+00  1.820423e+00  1.288103e+00  
   3.6866300  2.002098e+00  1.567153e+00  2.002120e+00  1.567260e+00  1.797662e+00  1.314507e+00  
   3.7076299  1.976361e+00  1.606992e+00  1.976378e+00  1.607091e+00  1.776706e+00  1.339462e+00  
   3.7276299  1.951452e+00  1.643449e+00  1.951463e+00  1.643541e+00  1.758348e+00  1.362332e+00  
   3.7486300  1.925101e+00  1.680084e+00  1.925103e+00  1.680169e+00  1.740573e+00  1.385767e+00  
   3.7702301  1.898104e+00  1.715935e+00  1.898098e+00  1.716013e+00  1.723651e+00  1.409517e+00  
   3.7902300  1.873557e+00  1.747456e+00  1.873543e+00  1.747527e+00  1.708995e+00  1.431309e+00  
   3.8112299  1.848672e+00  1.778877e+00  1.848649e+00  1.778943e+00  1.694474e+00  1.454011e+00  
   3.8322301  1.825160e+00  1.808739e+00  1.825129e+00  1.808800e+00  1.680749e+00  1.476479e+00  
   3.8532300  1.803499e+00  1.837324e+00  1.803462e+00  1.837384e+00  1.667829e+00  1.498634e+00  
   3.8742299  1.784142e+00  1.865053e+00  1.784099e+00  1.865112e+00  1.655843e+00  1.520413e+00  
   3.8942299  1.768201e+00  1.891172e+00  1.768153e+00  1.891234e+00  1.645507e+00  1.540805e+00  
   3.9152300  1.754351e+00  1.918951e+00  1.754300e+00  1.919019e+00  1.636084e+00  1.561944e+00  
   3.9362299  1.743600e+00  1.947877e+00  1.743547e+00  1.947953e+00  1.628475e+00  1.583033e+00  
   3.9572301  1.735913e+00  1.978836e+00  1.735859e+00  1.978924e+00  1.623029e+00  1.604455e+00  
   3.9782300  1.731047e+00  2.012759e+00  1.730994e+00  2.012862e+00  1.620045e+00  1.626746e+00  
   3.9992299  1.728534e+00  2.050584e+00  1.728483e+00  2.050705e+00  1.619720e+00  1.650591e+00  
   4.0192299  1.727687e+00  2.091053e+00  1.727638e+00  2.091195e+00  1.621930e+00  1.675486e+00  
   4.0402298  1.727526e+00  2.138975e+00  1.727477e+00  2.139140e+00  1.626774e+00  1.704779e+00  
   4.0612302  1.726987e+00  2.193092e+00  1.726939e+00  2.193283e+00  1.633865e+00  1.738232e+00  
   4.0822301  1.724751e+00  2.253848e+00  1.724702e+00  2.254064e+00  1.642630e+00  1.776781e+00  
   4.1032300  1.719360e+00  2.321441e+00  1.719308e+00  2.321684e+00  1.652250e+00  1.821308e+00  
   4.1242299  1.709281e+00  2.395804e+00  1.709223e+00  2.396072e+00  1.661663e+00  1.872572e+00  
   4.1442299  1.693904e+00  2.472596e+00  1.693837e+00  2.472884e+00  1.669258e+00  1.928195e+00  
   4.1652298  1.670247e+00  2.558876e+00  1.670168e+00  2.559184e+00  1.674370e+00  1.994073e+00  
   4.1868300  1.636446e+00  2.652711e+00  1.636349e+00  2.653032e+00  1.674869e+00  2.069883e+00  
   4.2068300  1.595441e+00  2.743100e+00  1.595324e+00  2.743430e+00  1.669400e+00  2.147099e+00  
   4.2278299  1.541361e+00  2.840288e+00  1.541218e+00  2.840620e+00  1.655805e+00  2.234813e+00  
   4.2488298  1.475244e+00  2.938272e+00  1.475072e+00  2.938600e+00  1.632480e+00  2.328305e+00  
   4.2698302  1.396609e+00  3.035356e+00  1.396402e+00  3.035675e+00  1.597858e+00  2.426147e+00  
   4.2908301  1.305267e+00  3.129746e+00  1.305023e+00  3.130048e+00  1.550618e+00  2.526536e+00  
   4.3108301  1.206554e+00  3.215463e+00  1.206272e+00  3.215743e+00  1.492993e+00  2.622576e+00  
   4.3318300  1.090969e+00  3.299306e+00  1.090646e+00  3.299558e+00  1.418674e+00  2.721593e+00  
   4.3528299  9.638140e-01  3.375058e+00  9.634474e-01  3.375279e+00  1.330129e+00  2.816258e+00  
   4.3738298  8.260169e-01  3.440976e+00  8.256087e-01  3.441161e+00  1.227811e+00  2.904003e+00  
   4.3948302  6.787643e-01  3.495414e+00  6.783153e-01  3.495559e+00  1.112719e+00  2.982345e+00  
   4.4158301  5.234917e-01  3.536856e+00  5.230044e-01  3.536959e+00  9.863912e-01  3.049006e+00  
   4.4358301  3.696671e-01  3.563018e+00  3.691474e-01  3.563078e+00  8.574558e-01  3.099854e+00  
   4.4568300  2.036968e-01  3.575422e+00  2.031482e-01  3.575437e+00  7.153001e-01  3.138515e+00  
   4.4778299  3.517504e-02  3.571517e+00  3.460345e-02  3.571489e+00  5.687971e-01  3.161093e+00  
   4.4988298  -1.337012e-01  3.550714e+00  -1.342888e-01  3.550641e+00  4.207098e-01  3.167132e+00  
   4.5198302  -3.006263e-01  3.512762e+00  -3.012227e-01  3.512644e+00  2.737896e-01  3.156748e+00  
   4.5408301  -4.632253e-01  3.457797e+00  -4.638226e-01  3.457638e+00  1.306529e-01  3.130598e+00  
   4.5608301  -6.119050e-01  3.390133e+00  -6.124964e-01  3.389937e+00  -2.266003e-06  3.092079e+00  
   4.5818300  -7.593490e-01  3.303945e+00  -7.599268e-01  3.303712e+00  -1.293183e-01  3.038815e+00  
   4.6034298  -8.995634e-01  3.200577e+00  -9.001207e-01  3.200309e+00  -2.522722e-01  2.972232e+00  
   4.6234298  -1.017324e+00  3.093265e+00  -1.017857e+00  3.092968e+00  -3.559531e-01  2.901809e+00  
   4.6444302  -1.127037e+00  2.970690e+00  -1.127541e+00  2.970366e+00  -4.536166e-01  2.820826e+00  
   4.6654301  -1.221416e+00  2.840398e+00  -1.221887e+00  2.840051e+00  -5.395182e-01  2.734687e+00  
   4.6864300  -1.299861e+00  2.705018e+00  -1.300297e+00  2.704651e+00  -6.137366e-01  2.645374e+00  
   4.7074299  -1.362269e+00  2.567242e+00  -1.362670e+00  2.566858e+00  -6.766548e-01  2.554702e+00  
   4.7274299  -1.407144e+00  2.436202e+00  -1.407512e+00  2.435804e+00  -7.266381e-01  2.468553e+00  
   4.7484298  -1.439767e+00  2.301136e+00  -1.440102e+00  2.300727e+00  -7.694432e-01  2.379624e+00  
   4.7694302  -1.458725e+00  2.170781e+00  -1.459029e+00  2.170362e+00  -8.032219e-01  2.293366e+00  
   4.7904301  -1.465507e+00  2.046936e+00  -1.465783e+00  2.046507e+00  -8.289294e-01  2.210665e+00  
   4.8114300  -1.461791e+00  1.930976e+00  -1.462041e+00  1.930538e+00  -8.475378e-01  2.132174e+00  
   4.8324299  -1.449343e+00  1.823856e+00  -1.449570e+00  1.823411e+00  -8.599980e-01  2.058343e+00  
   4.8524299  -1.430972e+00  1.730561e+00  -1.431180e+00  1.730108e+00  -8.669785e-01  1.992606e+00  
   4.8734298  -1.406443e+00  1.641934e+00  -1.406632e+00  1.641474e+00  -8.699884e-01  1.928503e+00  
   4.8944302  -1.378043e+00  1.562748e+00  -1.378214e+00  1.562280e+00  -8.693339e-01  1.869433e+00  
   4.9154301  -1.347107e+00  1.492634e+00  -1.347262e+00  1.492159e+00  -8.657092e-01  1.815289e+00  
   4.9364300  -1.314767e+00  1.431044e+00  -1.314907e+00  1.430561e+00  -8.597288e-01  1.765886e+00  
   4.9574299  -1.281947e+00  1.377307e+00  -1.282071e+00  1.376817e+00  -8.519272e-01  1.720980e+00  
   4.9774299  -1.250910e+00  1.332762e+00  -1.251021e+00  1.332266e+00  -8.432245e-01  1.682139e+00  
   4.9984298  -1.219084e+00  1.292232e+00  -1.219179e+00  1.291729e+00  -8.331239e-01  1.645186e+00  
