w Re-xx Im-xx Re-yy Im-yy Re-zz Im-zz
# Gaussian absolute broadening  0.15 [eV]
   0.0000000  7.716698e-01  8.948621e-05  7.716483e-01  8.948622e-05  7.270722e-01  7.936203e-05  
   0.0200000  7.717708e-01  9.577315e-05  7.717492e-01  9.577319e-05  7.271621e-01  8.493641e-05  
   0.0410000  7.718911e-01  1.029375e-04  7.718697e-01  1.029375e-04  7.272687e-01  9.128828e-05  
   0.0620000  7.720281e-01  1.107153e-04  7.720066e-01  1.107153e-04  7.273901e-01  9.818350e-05  
   0.0830000  7.721838e-01  1.191408e-04  7.721623e-01  1.191409e-04  7.275284e-01  1.056525e-04  
   0.1040000  7.723602e-01  1.282441e-04  7.723387e-01  1.282442e-04  7.276850e-01  1.137215e-04  
   0.1240000  7.725495e-01  1.375654e-04  7.725282e-01  1.375656e-04  7.278526e-01  1.219832e-04  
   0.1450000  7.727731e-01  1.480525e-04  7.727517e-01  1.480527e-04  7.280506e-01  1.312772e-04  
   0.1660000  7.730238e-01  1.592628e-04  7.730026e-01  1.592632e-04  7.282733e-01  1.412112e-04  
   0.1870000  7.733040e-01  1.711929e-04  7.732831e-01  1.711934e-04  7.285220e-01  1.517819e-04  
   0.2080000  7.736162e-01  1.838282e-04  7.735949e-01  1.838288e-04  7.287986e-01  1.629760e-04  
   0.2290000  7.739617e-01  1.971430e-04  7.739404e-01  1.971439e-04  7.291048e-01  1.747708e-04  
   0.2490000  7.743235e-01  2.104234e-04  7.743019e-01  2.104245e-04  7.294252e-01  1.865333e-04  
   0.2700000  7.747384e-01  2.249545e-04  7.747171e-01  2.249560e-04  7.297934e-01  1.994018e-04  
   0.2910000  7.751908e-01  2.400371e-04  7.751696e-01  2.400391e-04  7.301946e-01  2.127565e-04  
   0.3120000  7.756815e-01  2.556170e-04  7.756603e-01  2.556196e-04  7.306294e-01  2.265490e-04  
   0.3330000  7.762108e-01  2.716383e-04  7.761896e-01  2.716416e-04  7.310984e-01  2.407294e-04  
   0.3540000  7.767792e-01  2.880472e-04  7.767576e-01  2.880513e-04  7.316019e-01  2.552496e-04  
   0.3740000  7.773564e-01  3.039890e-04  7.773353e-01  3.039941e-04  7.321138e-01  2.693534e-04  
   0.3950000  7.780011e-01  3.210146e-04  7.779799e-01  3.210208e-04  7.326846e-01  2.844119e-04  
   0.4160000  7.786843e-01  3.382960e-04  7.786630e-01  3.383033e-04  7.332898e-01  2.996927e-04  
   0.4374300  7.794221e-01  3.561631e-04  7.794008e-01  3.561718e-04  7.339435e-01  3.154865e-04  
   0.4574300  7.801467e-01  3.730259e-04  7.801257e-01  3.730359e-04  7.345855e-01  3.303878e-04  
   0.4784300  7.809456e-01  3.909103e-04  7.809245e-01  3.909217e-04  7.352930e-01  3.461866e-04  
   0.4994300  7.817831e-01  4.089653e-04  7.817621e-01  4.089782e-04  7.360345e-01  3.621303e-04  
   0.5204300  7.826596e-01  4.271838e-04  7.826383e-01  4.271982e-04  7.368104e-01  3.782125e-04  
   0.5414300  7.835748e-01  4.455624e-04  7.835537e-01  4.455783e-04  7.376208e-01  3.944295e-04  
   0.5614300  7.844830e-01  4.632147e-04  7.844620e-01  4.632321e-04  7.384247e-01  4.099992e-04  
   0.5824300  7.854751e-01  4.819078e-04  7.854539e-01  4.819265e-04  7.393025e-01  4.264801e-04  
   0.6034300  7.865065e-01  5.007666e-04  7.864854e-01  5.007865e-04  7.402155e-01  4.430994e-04  
   0.6244300  7.875782e-01  5.197964e-04  7.875572e-01  5.198174e-04  7.411636e-01  4.598617e-04  
   0.6454300  7.886900e-01  5.390028e-04  7.886690e-01  5.390249e-04  7.421473e-01  4.767718e-04  
   0.6664300  7.898425e-01  5.583924e-04  7.898216e-01  5.584153e-04  7.431666e-01  4.938343e-04  
   0.6864300  7.909779e-01  5.770352e-04  7.909571e-01  5.770589e-04  7.441705e-01  5.102315e-04  
   0.7074300  7.922109e-01  5.968025e-04  7.921899e-01  5.968269e-04  7.452605e-01  5.276088e-04  
   0.7284300  7.934852e-01  6.167744e-04  7.934644e-01  6.167993e-04  7.463870e-01  5.451566e-04  
   0.7494300  7.948019e-01  6.369587e-04  7.947810e-01  6.369840e-04  7.475507e-01  5.628812e-04  
   0.7704300  7.961611e-01  6.573630e-04  7.961403e-01  6.573888e-04  7.487518e-01  5.807888e-04  
   0.7914300  7.975635e-01  6.779963e-04  7.975428e-01  6.780222e-04  7.499908e-01  5.988867e-04  
   0.8114300  7.989389e-01  6.978670e-04  7.989182e-01  6.978932e-04  7.512054e-01  6.163061e-04  
   0.8324300  8.004266e-01  7.189718e-04  8.004059e-01  7.189981e-04  7.525192e-01  6.347961e-04  
   0.8540300  8.020034e-01  7.409464e-04  8.019830e-01  7.409731e-04  7.539113e-01  6.540358e-04  
   0.8740300  8.035055e-01  7.615432e-04  8.034850e-01  7.615701e-04  7.552372e-01  6.720580e-04  
   0.8950300  8.051280e-01  7.834383e-04  8.051075e-01  7.834657e-04  7.566684e-01  6.912042e-04  
   0.9160300  8.067961e-01  8.056192e-04  8.067755e-01  8.056471e-04  7.581400e-01  7.105874e-04  
   0.9370300  8.085113e-01  8.280964e-04  8.084906e-01  8.281248e-04  7.596528e-01  7.302167e-04  
   0.9580300  8.102739e-01  8.508813e-04  8.102532e-01  8.509105e-04  7.612067e-01  7.501008e-04  
   0.9780300  8.119975e-01  8.728782e-04  8.119770e-01  8.729086e-04  7.627259e-01  7.692840e-04  
   0.9990300  8.138549e-01  8.962982e-04  8.138346e-01  8.963295e-04  7.643628e-01  7.896937e-04  
   1.0200300  8.157621e-01  9.200605e-04  8.157417e-01  9.200933e-04  7.660428e-01  8.103870e-04  
   1.0410300  8.177196e-01  9.441780e-04  8.176993e-01  9.442124e-04  7.677668e-01  8.313739e-04  
   1.0620300  8.197285e-01  9.686641e-04  8.197082e-01  9.687003e-04  7.695354e-01  8.526650e-04  
   1.0830300  8.217890e-01  9.935314e-04  8.217689e-01  9.935695e-04  7.713492e-01  8.742703e-04  
   1.1030300  8.238003e-01  1.017581e-03  8.237802e-01  1.017621e-03  7.731186e-01  8.951490e-04  
   1.1240300  8.259643e-01  1.043232e-03  8.259443e-01  1.043273e-03  7.750220e-01  9.173991e-04  
   1.1450300  8.281831e-01  1.069305e-03  8.281630e-01  1.069348e-03  7.769725e-01  9.399964e-04  
   1.1660300  8.304567e-01  1.095815e-03  8.304366e-01  1.095860e-03  7.789708e-01  9.629529e-04  
   1.1870300  8.327864e-01  1.122778e-03  8.327665e-01  1.122824e-03  7.810180e-01  9.862802e-04  
   1.2080300  8.351733e-01  1.150209e-03  8.351535e-01  1.150257e-03  7.831143e-01  1.009992e-03  
   1.2280300  8.375000e-01  1.176786e-03  8.374802e-01  1.176834e-03  7.851569e-01  1.032943e-03  
   1.2490300  8.400008e-01  1.205182e-03  8.399810e-01  1.205232e-03  7.873514e-01  1.057443e-03  
   1.2706300  8.426362e-01  1.234934e-03  8.426164e-01  1.234985e-03  7.896634e-01  1.083087e-03  
   1.2906300  8.451338e-01  1.262992e-03  8.451139e-01  1.263044e-03  7.918532e-01  1.107248e-03  
   1.3116300  8.478169e-01  1.293002e-03  8.477975e-01  1.293054e-03  7.942054e-01  1.133062e-03  
   1.3326300  8.505638e-01  1.323593e-03  8.505444e-01  1.323647e-03  7.966120e-01  1.159350e-03  
   1.3536299  8.533754e-01  1.354789e-03  8.533560e-01  1.354844e-03  7.990741e-01  1.186129e-03  
   1.3746300  8.562532e-01  1.386614e-03  8.562341e-01  1.386669e-03  8.015928e-01  1.213418e-03  
   1.3946300  8.590571e-01  1.417531e-03  8.590381e-01  1.417587e-03  8.040460e-01  1.239898e-03  
   1.4156300  8.620683e-01  1.450654e-03  8.620493e-01  1.450712e-03  8.066795e-01  1.268237e-03  
   1.4366300  8.651499e-01  1.484482e-03  8.651311e-01  1.484541e-03  8.093727e-01  1.297144e-03  
   1.4576300  8.683038e-01  1.519043e-03  8.682850e-01  1.519104e-03  8.121276e-01  1.326640e-03  
   1.4786299  8.715310e-01  1.554366e-03  8.715125e-01  1.554429e-03  8.149456e-01  1.356747e-03  
   1.4996300  8.748336e-01  1.590481e-03  8.748150e-01  1.590546e-03  8.178276e-01  1.387487e-03  
   1.5196300  8.780499e-01  1.625644e-03  8.780316e-01  1.625711e-03  8.206326e-01  1.417374e-03  
   1.5406300  8.815036e-01  1.663405e-03  8.814853e-01  1.663474e-03  8.236431e-01  1.449421e-03  
   1.5616300  8.850377e-01  1.702064e-03  8.850193e-01  1.702135e-03  8.267217e-01  1.482174e-03  
   1.5826300  8.886539e-01  1.741662e-03  8.886358e-01  1.741735e-03  8.298696e-01  1.515661e-03  
   1.6036299  8.923538e-01  1.782244e-03  8.923358e-01  1.782320e-03  8.330888e-01  1.549911e-03  
   1.6246300  8.961400e-01  1.823863e-03  8.961221e-01  1.823940e-03  8.363805e-01  1.584953e-03  
   1.6446300  8.998271e-01  1.864515e-03  8.998095e-01  1.864595e-03  8.395844e-01  1.619091e-03  
   1.6656300  9.037870e-01  1.908330e-03  9.037694e-01  1.908413e-03  8.430222e-01  1.655774e-03  
   1.6872300  9.079570e-01  1.954688e-03  9.079397e-01  1.954773e-03  8.466402e-01  1.694436e-03  
   1.7072300  9.119077e-01  1.998864e-03  9.118906e-01  1.998952e-03  8.500649e-01  1.731113e-03  
   1.7282300  9.161512e-01  2.046649e-03  9.161341e-01  2.046738e-03  8.537410e-01  1.770572e-03  
   1.7492300  9.204953e-01  2.095996e-03  9.204783e-01  2.096089e-03  8.575007e-01  1.811044e-03  
   1.7702301  9.249421e-01  2.147063e-03  9.249254e-01  2.147160e-03  8.613464e-01  1.852579e-03  
   1.7912300  9.294953e-01  2.200038e-03  9.294790e-01  2.200139e-03  8.652804e-01  1.895223e-03  
   1.8112299  9.339339e-01  2.252468e-03  9.339178e-01  2.252574e-03  8.691117e-01  1.936920e-03  
   1.8322300  9.387043e-01  2.309853e-03  9.386880e-01  2.309964e-03  8.732256e-01  1.981894e-03  
   1.8532300  9.435897e-01  2.369934e-03  9.435738e-01  2.370050e-03  8.774351e-01  2.028154e-03  
   1.8742300  9.485953e-01  2.433071e-03  9.485798e-01  2.433194e-03  8.817433e-01  2.075769e-03  
   1.8952301  9.537240e-01  2.499676e-03  9.537084e-01  2.499807e-03  8.861532e-01  2.124818e-03  
   1.9162300  9.589790e-01  2.570210e-03  9.589636e-01  2.570349e-03  8.906674e-01  2.175387e-03  
   1.9362299  9.641045e-01  2.641505e-03  9.640896e-01  2.641652e-03  8.950658e-01  2.225053e-03  
   1.9572300  9.696178e-01  2.721220e-03  9.696033e-01  2.721376e-03  8.997923e-01  2.278894e-03  
   1.9782300  9.752694e-01  2.806482e-03  9.752550e-01  2.806650e-03  9.046322e-01  2.334600e-03  
   1.9992300  9.810631e-01  2.897897e-03  9.810491e-01  2.898076e-03  9.095895e-01  2.392328e-03  
   2.0202301  9.870037e-01  2.996087e-03  9.869899e-01  2.996278e-03  9.146680e-01  2.452262e-03  
   2.0412300  9.930958e-01  3.101665e-03  9.930819e-01  3.101872e-03  9.198710e-01  2.514622e-03  
   2.0612299  9.990423e-01  3.209642e-03  9.990292e-01  3.209865e-03  9.249455e-01  2.576506e-03  
   2.0822301  1.005444e+00  3.331384e-03  1.005431e+00  3.331626e-03  9.304041e-01  2.644396e-03  
   2.1038301  1.012202e+00  3.466131e-03  1.012189e+00  3.466395e-03  9.361624e-01  2.717711e-03  
   2.1238301  1.018622e+00  3.600019e-03  1.018609e+00  3.600306e-03  9.416285e-01  2.789135e-03  
   2.1448300  1.025536e+00  3.750556e-03  1.025524e+00  3.750871e-03  9.475119e-01  2.868260e-03  
   2.1658299  1.032635e+00  3.911799e-03  1.032623e+00  3.912149e-03  9.535480e-01  2.952151e-03  
   2.1868300  1.039926e+00  4.084288e-03  1.039915e+00  4.084676e-03  9.597425e-01  3.041425e-03  
   2.2078300  1.047415e+00  4.268574e-03  1.047404e+00  4.269005e-03  9.661015e-01  3.136760e-03  
   2.2278299  1.054739e+00  4.455619e-03  1.054729e+00  4.456097e-03  9.723166e-01  3.233873e-03  
   2.2488301  1.062639e+00  4.664785e-03  1.062629e+00  4.665318e-03  9.790142e-01  3.343253e-03  
   2.2698300  1.070761e+00  4.887789e-03  1.070751e+00  4.888385e-03  9.858954e-01  3.461071e-03  
   2.2908299  1.079116e+00  5.125533e-03  1.079107e+00  5.126197e-03  9.929678e-01  3.588241e-03  
   2.3118300  1.087712e+00  5.379037e-03  1.087704e+00  5.379773e-03  1.000238e+00  3.725722e-03  
   2.3328300  1.096561e+00  5.649447e-03  1.096553e+00  5.650264e-03  1.007714e+00  3.874507e-03  
   2.3528299  1.105232e+00  5.923892e-03  1.105224e+00  5.924784e-03  1.015032e+00  4.027657e-03  
   2.3738301  1.114603e+00  6.231183e-03  1.114596e+00  6.232159e-03  1.022934e+00  4.201523e-03  
   2.3948300  1.124260e+00  6.559588e-03  1.124254e+00  6.560651e-03  1.031068e+00  4.389850e-03  
   2.4158299  1.134215e+00  6.910771e-03  1.134210e+00  6.911920e-03  1.039443e+00  4.593814e-03  
   2.4368300  1.144482e+00  7.286497e-03  1.144478e+00  7.287729e-03  1.048071e+00  4.814644e-03  
   2.4578300  1.155077e+00  7.688595e-03  1.155073e+00  7.689906e-03  1.056963e+00  5.053677e-03  
   2.4778299  1.165486e+00  8.097805e-03  1.165482e+00  8.099189e-03  1.065688e+00  5.299585e-03  
   2.4988301  1.176766e+00  8.556958e-03  1.176764e+00  8.558410e-03  1.075134e+00  5.578533e-03  
   2.5204301  1.188765e+00  9.062875e-03  1.188764e+00  9.064389e-03  1.085167e+00  5.889543e-03  
   2.5404301  1.200253e+00  9.563787e-03  1.200252e+00  9.565356e-03  1.094760e+00  6.201302e-03  
   2.5614300  1.212729e+00  1.012569e-02  1.212730e+00  1.012731e-02  1.105163e+00  6.555683e-03  
   2.5824299  1.225655e+00  1.072710e-02  1.225657e+00  1.072876e-02  1.115925e+00  6.940671e-03  
   2.6034300  1.239062e+00  1.137128e-02  1.239065e+00  1.137301e-02  1.127066e+00  7.359787e-03  
   2.6244299  1.252980e+00  1.206226e-02  1.252985e+00  1.206404e-02  1.138610e+00  7.817245e-03  
   2.6444299  1.266747e+00  1.276858e-02  1.266753e+00  1.277042e-02  1.150001e+00  8.293270e-03  
   2.6654301  1.281777e+00  1.356737e-02  1.281784e+00  1.356930e-02  1.162408e+00  8.841453e-03  
   2.6864300  1.297443e+00  1.443352e-02  1.297451e+00  1.443557e-02  1.175300e+00  9.446681e-03  
   2.7074299  1.313796e+00  1.537911e-02  1.313806e+00  1.538130e-02  1.188713e+00  1.011839e-02  
   2.7284300  1.330896e+00  1.642029e-02  1.330908e+00  1.642266e-02  1.202683e+00  1.086826e-02  
   2.7494299  1.348806e+00  1.757874e-02  1.348820e+00  1.758134e-02  1.217253e+00  1.171079e-02  
   2.7694299  1.366685e+00  1.881745e-02  1.366701e+00  1.882033e-02  1.231725e+00  1.261583e-02  
   2.7904301  1.386398e+00  2.029685e-02  1.386416e+00  2.030010e-02  1.247597e+00  1.369536e-02  
   2.8114300  1.407160e+00  2.200846e-02  1.407180e+00  2.201219e-02  1.264213e+00  1.493446e-02  
   2.8324299  1.429069e+00  2.401708e-02  1.429092e+00  2.402139e-02  1.281633e+00  1.636732e-02  
   2.8534300  1.452229e+00  2.640617e-02  1.452255e+00  2.641123e-02  1.299920e+00  1.803619e-02  
   2.8744299  1.476749e+00  2.928195e-02  1.476778e+00  2.928795e-02  1.319143e+00  1.999303e-02  
   2.8944299  1.501468e+00  3.259505e-02  1.501500e+00  3.260219e-02  1.338389e+00  2.218278e-02  
   2.9154301  1.528963e+00  3.683471e-02  1.528999e+00  3.684331e-02  1.359656e+00  2.489927e-02  
   2.9370301  1.558998e+00  4.221607e-02  1.559038e+00  4.222657e-02  1.382750e+00  2.823779e-02  
   2.9570301  1.588476e+00  4.834529e-02  1.588519e+00  4.835797e-02  1.405312e+00  3.192917e-02  
   2.9780300  1.621215e+00  5.623887e-02  1.621263e+00  5.625432e-02  1.430305e+00  3.656113e-02  
   2.9990301  1.655814e+00  6.594197e-02  1.655865e+00  6.596076e-02  1.456710e+00  4.213165e-02  
   3.0200300  1.692252e+00  7.781336e-02  1.692307e+00  7.783613e-02  1.484596e+00  4.883825e-02  
   3.0410299  1.730448e+00  9.224424e-02  1.730507e+00  9.227160e-02  1.514019e+00  5.691291e-02  
   3.0610299  1.768321e+00  1.087449e-01  1.768382e+00  1.087773e-01  1.543496e+00  6.611957e-02  
   3.0820301  1.809427e+00  1.293681e-01  1.809491e+00  1.294065e-01  1.575967e+00  7.766957e-02  
   3.1030300  1.851580e+00  1.537691e-01  1.851646e+00  1.538140e-01  1.609941e+00  9.147753e-02  
   3.1240301  1.894356e+00  1.823205e-01  1.894422e+00  1.823725e-01  1.645305e+00  1.079037e-01  
   3.1450300  1.937231e+00  2.153331e-01  1.937297e+00  2.153927e-01  1.681868e+00  1.273219e-01  
   3.1660299  1.979601e+00  2.530321e-01  1.979664e+00  2.530996e-01  1.719355e+00  1.501056e-01  
   3.1860299  2.018864e+00  2.933977e-01  2.018924e+00  2.934727e-01  1.755579e+00  1.752548e-01  
   3.2070301  2.058257e+00  3.404513e-01  2.058311e+00  3.405341e-01  1.793712e+00  2.055785e-01  
   3.2280300  2.095048e+00  3.921282e-01  2.095092e+00  3.922183e-01  1.831395e+00  2.401434e-01  
   3.2490301  2.128522e+00  4.481156e-01  2.128556e+00  4.482125e-01  1.867982e+00  2.790836e-01  
   3.2700300  2.158020e+00  5.079488e-01  2.158043e+00  5.080515e-01  1.902759e+00  3.224035e-01  
   3.2910299  2.182979e+00  5.710282e-01  2.182988e+00  5.711361e-01  1.934978e+00  3.699598e-01  
   3.3110299  2.202127e+00  6.334734e-01  2.202122e+00  6.335846e-01  1.962595e+00  4.189113e-01  
   3.3320301  2.217099e+00  7.007743e-01  2.217080e+00  7.008879e-01  1.987687e+00  4.737021e-01  
   3.3536301  2.226886e+00  7.709984e-01  2.226851e+00  7.711131e-01  2.008670e+00  5.330325e-01  
   3.3736300  2.230914e+00  8.361619e-01  2.230865e+00  8.362759e-01  2.023255e+00  5.899424e-01  
   3.3946300  2.230134e+00  9.039886e-01  2.230070e+00  9.041008e-01  2.033228e+00  6.509020e-01  
   3.4156301  2.224565e+00  9.705435e-01  2.224488e+00  9.706523e-01  2.037586e+00  7.121858e-01  
   3.4366300  2.214668e+00  1.035272e+00  2.214580e+00  1.035376e+00  2.036388e+00  7.728600e-01  
   3.4576299  2.200982e+00  1.097761e+00  2.200883e+00  1.097859e+00  2.029911e+00  8.320392e-01  
   3.4776299  2.184947e+00  1.154951e+00  2.184841e+00  1.155042e+00  2.019272e+00  8.862899e-01  
   3.4986300  2.165504e+00  1.212439e+00  2.165392e+00  1.212523e+00  2.004029e+00  9.404169e-01  
   3.5196300  2.143913e+00  1.267302e+00  2.143797e+00  1.267378e+00  1.985383e+00  9.911783e-01  
   3.5406301  2.120636e+00  1.319635e+00  2.120518e+00  1.319702e+00  1.964192e+00  1.038308e+00  
   3.5616300  2.096052e+00  1.369592e+00  2.095934e+00  1.369650e+00  1.941337e+00  1.081741e+00  
   3.5826299  2.070454e+00  1.417359e+00  2.070337e+00  1.417409e+00  1.917666e+00  1.121614e+00  
   3.6026299  2.045320e+00  1.460976e+00  2.045203e+00  1.461018e+00  1.895061e+00  1.156550e+00  
   3.6236300  2.018274e+00  1.504941e+00  2.018160e+00  1.504975e+00  1.871872e+00  1.190451e+00  
   3.6446300  1.990655e+00  1.547113e+00  1.990543e+00  1.547141e+00  1.849707e+00  1.221998e+00  
   3.6656301  1.962543e+00  1.587523e+00  1.962433e+00  1.587545e+00  1.828871e+00  1.251725e+00  
   3.6866300  1.934030e+00  1.626134e+00  1.933923e+00  1.626152e+00  1.809497e+00  1.280138e+00  
   3.7076299  1.905242e+00  1.662869e+00  1.905139e+00  1.662882e+00  1.791564e+00  1.307683e+00  
   3.7276299  1.877732e+00  1.696013e+00  1.877632e+00  1.696025e+00  1.775703e+00  1.333420e+00  
   3.7486300  1.848984e+00  1.728781e+00  1.848887e+00  1.728792e+00  1.760123e+00  1.360140e+00  
   3.7702301  1.819884e+00  1.760240e+00  1.819792e+00  1.760251e+00  1.745001e+00  1.387401e+00  
   3.7902300  1.793715e+00  1.787324e+00  1.793628e+00  1.787336e+00  1.731608e+00  1.412433e+00  
   3.8112299  1.767454e+00  1.813726e+00  1.767371e+00  1.813743e+00  1.718025e+00  1.438408e+00  
   3.8322301  1.742885e+00  1.838232e+00  1.742810e+00  1.838254e+00  1.704870e+00  1.463926e+00  
   3.8532300  1.720472e+00  1.861168e+00  1.720402e+00  1.861196e+00  1.692194e+00  1.488840e+00  
   3.8742299  1.700648e+00  1.883008e+00  1.700585e+00  1.883044e+00  1.680168e+00  1.513047e+00  
   3.8942299  1.684515e+00  1.903354e+00  1.684461e+00  1.903399e+00  1.669571e+00  1.535429e+00  
   3.9152300  1.670724e+00  1.924968e+00  1.670677e+00  1.925024e+00  1.659685e+00  1.558323e+00  
   3.9362299  1.660295e+00  1.947705e+00  1.660254e+00  1.947774e+00  1.651466e+00  1.580846e+00  
   3.9572301  1.653196e+00  1.972542e+00  1.653161e+00  1.972624e+00  1.645311e+00  1.603419e+00  
   3.9782300  1.649193e+00  2.000506e+00  1.649161e+00  2.000603e+00  1.641566e+00  1.626624e+00  
   3.9992299  1.647827e+00  2.032634e+00  1.647796e+00  2.032748e+00  1.640470e+00  1.651202e+00  
   4.0192299  1.648344e+00  2.068008e+00  1.648311e+00  2.068139e+00  1.641966e+00  1.676679e+00  
   4.0402298  1.649911e+00  2.111011e+00  1.649873e+00  2.111161e+00  1.646097e+00  1.706520e+00  
   4.0612302  1.651411e+00  2.160722e+00  1.651362e+00  2.160896e+00  1.652515e+00  1.740512e+00  
   4.0822301  1.651528e+00  2.217638e+00  1.651464e+00  2.217831e+00  1.660624e+00  1.779643e+00  
   4.1032300  1.648811e+00  2.281981e+00  1.648726e+00  2.282198e+00  1.669562e+00  1.824835e+00  
   4.1242299  1.641729e+00  2.353683e+00  1.641618e+00  2.353922e+00  1.678212e+00  1.876877e+00  
   4.1442299  1.629511e+00  2.428457e+00  1.629370e+00  2.428717e+00  1.684938e+00  1.933352e+00  
   4.1652298  1.609498e+00  2.513113e+00  1.609321e+00  2.513393e+00  1.688922e+00  2.000236e+00  
   4.1868300  1.579799e+00  2.605724e+00  1.579580e+00  2.606023e+00  1.687966e+00  2.077170e+00  
   4.2068300  1.542916e+00  2.695305e+00  1.542656e+00  2.695618e+00  1.680846e+00  2.155463e+00  
   4.2278299  1.493499e+00  2.791893e+00  1.493195e+00  2.792218e+00  1.665193e+00  2.244289e+00  
   4.2488298  1.432380e+00  2.889450e+00  1.432030e+00  2.889782e+00  1.639502e+00  2.338806e+00  
   4.2698302  1.359056e+00  2.986206e+00  1.358662e+00  2.986542e+00  1.602274e+00  2.437522e+00  
   4.2908301  1.273307e+00  3.080315e+00  1.272870e+00  3.080649e+00  1.552287e+00  2.538567e+00  
   4.3108301  1.180132e+00  3.165781e+00  1.179659e+00  3.166108e+00  1.492034e+00  2.634990e+00  
   4.3318300  1.070523e+00  3.249368e+00  1.070015e+00  3.249685e+00  1.415081e+00  2.734133e+00  
   4.3528299  9.494214e-01  3.324889e+00  9.488842e-01  3.325189e+00  1.324170e+00  2.828641e+00  
   4.3738298  8.176622e-01  3.390632e+00  8.171017e-01  3.390912e+00  1.219878e+00  2.915981e+00  
   4.3948302  6.763234e-01  3.445001e+00  6.757460e-01  3.445255e+00  1.103301e+00  2.993724e+00  
   4.4158301  5.267316e-01  3.486539e+00  5.261441e-01  3.486765e+00  9.760262e-01  3.059672e+00  
   4.4358301  3.780041e-01  3.513002e+00  3.774129e-01  3.513197e+00  8.466972e-01  3.109820e+00  
   4.4568300  2.169625e-01  3.526002e+00  2.163737e-01  3.526165e+00  7.046255e-01  3.147817e+00  
   4.4778299  5.285375e-02  3.523041e+00  5.227292e-02  3.523170e+00  5.586448e-01  3.169890e+00  
   4.4988298  -1.121899e-01  3.503577e+00  -1.127575e-01  3.503671e+00  4.114212e-01  3.175661e+00  
   4.5198302  -2.759049e-01  3.467391e+00  -2.764549e-01  3.467450e+00  2.656001e-01  3.165294e+00  
   4.5408301  -4.359346e-01  3.414639e+00  -4.364631e-01  3.414663e+00  1.236993e-01  3.139475e+00  
   4.5608301  -5.827583e-01  3.349496e+00  -5.832636e-01  3.349490e+00  -5.725211e-03  3.101560e+00  
   4.5818300  -7.288476e-01  3.266367e+00  -7.293260e-01  3.266331e+00  -1.337428e-01  3.049213e+00  
   4.6034298  -8.682557e-01  3.166544e+00  -8.687050e-01  3.166482e+00  -2.553751e-01  2.983832e+00  
   4.6234298  -9.857435e-01  3.062816e+00  -9.861649e-01  3.062732e+00  -3.578354e-01  2.914712e+00  
   4.6444302  -1.095593e+00  2.944242e+00  -1.095985e+00  2.944140e+00  -4.541880e-01  2.835248e+00  
   4.6654301  -1.190466e+00  2.818106e+00  -1.190830e+00  2.817992e+00  -5.387014e-01  2.750740e+00  
   4.6864300  -1.269692e+00  2.686944e+00  -1.270027e+00  2.686821e+00  -6.114023e-01  2.663139e+00  
   4.7074299  -1.333097e+00  2.553352e+00  -1.333406e+00  2.553226e+00  -6.726289e-01  2.574245e+00  
   4.7274299  -1.379067e+00  2.426183e+00  -1.379354e+00  2.426057e+00  -7.208115e-01  2.489843e+00  
   4.7484298  -1.412944e+00  2.294986e+00  -1.413209e+00  2.294866e+00  -7.615160e-01  2.402815e+00  
   4.7694302  -1.433223e+00  2.168236e+00  -1.433470e+00  2.168122e+00  -7.929878e-01  2.318536e+00  
   4.7904301  -1.441362e+00  2.047678e+00  -1.441594e+00  2.047576e+00  -8.162098e-01  2.237906e+00  
   4.8114300  -1.439019e+00  1.934660e+00  -1.439239e+00  1.934570e+00  -8.321956e-01  2.161587e+00  
   4.8324299  -1.427943e+00  1.830122e+00  -1.428154e+00  1.830044e+00  -8.419465e-01  2.090035e+00  
   4.8524299  -1.410873e+00  1.738944e+00  -1.411077e+00  1.738880e+00  -8.463146e-01  2.026567e+00  
   4.8734298  -1.387696e+00  1.652198e+00  -1.387897e+00  1.652148e+00  -8.465961e-01  1.964939e+00  
   4.8944302  -1.360633e+00  1.574556e+00  -1.360832e+00  1.574519e+00  -8.432727e-01  1.908424e+00  
   4.9154301  -1.331020e+00  1.505679e+00  -1.331218e+00  1.505654e+00  -8.370751e-01  1.856895e+00  
   4.9364300  -1.299987e+00  1.445042e+00  -1.300187e+00  1.445030e+00  -8.286443e-01  1.810143e+00  
   4.9574299  -1.268458e+00  1.392010e+00  -1.268661e+00  1.392009e+00  -8.185327e-01  1.767901e+00  
   4.9774299  -1.238638e+00  1.347929e+00  -1.238844e+00  1.347937e+00  -8.077690e-01  1.731586e+00  
   4.9984298  -1.208076e+00  1.307697e+00  -1.208285e+00  1.307713e+00  -7.956530e-01  1.697254e+00  
