w Re-xx Im-xx Re-yy Im-yy Re-zz Im-zz
# Gaussian absolute broadening  0.15 [eV]
   0.0000000  7.679339e-01  8.818914e-05  7.679468e-01  8.819003e-05  7.253633e-01  7.892810e-05  
   0.0200000  7.680337e-01  9.438481e-05  7.680467e-01  9.438589e-05  7.254524e-01  8.447072e-05  
   0.0410000  7.681525e-01  1.014450e-04  7.681653e-01  1.014463e-04  7.255586e-01  9.078648e-05  
   0.0620000  7.682875e-01  1.091096e-04  7.683002e-01  1.091112e-04  7.256794e-01  9.764267e-05  
   0.0830000  7.684406e-01  1.174124e-04  7.684534e-01  1.174143e-04  7.258166e-01  1.050694e-04  
   0.1040000  7.686148e-01  1.263828e-04  7.686276e-01  1.263851e-04  7.259724e-01  1.130929e-04  
   0.1240000  7.688013e-01  1.355679e-04  7.688141e-01  1.355706e-04  7.261391e-01  1.213081e-04  
   0.1450000  7.690215e-01  1.459014e-04  7.690344e-01  1.459045e-04  7.263362e-01  1.305498e-04  
   0.1660000  7.692685e-01  1.569473e-04  7.692814e-01  1.569509e-04  7.265574e-01  1.404278e-04  
   0.1870000  7.695451e-01  1.687020e-04  7.695578e-01  1.687060e-04  7.268047e-01  1.509389e-04  
   0.2080000  7.698525e-01  1.811510e-04  7.698654e-01  1.811556e-04  7.270799e-01  1.620699e-04  
   0.2290000  7.701930e-01  1.942693e-04  7.702057e-01  1.942743e-04  7.273845e-01  1.737981e-04  
   0.2490000  7.705492e-01  2.073527e-04  7.705622e-01  2.073582e-04  7.277032e-01  1.854939e-04  
   0.2700000  7.709582e-01  2.216680e-04  7.709713e-01  2.216740e-04  7.280692e-01  1.982893e-04  
   0.2910000  7.714040e-01  2.365259e-04  7.714171e-01  2.365324e-04  7.284678e-01  2.115679e-04  
   0.3120000  7.718875e-01  2.518727e-04  7.719005e-01  2.518796e-04  7.289003e-01  2.252815e-04  
   0.3330000  7.724090e-01  2.676535e-04  7.724219e-01  2.676609e-04  7.293669e-01  2.393804e-04  
   0.3540000  7.729688e-01  2.838149e-04  7.729819e-01  2.838227e-04  7.298675e-01  2.538168e-04  
   0.3740000  7.735379e-01  2.995152e-04  7.735511e-01  2.995234e-04  7.303763e-01  2.678385e-04  
   0.3950000  7.741729e-01  3.162815e-04  7.741860e-01  3.162902e-04  7.309441e-01  2.828094e-04  
   0.4160000  7.748460e-01  3.332986e-04  7.748588e-01  3.333077e-04  7.315459e-01  2.980003e-04  
   0.4374300  7.755728e-01  3.508903e-04  7.755861e-01  3.509000e-04  7.321957e-01  3.137008e-04  
   0.4574300  7.762868e-01  3.674919e-04  7.763001e-01  3.675021e-04  7.328342e-01  3.285136e-04  
   0.4784300  7.770737e-01  3.850972e-04  7.770872e-01  3.851081e-04  7.335379e-01  3.442178e-04  
   0.4994300  7.778990e-01  4.028686e-04  7.779121e-01  4.028803e-04  7.342752e-01  3.600654e-04  
   0.5204300  7.787623e-01  4.207988e-04  7.787755e-01  4.208114e-04  7.350464e-01  3.760499e-04  
   0.5414300  7.796636e-01  4.388846e-04  7.796772e-01  4.388982e-04  7.358521e-01  3.921679e-04  
   0.5614300  7.805583e-01  4.562534e-04  7.805717e-01  4.562680e-04  7.366514e-01  4.076417e-04  
   0.5824300  7.815354e-01  4.746439e-04  7.815489e-01  4.746598e-04  7.375243e-01  4.240205e-04  
   0.6034300  7.825512e-01  4.931946e-04  7.825646e-01  4.932119e-04  7.384319e-01  4.405361e-04  
   0.6244300  7.836068e-01  5.119113e-04  7.836202e-01  5.119300e-04  7.393745e-01  4.571929e-04  
   0.6454300  7.847016e-01  5.307990e-04  7.847151e-01  5.308192e-04  7.403520e-01  4.739954e-04  
   0.6664300  7.858366e-01  5.498638e-04  7.858503e-01  5.498858e-04  7.413658e-01  4.909491e-04  
   0.6864300  7.869548e-01  5.681913e-04  7.869683e-01  5.682150e-04  7.423638e-01  5.072404e-04  
   0.7074300  7.881685e-01  5.876216e-04  7.881823e-01  5.876471e-04  7.434474e-01  5.245048e-04  
   0.7284300  7.894233e-01  6.072493e-04  7.894370e-01  6.072768e-04  7.445672e-01  5.419371e-04  
   0.7494300  7.907197e-01  6.270824e-04  7.907335e-01  6.271119e-04  7.457239e-01  5.595440e-04  
   0.7704300  7.920576e-01  6.471279e-04  7.920715e-01  6.471595e-04  7.469180e-01  5.773314e-04  
   0.7914300  7.934381e-01  6.673947e-04  7.934521e-01  6.674282e-04  7.481493e-01  5.953065e-04  
   0.8114300  7.947921e-01  6.869087e-04  7.948061e-01  6.869443e-04  7.493569e-01  6.126058e-04  
   0.8324300  7.962562e-01  7.076305e-04  7.962705e-01  7.076685e-04  7.506626e-01  6.309669e-04  
   0.8540300  7.978081e-01  7.292018e-04  7.978224e-01  7.292419e-04  7.520462e-01  6.500709e-04  
   0.8740300  7.992867e-01  7.494160e-04  7.993008e-01  7.494582e-04  7.533641e-01  6.679644e-04  
   0.8950300  8.008827e-01  7.709005e-04  8.008971e-01  7.709446e-04  7.547866e-01  6.869717e-04  
   0.9160300  8.025241e-01  7.926601e-04  8.025386e-01  7.927063e-04  7.562493e-01  7.062129e-04  
   0.9370300  8.042116e-01  8.147052e-04  8.042261e-01  8.147535e-04  7.577525e-01  7.256959e-04  
   0.9580300  8.059456e-01  8.370472e-04  8.059601e-01  8.370971e-04  7.592968e-01  7.454298e-04  
   0.9780300  8.076411e-01  8.586114e-04  8.076559e-01  8.586631e-04  7.608065e-01  7.644665e-04  
   0.9990300  8.094682e-01  8.815646e-04  8.094830e-01  8.816176e-04  7.624331e-01  7.847184e-04  
   1.0200300  8.113440e-01  9.048480e-04  8.113589e-01  9.049019e-04  7.641024e-01  8.052491e-04  
   1.0410300  8.132690e-01  9.284733e-04  8.132839e-01  9.285281e-04  7.658155e-01  8.260693e-04  
   1.0620300  8.152442e-01  9.524529e-04  8.152593e-01  9.525084e-04  7.675726e-01  8.471892e-04  
   1.0830300  8.172703e-01  9.767991e-04  8.172854e-01  9.768547e-04  7.693747e-01  8.686183e-04  
   1.1030300  8.192478e-01  1.000338e-03  8.192630e-01  1.000393e-03  7.711326e-01  8.893245e-04  
   1.1240300  8.213749e-01  1.025436e-03  8.213903e-01  1.025492e-03  7.730239e-01  9.113887e-04  
   1.1450300  8.235554e-01  1.050939e-03  8.235710e-01  1.050994e-03  7.749616e-01  9.337948e-04  
   1.1660300  8.257900e-01  1.076862e-03  8.258055e-01  1.076916e-03  7.769467e-01  9.565536e-04  
   1.1870300  8.280793e-01  1.103217e-03  8.280950e-01  1.103271e-03  7.789798e-01  9.796777e-04  
   1.2080300  8.304242e-01  1.130021e-03  8.304400e-01  1.130075e-03  7.810622e-01  1.003179e-03  
   1.2280300  8.327101e-01  1.155980e-03  8.327260e-01  1.156033e-03  7.830911e-01  1.025924e-03  
   1.2490300  8.351663e-01  1.183706e-03  8.351825e-01  1.183759e-03  7.852706e-01  1.050200e-03  
   1.2706300  8.377547e-01  1.212744e-03  8.377709e-01  1.212797e-03  7.875666e-01  1.075607e-03  
   1.2906300  8.402070e-01  1.240116e-03  8.402233e-01  1.240170e-03  7.897413e-01  1.099540e-03  
   1.3116300  8.428416e-01  1.269380e-03  8.428582e-01  1.269435e-03  7.920770e-01  1.125107e-03  
   1.3326300  8.455381e-01  1.299197e-03  8.455546e-01  1.299253e-03  7.944663e-01  1.151139e-03  
   1.3536299  8.482977e-01  1.329589e-03  8.483143e-01  1.329647e-03  7.969112e-01  1.177652e-03  
   1.3746300  8.511217e-01  1.360577e-03  8.511387e-01  1.360638e-03  7.994121e-01  1.204665e-03  
   1.3946300  8.538725e-01  1.390666e-03  8.538896e-01  1.390728e-03  8.018472e-01  1.230873e-03  
   1.4156300  8.568264e-01  1.422884e-03  8.568435e-01  1.422951e-03  8.044614e-01  1.258915e-03  
   1.4366300  8.598487e-01  1.455768e-03  8.598661e-01  1.455838e-03  8.071349e-01  1.287513e-03  
   1.4576300  8.629411e-01  1.489343e-03  8.629587e-01  1.489417e-03  8.098693e-01  1.316688e-03  
   1.4786299  8.661051e-01  1.523635e-03  8.661228e-01  1.523713e-03  8.126659e-01  1.346461e-03  
   1.4996300  8.693421e-01  1.558670e-03  8.693599e-01  1.558752e-03  8.155261e-01  1.376854e-03  
   1.5196300  8.724937e-01  1.592754e-03  8.725118e-01  1.592840e-03  8.183095e-01  1.406397e-03  
   1.5406300  8.758771e-01  1.629323e-03  8.758954e-01  1.629413e-03  8.212965e-01  1.438068e-03  
   1.5616300  8.793384e-01  1.666722e-03  8.793570e-01  1.666817e-03  8.243508e-01  1.470429e-03  
   1.5826300  8.828793e-01  1.704984e-03  8.828978e-01  1.705082e-03  8.274736e-01  1.503509e-03  
   1.6036299  8.865009e-01  1.744141e-03  8.865198e-01  1.744244e-03  8.306667e-01  1.537334e-03  
   1.6246300  8.902061e-01  1.784229e-03  8.902253e-01  1.784337e-03  8.339316e-01  1.571934e-03  
   1.6446300  8.938130e-01  1.823309e-03  8.938324e-01  1.823420e-03  8.371088e-01  1.605635e-03  
   1.6656300  8.976855e-01  1.865325e-03  8.977050e-01  1.865439e-03  8.405180e-01  1.641840e-03  
   1.6872300  9.017619e-01  1.909635e-03  9.017822e-01  1.909755e-03  8.441049e-01  1.679995e-03  
   1.7072300  9.056227e-01  1.951694e-03  9.056429e-01  1.951816e-03  8.475004e-01  1.716184e-03  
   1.7282300  9.097680e-01  1.996967e-03  9.097883e-01  1.997093e-03  8.511443e-01  1.755116e-03  
   1.7492300  9.140093e-01  2.043428e-03  9.140298e-01  2.043558e-03  8.548707e-01  1.795046e-03  
   1.7702301  9.183493e-01  2.091129e-03  9.183700e-01  2.091263e-03  8.586817e-01  1.836024e-03  
   1.7912300  9.227912e-01  2.140125e-03  9.228122e-01  2.140262e-03  8.625796e-01  1.878101e-03  
   1.8112299  9.271188e-01  2.188049e-03  9.271399e-01  2.188189e-03  8.663752e-01  1.919247e-03  
   1.8322300  9.317672e-01  2.239749e-03  9.317887e-01  2.239894e-03  8.704500e-01  1.963633e-03  
   1.8532300  9.365256e-01  2.292933e-03  9.365474e-01  2.293080e-03  8.746189e-01  2.009292e-03  
   1.8742300  9.413978e-01  2.347669e-03  9.414204e-01  2.347821e-03  8.788850e-01  2.056292e-03  
   1.8952301  9.463872e-01  2.404038e-03  9.464096e-01  2.404192e-03  8.832506e-01  2.104705e-03  
   1.9162300  9.514972e-01  2.462117e-03  9.515196e-01  2.462276e-03  8.877177e-01  2.154606e-03  
   1.9362299  9.564774e-01  2.519106e-03  9.565005e-01  2.519269e-03  8.920705e-01  2.203592e-03  
   1.9572300  9.618317e-01  2.580797e-03  9.618553e-01  2.580965e-03  8.967460e-01  2.256647e-03  
   1.9782300  9.673179e-01  2.644490e-03  9.673417e-01  2.644663e-03  9.015328e-01  2.311457e-03  
   1.9992300  9.729384e-01  2.710304e-03  9.729624e-01  2.710484e-03  9.064341e-01  2.368131e-03  
   2.0202301  9.786993e-01  2.778369e-03  9.787236e-01  2.778555e-03  9.114538e-01  2.426789e-03  
   2.0412300  9.846036e-01  2.848830e-03  9.846285e-01  2.849021e-03  9.165946e-01  2.487562e-03  
   2.0612299  9.903649e-01  2.918306e-03  9.903901e-01  2.918506e-03  9.216072e-01  2.547544e-03  
   2.0822301  9.965648e-01  2.993921e-03  9.965903e-01  2.994129e-03  9.269968e-01  2.612896e-03  
   2.1038301  1.003108e+00  3.074749e-03  1.003134e+00  3.074966e-03  9.326802e-01  2.682842e-03  
   2.1238301  1.009322e+00  3.152553e-03  1.009349e+00  3.152780e-03  9.380725e-01  2.750265e-03  
   2.1448300  1.016013e+00  3.237553e-03  1.016040e+00  3.237790e-03  9.438745e-01  2.824036e-03  
   2.1658299  1.022882e+00  3.326201e-03  1.022909e+00  3.326449e-03  9.498243e-01  2.901104e-03  
   2.1868300  1.029934e+00  3.418796e-03  1.029961e+00  3.419056e-03  9.559274e-01  2.981755e-03  
   2.2078300  1.037176e+00  3.515660e-03  1.037205e+00  3.515933e-03  9.621891e-01  3.066291e-03  
   2.2278299  1.044259e+00  3.612207e-03  1.044288e+00  3.612492e-03  9.683064e-01  3.150723e-03  
   2.2488301  1.051897e+00  3.718463e-03  1.051926e+00  3.718763e-03  9.748966e-01  3.243843e-03  
   2.2698300  1.059748e+00  3.830130e-03  1.059778e+00  3.830447e-03  9.816635e-01  3.341925e-03  
   2.2908299  1.067823e+00  3.947670e-03  1.067854e+00  3.948003e-03  9.886158e-01  3.445400e-03  
   2.3118300  1.076131e+00  4.071576e-03  1.076163e+00  4.071926e-03  9.957592e-01  3.554734e-03  
   2.3328300  1.084682e+00  4.202380e-03  1.084714e+00  4.202749e-03  1.003102e+00  3.670427e-03  
   2.3528299  1.093060e+00  4.333903e-03  1.093093e+00  4.334291e-03  1.010288e+00  3.787028e-03  
   2.3738301  1.102114e+00  4.479904e-03  1.102148e+00  4.480315e-03  1.018046e+00  3.916770e-03  
   2.3948300  1.111444e+00  4.634672e-03  1.111479e+00  4.635105e-03  1.026027e+00  4.054636e-03  
   2.4158299  1.121064e+00  4.798961e-03  1.121099e+00  4.799419e-03  1.034244e+00  4.201331e-03  
   2.4368300  1.130985e+00  4.973600e-03  1.131021e+00  4.974084e-03  1.042706e+00  4.357637e-03  
   2.4578300  1.141224e+00  5.159500e-03  1.141261e+00  5.160010e-03  1.051426e+00  4.524396e-03  
   2.4778299  1.151286e+00  5.347953e-03  1.151323e+00  5.348490e-03  1.059980e+00  4.693792e-03  
   2.4988301  1.162192e+00  5.558911e-03  1.162231e+00  5.559479e-03  1.069237e+00  4.883764e-03  
   2.5204301  1.173797e+00  5.791234e-03  1.173837e+00  5.791837e-03  1.079068e+00  5.093302e-03  
   2.5404301  1.184912e+00  6.021623e-03  1.184952e+00  6.022261e-03  1.088465e+00  5.301322e-03  
   2.5614300  1.196986e+00  6.281043e-03  1.197027e+00  6.281721e-03  1.098654e+00  5.535670e-03  
   2.5824299  1.209498e+00  6.560443e-03  1.209541e+00  6.561167e-03  1.109188e+00  5.788004e-03  
   2.6034300  1.222480e+00  6.862339e-03  1.222523e+00  6.863111e-03  1.120090e+00  6.060306e-03  
   2.6244299  1.235958e+00  7.189784e-03  1.236003e+00  7.190612e-03  1.131382e+00  6.354903e-03  
   2.6444299  1.249291e+00  7.528908e-03  1.249338e+00  7.529790e-03  1.142521e+00  6.658776e-03  
   2.6654301  1.263847e+00  7.918310e-03  1.263895e+00  7.919259e-03  1.154647e+00  7.005612e-03  
   2.6864300  1.279016e+00  8.348060e-03  1.279066e+00  8.349081e-03  1.167243e+00  7.385100e-03  
   2.7074299  1.294847e+00  8.826498e-03  1.294899e+00  8.827610e-03  1.180341e+00  7.802665e-03  
   2.7284300  1.311397e+00  9.364796e-03  1.311450e+00  9.366012e-03  1.193981e+00  8.265278e-03  
   2.7494299  1.328725e+00  9.978024e-03  1.328780e+00  9.979361e-03  1.208203e+00  8.781978e-03  
   2.7694299  1.346017e+00  1.065040e-02  1.346074e+00  1.065187e-02  1.222331e+00  9.335146e-03  
   2.7904301  1.365077e+00  1.147571e-02  1.365136e+00  1.147736e-02  1.237827e+00  9.994870e-03  
   2.8114300  1.385151e+00  1.245997e-02  1.385213e+00  1.246185e-02  1.254058e+00  1.075512e-02  
   2.8324299  1.406338e+00  1.365330e-02  1.406402e+00  1.365546e-02  1.271089e+00  1.164199e-02  
   2.8534300  1.428746e+00  1.512252e-02  1.428813e+00  1.512504e-02  1.288990e+00  1.268929e-02  
   2.8744299  1.452493e+00  1.695557e-02  1.452564e+00  1.695858e-02  1.307840e+00  1.394064e-02  
   2.8944299  1.476467e+00  1.914379e-02  1.476541e+00  1.914738e-02  1.326752e+00  1.537309e-02  
   2.9154301  1.503188e+00  2.204528e-02  1.503266e+00  2.204968e-02  1.347705e+00  1.719770e-02  
   2.9370301  1.532456e+00  2.586327e-02  1.532538e+00  2.586875e-02  1.370529e+00  1.950907e-02  
   2.9570301  1.561275e+00  3.036071e-02  1.561362e+00  3.036745e-02  1.392908e+00  2.214575e-02  
   2.9780300  1.593406e+00  3.633809e-02  1.593498e+00  3.634652e-02  1.417792e+00  2.556025e-02  
   2.9990301  1.627515e+00  4.391001e-02  1.627612e+00  4.392057e-02  1.444195e+00  2.979997e-02  
   3.0200300  1.663617e+00  5.343473e-02  1.663720e+00  5.344790e-02  1.472203e+00  3.506429e-02  
   3.0410299  1.701672e+00  6.531085e-02  1.701780e+00  6.532722e-02  1.501891e+00  4.158966e-02  
   3.0610299  1.739621e+00  7.919993e-02  1.739735e+00  7.921993e-02  1.531769e+00  4.922826e-02  
   3.0820301  1.781064e+00  9.691841e-02  1.781183e+00  9.694284e-02  1.564833e+00  5.904502e-02  
   3.1030300  1.823841e+00  1.182827e-01  1.823966e+00  1.183123e-01  1.599590e+00  7.104518e-02  
   3.1240301  1.867554e+00  1.437093e-01  1.867683e+00  1.437446e-01  1.635938e+00  8.560803e-02  
   3.1450300  1.911686e+00  1.735598e-01  1.911819e+00  1.736014e-01  1.673695e+00  1.031319e-01  
   3.1660299  1.955640e+00  2.081154e-01  1.955775e+00  2.081639e-01  1.712593e+00  1.240206e-01  
   3.1860299  1.996710e+00  2.455585e-01  1.996846e+00  2.456140e-01  1.750362e+00  1.473991e-01  
   3.2070301  2.038295e+00  2.896745e-01  2.038431e+00  2.897374e-01  1.790331e+00  1.759430e-01  
   3.2280300  2.077562e+00  3.386028e-01  2.077696e+00  3.386734e-01  1.830062e+00  2.088636e-01  
   3.2490301  2.113765e+00  3.920811e-01  2.113895e+00  3.921590e-01  1.868901e+00  2.463574e-01  
   3.2700300  2.146216e+00  4.496867e-01  2.146339e+00  4.497720e-01  1.906120e+00  2.884997e-01  
   3.2910299  2.174318e+00  5.108542e-01  2.174434e+00  5.109462e-01  1.940947e+00  3.352229e-01  
   3.3110299  2.196610e+00  5.717930e-01  2.196716e+00  5.718909e-01  1.971177e+00  3.837724e-01  
   3.3320301  2.215014e+00  6.378552e-01  2.215110e+00  6.379588e-01  1.999108e+00  4.386233e-01  
   3.3536301  2.228448e+00  7.071760e-01  2.228531e+00  7.072845e-01  2.023063e+00  4.985965e-01  
   3.3736300  2.235939e+00  7.718333e-01  2.236010e+00  7.719460e-01  2.040390e+00  5.566714e-01  
   3.3946300  2.238870e+00  8.394589e-01  2.238927e+00  8.395752e-01  2.053162e+00  6.194638e-01  
   3.4156301  2.237074e+00  9.061329e-01  2.237118e+00  9.062527e-01  2.060156e+00  6.831951e-01  
   3.4366300  2.231001e+00  9.712774e-01  2.231031e+00  9.714004e-01  2.061347e+00  7.468837e-01  
   3.4576299  2.221170e+00  1.034454e+00  2.221189e+00  1.034580e+00  2.056930e+00  8.095565e-01  
   3.4776299  2.208824e+00  1.092525e+00  2.208832e+00  1.092653e+00  2.047871e+00  8.674660e-01  
   3.4986300  2.193251e+00  1.151148e+00  2.193249e+00  1.151280e+00  2.033825e+00  9.256318e-01  
   3.5196300  2.175503e+00  1.207332e+00  2.175491e+00  1.207467e+00  2.015859e+00  9.804567e-01  
   3.5406301  2.156018e+00  1.261144e+00  2.155997e+00  1.261281e+00  1.994815e+00  1.031486e+00  
   3.5616300  2.135143e+00  1.312712e+00  2.135114e+00  1.312854e+00  1.971587e+00  1.078473e+00  
   3.5826299  2.113138e+00  1.362199e+00  2.113102e+00  1.362344e+00  1.947068e+00  1.121391e+00  
   3.6026299  2.091294e+00  1.407536e+00  2.091252e+00  1.407684e+00  1.923278e+00  1.158644e+00  
   3.6236300  2.067537e+00  1.453376e+00  2.067489e+00  1.453526e+00  1.898538e+00  1.194291e+00  
   3.6446300  2.043008e+00  1.497482e+00  2.042957e+00  1.497634e+00  1.874614e+00  1.226859e+00  
   3.6656301  2.017773e+00  1.539872e+00  2.017717e+00  1.540026e+00  1.851922e+00  1.256911e+00  
   3.6866300  1.991903e+00  1.580507e+00  1.991845e+00  1.580661e+00  1.830697e+00  1.285039e+00  
   3.7076299  1.965519e+00  1.619303e+00  1.965459e+00  1.619459e+00  1.811010e+00  1.311805e+00  
   3.7276299  1.940076e+00  1.654452e+00  1.940015e+00  1.654606e+00  1.793626e+00  1.336480e+00  
   3.7486300  1.913268e+00  1.689373e+00  1.913211e+00  1.689525e+00  1.776645e+00  1.361899e+00  
   3.7702301  1.885934e+00  1.723108e+00  1.885880e+00  1.723258e+00  1.760311e+00  1.387784e+00  
   3.7902300  1.861208e+00  1.752374e+00  1.861160e+00  1.752521e+00  1.746000e+00  1.411635e+00  
   3.8112299  1.836286e+00  1.781163e+00  1.836244e+00  1.781307e+00  1.731640e+00  1.436573e+00  
   3.8322301  1.812897e+00  1.808178e+00  1.812865e+00  1.808320e+00  1.717865e+00  1.461335e+00  
   3.8532300  1.791524e+00  1.833771e+00  1.791503e+00  1.833912e+00  1.704685e+00  1.485812e+00  
   3.8742299  1.772616e+00  1.858442e+00  1.772605e+00  1.858582e+00  1.692223e+00  1.509902e+00  
   3.8942299  1.757249e+00  1.881664e+00  1.757248e+00  1.881804e+00  1.681234e+00  1.532439e+00  
   3.9152300  1.744146e+00  1.906497e+00  1.744158e+00  1.906640e+00  1.670924e+00  1.555721e+00  
   3.9362299  1.734281e+00  1.932661e+00  1.734303e+00  1.932808e+00  1.662234e+00  1.578782e+00  
   3.9572301  1.727606e+00  1.961117e+00  1.727637e+00  1.961270e+00  1.655541e+00  1.601947e+00  
   3.9782300  1.723865e+00  1.992867e+00  1.723902e+00  1.993029e+00  1.651174e+00  1.625702e+00  
   3.9992299  1.722572e+00  2.028910e+00  1.722613e+00  2.029083e+00  1.649374e+00  1.650683e+00  
   4.0192299  1.722959e+00  2.068087e+00  1.723001e+00  2.068271e+00  1.650132e+00  1.676324e+00  
   4.0402298  1.724154e+00  2.115104e+00  1.724193e+00  2.115302e+00  1.653442e+00  1.706032e+00  
   4.0612302  1.725011e+00  2.168795e+00  1.725043e+00  2.169008e+00  1.659032e+00  1.739517e+00  
   4.0822301  1.724186e+00  2.229596e+00  1.724208e+00  2.229823e+00  1.666356e+00  1.777731e+00  
   4.1032300  1.720196e+00  2.297687e+00  1.720205e+00  2.297928e+00  1.674615e+00  1.821587e+00  
   4.1242299  1.711477e+00  2.372955e+00  1.711469e+00  2.373208e+00  1.682754e+00  1.871888e+00  
   4.1442299  1.697329e+00  2.450932e+00  1.697304e+00  2.451194e+00  1.689212e+00  1.926377e+00  
   4.1652298  1.674863e+00  2.538726e+00  1.674818e+00  2.538994e+00  1.693193e+00  1.990895e+00  
   4.1868300  1.642149e+00  2.634317e+00  1.642082e+00  2.634588e+00  1.692578e+00  2.065196e+00  
   4.2068300  1.602001e+00  2.726425e+00  1.601914e+00  2.726693e+00  1.686099e+00  2.140976e+00  
   4.2278299  1.548646e+00  2.825429e+00  1.548538e+00  2.825690e+00  1.671450e+00  2.227202e+00  
   4.2488298  1.483064e+00  2.925154e+00  1.482935e+00  2.925400e+00  1.647071e+00  2.319278e+00  
   4.2698302  1.404772e+00  3.023831e+00  1.404623e+00  3.024059e+00  1.611398e+00  2.415826e+00  
   4.2908301  1.313592e+00  3.119611e+00  1.313425e+00  3.119816e+00  1.563127e+00  2.515081e+00  
   4.3108301  1.214883e+00  3.206434e+00  1.214699e+00  3.206611e+00  1.504565e+00  2.610219e+00  
   4.3318300  1.099172e+00  3.291200e+00  1.098972e+00  3.291346e+00  1.429349e+00  2.708505e+00  
   4.3528299  9.717894e-01  3.367647e+00  9.715726e-01  3.367755e+00  1.340037e+00  2.802686e+00  
   4.3738298  8.336990e-01  3.434065e+00  8.334662e-01  3.434134e+00  1.237121e+00  2.890227e+00  
   4.3948302  6.861128e-01  3.488865e+00  6.858652e-01  3.488892e+00  1.121634e+00  2.968673e+00  
   4.4158301  5.304880e-01  3.530596e+00  5.302255e-01  3.530581e+00  9.951332e-01  3.035780e+00  
   4.4358301  3.763160e-01  3.557029e+00  3.760400e-01  3.556973e+00  8.662414e-01  3.087401e+00  
   4.4568300  2.099614e-01  3.569782e+00  2.096726e-01  3.569684e+00  7.243358e-01  3.127273e+00  
   4.4778299  4.101307e-02  3.566356e+00  4.071309e-02  3.566215e+00  5.782591e-01  3.151498e+00  
   4.4988298  -1.283658e-01  3.546205e+00  -1.286747e-01  3.546025e+00  4.307260e-01  3.159636e+00  
   4.5198302  -2.959116e-01  3.509109e+00  -2.962261e-01  3.508891e+00  2.844251e-01  3.151801e+00  
   4.5408301  -4.592924e-01  3.455208e+00  -4.596088e-01  3.454956e+00  1.419042e-01  3.128634e+00  
   4.5608301  -6.089022e-01  3.388737e+00  -6.092159e-01  3.388456e+00  1.176578e-02  3.093322e+00  
   4.5818300  -7.575423e-01  3.303948e+00  -7.578486e-01  3.303642e+00  -1.171492e-01  3.043745e+00  
   4.6034298  -8.992325e-01  3.202119e+00  -8.995255e-01  3.201791e+00  -2.399090e-01  2.981204e+00  
   4.6234298  -1.018571e+00  3.096247e+00  -1.018847e+00  3.095904e+00  -3.436579e-01  2.914648e+00  
   4.6444302  -1.130127e+00  2.975120e+00  -1.130382e+00  2.974766e+00  -4.416894e-01  2.837736e+00  
   4.6654301  -1.226488e+00  2.846127e+00  -1.226717e+00  2.845768e+00  -5.282870e-01  2.755551e+00  
   4.6864300  -1.306986e+00  2.711818e+00  -1.307186e+00  2.711457e+00  -6.035361e-01  2.669948e+00  
   4.7074299  -1.371437e+00  2.574817e+00  -1.371607e+00  2.574463e+00  -6.678088e-01  2.582630e+00  
   4.7274299  -1.418175e+00  2.444201e+00  -1.418314e+00  2.443853e+00  -7.193574e-01  2.499254e+00  
   4.7484298  -1.452591e+00  2.309227e+00  -1.452699e+00  2.308891e+00  -7.640538e-01  2.412729e+00  
   4.7694302  -1.473112e+00  2.178603e+00  -1.473188e+00  2.178279e+00  -7.999236e-01  2.328315e+00  
   4.7904301  -1.481173e+00  2.054149e+00  -1.481219e+00  2.053838e+00  -8.278597e-01  2.246886e+00  
   4.8114300  -1.478423e+00  1.937282e+00  -1.478439e+00  1.936984e+00  -8.487685e-01  2.169114e+00  
   4.8324299  -1.466611e+00  1.829014e+00  -1.466600e+00  1.828729e+00  -8.635373e-01  2.095492e+00  
   4.8524299  -1.448547e+00  1.734455e+00  -1.448511e+00  1.734180e+00  -8.726701e-01  2.029536e+00  
   4.8734298  -1.424043e+00  1.644388e+00  -1.423982e+00  1.644122e+00  -8.778425e-01  1.964833e+00  
   4.8944302  -1.395394e+00  1.563703e+00  -1.395309e+00  1.563443e+00  -8.792118e-01  1.904861e+00  
   4.9154301  -1.363977e+00  1.492089e+00  -1.363869e+00  1.491833e+00  -8.774427e-01  1.849593e+00  
   4.9364300  -1.330966e+00  1.429041e+00  -1.330835e+00  1.428787e+00  -8.731324e-01  1.798916e+00  
   4.9574299  -1.297330e+00  1.373928e+00  -1.297176e+00  1.373674e+00  -8.668079e-01  1.752653e+00  
   4.9774299  -1.265419e+00  1.328170e+00  -1.265245e+00  1.327914e+00  -8.593339e-01  1.712492e+00  
   4.9984298  -1.232612e+00  1.286484e+00  -1.232415e+00  1.286224e+00  -8.503448e-01  1.674168e+00  
