w Re-xx Im-xx Re-yy Im-yy Re-zz Im-zz
# Gaussian absolute broadening  0.15 [eV]
   0.0000000  7.678361e-01  8.817250e-05  7.678410e-01  8.817251e-05  7.281213e-01  7.991634e-05  
   0.0200000  7.679360e-01  9.436670e-05  7.679405e-01  9.436672e-05  7.282116e-01  8.553032e-05  
   0.0410000  7.680548e-01  1.014253e-04  7.680591e-01  1.014253e-04  7.283189e-01  9.192736e-05  
   0.0620000  7.681894e-01  1.090881e-04  7.681944e-01  1.090881e-04  7.284415e-01  9.887177e-05  
   0.0830000  7.683429e-01  1.173891e-04  7.683475e-01  1.173891e-04  7.285805e-01  1.063942e-04  
   0.1040000  7.685168e-01  1.263575e-04  7.685217e-01  1.263576e-04  7.287381e-01  1.145210e-04  
   0.1240000  7.687034e-01  1.355407e-04  7.687079e-01  1.355408e-04  7.289072e-01  1.228420e-04  
   0.1450000  7.689236e-01  1.458721e-04  7.689282e-01  1.458722e-04  7.291067e-01  1.322029e-04  
   0.1660000  7.691706e-01  1.569158e-04  7.691752e-01  1.569160e-04  7.293308e-01  1.422085e-04  
   0.1870000  7.694468e-01  1.686681e-04  7.694516e-01  1.686684e-04  7.295809e-01  1.528555e-04  
   0.2080000  7.697544e-01  1.811147e-04  7.697591e-01  1.811151e-04  7.298598e-01  1.641307e-04  
   0.2290000  7.700946e-01  1.942303e-04  7.700994e-01  1.942308e-04  7.301680e-01  1.760110e-04  
   0.2490000  7.704510e-01  2.073112e-04  7.704558e-01  2.073119e-04  7.304909e-01  1.878590e-04  
   0.2700000  7.708599e-01  2.216235e-04  7.708646e-01  2.216244e-04  7.308616e-01  2.008211e-04  
   0.2910000  7.713054e-01  2.364782e-04  7.713105e-01  2.364794e-04  7.312656e-01  2.142732e-04  
   0.3120000  7.717889e-01  2.518218e-04  7.717935e-01  2.518234e-04  7.317034e-01  2.281662e-04  
   0.3330000  7.723104e-01  2.675990e-04  7.723151e-01  2.676011e-04  7.321758e-01  2.424505e-04  
   0.3540000  7.728699e-01  2.837566e-04  7.728748e-01  2.837594e-04  7.326830e-01  2.570773e-04  
   0.3740000  7.734390e-01  2.994531e-04  7.734438e-01  2.994566e-04  7.331983e-01  2.712845e-04  
   0.3950000  7.740737e-01  3.162154e-04  7.740787e-01  3.162198e-04  7.337732e-01  2.864543e-04  
   0.4160000  7.747465e-01  3.332281e-04  7.747517e-01  3.332336e-04  7.343829e-01  3.018480e-04  
   0.4374300  7.754734e-01  3.508154e-04  7.754785e-01  3.508222e-04  7.350414e-01  3.177590e-04  
   0.4574300  7.761873e-01  3.674127e-04  7.761924e-01  3.674208e-04  7.356879e-01  3.327713e-04  
   0.4784300  7.769743e-01  3.850133e-04  7.769791e-01  3.850231e-04  7.364005e-01  3.486884e-04  
   0.4994300  7.777991e-01  4.027802e-04  7.778041e-01  4.027917e-04  7.371475e-01  3.647523e-04  
   0.5204300  7.786621e-01  4.207059e-04  7.786672e-01  4.207192e-04  7.379289e-01  3.809563e-04  
   0.5414300  7.795634e-01  4.387870e-04  7.795687e-01  4.388022e-04  7.387452e-01  3.972973e-04  
   0.5614300  7.804576e-01  4.561513e-04  7.804627e-01  4.561686e-04  7.395549e-01  4.129868e-04  
   0.5824300  7.814347e-01  4.745375e-04  7.814399e-01  4.745569e-04  7.404392e-01  4.295957e-04  
   0.6034300  7.824503e-01  4.930837e-04  7.824554e-01  4.931051e-04  7.413585e-01  4.463455e-04  
   0.6244300  7.835054e-01  5.117962e-04  7.835109e-01  5.118193e-04  7.423140e-01  4.632406e-04  
   0.6454300  7.846003e-01  5.306795e-04  7.846054e-01  5.307048e-04  7.433047e-01  4.802856e-04  
   0.6664300  7.857351e-01  5.497402e-04  7.857405e-01  5.497672e-04  7.443316e-01  4.974866e-04  
   0.6864300  7.868528e-01  5.680639e-04  7.868584e-01  5.680925e-04  7.453430e-01  5.140178e-04  
   0.7074300  7.880663e-01  5.874902e-04  7.880720e-01  5.875204e-04  7.464410e-01  5.315392e-04  
   0.7284300  7.893206e-01  6.071139e-04  7.893264e-01  6.071457e-04  7.475761e-01  5.492336e-04  
   0.7494300  7.906168e-01  6.269433e-04  7.906224e-01  6.269763e-04  7.487485e-01  5.671083e-04  
   0.7704300  7.919545e-01  6.469853e-04  7.919604e-01  6.470194e-04  7.499586e-01  5.851690e-04  
   0.7914300  7.933348e-01  6.672484e-04  7.933404e-01  6.672835e-04  7.512068e-01  6.034236e-04  
   0.8114300  7.946884e-01  6.867593e-04  7.946942e-01  6.867954e-04  7.524307e-01  6.209949e-04  
   0.8324300  7.961524e-01  7.074779e-04  7.961582e-01  7.075149e-04  7.537547e-01  6.396480e-04  
   0.8540300  7.977040e-01  7.290459e-04  7.977099e-01  7.290839e-04  7.551572e-01  6.590595e-04  
   0.8740300  7.991819e-01  7.492570e-04  7.991881e-01  7.492960e-04  7.564933e-01  6.772442e-04  
   0.8950300  8.007780e-01  7.707384e-04  8.007839e-01  7.707785e-04  7.579357e-01  6.965648e-04  
   0.9160300  8.024189e-01  7.924948e-04  8.024253e-01  7.925364e-04  7.594188e-01  7.161263e-04  
   0.9370300  8.041061e-01  8.145372e-04  8.041124e-01  8.145800e-04  7.609432e-01  7.359378e-04  
   0.9580300  8.058397e-01  8.368758e-04  8.058461e-01  8.369200e-04  7.625093e-01  7.560087e-04  
   0.9780300  8.075349e-01  8.584372e-04  8.075414e-01  8.584829e-04  7.640406e-01  7.753742e-04  
   0.9990300  8.093616e-01  8.813875e-04  8.093682e-01  8.814350e-04  7.656904e-01  7.959797e-04  
   1.0200300  8.112368e-01  9.046677e-04  8.112436e-01  9.047167e-04  7.673837e-01  8.168738e-04  
   1.0410300  8.131616e-01  9.282903e-04  8.131682e-01  9.283408e-04  7.691215e-01  8.380671e-04  
   1.0620300  8.151367e-01  9.522672e-04  8.151432e-01  9.523188e-04  7.709045e-01  8.595699e-04  
   1.0830300  8.171622e-01  9.766107e-04  8.171690e-01  9.766631e-04  7.727327e-01  8.813927e-04  
   1.1030300  8.191391e-01  1.000147e-03  8.191462e-01  1.000200e-03  7.745165e-01  9.024840e-04  
   1.1240300  8.212661e-01  1.025243e-03  8.212731e-01  1.025297e-03  7.764358e-01  9.249643e-04  
   1.1450300  8.234461e-01  1.050745e-03  8.234532e-01  1.050798e-03  7.784025e-01  9.477987e-04  
   1.1660300  8.256803e-01  1.076666e-03  8.256875e-01  1.076719e-03  7.804173e-01  9.709987e-04  
   1.1870300  8.279691e-01  1.103020e-03  8.279765e-01  1.103073e-03  7.824817e-01  9.945781e-04  
   1.2080300  8.303136e-01  1.129824e-03  8.303213e-01  1.129877e-03  7.845957e-01  1.018549e-03  
   1.2280300  8.325992e-01  1.155783e-03  8.326069e-01  1.155835e-03  7.866557e-01  1.041755e-03  
   1.2490300  8.350549e-01  1.183509e-03  8.350629e-01  1.183561e-03  7.888690e-01  1.066532e-03  
   1.2706300  8.376429e-01  1.212548e-03  8.376506e-01  1.212600e-03  7.912009e-01  1.092471e-03  
   1.2906300  8.400947e-01  1.239923e-03  8.401027e-01  1.239974e-03  7.934098e-01  1.116914e-03  
   1.3116300  8.427290e-01  1.269189e-03  8.427373e-01  1.269241e-03  7.957823e-01  1.143035e-03  
   1.3326300  8.454251e-01  1.299010e-03  8.454332e-01  1.299063e-03  7.982100e-01  1.169642e-03  
   1.3536299  8.481843e-01  1.329406e-03  8.481927e-01  1.329460e-03  8.006940e-01  1.196751e-03  
   1.3746300  8.510079e-01  1.360400e-03  8.510165e-01  1.360456e-03  8.032357e-01  1.224384e-03  
   1.3946300  8.537583e-01  1.390495e-03  8.537671e-01  1.390552e-03  8.057113e-01  1.251206e-03  
   1.4156300  8.567119e-01  1.422722e-03  8.567206e-01  1.422782e-03  8.083684e-01  1.279918e-03  
   1.4366300  8.597339e-01  1.455616e-03  8.597431e-01  1.455678e-03  8.110870e-01  1.309217e-03  
   1.4576300  8.628259e-01  1.489202e-03  8.628352e-01  1.489267e-03  8.138677e-01  1.339125e-03  
   1.4786299  8.659899e-01  1.523506e-03  8.659990e-01  1.523575e-03  8.167123e-01  1.369668e-03  
   1.4996300  8.692263e-01  1.558557e-03  8.692358e-01  1.558629e-03  8.196215e-01  1.400872e-03  
   1.5196300  8.723776e-01  1.592657e-03  8.723873e-01  1.592733e-03  8.224537e-01  1.431232e-03  
   1.5406300  8.757609e-01  1.629247e-03  8.757707e-01  1.629326e-03  8.254937e-01  1.463815e-03  
   1.5616300  8.792221e-01  1.666673e-03  8.792321e-01  1.666755e-03  8.286027e-01  1.497156e-03  
   1.5826300  8.827625e-01  1.704965e-03  8.827727e-01  1.705051e-03  8.317822e-01  1.531295e-03  
   1.6036299  8.863843e-01  1.744161e-03  8.863947e-01  1.744250e-03  8.350343e-01  1.566275e-03  
   1.6246300  8.900890e-01  1.784299e-03  8.900999e-01  1.784392e-03  8.383599e-01  1.602150e-03  
   1.6446300  8.936965e-01  1.823436e-03  8.937073e-01  1.823532e-03  8.415970e-01  1.637197e-03  
   1.6656300  8.975691e-01  1.865530e-03  8.975800e-01  1.865629e-03  8.450714e-01  1.674986e-03  
   1.6872300  9.016457e-01  1.909944e-03  9.016570e-01  1.910047e-03  8.487284e-01  1.714987e-03  
   1.7072300  9.055065e-01  1.952126e-03  9.055179e-01  1.952231e-03  8.521909e-01  1.753121e-03  
   1.7282300  9.096528e-01  1.997563e-03  9.096642e-01  1.997673e-03  8.559077e-01  1.794382e-03  
   1.7492300  9.138942e-01  2.044233e-03  9.139063e-01  2.044347e-03  8.597099e-01  1.836988e-03  
   1.7702301  9.182348e-01  2.092202e-03  9.182468e-01  2.092320e-03  8.635993e-01  1.881038e-03  
   1.7912300  9.226773e-01  2.141538e-03  9.226899e-01  2.141658e-03  8.675793e-01  1.926648e-03  
   1.8112299  9.270059e-01  2.189865e-03  9.270185e-01  2.189990e-03  8.714560e-01  1.971642e-03  
   1.8322300  9.316555e-01  2.242094e-03  9.316686e-01  2.242222e-03  8.756192e-01  2.020644e-03  
   1.8532300  9.364156e-01  2.295932e-03  9.364287e-01  2.296064e-03  8.798802e-01  2.071587e-03  
   1.8742300  9.412892e-01  2.351474e-03  9.413027e-01  2.351610e-03  8.842418e-01  2.124628e-03  
   1.8952301  9.462802e-01  2.408824e-03  9.462941e-01  2.408966e-03  8.887070e-01  2.179941e-03  
   1.9162300  9.513918e-01  2.468097e-03  9.514060e-01  2.468244e-03  8.932788e-01  2.237724e-03  
   1.9362299  9.563749e-01  2.526445e-03  9.563892e-01  2.526597e-03  8.977348e-01  2.295261e-03  
   1.9572300  9.617315e-01  2.589835e-03  9.617463e-01  2.589994e-03  9.025236e-01  2.358560e-03  
   1.9782300  9.672200e-01  2.655546e-03  9.672354e-01  2.655711e-03  9.074283e-01  2.425105e-03  
   1.9992300  9.728439e-01  2.723738e-03  9.728594e-01  2.723909e-03  9.124533e-01  2.495240e-03  
   2.0202301  9.786082e-01  2.794590e-03  9.786242e-01  2.794768e-03  9.176017e-01  2.569349e-03  
   2.0412300  9.845168e-01  2.868295e-03  9.845328e-01  2.868480e-03  9.228777e-01  2.647864e-03  
   2.0612299  9.902818e-01  2.941339e-03  9.902984e-01  2.941533e-03  9.280245e-01  2.727171e-03  
   2.0822301  9.964861e-01  3.021256e-03  9.965030e-01  3.021458e-03  9.335604e-01  2.815702e-03  
   2.1038301  1.003034e+00  3.107172e-03  1.003052e+00  3.107384e-03  9.394016e-01  2.912977e-03  
   2.1238301  1.009253e+00  3.190354e-03  1.009271e+00  3.190577e-03  9.449462e-01  3.009245e-03  
   2.1448300  1.015950e+00  3.281767e-03  1.015968e+00  3.282002e-03  9.509144e-01  3.117400e-03  
   2.1658299  1.022823e+00  3.377701e-03  1.022842e+00  3.377950e-03  9.570367e-01  3.233516e-03  
   2.1868300  1.029881e+00  3.478558e-03  1.029900e+00  3.478821e-03  9.633192e-01  3.358395e-03  
   2.2078300  1.037130e+00  3.584766e-03  1.037150e+00  3.585046e-03  9.697678e-01  3.492895e-03  
   2.2278299  1.044218e+00  3.691336e-03  1.044239e+00  3.691631e-03  9.760689e-01  3.630789e-03  
   2.2488301  1.051862e+00  3.809421e-03  1.051884e+00  3.809737e-03  9.828588e-01  3.786818e-03  
   2.2698300  1.059721e+00  3.934400e-03  1.059742e+00  3.934738e-03  9.898322e-01  3.955392e-03  
   2.2908299  1.067803e+00  4.066891e-03  1.067825e+00  4.067251e-03  9.969975e-01  4.137604e-03  
   2.3118300  1.076118e+00  4.207546e-03  1.076140e+00  4.207933e-03  1.004361e+00  4.334576e-03  
   2.3328300  1.084675e+00  4.357070e-03  1.084697e+00  4.357483e-03  1.011930e+00  4.547432e-03  
   2.3528299  1.093059e+00  4.508407e-03  1.093083e+00  4.508846e-03  1.019337e+00  4.765939e-03  
   2.3738301  1.102120e+00  4.677464e-03  1.102144e+00  4.677933e-03  1.027331e+00  5.013009e-03  
   2.3948300  1.111456e+00  4.857768e-03  1.111481e+00  4.858269e-03  1.035555e+00  5.279185e-03  
   2.4158299  1.121080e+00  5.050254e-03  1.121106e+00  5.050786e-03  1.044020e+00  5.565506e-03  
   2.4368300  1.131006e+00  5.255930e-03  1.131032e+00  5.256500e-03  1.052734e+00  5.872993e-03  
   2.4578300  1.141248e+00  5.475902e-03  1.141275e+00  5.476508e-03  1.061712e+00  6.202656e-03  
   2.4778299  1.151311e+00  5.699813e-03  1.151339e+00  5.700452e-03  1.070515e+00  6.538200e-03  
   2.4988301  1.162218e+00  5.951365e-03  1.162247e+00  5.952040e-03  1.080038e+00  6.914260e-03  
   2.5204301  1.173821e+00  6.229267e-03  1.173851e+00  6.229986e-03  1.090148e+00  7.327714e-03  
   2.5404301  1.184931e+00  6.505542e-03  1.184962e+00  6.506298e-03  1.099809e+00  7.735937e-03  
   2.5614300  1.196998e+00  6.817191e-03  1.197031e+00  6.817989e-03  1.110278e+00  8.192419e-03  
   2.5824299  1.209501e+00  7.153203e-03  1.209534e+00  7.154046e-03  1.121099e+00  8.679255e-03  
   2.6034300  1.222468e+00  7.516318e-03  1.222502e+00  7.517211e-03  1.132293e+00  9.198659e-03  
   2.6244299  1.235927e+00  7.909817e-03  1.235963e+00  7.910758e-03  1.143884e+00  9.753204e-03  
   2.6444299  1.249237e+00  8.316501e-03  1.249274e+00  8.317501e-03  1.155313e+00  1.031686e-02  
   2.6654301  1.263763e+00  8.781895e-03  1.263801e+00  8.782957e-03  1.167750e+00  1.094961e-02  
   2.6864300  1.278894e+00  9.292934e-03  1.278934e+00  9.294072e-03  1.180664e+00  1.162878e-02  
   2.7074299  1.294680e+00  9.858094e-03  1.294721e+00  9.859316e-03  1.194089e+00  1.236019e-02  
   2.7284300  1.311173e+00  1.048865e-02  1.311217e+00  1.048998e-02  1.208064e+00  1.315129e-02  
   2.7494299  1.328436e+00  1.119983e-02  1.328481e+00  1.120129e-02  1.222631e+00  1.401175e-02  
   2.7694299  1.345654e+00  1.197098e-02  1.345701e+00  1.197258e-02  1.237099e+00  1.490734e-02  
   2.7904301  1.364625e+00  1.290601e-02  1.364674e+00  1.290781e-02  1.252966e+00  1.594370e-02  
   2.8114300  1.384594e+00  1.400652e-02  1.384647e+00  1.400857e-02  1.269586e+00  1.710007e-02  
   2.8324299  1.405661e+00  1.532303e-02  1.405716e+00  1.532541e-02  1.287026e+00  1.840544e-02  
   2.8534300  1.427932e+00  1.692280e-02  1.427989e+00  1.692563e-02  1.305360e+00  1.989776e-02  
   2.8744299  1.451522e+00  1.889415e-02  1.451583e+00  1.889757e-02  1.324672e+00  2.162625e-02  
   2.8944299  1.475327e+00  2.122141e-02  1.475391e+00  2.122558e-02  1.344054e+00  2.354981e-02  
   2.9154301  1.501849e+00  2.427633e-02  1.501917e+00  2.428155e-02  1.365537e+00  2.593781e-02  
   2.9370301  1.530888e+00  2.825906e-02  1.530960e+00  2.826573e-02  1.388948e+00  2.889214e-02  
   2.9570301  1.559470e+00  3.291348e-02  1.559546e+00  3.292192e-02  1.411908e+00  3.219515e-02  
   2.9780300  1.591327e+00  3.905719e-02  1.591408e+00  3.906802e-02  1.437442e+00  3.639947e-02  
   2.9990301  1.625134e+00  4.679209e-02  1.625220e+00  4.680600e-02  1.464532e+00  4.154080e-02  
   3.0200300  1.660910e+00  5.646957e-02  1.661002e+00  5.648736e-02  1.493258e+00  4.784031e-02  
   3.0410299  1.698611e+00  6.847914e-02  1.698709e+00  6.850173e-02  1.523681e+00  5.555780e-02  
   3.0610299  1.736205e+00  8.246692e-02  1.736308e+00  8.249502e-02  1.554260e+00  6.449936e-02  
   3.0820301  1.777254e+00  1.002459e-01  1.777364e+00  1.002808e-01  1.588038e+00  7.588198e-02  
   3.1030300  1.819624e+00  1.216107e-01  1.819739e+00  1.216537e-01  1.623459e+00  8.967028e-02  
   3.1240301  1.862919e+00  1.469600e-01  1.863039e+00  1.470119e-01  1.660384e+00  1.062586e-01  
   3.1450300  1.906632e+00  1.766363e-01  1.906758e+00  1.766983e-01  1.698591e+00  1.260530e-01  
   3.1660299  1.950167e+00  2.109015e-01  1.950299e+00  2.109743e-01  1.737764e+00  1.494555e-01  
   3.1860299  1.990849e+00  2.479427e-01  1.990984e+00  2.480264e-01  1.775591e+00  1.754416e-01  
   3.2070301  2.032047e+00  2.914890e-01  2.032184e+00  2.915842e-01  1.815360e+00  2.069220e-01  
   3.2280300  2.070950e+00  3.396834e-01  2.071089e+00  3.397898e-01  1.854576e+00  2.429413e-01  
   3.2490301  2.106823e+00  3.922544e-01  2.106963e+00  3.923715e-01  1.892545e+00  2.836406e-01  
   3.2700300  2.138986e+00  4.487772e-01  2.139125e+00  4.489039e-01  1.928504e+00  3.290253e-01  
   3.2910299  2.166852e+00  5.086903e-01  2.166989e+00  5.088252e-01  1.961661e+00  3.789476e-01  
   3.3110299  2.188972e+00  5.682861e-01  2.189106e+00  5.684271e-01  1.989906e+00  4.304230e-01  
   3.3320301  2.207265e+00  6.328027e-01  2.207395e+00  6.329479e-01  2.015347e+00  4.881309e-01  
   3.3536301  2.220668e+00  7.004165e-01  2.220793e+00  7.005640e-01  2.036323e+00  5.507195e-01  
   3.3736300  2.228217e+00  7.634208e-01  2.228337e+00  7.635685e-01  2.050552e+00  6.108452e-01  
   3.3946300  2.231313e+00  8.292742e-01  2.231426e+00  8.294200e-01  2.059766e+00  6.753371e-01  
   3.4156301  2.229805e+00  8.941824e-01  2.229910e+00  8.943251e-01  2.062955e+00  7.402470e-01  
   3.4366300  2.224156e+00  9.576122e-01  2.224254e+00  9.577500e-01  2.060174e+00  8.045557e-01  
   3.4576299  2.214906e+00  1.019170e+00  2.214997e+00  1.019303e+00  2.051702e+00  8.672740e-01  
   3.4776299  2.203273e+00  1.075826e+00  2.203355e+00  1.075953e+00  2.038793e+00  9.246975e-01  
   3.4986300  2.188631e+00  1.133132e+00  2.188703e+00  1.133254e+00  2.020807e+00  9.818240e-01  
   3.5196300  2.172009e+00  1.188199e+00  2.172072e+00  1.188317e+00  1.999094e+00  1.035113e+00  
   3.5406301  2.153853e+00  1.241118e+00  2.153904e+00  1.241233e+00  1.974579e+00  1.084172e+00  
   3.5616300  2.134507e+00  1.292029e+00  2.134547e+00  1.292143e+00  1.948224e+00  1.128828e+00  
   3.5826299  2.114224e+00  1.341098e+00  2.114252e+00  1.341212e+00  1.920968e+00  1.169136e+00  
   3.6026299  2.094183e+00  1.386256e+00  2.094199e+00  1.386371e+00  1.894961e+00  1.203715e+00  
   3.6236300  2.072464e+00  1.432126e+00  2.072468e+00  1.432243e+00  1.868303e+00  1.236431e+00  
   3.6446300  2.050098e+00  1.476470e+00  2.050089e+00  1.476591e+00  1.842863e+00  1.266007e+00  
   3.6656301  2.027107e+00  1.519285e+00  2.027088e+00  1.519412e+00  1.819021e+00  1.293061e+00  
   3.6866300  2.003533e+00  1.560511e+00  2.003505e+00  1.560644e+00  1.796961e+00  1.318225e+00  
   3.7076299  1.979459e+00  1.600048e+00  1.979422e+00  1.600187e+00  1.776702e+00  1.342093e+00  
   3.7276299  1.956199e+00  1.636026e+00  1.956156e+00  1.636170e+00  1.758966e+00  1.364086e+00  
   3.7486300  1.931635e+00  1.671944e+00  1.931587e+00  1.672094e+00  1.741772e+00  1.386785e+00  
   3.7702301  1.906534e+00  1.706841e+00  1.906484e+00  1.706998e+00  1.725345e+00  1.409994e+00  
   3.7902300  1.883782e+00  1.737319e+00  1.883732e+00  1.737481e+00  1.711034e+00  1.431493e+00  
   3.8112299  1.860814e+00  1.767542e+00  1.860766e+00  1.767708e+00  1.696750e+00  1.454118e+00  
   3.8322301  1.839233e+00  1.796186e+00  1.839188e+00  1.796357e+00  1.683120e+00  1.476764e+00  
   3.8532300  1.819488e+00  1.823635e+00  1.819448e+00  1.823811e+00  1.670149e+00  1.499364e+00  
   3.8742299  1.801992e+00  1.850420e+00  1.801959e+00  1.850599e+00  1.657959e+00  1.521867e+00  
   3.8942299  1.787730e+00  1.875919e+00  1.787702e+00  1.876101e+00  1.647283e+00  1.543210e+00  
   3.9152300  1.775491e+00  1.903433e+00  1.775468e+00  1.903619e+00  1.637350e+00  1.565616e+00  
   3.9362299  1.766132e+00  1.932567e+00  1.766114e+00  1.932757e+00  1.629074e+00  1.588228e+00  
   3.9572301  1.759559e+00  1.964261e+00  1.759544e+00  1.964456e+00  1.622814e+00  1.611397e+00  
   3.9782300  1.755475e+00  1.999469e+00  1.755461e+00  1.999669e+00  1.618882e+00  1.635614e+00  
   3.9992299  1.753368e+00  2.039117e+00  1.753352e+00  2.039323e+00  1.617497e+00  1.661506e+00  
   4.0192299  1.752535e+00  2.081782e+00  1.752513e+00  2.081995e+00  1.618620e+00  1.688402e+00  
   4.0402298  1.751990e+00  2.132424e+00  1.751959e+00  2.132646e+00  1.622271e+00  1.719785e+00  
   4.0612302  1.750673e+00  2.189593e+00  1.750628e+00  2.189825e+00  1.628151e+00  1.755247e+00  
   4.0822301  1.747297e+00  2.253623e+00  1.747235e+00  2.253865e+00  1.635716e+00  1.795663e+00  
   4.1032300  1.740456e+00  2.324598e+00  1.740372e+00  2.324850e+00  1.644170e+00  1.841857e+00  
   4.1242299  1.728674e+00  2.402334e+00  1.728566e+00  2.402594e+00  1.652463e+00  1.894548e+00  
   4.1442299  1.711502e+00  2.482226e+00  1.711368e+00  2.482493e+00  1.659033e+00  1.951276e+00  
   4.1652298  1.685840e+00  2.571550e+00  1.685676e+00  2.571824e+00  1.663094e+00  2.018031e+00  
   4.1868300  1.649909e+00  2.668201e+00  1.649712e+00  2.668478e+00  1.662509e+00  2.094431e+00  
   4.2068300  1.606916e+00  2.760846e+00  1.606688e+00  2.761120e+00  1.655996e+00  2.171906e+00  
   4.2278299  1.550772e+00  2.859978e+00  1.550510e+00  2.860247e+00  1.641219e+00  2.259600e+00  
   4.2488298  1.482641e+00  2.959425e+00  1.482347e+00  2.959685e+00  1.616586e+00  2.352774e+00  
   4.2698302  1.402064e+00  3.057454e+00  1.401738e+00  3.057700e+00  1.580497e+00  2.450004e+00  
   4.2908301  1.308872e+00  3.152243e+00  1.308515e+00  3.152471e+00  1.531614e+00  2.549483e+00  
   4.3108301  1.208498e+00  3.237815e+00  1.208113e+00  3.238023e+00  1.472265e+00  2.644378e+00  
   4.3318300  1.091301e+00  3.320953e+00  1.090889e+00  3.321136e+00  1.395998e+00  2.741900e+00  
   4.3528299  9.626961e-01  3.395448e+00  9.622592e-01  3.395605e+00  1.305411e+00  2.834769e+00  
   4.3738298  8.236538e-01  3.459588e+00  8.231938e-01  3.459715e+00  1.201027e+00  2.920425e+00  
   4.3948302  6.754009e-01  3.511786e+00  6.749194e-01  3.511882e+00  1.083935e+00  2.996401e+00  
   4.4158301  5.194174e-01  3.550610e+00  5.189161e-01  3.550674e+00  9.557635e-01  3.060446e+00  
   4.4358301  3.652193e-01  3.574028e+00  3.647007e-01  3.574062e+00  8.253082e-01  3.108601e+00  
   4.4568300  1.992000e-01  3.583412e+00  1.986652e-01  3.583413e+00  6.818898e-01  3.144273e+00  
   4.4778299  3.098792e-02  3.576494e+00  3.043828e-02  3.576461e+00  5.345412e-01  3.163754e+00  
   4.4988298  -1.372352e-01  3.552831e+00  -1.377977e-01  3.552762e+00  3.860838e-01  3.166656e+00  
   4.5198302  -3.032027e-01  3.512316e+00  -3.037760e-01  3.512212e+00  2.393045e-01  3.153162e+00  
   4.5408301  -4.646019e-01  3.455211e+00  -4.651829e-01  3.455072e+00  9.683157e-02  3.124006e+00  
   4.5608301  -6.119871e-01  3.385989e+00  -6.125721e-01  3.385816e+00  -3.271716e-02  3.082785e+00  
   4.5818300  -7.579990e-01  3.298723e+00  -7.585838e-01  3.298514e+00  -1.604082e-01  3.026918e+00  
   4.6034298  -8.967587e-01  3.194857e+00  -8.973376e-01  3.194611e+00  -2.812538e-01  2.957973e+00  
   4.6234298  -1.013269e+00  3.087606e+00  -1.013836e+00  3.087328e+00  -3.826543e-01  2.885699e+00  
   4.6444302  -1.121836e+00  2.965572e+00  -1.122384e+00  2.965262e+00  -4.776651e-01  2.803161e+00  
   4.6654301  -1.215289e+00  2.836214e+00  -1.215811e+00  2.835877e+00  -5.607375e-01  2.715899e+00  
   4.6864300  -1.293051e+00  2.702047e+00  -1.293538e+00  2.701687e+00  -6.320401e-01  2.625914e+00  
   4.7074299  -1.355018e+00  2.565642e+00  -1.355465e+00  2.565265e+00  -6.920420e-01  2.535026e+00  
   4.7274299  -1.399679e+00  2.435950e+00  -1.400079e+00  2.435563e+00  -7.393181e-01  2.449084e+00  
   4.7484298  -1.432255e+00  2.302253e+00  -1.432601e+00  2.301862e+00  -7.794176e-01  2.360783e+00  
   4.7694302  -1.451299e+00  2.173138e+00  -1.451587e+00  2.172749e+00  -8.106812e-01  2.275532e+00  
   4.7904301  -1.458245e+00  2.050350e+00  -1.458472e+00  2.049973e+00  -8.341005e-01  2.194168e+00  
   4.8114300  -1.454721e+00  1.935238e+00  -1.454885e+00  1.934879e+00  -8.506681e-01  2.117283e+00  
   4.8324299  -1.442442e+00  1.828748e+00  -1.442544e+00  1.828416e+00  -8.613427e-01  2.045261e+00  
   4.8524299  -1.424180e+00  1.735857e+00  -1.424225e+00  1.735555e+00  -8.668551e-01  1.981377e+00  
   4.8734298  -1.399681e+00  1.647472e+00  -1.399668e+00  1.647207e+00  -8.685542e-01  1.919293e+00  
   4.8944302  -1.371207e+00  1.568364e+00  -1.371141e+00  1.568142e+00  -8.668053e-01  1.862262e+00  
   4.9154301  -1.340088e+00  1.498198e+00  -1.339973e+00  1.498023e+00  -8.622777e-01  1.810125e+00  
   4.9364300  -1.307452e+00  1.436454e+00  -1.307294e+00  1.436329e+00  -8.555590e-01  1.762656e+00  
   4.9574299  -1.274230e+00  1.382492e+00  -1.274035e+00  1.382419e+00  -8.471566e-01  1.719579e+00  
   4.9774299  -1.242720e+00  1.337687e+00  -1.242495e+00  1.337664e+00  -8.379865e-01  1.682361e+00  
   4.9984298  -1.210312e+00  1.296853e+00  -1.210063e+00  1.296883e+00  -8.274815e-01  1.646973e+00  
