w Re-xx Im-xx Re-yy Im-yy Re-zz Im-zz
# Gaussian absolute broadening  0.15 [eV]
   0.0000000  7.685660e-01  8.837425e-05  7.685800e-01  8.837430e-05  7.262211e-01  7.902152e-05  
   0.0200000  7.686657e-01  9.458188e-05  7.686797e-01  9.458193e-05  7.263104e-01  8.457138e-05  
   0.0410000  7.687846e-01  1.016556e-04  7.687988e-01  1.016557e-04  7.264167e-01  9.089531e-05  
   0.0620000  7.689199e-01  1.093349e-04  7.689341e-01  1.093350e-04  7.265378e-01  9.776038e-05  
   0.0830000  7.690735e-01  1.176536e-04  7.690879e-01  1.176537e-04  7.266752e-01  1.051966e-04  
   0.1040000  7.692481e-01  1.266412e-04  7.692623e-01  1.266413e-04  7.268311e-01  1.132302e-04  
   0.1240000  7.694350e-01  1.358439e-04  7.694491e-01  1.358441e-04  7.269982e-01  1.214557e-04  
   0.1450000  7.696555e-01  1.461971e-04  7.696695e-01  1.461974e-04  7.271956e-01  1.307088e-04  
   0.1660000  7.699030e-01  1.572640e-04  7.699173e-01  1.572645e-04  7.274168e-01  1.405990e-04  
   0.1870000  7.701802e-01  1.690412e-04  7.701942e-01  1.690418e-04  7.276644e-01  1.511228e-04  
   0.2080000  7.704883e-01  1.815141e-04  7.705023e-01  1.815150e-04  7.279399e-01  1.622672e-04  
   0.2290000  7.708292e-01  1.946575e-04  7.708435e-01  1.946587e-04  7.282448e-01  1.740092e-04  
   0.2490000  7.711862e-01  2.077661e-04  7.712005e-01  2.077676e-04  7.285638e-01  1.857188e-04  
   0.2700000  7.715961e-01  2.221089e-04  7.716105e-01  2.221109e-04  7.289303e-01  1.985290e-04  
   0.2910000  7.720428e-01  2.369952e-04  7.720572e-01  2.369979e-04  7.293295e-01  2.118228e-04  
   0.3120000  7.725272e-01  2.523716e-04  7.725415e-01  2.523749e-04  7.297626e-01  2.255518e-04  
   0.3330000  7.730497e-01  2.681827e-04  7.730641e-01  2.681870e-04  7.302296e-01  2.396666e-04  
   0.3540000  7.736108e-01  2.843752e-04  7.736253e-01  2.843805e-04  7.307308e-01  2.541191e-04  
   0.3740000  7.741808e-01  3.001057e-04  7.741954e-01  3.001122e-04  7.312400e-01  2.681563e-04  
   0.3950000  7.748169e-01  3.169044e-04  7.748315e-01  3.169125e-04  7.318087e-01  2.831433e-04  
   0.4160000  7.754915e-01  3.339543e-04  7.755060e-01  3.339640e-04  7.324111e-01  2.983507e-04  
   0.4374300  7.762198e-01  3.515802e-04  7.762343e-01  3.515919e-04  7.330619e-01  3.140679e-04  
   0.4574300  7.769352e-01  3.682142e-04  7.769498e-01  3.682277e-04  7.337011e-01  3.288965e-04  
   0.4784300  7.777236e-01  3.858539e-04  7.777383e-01  3.858698e-04  7.344052e-01  3.446173e-04  
   0.4994300  7.785506e-01  4.036603e-04  7.785651e-01  4.036787e-04  7.351434e-01  3.604816e-04  
   0.5204300  7.794155e-01  4.216262e-04  7.794302e-01  4.216471e-04  7.359158e-01  3.764827e-04  
   0.5414300  7.803188e-01  4.397479e-04  7.803334e-01  4.397715e-04  7.367224e-01  3.926175e-04  
   0.5614300  7.812151e-01  4.571515e-04  7.812297e-01  4.571778e-04  7.375227e-01  4.081074e-04  
   0.5824300  7.821941e-01  4.755792e-04  7.822089e-01  4.756085e-04  7.383966e-01  4.245030e-04  
   0.6034300  7.832119e-01  4.941680e-04  7.832268e-01  4.941997e-04  7.393051e-01  4.410356e-04  
   0.6244300  7.842694e-01  5.129228e-04  7.842843e-01  5.129576e-04  7.402487e-01  4.577096e-04  
   0.6454300  7.853666e-01  5.318497e-04  7.853818e-01  5.318869e-04  7.412276e-01  4.745294e-04  
   0.6664300  7.865039e-01  5.509543e-04  7.865190e-01  5.509942e-04  7.422422e-01  4.915004e-04  
   0.6864300  7.876241e-01  5.693204e-04  7.876392e-01  5.693625e-04  7.432415e-01  5.078086e-04  
   0.7074300  7.888404e-01  5.887918e-04  7.888556e-01  5.888361e-04  7.443264e-01  5.250909e-04  
   0.7284300  7.900978e-01  6.084616e-04  7.901129e-01  6.085077e-04  7.454476e-01  5.425416e-04  
   0.7494300  7.913967e-01  6.283376e-04  7.914121e-01  6.283855e-04  7.466056e-01  5.601672e-04  
   0.7704300  7.927375e-01  6.484266e-04  7.927527e-01  6.484762e-04  7.478007e-01  5.779736e-04  
   0.7914300  7.941207e-01  6.687377e-04  7.941360e-01  6.687890e-04  7.490338e-01  5.959679e-04  
   0.8114300  7.954774e-01  6.882948e-04  7.954928e-01  6.883474e-04  7.502427e-01  6.132862e-04  
   0.8324300  7.969444e-01  7.090626e-04  7.969599e-01  7.091166e-04  7.515498e-01  6.316677e-04  
   0.8540300  7.984996e-01  7.306820e-04  7.985153e-01  7.307375e-04  7.529351e-01  6.507929e-04  
   0.8740300  7.999811e-01  7.509420e-04  7.999967e-01  7.509986e-04  7.542543e-01  6.687063e-04  
   0.8950300  8.015805e-01  7.724750e-04  8.015963e-01  7.725330e-04  7.556783e-01  6.877352e-04  
   0.9160300  8.032253e-01  7.942840e-04  8.032413e-01  7.943436e-04  7.571426e-01  7.069976e-04  
   0.9370300  8.049161e-01  8.163800e-04  8.049322e-01  8.164411e-04  7.586477e-01  7.265027e-04  
   0.9580300  8.066538e-01  8.387733e-04  8.066699e-01  8.388361e-04  7.601936e-01  7.462587e-04  
   0.9780300  8.083530e-01  8.603871e-04  8.083692e-01  8.604515e-04  7.617052e-01  7.653163e-04  
   0.9990300  8.101837e-01  8.833941e-04  8.102000e-01  8.834603e-04  7.633336e-01  7.855899e-04  
   1.0200300  8.120633e-01  9.067315e-04  8.120798e-01  9.067998e-04  7.650047e-01  8.061428e-04  
   1.0410300  8.139922e-01  9.304123e-04  8.140087e-01  9.304823e-04  7.667196e-01  8.269848e-04  
   1.0620300  8.159719e-01  9.544481e-04  8.159884e-01  9.545204e-04  7.684789e-01  8.481262e-04  
   1.0830300  8.180022e-01  9.788519e-04  8.180188e-01  9.789257e-04  7.702827e-01  8.695767e-04  
   1.1030300  8.199836e-01  1.002446e-03  8.200004e-01  1.002522e-03  7.720427e-01  8.903031e-04  
   1.1240300  8.221158e-01  1.027605e-03  8.221326e-01  1.027682e-03  7.739359e-01  9.123886e-04  
   1.1450300  8.243007e-01  1.053169e-03  8.243176e-01  1.053248e-03  7.758757e-01  9.348157e-04  
   1.1660300  8.265400e-01  1.079154e-03  8.265570e-01  1.079235e-03  7.778631e-01  9.575955e-04  
   1.1870300  8.288343e-01  1.105574e-03  8.288515e-01  1.105656e-03  7.798987e-01  9.807408e-04  
   1.2080300  8.311843e-01  1.132445e-03  8.312018e-01  1.132527e-03  7.819832e-01  1.004264e-03  
   1.2280300  8.334748e-01  1.158468e-03  8.334924e-01  1.158552e-03  7.840141e-01  1.027029e-03  
   1.2490300  8.359365e-01  1.186264e-03  8.359544e-01  1.186348e-03  7.861962e-01  1.051328e-03  
   1.2706300  8.385305e-01  1.215375e-03  8.385481e-01  1.215460e-03  7.884945e-01  1.076757e-03  
   1.2906300  8.409882e-01  1.242818e-03  8.410061e-01  1.242903e-03  7.906717e-01  1.100710e-03  
   1.3116300  8.436289e-01  1.272157e-03  8.436468e-01  1.272243e-03  7.930098e-01  1.126300e-03  
   1.3326300  8.463307e-01  1.302053e-03  8.463491e-01  1.302140e-03  7.954020e-01  1.152354e-03  
   1.3536299  8.490966e-01  1.332525e-03  8.491148e-01  1.332613e-03  7.978491e-01  1.178890e-03  
   1.3746300  8.519267e-01  1.363597e-03  8.519453e-01  1.363685e-03  8.003523e-01  1.205925e-03  
   1.3946300  8.546840e-01  1.393766e-03  8.547027e-01  1.393856e-03  8.027904e-01  1.232154e-03  
   1.4156300  8.576446e-01  1.426073e-03  8.576633e-01  1.426164e-03  8.054070e-01  1.260218e-03  
   1.4366300  8.606735e-01  1.459049e-03  8.606926e-01  1.459140e-03  8.080832e-01  1.288838e-03  
   1.4576300  8.637730e-01  1.492717e-03  8.637921e-01  1.492810e-03  8.108206e-01  1.318035e-03  
   1.4786299  8.669442e-01  1.527105e-03  8.669634e-01  1.527200e-03  8.136202e-01  1.347829e-03  
   1.4996300  8.701885e-01  1.562240e-03  8.702080e-01  1.562336e-03  8.164829e-01  1.378241e-03  
   1.5196300  8.733471e-01  1.596420e-03  8.733671e-01  1.596518e-03  8.192691e-01  1.407802e-03  
   1.5406300  8.767387e-01  1.633095e-03  8.767586e-01  1.633194e-03  8.222591e-01  1.439490e-03  
   1.5616300  8.802081e-01  1.670603e-03  8.802280e-01  1.670703e-03  8.253165e-01  1.471869e-03  
   1.5826300  8.837568e-01  1.708976e-03  8.837772e-01  1.709078e-03  8.284424e-01  1.504961e-03  
   1.6036299  8.873870e-01  1.748248e-03  8.874077e-01  1.748352e-03  8.316386e-01  1.538796e-03  
   1.6246300  8.911009e-01  1.788454e-03  8.911217e-01  1.788561e-03  8.349066e-01  1.573403e-03  
   1.6446300  8.947166e-01  1.827650e-03  8.947377e-01  1.827759e-03  8.380867e-01  1.607106e-03  
   1.6656300  8.985983e-01  1.869791e-03  8.986194e-01  1.869902e-03  8.414989e-01  1.643306e-03  
   1.6872300  9.026845e-01  1.914235e-03  9.027061e-01  1.914349e-03  8.450896e-01  1.681445e-03  
   1.7072300  9.065547e-01  1.956421e-03  9.065763e-01  1.956538e-03  8.484878e-01  1.717609e-03  
   1.7282300  9.107098e-01  2.001832e-03  9.107315e-01  2.001951e-03  8.521351e-01  1.756499e-03  
   1.7492300  9.149616e-01  2.048435e-03  9.149836e-01  2.048558e-03  8.558646e-01  1.796367e-03  
   1.7702301  9.193123e-01  2.096283e-03  9.193347e-01  2.096409e-03  8.596787e-01  1.837258e-03  
   1.7912300  9.237654e-01  2.145432e-03  9.237881e-01  2.145562e-03  8.635799e-01  1.879217e-03  
   1.8112299  9.281030e-01  2.193505e-03  9.281265e-01  2.193639e-03  8.673785e-01  1.920215e-03  
   1.8322300  9.327633e-01  2.245369e-03  9.327864e-01  2.245507e-03  8.714565e-01  1.964401e-03  
   1.8532300  9.375334e-01  2.298721e-03  9.375570e-01  2.298864e-03  8.756288e-01  2.009807e-03  
   1.8742300  9.424185e-01  2.353632e-03  9.424424e-01  2.353781e-03  8.798977e-01  2.056492e-03  
   1.8952301  9.474199e-01  2.410180e-03  9.474443e-01  2.410334e-03  8.842666e-01  2.104518e-03  
   1.9162300  9.525429e-01  2.468447e-03  9.525674e-01  2.468605e-03  8.887371e-01  2.153953e-03  
   1.9362299  9.575364e-01  2.525619e-03  9.575614e-01  2.525782e-03  8.930924e-01  2.202408e-03  
   1.9572300  9.629048e-01  2.587505e-03  9.629298e-01  2.587674e-03  8.977713e-01  2.254806e-03  
   1.9782300  9.684049e-01  2.651396e-03  9.684305e-01  2.651572e-03  9.025615e-01  2.308848e-03  
   1.9992300  9.740404e-01  2.717411e-03  9.740666e-01  2.717592e-03  9.074657e-01  2.364625e-03  
   2.0202301  9.798166e-01  2.785675e-03  9.798430e-01  2.785862e-03  9.124880e-01  2.422244e-03  
   2.0412300  9.857368e-01  2.856327e-03  9.857635e-01  2.856521e-03  9.176320e-01  2.481818e-03  
   2.0612299  9.915137e-01  2.925977e-03  9.915411e-01  2.926179e-03  9.226474e-01  2.540492e-03  
   2.0822301  9.977300e-01  3.001761e-03  9.977579e-01  3.001971e-03  9.280398e-01  2.604274e-03  
   2.1038301  1.004292e+00  3.082743e-03  1.004320e+00  3.082960e-03  9.337263e-01  2.672369e-03  
   2.1238301  1.010523e+00  3.160665e-03  1.010551e+00  3.160890e-03  9.391214e-01  2.737838e-03  
   2.1448300  1.017233e+00  3.245756e-03  1.017262e+00  3.245992e-03  9.449264e-01  2.809281e-03  
   2.1658299  1.024119e+00  3.334459e-03  1.024149e+00  3.334705e-03  9.508789e-01  2.883710e-03  
   2.1868300  1.031192e+00  3.427067e-03  1.031222e+00  3.427325e-03  9.569848e-01  2.961377e-03  
   2.2078300  1.038455e+00  3.523899e-03  1.038485e+00  3.524169e-03  9.632502e-01  3.042554e-03  
   2.2278299  1.045558e+00  3.620374e-03  1.045589e+00  3.620658e-03  9.693704e-01  3.123407e-03  
   2.2488301  1.053218e+00  3.726511e-03  1.053250e+00  3.726809e-03  9.759635e-01  3.212341e-03  
   2.2698300  1.061093e+00  3.838022e-03  1.061125e+00  3.838334e-03  9.827342e-01  3.305772e-03  
   2.2908299  1.069192e+00  3.955373e-03  1.069225e+00  3.955703e-03  9.896898e-01  3.404093e-03  
   2.3118300  1.077525e+00  4.079069e-03  1.077559e+00  4.079416e-03  9.968377e-01  3.507744e-03  
   2.3328300  1.086102e+00  4.209653e-03  1.086136e+00  4.210022e-03  1.004185e+00  3.617196e-03  
   2.3528299  1.094506e+00  4.340970e-03  1.094541e+00  4.341360e-03  1.011376e+00  3.727305e-03  
   2.3738301  1.103589e+00  4.486774e-03  1.103625e+00  4.487187e-03  1.019137e+00  3.849625e-03  
   2.3948300  1.112949e+00  4.641374e-03  1.112986e+00  4.641810e-03  1.027124e+00  3.979425e-03  
   2.4158299  1.122599e+00  4.805533e-03  1.122637e+00  4.805996e-03  1.035346e+00  4.117392e-03  
   2.4368300  1.132554e+00  4.980081e-03  1.132592e+00  4.980574e-03  1.043814e+00  4.264288e-03  
   2.4578300  1.142827e+00  5.165937e-03  1.142866e+00  5.166457e-03  1.052541e+00  4.420948e-03  
   2.4778299  1.152923e+00  5.354379e-03  1.152963e+00  5.354932e-03  1.061103e+00  4.580089e-03  
   2.4988301  1.163867e+00  5.565349e-03  1.163908e+00  5.565940e-03  1.070368e+00  4.758637e-03  
   2.5204301  1.175514e+00  5.797698e-03  1.175555e+00  5.798329e-03  1.080210e+00  4.955755e-03  
   2.5404301  1.186669e+00  6.028105e-03  1.186711e+00  6.028777e-03  1.089617e+00  5.151709e-03  
   2.5614300  1.198787e+00  6.287525e-03  1.198831e+00  6.288244e-03  1.099817e+00  5.372860e-03  
   2.5824299  1.211347e+00  6.566893e-03  1.211392e+00  6.567666e-03  1.110365e+00  5.611538e-03  
   2.6034300  1.224378e+00  6.868723e-03  1.224424e+00  6.869552e-03  1.121282e+00  5.869825e-03  
   2.6244299  1.237909e+00  7.196075e-03  1.237957e+00  7.196968e-03  1.132590e+00  6.150167e-03  
   2.6444299  1.251295e+00  7.535114e-03  1.251344e+00  7.536074e-03  1.143746e+00  6.440360e-03  
   2.6654301  1.265911e+00  7.924477e-03  1.265962e+00  7.925514e-03  1.155891e+00  6.772867e-03  
   2.6864300  1.281142e+00  8.354319e-03  1.281195e+00  8.355442e-03  1.168508e+00  7.138206e-03  
   2.7074299  1.297042e+00  8.833094e-03  1.297096e+00  8.834315e-03  1.181630e+00  7.541938e-03  
   2.7284300  1.313662e+00  9.372132e-03  1.313718e+00  9.373461e-03  1.195294e+00  7.991167e-03  
   2.7494299  1.331067e+00  9.986713e-03  1.331125e+00  9.988177e-03  1.209542e+00  8.495000e-03  
   2.7694299  1.348438e+00  1.066121e-02  1.348498e+00  1.066283e-02  1.223695e+00  9.036416e-03  
   2.7904301  1.367587e+00  1.149003e-02  1.367649e+00  1.149185e-02  1.239219e+00  9.684267e-03  
   2.8114300  1.387757e+00  1.247963e-02  1.387822e+00  1.248172e-02  1.255478e+00  1.043296e-02  
   2.8324299  1.409048e+00  1.368088e-02  1.409116e+00  1.368331e-02  1.272537e+00  1.130828e-02  
   2.8534300  1.431572e+00  1.516164e-02  1.431643e+00  1.516453e-02  1.290466e+00  1.234365e-02  
   2.8744299  1.455446e+00  1.701129e-02  1.455519e+00  1.701480e-02  1.309343e+00  1.358213e-02  
   2.8944299  1.479555e+00  1.922181e-02  1.479632e+00  1.922610e-02  1.328279e+00  1.500086e-02  
   2.9154301  1.506435e+00  2.215604e-02  1.506516e+00  2.216142e-02  1.349256e+00  1.680883e-02  
   2.9370301  1.535889e+00  2.602120e-02  1.535975e+00  2.602806e-02  1.372103e+00  1.910004e-02  
   2.9570301  1.564905e+00  3.057855e-02  1.564995e+00  3.058720e-02  1.394499e+00  2.171468e-02  
   2.9780300  1.597270e+00  3.664080e-02  1.597364e+00  3.665188e-02  1.419397e+00  2.510221e-02  
   2.9990301  1.631646e+00  4.432631e-02  1.631746e+00  4.434043e-02  1.445811e+00  2.931095e-02  
   3.0200300  1.668053e+00  5.400033e-02  1.668158e+00  5.401830e-02  1.473824e+00  3.454065e-02  
   3.0410299  1.706449e+00  6.606915e-02  1.706560e+00  6.609182e-02  1.503511e+00  4.102868e-02  
   3.0610299  1.744760e+00  8.018904e-02  1.744876e+00  8.021711e-02  1.533379e+00  4.863051e-02  
   3.0820301  1.786617e+00  9.820603e-02  1.786738e+00  9.824078e-02  1.566424e+00  5.840933e-02  
   3.1030300  1.829839e+00  1.199317e-01  1.829964e+00  1.199741e-01  1.601148e+00  7.037481e-02  
   3.1240301  1.874013e+00  1.457851e-01  1.874143e+00  1.458362e-01  1.637445e+00  8.490908e-02  
   3.1450300  1.918614e+00  1.761270e-01  1.918748e+00  1.761878e-01  1.675130e+00  1.024135e-01  
   3.1660299  1.963020e+00  2.112336e-01  1.963157e+00  2.113048e-01  1.713928e+00  1.232947e-01  
   3.1860299  2.004485e+00  2.492479e-01  2.004624e+00  2.493294e-01  1.751573e+00  1.466797e-01  
   3.2070301  2.046427e+00  2.939979e-01  2.046566e+00  2.940905e-01  1.791376e+00  1.752466e-01  
   3.2280300  2.085963e+00  3.435772e-01  2.086101e+00  3.436807e-01  1.830899e+00  2.082082e-01  
   3.2490301  2.122326e+00  3.977019e-01  2.122461e+00  3.978158e-01  1.869483e+00  2.457621e-01  
   3.2700300  2.154807e+00  4.559274e-01  2.154936e+00  4.560508e-01  1.906398e+00  2.879839e-01  
   3.2910299  2.182798e+00  5.176670e-01  2.182922e+00  5.177986e-01  1.940873e+00  3.348068e-01  
   3.3110299  2.204846e+00  5.790915e-01  2.204964e+00  5.792295e-01  1.970725e+00  3.834704e-01  
   3.3320301  2.222858e+00  6.455921e-01  2.222967e+00  6.457351e-01  1.998218e+00  4.384628e-01  
   3.3536301  2.235757e+00  7.152854e-01  2.235856e+00  7.154318e-01  2.021684e+00  4.986071e-01  
   3.3736300  2.242658e+00  7.802251e-01  2.242747e+00  7.803726e-01  2.038536e+00  5.568660e-01  
   3.3946300  2.244902e+00  8.480983e-01  2.244980e+00  8.482457e-01  2.050798e+00  6.198822e-01  
   3.4156301  2.242391e+00  9.149954e-01  2.242456e+00  9.151412e-01  2.057284e+00  6.838706e-01  
   3.4366300  2.235608e+00  9.803689e-01  2.235662e+00  9.805120e-01  2.057989e+00  7.478534e-01  
   3.4576299  2.225117e+00  1.043813e+00  2.225157e+00  1.043953e+00  2.053124e+00  8.108584e-01  
   3.4776299  2.212217e+00  1.102201e+00  2.212243e+00  1.102338e+00  2.043694e+00  8.691171e-01  
   3.4986300  2.196166e+00  1.161248e+00  2.196178e+00  1.161382e+00  2.029338e+00  9.276798e-01  
   3.5196300  2.178061e+00  1.217963e+00  2.178059e+00  1.218095e+00  2.011159e+00  9.829242e-01  
   3.5406301  2.158347e+00  1.272417e+00  2.158329e+00  1.272548e+00  1.990017e+00  1.034384e+00  
   3.5616300  2.137366e+00  1.324734e+00  2.137332e+00  1.324864e+00  1.966819e+00  1.081800e+00  
   3.5826299  2.115360e+00  1.375055e+00  2.115311e+00  1.375187e+00  1.942468e+00  1.125130e+00  
   3.6026299  2.093593e+00  1.421245e+00  2.093529e+00  1.421378e+00  1.918967e+00  1.162747e+00  
   3.6236300  2.069966e+00  1.468014e+00  2.069886e+00  1.468150e+00  1.894660e+00  1.198738e+00  
   3.6446300  2.045587e+00  1.513055e+00  2.045493e+00  1.513194e+00  1.871292e+00  1.231603e+00  
   3.6656301  2.020479e+00  1.556360e+00  2.020372e+00  1.556502e+00  1.849256e+00  1.261907e+00  
   3.6866300  1.994687e+00  1.597868e+00  1.994568e+00  1.598014e+00  1.828761e+00  1.290248e+00  
   3.7076299  1.968296e+00  1.637490e+00  1.968166e+00  1.637637e+00  1.809845e+00  1.317201e+00  
   3.7276299  1.942744e+00  1.673371e+00  1.942606e+00  1.673520e+00  1.793204e+00  1.342045e+00  
   3.7486300  1.915700e+00  1.709010e+00  1.915555e+00  1.709161e+00  1.776983e+00  1.367651e+00  
   3.7702301  1.887981e+00  1.743435e+00  1.887832e+00  1.743586e+00  1.761374e+00  1.393762e+00  
   3.7902300  1.862768e+00  1.773298e+00  1.862616e+00  1.773449e+00  1.747662e+00  1.417869e+00  
   3.8112299  1.837203e+00  1.802672e+00  1.837050e+00  1.802821e+00  1.733840e+00  1.443140e+00  
   3.8322301  1.813054e+00  1.830220e+00  1.812903e+00  1.830369e+00  1.720504e+00  1.468307e+00  
   3.8532300  1.790823e+00  1.856281e+00  1.790675e+00  1.856430e+00  1.707664e+00  1.493263e+00  
   3.8742299  1.770984e+00  1.881327e+00  1.770842e+00  1.881475e+00  1.695457e+00  1.517896e+00  
   3.8942299  1.754692e+00  1.904794e+00  1.754555e+00  1.904943e+00  1.684646e+00  1.540999e+00  
   3.9152300  1.740609e+00  1.929734e+00  1.740479e+00  1.929885e+00  1.674478e+00  1.564902e+00  
   3.9362299  1.729784e+00  1.955813e+00  1.729663e+00  1.955969e+00  1.665911e+00  1.588590e+00  
   3.9572301  1.722204e+00  1.983971e+00  1.722091e+00  1.984134e+00  1.659348e+00  1.612360e+00  
   3.9782300  1.717642e+00  2.015193e+00  1.717537e+00  2.015363e+00  1.655144e+00  1.636671e+00  
   3.9992299  1.715636e+00  2.050471e+00  1.715538e+00  2.050652e+00  1.653558e+00  1.662138e+00  
   4.0192299  1.715463e+00  2.088713e+00  1.715371e+00  2.088906e+00  1.654586e+00  1.688160e+00  
   4.0402298  1.716206e+00  2.134560e+00  1.716118e+00  2.134768e+00  1.658255e+00  1.718166e+00  
   4.0612302  1.716760e+00  2.186928e+00  1.716671e+00  2.187153e+00  1.664283e+00  1.751839e+00  
   4.0822301  1.715779e+00  2.246309e+00  1.715688e+00  2.246552e+00  1.672123e+00  1.790129e+00  
   4.1032300  1.711776e+00  2.312941e+00  1.711679e+00  2.313201e+00  1.680963e+00  1.833945e+00  
   4.1242299  1.703179e+00  2.386775e+00  1.703071e+00  2.387053e+00  1.689736e+00  1.884098e+00  
   4.1442299  1.689258e+00  2.463465e+00  1.689136e+00  2.463757e+00  1.696830e+00  1.938343e+00  
   4.1652298  1.667136e+00  2.550044e+00  1.666994e+00  2.550350e+00  1.701493e+00  2.002511e+00  
   4.1868300  1.634871e+00  2.644576e+00  1.634705e+00  2.644893e+00  1.701567e+00  2.076357e+00  
   4.2068300  1.595212e+00  2.735909e+00  1.595020e+00  2.736231e+00  1.695695e+00  2.151634e+00  
   4.2278299  1.542435e+00  2.834325e+00  1.542212e+00  2.834651e+00  1.681627e+00  2.237262e+00  
   4.2488298  1.477489e+00  2.933700e+00  1.477231e+00  2.934023e+00  1.657746e+00  2.328683e+00  
   4.2698302  1.399883e+00  3.032257e+00  1.399588e+00  3.032572e+00  1.622467e+00  2.424535e+00  
   4.2908301  1.309437e+00  3.128121e+00  1.309104e+00  3.128423e+00  1.574465e+00  2.523074e+00  
   4.3108301  1.211468e+00  3.215180e+00  1.211100e+00  3.215468e+00  1.516029e+00  2.617536e+00  
   4.3318300  1.096581e+00  3.300318e+00  1.096174e+00  3.300585e+00  1.440796e+00  2.715144e+00  
   4.3528299  9.700676e-01  3.377209e+00  9.696247e-01  3.377452e+00  1.351304e+00  2.808708e+00  
   4.3738298  8.328951e-01  3.444088e+00  8.324180e-01  3.444307e+00  1.248046e+00  2.895721e+00  
   4.3948302  6.862757e-01  3.499309e+00  6.857664e-01  3.499500e+00  1.132057e+00  2.973751e+00  
   4.4158301  5.316638e-01  3.541363e+00  5.311264e-01  3.541527e+00  1.004902e+00  3.040572e+00  
   4.4358301  3.784967e-01  3.567966e+00  3.779365e-01  3.568103e+00  8.752629e-01  3.092050e+00  
   4.4568300  2.132328e-01  3.580709e+00  2.126541e-01  3.580819e+00  7.324615e-01  3.131905e+00  
   4.4778299  4.540304e-02  3.577047e+00  4.481177e-02  3.577131e+00  5.854017e-01  3.156241e+00  
   4.4988298  -1.228411e-01  3.556411e+00  -1.234388e-01  3.556473e+00  4.368273e-01  3.164599e+00  
   4.5198302  -2.892497e-01  3.518572e+00  -2.898466e-01  3.518610e+00  2.894599e-01  3.157065e+00  
   4.5408301  -4.515066e-01  3.463679e+00  -4.520955e-01  3.463695e+00  1.458796e-01  3.134246e+00  
   4.5608301  -6.000737e-01  3.396048e+00  -6.006483e-01  3.396044e+00  1.476783e-02  3.099273e+00  
   4.5818300  -7.476652e-01  3.309849e+00  -7.482180e-01  3.309827e+00  -1.151035e-01  3.050028e+00  
   4.6034298  -8.883440e-01  3.206406e+00  -8.888677e-01  3.206367e+00  -2.387500e-01  2.987763e+00  
   4.6234298  -1.006822e+00  3.098946e+00  -1.007313e+00  3.098893e+00  -3.432133e-01  2.921378e+00  
   4.6444302  -1.117569e+00  2.976109e+00  -1.118022e+00  2.976041e+00  -4.418687e-01  2.844535e+00  
   4.6654301  -1.213230e+00  2.845417e+00  -1.213641e+00  2.845338e+00  -5.289506e-01  2.762290e+00  
   4.6864300  -1.293145e+00  2.709477e+00  -1.293512e+00  2.709387e+00  -6.045396e-01  2.676492e+00  
   4.7074299  -1.357142e+00  2.570960e+00  -1.357464e+00  2.570863e+00  -6.690066e-01  2.588842e+00  
   4.7274299  -1.403568e+00  2.439038e+00  -1.403847e+00  2.438936e+00  -7.206083e-01  2.505033e+00  
   4.7484298  -1.437786e+00  2.302865e+00  -1.438022e+00  2.302758e+00  -7.652276e-01  2.417944e+00  
   4.7694302  -1.458238e+00  2.171225e+00  -1.458432e+00  2.171116e+00  -8.008929e-01  2.332870e+00  
   4.7904301  -1.466354e+00  2.045941e+00  -1.466510e+00  2.045832e+00  -8.285082e-01  2.250709e+00  
   4.8114300  -1.463775e+00  1.928421e+00  -1.463895e+00  1.928312e+00  -8.489910e-01  2.172153e+00  
   4.8324299  -1.452242e+00  1.819657e+00  -1.452329e+00  1.819550e+00  -8.632411e-01  2.097719e+00  
   4.8524299  -1.434532e+00  1.724752e+00  -1.434592e+00  1.724647e+00  -8.718047e-01  2.030982e+00  
   4.8734298  -1.410481e+00  1.634429e+00  -1.410515e+00  1.634326e+00  -8.763127e-01  1.965467e+00  
   4.8944302  -1.382358e+00  1.553575e+00  -1.382368e+00  1.553473e+00  -8.769600e-01  1.904710e+00  
   4.9154301  -1.351527e+00  1.481856e+00  -1.351516e+00  1.481756e+00  -8.744228e-01  1.848695e+00  
   4.9364300  -1.319151e+00  1.418747e+00  -1.319122e+00  1.418649e+00  -8.693073e-01  1.797320e+00  
   4.9574299  -1.286188e+00  1.363602e+00  -1.286142e+00  1.363504e+00  -8.621495e-01  1.750414e+00  
   4.9774299  -1.254947e+00  1.317829e+00  -1.254886e+00  1.317731e+00  -8.538629e-01  1.709697e+00  
   4.9984298  -1.222864e+00  1.276135e+00  -1.222788e+00  1.276037e+00  -8.440070e-01  1.670849e+00  
