w Re-xx Im-xx Re-yy Im-yy Re-zz Im-zz
# Gaussian absolute broadening  0.15 [eV]
   0.0000000  7.678335e-01  8.817228e-05  7.678374e-01  8.817250e-05  7.276349e-01  7.974671e-05  
   0.0200000  7.679331e-01  9.436641e-05  7.679371e-01  9.436670e-05  7.277252e-01  8.534682e-05  
   0.0410000  7.680519e-01  1.014249e-04  7.680557e-01  1.014253e-04  7.278323e-01  9.172808e-05  
   0.0620000  7.681869e-01  1.090876e-04  7.681906e-01  1.090881e-04  7.279546e-01  9.865547e-05  
   0.0830000  7.683401e-01  1.173884e-04  7.683440e-01  1.173891e-04  7.280933e-01  1.061594e-04  
   0.1040000  7.685141e-01  1.263567e-04  7.685179e-01  1.263575e-04  7.282507e-01  1.142664e-04  
   0.1240000  7.687005e-01  1.355397e-04  7.687045e-01  1.355407e-04  7.284191e-01  1.225671e-04  
   0.1450000  7.689207e-01  1.458708e-04  7.689245e-01  1.458721e-04  7.286184e-01  1.319052e-04  
   0.1660000  7.691678e-01  1.569141e-04  7.691717e-01  1.569158e-04  7.288418e-01  1.418865e-04  
   0.1870000  7.694440e-01  1.686661e-04  7.694480e-01  1.686681e-04  7.290915e-01  1.525075e-04  
   0.2080000  7.697516e-01  1.811122e-04  7.697554e-01  1.811147e-04  7.293695e-01  1.637553e-04  
   0.2290000  7.700918e-01  1.942273e-04  7.700957e-01  1.942303e-04  7.296773e-01  1.756066e-04  
   0.2490000  7.704481e-01  2.073076e-04  7.704519e-01  2.073112e-04  7.299992e-01  1.874256e-04  
   0.2700000  7.708571e-01  2.216193e-04  7.708610e-01  2.216235e-04  7.303690e-01  2.003560e-04  
   0.2910000  7.713026e-01  2.364733e-04  7.713067e-01  2.364782e-04  7.307720e-01  2.137749e-04  
   0.3120000  7.717860e-01  2.518161e-04  7.717901e-01  2.518218e-04  7.312090e-01  2.276336e-04  
   0.3330000  7.723073e-01  2.675925e-04  7.723114e-01  2.675990e-04  7.316800e-01  2.418823e-04  
   0.3540000  7.728671e-01  2.837493e-04  7.728712e-01  2.837566e-04  7.321862e-01  2.564724e-04  
   0.3740000  7.734360e-01  2.994450e-04  7.734399e-01  2.994531e-04  7.327002e-01  2.706439e-04  
   0.3950000  7.740707e-01  3.162063e-04  7.740747e-01  3.162154e-04  7.332740e-01  2.857752e-04  
   0.4160000  7.747435e-01  3.332182e-04  7.747477e-01  3.332281e-04  7.338821e-01  3.011298e-04  
   0.4374300  7.754704e-01  3.508043e-04  7.754745e-01  3.508154e-04  7.345390e-01  3.170000e-04  
   0.4574300  7.761842e-01  3.674006e-04  7.761886e-01  3.674127e-04  7.351841e-01  3.319738e-04  
   0.4784300  7.769712e-01  3.850003e-04  7.769753e-01  3.850133e-04  7.358947e-01  3.478498e-04  
   0.4994300  7.777960e-01  4.027660e-04  7.778001e-01  4.027802e-04  7.366400e-01  3.638721e-04  
   0.5204300  7.786590e-01  4.206906e-04  7.786633e-01  4.207059e-04  7.374197e-01  3.800338e-04  
   0.5414300  7.795603e-01  4.387707e-04  7.795645e-01  4.387870e-04  7.382340e-01  3.963318e-04  
   0.5614300  7.804544e-01  4.561337e-04  7.804586e-01  4.561513e-04  7.390419e-01  4.119800e-04  
   0.5824300  7.814314e-01  4.745188e-04  7.814358e-01  4.745375e-04  7.399239e-01  4.285447e-04  
   0.6034300  7.824468e-01  4.930639e-04  7.824513e-01  4.930837e-04  7.408412e-01  4.452494e-04  
   0.6244300  7.835020e-01  5.117751e-04  7.835066e-01  5.117962e-04  7.417940e-01  4.620986e-04  
   0.6454300  7.845966e-01  5.306574e-04  7.846013e-01  5.306795e-04  7.427824e-01  4.790972e-04  
   0.6664300  7.857314e-01  5.497171e-04  7.857360e-01  5.497402e-04  7.438068e-01  4.962501e-04  
   0.6864300  7.868491e-01  5.680398e-04  7.868538e-01  5.680639e-04  7.448156e-01  5.127349e-04  
   0.7074300  7.880626e-01  5.874651e-04  7.880672e-01  5.874902e-04  7.459111e-01  5.302060e-04  
   0.7284300  7.893169e-01  6.070880e-04  7.893216e-01  6.071139e-04  7.470429e-01  5.478490e-04  
   0.7494300  7.906131e-01  6.269166e-04  7.906179e-01  6.269433e-04  7.482126e-01  5.656707e-04  
   0.7704300  7.919505e-01  6.469578e-04  7.919555e-01  6.469853e-04  7.494195e-01  5.836773e-04  
   0.7914300  7.933309e-01  6.672205e-04  7.933357e-01  6.672484e-04  7.506646e-01  6.018759e-04  
   0.8114300  7.946845e-01  6.867307e-04  7.946893e-01  6.867593e-04  7.518856e-01  6.193926e-04  
   0.8324300  7.961484e-01  7.074490e-04  7.961535e-01  7.074779e-04  7.532058e-01  6.379869e-04  
   0.8540300  7.976997e-01  7.290167e-04  7.977049e-01  7.290459e-04  7.546049e-01  6.573359e-04  
   0.8740300  7.991778e-01  7.492274e-04  7.991830e-01  7.492570e-04  7.559374e-01  6.754610e-04  
   0.8950300  8.007736e-01  7.707087e-04  8.007789e-01  7.707384e-04  7.573761e-01  6.947174e-04  
   0.9160300  8.024147e-01  7.924652e-04  8.024201e-01  7.924948e-04  7.588553e-01  7.142126e-04  
   0.9370300  8.041017e-01  8.145074e-04  8.041070e-01  8.145372e-04  7.603754e-01  7.339561e-04  
   0.9580300  8.058350e-01  8.368460e-04  8.058407e-01  8.368758e-04  7.619374e-01  7.539568e-04  
   0.9780300  8.075304e-01  8.584074e-04  8.075359e-01  8.584372e-04  7.634645e-01  7.732533e-04  
   0.9990300  8.093568e-01  8.813574e-04  8.093625e-01  8.813875e-04  7.651099e-01  7.937842e-04  
   1.0200300  8.112322e-01  9.046372e-04  8.112378e-01  9.046677e-04  7.667986e-01  8.146013e-04  
   1.0410300  8.131567e-01  9.282589e-04  8.131624e-01  9.282903e-04  7.685315e-01  8.357152e-04  
   1.0620300  8.151317e-01  9.522349e-04  8.151375e-01  9.522672e-04  7.703093e-01  8.571359e-04  
   1.0830300  8.171570e-01  9.765769e-04  8.171631e-01  9.766107e-04  7.721324e-01  8.788740e-04  
   1.1030300  8.191338e-01  1.000112e-03  8.191401e-01  1.000147e-03  7.739112e-01  8.998822e-04  
   1.1240300  8.212609e-01  1.025206e-03  8.212670e-01  1.025243e-03  7.758250e-01  9.222719e-04  
   1.1450300  8.234407e-01  1.050704e-03  8.234470e-01  1.050745e-03  7.777858e-01  9.450124e-04  
   1.1660300  8.256747e-01  1.076622e-03  8.256813e-01  1.076666e-03  7.797949e-01  9.681156e-04  
   1.1870300  8.279637e-01  1.102973e-03  8.279700e-01  1.103020e-03  7.818530e-01  9.915942e-04  
   1.2080300  8.303079e-01  1.129774e-03  8.303146e-01  1.129824e-03  7.839603e-01  1.015461e-03  
   1.2280300  8.325933e-01  1.155729e-03  8.326002e-01  1.155783e-03  7.860143e-01  1.038564e-03  
   1.2490300  8.350489e-01  1.183452e-03  8.350559e-01  1.183509e-03  7.882209e-01  1.063227e-03  
   1.2706300  8.376368e-01  1.212487e-03  8.376438e-01  1.212548e-03  7.905453e-01  1.089047e-03  
   1.2906300  8.400885e-01  1.239858e-03  8.400957e-01  1.239922e-03  7.927475e-01  1.113373e-03  
   1.3116300  8.427228e-01  1.269120e-03  8.427298e-01  1.269189e-03  7.951126e-01  1.139367e-03  
   1.3326300  8.454186e-01  1.298938e-03  8.454260e-01  1.299010e-03  7.975323e-01  1.165840e-03  
   1.3536299  8.481777e-01  1.329331e-03  8.481851e-01  1.329406e-03  8.000083e-01  1.192810e-03  
   1.3746300  8.510008e-01  1.360322e-03  8.510088e-01  1.360400e-03  8.025417e-01  1.220295e-03  
   1.3946300  8.537514e-01  1.390413e-03  8.537591e-01  1.390495e-03  8.050085e-01  1.246970e-03  
   1.4156300  8.567047e-01  1.422638e-03  8.567130e-01  1.422722e-03  8.076568e-01  1.275519e-03  
   1.4366300  8.597267e-01  1.455529e-03  8.597348e-01  1.455615e-03  8.103657e-01  1.304644e-03  
   1.4576300  8.628185e-01  1.489113e-03  8.628268e-01  1.489201e-03  8.131368e-01  1.334366e-03  
   1.4786299  8.659821e-01  1.523415e-03  8.659906e-01  1.523505e-03  8.159714e-01  1.364707e-03  
   1.4996300  8.692186e-01  1.558463e-03  8.692271e-01  1.558555e-03  8.188699e-01  1.395693e-03  
   1.5196300  8.723694e-01  1.592561e-03  8.723785e-01  1.592655e-03  8.216916e-01  1.425824e-03  
   1.5406300  8.757528e-01  1.629148e-03  8.757617e-01  1.629244e-03  8.247203e-01  1.458140e-03  
   1.5616300  8.792136e-01  1.666570e-03  8.792229e-01  1.666668e-03  8.278173e-01  1.491178e-03  
   1.5826300  8.827540e-01  1.704859e-03  8.827633e-01  1.704959e-03  8.309845e-01  1.524969e-03  
   1.6036299  8.863755e-01  1.744052e-03  8.863850e-01  1.744154e-03  8.342232e-01  1.559544e-03  
   1.6246300  8.900802e-01  1.784185e-03  8.900900e-01  1.784289e-03  8.375354e-01  1.594942e-03  
   1.6446300  8.936872e-01  1.823320e-03  8.936971e-01  1.823425e-03  8.407589e-01  1.629450e-03  
   1.6656300  8.975595e-01  1.865409e-03  8.975695e-01  1.865516e-03  8.442184e-01  1.666561e-03  
   1.6872300  9.016361e-01  1.909819e-03  9.016465e-01  1.909929e-03  8.478593e-01  1.705719e-03  
   1.7072300  9.054965e-01  1.951995e-03  9.055071e-01  1.952108e-03  8.513061e-01  1.742911e-03  
   1.7282300  9.096422e-01  1.997428e-03  9.096530e-01  1.997544e-03  8.550060e-01  1.782985e-03  
   1.7492300  9.138834e-01  2.044096e-03  9.138948e-01  2.044214e-03  8.587903e-01  1.824160e-03  
   1.7702301  9.182238e-01  2.092062e-03  9.182353e-01  2.092183e-03  8.626614e-01  1.866501e-03  
   1.7912300  9.226663e-01  2.141396e-03  9.226779e-01  2.141520e-03  8.666219e-01  1.910073e-03  
   1.8112299  9.269943e-01  2.189723e-03  9.270065e-01  2.189849e-03  8.704790e-01  1.952784e-03  
   1.8322300  9.316434e-01  2.241950e-03  9.316556e-01  2.242082e-03  8.746209e-01  1.998979e-03  
   1.8532300  9.364030e-01  2.295785e-03  9.364156e-01  2.295919e-03  8.788598e-01  2.046645e-03  
   1.8742300  9.412768e-01  2.351323e-03  9.412896e-01  2.351461e-03  8.831980e-01  2.095879e-03  
   1.8952301  9.462672e-01  2.408665e-03  9.462803e-01  2.408807e-03  8.876390e-01  2.146796e-03  
   1.9162300  9.513782e-01  2.467918e-03  9.513916e-01  2.468065e-03  8.921856e-01  2.199524e-03  
   1.9362299  9.563608e-01  2.526237e-03  9.563743e-01  2.526389e-03  8.966157e-01  2.251566e-03  
   1.9572300  9.617170e-01  2.589580e-03  9.617310e-01  2.589738e-03  9.013775e-01  2.308300e-03  
   1.9782300  9.672049e-01  2.655222e-03  9.672195e-01  2.655385e-03  9.062538e-01  2.367391e-03  
   1.9992300  9.728282e-01  2.723320e-03  9.728429e-01  2.723490e-03  9.112487e-01  2.429095e-03  
   2.0202301  9.785923e-01  2.794051e-03  9.786070e-01  2.794228e-03  9.163663e-01  2.493722e-03  
   2.0412300  9.844999e-01  2.867610e-03  9.845150e-01  2.867795e-03  9.216099e-01  2.561635e-03  
   2.0612299  9.902645e-01  2.940493e-03  9.902799e-01  2.940686e-03  9.267249e-01  2.629762e-03  
   2.0822301  9.964679e-01  3.020227e-03  9.964841e-01  3.020429e-03  9.322273e-01  2.705393e-03  
   2.1038301  1.003015e+00  3.105948e-03  1.003032e+00  3.106160e-03  9.380327e-01  2.788156e-03  
   2.1238301  1.009233e+00  3.188959e-03  1.009250e+00  3.189181e-03  9.435431e-01  2.869885e-03  
   2.1448300  1.015929e+00  3.280215e-03  1.015947e+00  3.280449e-03  9.494758e-01  2.961673e-03  
   2.1658299  1.022803e+00  3.376038e-03  1.022821e+00  3.376284e-03  9.555609e-01  3.060359e-03  
   2.1868300  1.029860e+00  3.476844e-03  1.029879e+00  3.477105e-03  9.618070e-01  3.166810e-03  
   2.2078300  1.037109e+00  3.583084e-03  1.037127e+00  3.583361e-03  9.682174e-01  3.281940e-03  
   2.2278299  1.044196e+00  3.689773e-03  1.044216e+00  3.690064e-03  9.744817e-01  3.400543e-03  
   2.2488301  1.051840e+00  3.808093e-03  1.051860e+00  3.808403e-03  9.812321e-01  3.535438e-03  
   2.2698300  1.059698e+00  3.933429e-03  1.059718e+00  3.933760e-03  9.881649e-01  3.681935e-03  
   2.2908299  1.067778e+00  4.066400e-03  1.067800e+00  4.066750e-03  9.952885e-01  3.841031e-03  
   2.3118300  1.076092e+00  4.207664e-03  1.076114e+00  4.208037e-03  1.002609e+00  4.013692e-03  
   2.3328300  1.084647e+00  4.357908e-03  1.084670e+00  4.358306e-03  1.010132e+00  4.200819e-03  
   2.3528299  1.093030e+00  4.510029e-03  1.093053e+00  4.510451e-03  1.017494e+00  4.393244e-03  
   2.3738301  1.102088e+00  4.679986e-03  1.102111e+00  4.680434e-03  1.025437e+00  4.610926e-03  
   2.3948300  1.111421e+00  4.861231e-03  1.111445e+00  4.861707e-03  1.033609e+00  4.845253e-03  
   2.4158299  1.121041e+00  5.054642e-03  1.121066e+00  5.055146e-03  1.042017e+00  5.096783e-03  
   2.4368300  1.130962e+00  5.261150e-03  1.130988e+00  5.261683e-03  1.050672e+00  5.365994e-03  
   2.4578300  1.141198e+00  5.481751e-03  1.141225e+00  5.482315e-03  1.059586e+00  5.653309e-03  
   2.4778299  1.151254e+00  5.705938e-03  1.151282e+00  5.706534e-03  1.068326e+00  5.944150e-03  
   2.4988301  1.162153e+00  5.957263e-03  1.162182e+00  5.957890e-03  1.077778e+00  6.268042e-03  
   2.5204301  1.173747e+00  6.234142e-03  1.173777e+00  6.234803e-03  1.087811e+00  6.621552e-03  
   2.5404301  1.184848e+00  6.508489e-03  1.184879e+00  6.509185e-03  1.097397e+00  6.967968e-03  
   2.5614300  1.196904e+00  6.816779e-03  1.196936e+00  6.817512e-03  1.107784e+00  7.352422e-03  
   2.5824299  1.209394e+00  7.147702e-03  1.209427e+00  7.148474e-03  1.118520e+00  7.759396e-03  
   2.6034300  1.222348e+00  7.503591e-03  1.222382e+00  7.504408e-03  1.129628e+00  8.190641e-03  
   2.6244299  1.235794e+00  7.887288e-03  1.235830e+00  7.888147e-03  1.141128e+00  8.648422e-03  
   2.6444299  1.249090e+00  8.281838e-03  1.249127e+00  8.282751e-03  1.152471e+00  9.111757e-03  
   2.6654301  1.263602e+00  8.731101e-03  1.263641e+00  8.732069e-03  1.164816e+00  9.630558e-03  
   2.6864300  1.278720e+00  9.222102e-03  1.278760e+00  9.223135e-03  1.177639e+00  1.018709e-02  
   2.7074299  1.294494e+00  9.762860e-03  1.294535e+00  9.763966e-03  1.190974e+00  1.078736e-02  
   2.7284300  1.310977e+00  1.036423e-02  1.311021e+00  1.036542e-02  1.204859e+00  1.143907e-02  
   2.7494299  1.328232e+00  1.104101e-02  1.328277e+00  1.104231e-02  1.219338e+00  1.215209e-02  
   2.7694299  1.345446e+00  1.177417e-02  1.345493e+00  1.177559e-02  1.233724e+00  1.289982e-02  
   2.7904301  1.364416e+00  1.266349e-02  1.364465e+00  1.266507e-02  1.249506e+00  1.377296e-02  
   2.8114300  1.384391e+00  1.371200e-02  1.384443e+00  1.371379e-02  1.266040e+00  1.475739e-02  
   2.8324299  1.405469e+00  1.497003e-02  1.405524e+00  1.497209e-02  1.283395e+00  1.588106e-02  
   2.8534300  1.427759e+00  1.650486e-02  1.427817e+00  1.650729e-02  1.301642e+00  1.718038e-02  
   2.8744299  1.451378e+00  1.840522e-02  1.451439e+00  1.840813e-02  1.320866e+00  1.870246e-02  
   2.8944299  1.475222e+00  2.066006e-02  1.475285e+00  2.066358e-02  1.340161e+00  2.041455e-02  
   2.9154301  1.501796e+00  2.363549e-02  1.501864e+00  2.363985e-02  1.361551e+00  2.256201e-02  
   2.9370301  1.530903e+00  2.753555e-02  1.530975e+00  2.754107e-02  1.384865e+00  2.524585e-02  
   2.9570301  1.559565e+00  3.211630e-02  1.559642e+00  3.212319e-02  1.407736e+00  2.827472e-02  
   2.9780300  1.591521e+00  3.819079e-02  1.591602e+00  3.819952e-02  1.433181e+00  3.216426e-02  
   2.9990301  1.625445e+00  4.587179e-02  1.625531e+00  4.588284e-02  1.460190e+00  3.696183e-02  
   3.0200300  1.661352e+00  5.551928e-02  1.661444e+00  5.553319e-02  1.488851e+00  4.288880e-02  
   3.0410299  1.699198e+00  6.753297e-02  1.699296e+00  6.755037e-02  1.519233e+00  5.020726e-02  
   3.0610299  1.736937e+00  8.156665e-02  1.737040e+00  8.158798e-02  1.549804e+00  5.874875e-02  
   3.0820301  1.778140e+00  9.944927e-02  1.778249e+00  9.947542e-02  1.583618e+00  6.969804e-02  
   3.1030300  1.820657e+00  1.209861e-01  1.820771e+00  1.210178e-01  1.619129e+00  8.305053e-02  
   3.1240301  1.864081e+00  1.465863e-01  1.864201e+00  1.466241e-01  1.656211e+00  9.921531e-02  
   3.1450300  1.907897e+00  1.766008e-01  1.908020e+00  1.766455e-01  1.694648e+00  1.186160e-01  
   3.1660299  1.951494e+00  2.112967e-01  1.951621e+00  2.113485e-01  1.734135e+00  1.416745e-01  
   3.1860299  1.992187e+00  2.488353e-01  1.992316e+00  2.488944e-01  1.772338e+00  1.673984e-01  
   3.2070301  2.033334e+00  2.929919e-01  2.033464e+00  2.930585e-01  1.812582e+00  1.986918e-01  
   3.2280300  2.072117e+00  3.418781e-01  2.072246e+00  3.419524e-01  1.852344e+00  2.346329e-01  
   3.2490301  2.107798e+00  3.952094e-01  2.107924e+00  3.952907e-01  1.890914e+00  2.753770e-01  
   3.2700300  2.139692e+00  4.525421e-01  2.139814e+00  4.526300e-01  1.927509e+00  3.209386e-01  
   3.2910299  2.167215e+00  5.132924e-01  2.167331e+00  5.133864e-01  1.961303e+00  3.711720e-01  
   3.3110299  2.188945e+00  5.736883e-01  2.189053e+00  5.737872e-01  1.990131e+00  4.230621e-01  
   3.3320301  2.206766e+00  6.390208e-01  2.206865e+00  6.391239e-01  2.016121e+00  4.813172e-01  
   3.3536301  2.219627e+00  7.074203e-01  2.219715e+00  7.075271e-01  2.037563e+00  5.445669e-01  
   3.3736300  2.226630e+00  7.710778e-01  2.226707e+00  7.711867e-01  2.052107e+00  6.053696e-01  
   3.3946300  2.229111e+00  8.375147e-01  2.229176e+00  8.376254e-01  2.061515e+00  6.706129e-01  
   3.4156301  2.226950e+00  9.028779e-01  2.227002e+00  9.029900e-01  2.064747e+00  7.362890e-01  
   3.4366300  2.220609e+00  9.666138e-01  2.220649e+00  9.667269e-01  2.061863e+00  8.013560e-01  
   3.4576299  2.210628e+00  1.028311e+00  2.210656e+00  1.028426e+00  2.053160e+00  8.648081e-01  
   3.4776299  2.198257e+00  1.084933e+00  2.198273e+00  1.085048e+00  2.039939e+00  9.229006e-01  
   3.4986300  2.182793e+00  1.142020e+00  2.182797e+00  1.142135e+00  2.021564e+00  9.806978e-01  
   3.5196300  2.165298e+00  1.196675e+00  2.165292e+00  1.196792e+00  1.999439e+00  1.034634e+00  
   3.5406301  2.146215e+00  1.248991e+00  2.146200e+00  1.249109e+00  1.974529e+00  1.084335e+00  
   3.5616300  2.125895e+00  1.299115e+00  2.125872e+00  1.299235e+00  1.947831e+00  1.129644e+00  
   3.5826299  2.104601e+00  1.347226e+00  2.104571e+00  1.347348e+00  1.920312e+00  1.170636e+00  
   3.6026299  2.083578e+00  1.391329e+00  2.083541e+00  1.391452e+00  1.894142e+00  1.205911e+00  
   3.6236300  2.060833e+00  1.435966e+00  2.060791e+00  1.436090e+00  1.867405e+00  1.239412e+00  
   3.6446300  2.037477e+00  1.478976e+00  2.037431e+00  1.479100e+00  1.841976e+00  1.269827e+00  
   3.6656301  2.013573e+00  1.520387e+00  2.013524e+00  1.520511e+00  1.818214e+00  1.297762e+00  
   3.6866300  1.989207e+00  1.560172e+00  1.989155e+00  1.560296e+00  1.796283e+00  1.323828e+00  
   3.7076299  1.964506e+00  1.598269e+00  1.964454e+00  1.598391e+00  1.776175e+00  1.348585e+00  
   3.7276299  1.940848e+00  1.632904e+00  1.940797e+00  1.633025e+00  1.758588e+00  1.371376e+00  
   3.7486300  1.916123e+00  1.667477e+00  1.916074e+00  1.667596e+00  1.741544e+00  1.394822e+00  
   3.7702301  1.891163e+00  1.701092e+00  1.891116e+00  1.701209e+00  1.725263e+00  1.418656e+00  
   3.7902300  1.868852e+00  1.730498e+00  1.868808e+00  1.730615e+00  1.711091e+00  1.440570e+00  
   3.8112299  1.846679e+00  1.759738e+00  1.846640e+00  1.759856e+00  1.696976e+00  1.463434e+00  
   3.8322301  1.826236e+00  1.787563e+00  1.826202e+00  1.787682e+00  1.683566e+00  1.486099e+00  
   3.8532300  1.807952e+00  1.814366e+00  1.807926e+00  1.814487e+00  1.670898e+00  1.508500e+00  
   3.8742299  1.792206e+00  1.840682e+00  1.792187e+00  1.840810e+00  1.659126e+00  1.530597e+00  
   3.8942299  1.779825e+00  1.865896e+00  1.779813e+00  1.866031e+00  1.648976e+00  1.551385e+00  
   3.9152300  1.769719e+00  1.893267e+00  1.769716e+00  1.893411e+00  1.639740e+00  1.573069e+00  
   3.9362299  1.762575e+00  1.922402e+00  1.762581e+00  1.922558e+00  1.632310e+00  1.594859e+00  
   3.9572301  1.758208e+00  1.954210e+00  1.758223e+00  1.954380e+00  1.627024e+00  1.617153e+00  
   3.9782300  1.756230e+00  1.989613e+00  1.756253e+00  1.989799e+00  1.624161e+00  1.640489e+00  
   3.9992299  1.756040e+00  2.029498e+00  1.756073e+00  2.029702e+00  1.623893e+00  1.665530e+00  
   4.0192299  1.756789e+00  2.072391e+00  1.756828e+00  2.072614e+00  1.626076e+00  1.691670e+00  
   4.0402298  1.757590e+00  2.123235e+00  1.757636e+00  2.123478e+00  1.630775e+00  1.722333e+00  
   4.0612302  1.757255e+00  2.180529e+00  1.757308e+00  2.180791e+00  1.637585e+00  1.757154e+00  
   4.0822301  1.754481e+00  2.244567e+00  1.754537e+00  2.244850e+00  1.645910e+00  1.796999e+00  
   4.1032300  1.747865e+00  2.315406e+00  1.747922e+00  2.315707e+00  1.654920e+00  1.842672e+00  
   4.1242299  1.735962e+00  2.392835e+00  1.736018e+00  2.393155e+00  1.663544e+00  1.894865e+00  
   4.1442299  1.718394e+00  2.472268e+00  1.718446e+00  2.472601e+00  1.670218e+00  1.951111e+00  
   4.1652298  1.692087e+00  2.560936e+00  1.692133e+00  2.561281e+00  1.674182e+00  2.017320e+00  
   4.1868300  1.655324e+00  2.656736e+00  1.655360e+00  2.657088e+00  1.673314e+00  2.093085e+00  
   4.2068300  1.611485e+00  2.748459e+00  1.611509e+00  2.748814e+00  1.666417e+00  2.169882e+00  
   4.2278299  1.554449e+00  2.846529e+00  1.554456e+00  2.846883e+00  1.651168e+00  2.256755e+00  
   4.2488298  1.485489e+00  2.944875e+00  1.485478e+00  2.945222e+00  1.626052e+00  2.348993e+00  
   4.2698302  1.404200e+00  3.041830e+00  1.404167e+00  3.042164e+00  1.589533e+00  2.445181e+00  
   4.2908301  1.310444e+00  3.135648e+00  1.310387e+00  3.135964e+00  1.540323e+00  2.543535e+00  
   4.3108301  1.209680e+00  3.220462e+00  1.209599e+00  3.220757e+00  1.480796e+00  2.637316e+00  
   4.3318300  1.092211e+00  3.303044e+00  1.092104e+00  3.303313e+00  1.404497e+00  2.733668e+00  
   4.3528299  9.634384e-01  3.377279e+00  9.633039e-01  3.377519e+00  1.314035e+00  2.825422e+00  
   4.3738298  8.242764e-01  3.441492e+00  8.241145e-01  3.441698e+00  1.209904e+00  2.910082e+00  
   4.3948302  6.758837e-01  3.494097e+00  6.756953e-01  3.494267e+00  1.093140e+00  2.985239e+00  
   4.4158301  5.196705e-01  3.533636e+00  5.194566e-01  3.533769e+00  9.653027e-01  3.048702e+00  
   4.4358301  3.651114e-01  3.557968e+00  3.648753e-01  3.558065e+00  8.350932e-01  3.096566e+00  
   4.4568300  1.985172e-01  3.568483e+00  1.982607e-01  3.568542e+00  6.917732e-01  3.132246e+00  
   4.4778299  2.950325e-02  3.562778e+00  2.922963e-02  3.562798e+00  5.442788e-01  3.152074e+00  
   4.4988298  -1.397490e-01  3.540310e+00  -1.400356e-01  3.540294e+00  3.953649e-01  3.155667e+00  
   4.5198302  -3.069460e-01  3.500885e+00  -3.072412e-01  3.500833e+00  2.477749e-01  3.143196e+00  
   4.5408301  -4.697234e-01  3.444692e+00  -4.700225e-01  3.444607e+00  1.041225e-01  3.115364e+00  
   4.5608301  -6.184954e-01  3.376133e+00  -6.187939e-01  3.376019e+00  -2.687650e-02  3.075648e+00  
   4.5818300  -7.659641e-01  3.289334e+00  -7.662573e-01  3.289192e+00  -1.563875e-01  3.021564e+00  
   4.6034298  -9.061384e-01  3.185724e+00  -9.064217e-01  3.185558e+00  -2.793451e-01  2.954610e+00  
   4.6234298  -1.023813e+00  3.078551e+00  -1.024083e+00  3.078366e+00  -3.828299e-01  2.884263e+00  
   4.6444302  -1.133395e+00  2.956496e+00  -1.133649e+00  2.956296e+00  -4.800600e-01  2.803776e+00  
   4.6654301  -1.227612e+00  2.827085e+00  -1.227846e+00  2.826873e+00  -5.652776e-01  2.718535e+00  
   4.6864300  -1.305870e+00  2.692902e+00  -1.306082e+00  2.692685e+00  -6.385520e-01  2.630489e+00  
   4.7074299  -1.368071e+00  2.556584e+00  -1.368260e+00  2.556365e+00  -7.002685e-01  2.541415e+00  
   4.7274299  -1.412731e+00  2.427109e+00  -1.412898e+00  2.426891e+00  -7.488804e-01  2.457054e+00  
   4.7484298  -1.445108e+00  2.293802e+00  -1.445251e+00  2.293591e+00  -7.900321e-01  2.370240e+00  
   4.7694302  -1.463795e+00  2.165252e+00  -1.463914e+00  2.165052e+00  -8.219733e-01  2.286285e+00  
   4.7904301  -1.470276e+00  2.043193e+00  -1.470372e+00  2.043005e+00  -8.457005e-01  2.206024e+00  
   4.8114300  -1.466226e+00  1.928946e+00  -1.466300e+00  1.928774e+00  -8.622304e-01  2.130056e+00  
   4.8324299  -1.453406e+00  1.823427e+00  -1.453457e+00  1.823272e+00  -8.725584e-01  2.058779e+00  
   4.8524299  -1.434646e+00  1.731524e+00  -1.434678e+00  1.731386e+00  -8.774956e-01  1.995459e+00  
   4.8734298  -1.409675e+00  1.644212e+00  -1.409686e+00  1.644094e+00  -8.783804e-01  1.933835e+00  
   4.8944302  -1.380800e+00  1.566184e+00  -1.380792e+00  1.566086e+00  -8.756508e-01  1.877149e+00  
   4.9154301  -1.349367e+00  1.497082e+00  -1.349340e+00  1.497004e+00  -8.700224e-01  1.825262e+00  
   4.9364300  -1.316516e+00  1.436366e+00  -1.316470e+00  1.436309e+00  -8.621243e-01  1.777966e+00  
   4.9574299  -1.283179e+00  1.383386e+00  -1.283116e+00  1.383349e+00  -8.524994e-01  1.735000e+00  
   4.9774299  -1.251656e+00  1.339467e+00  -1.251576e+00  1.339448e+00  -8.421506e-01  1.697842e+00  
   4.9984298  -1.219334e+00  1.299512e+00  -1.219237e+00  1.299512e+00  -8.304155e-01  1.662477e+00  
