w Re-xx Im-xx Re-yy Im-yy Re-zz Im-zz
# Gaussian absolute broadening  0.15 [eV]
   0.0000000  7.685434e-01  8.840897e-05  7.685504e-01  8.841151e-05  7.246760e-01  7.885064e-05  
   0.0200000  7.686434e-01  9.462047e-05  7.686505e-01  9.462357e-05  7.247650e-01  8.438712e-05  
   0.0410000  7.687623e-01  1.016986e-04  7.687695e-01  1.017025e-04  7.248708e-01  9.069595e-05  
   0.0620000  7.688979e-01  1.093828e-04  7.689049e-01  1.093875e-04  7.249917e-01  9.754462e-05  
   0.0830000  7.690516e-01  1.177068e-04  7.690585e-01  1.177125e-04  7.251288e-01  1.049633e-04  
   0.1040000  7.692261e-01  1.267001e-04  7.692328e-01  1.267069e-04  7.252843e-01  1.129780e-04  
   0.1240000  7.694128e-01  1.359086e-04  7.694200e-01  1.359167e-04  7.254511e-01  1.211841e-04  
   0.1450000  7.696337e-01  1.462685e-04  7.696407e-01  1.462781e-04  7.256480e-01  1.304157e-04  
   0.1660000  7.698815e-01  1.573426e-04  7.698886e-01  1.573537e-04  7.258689e-01  1.402829e-04  
   0.1870000  7.701586e-01  1.691272e-04  7.701657e-01  1.691402e-04  7.261159e-01  1.507824e-04  
   0.2080000  7.704669e-01  1.816080e-04  7.704740e-01  1.816228e-04  7.263908e-01  1.619011e-04  
   0.2290000  7.708080e-01  1.947597e-04  7.708152e-01  1.947764e-04  7.266949e-01  1.736162e-04  
   0.2490000  7.711653e-01  2.078766e-04  7.711725e-01  2.078952e-04  7.270132e-01  1.852988e-04  
   0.2700000  7.715753e-01  2.222284e-04  7.715825e-01  2.222489e-04  7.273788e-01  1.980798e-04  
   0.2910000  7.720222e-01  2.371243e-04  7.720295e-01  2.371466e-04  7.277771e-01  2.113431e-04  
   0.3120000  7.725070e-01  2.525104e-04  7.725143e-01  2.525344e-04  7.282092e-01  2.250408e-04  
   0.3330000  7.730298e-01  2.683318e-04  7.730372e-01  2.683573e-04  7.286751e-01  2.391232e-04  
   0.3540000  7.735911e-01  2.845349e-04  7.735984e-01  2.845617e-04  7.291753e-01  2.535426e-04  
   0.3740000  7.741616e-01  3.002759e-04  7.741690e-01  3.003036e-04  7.296835e-01  2.675476e-04  
   0.3950000  7.747982e-01  3.170858e-04  7.748054e-01  3.171143e-04  7.302505e-01  2.825003e-04  
   0.4160000  7.754731e-01  3.341473e-04  7.754804e-01  3.341763e-04  7.308518e-01  2.976729e-04  
   0.4374300  7.762020e-01  3.517855e-04  7.762092e-01  3.518148e-04  7.315011e-01  3.133541e-04  
   0.4574300  7.769178e-01  3.684308e-04  7.769251e-01  3.684604e-04  7.321387e-01  3.281487e-04  
   0.4784300  7.777064e-01  3.860831e-04  7.777140e-01  3.861128e-04  7.328413e-01  3.438338e-04  
   0.4994300  7.785339e-01  4.039020e-04  7.785414e-01  4.039319e-04  7.335778e-01  3.596619e-04  
   0.5204300  7.793993e-01  4.218804e-04  7.794069e-01  4.219105e-04  7.343486e-01  3.756268e-04  
   0.5414300  7.803032e-01  4.400149e-04  7.803107e-01  4.400455e-04  7.351530e-01  3.917250e-04  
   0.5614300  7.811999e-01  4.574305e-04  7.812075e-01  4.574617e-04  7.359514e-01  4.071800e-04  
   0.5824300  7.821796e-01  4.758711e-04  7.821873e-01  4.759030e-04  7.368235e-01  4.235387e-04  
   0.6034300  7.831980e-01  4.944724e-04  7.832057e-01  4.945056e-04  7.377299e-01  4.400340e-04  
   0.6244300  7.842562e-01  5.132400e-04  7.842639e-01  5.132745e-04  7.386715e-01  4.566704e-04  
   0.6454300  7.853543e-01  5.321792e-04  7.853619e-01  5.322151e-04  7.396483e-01  4.734523e-04  
   0.6664300  7.864922e-01  5.512965e-04  7.864999e-01  5.513339e-04  7.406605e-01  4.903850e-04  
   0.6864300  7.876130e-01  5.696744e-04  7.876208e-01  5.697137e-04  7.416577e-01  5.066562e-04  
   0.7074300  7.888300e-01  5.891585e-04  7.888379e-01  5.891995e-04  7.427397e-01  5.238991e-04  
   0.7284300  7.900881e-01  6.088410e-04  7.900961e-01  6.088836e-04  7.438584e-01  5.413098e-04  
   0.7494300  7.913880e-01  6.287298e-04  7.913959e-01  6.287739e-04  7.450141e-01  5.588948e-04  
   0.7704300  7.927294e-01  6.488322e-04  7.927377e-01  6.488775e-04  7.462065e-01  5.766604e-04  
   0.7914300  7.941135e-01  6.691569e-04  7.941217e-01  6.692034e-04  7.474365e-01  5.946130e-04  
   0.8114300  7.954713e-01  6.887272e-04  7.954794e-01  6.887742e-04  7.486427e-01  6.118912e-04  
   0.8324300  7.969390e-01  7.095092e-04  7.969476e-01  7.095570e-04  7.499468e-01  6.302301e-04  
   0.8540300  7.984952e-01  7.311440e-04  7.985035e-01  7.311921e-04  7.513287e-01  6.493111e-04  
   0.8740300  7.999775e-01  7.514186e-04  7.999861e-01  7.514668e-04  7.526451e-01  6.671831e-04  
   0.8950300  8.015780e-01  7.729674e-04  8.015867e-01  7.730157e-04  7.540662e-01  6.861679e-04  
   0.9160300  8.032239e-01  7.947930e-04  8.032325e-01  7.948411e-04  7.555270e-01  7.053858e-04  
   0.9370300  8.049160e-01  8.169060e-04  8.049247e-01  8.169538e-04  7.570287e-01  7.248459e-04  
   0.9580300  8.066548e-01  8.393169e-04  8.066635e-01  8.393647e-04  7.585711e-01  7.445564e-04  
   0.9780300  8.083550e-01  8.609482e-04  8.083639e-01  8.609958e-04  7.600793e-01  7.635705e-04  
   0.9990300  8.101870e-01  8.839731e-04  8.101958e-01  8.840212e-04  7.617039e-01  7.837979e-04  
   1.0200300  8.120676e-01  9.073302e-04  8.120767e-01  9.073784e-04  7.633713e-01  8.043043e-04  
   1.0410300  8.139980e-01  9.310304e-04  8.140072e-01  9.310792e-04  7.650824e-01  8.250989e-04  
   1.0620300  8.159788e-01  9.550867e-04  8.159881e-01  9.551362e-04  7.668374e-01  8.461926e-04  
   1.0830300  8.180104e-01  9.795112e-04  8.180199e-01  9.795617e-04  7.686372e-01  8.675946e-04  
   1.1030300  8.199934e-01  1.003126e-03  8.200028e-01  1.003177e-03  7.703934e-01  8.882747e-04  
   1.1240300  8.221270e-01  1.028306e-03  8.221364e-01  1.028359e-03  7.722822e-01  9.103105e-04  
   1.1450300  8.243134e-01  1.053893e-03  8.243230e-01  1.053948e-03  7.742176e-01  9.326871e-04  
   1.1660300  8.265541e-01  1.079901e-03  8.265639e-01  1.079958e-03  7.762003e-01  9.554158e-04  
   1.1870300  8.288501e-01  1.106344e-03  8.288599e-01  1.106403e-03  7.782311e-01  9.785088e-04  
   1.2080300  8.312017e-01  1.133238e-03  8.312117e-01  1.133299e-03  7.803109e-01  1.001979e-03  
   1.2280300  8.334939e-01  1.159285e-03  8.335041e-01  1.159348e-03  7.823375e-01  1.024693e-03  
   1.2490300  8.359573e-01  1.187106e-03  8.359676e-01  1.187171e-03  7.845146e-01  1.048936e-03  
   1.2706300  8.385530e-01  1.216245e-03  8.385634e-01  1.216312e-03  7.868075e-01  1.074308e-03  
   1.2906300  8.410125e-01  1.243714e-03  8.410231e-01  1.243782e-03  7.889796e-01  1.098207e-03  
   1.3116300  8.436548e-01  1.273081e-03  8.436658e-01  1.273152e-03  7.913126e-01  1.123739e-03  
   1.3326300  8.463591e-01  1.303005e-03  8.463699e-01  1.303078e-03  7.936993e-01  1.149734e-03  
   1.3536299  8.491267e-01  1.333508e-03  8.491376e-01  1.333582e-03  7.961408e-01  1.176209e-03  
   1.3746300  8.519592e-01  1.364611e-03  8.519702e-01  1.364687e-03  7.986387e-01  1.203183e-03  
   1.3946300  8.547184e-01  1.394811e-03  8.547295e-01  1.394888e-03  8.010711e-01  1.229353e-03  
   1.4156300  8.576810e-01  1.427152e-03  8.576922e-01  1.427231e-03  8.036817e-01  1.257353e-03  
   1.4366300  8.607127e-01  1.460161e-03  8.607239e-01  1.460242e-03  8.063519e-01  1.285908e-03  
   1.4576300  8.638143e-01  1.493865e-03  8.638260e-01  1.493949e-03  8.090832e-01  1.315037e-03  
   1.4786299  8.669879e-01  1.528290e-03  8.669996e-01  1.528376e-03  8.118762e-01  1.344763e-03  
   1.4996300  8.702348e-01  1.563463e-03  8.702468e-01  1.563551e-03  8.147326e-01  1.375107e-03  
   1.5196300  8.733958e-01  1.597681e-03  8.734081e-01  1.597772e-03  8.175122e-01  1.404601e-03  
   1.5406300  8.767900e-01  1.634396e-03  8.768025e-01  1.634490e-03  8.204956e-01  1.436217e-03  
   1.5616300  8.802622e-01  1.671946e-03  8.802746e-01  1.672043e-03  8.235461e-01  1.468521e-03  
   1.5826300  8.838137e-01  1.710362e-03  8.838266e-01  1.710463e-03  8.266649e-01  1.501538e-03  
   1.6036299  8.874471e-01  1.749679e-03  8.874602e-01  1.749785e-03  8.298539e-01  1.535297e-03  
   1.6246300  8.911639e-01  1.789933e-03  8.911772e-01  1.790043e-03  8.331145e-01  1.569825e-03  
   1.6446300  8.947830e-01  1.829174e-03  8.947963e-01  1.829288e-03  8.362873e-01  1.603451e-03  
   1.6656300  8.986676e-01  1.871367e-03  8.986810e-01  1.871484e-03  8.396921e-01  1.639569e-03  
   1.6872300  9.027575e-01  1.915866e-03  9.027713e-01  1.915987e-03  8.432742e-01  1.677622e-03  
   1.7072300  9.066306e-01  1.958105e-03  9.066447e-01  1.958231e-03  8.466649e-01  1.713704e-03  
   1.7282300  9.107897e-01  2.003575e-03  9.108039e-01  2.003706e-03  8.503037e-01  1.752505e-03  
   1.7492300  9.150447e-01  2.050240e-03  9.150594e-01  2.050376e-03  8.540248e-01  1.792282e-03  
   1.7702301  9.193993e-01  2.098154e-03  9.194144e-01  2.098294e-03  8.578305e-01  1.833079e-03  
   1.7912300  9.238565e-01  2.147373e-03  9.238715e-01  2.147517e-03  8.617228e-01  1.874940e-03  
   1.8112299  9.281985e-01  2.195518e-03  9.282138e-01  2.195667e-03  8.655126e-01  1.915842e-03  
   1.8322300  9.328625e-01  2.247463e-03  9.328783e-01  2.247616e-03  8.695816e-01  1.959922e-03  
   1.8532300  9.376376e-01  2.300904e-03  9.376536e-01  2.301061e-03  8.737444e-01  2.005218e-03  
   1.8742300  9.425268e-01  2.355912e-03  9.425431e-01  2.356074e-03  8.780038e-01  2.051786e-03  
   1.8952301  9.475337e-01  2.412567e-03  9.475501e-01  2.412733e-03  8.823627e-01  2.099688e-03  
   1.9162300  9.526612e-01  2.470951e-03  9.526779e-01  2.471122e-03  8.868231e-01  2.148989e-03  
   1.9362299  9.576597e-01  2.528248e-03  9.576769e-01  2.528422e-03  8.911685e-01  2.197310e-03  
   1.9572300  9.630332e-01  2.590282e-03  9.630505e-01  2.590461e-03  8.958366e-01  2.249554e-03  
   1.9782300  9.685387e-01  2.654339e-03  9.685570e-01  2.654524e-03  9.006160e-01  2.303428e-03  
   1.9992300  9.741800e-01  2.720540e-03  9.741982e-01  2.720728e-03  9.055091e-01  2.359021e-03  
   2.0202301  9.799624e-01  2.789015e-03  9.799811e-01  2.789208e-03  9.105209e-01  2.416436e-03  
   2.0412300  9.858885e-01  2.859906e-03  9.859079e-01  2.860105e-03  9.156526e-01  2.475786e-03  
   2.0612299  9.916717e-01  2.929816e-03  9.916911e-01  2.930020e-03  9.206565e-01  2.534221e-03  
   2.0822301  9.978947e-01  3.005904e-03  9.979149e-01  3.006115e-03  9.260371e-01  2.597723e-03  
   2.1038301  1.004463e+00  3.087239e-03  1.004484e+00  3.087457e-03  9.317104e-01  2.665494e-03  
   2.1238301  1.010701e+00  3.165527e-03  1.010722e+00  3.165754e-03  9.370935e-01  2.730628e-03  
   2.1448300  1.017419e+00  3.251051e-03  1.017440e+00  3.251285e-03  9.428849e-01  2.801676e-03  
   2.1658299  1.024313e+00  3.340235e-03  1.024335e+00  3.340478e-03  9.488240e-01  2.875661e-03  
   2.1868300  1.031394e+00  3.433378e-03  1.031416e+00  3.433633e-03  9.549165e-01  2.952830e-03  
   2.2078300  1.038666e+00  3.530801e-03  1.038688e+00  3.531068e-03  9.611671e-01  3.033450e-03  
   2.2278299  1.045777e+00  3.627894e-03  1.045800e+00  3.628175e-03  9.672736e-01  3.113715e-03  
   2.2488301  1.053446e+00  3.734742e-03  1.053470e+00  3.735035e-03  9.738525e-01  3.201966e-03  
   2.2698300  1.061330e+00  3.847024e-03  1.061355e+00  3.847335e-03  9.806076e-01  3.294637e-03  
   2.2908299  1.069440e+00  3.965212e-03  1.069465e+00  3.965540e-03  9.875482e-01  3.392125e-03  
   2.3118300  1.077783e+00  4.089810e-03  1.077808e+00  4.090159e-03  9.946795e-01  3.494857e-03  
   2.3328300  1.086371e+00  4.221366e-03  1.086397e+00  4.221736e-03  1.002011e+00  3.603297e-03  
   2.3528299  1.094785e+00  4.353669e-03  1.094812e+00  4.354061e-03  1.009185e+00  3.712348e-03  
   2.3738301  1.103880e+00  4.500575e-03  1.103908e+00  4.500992e-03  1.016930e+00  3.833451e-03  
   2.3948300  1.113252e+00  4.656350e-03  1.113281e+00  4.656791e-03  1.024900e+00  3.961909e-03  
   2.4158299  1.122916e+00  4.821758e-03  1.122945e+00  4.822228e-03  1.033104e+00  4.098396e-03  
   2.4368300  1.132883e+00  4.997644e-03  1.132913e+00  4.998143e-03  1.041555e+00  4.243650e-03  
   2.4578300  1.143171e+00  5.184922e-03  1.143202e+00  5.185456e-03  1.050263e+00  4.398494e-03  
   2.4778299  1.153280e+00  5.374820e-03  1.153312e+00  5.375388e-03  1.058806e+00  4.555716e-03  
   2.4988301  1.164241e+00  5.587432e-03  1.164273e+00  5.588037e-03  1.068053e+00  4.732038e-03  
   2.5204301  1.175904e+00  5.821607e-03  1.175938e+00  5.822256e-03  1.077873e+00  4.926612e-03  
   2.5404301  1.187075e+00  6.053843e-03  1.187110e+00  6.054537e-03  1.087262e+00  5.119969e-03  
   2.5614300  1.199211e+00  6.315347e-03  1.199247e+00  6.316092e-03  1.097441e+00  5.338132e-03  
   2.5824299  1.211790e+00  6.596987e-03  1.211827e+00  6.597787e-03  1.107968e+00  5.573541e-03  
   2.6034300  1.224841e+00  6.901290e-03  1.224880e+00  6.902151e-03  1.118864e+00  5.828287e-03  
   2.6244299  1.238395e+00  7.231347e-03  1.238435e+00  7.232279e-03  1.130151e+00  6.104829e-03  
   2.6444299  1.251802e+00  7.573199e-03  1.251843e+00  7.574199e-03  1.141286e+00  6.391191e-03  
   2.6654301  1.266442e+00  7.965811e-03  1.266484e+00  7.966894e-03  1.153409e+00  6.719497e-03  
   2.6864300  1.281700e+00  8.399256e-03  1.281744e+00  8.400433e-03  1.166003e+00  7.080527e-03  
   2.7074299  1.297626e+00  8.882082e-03  1.297672e+00  8.883364e-03  1.179102e+00  7.479962e-03  
   2.7284300  1.314276e+00  9.425751e-03  1.314324e+00  9.427154e-03  1.192744e+00  7.925040e-03  
   2.7494299  1.331712e+00  1.004576e-02  1.331762e+00  1.004730e-02  1.206967e+00  8.425090e-03  
   2.7694299  1.349115e+00  1.072643e-02  1.349167e+00  1.072814e-02  1.221098e+00  8.963488e-03  
   2.7904301  1.368302e+00  1.156318e-02  1.368355e+00  1.156510e-02  1.236597e+00  9.609130e-03  
   2.8114300  1.388512e+00  1.256278e-02  1.388568e+00  1.256497e-02  1.252832e+00  1.035704e-02  
   2.8324299  1.409849e+00  1.377687e-02  1.409908e+00  1.377941e-02  1.269866e+00  1.123356e-02  
   2.8534300  1.432422e+00  1.527432e-02  1.432484e+00  1.527733e-02  1.287769e+00  1.227276e-02  
   2.8744299  1.456353e+00  1.714586e-02  1.456418e+00  1.714950e-02  1.306619e+00  1.351847e-02  
   2.8944299  1.480523e+00  1.938354e-02  1.480591e+00  1.938798e-02  1.325530e+00  1.494800e-02  
   2.9154301  1.507475e+00  2.235484e-02  1.507547e+00  2.236038e-02  1.346479e+00  1.677231e-02  
   2.9370301  1.537014e+00  2.626972e-02  1.537090e+00  2.627677e-02  1.369295e+00  1.908655e-02  
   2.9570301  1.566118e+00  3.088611e-02  1.566198e+00  3.089499e-02  1.391663e+00  2.172896e-02  
   2.9780300  1.598589e+00  3.702677e-02  1.598674e+00  3.703813e-02  1.416530e+00  2.515301e-02  
   2.9990301  1.633085e+00  4.481058e-02  1.633175e+00  4.482510e-02  1.442910e+00  2.940642e-02  
   3.0200300  1.669626e+00  5.460618e-02  1.669720e+00  5.462467e-02  1.470889e+00  3.468936e-02  
   3.0410299  1.708170e+00  6.682291e-02  1.708268e+00  6.684630e-02  1.500539e+00  4.123941e-02  
   3.0610299  1.746633e+00  8.111078e-02  1.746735e+00  8.113977e-02  1.530371e+00  4.890864e-02  
   3.0820301  1.788660e+00  9.933474e-02  1.788766e+00  9.937066e-02  1.563373e+00  5.876707e-02  
   3.1030300  1.832059e+00  1.213000e-01  1.832167e+00  1.213439e-01  1.598052e+00  7.082126e-02  
   3.1240301  1.876414e+00  1.474256e-01  1.876524e+00  1.474787e-01  1.634302e+00  8.545366e-02  
   3.1450300  1.921191e+00  1.780715e-01  1.921302e+00  1.781347e-01  1.671933e+00  1.030662e-01  
   3.1660299  1.965764e+00  2.135109e-01  1.965874e+00  2.135849e-01  1.710671e+00  1.240663e-01  
   3.1860299  2.007371e+00  2.518648e-01  2.007480e+00  2.519497e-01  1.748252e+00  1.475755e-01  
   3.2070301  2.049441e+00  2.969899e-01  2.049546e+00  2.970863e-01  1.787977e+00  1.762859e-01  
   3.2280300  2.089073e+00  3.469558e-01  2.089173e+00  3.470637e-01  1.827407e+00  2.094051e-01  
   3.2490301  2.125498e+00  4.014703e-01  2.125591e+00  4.015890e-01  1.865885e+00  2.471314e-01  
   3.2700300  2.158004e+00  4.600794e-01  2.158089e+00  4.602080e-01  1.902675e+00  2.895402e-01  
   3.2910299  2.185982e+00  5.221869e-01  2.186056e+00  5.223237e-01  1.937008e+00  3.365629e-01  
   3.3110299  2.207987e+00  5.839378e-01  2.208051e+00  5.840812e-01  1.966705e+00  3.854254e-01  
   3.3320301  2.225924e+00  6.507472e-01  2.225976e+00  6.508955e-01  1.994019e+00  4.406302e-01  
   3.3536301  2.238725e+00  7.207121e-01  2.238763e+00  7.208635e-01  2.017287e+00  5.009884e-01  
   3.3736300  2.245526e+00  7.858534e-01  2.245551e+00  7.860054e-01  2.033948e+00  5.594317e-01  
   3.3946300  2.247668e+00  8.538793e-01  2.247679e+00  8.540310e-01  2.046006e+00  6.226150e-01  
   3.4156301  2.245066e+00  9.208615e-01  2.245065e+00  9.210114e-01  2.052296e+00  6.867318e-01  
   3.4366300  2.238222e+00  9.862466e-01  2.238208e+00  9.863936e-01  2.052817e+00  7.507889e-01  
   3.4576299  2.227705e+00  1.049623e+00  2.227678e+00  1.049768e+00  2.047788e+00  8.138012e-01  
   3.4776299  2.214818e+00  1.107871e+00  2.214781e+00  1.108013e+00  2.038225e+00  8.719940e-01  
   3.4986300  2.198823e+00  1.166688e+00  2.198774e+00  1.166829e+00  2.023749e+00  9.304023e-01  
   3.5196300  2.180816e+00  1.223090e+00  2.180757e+00  1.223229e+00  2.005469e+00  9.853997e-01  
   3.5406301  2.161232e+00  1.277150e+00  2.161163e+00  1.277291e+00  1.984238e+00  1.036519e+00  
   3.5616300  2.140399e+00  1.328998e+00  2.140321e+00  1.329142e+00  1.960946e+00  1.083504e+00  
   3.5826299  2.118546e+00  1.378787e+00  2.118459e+00  1.378934e+00  1.936481e+00  1.126324e+00  
   3.6026299  2.096905e+00  1.424422e+00  2.096810e+00  1.424574e+00  1.912837e+00  1.163393e+00  
   3.6236300  2.073370e+00  1.470574e+00  2.073269e+00  1.470732e+00  1.888328e+00  1.198763e+00  
   3.6446300  2.049021e+00  1.514980e+00  2.048913e+00  1.515144e+00  1.864689e+00  1.230984e+00  
   3.6656301  2.023857e+00  1.557652e+00  2.023742e+00  1.557822e+00  1.842306e+00  1.260645e+00  
   3.6866300  1.997900e+00  1.598550e+00  1.997780e+00  1.598724e+00  1.821385e+00  1.288367e+00  
   3.7076299  1.971223e+00  1.637598e+00  1.971100e+00  1.637774e+00  1.801969e+00  1.314752e+00  
   3.7276299  1.945276e+00  1.672984e+00  1.945149e+00  1.673159e+00  1.784793e+00  1.339120e+00  
   3.7486300  1.917682e+00  1.708162e+00  1.917554e+00  1.708336e+00  1.767967e+00  1.364312e+00  
   3.7702301  1.889254e+00  1.742183e+00  1.889126e+00  1.742353e+00  1.751715e+00  1.390097e+00  
   3.7902300  1.863265e+00  1.771737e+00  1.863138e+00  1.771900e+00  1.737412e+00  1.413998e+00  
   3.8112299  1.836775e+00  1.800848e+00  1.836652e+00  1.801002e+00  1.723003e+00  1.439144e+00  
   3.8322301  1.811607e+00  1.828192e+00  1.811488e+00  1.828336e+00  1.709135e+00  1.464272e+00  
   3.8532300  1.788287e+00  1.854094e+00  1.788176e+00  1.854229e+00  1.695838e+00  1.489258e+00  
   3.8742299  1.767318e+00  1.879020e+00  1.767215e+00  1.879144e+00  1.683260e+00  1.513972e+00  
   3.8942299  1.749938e+00  1.902397e+00  1.749844e+00  1.902512e+00  1.672181e+00  1.537177e+00  
   3.9152300  1.734727e+00  1.927260e+00  1.734645e+00  1.927368e+00  1.661814e+00  1.561197e+00  
   3.9362299  1.722819e+00  1.953277e+00  1.722749e+00  1.953381e+00  1.653117e+00  1.584991e+00  
   3.9572301  1.714223e+00  1.981382e+00  1.714167e+00  1.981484e+00  1.646473e+00  1.608841e+00  
   3.9782300  1.708734e+00  2.012556e+00  1.708690e+00  2.012660e+00  1.642210e+00  1.633195e+00  
   3.9992299  1.705905e+00  2.047788e+00  1.705873e+00  2.047900e+00  1.640554e+00  1.658660e+00  
   4.0192299  1.705054e+00  2.085987e+00  1.705032e+00  2.086109e+00  1.641475e+00  1.684635e+00  
   4.0402298  1.705199e+00  2.131782e+00  1.705186e+00  2.131918e+00  1.644963e+00  1.714547e+00  
   4.0612302  1.705270e+00  2.184081e+00  1.705262e+00  2.184235e+00  1.650712e+00  1.748080e+00  
   4.0822301  1.703915e+00  2.243358e+00  1.703909e+00  2.243534e+00  1.658156e+00  1.786187e+00  
   4.1032300  1.699636e+00  2.309833e+00  1.699628e+00  2.310032e+00  1.666476e+00  1.829780e+00  
   4.1242299  1.690847e+00  2.383434e+00  1.690831e+00  2.383654e+00  1.674603e+00  1.879672e+00  
   4.1442299  1.676808e+00  2.459802e+00  1.676782e+00  2.460046e+00  1.680975e+00  1.933632e+00  
   4.1652298  1.654613e+00  2.545919e+00  1.654574e+00  2.546183e+00  1.684791e+00  1.997459e+00  
   4.1868300  1.622317e+00  2.639819e+00  1.622259e+00  2.640101e+00  1.683936e+00  2.070904e+00  
   4.2068300  1.582657e+00  2.730410e+00  1.582579e+00  2.730704e+00  1.677190e+00  2.145768e+00  
   4.2278299  1.529901e+00  2.827885e+00  1.529800e+00  2.828188e+00  1.662240e+00  2.230911e+00  
   4.2488298  1.464993e+00  2.926162e+00  1.464867e+00  2.926466e+00  1.637565e+00  2.321798e+00  
   4.2698302  1.387445e+00  3.023489e+00  1.387293e+00  3.023789e+00  1.601636e+00  2.417072e+00  
   4.2908301  1.297078e+00  3.118029e+00  1.296900e+00  3.118320e+00  1.553178e+00  2.514998e+00  
   4.3108301  1.199212e+00  3.203789e+00  1.199008e+00  3.204065e+00  1.494526e+00  2.608857e+00  
   4.3318300  1.084466e+00  3.287577e+00  1.084235e+00  3.287834e+00  1.419327e+00  2.705831e+00  
   4.3528299  9.581352e-01  3.363199e+00  9.578780e-01  3.363432e+00  1.330157e+00  2.798785e+00  
   4.3738298  8.211931e-01  3.428956e+00  8.209102e-01  3.429163e+00  1.227516e+00  2.885233e+00  
   4.3948302  6.748562e-01  3.483253e+00  6.745483e-01  3.483432e+00  1.112431e+00  2.962772e+00  
   4.4158301  5.205811e-01  3.524633e+00  5.202487e-01  3.524786e+00  9.864468e-01  3.029199e+00  
   4.4358301  3.677852e-01  3.550853e+00  3.674312e-01  3.550982e+00  8.581411e-01  3.080416e+00  
   4.4568300  2.029627e-01  3.563484e+00  2.025868e-01  3.563588e+00  7.169282e-01  3.120133e+00  
   4.4778299  3.562425e-02  3.560004e+00  3.522847e-02  3.560087e+00  5.715989e-01  3.144483e+00  
   4.4988298  -1.320824e-01  3.539826e+00  -1.324963e-01  3.539892e+00  4.248411e-01  3.153016e+00  
   4.5198302  -2.979108e-01  3.502691e+00  -2.983409e-01  3.502741e+00  2.793157e-01  3.145823e+00  
   4.5408301  -4.595492e-01  3.448706e+00  -4.599931e-01  3.448742e+00  1.375403e-01  3.123507e+00  
   4.5608301  -6.074952e-01  3.382087e+00  -6.079502e-01  3.382111e+00  8.056194e-03  3.089159e+00  
   4.5818300  -7.544068e-01  3.297059e+00  -7.548708e-01  3.297070e+00  -1.202592e-01  3.040709e+00  
   4.6034298  -8.943635e-01  3.194890e+00  -8.948343e-01  3.194889e+00  -2.425253e-01  2.979396e+00  
   4.6234298  -1.012161e+00  3.088635e+00  -1.012637e+00  3.088620e+00  -3.459525e-01  2.913994e+00  
   4.6444302  -1.122194e+00  2.967057e+00  -1.122672e+00  2.967026e+00  -4.438056e-01  2.838266e+00  
   4.6654301  -1.217155e+00  2.837599e+00  -1.217635e+00  2.837549e+00  -5.303997e-01  2.757198e+00  
   4.6864300  -1.296404e+00  2.702849e+00  -1.296882e+00  2.702778e+00  -6.058226e-01  2.672615e+00  
   4.7074299  -1.359782e+00  2.565475e+00  -1.360257e+00  2.565378e+00  -6.704369e-01  2.586196e+00  
   4.7274299  -1.405682e+00  2.434594e+00  -1.406152e+00  2.434469e+00  -7.224467e-01  2.503554e+00  
   4.7484298  -1.439427e+00  2.299467e+00  -1.439890e+00  2.299309e+00  -7.677396e-01  2.417667e+00  
   4.7694302  -1.459498e+00  2.168829e+00  -1.459951e+00  2.168636e+00  -8.042802e-01  2.333758e+00  
   4.7904301  -1.467335e+00  2.044507e+00  -1.467774e+00  2.044276e+00  -8.329147e-01  2.252716e+00  
   4.8114300  -1.464577e+00  1.927912e+00  -1.465000e+00  1.927642e+00  -8.545008e-01  2.175227e+00  
   4.8324299  -1.452963e+00  1.820039e+00  -1.453366e+00  1.819729e+00  -8.698787e-01  2.101805e+00  
   4.8524299  -1.435260e+00  1.725950e+00  -1.435640e+00  1.725603e+00  -8.794894e-01  2.035983e+00  
   4.8734298  -1.411294e+00  1.636451e+00  -1.411647e+00  1.636067e+00  -8.850231e-01  1.971382e+00  
   4.8944302  -1.383323e+00  1.556386e+00  -1.383645e+00  1.555966e+00  -8.865838e-01  1.911494e+00  
   4.9154301  -1.352695e+00  1.485418e+00  -1.352983e+00  1.484965e+00  -8.848203e-01  1.856311e+00  
   4.9364300  -1.320561e+00  1.423021e+00  -1.320811e+00  1.422539e+00  -8.803219e-01  1.805734e+00  
   4.9574299  -1.287864e+00  1.368545e+00  -1.288074e+00  1.368037e+00  -8.736169e-01  1.759601e+00  
   4.9774299  -1.256888e+00  1.323370e+00  -1.257058e+00  1.322840e+00  -8.656092e-01  1.719598e+00  
   4.9984298  -1.225086e+00  1.282261e+00  -1.225214e+00  1.281713e+00  -8.558922e-01  1.681483e+00  
