w Re-xx Im-xx Re-yy Im-yy Re-zz Im-zz
# Gaussian absolute broadening  0.15 [eV]
   0.0000000  7.675102e-01  8.810957e-05  7.675261e-01  8.811315e-05  7.266660e-01  7.937299e-05  
   0.0200000  7.676098e-01  9.429928e-05  7.676255e-01  9.430344e-05  7.267557e-01  8.494691e-05  
   0.0410000  7.677283e-01  1.013527e-04  7.677442e-01  1.013576e-04  7.268623e-01  9.129827e-05  
   0.0620000  7.678633e-01  1.090100e-04  7.678791e-01  1.090157e-04  7.269838e-01  9.819304e-05  
   0.0830000  7.680165e-01  1.173049e-04  7.680324e-01  1.173116e-04  7.271219e-01  1.056616e-04  
   0.1040000  7.681903e-01  1.262669e-04  7.682063e-01  1.262746e-04  7.272788e-01  1.137302e-04  
   0.1240000  7.683768e-01  1.354433e-04  7.683928e-01  1.354522e-04  7.274465e-01  1.219915e-04  
   0.1450000  7.685968e-01  1.457671e-04  7.686127e-01  1.457774e-04  7.276446e-01  1.312851e-04  
   0.1660000  7.688437e-01  1.568026e-04  7.688597e-01  1.568144e-04  7.278670e-01  1.412188e-04  
   0.1870000  7.691198e-01  1.685464e-04  7.691358e-01  1.685597e-04  7.281157e-01  1.517891e-04  
   0.2080000  7.694269e-01  1.809838e-04  7.694432e-01  1.809988e-04  7.283923e-01  1.629829e-04  
   0.2290000  7.697671e-01  1.940898e-04  7.697832e-01  1.941066e-04  7.286985e-01  1.747773e-04  
   0.2490000  7.701232e-01  2.071610e-04  7.701392e-01  2.071797e-04  7.290191e-01  1.865394e-04  
   0.2700000  7.705317e-01  2.214630e-04  7.705478e-01  2.214835e-04  7.293871e-01  1.994074e-04  
   0.2910000  7.709772e-01  2.363070e-04  7.709933e-01  2.363294e-04  7.297881e-01  2.127615e-04  
   0.3120000  7.714602e-01  2.516395e-04  7.714766e-01  2.516638e-04  7.302232e-01  2.265531e-04  
   0.3330000  7.719812e-01  2.674054e-04  7.719973e-01  2.674314e-04  7.306923e-01  2.407326e-04  
   0.3540000  7.725407e-01  2.835518e-04  7.725568e-01  2.835794e-04  7.311957e-01  2.552516e-04  
   0.3740000  7.731094e-01  2.992375e-04  7.731256e-01  2.992663e-04  7.317075e-01  2.693539e-04  
   0.3950000  7.737435e-01  3.159882e-04  7.737600e-01  3.160182e-04  7.322783e-01  2.844108e-04  
   0.4160000  7.744161e-01  3.329895e-04  7.744322e-01  3.330203e-04  7.328836e-01  2.996897e-04  
   0.4374300  7.751424e-01  3.505652e-04  7.751588e-01  3.505966e-04  7.335376e-01  3.154810e-04  
   0.4574300  7.758557e-01  3.671516e-04  7.758720e-01  3.671834e-04  7.341794e-01  3.303800e-04  
   0.4784300  7.766420e-01  3.847411e-04  7.766583e-01  3.847728e-04  7.348869e-01  3.461759e-04  
   0.4994300  7.774664e-01  4.024965e-04  7.774828e-01  4.025282e-04  7.356284e-01  3.621166e-04  
   0.5204300  7.783288e-01  4.204111e-04  7.783453e-01  4.204424e-04  7.364044e-01  3.781954e-04  
   0.5414300  7.792295e-01  4.384809e-04  7.792460e-01  4.385119e-04  7.372146e-01  3.944090e-04  
   0.5614300  7.801232e-01  4.558345e-04  7.801400e-01  4.558651e-04  7.380187e-01  4.099752e-04  
   0.5824300  7.810996e-01  4.742093e-04  7.811164e-01  4.742396e-04  7.388963e-01  4.264521e-04  
   0.6034300  7.821146e-01  4.927442e-04  7.821311e-01  4.927740e-04  7.398092e-01  4.430673e-04  
   0.6244300  7.831690e-01  5.114449e-04  7.831857e-01  5.114744e-04  7.407572e-01  4.598254e-04  
   0.6454300  7.842630e-01  5.303164e-04  7.842797e-01  5.303457e-04  7.417407e-01  4.767309e-04  
   0.6664300  7.853969e-01  5.493651e-04  7.854138e-01  5.493944e-04  7.427600e-01  4.937889e-04  
   0.6864300  7.865140e-01  5.676769e-04  7.865309e-01  5.677064e-04  7.437640e-01  5.101813e-04  
   0.7074300  7.877268e-01  5.870906e-04  7.877438e-01  5.871203e-04  7.448537e-01  5.275537e-04  
   0.7284300  7.889804e-01  6.067016e-04  7.889976e-01  6.067316e-04  7.459803e-01  5.450957e-04  
   0.7494300  7.902757e-01  6.265175e-04  7.902927e-01  6.265480e-04  7.471440e-01  5.628143e-04  
   0.7704300  7.916125e-01  6.465456e-04  7.916294e-01  6.465764e-04  7.483445e-01  5.807155e-04  
   0.7914300  7.929915e-01  6.667945e-04  7.930088e-01  6.668263e-04  7.495835e-01  5.988064e-04  
   0.8114300  7.943445e-01  6.862914e-04  7.943616e-01  6.863237e-04  7.507981e-01  6.162185e-04  
   0.8324300  7.958072e-01  7.069945e-04  7.958245e-01  7.070277e-04  7.521115e-01  6.347004e-04  
   0.8540300  7.973577e-01  7.285461e-04  7.973751e-01  7.285805e-04  7.535034e-01  6.539309e-04  
   0.8740300  7.988349e-01  7.487416e-04  7.988524e-01  7.487774e-04  7.548290e-01  6.719438e-04  
   0.8950300  8.004296e-01  7.702058e-04  8.004473e-01  7.702431e-04  7.562602e-01  6.910792e-04  
   0.9160300  8.020692e-01  7.919449e-04  8.020872e-01  7.919836e-04  7.577316e-01  7.104506e-04  
   0.9370300  8.037552e-01  8.139689e-04  8.037730e-01  8.140095e-04  7.592437e-01  7.300666e-04  
   0.9580300  8.054877e-01  8.362888e-04  8.055056e-01  8.363314e-04  7.607973e-01  7.499364e-04  
   0.9780300  8.071817e-01  8.578316e-04  8.071998e-01  8.578762e-04  7.623163e-01  7.691049e-04  
   0.9990300  8.090071e-01  8.807621e-04  8.090252e-01  8.808085e-04  7.639527e-01  7.894976e-04  
   1.0200300  8.108810e-01  9.040216e-04  8.108993e-01  9.040709e-04  7.656325e-01  8.101722e-04  
   1.0410300  8.128043e-01  9.276226e-04  8.128226e-01  9.276737e-04  7.673559e-01  8.311390e-04  
   1.0620300  8.147777e-01  9.515775e-04  8.147963e-01  9.516302e-04  7.691240e-01  8.524081e-04  
   1.0830300  8.168020e-01  9.758978e-04  8.168204e-01  9.759529e-04  7.709370e-01  8.739898e-04  
   1.1030300  8.187773e-01  9.994112e-04  8.187960e-01  9.994683e-04  7.727059e-01  8.948439e-04  
   1.1240300  8.209028e-01  1.024483e-03  8.209217e-01  1.024541e-03  7.746086e-01  9.170673e-04  
   1.1450300  8.230811e-01  1.049959e-03  8.231001e-01  1.050019e-03  7.765583e-01  9.396357e-04  
   1.1660300  8.253137e-01  1.075853e-03  8.253325e-01  1.075914e-03  7.785559e-01  9.625612e-04  
   1.1870300  8.276008e-01  1.102180e-03  8.276199e-01  1.102243e-03  7.806022e-01  9.858557e-04  
   1.2080300  8.299438e-01  1.128955e-03  8.299630e-01  1.129019e-03  7.826975e-01  1.009533e-03  
   1.2280300  8.322272e-01  1.154885e-03  8.322465e-01  1.154951e-03  7.847391e-01  1.032449e-03  
   1.2490300  8.346812e-01  1.182580e-03  8.347008e-01  1.182648e-03  7.869326e-01  1.056909e-03  
   1.2706300  8.372670e-01  1.211586e-03  8.372867e-01  1.211655e-03  7.892435e-01  1.082511e-03  
   1.2906300  8.397170e-01  1.238928e-03  8.397369e-01  1.238999e-03  7.914318e-01  1.106630e-03  
   1.3116300  8.423490e-01  1.268160e-03  8.423691e-01  1.268233e-03  7.937827e-01  1.132399e-03  
   1.3326300  8.450429e-01  1.297944e-03  8.450633e-01  1.298020e-03  7.961878e-01  1.158637e-03  
   1.3536299  8.477997e-01  1.328303e-03  8.478199e-01  1.328381e-03  7.986483e-01  1.185364e-03  
   1.3746300  8.506212e-01  1.359258e-03  8.506417e-01  1.359338e-03  8.011655e-01  1.212597e-03  
   1.3946300  8.533695e-01  1.389314e-03  8.533900e-01  1.389396e-03  8.036171e-01  1.239021e-03  
   1.4156300  8.563204e-01  1.421498e-03  8.563414e-01  1.421583e-03  8.062482e-01  1.267298e-03  
   1.4366300  8.593399e-01  1.454347e-03  8.593610e-01  1.454435e-03  8.089395e-01  1.296138e-03  
   1.4576300  8.624294e-01  1.487886e-03  8.624504e-01  1.487976e-03  8.116925e-01  1.325564e-03  
   1.4786299  8.655902e-01  1.522141e-03  8.656116e-01  1.522234e-03  8.145081e-01  1.355596e-03  
   1.4996300  8.688239e-01  1.557139e-03  8.688453e-01  1.557234e-03  8.173875e-01  1.386259e-03  
   1.5196300  8.719724e-01  1.591185e-03  8.719941e-01  1.591283e-03  8.201901e-01  1.416068e-03  
   1.5406300  8.753525e-01  1.627715e-03  8.753746e-01  1.627815e-03  8.231975e-01  1.448030e-03  
   1.5616300  8.788102e-01  1.665073e-03  8.788325e-01  1.665176e-03  8.262731e-01  1.480696e-03  
   1.5826300  8.823475e-01  1.703292e-03  8.823700e-01  1.703397e-03  8.294177e-01  1.514097e-03  
   1.6036299  8.859659e-01  1.742407e-03  8.859884e-01  1.742513e-03  8.326334e-01  1.548260e-03  
   1.6246300  8.896669e-01  1.782452e-03  8.896898e-01  1.782560e-03  8.359215e-01  1.583222e-03  
   1.6446300  8.932703e-01  1.821488e-03  8.932933e-01  1.821599e-03  8.391216e-01  1.617294e-03  
   1.6656300  8.971393e-01  1.863458e-03  8.971623e-01  1.863571e-03  8.425553e-01  1.653924e-03  
   1.6872300  9.012116e-01  1.907720e-03  9.012350e-01  1.907837e-03  8.461687e-01  1.692562e-03  
   1.7072300  9.050679e-01  1.949735e-03  9.050919e-01  1.949853e-03  8.495889e-01  1.729253e-03  
   1.7282300  9.092093e-01  1.994964e-03  9.092334e-01  1.995085e-03  8.532602e-01  1.768784e-03  
   1.7492300  9.134460e-01  2.041381e-03  9.134706e-01  2.041505e-03  8.570144e-01  1.809406e-03  
   1.7702301  9.177820e-01  2.089042e-03  9.178063e-01  2.089167e-03  8.608544e-01  1.851195e-03  
   1.7912300  9.222194e-01  2.138002e-03  9.222439e-01  2.138131e-03  8.647826e-01  1.894230e-03  
   1.8112299  9.265422e-01  2.185896e-03  9.265673e-01  2.186027e-03  8.686079e-01  1.936458e-03  
   1.8322300  9.311854e-01  2.237575e-03  9.312109e-01  2.237709e-03  8.727147e-01  1.982197e-03  
   1.8532300  9.359392e-01  2.290744e-03  9.359651e-01  2.290883e-03  8.769170e-01  2.029475e-03  
   1.8742300  9.408065e-01  2.345481e-03  9.408325e-01  2.345623e-03  8.812171e-01  2.078411e-03  
   1.8952301  9.457905e-01  2.401864e-03  9.458167e-01  2.402010e-03  8.856185e-01  2.129128e-03  
   1.9162300  9.508945e-01  2.459977e-03  9.509212e-01  2.460128e-03  8.901230e-01  2.181762e-03  
   1.9362299  9.558701e-01  2.517016e-03  9.558973e-01  2.517171e-03  8.945119e-01  2.233801e-03  
   1.9572300  9.612182e-01  2.578783e-03  9.612457e-01  2.578943e-03  8.992269e-01  2.290597e-03  
   1.9782300  9.666982e-01  2.642577e-03  9.667260e-01  2.642741e-03  9.040545e-01  2.349757e-03  
   1.9992300  9.723129e-01  2.708517e-03  9.723411e-01  2.708687e-03  9.089978e-01  2.411456e-03  
   2.0202301  9.780673e-01  2.776733e-03  9.780957e-01  2.776910e-03  9.140608e-01  2.475881e-03  
   2.0412300  9.839651e-01  2.847368e-03  9.839942e-01  2.847551e-03  9.192465e-01  2.543236e-03  
   2.0612299  9.897200e-01  2.917029e-03  9.897496e-01  2.917219e-03  9.243031e-01  2.610310e-03  
   2.0822301  9.959127e-01  2.992848e-03  9.959427e-01  2.993046e-03  9.297401e-01  2.684041e-03  
   2.1038301  1.002448e+00  3.073889e-03  1.002479e+00  3.074094e-03  9.354734e-01  2.763679e-03  
   2.1238301  1.008655e+00  3.151876e-03  1.008686e+00  3.152089e-03  9.409131e-01  2.841113e-03  
   2.1448300  1.015338e+00  3.237035e-03  1.015369e+00  3.237257e-03  9.467663e-01  2.926530e-03  
   2.1658299  1.022198e+00  3.325785e-03  1.022229e+00  3.326016e-03  9.527680e-01  3.016454e-03  
   2.1868300  1.029241e+00  3.418392e-03  1.029273e+00  3.418633e-03  9.589241e-01  3.111206e-03  
   2.2078300  1.036474e+00  3.515143e-03  1.036507e+00  3.515394e-03  9.652399e-01  3.211098e-03  
   2.2278299  1.043547e+00  3.611427e-03  1.043581e+00  3.611690e-03  9.714090e-01  3.311308e-03  
   2.2488301  1.051175e+00  3.717205e-03  1.051208e+00  3.717480e-03  9.780542e-01  3.422160e-03  
   2.2698300  1.059016e+00  3.828140e-03  1.059050e+00  3.828427e-03  9.848768e-01  3.539098e-03  
   2.2908299  1.067080e+00  3.944647e-03  1.067115e+00  3.944949e-03  9.918843e-01  3.662449e-03  
   2.3118300  1.075376e+00  4.067181e-03  1.075412e+00  4.067496e-03  9.990842e-01  3.792554e-03  
   2.3328300  1.083915e+00  4.196239e-03  1.083952e+00  4.196567e-03  1.006484e+00  3.929765e-03  
   2.3528299  1.092281e+00  4.325728e-03  1.092319e+00  4.326072e-03  1.013724e+00  4.067407e-03  
   2.3738301  1.101324e+00  4.469193e-03  1.101362e+00  4.469555e-03  1.021536e+00  4.219650e-03  
   2.3948300  1.110643e+00  4.621026e-03  1.110682e+00  4.621406e-03  1.029574e+00  4.380261e-03  
   2.4158299  1.120250e+00  4.782011e-03  1.120289e+00  4.782413e-03  1.037847e+00  4.549766e-03  
   2.4368300  1.130159e+00  4.953031e-03  1.130200e+00  4.953454e-03  1.046367e+00  4.728754e-03  
   2.4578300  1.140387e+00  5.135085e-03  1.140428e+00  5.135531e-03  1.055144e+00  4.917880e-03  
   2.4778299  1.150437e+00  5.319763e-03  1.150480e+00  5.320232e-03  1.063754e+00  5.108098e-03  
   2.4988301  1.161333e+00  5.526778e-03  1.161377e+00  5.527276e-03  1.073070e+00  5.319230e-03  
   2.5204301  1.172928e+00  5.755249e-03  1.172972e+00  5.755779e-03  1.082963e+00  5.549551e-03  
   2.5404301  1.184034e+00  5.982446e-03  1.184079e+00  5.983007e-03  1.092419e+00  5.775710e-03  
   2.5614300  1.196099e+00  6.239114e-03  1.196145e+00  6.239712e-03  1.102671e+00  6.027727e-03  
   2.5824299  1.208603e+00  6.516624e-03  1.208651e+00  6.517266e-03  1.113271e+00  6.296079e-03  
   2.6034300  1.221576e+00  6.817737e-03  1.221626e+00  6.818426e-03  1.124243e+00  6.582508e-03  
   2.6244299  1.235047e+00  7.145770e-03  1.235098e+00  7.146514e-03  1.135606e+00  6.889102e-03  
   2.6444299  1.248373e+00  7.486949e-03  1.248425e+00  7.487751e-03  1.146817e+00  7.202216e-03  
   2.6654301  1.262921e+00  7.880306e-03  1.262975e+00  7.881176e-03  1.159022e+00  7.556255e-03  
   2.6864300  1.278082e+00  8.316038e-03  1.278138e+00  8.316992e-03  1.171703e+00  7.940186e-03  
   2.7074299  1.293905e+00  8.802645e-03  1.293962e+00  8.803689e-03  1.184891e+00  8.359240e-03  
   2.7284300  1.310444e+00  9.351405e-03  1.310503e+00  9.352554e-03  1.198628e+00  8.820181e-03  
   2.7494299  1.327760e+00  9.977421e-03  1.327820e+00  9.978698e-03  1.212953e+00  9.331845e-03  
   2.7694299  1.345037e+00  1.066412e-02  1.345099e+00  1.066555e-02  1.227187e+00  9.876858e-03  
   2.7904301  1.364080e+00  1.150665e-02  1.364145e+00  1.150827e-02  1.242803e+00  1.052423e-02  
   2.8114300  1.384132e+00  1.251021e-02  1.384199e+00  1.251205e-02  1.259166e+00  1.126794e-02  
   2.8324299  1.405291e+00  1.372464e-02  1.405362e+00  1.372678e-02  1.276339e+00  1.213375e-02  
   2.8534300  1.427667e+00  1.521644e-02  1.427740e+00  1.521894e-02  1.294396e+00  1.315522e-02  
   2.8744299  1.451374e+00  1.707309e-02  1.451450e+00  1.707609e-02  1.313418e+00  1.437580e-02  
   2.8944299  1.475304e+00  1.928420e-02  1.475384e+00  1.928778e-02  1.332512e+00  1.577448e-02  
   2.9154301  1.501969e+00  2.220941e-02  1.502053e+00  2.221379e-02  1.353677e+00  1.755953e-02  
   2.9370301  1.531169e+00  2.605042e-02  1.531258e+00  2.605586e-02  1.376746e+00  1.982724e-02  
   2.9570301  1.559916e+00  3.056670e-02  1.560009e+00  3.057341e-02  1.399380e+00  2.242308e-02  
   2.9780300  1.591958e+00  3.655979e-02  1.592056e+00  3.656815e-02  1.424567e+00  2.579797e-02  
   2.9990301  1.625966e+00  4.414120e-02  1.626070e+00  4.415167e-02  1.451313e+00  3.000704e-02  
   3.0200300  1.661955e+00  5.366671e-02  1.662065e+00  5.367977e-02  1.479713e+00  3.525761e-02  
   3.0410299  1.699884e+00  6.553200e-02  1.699999e+00  6.554821e-02  1.509843e+00  4.179669e-02  
   3.0610299  1.737704e+00  7.939690e-02  1.737825e+00  7.941668e-02  1.540196e+00  4.948610e-02  
   3.0820301  1.779001e+00  9.707168e-02  1.779128e+00  9.709586e-02  1.573818e+00  5.941152e-02  
   3.1030300  1.821627e+00  1.183696e-01  1.821760e+00  1.183989e-01  1.609198e+00  7.159581e-02  
   3.1240301  1.865183e+00  1.437028e-01  1.865322e+00  1.437378e-01  1.646232e+00  8.643953e-02  
   3.1450300  1.909161e+00  1.734288e-01  1.909306e+00  1.734702e-01  1.684736e+00  1.043638e-01  
   3.1660299  1.952962e+00  2.078248e-01  1.953111e+00  2.078730e-01  1.724435e+00  1.257953e-01  
   3.1860299  1.993892e+00  2.450800e-01  1.994043e+00  2.451351e-01  1.763008e+00  1.498428e-01  
   3.2070301  2.035337e+00  2.889580e-01  2.035491e+00  2.890204e-01  1.803850e+00  1.792666e-01  
   3.2280300  2.074469e+00  3.376043e-01  2.074624e+00  3.376741e-01  1.844462e+00  2.132611e-01  
   3.2490301  2.110542e+00  3.907548e-01  2.110695e+00  3.908316e-01  1.884167e+00  2.520282e-01  
   3.2700300  2.142863e+00  4.479859e-01  2.143014e+00  4.480690e-01  1.922208e+00  2.956391e-01  
   3.2910299  2.170828e+00  5.087311e-01  2.170976e+00  5.088200e-01  1.957784e+00  3.440113e-01  
   3.3110299  2.192978e+00  5.692232e-01  2.193120e+00  5.693165e-01  1.988631e+00  3.942743e-01  
   3.3320301  2.211215e+00  6.347691e-01  2.211351e+00  6.348661e-01  2.017079e+00  4.510386e-01  
   3.3536301  2.224451e+00  7.035083e-01  2.224579e+00  7.036073e-01  2.041399e+00  5.130521e-01  
   3.3736300  2.231733e+00  7.675812e-01  2.231855e+00  7.676814e-01  2.058900e+00  5.730287e-01  
   3.3946300  2.234422e+00  8.345463e-01  2.234534e+00  8.346463e-01  2.071669e+00  6.377715e-01  
   3.4156301  2.232365e+00  9.005128e-01  2.232469e+00  9.006123e-01  2.078472e+00  7.033442e-01  
   3.4366300  2.226023e+00  9.649063e-01  2.226117e+00  9.650036e-01  2.079294e+00  7.687047e-01  
   3.4576299  2.215934e+00  1.027293e+00  2.216018e+00  1.027388e+00  2.074348e+00  8.328274e-01  
   3.4776299  2.203366e+00  1.084584e+00  2.203442e+00  1.084677e+00  2.064669e+00  8.918720e-01  
   3.4986300  2.187608e+00  1.142371e+00  2.187675e+00  1.142461e+00  2.049884e+00  9.509430e-01  
   3.5196300  2.169741e+00  1.197718e+00  2.169799e+00  1.197804e+00  2.031131e+00  1.006367e+00  
   3.5406301  2.150218e+00  1.250711e+00  2.150267e+00  1.250796e+00  2.009290e+00  1.057689e+00  
   3.5616300  2.129397e+00  1.301506e+00  2.129437e+00  1.301588e+00  1.985296e+00  1.104682e+00  
   3.5826299  2.107539e+00  1.350289e+00  2.107571e+00  1.350369e+00  1.960069e+00  1.147350e+00  
   3.6026299  2.085916e+00  1.395047e+00  2.085941e+00  1.395124e+00  1.935676e+00  1.184162e+00  
   3.6236300  2.062460e+00  1.440400e+00  2.062478e+00  1.440474e+00  1.910376e+00  1.219178e+00  
   3.6446300  2.038287e+00  1.484164e+00  2.038298e+00  1.484236e+00  1.885964e+00  1.250992e+00  
   3.6656301  2.013431e+00  1.526377e+00  2.013434e+00  1.526445e+00  1.862827e+00  1.280213e+00  
   3.6866300  1.987944e+00  1.567007e+00  1.987942e+00  1.567070e+00  1.841169e+00  1.307470e+00  
   3.7076299  1.961917e+00  1.605973e+00  1.961910e+00  1.606031e+00  1.821023e+00  1.333359e+00  
   3.7276299  1.936778e+00  1.641435e+00  1.936768e+00  1.641487e+00  1.803143e+00  1.357209e+00  
   3.7486300  1.910241e+00  1.676829e+00  1.910228e+00  1.676876e+00  1.785547e+00  1.381785e+00  
   3.7702301  1.883136e+00  1.711181e+00  1.883122e+00  1.711221e+00  1.768456e+00  1.406828e+00  
   3.7902300  1.858586e+00  1.741105e+00  1.858573e+00  1.741140e+00  1.753321e+00  1.429922e+00  
   3.8112299  1.833829e+00  1.770643e+00  1.833818e+00  1.770675e+00  1.737972e+00  1.454081e+00  
   3.8322301  1.810614e+00  1.798436e+00  1.810606e+00  1.798466e+00  1.723103e+00  1.478080e+00  
   3.8532300  1.789448e+00  1.824805e+00  1.789446e+00  1.824835e+00  1.708754e+00  1.501813e+00  
   3.8742299  1.770810e+00  1.850221e+00  1.770815e+00  1.850256e+00  1.695092e+00  1.525190e+00  
   3.8942299  1.755781e+00  1.874110e+00  1.755792e+00  1.874150e+00  1.682977e+00  1.547102e+00  
   3.9152300  1.743133e+00  1.899586e+00  1.743152e+00  1.899637e+00  1.671547e+00  1.569812e+00  
   3.9362299  1.733833e+00  1.926328e+00  1.733859e+00  1.926392e+00  1.661849e+00  1.592435e+00  
   3.9572301  1.727830e+00  1.955302e+00  1.727863e+00  1.955384e+00  1.654297e+00  1.615347e+00  
   3.9782300  1.724857e+00  1.987518e+00  1.724895e+00  1.987620e+00  1.649252e+00  1.639083e+00  
   3.9992299  1.724411e+00  2.023982e+00  1.724452e+00  2.024111e+00  1.646972e+00  1.664332e+00  
   4.0192299  1.725656e+00  2.063535e+00  1.725699e+00  2.063688e+00  1.647467e+00  1.690534e+00  
   4.0402298  1.727782e+00  2.110935e+00  1.727823e+00  2.111115e+00  1.650705e+00  1.721176e+00  
   4.0612302  1.729580e+00  2.165008e+00  1.729616e+00  2.165218e+00  1.656420e+00  1.755967e+00  
   4.0822301  1.729685e+00  2.226207e+00  1.729713e+00  2.226446e+00  1.664053e+00  1.795851e+00  
   4.1032300  1.726600e+00  2.294716e+00  1.726617e+00  2.294983e+00  1.672786e+00  1.841712e+00  
   4.1242299  1.718752e+00  2.370432e+00  1.718754e+00  2.370725e+00  1.681541e+00  1.894312e+00  
   4.1442299  1.705395e+00  2.448865e+00  1.705381e+00  2.449180e+00  1.688694e+00  1.951204e+00  
   4.1652298  1.683716e+00  2.537168e+00  1.683682e+00  2.537503e+00  1.693488e+00  2.018400e+00  
   4.1868300  1.651758e+00  2.633309e+00  1.651702e+00  2.633659e+00  1.693758e+00  2.095532e+00  
   4.2068300  1.612254e+00  2.725941e+00  1.612176e+00  2.726301e+00  1.688103e+00  2.173916e+00  
   4.2278299  1.559504e+00  2.825498e+00  1.559404e+00  2.825862e+00  1.674272e+00  2.262771e+00  
   4.2488298  1.494436e+00  2.925763e+00  1.494312e+00  2.926125e+00  1.650603e+00  2.357278e+00  
   4.2698302  1.416542e+00  3.024951e+00  1.416396e+00  3.025304e+00  1.615469e+00  2.455975e+00  
   4.2908301  1.325617e+00  3.121191e+00  1.325449e+00  3.121529e+00  1.567497e+00  2.557015e+00  
   4.3108301  1.226992e+00  3.208391e+00  1.226805e+00  3.208707e+00  1.508940e+00  2.653451e+00  
   4.3318300  1.111179e+00  3.293471e+00  1.110972e+00  3.293759e+00  1.433383e+00  2.752617e+00  
   4.3528299  9.834778e-01  3.370139e+00  9.832520e-01  3.370390e+00  1.343335e+00  2.847138e+00  
   4.3738298  8.448440e-01  3.436680e+00  8.446010e-01  3.436890e+00  1.239269e+00  2.934435e+00  
   4.3948302  6.964915e-01  3.491501e+00  6.962324e-01  3.491666e+00  1.122223e+00  3.012038e+00  
   4.4158301  5.398906e-01  3.533160e+00  5.396174e-01  3.533275e+00  9.937840e-01  3.077695e+00  
   4.4358301  3.846183e-01  3.559448e+00  3.843326e-01  3.559509e+00  8.627430e-01  3.127386e+00  
   4.4568300  2.169620e-01  3.571978e+00  2.166656e-01  3.571984e+00  7.183343e-01  3.164685e+00  
   4.4778299  4.660357e-02  3.568271e+00  4.629921e-02  3.568220e+00  5.695893e-01  3.185834e+00  
   4.4988298  -1.242488e-01  3.547800e+00  -1.245579e-01  3.547691e+00  4.193181e-01  3.190469e+00  
   4.5198302  -2.932863e-01  3.510352e+00  -2.935962e-01  3.510189e+00  2.703067e-01  3.178800e+00  
   4.5408301  -4.581352e-01  3.456079e+00  -4.584414e-01  3.455865e+00  1.251920e-01  3.151577e+00  
   4.5608301  -6.090869e-01  3.389239e+00  -6.093853e-01  3.388979e+00  -7.236791e-03  3.112303e+00  
   4.5818300  -7.590478e-01  3.304049e+00  -7.593327e-01  3.303747e+00  -1.383062e-01  3.058581e+00  
   4.6034298  -9.019756e-01  3.201787e+00  -9.022408e-01  3.201449e+00  -2.629645e-01  2.991921e+00  
   4.6234298  -1.022332e+00  3.095495e+00  -1.022575e+00  3.095131e+00  -3.681537e-01  2.921788e+00  
   4.6444302  -1.134810e+00  2.973904e+00  -1.135026e+00  2.973519e+00  -4.673484e-01  2.841460e+00  
   4.6654301  -1.231930e+00  2.844421e+00  -1.232114e+00  2.844023e+00  -5.547419e-01  2.756290e+00  
   4.6864300  -1.313014e+00  2.709596e+00  -1.313164e+00  2.709193e+00  -6.304169e-01  2.668190e+00  
   4.7074299  -1.377873e+00  2.572062e+00  -1.377987e+00  2.571661e+00  -6.947489e-01  2.578897e+00  
   4.7274299  -1.424829e+00  2.440923e+00  -1.424910e+00  2.440531e+00  -7.460198e-01  2.494140e+00  
   4.7484298  -1.459298e+00  2.305402e+00  -1.459343e+00  2.305024e+00  -7.900853e-01  2.406679e+00  
   4.7694302  -1.479693e+00  2.174240e+00  -1.479704e+00  2.173880e+00  -8.249916e-01  2.321827e+00  
   4.7904301  -1.487462e+00  2.049270e+00  -1.487440e+00  2.048934e+00  -8.516520e-01  2.240418e+00  
   4.8114300  -1.484263e+00  1.931926e+00  -1.484212e+00  1.931614e+00  -8.709974e-01  2.163070e+00  
   4.8324299  -1.471869e+00  1.823226e+00  -1.471790e+00  1.822941e+00  -8.839441e-01  2.090214e+00  
   4.8524299  -1.453143e+00  1.728308e+00  -1.453040e+00  1.728047e+00  -8.911303e-01  2.025252e+00  
   4.8734298  -1.427857e+00  1.637921e+00  -1.427732e+00  1.637686e+00  -8.940707e-01  1.961812e+00  
   4.8944302  -1.398360e+00  1.556980e+00  -1.398214e+00  1.556769e+00  -8.930503e-01  1.903272e+00  
   4.9154301  -1.366053e+00  1.485171e+00  -1.365890e+00  1.484984e+00  -8.887699e-01  1.849556e+00  
   4.9364300  -1.332134e+00  1.421988e+00  -1.331954e+00  1.421823e+00  -8.818592e-01  1.800505e+00  
   4.9574299  -1.297590e+00  1.366795e+00  -1.297395e+00  1.366649e+00  -8.728759e-01  1.755909e+00  
   4.9774299  -1.264832e+00  1.321007e+00  -1.264623e+00  1.320877e+00  -8.628401e-01  1.717345e+00  
   4.9984298  -1.231164e+00  1.279330e+00  -1.230942e+00  1.279216e+00  -8.511513e-01  1.680687e+00  
