w Re-xx Im-xx Re-yy Im-yy Re-zz Im-zz
# Gaussian absolute broadening  0.15 [eV]
   0.0000000  7.686726e-01  8.843562e-05  7.686757e-01  8.844250e-05  7.244176e-01  7.870457e-05  
   0.0200000  7.687726e-01  9.465011e-05  7.687760e-01  9.465760e-05  7.245066e-01  8.423298e-05  
   0.0410000  7.688915e-01  1.017318e-04  7.688946e-01  1.017400e-04  7.246122e-01  9.053251e-05  
   0.0620000  7.690271e-01  1.094198e-04  7.690304e-01  1.094286e-04  7.247328e-01  9.737093e-05  
   0.0830000  7.691808e-01  1.177482e-04  7.691839e-01  1.177576e-04  7.248697e-01  1.047784e-04  
   0.1040000  7.693554e-01  1.267462e-04  7.693585e-01  1.267562e-04  7.250251e-01  1.127810e-04  
   0.1240000  7.695423e-01  1.359597e-04  7.695458e-01  1.359701e-04  7.251914e-01  1.209745e-04  
   0.1450000  7.697632e-01  1.463251e-04  7.697665e-01  1.463360e-04  7.253881e-01  1.301918e-04  
   0.1660000  7.700112e-01  1.574053e-04  7.700146e-01  1.574164e-04  7.256088e-01  1.400435e-04  
   0.1870000  7.702885e-01  1.691965e-04  7.702916e-01  1.692079e-04  7.258552e-01  1.505264e-04  
   0.2080000  7.705966e-01  1.816843e-04  7.706000e-01  1.816958e-04  7.261297e-01  1.616274e-04  
   0.2290000  7.709380e-01  1.948433e-04  7.709414e-01  1.948547e-04  7.264334e-01  1.733236e-04  
   0.2490000  7.712954e-01  2.079675e-04  7.712988e-01  2.079786e-04  7.267513e-01  1.849874e-04  
   0.2700000  7.717058e-01  2.223273e-04  7.717091e-01  2.223382e-04  7.271163e-01  1.977475e-04  
   0.2910000  7.721530e-01  2.372313e-04  7.721563e-01  2.372417e-04  7.275138e-01  2.109891e-04  
   0.3120000  7.726378e-01  2.526259e-04  7.726412e-01  2.526357e-04  7.279452e-01  2.246641e-04  
   0.3330000  7.731609e-01  2.684555e-04  7.731644e-01  2.684648e-04  7.284105e-01  2.387235e-04  
   0.3540000  7.737224e-01  2.846671e-04  7.737259e-01  2.846758e-04  7.289097e-01  2.531189e-04  
   0.3740000  7.742931e-01  3.004158e-04  7.742966e-01  3.004240e-04  7.294173e-01  2.671008e-04  
   0.3950000  7.749299e-01  3.172340e-04  7.749334e-01  3.172417e-04  7.299834e-01  2.820287e-04  
   0.4160000  7.756050e-01  3.343035e-04  7.756085e-01  3.343109e-04  7.305837e-01  2.971763e-04  
   0.4374300  7.763343e-01  3.519497e-04  7.763379e-01  3.519569e-04  7.312318e-01  3.128316e-04  
   0.4574300  7.770503e-01  3.686024e-04  7.770538e-01  3.686098e-04  7.318684e-01  3.276017e-04  
   0.4784300  7.778397e-01  3.862623e-04  7.778432e-01  3.862699e-04  7.325701e-01  3.432607e-04  
   0.4994300  7.786673e-01  4.040887e-04  7.786708e-01  4.040969e-04  7.333055e-01  3.590628e-04  
   0.5204300  7.795330e-01  4.220747e-04  7.795367e-01  4.220836e-04  7.340747e-01  3.750015e-04  
   0.5414300  7.804374e-01  4.402168e-04  7.804410e-01  4.402268e-04  7.348781e-01  3.910728e-04  
   0.5614300  7.813345e-01  4.576399e-04  7.813385e-01  4.576510e-04  7.356753e-01  4.065022e-04  
   0.5824300  7.823146e-01  4.760881e-04  7.823185e-01  4.761008e-04  7.365457e-01  4.228337e-04  
   0.6034300  7.833337e-01  4.946979e-04  7.833374e-01  4.947118e-04  7.374508e-01  4.393014e-04  
   0.6244300  7.843921e-01  5.134742e-04  7.843962e-01  5.134896e-04  7.383906e-01  4.559099e-04  
   0.6454300  7.854906e-01  5.324224e-04  7.854946e-01  5.324395e-04  7.393659e-01  4.726636e-04  
   0.6664300  7.866291e-01  5.515491e-04  7.866330e-01  5.515678e-04  7.403764e-01  4.895674e-04  
   0.6864300  7.877504e-01  5.699368e-04  7.877545e-01  5.699570e-04  7.413718e-01  5.058107e-04  
   0.7074300  7.889681e-01  5.894313e-04  7.889721e-01  5.894529e-04  7.424524e-01  5.230239e-04  
   0.7284300  7.902268e-01  6.091250e-04  7.902310e-01  6.091477e-04  7.435691e-01  5.404043e-04  
   0.7494300  7.915270e-01  6.290253e-04  7.915314e-01  6.290492e-04  7.447227e-01  5.579581e-04  
   0.7704300  7.928693e-01  6.491396e-04  7.928734e-01  6.491643e-04  7.459131e-01  5.756919e-04  
   0.7914300  7.942541e-01  6.694766e-04  7.942584e-01  6.695021e-04  7.471412e-01  5.936123e-04  
   0.8114300  7.956121e-01  6.890591e-04  7.956167e-01  6.890852e-04  7.483454e-01  6.108590e-04  
   0.8324300  7.970809e-01  7.098545e-04  7.970855e-01  7.098810e-04  7.496473e-01  6.291640e-04  
   0.8540300  7.986377e-01  7.315035e-04  7.986423e-01  7.315302e-04  7.510271e-01  6.482095e-04  
   0.8740300  8.001207e-01  7.517910e-04  8.001255e-01  7.518178e-04  7.523412e-01  6.660475e-04  
   0.8950300  8.017220e-01  7.733537e-04  8.017268e-01  7.733805e-04  7.537597e-01  6.849961e-04  
   0.9160300  8.033688e-01  7.951935e-04  8.033735e-01  7.952201e-04  7.552179e-01  7.041770e-04  
   0.9370300  8.050616e-01  8.173211e-04  8.050666e-01  8.173476e-04  7.567170e-01  7.235992e-04  
   0.9580300  8.068010e-01  8.397467e-04  8.068060e-01  8.397729e-04  7.582567e-01  7.432709e-04  
   0.9780300  8.085022e-01  8.613923e-04  8.085072e-01  8.614185e-04  7.597624e-01  7.622468e-04  
   0.9990300  8.103351e-01  8.844324e-04  8.103403e-01  8.844584e-04  7.613842e-01  7.824337e-04  
   1.0200300  8.122170e-01  9.078050e-04  8.122220e-01  9.078309e-04  7.630485e-01  8.028981e-04  
   1.0410300  8.141479e-01  9.315214e-04  8.141534e-01  9.315476e-04  7.647567e-01  8.236499e-04  
   1.0620300  8.161300e-01  9.555937e-04  8.161355e-01  9.556201e-04  7.665088e-01  8.446994e-04  
   1.0830300  8.181625e-01  9.800347e-04  8.181682e-01  9.800618e-04  7.683054e-01  8.660562e-04  
   1.1030300  8.201464e-01  1.003666e-03  8.201522e-01  1.003694e-03  7.700582e-01  8.866914e-04  
   1.1240300  8.222811e-01  1.028863e-03  8.222867e-01  1.028892e-03  7.719438e-01  9.086796e-04  
   1.1450300  8.244689e-01  1.054468e-03  8.244746e-01  1.054498e-03  7.738757e-01  9.310066e-04  
   1.1660300  8.267106e-01  1.080494e-03  8.267166e-01  1.080527e-03  7.758549e-01  9.536846e-04  
   1.1870300  8.290078e-01  1.106956e-03  8.290138e-01  1.106991e-03  7.778822e-01  9.767247e-04  
   1.2080300  8.313607e-01  1.133870e-03  8.313670e-01  1.133907e-03  7.799579e-01  1.000141e-03  
   1.2280300  8.336543e-01  1.159936e-03  8.336605e-01  1.159976e-03  7.819806e-01  1.022802e-03  
   1.2490300  8.361191e-01  1.187777e-03  8.361253e-01  1.187820e-03  7.841538e-01  1.046987e-03  
   1.2706300  8.387161e-01  1.216938e-03  8.387228e-01  1.216984e-03  7.864427e-01  1.072298e-03  
   1.2906300  8.411770e-01  1.244427e-03  8.411837e-01  1.244477e-03  7.886106e-01  1.096139e-03  
   1.3116300  8.438209e-01  1.273817e-03  8.438277e-01  1.273870e-03  7.909392e-01  1.121608e-03  
   1.3326300  8.465266e-01  1.303765e-03  8.465336e-01  1.303822e-03  7.933211e-01  1.147538e-03  
   1.3536299  8.492959e-01  1.334292e-03  8.493029e-01  1.334353e-03  7.957581e-01  1.173948e-03  
   1.3746300  8.521299e-01  1.365420e-03  8.521371e-01  1.365483e-03  7.982512e-01  1.200853e-03  
   1.3946300  8.548907e-01  1.395646e-03  8.548980e-01  1.395712e-03  8.006789e-01  1.226956e-03  
   1.4156300  8.578552e-01  1.428014e-03  8.578628e-01  1.428083e-03  8.032845e-01  1.254885e-03  
   1.4366300  8.608885e-01  1.461052e-03  8.608961e-01  1.461124e-03  8.059493e-01  1.283366e-03  
   1.4576300  8.639922e-01  1.494786e-03  8.640000e-01  1.494861e-03  8.086752e-01  1.312419e-03  
   1.4786299  8.671677e-01  1.529242e-03  8.671757e-01  1.529320e-03  8.114625e-01  1.342067e-03  
   1.4996300  8.704165e-01  1.564448e-03  8.704247e-01  1.564528e-03  8.143133e-01  1.372330e-03  
   1.5196300  8.735796e-01  1.598698e-03  8.735878e-01  1.598781e-03  8.170875e-01  1.401745e-03  
   1.5406300  8.769760e-01  1.635449e-03  8.769845e-01  1.635534e-03  8.200646e-01  1.433275e-03  
   1.5616300  8.804504e-01  1.673036e-03  8.804591e-01  1.673124e-03  8.231089e-01  1.465491e-03  
   1.5826300  8.840043e-01  1.711492e-03  8.840133e-01  1.711582e-03  8.262211e-01  1.498417e-03  
   1.6036299  8.876404e-01  1.750850e-03  8.876492e-01  1.750944e-03  8.294035e-01  1.532082e-03  
   1.6246300  8.913592e-01  1.791147e-03  8.913686e-01  1.791244e-03  8.326572e-01  1.566513e-03  
   1.6446300  8.949805e-01  1.830431e-03  8.949901e-01  1.830531e-03  8.358234e-01  1.600043e-03  
   1.6656300  8.988682e-01  1.872670e-03  8.988777e-01  1.872775e-03  8.392208e-01  1.636057e-03  
   1.6872300  9.029608e-01  1.917220e-03  9.029708e-01  1.917328e-03  8.427954e-01  1.673999e-03  
   1.7072300  9.068366e-01  1.959508e-03  9.068468e-01  1.959621e-03  8.461786e-01  1.709974e-03  
   1.7282300  9.109987e-01  2.005032e-03  9.110092e-01  2.005151e-03  8.498095e-01  1.748660e-03  
   1.7492300  9.152574e-01  2.051755e-03  9.152681e-01  2.051878e-03  8.535222e-01  1.788319e-03  
   1.7702301  9.196151e-01  2.099730e-03  9.196261e-01  2.099858e-03  8.573196e-01  1.828992e-03  
   1.7912300  9.240754e-01  2.149013e-03  9.240865e-01  2.149146e-03  8.612030e-01  1.870726e-03  
   1.8112299  9.284209e-01  2.197222e-03  9.284325e-01  2.197359e-03  8.649845e-01  1.911505e-03  
   1.8322300  9.330884e-01  2.249239e-03  9.331000e-01  2.249382e-03  8.690439e-01  1.955452e-03  
   1.8532300  9.378675e-01  2.302755e-03  9.378796e-01  2.302904e-03  8.731971e-01  2.000612e-03  
   1.8742300  9.427607e-01  2.357846e-03  9.427730e-01  2.358000e-03  8.774466e-01  2.047044e-03  
   1.8952301  9.477720e-01  2.414591e-03  9.477845e-01  2.414750e-03  8.817951e-01  2.094809e-03  
   1.9162300  9.529040e-01  2.473076e-03  9.529166e-01  2.473240e-03  8.862453e-01  2.143975e-03  
   1.9362299  9.579065e-01  2.530481e-03  9.579196e-01  2.530650e-03  8.905802e-01  2.192169e-03  
   1.9572300  9.632847e-01  2.592646e-03  9.632984e-01  2.592821e-03  8.952371e-01  2.244290e-03  
   1.9782300  9.687956e-01  2.656861e-03  9.688096e-01  2.657042e-03  9.000049e-01  2.298048e-03  
   1.9992300  9.744422e-01  2.723253e-03  9.744567e-01  2.723440e-03  9.048856e-01  2.353542e-03  
   2.0202301  9.802299e-01  2.791966e-03  9.802448e-01  2.792158e-03  9.098843e-01  2.410881e-03  
   2.0412300  9.861622e-01  2.863154e-03  9.861775e-01  2.863355e-03  9.150037e-01  2.470184e-03  
   2.0612299  9.919510e-01  2.933415e-03  9.919668e-01  2.933622e-03  9.199952e-01  2.528613e-03  
   2.0822301  9.981806e-01  3.009968e-03  9.981967e-01  3.010183e-03  9.253615e-01  2.592159e-03  
   2.1038301  1.004756e+00  3.091899e-03  1.004773e+00  3.092122e-03  9.310203e-01  2.660046e-03  
   2.1238301  1.011001e+00  3.170871e-03  1.011018e+00  3.171105e-03  9.363896e-01  2.725365e-03  
   2.1448300  1.017726e+00  3.257266e-03  1.017743e+00  3.257510e-03  9.421658e-01  2.796705e-03  
   2.1658299  1.024628e+00  3.347503e-03  1.024646e+00  3.347759e-03  9.480887e-01  2.871105e-03  
   2.1868300  1.031717e+00  3.441895e-03  1.031735e+00  3.442165e-03  9.541646e-01  2.948830e-03  
   2.2078300  1.038997e+00  3.540776e-03  1.039016e+00  3.541060e-03  9.603984e-01  3.030167e-03  
   2.2278299  1.046117e+00  3.639455e-03  1.046136e+00  3.639755e-03  9.664878e-01  3.111284e-03  
   2.2488301  1.053795e+00  3.748168e-03  1.053815e+00  3.748484e-03  9.730476e-01  3.200621e-03  
   2.2698300  1.061689e+00  3.862506e-03  1.061709e+00  3.862840e-03  9.797828e-01  3.294586e-03  
   2.2908299  1.069807e+00  3.982911e-03  1.069828e+00  3.983265e-03  9.867026e-01  3.393581e-03  
   2.3118300  1.078160e+00  4.109841e-03  1.078182e+00  4.110217e-03  9.938126e-01  3.498030e-03  
   2.3328300  1.086758e+00  4.243790e-03  1.086780e+00  4.244189e-03  1.001120e+00  3.608385e-03  
   2.3528299  1.095183e+00  4.378371e-03  1.095206e+00  4.378794e-03  1.008272e+00  3.719423e-03  
   2.3738301  1.104288e+00  4.527582e-03  1.104312e+00  4.528032e-03  1.015991e+00  3.842750e-03  
   2.3948300  1.113672e+00  4.685500e-03  1.113696e+00  4.685978e-03  1.023933e+00  3.973532e-03  
   2.4158299  1.123346e+00  4.852799e-03  1.123371e+00  4.853308e-03  1.032109e+00  4.112381e-03  
   2.4368300  1.133326e+00  5.030233e-03  1.133352e+00  5.030772e-03  1.040529e+00  4.259974e-03  
   2.4578300  1.143626e+00  5.218639e-03  1.143654e+00  5.219213e-03  1.049204e+00  4.417061e-03  
   2.4778299  1.153749e+00  5.409150e-03  1.153777e+00  5.409759e-03  1.057714e+00  4.576262e-03  
   2.4988301  1.164724e+00  5.621871e-03  1.164753e+00  5.622520e-03  1.066923e+00  4.754414e-03  
   2.5204301  1.176404e+00  5.855541e-03  1.176433e+00  5.856230e-03  1.076704e+00  4.950527e-03  
   2.5404301  1.187591e+00  6.086737e-03  1.187622e+00  6.087470e-03  1.086051e+00  5.144925e-03  
   2.5614300  1.199746e+00  6.346559e-03  1.199778e+00  6.347341e-03  1.096186e+00  5.363711e-03  
   2.5824299  1.212346e+00  6.625950e-03  1.212379e+00  6.626784e-03  1.106665e+00  5.599203e-03  
   2.6034300  1.225420e+00  6.927504e-03  1.225455e+00  6.928395e-03  1.117511e+00  5.853433e-03  
   2.6244299  1.238999e+00  7.254423e-03  1.239035e+00  7.255374e-03  1.128743e+00  6.128809e-03  
   2.6444299  1.252434e+00  7.593066e-03  1.252472e+00  7.594079e-03  1.139823e+00  6.413444e-03  
   2.6654301  1.267107e+00  7.982283e-03  1.267145e+00  7.983377e-03  1.151885e+00  6.739295e-03  
   2.6864300  1.282401e+00  8.412619e-03  1.282442e+00  8.413796e-03  1.164414e+00  7.097257e-03  
   2.7074299  1.298369e+00  8.893034e-03  1.298411e+00  8.894308e-03  1.177445e+00  7.493112e-03  
   2.7284300  1.315066e+00  9.435569e-03  1.315110e+00  9.436955e-03  1.191014e+00  7.934275e-03  
   2.7494299  1.332556e+00  1.005650e-02  1.332602e+00  1.005802e-02  1.205160e+00  8.430346e-03  
   2.7694299  1.350014e+00  1.074093e-02  1.350062e+00  1.074259e-02  1.219212e+00  8.965227e-03  
   2.7904301  1.369266e+00  1.158600e-02  1.369317e+00  1.158786e-02  1.234625e+00  9.607929e-03  
   2.8114300  1.389551e+00  1.260026e-02  1.389604e+00  1.260235e-02  1.250765e+00  1.035428e-02  
   2.8324299  1.410967e+00  1.383773e-02  1.411024e+00  1.384014e-02  1.267698e+00  1.123130e-02  
   2.8534300  1.433629e+00  1.537043e-02  1.433688e+00  1.537322e-02  1.285491e+00  1.227387e-02  
   2.8744299  1.457653e+00  1.729292e-02  1.457716e+00  1.729623e-02  1.304221e+00  1.352663e-02  
   2.8944299  1.481918e+00  1.959810e-02  1.481984e+00  1.960206e-02  1.323006e+00  1.496702e-02  
   2.9154301  1.508974e+00  2.266565e-02  1.509043e+00  2.267050e-02  1.343809e+00  1.680770e-02  
   2.9370301  1.538620e+00  2.671350e-02  1.538694e+00  2.671958e-02  1.366458e+00  1.914449e-02  
   2.9570301  1.567822e+00  3.149077e-02  1.567901e+00  3.149830e-02  1.388653e+00  2.181298e-02  
   2.9780300  1.600390e+00  3.784730e-02  1.600473e+00  3.785683e-02  1.413321e+00  2.526924e-02  
   2.9990301  1.634971e+00  4.590359e-02  1.635059e+00  4.591567e-02  1.439478e+00  2.955854e-02  
   3.0200300  1.671580e+00  5.603676e-02  1.671672e+00  5.605208e-02  1.467215e+00  3.487888e-02  
   3.0410299  1.710169e+00  6.866419e-02  1.710266e+00  6.868356e-02  1.496602e+00  4.146469e-02  
   3.0610299  1.748646e+00  8.341726e-02  1.748748e+00  8.344129e-02  1.526169e+00  4.916251e-02  
   3.0820301  1.790654e+00  1.022118e-01  1.790759e+00  1.022417e-01  1.558883e+00  5.904005e-02  
   3.1030300  1.833991e+00  1.248334e-01  1.834100e+00  1.248703e-01  1.593270e+00  7.109597e-02  
   3.1240301  1.878240e+00  1.516990e-01  1.878350e+00  1.517440e-01  1.629234e+00  8.570550e-02  
   3.1450300  1.922863e+00  1.831615e-01  1.922974e+00  1.832157e-01  1.666601e+00  1.032629e-01  
   3.1660299  1.967235e+00  2.194821e-01  1.967346e+00  2.195466e-01  1.705111e+00  1.241679e-01  
   3.1860299  2.008613e+00  2.587191e-01  2.008721e+00  2.587942e-01  1.742521e+00  1.475425e-01  
   3.2070301  2.050404e+00  3.047952e-01  2.050508e+00  3.048821e-01  1.782136e+00  1.760584e-01  
   3.2280300  2.089731e+00  3.557087e-01  2.089830e+00  3.558078e-01  1.821545e+00  2.089231e-01  
   3.2490301  2.125835e+00  4.111348e-01  2.125925e+00  4.112462e-01  1.860102e+00  2.463301e-01  
   3.2700300  2.158015e+00  4.705841e-01  2.158096e+00  4.707076e-01  1.897090e+00  2.883508e-01  
   3.2910299  2.185675e+00  5.334235e-01  2.185746e+00  5.335587e-01  1.931747e+00  3.349141e-01  
   3.3110299  2.207393e+00  5.957379e-01  2.207454e+00  5.958834e-01  1.961879e+00  3.832711e-01  
   3.3320301  2.225053e+00  6.629663e-01  2.225101e+00  6.631212e-01  1.989784e+00  4.378724e-01  
   3.3536301  2.237597e+00  7.331471e-01  2.237632e+00  7.333105e-01  2.013802e+00  4.975318e-01  
   3.3736300  2.244179e+00  7.982723e-01  2.244202e+00  7.984417e-01  2.031282e+00  5.552582e-01  
   3.3946300  2.246101e+00  8.660412e-01  2.246114e+00  8.662158e-01  2.044322e+00  6.176189e-01  
   3.4156301  2.243274e+00  9.325124e-01  2.243278e+00  9.326903e-01  2.051702e+00  6.808457e-01  
   3.4366300  2.236176e+00  9.971306e-01  2.236172e+00  9.973103e-01  2.053413e+00  7.439547e-01  
   3.4576299  2.225351e+00  1.059492e+00  2.225342e+00  1.059672e+00  2.049652e+00  8.059750e-01  
   3.4776299  2.212098e+00  1.116552e+00  2.212084e+00  1.116733e+00  2.041355e+00  8.632007e-01  
   3.4986300  2.195622e+00  1.173910e+00  2.195604e+00  1.174089e+00  2.028248e+00  9.205949e-01  
   3.5196300  2.177017e+00  1.228656e+00  2.176999e+00  1.228834e+00  2.011356e+00  9.746127e-01  
   3.5406301  2.156716e+00  1.280895e+00  2.156698e+00  1.281071e+00  1.991503e+00  1.024824e+00  
   3.5616300  2.135050e+00  1.330783e+00  2.135032e+00  1.330958e+00  1.969560e+00  1.071014e+00  
   3.5826299  2.112268e+00  1.378507e+00  2.112253e+00  1.378680e+00  1.946381e+00  1.113191e+00  
   3.6026299  2.089688e+00  1.422108e+00  2.089675e+00  1.422280e+00  1.923884e+00  1.149821e+00  
   3.6236300  2.065152e+00  1.466087e+00  2.065142e+00  1.466257e+00  1.900476e+00  1.184937e+00  
   3.6446300  2.039839e+00  1.508316e+00  2.039833e+00  1.508485e+00  1.877818e+00  1.217131e+00  
   3.6656301  2.013817e+00  1.548839e+00  2.013813e+00  1.549007e+00  1.856284e+00  1.246991e+00  
   3.6866300  1.987170e+00  1.587650e+00  1.987170e+00  1.587817e+00  1.836079e+00  1.275125e+00  
   3.7076299  1.960033e+00  1.624705e+00  1.960037e+00  1.624872e+00  1.817255e+00  1.302104e+00  
   3.7276299  1.933911e+00  1.658307e+00  1.933918e+00  1.658473e+00  1.800542e+00  1.327170e+00  
   3.7486300  1.906450e+00  1.691763e+00  1.906461e+00  1.691930e+00  1.784113e+00  1.353183e+00  
   3.7702301  1.878527e+00  1.724201e+00  1.878542e+00  1.724370e+00  1.768208e+00  1.379852e+00  
   3.7902300  1.853342e+00  1.752485e+00  1.853361e+00  1.752656e+00  1.754195e+00  1.404558e+00  
   3.8112299  1.828037e+00  1.780491e+00  1.828060e+00  1.780665e+00  1.740085e+00  1.430493e+00  
   3.8322301  1.804371e+00  1.806986e+00  1.804398e+00  1.807165e+00  1.726533e+00  1.456321e+00  
   3.8532300  1.782825e+00  1.832319e+00  1.782855e+00  1.832504e+00  1.713583e+00  1.481900e+00  
   3.8742299  1.763837e+00  1.856969e+00  1.763871e+00  1.857162e+00  1.701391e+00  1.507100e+00  
   3.8942299  1.748468e+00  1.880367e+00  1.748503e+00  1.880568e+00  1.690710e+00  1.530684e+00  
   3.9152300  1.735422e+00  1.905553e+00  1.735460e+00  1.905763e+00  1.680784e+00  1.555041e+00  
   3.9362299  1.725652e+00  1.932195e+00  1.725691e+00  1.932417e+00  1.672534e+00  1.579147e+00  
   3.9572301  1.719088e+00  1.961210e+00  1.719126e+00  1.961444e+00  1.666318e+00  1.603335e+00  
   3.9782300  1.715450e+00  1.993556e+00  1.715486e+00  1.993804e+00  1.662434e+00  1.628095e+00  
   3.9992299  1.714231e+00  2.030192e+00  1.714264e+00  2.030452e+00  1.661085e+00  1.654083e+00  
   4.0192299  1.714646e+00  2.069902e+00  1.714674e+00  2.070176e+00  1.662207e+00  1.680697e+00  
   4.0402298  1.715811e+00  2.117428e+00  1.715831e+00  2.117715e+00  1.665789e+00  1.711456e+00  
   4.0612302  1.716566e+00  2.171567e+00  1.716577e+00  2.171868e+00  1.671499e+00  1.746035e+00  
   4.0822301  1.715562e+00  2.232754e+00  1.715561e+00  2.233068e+00  1.678753e+00  1.785390e+00  
   4.1032300  1.711315e+00  2.301173e+00  1.711298e+00  2.301498e+00  1.686725e+00  1.830428e+00  
   4.1242299  1.702261e+00  2.376728e+00  1.702227e+00  2.377062e+00  1.694340e+00  1.881944e+00  
   4.1442299  1.687727e+00  2.454951e+00  1.687673e+00  2.455293e+00  1.700066e+00  1.937589e+00  
   4.1652298  1.664797e+00  2.542994e+00  1.664719e+00  2.543339e+00  1.703035e+00  2.003295e+00  
   4.1868300  1.631554e+00  2.638837e+00  1.631451e+00  2.639184e+00  1.701124e+00  2.078745e+00  
   4.2068300  1.590891e+00  2.731184e+00  1.590759e+00  2.731528e+00  1.693236e+00  2.155479e+00  
   4.2278299  1.536990e+00  2.830441e+00  1.536829e+00  2.830777e+00  1.676920e+00  2.242548e+00  
   4.2488298  1.470890e+00  2.930409e+00  1.470698e+00  2.930734e+00  1.650720e+00  2.335261e+00  
   4.2698302  1.392143e+00  3.029305e+00  1.391919e+00  3.029615e+00  1.613125e+00  2.432206e+00  
   4.2908301  1.300613e+00  3.125252e+00  1.300357e+00  3.125544e+00  1.562888e+00  2.531590e+00  
   4.3108301  1.201709e+00  3.212155e+00  1.201423e+00  3.212428e+00  1.502473e+00  2.626595e+00  
   4.3318300  1.085981e+00  3.296890e+00  1.085665e+00  3.297142e+00  1.425397e+00  2.724474e+00  
   4.3528299  9.588146e-01  3.373153e+00  9.584700e-01  3.373381e+00  1.334380e+00  2.817994e+00  
   4.3738298  8.212114e-01  3.439202e+00  8.208407e-01  3.439407e+00  1.229982e+00  2.904649e+00  
   4.3948302  6.744109e-01  3.493419e+00  6.740177e-01  3.493603e+00  1.113299e+00  2.982025e+00  
   4.4158301  5.198834e-01  3.534337e+00  5.194724e-01  3.534501e+00  9.859411e-01  3.047924e+00  
   4.4358301  3.670489e-01  3.559773e+00  3.666245e-01  3.559921e+00  8.565880e-01  3.098310e+00  
   4.4568300  2.023905e-01  3.571251e+00  2.019571e-01  3.571384e+00  7.145969e-01  3.136842e+00  
   4.4778299  3.540711e-02  3.566332e+00  3.496972e-02  3.566454e+00  5.688552e-01  3.159724e+00  
   4.4988298  -1.317842e-01  3.544504e+00  -1.322201e-01  3.544617e+00  4.220691e-01  3.166553e+00  
   4.5198302  -2.969784e-01  3.505587e+00  -2.974080e-01  3.505693e+00  2.768998e-01  3.157476e+00  
   4.5408301  -4.579133e-01  3.449775e+00  -4.583316e-01  3.449876e+00  1.358460e-01  3.133155e+00  
   4.5608301  -6.051738e-01  3.381454e+00  -6.055779e-01  3.381551e+00  7.354867e-03  3.096841e+00  
   4.5818300  -7.514017e-01  3.294752e+00  -7.517877e-01  3.294848e+00  -1.196476e-01  3.046324e+00  
   4.6034298  -8.907453e-01  3.191049e+00  -8.911102e-01  3.191144e+00  -2.403415e-01  2.982940e+00  
   4.6234298  -1.008096e+00  3.083584e+00  -1.008440e+00  3.083679e+00  -3.421800e-01  2.915716e+00  
   4.6444302  -1.117812e+00  2.960978e+00  -1.118134e+00  2.961072e+00  -4.382989e-01  2.838211e+00  
   4.6654301  -1.212628e+00  2.830743e+00  -1.212929e+00  2.830837e+00  -5.231611e-01  2.755533e+00  
   4.6864300  -1.291901e+00  2.695454e+00  -1.292182e+00  2.695548e+00  -5.969169e-01  2.669523e+00  
   4.7074299  -1.355460e+00  2.557752e+00  -1.355724e+00  2.557844e+00  -6.599804e-01  2.581861e+00  
   4.7274299  -1.401652e+00  2.426718e+00  -1.401901e+00  2.426810e+00  -7.106559e-01  2.498200e+00  
   4.7484298  -1.435796e+00  2.291561e+00  -1.436033e+00  2.291649e+00  -7.547190e-01  2.411400e+00  
   4.7694302  -1.456323e+00  2.160987e+00  -1.456549e+00  2.161072e+00  -7.902142e-01  2.326714e+00  
   4.7904301  -1.464632e+00  2.036785e+00  -1.464850e+00  2.036865e+00  -8.179847e-01  2.245000e+00  
   4.8114300  -1.462328e+00  1.920339e+00  -1.462540e+00  1.920414e+00  -8.388748e-01  2.166917e+00  
   4.8324299  -1.451120e+00  1.812623e+00  -1.451326e+00  1.812690e+00  -8.537047e-01  2.092949e+00  
   4.8524299  -1.433739e+00  1.718681e+00  -1.433941e+00  1.718739e+00  -8.629093e-01  2.026628e+00  
   4.8734298  -1.410031e+00  1.629327e+00  -1.410228e+00  1.629375e+00  -8.681146e-01  1.961504e+00  
   4.8944302  -1.382229e+00  1.549399e+00  -1.382422e+00  1.549433e+00  -8.694234e-01  1.901079e+00  
   4.9154301  -1.351685e+00  1.478563e+00  -1.351871e+00  1.478583e+00  -8.674629e-01  1.845332e+00  
   4.9364300  -1.319552e+00  1.416303e+00  -1.319733e+00  1.416307e+00  -8.628033e-01  1.794158e+00  
   4.9574299  -1.286787e+00  1.361975e+00  -1.286960e+00  1.361961e+00  -8.559579e-01  1.747390e+00  
   4.9774299  -1.255692e+00  1.316957e+00  -1.255856e+00  1.316926e+00  -8.478243e-01  1.706751e+00  
   4.9984298  -1.223722e+00  1.276038e+00  -1.223876e+00  1.275989e+00  -8.379755e-01  1.667933e+00  
