w Re-xx Im-xx Re-yy Im-yy Re-zz Im-zz
# Gaussian absolute broadening  0.15 [eV]
   0.0000000  7.678717e-01  8.817250e-05  7.678876e-01  8.817457e-05  7.283105e-01  8.000569e-05  
   0.0200000  7.679716e-01  9.436670e-05  7.679872e-01  9.436916e-05  7.284008e-01  8.562401e-05  
   0.0410000  7.680902e-01  1.014253e-04  7.681057e-01  1.014282e-04  7.285084e-01  9.202609e-05  
   0.0620000  7.682250e-01  1.090881e-04  7.682409e-01  1.090916e-04  7.286308e-01  9.897600e-05  
   0.0830000  7.683783e-01  1.173891e-04  7.683941e-01  1.173932e-04  7.287701e-01  1.065044e-04  
   0.1040000  7.685524e-01  1.263575e-04  7.685682e-01  1.263623e-04  7.289280e-01  1.146377e-04  
   0.1240000  7.687390e-01  1.355408e-04  7.687544e-01  1.355462e-04  7.290972e-01  1.229654e-04  
   0.1450000  7.689590e-01  1.458721e-04  7.689748e-01  1.458784e-04  7.292966e-01  1.323339e-04  
   0.1660000  7.692062e-01  1.569158e-04  7.692218e-01  1.569229e-04  7.295209e-01  1.423476e-04  
   0.1870000  7.694826e-01  1.686682e-04  7.694982e-01  1.686762e-04  7.297716e-01  1.530034e-04  
   0.2080000  7.697901e-01  1.811148e-04  7.698057e-01  1.811236e-04  7.300506e-01  1.642880e-04  
   0.2290000  7.701303e-01  1.942305e-04  7.701461e-01  1.942402e-04  7.303593e-01  1.761783e-04  
   0.2490000  7.704865e-01  2.073114e-04  7.705023e-01  2.073219e-04  7.306823e-01  1.880364e-04  
   0.2700000  7.708955e-01  2.216238e-04  7.709113e-01  2.216351e-04  7.310534e-01  2.010098e-04  
   0.2910000  7.713413e-01  2.364786e-04  7.713571e-01  2.364908e-04  7.314575e-01  2.144737e-04  
   0.3120000  7.718245e-01  2.518223e-04  7.718405e-01  2.518352e-04  7.318960e-01  2.283794e-04  
   0.3330000  7.723461e-01  2.675997e-04  7.723619e-01  2.676132e-04  7.323689e-01  2.426768e-04  
   0.3540000  7.729058e-01  2.837577e-04  7.729217e-01  2.837718e-04  7.328764e-01  2.573174e-04  
   0.3740000  7.734747e-01  2.994545e-04  7.734905e-01  2.994692e-04  7.333922e-01  2.715382e-04  
   0.3950000  7.741095e-01  3.162173e-04  7.741255e-01  3.162325e-04  7.339678e-01  2.867229e-04  
   0.4160000  7.747825e-01  3.332307e-04  7.747983e-01  3.332464e-04  7.345782e-01  3.021320e-04  
   0.4374300  7.755092e-01  3.508187e-04  7.755253e-01  3.508349e-04  7.352370e-01  3.180591e-04  
   0.4574300  7.762231e-01  3.674169e-04  7.762392e-01  3.674336e-04  7.358842e-01  3.330872e-04  
   0.4784300  7.770100e-01  3.850187e-04  7.770260e-01  3.850359e-04  7.365976e-01  3.490211e-04  
   0.4994300  7.778348e-01  4.027869e-04  7.778509e-01  4.028045e-04  7.373453e-01  3.651023e-04  
   0.5204300  7.786980e-01  4.207141e-04  7.787142e-01  4.207322e-04  7.381276e-01  3.813239e-04  
   0.5414300  7.795994e-01  4.387969e-04  7.796155e-01  4.388154e-04  7.389444e-01  3.976829e-04  
   0.5614300  7.804936e-01  4.561630e-04  7.805099e-01  4.561821e-04  7.397553e-01  4.133899e-04  
   0.5824300  7.814706e-01  4.745512e-04  7.814868e-01  4.745707e-04  7.406404e-01  4.300174e-04  
   0.6034300  7.824861e-01  4.930993e-04  7.825026e-01  4.931193e-04  7.415607e-01  4.467860e-04  
   0.6244300  7.835416e-01  5.118137e-04  7.835578e-01  5.118340e-04  7.425168e-01  4.637005e-04  
   0.6454300  7.846361e-01  5.306992e-04  7.846525e-01  5.307200e-04  7.435086e-01  4.807653e-04  
   0.6664300  7.857710e-01  5.497620e-04  7.857876e-01  5.497830e-04  7.445364e-01  4.979859e-04  
   0.6864300  7.868888e-01  5.680873e-04  7.869052e-01  5.681090e-04  7.455489e-01  5.145365e-04  
   0.7074300  7.881024e-01  5.875154e-04  7.881191e-01  5.875377e-04  7.466483e-01  5.320786e-04  
   0.7284300  7.893569e-01  6.071407e-04  7.893735e-01  6.071636e-04  7.477843e-01  5.497941e-04  
   0.7494300  7.906530e-01  6.269711e-04  7.906696e-01  6.269951e-04  7.489582e-01  5.676902e-04  
   0.7704300  7.919908e-01  6.470139e-04  7.920073e-01  6.470389e-04  7.501693e-01  5.857727e-04  
   0.7914300  7.933711e-01  6.672775e-04  7.933879e-01  6.673040e-04  7.514188e-01  6.040495e-04  
   0.8114300  7.947250e-01  6.867888e-04  7.947416e-01  6.868165e-04  7.526442e-01  6.216427e-04  
   0.8324300  7.961889e-01  7.075074e-04  7.962058e-01  7.075368e-04  7.539691e-01  6.403192e-04  
   0.8540300  7.977403e-01  7.290749e-04  7.977573e-01  7.291065e-04  7.553736e-01  6.597553e-04  
   0.8740300  7.992185e-01  7.492857e-04  7.992356e-01  7.493191e-04  7.567111e-01  6.779632e-04  
   0.8950300  8.008144e-01  7.707665e-04  8.008314e-01  7.708019e-04  7.581549e-01  6.973091e-04  
   0.9160300  8.024555e-01  7.925222e-04  8.024725e-01  7.925602e-04  7.596397e-01  7.168964e-04  
   0.9370300  8.041427e-01  8.145638e-04  8.041599e-01  8.146039e-04  7.611656e-01  7.367348e-04  
   0.9580300  8.058763e-01  8.369014e-04  8.058936e-01  8.369441e-04  7.627334e-01  7.568330e-04  
   0.9780300  8.075716e-01  8.584621e-04  8.075892e-01  8.585068e-04  7.642664e-01  7.762255e-04  
   0.9990300  8.093985e-01  8.814115e-04  8.094159e-01  8.814584e-04  7.659183e-01  7.968600e-04  
   1.0200300  8.112737e-01  9.046911e-04  8.112913e-01  9.047401e-04  7.676134e-01  8.177845e-04  
   1.0410300  8.131984e-01  9.283130e-04  8.132161e-01  9.283639e-04  7.693531e-01  8.390085e-04  
   1.0620300  8.151736e-01  9.522892e-04  8.151913e-01  9.523418e-04  7.711381e-01  8.605432e-04  
   1.0830300  8.171991e-01  9.766320e-04  8.172171e-01  9.766859e-04  7.729685e-01  8.823989e-04  
   1.1030300  8.191760e-01  1.000167e-03  8.191941e-01  1.000223e-03  7.747545e-01  9.035230e-04  
   1.1240300  8.213031e-01  1.025263e-03  8.213212e-01  1.025320e-03  7.766758e-01  9.260388e-04  
   1.1450300  8.234832e-01  1.050764e-03  8.235013e-01  1.050822e-03  7.786447e-01  9.489097e-04  
   1.1660300  8.257173e-01  1.076684e-03  8.257357e-01  1.076743e-03  7.806622e-01  9.721476e-04  
   1.1870300  8.280064e-01  1.103038e-03  8.280247e-01  1.103098e-03  7.827287e-01  9.957659e-04  
   1.2080300  8.303509e-01  1.129841e-03  8.303694e-01  1.129902e-03  7.848454e-01  1.019778e-03  
   1.2280300  8.326365e-01  1.155799e-03  8.326550e-01  1.155861e-03  7.869081e-01  1.043024e-03  
   1.2490300  8.350922e-01  1.183525e-03  8.351110e-01  1.183588e-03  7.891240e-01  1.067845e-03  
   1.2706300  8.376801e-01  1.212563e-03  8.376991e-01  1.212628e-03  7.914587e-01  1.093830e-03  
   1.2906300  8.401324e-01  1.239937e-03  8.401511e-01  1.240003e-03  7.936706e-01  1.118318e-03  
   1.3116300  8.427665e-01  1.269203e-03  8.427858e-01  1.269270e-03  7.960462e-01  1.144489e-03  
   1.3326300  8.454626e-01  1.299024e-03  8.454818e-01  1.299093e-03  7.984768e-01  1.171145e-03  
   1.3536299  8.482218e-01  1.329419e-03  8.482412e-01  1.329490e-03  8.009643e-01  1.198308e-03  
   1.3746300  8.510455e-01  1.360413e-03  8.510650e-01  1.360486e-03  8.035093e-01  1.225995e-03  
   1.3946300  8.537960e-01  1.390508e-03  8.538157e-01  1.390582e-03  8.059881e-01  1.252871e-03  
   1.4156300  8.567497e-01  1.422734e-03  8.567694e-01  1.422811e-03  8.086489e-01  1.281642e-03  
   1.4366300  8.597717e-01  1.455627e-03  8.597918e-01  1.455707e-03  8.113710e-01  1.311001e-03  
   1.4576300  8.628639e-01  1.489214e-03  8.628838e-01  1.489296e-03  8.141553e-01  1.340972e-03  
   1.4786299  8.660276e-01  1.523519e-03  8.660478e-01  1.523603e-03  8.170041e-01  1.371579e-03  
   1.4996300  8.692642e-01  1.558570e-03  8.692847e-01  1.558656e-03  8.199175e-01  1.402850e-03  
   1.5196300  8.724155e-01  1.592670e-03  8.724362e-01  1.592760e-03  8.227536e-01  1.433275e-03  
   1.5406300  8.757989e-01  1.629262e-03  8.758194e-01  1.629354e-03  8.257979e-01  1.465927e-03  
   1.5616300  8.792600e-01  1.666689e-03  8.792810e-01  1.666784e-03  8.289115e-01  1.499338e-03  
   1.5826300  8.828006e-01  1.704984e-03  8.828216e-01  1.705082e-03  8.320958e-01  1.533546e-03  
   1.6036299  8.864224e-01  1.744185e-03  8.864437e-01  1.744286e-03  8.353526e-01  1.568594e-03  
   1.6246300  8.901276e-01  1.784329e-03  8.901489e-01  1.784434e-03  8.386832e-01  1.604530e-03  
   1.6446300  8.937345e-01  1.823477e-03  8.937560e-01  1.823585e-03  8.419255e-01  1.639630e-03  
   1.6656300  8.976071e-01  1.865585e-03  8.976288e-01  1.865696e-03  8.454053e-01  1.677462e-03  
   1.6872300  9.016839e-01  1.910020e-03  9.017062e-01  1.910136e-03  8.490680e-01  1.717488e-03  
   1.7072300  9.055451e-01  1.952229e-03  9.055672e-01  1.952349e-03  8.525360e-01  1.755624e-03  
   1.7282300  9.096905e-01  1.997706e-03  9.097132e-01  1.997831e-03  8.562588e-01  1.796858e-03  
   1.7492300  9.139326e-01  2.044432e-03  9.139552e-01  2.044561e-03  8.600676e-01  1.839396e-03  
   1.7702301  9.182732e-01  2.092473e-03  9.182963e-01  2.092606e-03  8.639641e-01  1.883335e-03  
   1.7912300  9.227159e-01  2.141901e-03  9.227393e-01  2.142041e-03  8.679509e-01  1.928778e-03  
   1.8112299  9.270444e-01  2.190342e-03  9.270679e-01  2.190487e-03  8.718345e-01  1.973561e-03  
   1.8322300  9.316939e-01  2.242721e-03  9.317179e-01  2.242871e-03  8.760056e-01  2.022285e-03  
   1.8532300  9.364538e-01  2.296743e-03  9.364780e-01  2.296899e-03  8.802747e-01  2.072893e-03  
   1.8742300  9.413276e-01  2.352512e-03  9.413520e-01  2.352674e-03  8.846450e-01  2.125552e-03  
   1.8952301  9.463184e-01  2.410134e-03  9.463432e-01  2.410301e-03  8.891194e-01  2.180456e-03  
   1.9162300  9.514298e-01  2.469726e-03  9.514549e-01  2.469898e-03  8.937009e-01  2.237833e-03  
   1.9362299  9.564125e-01  2.528426e-03  9.564378e-01  2.528604e-03  8.981666e-01  2.295020e-03  
   1.9572300  9.617689e-01  2.592237e-03  9.617946e-01  2.592420e-03  9.029661e-01  2.358043e-03  
   1.9782300  9.672574e-01  2.658421e-03  9.672834e-01  2.658609e-03  9.078826e-01  2.424475e-03  
   1.9992300  9.728807e-01  2.727137e-03  9.729069e-01  2.727330e-03  9.129194e-01  2.494736e-03  
   2.0202301  9.786441e-01  2.798563e-03  9.786706e-01  2.798762e-03  9.180804e-01  2.569308e-03  
   2.0412300  9.845519e-01  2.872888e-03  9.845787e-01  2.873092e-03  9.233694e-01  2.648724e-03  
   2.0612299  9.903160e-01  2.946561e-03  9.903432e-01  2.946772e-03  9.285292e-01  2.729401e-03  
   2.0822301  9.965190e-01  3.027173e-03  9.965469e-01  3.027390e-03  9.340798e-01  2.820020e-03  
   2.1038301  1.003066e+00  3.113830e-03  1.003094e+00  3.114055e-03  9.399367e-01  2.920248e-03  
   2.1238301  1.009283e+00  3.197712e-03  1.009311e+00  3.197944e-03  9.454970e-01  3.020069e-03  
   2.1448300  1.015978e+00  3.289851e-03  1.016007e+00  3.290091e-03  9.514812e-01  3.132872e-03  
   2.1658299  1.022849e+00  3.386477e-03  1.022879e+00  3.386725e-03  9.576211e-01  3.254622e-03  
   2.1868300  1.029905e+00  3.487944e-03  1.029935e+00  3.488203e-03  9.639228e-01  3.386116e-03  
   2.2078300  1.037151e+00  3.594630e-03  1.037182e+00  3.594902e-03  9.703898e-01  3.528154e-03  
   2.2278299  1.044237e+00  3.701456e-03  1.044268e+00  3.701740e-03  9.767100e-01  3.673978e-03  
   2.2488301  1.051877e+00  3.819514e-03  1.051909e+00  3.819810e-03  9.835197e-01  3.838946e-03  
   2.2698300  1.059732e+00  3.944038e-03  1.059764e+00  3.944350e-03  9.905141e-01  4.016835e-03  
   2.2908299  1.067810e+00  4.075507e-03  1.067843e+00  4.075835e-03  9.977006e-01  4.208439e-03  
   2.3118300  1.076120e+00  4.214415e-03  1.076154e+00  4.214762e-03  1.005086e+00  4.414522e-03  
   2.3328300  1.084673e+00  4.361300e-03  1.084707e+00  4.361666e-03  1.012678e+00  4.635837e-03  
   2.3528299  1.093052e+00  4.509137e-03  1.093087e+00  4.509523e-03  1.020107e+00  4.861464e-03  
   2.3738301  1.102108e+00  4.673333e-03  1.102143e+00  4.673744e-03  1.028125e+00  5.114717e-03  
   2.3948300  1.111439e+00  4.847437e-03  1.111475e+00  4.847870e-03  1.036375e+00  5.385524e-03  
   2.4158299  1.121059e+00  5.032286e-03  1.121096e+00  5.032746e-03  1.044867e+00  5.674812e-03  
   2.4368300  1.130981e+00  5.228858e-03  1.131018e+00  5.229343e-03  1.053612e+00  5.983655e-03  
   2.4578300  1.141222e+00  5.438287e-03  1.141259e+00  5.438804e-03  1.062622e+00  6.313307e-03  
   2.4778299  1.151283e+00  5.650915e-03  1.151322e+00  5.651463e-03  1.071459e+00  6.647984e-03  
   2.4988301  1.162191e+00  5.889499e-03  1.162231e+00  5.890083e-03  1.081022e+00  7.022855e-03  
   2.5204301  1.173797e+00  6.153144e-03  1.173838e+00  6.153767e-03  1.091177e+00  7.435643e-03  
   2.5404301  1.184912e+00  6.415710e-03  1.184954e+00  6.416378e-03  1.100881e+00  7.844652e-03  
   2.5614300  1.196988e+00  6.712855e-03  1.197031e+00  6.713568e-03  1.111401e+00  8.304395e-03  
   2.5824299  1.209502e+00  7.034734e-03  1.209545e+00  7.035500e-03  1.122277e+00  8.797988e-03  
   2.6034300  1.222482e+00  7.384642e-03  1.222528e+00  7.385461e-03  1.133529e+00  9.328566e-03  
   2.6244299  1.235960e+00  7.766457e-03  1.236007e+00  7.767342e-03  1.145180e+00  9.899450e-03  
   2.6444299  1.249290e+00  8.164050e-03  1.249337e+00  8.164996e-03  1.156670e+00  1.048396e-02  
   2.6654301  1.263839e+00  8.622686e-03  1.263889e+00  8.623715e-03  1.169173e+00  1.114442e-02  
   2.6864300  1.278998e+00  9.130571e-03  1.279049e+00  9.131690e-03  1.182154e+00  1.185731e-02  
   2.7074299  1.294815e+00  9.696928e-03  1.294867e+00  9.698149e-03  1.195650e+00  1.262826e-02  
   2.7284300  1.311341e+00  1.033384e-02  1.311395e+00  1.033518e-02  1.209698e+00  1.346444e-02  
   2.7494299  1.328637e+00  1.105729e-02  1.328693e+00  1.105878e-02  1.224341e+00  1.437517e-02  
   2.7694299  1.345889e+00  1.184627e-02  1.345947e+00  1.184793e-02  1.238885e+00  1.532331e-02  
   2.7904301  1.364895e+00  1.280710e-02  1.364955e+00  1.280900e-02  1.254838e+00  1.641983e-02  
   2.8114300  1.384898e+00  1.394105e-02  1.384960e+00  1.394325e-02  1.271549e+00  1.764195e-02  
   2.8324299  1.405994e+00  1.529877e-02  1.406058e+00  1.530137e-02  1.289088e+00  1.901962e-02  
   2.8534300  1.428287e+00  1.694725e-02  1.428355e+00  1.695038e-02  1.307529e+00  2.059251e-02  
   2.8744299  1.451891e+00  1.897392e-02  1.451962e+00  1.897775e-02  1.326957e+00  2.241219e-02  
   2.8944299  1.475700e+00  2.135854e-02  1.475774e+00  2.136325e-02  1.346458e+00  2.443539e-02  
   2.9154301  1.502209e+00  2.447613e-02  1.502287e+00  2.448206e-02  1.368073e+00  2.694531e-02  
   2.9370301  1.531216e+00  2.852215e-02  1.531298e+00  2.852976e-02  1.391625e+00  3.004857e-02  
   2.9570301  1.559749e+00  3.322949e-02  1.559835e+00  3.323911e-02  1.414719e+00  3.351623e-02  
   2.9780300  1.591529e+00  3.941673e-02  1.591620e+00  3.942907e-02  1.440390e+00  3.792764e-02  
   2.9990301  1.625233e+00  4.717520e-02  1.625330e+00  4.719097e-02  1.467608e+00  4.331873e-02  
   3.0200300  1.660877e+00  5.684713e-02  1.660980e+00  5.686717e-02  1.496442e+00  4.991934e-02  
   3.0410299  1.698419e+00  6.881167e-02  1.698528e+00  6.883696e-02  1.526944e+00  5.799872e-02  
   3.0610299  1.735834e+00  8.270974e-02  1.735949e+00  8.274102e-02  1.557557e+00  6.735055e-02  
   3.0820301  1.776674e+00  1.003346e-01  1.776795e+00  1.003732e-01  1.591312e+00  7.924256e-02  
   3.1030300  1.818817e+00  1.214737e-01  1.818945e+00  1.215208e-01  1.626631e+00  9.362990e-02  
   3.1240301  1.861875e+00  1.465169e-01  1.862009e+00  1.465736e-01  1.663355e+00  1.109146e-01  
   3.1450300  1.905354e+00  1.758017e-01  1.905495e+00  1.758690e-01  1.701239e+00  1.315076e-01  
   3.1660299  1.948671e+00  2.095891e-01  1.948819e+00  2.096676e-01  1.739949e+00  1.558112e-01  
   3.1860299  1.989172e+00  2.460996e-01  1.989325e+00  2.461893e-01  1.777185e+00  1.827465e-01  
   3.2070301  2.030225e+00  2.890207e-01  2.030383e+00  2.891223e-01  1.816163e+00  2.153077e-01  
   3.2280300  2.069045e+00  3.365389e-01  2.069207e+00  3.366523e-01  1.854408e+00  2.524748e-01  
   3.2490301  2.104911e+00  3.884101e-01  2.105075e+00  3.885343e-01  1.891224e+00  2.943617e-01  
   3.2700300  2.137156e+00  4.442417e-01  2.137320e+00  4.443757e-01  1.925862e+00  3.409387e-01  
   3.2910299  2.165193e+00  5.035102e-01  2.165357e+00  5.036525e-01  1.957551e+00  3.920173e-01  
   3.3110299  2.187563e+00  5.625714e-01  2.187726e+00  5.627197e-01  1.984294e+00  4.445177e-01  
   3.3320301  2.206201e+00  6.266461e-01  2.206359e+00  6.267985e-01  2.008086e+00  5.031765e-01  
   3.3536301  2.220028e+00  6.939682e-01  2.220181e+00  6.941226e-01  2.027343e+00  5.665604e-01  
   3.3736300  2.228013e+00  7.568725e-01  2.228160e+00  7.570261e-01  2.040009e+00  6.272168e-01  
   3.3946300  2.231582e+00  8.228104e-01  2.231720e+00  8.229610e-01  2.047664e+00  6.920183e-01  
   3.4156301  2.230527e+00  8.879971e-01  2.230655e+00  8.881422e-01  2.049428e+00  7.569594e-01  
   3.4366300  2.225277e+00  9.518873e-01  2.225394e+00  9.520255e-01  2.045393e+00  8.210061e-01  
   3.4576299  2.216337e+00  1.014062e+00  2.216443e+00  1.014192e+00  2.035875e+00  8.831702e-01  
   3.4776299  2.204890e+00  1.071420e+00  2.204983e+00  1.071542e+00  2.022179e+00  9.398059e-01  
   3.4986300  2.190305e+00  1.129547e+00  2.190385e+00  1.129658e+00  2.003591e+00  9.958587e-01  
   3.5196300  2.173588e+00  1.185480e+00  2.173655e+00  1.185582e+00  1.981503e+00  1.047861e+00  
   3.5406301  2.155179e+00  1.239274e+00  2.155232e+00  1.239365e+00  1.956822e+00  1.095469e+00  
   3.5616300  2.135430e+00  1.291039e+00  2.135469e+00  1.291123e+00  1.930483e+00  1.138570e+00  
   3.5826299  2.114609e+00  1.340925e+00  2.114634e+00  1.341002e+00  1.903396e+00  1.177278e+00  
   3.6026299  2.093950e+00  1.386822e+00  2.093962e+00  1.386892e+00  1.877656e+00  1.210348e+00  
   3.6236300  2.071497e+00  1.433436e+00  2.071496e+00  1.433500e+00  1.851355e+00  1.241552e+00  
   3.6446300  2.048337e+00  1.478505e+00  2.048323e+00  1.478564e+00  1.826322e+00  1.269741e+00  
   3.6656301  2.024518e+00  1.522050e+00  2.024491e+00  1.522106e+00  1.802900e+00  1.295570e+00  
   3.6866300  2.000105e+00  1.564039e+00  2.000068e+00  1.564092e+00  1.781250e+00  1.319701e+00  
   3.7076299  1.975200e+00  1.604395e+00  1.975153e+00  1.604445e+00  1.761365e+00  1.342738e+00  
   3.7276299  1.951167e+00  1.641221e+00  1.951110e+00  1.641270e+00  1.743937e+00  1.364126e+00  
   3.7486300  1.925822e+00  1.678110e+00  1.925759e+00  1.678159e+00  1.727006e+00  1.386370e+00  
   3.7702301  1.899955e+00  1.714090e+00  1.899885e+00  1.714138e+00  1.710777e+00  1.409274e+00  
   3.7902300  1.876533e+00  1.745630e+00  1.876458e+00  1.745678e+00  1.696586e+00  1.430603e+00  
   3.8112299  1.852902e+00  1.777004e+00  1.852825e+00  1.777053e+00  1.682363e+00  1.453125e+00  
   3.8322301  1.830708e+00  1.806796e+00  1.830629e+00  1.806848e+00  1.668738e+00  1.475702e+00  
   3.8532300  1.810407e+00  1.835345e+00  1.810328e+00  1.835402e+00  1.655725e+00  1.498227e+00  
   3.8742299  1.792423e+00  1.863132e+00  1.792345e+00  1.863194e+00  1.643462e+00  1.520614e+00  
   3.8942299  1.777774e+00  1.889447e+00  1.777698e+00  1.889516e+00  1.632698e+00  1.541790e+00  
   3.9152300  1.765226e+00  1.917626e+00  1.765151e+00  1.917708e+00  1.622665e+00  1.563948e+00  
   3.9362299  1.755679e+00  1.947194e+00  1.755606e+00  1.947289e+00  1.614290e+00  1.586241e+00  
   3.9572301  1.749057e+00  1.979057e+00  1.748985e+00  1.979170e+00  1.607934e+00  1.609038e+00  
   3.9782300  1.745078e+00  2.014149e+00  1.745006e+00  2.014284e+00  1.603902e+00  1.632857e+00  
   3.9992299  1.743240e+00  2.053393e+00  1.743169e+00  2.053552e+00  1.602400e+00  1.658360e+00  
   4.0192299  1.742818e+00  2.095410e+00  1.742745e+00  2.095594e+00  1.603371e+00  1.684926e+00  
   4.0402298  1.742862e+00  2.145106e+00  1.742785e+00  2.145321e+00  1.606788e+00  1.716037e+00  
   4.0612302  1.742279e+00  2.201081e+00  1.742198e+00  2.201329e+00  1.612317e+00  1.751325e+00  
   4.0822301  1.739757e+00  2.263692e+00  1.739669e+00  2.263973e+00  1.619368e+00  1.791670e+00  
   4.1032300  1.733855e+00  2.333054e+00  1.733759e+00  2.333366e+00  1.627100e+00  1.837881e+00  
   4.1242299  1.723061e+00  2.409009e+00  1.722955e+00  2.409353e+00  1.634425e+00  1.890639e+00  
   4.1442299  1.706835e+00  2.487076e+00  1.706719e+00  2.487448e+00  1.639817e+00  1.947420e+00  
   4.1652298  1.682134e+00  2.574382e+00  1.682005e+00  2.574777e+00  1.642365e+00  2.014147e+00  
   4.1868300  1.647117e+00  2.668872e+00  1.646974e+00  2.669286e+00  1.639942e+00  2.090332e+00  
   4.2068300  1.604873e+00  2.759476e+00  1.604716e+00  2.759901e+00  1.631508e+00  2.167353e+00  
   4.2278299  1.549389e+00  2.856465e+00  1.549215e+00  2.856895e+00  1.614554e+00  2.254217e+00  
   4.2488298  1.481769e+00  2.953814e+00  1.481578e+00  2.954241e+00  1.587670e+00  2.346129e+00  
   4.2698302  1.401543e+00  3.049847e+00  1.401332e+00  3.050262e+00  1.549380e+00  2.441622e+00  
   4.2908301  1.308530e+00  3.142802e+00  1.308300e+00  3.143196e+00  1.498484e+00  2.538877e+00  
   4.3108301  1.208166e+00  3.226835e+00  1.207916e+00  3.227203e+00  1.437529e+00  2.631228e+00  
   4.3318300  1.090806e+00  3.308631e+00  1.090535e+00  3.308965e+00  1.360049e+00  2.725696e+00  
   4.3528299  9.618604e-01  3.382113e+00  9.615663e-01  3.382405e+00  1.268875e+00  2.815227e+00  
   4.3738298  8.222983e-01  3.445603e+00  8.219807e-01  3.445848e+00  1.164651e+00  2.897401e+00  
   4.3948302  6.733497e-01  3.497524e+00  6.730090e-01  3.497719e+00  1.048552e+00  2.969916e+00  
   4.4158301  5.165024e-01  3.536434e+00  5.161385e-01  3.536573e+00  9.222519e-01  3.030700e+00  
   4.4358301  3.613385e-01  3.560229e+00  3.609537e-01  3.560316e+00  7.943906e-01  3.076104e+00  
   4.4568300  1.941783e-01  3.570264e+00  1.937731e-01  3.570295e+00  6.544917e-01  3.109421e+00  
   4.4778299  2.472942e-02  3.564175e+00  2.430642e-02  3.564150e+00  5.113693e-01  3.127238e+00  
   4.4988298  -1.447804e-01  3.541432e+00  -1.452179e-01  3.541350e+00  3.676879e-01  3.129281e+00  
   4.5198302  -3.120293e-01  3.501838e+00  -3.124771e-01  3.501702e+00  2.260398e-01  3.115803e+00  
   4.5408301  -4.746422e-01  3.445572e+00  -4.750958e-01  3.445385e+00  8.883462e-02  3.087560e+00  
   4.5608301  -6.230627e-01  3.377015e+00  -6.235170e-01  3.376784e+00  -3.577756e-02  3.048019e+00  
   4.5818300  -7.699779e-01  3.290268e+00  -7.704282e-01  3.289995e+00  -1.585787e-01  2.994696e+00  
   4.6034298  -9.094194e-01  3.186736e+00  -9.098598e-01  3.186424e+00  -2.749096e-01  2.929079e+00  
   4.6234298  -1.026304e+00  3.079624e+00  -1.026731e+00  3.079283e+00  -3.727428e-01  2.860390e+00  
   4.6444302  -1.134984e+00  2.957597e+00  -1.135393e+00  2.957230e+00  -4.647489e-01  2.781972e+00  
   4.6654301  -1.228266e+00  2.828153e+00  -1.228653e+00  2.827767e+00  -5.456340e-01  2.699014e+00  
   4.6864300  -1.305597e+00  2.693868e+00  -1.305959e+00  2.693466e+00  -6.155747e-01  2.613334e+00  
   4.7074299  -1.366913e+00  2.557369e+00  -1.367250e+00  2.556958e+00  -6.750010e-01  2.526589e+00  
   4.7274299  -1.410798e+00  2.427657e+00  -1.411109e+00  2.427241e+00  -7.223898e-01  2.444311e+00  
   4.7484298  -1.442451e+00  2.294044e+00  -1.442737e+00  2.293628e+00  -7.632013e-01  2.359459e+00  
   4.7694302  -1.460524e+00  2.165147e+00  -1.460784e+00  2.164733e+00  -7.956665e-01  2.277173e+00  
   4.7904301  -1.466509e+00  2.042716e+00  -1.466746e+00  2.042307e+00  -8.206521e-01  2.198250e+00  
   4.8114300  -1.462083e+00  1.928093e+00  -1.462299e+00  1.927691e+00  -8.390305e-01  2.123272e+00  
   4.8324299  -1.449006e+00  1.822210e+00  -1.449203e+00  1.821815e+00  -8.516521e-01  2.052646e+00  
   4.8524299  -1.430106e+00  1.729982e+00  -1.430288e+00  1.729594e+00  -8.590614e-01  1.989649e+00  
   4.8734298  -1.405086e+00  1.642359e+00  -1.405254e+00  1.641978e+00  -8.627273e-01  1.928087e+00  
   4.8944302  -1.376254e+00  1.564055e+00  -1.376410e+00  1.563681e+00  -8.628664e-01  1.871216e+00  
   4.9154301  -1.344941e+00  1.494714e+00  -1.345087e+00  1.494344e+00  -8.601117e-01  1.818943e+00  
   4.9364300  -1.312273e+00  1.433793e+00  -1.312410e+00  1.433427e+00  -8.550292e-01  1.771101e+00  
   4.9574299  -1.279169e+00  1.380638e+00  -1.279299e+00  1.380275e+00  -8.481179e-01  1.727472e+00  
   4.9774299  -1.247901e+00  1.336579e+00  -1.248025e+00  1.336217e+00  -8.402324e-01  1.689605e+00  
   4.9984298  -1.215871e+00  1.296496e+00  -1.215989e+00  1.296135e+00  -8.309417e-01  1.653449e+00  
