w Re-xx Im-xx Re-yy Im-yy Re-zz Im-zz
# Gaussian absolute broadening  0.15 [eV]
   0.0000000  7.686761e-01  8.843151e-05  7.686856e-01  8.843373e-05  7.246936e-01  7.882618e-05  
   0.0200000  7.687762e-01  9.464515e-05  7.687856e-01  9.464781e-05  7.247827e-01  8.436135e-05  
   0.0410000  7.688949e-01  1.017258e-04  7.689046e-01  1.017290e-04  7.248886e-01  9.066856e-05  
   0.0620000  7.690307e-01  1.094126e-04  7.690400e-01  1.094165e-04  7.250093e-01  9.751534e-05  
   0.0830000  7.691843e-01  1.177396e-04  7.691936e-01  1.177442e-04  7.251463e-01  1.049318e-04  
   0.1040000  7.693587e-01  1.267360e-04  7.693683e-01  1.267414e-04  7.253017e-01  1.129441e-04  
   0.1240000  7.695460e-01  1.359477e-04  7.695553e-01  1.359541e-04  7.254685e-01  1.211476e-04  
   0.1450000  7.697667e-01  1.463112e-04  7.697761e-01  1.463187e-04  7.256653e-01  1.303760e-04  
   0.1660000  7.700146e-01  1.573891e-04  7.700241e-01  1.573978e-04  7.258862e-01  1.402398e-04  
   0.1870000  7.702919e-01  1.691780e-04  7.703014e-01  1.691879e-04  7.261330e-01  1.507355e-04  
   0.2080000  7.706000e-01  1.816632e-04  7.706095e-01  1.816746e-04  7.264078e-01  1.618501e-04  
   0.2290000  7.709414e-01  1.948195e-04  7.709510e-01  1.948324e-04  7.267118e-01  1.735607e-04  
   0.2490000  7.712988e-01  2.079411e-04  7.713084e-01  2.079554e-04  7.270300e-01  1.852388e-04  
   0.2700000  7.717092e-01  2.222980e-04  7.717186e-01  2.223140e-04  7.273955e-01  1.980147e-04  
   0.2910000  7.721563e-01  2.371992e-04  7.721660e-01  2.372168e-04  7.277936e-01  2.112726e-04  
   0.3120000  7.726412e-01  2.525910e-04  7.726507e-01  2.526102e-04  7.282256e-01  2.249647e-04  
   0.3330000  7.731640e-01  2.684178e-04  7.731738e-01  2.684387e-04  7.286914e-01  2.390414e-04  
   0.3540000  7.737255e-01  2.846268e-04  7.737353e-01  2.846491e-04  7.291915e-01  2.534548e-04  
   0.3740000  7.742962e-01  3.003734e-04  7.743059e-01  3.003970e-04  7.296993e-01  2.674539e-04  
   0.3950000  7.749330e-01  3.171893e-04  7.749426e-01  3.172143e-04  7.302664e-01  2.824005e-04  
   0.4160000  7.756079e-01  3.342569e-04  7.756177e-01  3.342830e-04  7.308672e-01  2.975668e-04  
   0.4374300  7.763371e-01  3.519015e-04  7.763469e-01  3.519284e-04  7.315162e-01  3.132414e-04  
   0.4574300  7.770531e-01  3.685530e-04  7.770631e-01  3.685807e-04  7.321536e-01  3.280299e-04  
   0.4784300  7.778422e-01  3.862116e-04  7.778522e-01  3.862400e-04  7.328562e-01  3.437084e-04  
   0.4994300  7.786699e-01  4.040373e-04  7.786798e-01  4.040662e-04  7.335923e-01  3.595301e-04  
   0.5204300  7.795356e-01  4.220226e-04  7.795457e-01  4.220518e-04  7.343626e-01  3.754885e-04  
   0.5414300  7.804399e-01  4.401643e-04  7.804497e-01  4.401938e-04  7.351670e-01  3.915802e-04  
   0.5614300  7.813369e-01  4.575872e-04  7.813469e-01  4.576168e-04  7.359651e-01  4.070291e-04  
   0.5824300  7.823169e-01  4.760354e-04  7.823269e-01  4.760651e-04  7.368367e-01  4.233813e-04  
   0.6034300  7.833359e-01  4.946447e-04  7.833459e-01  4.946747e-04  7.377428e-01  4.398705e-04  
   0.6244300  7.843941e-01  5.134206e-04  7.844043e-01  5.134506e-04  7.386841e-01  4.565008e-04  
   0.6454300  7.854925e-01  5.323683e-04  7.855027e-01  5.323983e-04  7.396605e-01  4.732765e-04  
   0.6664300  7.866310e-01  5.514942e-04  7.866411e-01  5.515244e-04  7.406723e-01  4.902034e-04  
   0.6864300  7.877522e-01  5.698808e-04  7.877625e-01  5.699110e-04  7.416691e-01  5.064689e-04  
   0.7074300  7.889697e-01  5.893738e-04  7.889799e-01  5.894043e-04  7.427507e-01  5.237061e-04  
   0.7284300  7.902283e-01  6.090656e-04  7.902386e-01  6.090961e-04  7.438691e-01  5.411111e-04  
   0.7494300  7.915285e-01  6.289634e-04  7.915389e-01  6.289941e-04  7.450241e-01  5.586903e-04  
   0.7704300  7.928702e-01  6.490750e-04  7.928809e-01  6.491060e-04  7.462161e-01  5.764498e-04  
   0.7914300  7.942550e-01  6.694086e-04  7.942657e-01  6.694401e-04  7.474458e-01  5.943966e-04  
   0.8114300  7.956131e-01  6.889877e-04  7.956237e-01  6.890195e-04  7.486514e-01  6.116690e-04  
   0.8324300  7.970818e-01  7.097789e-04  7.970924e-01  7.098112e-04  7.499550e-01  6.300014e-04  
   0.8540300  7.986383e-01  7.314227e-04  7.986492e-01  7.314556e-04  7.513366e-01  6.490754e-04  
   0.8740300  8.001212e-01  7.517060e-04  8.001320e-01  7.517396e-04  7.526525e-01  6.669406e-04  
   0.8950300  8.017222e-01  7.732636e-04  8.017333e-01  7.732982e-04  7.540728e-01  6.859185e-04  
   0.9160300  8.033687e-01  7.950979e-04  8.033798e-01  7.951338e-04  7.555333e-01  7.051291e-04  
   0.9370300  8.050615e-01  8.172200e-04  8.050727e-01  8.172570e-04  7.570342e-01  7.245809e-04  
   0.9580300  8.068005e-01  8.396398e-04  8.068118e-01  8.396781e-04  7.585763e-01  7.442835e-04  
   0.9780300  8.085015e-01  8.612798e-04  8.085129e-01  8.613195e-04  7.600836e-01  7.632895e-04  
   0.9990300  8.103343e-01  8.843142e-04  8.103456e-01  8.843552e-04  7.617078e-01  7.835085e-04  
   1.0200300  8.122157e-01  9.076808e-04  8.122272e-01  9.077233e-04  7.633746e-01  8.040057e-04  
   1.0410300  8.141468e-01  9.313913e-04  8.141584e-01  9.314357e-04  7.650849e-01  8.247911e-04  
   1.0620300  8.161284e-01  9.554579e-04  8.161402e-01  9.555034e-04  7.668394e-01  8.458754e-04  
   1.0830300  8.181608e-01  9.798935e-04  8.181726e-01  9.799402e-04  7.686386e-01  8.672681e-04  
   1.1030300  8.201445e-01  1.003519e-03  8.201562e-01  1.003567e-03  7.703937e-01  8.879383e-04  
   1.1240300  8.222786e-01  1.028711e-03  8.222906e-01  1.028760e-03  7.722820e-01  9.099639e-04  
   1.1450300  8.244662e-01  1.054310e-03  8.244782e-01  1.054360e-03  7.742165e-01  9.323302e-04  
   1.1660300  8.267078e-01  1.080331e-03  8.267199e-01  1.080383e-03  7.761987e-01  9.550486e-04  
   1.1870300  8.290045e-01  1.106788e-03  8.290169e-01  1.106841e-03  7.782286e-01  9.781310e-04  
   1.2080300  8.313573e-01  1.133696e-03  8.313695e-01  1.133750e-03  7.803078e-01  1.001590e-03  
   1.2280300  8.336504e-01  1.159757e-03  8.336630e-01  1.159812e-03  7.823333e-01  1.024294e-03  
   1.2490300  8.361148e-01  1.187593e-03  8.361275e-01  1.187649e-03  7.845094e-01  1.048526e-03  
   1.2706300  8.387116e-01  1.216747e-03  8.387244e-01  1.216805e-03  7.868017e-01  1.073886e-03  
   1.2906300  8.411720e-01  1.244231e-03  8.411851e-01  1.244291e-03  7.889730e-01  1.097775e-03  
   1.3116300  8.438156e-01  1.273615e-03  8.438285e-01  1.273677e-03  7.913049e-01  1.123296e-03  
   1.3326300  8.465208e-01  1.303556e-03  8.465340e-01  1.303619e-03  7.936907e-01  1.149279e-03  
   1.3536299  8.492898e-01  1.334076e-03  8.493034e-01  1.334142e-03  7.961314e-01  1.175743e-03  
   1.3746300  8.521234e-01  1.365196e-03  8.521367e-01  1.365264e-03  7.986282e-01  1.202706e-03  
   1.3946300  8.548837e-01  1.395414e-03  8.548973e-01  1.395484e-03  8.010596e-01  1.228865e-03  
   1.4156300  8.578476e-01  1.427773e-03  8.578614e-01  1.427846e-03  8.036693e-01  1.256854e-03  
   1.4366300  8.608804e-01  1.460802e-03  8.608945e-01  1.460878e-03  8.063384e-01  1.285398e-03  
   1.4576300  8.639836e-01  1.494527e-03  8.639978e-01  1.494606e-03  8.090684e-01  1.314516e-03  
   1.4786299  8.671585e-01  1.528973e-03  8.671729e-01  1.529055e-03  8.118606e-01  1.344231e-03  
   1.4996300  8.704067e-01  1.564168e-03  8.704212e-01  1.564252e-03  8.147159e-01  1.374563e-03  
   1.5196300  8.735695e-01  1.598408e-03  8.735840e-01  1.598495e-03  8.174943e-01  1.404045e-03  
   1.5406300  8.769652e-01  1.635147e-03  8.769799e-01  1.635237e-03  8.204765e-01  1.435650e-03  
   1.5616300  8.804389e-01  1.672723e-03  8.804539e-01  1.672815e-03  8.235258e-01  1.467943e-03  
   1.5826300  8.839923e-01  1.711166e-03  8.840075e-01  1.711261e-03  8.266434e-01  1.500949e-03  
   1.6036299  8.876274e-01  1.750510e-03  8.876427e-01  1.750608e-03  8.298311e-01  1.534696e-03  
   1.6246300  8.913456e-01  1.790794e-03  8.913614e-01  1.790895e-03  8.330902e-01  1.569212e-03  
   1.6446300  8.949665e-01  1.830064e-03  8.949823e-01  1.830168e-03  8.362620e-01  1.602827e-03  
   1.6656300  8.988528e-01  1.872289e-03  8.988693e-01  1.872395e-03  8.396653e-01  1.638933e-03  
   1.6872300  9.029449e-01  1.916821e-03  9.029614e-01  1.916931e-03  8.432462e-01  1.676973e-03  
   1.7072300  9.068201e-01  1.959094e-03  9.068367e-01  1.959207e-03  8.466356e-01  1.713043e-03  
   1.7282300  9.109809e-01  2.004599e-03  9.109980e-01  2.004716e-03  8.502728e-01  1.751832e-03  
   1.7492300  9.152387e-01  2.051301e-03  9.152558e-01  2.051421e-03  8.539926e-01  1.791598e-03  
   1.7702301  9.195956e-01  2.099252e-03  9.196128e-01  2.099377e-03  8.577966e-01  1.832385e-03  
   1.7912300  9.240546e-01  2.148509e-03  9.240722e-01  2.148639e-03  8.616876e-01  1.874236e-03  
   1.8112299  9.283990e-01  2.196690e-03  9.284171e-01  2.196823e-03  8.654763e-01  1.915131e-03  
   1.8322300  9.330657e-01  2.248672e-03  9.330837e-01  2.248812e-03  8.695434e-01  1.959206e-03  
   1.8532300  9.378438e-01  2.302150e-03  9.378622e-01  2.302294e-03  8.737047e-01  2.004498e-03  
   1.8742300  9.427354e-01  2.357194e-03  9.427539e-01  2.357343e-03  8.779624e-01  2.051069e-03  
   1.8952301  9.477450e-01  2.413881e-03  9.477641e-01  2.414036e-03  8.823196e-01  2.098978e-03  
   1.9162300  9.528756e-01  2.472296e-03  9.528952e-01  2.472457e-03  8.867786e-01  2.148294e-03  
   1.9362299  9.578771e-01  2.529620e-03  9.578969e-01  2.529787e-03  8.911225e-01  2.196637e-03  
   1.9572300  9.632537e-01  2.591678e-03  9.632738e-01  2.591852e-03  8.957889e-01  2.248914e-03  
   1.9782300  9.687631e-01  2.655758e-03  9.687834e-01  2.655939e-03  9.005668e-01  2.302834e-03  
   1.9992300  9.744077e-01  2.721978e-03  9.744286e-01  2.722167e-03  9.054582e-01  2.358489e-03  
   2.0202301  9.801935e-01  2.790476e-03  9.802149e-01  2.790672e-03  9.104678e-01  2.415986e-03  
   2.0412300  9.861238e-01  2.861393e-03  9.861453e-01  2.861598e-03  9.155983e-01  2.475440e-03  
   2.0612299  9.919110e-01  2.931336e-03  9.919330e-01  2.931550e-03  9.206008e-01  2.534000e-03  
   2.0822301  9.981382e-01  3.007479e-03  9.981609e-01  3.007701e-03  9.259793e-01  2.597666e-03  
   2.1038301  1.004712e+00  3.088897e-03  1.004735e+00  3.089129e-03  9.316515e-01  2.665645e-03  
   2.1238301  1.010954e+00  3.167302e-03  1.010978e+00  3.167545e-03  9.370325e-01  2.731017e-03  
   2.1448300  1.017676e+00  3.253001e-03  1.017700e+00  3.253256e-03  9.428227e-01  2.802368e-03  
   2.1658299  1.024577e+00  3.342436e-03  1.024601e+00  3.342703e-03  9.487601e-01  2.876725e-03  
   2.1868300  1.031663e+00  3.435926e-03  1.031688e+00  3.436206e-03  9.548506e-01  2.954345e-03  
   2.2078300  1.038941e+00  3.533817e-03  1.038967e+00  3.534112e-03  9.611006e-01  3.035513e-03  
   2.2278299  1.046059e+00  3.631493e-03  1.046084e+00  3.631801e-03  9.672051e-01  3.116406e-03  
   2.2488301  1.053734e+00  3.739123e-03  1.053761e+00  3.739447e-03  9.737824e-01  3.205445e-03  
   2.2698300  1.061626e+00  3.852394e-03  1.061653e+00  3.852736e-03  9.805362e-01  3.299062e-03  
   2.2908299  1.069743e+00  3.971807e-03  1.069770e+00  3.972167e-03  9.874750e-01  3.397676e-03  
   2.3118300  1.078094e+00  4.097895e-03  1.078122e+00  4.098273e-03  9.946052e-01  3.501745e-03  
   2.3328300  1.086689e+00  4.231233e-03  1.086718e+00  4.231631e-03  1.001935e+00  3.611758e-03  
   2.3528299  1.095112e+00  4.365534e-03  1.095141e+00  4.365952e-03  1.009108e+00  3.722557e-03  
   2.3738301  1.104215e+00  4.514869e-03  1.104246e+00  4.515309e-03  1.016851e+00  3.845788e-03  
   2.3948300  1.113597e+00  4.673434e-03  1.113628e+00  4.673898e-03  1.024820e+00  3.976703e-03  
   2.4158299  1.123269e+00  4.842010e-03  1.123300e+00  4.842497e-03  1.033023e+00  4.116010e-03  
   2.4368300  1.133245e+00  5.021449e-03  1.133278e+00  5.021959e-03  1.041473e+00  4.264477e-03  
   2.4578300  1.143542e+00  5.212673e-03  1.143576e+00  5.213208e-03  1.050179e+00  4.422955e-03  
   2.4778299  1.153661e+00  5.406687e-03  1.153695e+00  5.407246e-03  1.058721e+00  4.584059e-03  
   2.4988301  1.164631e+00  5.623999e-03  1.164667e+00  5.624587e-03  1.067966e+00  4.764923e-03  
   2.5204301  1.176304e+00  5.863389e-03  1.176340e+00  5.864005e-03  1.077786e+00  4.964702e-03  
   2.5404301  1.187484e+00  6.100787e-03  1.187521e+00  6.101434e-03  1.087173e+00  5.163388e-03  
   2.5614300  1.199630e+00  6.368025e-03  1.199669e+00  6.368705e-03  1.097350e+00  5.387709e-03  
   2.5824299  1.212219e+00  6.655687e-03  1.212259e+00  6.656404e-03  1.107875e+00  5.629902e-03  
   2.6034300  1.225280e+00  6.966261e-03  1.225321e+00  6.967021e-03  1.118769e+00  5.892109e-03  
   2.6244299  1.238843e+00  7.302794e-03  1.238886e+00  7.303602e-03  1.130053e+00  6.176858e-03  
   2.6444299  1.252261e+00  7.650954e-03  1.252305e+00  7.651817e-03  1.141186e+00  6.471818e-03  
   2.6654301  1.266913e+00  8.050281e-03  1.266958e+00  8.051207e-03  1.153306e+00  6.810087e-03  
   2.6864300  1.282183e+00  8.490483e-03  1.282230e+00  8.491486e-03  1.165897e+00  7.182179e-03  
   2.7074299  1.298123e+00  8.980054e-03  1.298172e+00  8.981152e-03  1.178993e+00  7.593967e-03  
   2.7284300  1.314789e+00  9.530421e-03  1.314840e+00  9.531632e-03  1.192631e+00  8.052925e-03  
   2.7494299  1.332243e+00  1.015703e-02  1.332296e+00  1.015837e-02  1.206850e+00  8.568672e-03  
   2.7694299  1.349664e+00  1.084387e-02  1.349719e+00  1.084539e-02  1.220977e+00  9.124045e-03  
   2.7904301  1.368873e+00  1.168698e-02  1.368930e+00  1.168872e-02  1.236472e+00  9.790062e-03  
   2.8114300  1.389108e+00  1.269282e-02  1.389168e+00  1.269484e-02  1.252702e+00  1.056150e-02  
   2.8324299  1.410473e+00  1.391302e-02  1.410535e+00  1.391542e-02  1.269731e+00  1.146536e-02  
   2.8534300  1.433077e+00  1.541644e-02  1.433143e+00  1.541933e-02  1.287628e+00  1.253651e-02  
   2.8744299  1.457042e+00  1.729373e-02  1.457111e+00  1.729729e-02  1.306471e+00  1.381973e-02  
   2.8944299  1.481250e+00  1.953655e-02  1.481322e+00  1.954095e-02  1.325373e+00  1.529116e-02  
   2.9154301  1.508245e+00  2.251261e-02  1.508321e+00  2.251817e-02  1.346311e+00  1.716716e-02  
   2.9370301  1.537833e+00  2.643122e-02  1.537914e+00  2.643836e-02  1.369114e+00  1.954425e-02  
   2.9570301  1.566988e+00  3.104932e-02  1.567073e+00  3.105839e-02  1.391465e+00  2.225505e-02  
   2.9780300  1.599518e+00  3.718897e-02  1.599608e+00  3.720062e-02  1.416312e+00  2.576297e-02  
   2.9990301  1.634079e+00  4.496760e-02  1.634174e+00  4.498255e-02  1.442668e+00  3.011414e-02  
   3.0200300  1.670692e+00  5.475213e-02  1.670793e+00  5.477126e-02  1.470618e+00  3.551004e-02  
   3.0410299  1.709319e+00  6.694999e-02  1.709425e+00  6.697427e-02  1.500235e+00  4.218935e-02  
   3.0610299  1.747872e+00  8.121073e-02  1.747984e+00  8.124090e-02  1.530033e+00  4.999721e-02  
   3.0820301  1.790007e+00  9.939443e-02  1.790124e+00  9.943196e-02  1.563000e+00  6.001716e-02  
   3.1030300  1.833530e+00  1.213055e-01  1.833653e+00  1.213516e-01  1.597645e+00  7.224780e-02  
   3.1240301  1.878031e+00  1.473614e-01  1.878158e+00  1.474173e-01  1.633865e+00  8.706863e-02  
   3.1450300  1.922977e+00  1.779209e-01  1.923109e+00  1.779877e-01  1.671474e+00  1.048770e-01  
   3.1660299  1.967745e+00  2.132567e-01  1.967881e+00  2.133354e-01  1.710202e+00  1.260736e-01  
   3.1860299  2.009566e+00  2.514963e-01  2.009703e+00  2.515870e-01  1.747785e+00  1.497621e-01  
   3.2070301  2.051882e+00  2.964855e-01  2.052021e+00  2.965891e-01  1.787527e+00  1.786416e-01  
   3.2280300  2.091786e+00  3.463004e-01  2.091926e+00  3.464170e-01  1.826995e+00  2.118963e-01  
   3.2490301  2.128495e+00  4.006499e-01  2.128636e+00  4.007790e-01  1.865523e+00  2.497083e-01  
   3.2700300  2.161289e+00  4.590805e-01  2.161428e+00  4.592211e-01  1.902378e+00  2.921352e-01  
   3.2910299  2.189540e+00  5.209965e-01  2.189678e+00  5.211471e-01  1.936785e+00  3.390888e-01  
   3.3110299  2.211773e+00  5.825514e-01  2.211909e+00  5.827101e-01  1.966556e+00  3.877875e-01  
   3.3320301  2.229891e+00  6.491401e-01  2.230023e+00  6.493047e-01  1.993943e+00  4.427001e-01  
   3.3536301  2.242785e+00  7.188593e-01  2.242915e+00  7.190273e-01  2.017278e+00  5.026149e-01  
   3.3736300  2.249561e+00  7.837542e-01  2.249688e+00  7.839230e-01  2.033989e+00  5.605093e-01  
   3.3946300  2.251532e+00  8.515016e-01  2.251656e+00  8.516685e-01  2.046085e+00  6.229703e-01  
   3.4156301  2.248585e+00  9.181857e-01  2.248706e+00  9.183481e-01  2.052397e+00  6.862198e-01  
   3.4366300  2.241196e+00  9.832560e-01  2.241314e+00  9.834116e-01  2.052931e+00  7.492788e-01  
   3.4576299  2.229919e+00  1.046310e+00  2.230034e+00  1.046457e+00  2.047909e+00  8.111854e-01  
   3.4776299  2.216105e+00  1.104254e+00  2.216216e+00  1.104391e+00  2.038358e+00  8.682538e-01  
   3.4986300  2.198929e+00  1.162770e+00  2.199035e+00  1.162896e+00  2.023913e+00  9.254438e-01  
   3.5196300  2.179543e+00  1.218907e+00  2.179643e+00  1.219021e+00  2.005693e+00  9.792275e-01  
   3.5406301  2.158412e+00  1.272761e+00  2.158504e+00  1.272863e+00  1.984561e+00  1.029183e+00  
   3.5616300  2.135908e+00  1.324482e+00  2.135991e+00  1.324572e+00  1.961418e+00  1.075099e+00  
   3.5826299  2.112311e+00  1.374240e+00  2.112382e+00  1.374320e+00  1.937155e+00  1.116985e+00  
   3.6026299  2.088998e+00  1.419951e+00  2.089056e+00  1.420022e+00  1.913755e+00  1.153319e+00  
   3.6236300  2.063754e+00  1.466301e+00  2.063799e+00  1.466363e+00  1.889551e+00  1.188101e+00  
   3.6446300  2.037807e+00  1.511026e+00  2.037835e+00  1.511080e+00  1.866262e+00  1.219932e+00  
   3.6656301  2.011213e+00  1.554127e+00  2.011222e+00  1.554175e+00  1.844260e+00  1.249400e+00  
   3.6866300  1.984043e+00  1.595544e+00  1.984034e+00  1.595587e+00  1.823740e+00  1.277115e+00  
   3.7076299  1.956402e+00  1.635173e+00  1.956375e+00  1.635211e+00  1.804733e+00  1.303655e+00  
   3.7276299  1.929787e+00  1.671130e+00  1.929743e+00  1.671164e+00  1.787943e+00  1.328298e+00  
   3.7486300  1.901754e+00  1.706886e+00  1.901697e+00  1.706917e+00  1.771505e+00  1.353878e+00  
   3.7702301  1.873145e+00  1.741424e+00  1.873074e+00  1.741453e+00  1.755627e+00  1.380136e+00  
   3.7902300  1.847202e+00  1.771340e+00  1.847123e+00  1.771367e+00  1.741642e+00  1.404509e+00  
   3.8112299  1.820948e+00  1.800667e+00  1.820863e+00  1.800692e+00  1.727534e+00  1.430161e+00  
   3.8322301  1.796164e+00  1.828021e+00  1.796077e+00  1.828045e+00  1.713937e+00  1.455782e+00  
   3.8532300  1.773330e+00  1.853702e+00  1.773247e+00  1.853725e+00  1.700879e+00  1.481232e+00  
   3.8742299  1.752908e+00  1.878159e+00  1.752832e+00  1.878184e+00  1.688514e+00  1.506374e+00  
   3.8942299  1.736070e+00  1.900866e+00  1.736005e+00  1.900892e+00  1.677616e+00  1.529950e+00  
   3.9152300  1.721426e+00  1.924808e+00  1.721375e+00  1.924835e+00  1.667421e+00  1.554327e+00  
   3.9362299  1.710063e+00  1.949712e+00  1.710030e+00  1.949743e+00  1.658883e+00  1.578453e+00  
   3.9572301  1.701980e+00  1.976555e+00  1.701967e+00  1.976593e+00  1.652387e+00  1.602626e+00  
   3.9782300  1.696968e+00  2.006377e+00  1.696975e+00  2.006421e+00  1.648264e+00  1.627309e+00  
   3.9992299  1.694585e+00  2.040226e+00  1.694612e+00  2.040280e+00  1.646748e+00  1.653131e+00  
   4.0192299  1.694134e+00  2.077134e+00  1.694178e+00  2.077198e+00  1.647803e+00  1.679490e+00  
   4.0402298  1.694678e+00  2.121661e+00  1.694738e+00  2.121737e+00  1.651435e+00  1.709873e+00  
   4.0612302  1.695131e+00  2.172836e+00  1.695203e+00  2.172925e+00  1.657335e+00  1.743966e+00  
   4.0822301  1.694145e+00  2.231185e+00  1.694225e+00  2.231288e+00  1.664938e+00  1.782741e+00  
   4.1032300  1.690222e+00  2.296967e+00  1.690303e+00  2.297084e+00  1.673424e+00  1.827125e+00  
   4.1242299  1.681774e+00  2.370141e+00  1.681852e+00  2.370271e+00  1.681721e+00  1.877944e+00  
   4.1442299  1.668047e+00  2.446376e+00  1.668116e+00  2.446517e+00  1.688253e+00  1.932918e+00  
   4.1652298  1.646166e+00  2.532648e+00  1.646221e+00  2.532799e+00  1.692229e+00  1.997948e+00  
   4.1868300  1.614179e+00  2.627024e+00  1.614213e+00  2.627182e+00  1.691514e+00  2.072772e+00  
   4.2068300  1.574804e+00  2.718338e+00  1.574813e+00  2.718499e+00  1.684867e+00  2.149027e+00  
   4.2278299  1.522353e+00  2.816846e+00  1.522334e+00  2.817006e+00  1.669974e+00  2.235726e+00  
   4.2488298  1.457776e+00  2.916407e+00  1.457723e+00  2.916561e+00  1.645299e+00  2.328241e+00  
   4.2698302  1.380602e+00  3.015231e+00  1.380513e+00  3.015378e+00  1.609303e+00  2.425178e+00  
   4.2908301  1.290678e+00  3.111438e+00  1.290551e+00  3.111572e+00  1.560709e+00  2.524768e+00  
   4.3108301  1.193315e+00  3.198892e+00  1.193152e+00  3.199013e+00  1.501867e+00  2.620174e+00  
   4.3318300  1.079206e+00  3.284515e+00  1.079003e+00  3.284620e+00  1.426415e+00  2.718695e+00  
   4.3528299  9.536359e-01  3.361968e+00  9.533946e-01  3.362056e+00  1.336957e+00  2.813082e+00  
   4.3738298  8.175831e-01  3.429488e+00  8.173054e-01  3.429559e+00  1.234013e+00  2.900817e+00  
   4.3948302  6.722615e-01  3.485422e+00  6.719499e-01  3.485480e+00  1.118642e+00  2.979472e+00  
   4.4158301  5.191107e-01  3.528260e+00  5.187691e-01  3.528305e+00  9.924188e-01  3.046822e+00  
   4.4358301  3.674622e-01  3.555661e+00  3.670964e-01  3.555697e+00  8.639556e-01  3.098724e+00  
   4.4568300  2.038876e-01  3.569278e+00  2.035018e-01  3.569308e+00  7.226762e-01  3.138948e+00  
   4.4778299  3.779538e-02  3.566501e+00  3.739507e-02  3.566528e+00  5.774019e-01  3.163583e+00  
   4.4988298  -1.287193e-01  3.546735e+00  -1.291277e-01  3.546762e+00  4.308312e-01  3.172174e+00  
   4.5198302  -2.934631e-01  3.509719e+00  -2.938736e-01  3.509748e+00  2.856263e-01  3.164810e+00  
   4.5408301  -4.541737e-01  3.455572e+00  -4.545807e-01  3.455606e+00  1.442954e-01  3.142096e+00  
   4.5608301  -6.014202e-01  3.388559e+00  -6.018196e-01  3.388597e+00  1.533239e-02  3.107159e+00  
   4.5818300  -7.478184e-01  3.302896e+00  -7.482067e-01  3.302939e+00  -1.123595e-01  3.057877e+00  
   4.6034298  -8.874986e-01  3.199877e+00  -8.878739e-01  3.199924e+00  -2.339368e-01  2.995490e+00  
   4.6234298  -1.005267e+00  3.092694e+00  -1.005630e+00  3.092741e+00  -3.367169e-01  2.928912e+00  
   4.6444302  -1.115485e+00  2.970040e+00  -1.115839e+00  2.970086e+00  -4.339148e-01  2.851782e+00  
   4.6654301  -1.210822e+00  2.839444e+00  -1.211169e+00  2.839484e+00  -5.199100e-01  2.769171e+00  
   4.6864300  -1.290594e+00  2.703538e+00  -1.290940e+00  2.703569e+00  -5.948151e-01  2.682938e+00  
   4.7074299  -1.354594e+00  2.565026e+00  -1.354945e+00  2.565044e+00  -6.590103e-01  2.594799e+00  
   4.7274299  -1.401128e+00  2.433110e+00  -1.401490e+00  2.433111e+00  -7.107211e-01  2.510492e+00  
   4.7484298  -1.435535e+00  2.296973e+00  -1.435916e+00  2.296952e+00  -7.558048e-01  2.422866e+00  
   4.7694302  -1.456221e+00  2.165426e+00  -1.456625e+00  2.165379e+00  -7.922363e-01  2.337263e+00  
   4.7904301  -1.464588e+00  2.040310e+00  -1.465021e+00  2.040232e+00  -8.208480e-01  2.254601e+00  
   4.8114300  -1.462249e+00  1.923045e+00  -1.462715e+00  1.922934e+00  -8.424804e-01  2.175589e+00  
   4.8324299  -1.450927e+00  1.814630e+00  -1.451427e+00  1.814483e+00  -8.579533e-01  2.100758e+00  
   4.8524299  -1.433375e+00  1.720143e+00  -1.433909e+00  1.719959e+00  -8.676810e-01  2.033705e+00  
   4.8734298  -1.409438e+00  1.630345e+00  -1.410005e+00  1.630121e+00  -8.733468e-01  1.967931e+00  
   4.8944302  -1.381367e+00  1.550095e+00  -1.381965e+00  1.549830e+00  -8.750325e-01  1.906989e+00  
   4.9154301  -1.350522e+00  1.479048e+00  -1.351148e+00  1.478742e+00  -8.733723e-01  1.850859e+00  
   4.9364300  -1.318066e+00  1.416668e+00  -1.318715e+00  1.416321e+00  -8.689442e-01  1.799437e+00  
   4.9574299  -1.284959e+00  1.362295e+00  -1.285626e+00  1.361907e+00  -8.622683e-01  1.752543e+00  
   4.9774299  -1.253521e+00  1.317287e+00  -1.254201e+00  1.316862e+00  -8.542448e-01  1.711887e+00  
   4.9984298  -1.221175e+00  1.276418e+00  -1.221861e+00  1.275957e+00  -8.444632e-01  1.673147e+00  
