w Re-xx Im-xx Re-yy Im-yy Re-zz Im-zz
# Gaussian absolute broadening  0.15 [eV]
   0.0000000  7.730390e-01  9.017382e-05  7.730486e-01  9.017382e-05  7.296949e-01  8.008307e-05  
   0.0200000  7.731408e-01  9.651036e-05  7.731503e-01  9.651037e-05  7.297856e-01  8.570762e-05  
   0.0410000  7.732620e-01  1.037312e-04  7.732716e-01  1.037312e-04  7.298933e-01  9.211674e-05  
   0.0620000  7.734003e-01  1.115705e-04  7.734098e-01  1.115705e-04  7.300159e-01  9.907429e-05  
   0.0830000  7.735569e-01  1.200628e-04  7.735665e-01  1.200628e-04  7.301552e-01  1.066109e-04  
   0.1040000  7.737349e-01  1.292383e-04  7.737446e-01  1.292383e-04  7.303131e-01  1.147530e-04  
   0.1240000  7.739257e-01  1.386338e-04  7.739353e-01  1.386338e-04  7.304824e-01  1.230897e-04  
   0.1450000  7.741508e-01  1.492044e-04  7.741606e-01  1.492044e-04  7.306823e-01  1.324682e-04  
   0.1660000  7.744036e-01  1.605042e-04  7.744134e-01  1.605044e-04  7.309068e-01  1.424926e-04  
   0.1870000  7.746862e-01  1.725298e-04  7.746958e-01  1.725300e-04  7.311577e-01  1.531595e-04  
   0.2080000  7.750008e-01  1.852667e-04  7.750104e-01  1.852669e-04  7.314371e-01  1.644557e-04  
   0.2290000  7.753489e-01  1.986889e-04  7.753585e-01  1.986892e-04  7.317459e-01  1.763581e-04  
   0.2490000  7.757134e-01  2.120766e-04  7.757229e-01  2.120771e-04  7.320694e-01  1.882279e-04  
   0.2700000  7.761316e-01  2.267257e-04  7.761413e-01  2.267264e-04  7.324407e-01  2.012141e-04  
   0.2910000  7.765877e-01  2.419316e-04  7.765974e-01  2.419326e-04  7.328453e-01  2.146908e-04  
   0.3120000  7.770823e-01  2.576393e-04  7.770922e-01  2.576407e-04  7.332842e-01  2.286097e-04  
   0.3330000  7.776156e-01  2.737928e-04  7.776253e-01  2.737946e-04  7.337574e-01  2.429202e-04  
   0.3540000  7.781883e-01  2.903381e-04  7.781981e-01  2.903404e-04  7.342656e-01  2.575740e-04  
   0.3740000  7.787703e-01  3.064131e-04  7.787802e-01  3.064161e-04  7.347820e-01  2.718075e-04  
   0.3950000  7.794199e-01  3.235820e-04  7.794297e-01  3.235858e-04  7.353581e-01  2.870054e-04  
   0.4160000  7.801086e-01  3.410102e-04  7.801185e-01  3.410149e-04  7.359692e-01  3.024279e-04  
   0.4374300  7.808524e-01  3.590300e-04  7.808625e-01  3.590359e-04  7.366289e-01  3.183688e-04  
   0.4574300  7.815829e-01  3.760383e-04  7.815930e-01  3.760454e-04  7.372764e-01  3.334096e-04  
   0.4784300  7.823882e-01  3.940784e-04  7.823981e-01  3.940869e-04  7.379904e-01  3.493570e-04  
   0.4994300  7.832324e-01  4.122920e-04  7.832426e-01  4.123021e-04  7.387390e-01  3.654520e-04  
   0.5204300  7.841160e-01  4.306725e-04  7.841260e-01  4.306842e-04  7.395220e-01  3.816874e-04  
   0.5414300  7.850387e-01  4.492162e-04  7.850489e-01  4.492295e-04  7.403398e-01  3.980603e-04  
   0.5614300  7.859543e-01  4.670287e-04  7.859645e-01  4.670437e-04  7.411510e-01  4.137809e-04  
   0.5824300  7.869545e-01  4.858931e-04  7.869647e-01  4.859102e-04  7.420372e-01  4.304227e-04  
   0.6034300  7.879945e-01  5.049271e-04  7.880049e-01  5.049458e-04  7.429584e-01  4.472058e-04  
   0.6244300  7.890750e-01  5.241360e-04  7.890854e-01  5.241564e-04  7.439152e-01  4.641347e-04  
   0.6454300  7.901961e-01  5.435251e-04  7.902066e-01  5.435473e-04  7.449082e-01  4.812141e-04  
   0.6664300  7.913584e-01  5.631020e-04  7.913690e-01  5.631255e-04  7.459370e-01  4.984495e-04  
   0.6864300  7.925035e-01  5.819270e-04  7.925138e-01  5.819519e-04  7.469505e-01  5.150140e-04  
   0.7074300  7.937468e-01  6.018903e-04  7.937573e-01  6.019166e-04  7.480507e-01  5.325705e-04  
   0.7284300  7.950321e-01  6.220629e-04  7.950425e-01  6.220906e-04  7.491879e-01  5.503007e-04  
   0.7494300  7.963600e-01  6.424530e-04  7.963706e-01  6.424819e-04  7.503626e-01  5.682113e-04  
   0.7704300  7.977310e-01  6.630688e-04  7.977417e-01  6.630988e-04  7.515750e-01  5.863086e-04  
   0.7914300  7.991456e-01  6.839188e-04  7.991562e-01  6.839497e-04  7.528257e-01  6.045997e-04  
   0.8114300  8.005330e-01  7.040020e-04  8.005438e-01  7.040339e-04  7.540525e-01  6.222066e-04  
   0.8324300  8.020338e-01  7.253359e-04  8.020448e-01  7.253688e-04  7.553785e-01  6.408974e-04  
   0.8540300  8.036249e-01  7.475528e-04  8.036357e-01  7.475868e-04  7.567840e-01  6.603485e-04  
   0.8740300  8.051404e-01  7.683811e-04  8.051514e-01  7.684158e-04  7.581228e-01  6.785702e-04  
   0.8950300  8.067771e-01  7.905263e-04  8.067883e-01  7.905618e-04  7.595680e-01  6.979307e-04  
   0.9160300  8.084605e-01  8.129651e-04  8.084717e-01  8.130015e-04  7.610540e-01  7.175327e-04  
   0.9370300  8.101913e-01  8.357087e-04  8.102025e-01  8.357459e-04  7.625815e-01  7.373856e-04  
   0.9580300  8.119700e-01  8.587688e-04  8.119813e-01  8.588068e-04  7.641507e-01  7.574991e-04  
   0.9780300  8.137099e-01  8.810366e-04  8.137214e-01  8.810750e-04  7.656851e-01  7.769056e-04  
   0.9990300  8.155848e-01  9.047500e-04  8.155963e-01  9.047891e-04  7.673385e-01  7.975557e-04  
   1.0200300  8.175099e-01  9.288168e-04  8.175215e-01  9.288568e-04  7.690349e-01  8.184952e-04  
   1.0410300  8.194861e-01  9.532499e-04  8.194979e-01  9.532903e-04  7.707762e-01  8.397350e-04  
   1.0620300  8.215145e-01  9.780629e-04  8.215262e-01  9.781040e-04  7.725629e-01  8.612854e-04  
   1.0830300  8.235950e-01  1.003268e-03  8.236068e-01  1.003311e-03  7.743946e-01  8.831576e-04  
   1.1030300  8.256261e-01  1.027653e-03  8.256380e-01  1.027696e-03  7.761823e-01  9.042966e-04  
   1.1240300  8.278119e-01  1.053668e-03  8.278238e-01  1.053712e-03  7.781052e-01  9.268281e-04  
   1.1450300  8.300527e-01  1.080119e-03  8.300648e-01  1.080165e-03  7.800759e-01  9.497150e-04  
   1.1660300  8.323495e-01  1.107024e-03  8.323618e-01  1.107071e-03  7.820951e-01  9.729695e-04  
   1.1870300  8.347031e-01  1.134396e-03  8.347156e-01  1.134446e-03  7.841635e-01  9.966043e-04  
   1.2080300  8.371149e-01  1.162255e-03  8.371274e-01  1.162307e-03  7.862816e-01  1.020632e-03  
   1.2280300  8.394660e-01  1.189255e-03  8.394787e-01  1.189310e-03  7.883461e-01  1.043894e-03  
   1.2490300  8.419934e-01  1.218115e-03  8.420063e-01  1.218172e-03  7.905639e-01  1.068730e-03  
   1.2706300  8.446573e-01  1.248365e-03  8.446702e-01  1.248427e-03  7.929006e-01  1.094732e-03  
   1.2906300  8.471821e-01  1.276907e-03  8.471951e-01  1.276971e-03  7.951140e-01  1.119235e-03  
   1.3116300  8.498954e-01  1.307447e-03  8.499085e-01  1.307515e-03  7.974918e-01  1.145420e-03  
   1.3326300  8.526728e-01  1.338595e-03  8.526862e-01  1.338667e-03  7.999245e-01  1.172092e-03  
   1.3536299  8.555166e-01  1.370377e-03  8.555300e-01  1.370452e-03  8.024137e-01  1.199269e-03  
   1.3746300  8.584279e-01  1.402819e-03  8.584413e-01  1.402898e-03  8.049608e-01  1.226969e-03  
   1.3946300  8.612646e-01  1.434356e-03  8.612783e-01  1.434438e-03  8.074414e-01  1.253856e-03  
   1.4156300  8.643118e-01  1.468171e-03  8.643257e-01  1.468255e-03  8.101044e-01  1.282638e-03  
   1.4366300  8.674310e-01  1.502734e-03  8.674449e-01  1.502821e-03  8.128287e-01  1.312005e-03  
   1.4576300  8.706236e-01  1.538083e-03  8.706378e-01  1.538173e-03  8.156154e-01  1.341979e-03  
   1.4786299  8.738918e-01  1.574255e-03  8.739060e-01  1.574348e-03  8.184659e-01  1.372584e-03  
   1.4996300  8.772366e-01  1.611295e-03  8.772510e-01  1.611391e-03  8.213816e-01  1.403844e-03  
   1.5196300  8.804947e-01  1.647425e-03  8.805096e-01  1.647522e-03  8.242199e-01  1.434247e-03  
   1.5406300  8.839950e-01  1.686314e-03  8.840099e-01  1.686414e-03  8.272663e-01  1.466858e-03  
   1.5616300  8.875770e-01  1.726248e-03  8.875922e-01  1.726350e-03  8.303823e-01  1.500203e-03  
   1.5826300  8.912437e-01  1.767312e-03  8.912590e-01  1.767416e-03  8.335686e-01  1.534310e-03  
   1.6036299  8.949966e-01  1.809606e-03  8.950121e-01  1.809713e-03  8.368278e-01  1.569210e-03  
   1.6246300  8.988382e-01  1.853260e-03  8.988540e-01  1.853369e-03  8.401606e-01  1.604936e-03  
   1.6446300  9.025808e-01  1.896236e-03  9.025968e-01  1.896348e-03  8.434049e-01  1.639761e-03  
   1.6656300  9.066013e-01  1.943012e-03  9.066175e-01  1.943127e-03  8.468872e-01  1.677204e-03  
   1.6872300  9.108373e-01  1.993125e-03  9.108537e-01  1.993244e-03  8.505522e-01  1.716698e-03  
   1.7072300  9.148518e-01  2.041583e-03  9.148684e-01  2.041706e-03  8.540227e-01  1.754195e-03  
   1.7282300  9.191660e-01  2.094900e-03  9.191833e-01  2.095027e-03  8.577477e-01  1.794576e-03  
   1.7492300  9.235844e-01  2.151070e-03  9.236015e-01  2.151201e-03  8.615584e-01  1.836044e-03  
   1.7702301  9.281090e-01  2.210504e-03  9.281265e-01  2.210640e-03  8.654575e-01  1.878663e-03  
   1.7912300  9.327441e-01  2.273658e-03  9.327617e-01  2.273799e-03  8.694470e-01  1.922501e-03  
   1.8112299  9.372640e-01  2.337720e-03  9.372818e-01  2.337866e-03  8.733332e-01  1.965460e-03  
   1.8322300  9.421228e-01  2.409596e-03  9.421409e-01  2.409750e-03  8.775069e-01  2.011924e-03  
   1.8532300  9.471019e-01  2.486737e-03  9.471203e-01  2.486897e-03  8.817793e-01  2.059886e-03  
   1.8742300  9.522039e-01  2.569691e-03  9.522228e-01  2.569857e-03  8.861529e-01  2.109473e-03  
   1.8952301  9.574330e-01  2.659007e-03  9.574522e-01  2.659181e-03  8.906313e-01  2.160836e-03  
   1.9162300  9.627923e-01  2.755214e-03  9.628116e-01  2.755396e-03  8.952169e-01  2.214153e-03  
   1.9362299  9.680212e-01  2.853720e-03  9.680409e-01  2.853911e-03  8.996873e-01  2.266943e-03  
   1.9572300  9.736461e-01  2.964857e-03  9.736662e-01  2.965060e-03  9.044920e-01  2.324729e-03  
   1.9782300  9.794140e-01  3.084378e-03  9.794344e-01  3.084593e-03  9.094146e-01  2.385227e-03  
   1.9992300  9.853280e-01  3.212791e-03  9.853486e-01  3.213024e-03  9.144586e-01  2.448784e-03  
   2.0202301  9.913938e-01  3.350658e-03  9.914149e-01  3.350910e-03  9.196279e-01  2.515819e-03  
   2.0412300  9.976169e-01  3.498609e-03  9.976383e-01  3.498887e-03  9.249263e-01  2.586810e-03  
   2.0612299  1.003694e+00  3.649587e-03  1.003716e+00  3.649896e-03  9.300970e-01  2.658604e-03  
   2.0822301  1.010238e+00  3.819567e-03  1.010261e+00  3.819916e-03  9.356610e-01  2.738985e-03  
   2.1038301  1.017152e+00  4.007793e-03  1.017175e+00  4.008195e-03  9.415331e-01  2.827736e-03  
   2.1238301  1.023723e+00  4.195431e-03  1.023747e+00  4.195893e-03  9.471100e-01  2.916142e-03  
   2.1448300  1.030806e+00  4.407776e-03  1.030831e+00  4.408315e-03  9.531148e-01  3.016254e-03  
   2.1658299  1.038082e+00  4.637577e-03  1.038107e+00  4.638206e-03  9.592785e-01  3.124760e-03  
   2.1868300  1.045559e+00  4.886798e-03  1.045584e+00  4.887533e-03  9.656069e-01  3.242686e-03  
   2.2078300  1.053243e+00  5.157532e-03  1.053269e+00  5.158388e-03  9.721054e-01  3.371123e-03  
   2.2278299  1.060761e+00  5.437355e-03  1.060788e+00  5.438338e-03  9.784592e-01  3.504286e-03  
   2.2488301  1.068872e+00  5.756290e-03  1.068899e+00  5.757421e-03  9.853100e-01  3.656687e-03  
   2.2698300  1.077211e+00  6.102920e-03  1.077238e+00  6.104204e-03  9.923504e-01  3.823268e-03  
   2.2908299  1.085787e+00  6.479019e-03  1.085815e+00  6.480468e-03  9.995894e-01  4.005441e-03  
   2.3118300  1.094607e+00  6.886057e-03  1.094636e+00  6.887672e-03  1.007033e+00  4.204710e-03  
   2.3328300  1.103682e+00  7.325118e-03  1.103712e+00  7.326898e-03  1.014692e+00  4.422700e-03  
   2.3528299  1.112568e+00  7.773715e-03  1.112599e+00  7.775647e-03  1.022192e+00  4.649336e-03  
   2.3738301  1.122166e+00  8.277069e-03  1.122198e+00  8.279155e-03  1.030294e+00  4.909156e-03  
   2.3948300  1.132050e+00  8.813660e-03  1.132082e+00  8.815890e-03  1.038637e+00  5.193480e-03  
   2.4158299  1.142233e+00  9.383545e-03  1.142266e+00  9.385906e-03  1.047233e+00  5.504735e-03  
   2.4368300  1.152733e+00  9.986935e-03  1.152766e+00  9.989413e-03  1.056093e+00  5.845653e-03  
   2.4578300  1.163567e+00  1.062446e-02  1.163601e+00  1.062705e-02  1.065229e+00  6.219339e-03  
   2.4778299  1.174216e+00  1.126471e-02  1.174251e+00  1.126740e-02  1.074200e+00  6.608941e-03  
   2.4988301  1.185767e+00  1.197427e-02  1.185803e+00  1.197707e-02  1.083916e+00  7.057333e-03  
   2.5204301  1.198072e+00  1.274846e-02  1.198109e+00  1.275137e-02  1.094244e+00  7.565420e-03  
   2.5404301  1.209875e+00  1.351140e-02  1.209912e+00  1.351442e-02  1.104125e+00  8.083332e-03  
   2.5614300  1.222722e+00  1.436884e-02  1.222761e+00  1.437201e-02  1.114846e+00  8.682364e-03  
   2.5824299  1.236068e+00  1.529566e-02  1.236108e+00  1.529900e-02  1.125940e+00  9.345141e-03  
   2.6034300  1.249950e+00  1.630690e-02  1.249990e+00  1.631048e-02  1.137430e+00  1.008015e-02  
   2.6244299  1.264402e+00  1.742106e-02  1.264444e+00  1.742491e-02  1.149338e+00  1.089720e-02  
   2.6444299  1.278733e+00  1.859808e-02  1.278775e+00  1.860228e-02  1.161088e+00  1.176200e-02  
   2.6654301  1.294412e+00  1.998044e-02  1.294456e+00  1.998508e-02  1.173879e+00  1.277351e-02  
   2.6864300  1.310778e+00  2.154181e-02  1.310823e+00  2.154700e-02  1.187160e+00  1.390564e-02  
   2.7074299  1.327871e+00  2.331533e-02  1.327918e+00  2.332120e-02  1.200959e+00  1.517518e-02  
   2.7284300  1.345734e+00  2.533799e-02  1.345782e+00  2.534469e-02  1.215304e+00  1.660116e-02  
   2.7494299  1.364408e+00  2.765064e-02  1.364458e+00  2.765835e-02  1.230224e+00  1.820477e-02  
   2.7694299  1.382989e+00  3.016424e-02  1.383041e+00  3.017311e-02  1.244997e+00  1.991890e-02  
   2.7904301  1.403379e+00  3.317866e-02  1.403434e+00  3.318895e-02  1.261132e+00  2.194038e-02  
   2.8114300  1.424721e+00  3.663322e-02  1.424778e+00  3.664518e-02  1.277940e+00  2.421804e-02  
   2.8324299  1.447069e+00  4.059289e-02  1.447128e+00  4.060683e-02  1.295460e+00  2.678539e-02  
   2.8534300  1.470481e+00  4.513332e-02  1.470543e+00  4.514956e-02  1.313735e+00  2.968076e-02  
   2.8744299  1.495019e+00  5.034372e-02  1.495085e+00  5.036261e-02  1.332809e+00  3.294861e-02  
   2.8944299  1.519495e+00  5.602627e-02  1.519565e+00  5.604803e-02  1.351765e+00  3.645511e-02  
   2.9154301  1.546421e+00  6.287166e-02  1.546494e+00  6.289687e-02  1.372550e+00  4.061084e-02  
   2.9370301  1.575492e+00  7.100999e-02  1.575569e+00  7.103923e-02  1.394934e+00  4.546963e-02  
   2.9570301  1.603704e+00  7.970772e-02  1.603785e+00  7.974112e-02  1.416625e+00  5.058175e-02  
   2.9780300  1.634706e+00  9.024996e-02  1.634791e+00  9.028833e-02  1.440461e+00  5.669028e-02  
   2.9990301  1.667137e+00  1.024791e-01  1.667226e+00  1.025230e-01  1.465441e+00  6.368729e-02  
   3.0200300  1.700978e+00  1.166737e-01  1.701072e+00  1.167239e-01  1.491617e+00  7.172921e-02  
   3.0410299  1.736166e+00  1.331415e-01  1.736263e+00  1.331987e-01  1.519029e+00  8.100057e-02  
   3.0610299  1.770820e+00  1.512396e-01  1.770922e+00  1.513041e-01  1.546304e+00  9.116852e-02  
   3.0820301  1.808225e+00  1.731036e-01  1.808331e+00  1.731768e-01  1.576157e+00  1.034825e-01  
   3.1030300  1.846412e+00  1.982269e-01  1.846521e+00  1.983096e-01  1.607205e+00  1.177379e-01  
   3.1240301  1.885038e+00  2.269219e-01  1.885150e+00  2.270149e-01  1.639353e+00  1.342257e-01  
   3.1450300  1.923675e+00  2.594548e-01  1.923788e+00  2.595591e-01  1.672437e+00  1.532490e-01  
   3.1660299  1.961818e+00  2.960265e-01  1.961933e+00  2.961428e-01  1.706231e+00  1.751139e-01  
   3.1860299  1.997167e+00  3.347151e-01  1.997281e+00  3.348435e-01  1.738793e+00  1.988463e-01  
   3.2070301  2.032668e+00  3.793968e-01  2.032782e+00  3.795383e-01  1.773012e+00  2.270690e-01  
   3.2280300  2.065888e+00  4.281241e-01  2.065999e+00  4.282790e-01  1.806804e+00  2.588775e-01  
   3.2490301  2.096200e+00  4.806579e-01  2.096306e+00  4.808262e-01  1.839640e+00  2.944022e-01  
   3.2700300  2.123013e+00  5.366281e-01  2.123114e+00  5.368096e-01  1.870939e+00  3.336736e-01  
   3.2910299  2.145810e+00  5.955484e-01  2.145904e+00  5.957416e-01  1.900087e+00  3.766063e-01  
   3.3110299  2.163403e+00  6.538691e-01  2.163489e+00  6.540728e-01  1.925286e+00  4.207029e-01  
   3.3320301  2.177271e+00  7.167895e-01  2.177349e+00  7.170027e-01  1.948502e+00  4.700405e-01  
   3.3536301  2.186456e+00  7.825803e-01  2.186524e+00  7.828016e-01  1.968390e+00  5.235384e-01  
   3.3736300  2.190364e+00  8.438078e-01  2.190422e+00  8.440340e-01  1.982815e+00  5.750085e-01  
   3.3946300  2.189850e+00  9.077638e-01  2.189898e+00  9.079929e-01  1.993568e+00  6.303964e-01  
   3.4156301  2.184884e+00  9.707828e-01  2.184920e+00  9.710122e-01  1.999713e+00  6.864389e-01  
   3.4366300  2.175859e+00  1.032350e+00  2.175885e+00  1.032577e+00  2.001299e+00  7.423845e-01  
   3.4576299  2.163254e+00  1.092068e+00  2.163269e+00  1.092291e+00  1.998552e+00  7.975076e-01  
   3.4776299  2.148407e+00  1.146975e+00  2.148410e+00  1.147192e+00  1.992251e+00  8.486394e-01  
   3.4986300  2.130348e+00  1.202417e+00  2.130338e+00  1.202625e+00  1.982251e+00  9.003582e-01  
   3.5196300  2.110267e+00  1.255557e+00  2.110246e+00  1.255756e+00  1.969377e+00  9.496402e-01  
   3.5406301  2.088635e+00  1.306453e+00  2.088600e+00  1.306640e+00  1.954290e+00  9.962132e-01  
   3.5616300  2.065833e+00  1.355224e+00  2.065783e+00  1.355399e+00  1.937662e+00  1.039959e+00  
   3.5826299  2.042158e+00  1.402027e+00  2.042095e+00  1.402191e+00  1.920138e+00  1.080917e+00  
   3.6026299  2.018988e+00  1.444917e+00  2.018911e+00  1.445071e+00  1.903137e+00  1.117488e+00  
   3.6236300  1.994122e+00  1.488312e+00  1.994031e+00  1.488456e+00  1.885417e+00  1.153600e+00  
   3.6446300  1.968764e+00  1.530113e+00  1.968658e+00  1.530246e+00  1.868180e+00  1.187716e+00  
   3.6656301  1.942934e+00  1.570346e+00  1.942814e+00  1.570469e+00  1.851649e+00  1.220227e+00  
   3.6866300  1.916645e+00  1.608972e+00  1.916511e+00  1.609086e+00  1.835917e+00  1.251519e+00  
   3.7076299  1.889934e+00  1.645900e+00  1.889790e+00  1.646006e+00  1.820969e+00  1.281939e+00  
   3.7276299  1.864187e+00  1.679374e+00  1.864034e+00  1.679472e+00  1.807367e+00  1.310352e+00  
   3.7486300  1.836988e+00  1.712606e+00  1.836827e+00  1.712696e+00  1.793603e+00  1.339784e+00  
   3.7702301  1.809102e+00  1.744621e+00  1.808938e+00  1.744703e+00  1.779832e+00  1.369722e+00  
   3.7902300  1.783687e+00  1.772249e+00  1.783522e+00  1.772324e+00  1.767305e+00  1.397143e+00  
   3.8112299  1.757837e+00  1.799204e+00  1.757674e+00  1.799271e+00  1.754324e+00  1.425557e+00  
   3.8322301  1.733327e+00  1.824208e+00  1.733167e+00  1.824268e+00  1.741550e+00  1.453478e+00  
   3.8532300  1.710674e+00  1.847560e+00  1.710522e+00  1.847612e+00  1.729128e+00  1.480789e+00  
   3.8742299  1.690393e+00  1.869721e+00  1.690250e+00  1.869767e+00  1.717319e+00  1.507421e+00  
   3.8942299  1.673701e+00  1.890293e+00  1.673568e+00  1.890333e+00  1.706974e+00  1.532166e+00  
   3.9152300  1.659270e+00  1.912071e+00  1.659148e+00  1.912107e+00  1.697472e+00  1.557624e+00  
   3.9362299  1.648218e+00  1.934919e+00  1.648108e+00  1.934953e+00  1.689824e+00  1.582824e+00  
   3.9572301  1.640572e+00  1.959835e+00  1.640472e+00  1.959868e+00  1.684476e+00  1.608219e+00  
   3.9782300  1.636133e+00  1.987860e+00  1.636042e+00  1.987895e+00  1.681800e+00  1.634430e+00  
   3.9992299  1.634463e+00  2.020034e+00  1.634379e+00  2.020072e+00  1.682036e+00  1.662238e+00  
   4.0192299  1.634822e+00  2.055425e+00  1.634742e+00  2.055470e+00  1.685025e+00  1.691041e+00  
   4.0402298  1.636358e+00  2.098391e+00  1.636280e+00  2.098444e+00  1.690904e+00  1.724675e+00  
   4.0612302  1.637965e+00  2.147971e+00  1.637884e+00  2.148035e+00  1.699175e+00  1.762802e+00  
   4.0822301  1.638325e+00  2.204611e+00  1.638239e+00  2.204689e+00  1.709137e+00  1.806430e+00  
   4.1032300  1.635994e+00  2.268494e+00  1.635897e+00  2.268587e+00  1.719797e+00  1.856469e+00  
   4.1242299  1.629451e+00  2.339509e+00  1.629341e+00  2.339619e+00  1.729896e+00  1.913676e+00  
   4.1442299  1.617905e+00  2.413393e+00  1.617779e+00  2.413521e+00  1.737615e+00  1.975301e+00  
   4.1652298  1.598783e+00  2.496857e+00  1.598637e+00  2.497003e+00  1.742089e+00  2.047732e+00  
   4.1868300  1.570220e+00  2.587974e+00  1.570051e+00  2.588138e+00  1.740912e+00  2.130370e+00  
   4.2068300  1.534603e+00  2.675950e+00  1.534412e+00  2.676133e+00  1.732820e+00  2.213785e+00  
   4.2278299  1.486748e+00  2.770669e+00  1.486533e+00  2.770867e+00  1.715269e+00  2.307636e+00  
   4.2488298  1.427435e+00  2.866219e+00  1.427195e+00  2.866432e+00  1.686734e+00  2.406613e+00  
   4.2698302  1.356155e+00  2.960900e+00  1.355891e+00  2.961125e+00  1.645702e+00  2.509027e+00  
   4.2908301  1.272673e+00  3.052938e+00  1.272387e+00  3.053174e+00  1.590985e+00  2.612830e+00  
   4.3108301  1.181846e+00  3.136511e+00  1.181541e+00  3.136752e+00  1.525434e+00  2.710871e+00  
   4.3318300  1.074872e+00  3.218276e+00  1.074548e+00  3.218521e+00  1.442198e+00  2.810556e+00  
   4.3528299  9.565402e-01  3.292225e+00  9.562013e-01  3.292470e+00  1.344412e+00  2.904376e+00  
   4.3738298  8.276413e-01  3.356732e+00  8.272892e-01  3.356972e+00  1.232833e+00  2.989804e+00  
   4.3948302  6.891987e-01  3.410275e+00  6.888352e-01  3.410507e+00  1.108749e+00  3.064480e+00  
   4.4158301  5.424761e-01  3.451464e+00  5.421041e-01  3.451685e+00  9.739513e-01  3.126320e+00  
   4.4358301  3.963920e-01  3.478086e+00  3.960134e-01  3.478294e+00  8.376260e-01  3.171731e+00  
   4.4568300  2.379596e-01  3.491801e+00  2.375757e-01  3.491990e+00  6.885678e-01  3.204068e+00  
   4.4778299  7.621025e-02  3.490120e+00  7.582265e-02  3.490289e+00  5.361351e-01  3.219980e+00  
   4.4988298  -8.680386e-02  3.472482e+00  -8.719388e-02  3.472625e+00  3.831398e-01  3.219297e+00  
   4.5198302  -2.488951e-01  3.438620e+00  -2.492863e-01  3.438736e+00  2.323402e-01  3.202382e+00  
   4.5408301  -4.077736e-01  3.388611e+00  -4.081645e-01  3.388699e+00  8.633573e-02  3.170115e+00  
   4.5608301  -5.539875e-01  3.326381e+00  -5.543768e-01  3.326440e+00  -4.614104e-02  3.126311e+00  
   4.5818300  -6.999783e-01  3.246511e+00  -7.003642e-01  3.246539e+00  -1.764516e-01  3.068187e+00  
   4.6034298  -8.398731e-01  3.150123e+00  -8.402532e-01  3.150119e+00  -2.994877e-01  2.997434e+00  
   4.6234298  -9.583266e-01  3.049529e+00  -9.586995e-01  3.049493e+00  -4.024290e-01  2.923954e+00  
   4.6444302  -1.069681e+00  2.934078e+00  -1.070043e+00  2.934011e+00  -4.985091e-01  2.840623e+00  
   4.6654301  -1.166496e+00  2.810790e+00  -1.166847e+00  2.810693e+00  -5.820431e-01  2.753031e+00  
   4.6864300  -1.248011e+00  2.682116e+00  -1.248346e+00  2.681990e+00  -6.531620e-01  2.663159e+00  
   4.7074299  -1.313950e+00  2.550592e+00  -1.314268e+00  2.550440e+00  -7.123136e-01  2.572810e+00  
   4.7274299  -1.362461e+00  2.424975e+00  -1.362761e+00  2.424797e+00  -7.581621e-01  2.487763e+00  
   4.7484298  -1.399033e+00  2.294965e+00  -1.399312e+00  2.294764e+00  -7.961390e-01  2.400793e+00  
   4.7694302  -1.421934e+00  2.168963e+00  -1.422192e+00  2.168740e+00  -8.246905e-01  2.317264e+00  
   4.7904301  -1.432530e+00  2.048755e+00  -1.432766e+00  2.048512e+00  -8.448769e-01  2.238001e+00  
   4.8114300  -1.432407e+00  1.935738e+00  -1.432620e+00  1.935476e+00  -8.577744e-01  2.163585e+00  
   4.8324299  -1.423259e+00  1.830908e+00  -1.423450e+00  1.830629e+00  -8.644310e-01  2.094384e+00  
   4.8524299  -1.407722e+00  1.739239e+00  -1.407893e+00  1.738943e+00  -8.658764e-01  2.033497e+00  
   4.8734298  -1.385823e+00  1.651806e+00  -1.385972e+00  1.651494e+00  -8.631355e-01  1.974866e+00  
   4.8944302  -1.359695e+00  1.573358e+00  -1.359824e+00  1.573030e+00  -8.568498e-01  1.921578e+00  
   4.9154301  -1.330688e+00  1.503600e+00  -1.330798e+00  1.503256e+00  -8.477574e-01  1.873451e+00  
   4.9364300  -1.299955e+00  1.442052e+00  -1.300046e+00  1.441692e+00  -8.365034e-01  1.830236e+00  
   4.9574299  -1.268448e+00  1.388105e+00  -1.268521e+00  1.387730e+00  -8.236425e-01  1.791634e+00  
   4.9774299  -1.238420e+00  1.343177e+00  -1.238477e+00  1.342787e+00  -8.103319e-01  1.758863e+00  
   4.9984298  -1.207429e+00  1.302094e+00  -1.207470e+00  1.301689e+00  -7.956204e-01  1.728322e+00  
