w Re-xx Im-xx Re-yy Im-yy Re-zz Im-zz
# Gaussian absolute broadening  0.15 [eV]
   0.0000000  7.685137e-01  8.840697e-05  7.685308e-01  8.840966e-05  7.363380e-01  8.254043e-05  
   0.0200000  7.686136e-01  9.461818e-05  7.686308e-01  9.462133e-05  7.364312e-01  8.833925e-05  
   0.0410000  7.687325e-01  1.016961e-04  7.687495e-01  1.016998e-04  7.365420e-01  9.494723e-05  
   0.0620000  7.688679e-01  1.093799e-04  7.688853e-01  1.093843e-04  7.366683e-01  1.021210e-04  
   0.0830000  7.690217e-01  1.177036e-04  7.690388e-01  1.177087e-04  7.368121e-01  1.098922e-04  
   0.1040000  7.691963e-01  1.266966e-04  7.692134e-01  1.267025e-04  7.369750e-01  1.182882e-04  
   0.1240000  7.693833e-01  1.359048e-04  7.694003e-01  1.359116e-04  7.371494e-01  1.268853e-04  
   0.1450000  7.696038e-01  1.462645e-04  7.696209e-01  1.462722e-04  7.373555e-01  1.365572e-04  
   0.1660000  7.698517e-01  1.573384e-04  7.698689e-01  1.573471e-04  7.375870e-01  1.468960e-04  
   0.1870000  7.701288e-01  1.691230e-04  7.701459e-01  1.691329e-04  7.378457e-01  1.578981e-04  
   0.2080000  7.704371e-01  1.816038e-04  7.704542e-01  1.816149e-04  7.381335e-01  1.695502e-04  
   0.2290000  7.707783e-01  1.947557e-04  7.707953e-01  1.947679e-04  7.384520e-01  1.818285e-04  
   0.2490000  7.711355e-01  2.078729e-04  7.711529e-01  2.078863e-04  7.387854e-01  1.940744e-04  
   0.2700000  7.715455e-01  2.222253e-04  7.715628e-01  2.222399e-04  7.391683e-01  2.074731e-04  
   0.2910000  7.719924e-01  2.371220e-04  7.720096e-01  2.371377e-04  7.395856e-01  2.213797e-04  
   0.3120000  7.724773e-01  2.525090e-04  7.724946e-01  2.525261e-04  7.400383e-01  2.357440e-04  
   0.3330000  7.730000e-01  2.683315e-04  7.730172e-01  2.683499e-04  7.405262e-01  2.505145e-04  
   0.3540000  7.735614e-01  2.845360e-04  7.735785e-01  2.845556e-04  7.410503e-01  2.656413e-04  
   0.3740000  7.741318e-01  3.002784e-04  7.741491e-01  3.002994e-04  7.415830e-01  2.803369e-04  
   0.3950000  7.747683e-01  3.170901e-04  7.747856e-01  3.171125e-04  7.421771e-01  2.960304e-04  
   0.4160000  7.754431e-01  3.341537e-04  7.754607e-01  3.341777e-04  7.428073e-01  3.119587e-04  
   0.4374300  7.761721e-01  3.517942e-04  7.761896e-01  3.518200e-04  7.434875e-01  3.284258e-04  
   0.4574300  7.768879e-01  3.684421e-04  7.769052e-01  3.684699e-04  7.441559e-01  3.439663e-04  
   0.4784300  7.776768e-01  3.860974e-04  7.776945e-01  3.861272e-04  7.448927e-01  3.604474e-04  
   0.4994300  7.785043e-01  4.039197e-04  7.785218e-01  4.039521e-04  7.456650e-01  3.770844e-04  
   0.5204300  7.793698e-01  4.219023e-04  7.793873e-01  4.219373e-04  7.464729e-01  3.938712e-04  
   0.5414300  7.802733e-01  4.400416e-04  7.802913e-01  4.400794e-04  7.473167e-01  4.108044e-04  
   0.5614300  7.811705e-01  4.574625e-04  7.811881e-01  4.575031e-04  7.481543e-01  4.270675e-04  
   0.5824300  7.821503e-01  4.759093e-04  7.821680e-01  4.759532e-04  7.490687e-01  4.442883e-04  
   0.6034300  7.831687e-01  4.945182e-04  7.831867e-01  4.945654e-04  7.500196e-01  4.616605e-04  
   0.6244300  7.842272e-01  5.132940e-04  7.842449e-01  5.133445e-04  7.510076e-01  4.791892e-04  
   0.6454300  7.853251e-01  5.322429e-04  7.853432e-01  5.322967e-04  7.520326e-01  4.968795e-04  
   0.6664300  7.864634e-01  5.513710e-04  7.864813e-01  5.514276e-04  7.530951e-01  5.147369e-04  
   0.6864300  7.875844e-01  5.697607e-04  7.876024e-01  5.698201e-04  7.541417e-01  5.319050e-04  
   0.7074300  7.888016e-01  5.892583e-04  7.888197e-01  5.893200e-04  7.552782e-01  5.501081e-04  
   0.7284300  7.900601e-01  6.089557e-04  7.900781e-01  6.090197e-04  7.564526e-01  5.684974e-04  
   0.7494300  7.913600e-01  6.288611e-04  7.913783e-01  6.289265e-04  7.576665e-01  5.870810e-04  
   0.7704300  7.927019e-01  6.489814e-04  7.927201e-01  6.490482e-04  7.589191e-01  6.058656e-04  
   0.7914300  7.940865e-01  6.693256e-04  7.941047e-01  6.693933e-04  7.602116e-01  6.248591e-04  
   0.8114300  7.954443e-01  6.889160e-04  7.954628e-01  6.889842e-04  7.614794e-01  6.431495e-04  
   0.8324300  7.969129e-01  7.097208e-04  7.969314e-01  7.097892e-04  7.628503e-01  6.625740e-04  
   0.8540300  7.984694e-01  7.313809e-04  7.984879e-01  7.314490e-04  7.643034e-01  6.827975e-04  
   0.8740300  7.999523e-01  7.516808e-04  7.999709e-01  7.517483e-04  7.656876e-01  7.017517e-04  
   0.8950300  8.015534e-01  7.732579e-04  8.015719e-01  7.733250e-04  7.671824e-01  7.218996e-04  
   0.9160300  8.031999e-01  7.951140e-04  8.032189e-01  7.951806e-04  7.687196e-01  7.423091e-04  
   0.9370300  8.048926e-01  8.172598e-04  8.049116e-01  8.173256e-04  7.702997e-01  7.629908e-04  
   0.9580300  8.066323e-01  8.397056e-04  8.066511e-01  8.397708e-04  7.719237e-01  7.839542e-04  
   0.9780300  8.083333e-01  8.613730e-04  8.083523e-01  8.614375e-04  7.735117e-01  8.041923e-04  
   0.9990300  8.101661e-01  8.844388e-04  8.101853e-01  8.845030e-04  7.752230e-01  8.257391e-04  
   1.0200300  8.120479e-01  9.078393e-04  8.120672e-01  9.079038e-04  7.769800e-01  8.476012e-04  
   1.0410300  8.139794e-01  9.315872e-04  8.139988e-01  9.316516e-04  7.787831e-01  8.697908e-04  
   1.0620300  8.159615e-01  9.556944e-04  8.159810e-01  9.557591e-04  7.806340e-01  8.923194e-04  
   1.0830300  8.179944e-01  9.801735e-04  8.180142e-01  9.802395e-04  7.825320e-01  9.151995e-04  
   1.1030300  8.199786e-01  1.003845e-03  8.199983e-01  1.003912e-03  7.843847e-01  9.373288e-04  
   1.1240300  8.221137e-01  1.029089e-03  8.221335e-01  1.029157e-03  7.863781e-01  9.609329e-04  
   1.1450300  8.243018e-01  1.054745e-03  8.243220e-01  1.054814e-03  7.884218e-01  9.849283e-04  
   1.1660300  8.265443e-01  1.080828e-03  8.265646e-01  1.080899e-03  7.905160e-01  1.009329e-03  
   1.1870300  8.288425e-01  1.107353e-03  8.288627e-01  1.107425e-03  7.926619e-01  1.034151e-03  
   1.2080300  8.311964e-01  1.134336e-03  8.312168e-01  1.134409e-03  7.948602e-01  1.059410e-03  
   1.2280300  8.334910e-01  1.160475e-03  8.335114e-01  1.160549e-03  7.970034e-01  1.083888e-03  
   1.2490300  8.359568e-01  1.188400e-03  8.359774e-01  1.188475e-03  7.993064e-01  1.110051e-03  
   1.2706300  8.385556e-01  1.217656e-03  8.385763e-01  1.217732e-03  8.017337e-01  1.137478e-03  
   1.2906300  8.410181e-01  1.245244e-03  8.410391e-01  1.245321e-03  8.040341e-01  1.163360e-03  
   1.3116300  8.436638e-01  1.274748e-03  8.436849e-01  1.274826e-03  8.065058e-01  1.191064e-03  
   1.3326300  8.463715e-01  1.304824e-03  8.463927e-01  1.304903e-03  8.090357e-01  1.219336e-03  
   1.3536299  8.491431e-01  1.335496e-03  8.491645e-01  1.335575e-03  8.116257e-01  1.248207e-03  
   1.3746300  8.519800e-01  1.366789e-03  8.520012e-01  1.366869e-03  8.142765e-01  1.277714e-03  
   1.3946300  8.547435e-01  1.397194e-03  8.547653e-01  1.397276e-03  8.168595e-01  1.306444e-03  
   1.4156300  8.577114e-01  1.429782e-03  8.577332e-01  1.429865e-03  8.196337e-01  1.337311e-03  
   1.4366300  8.607485e-01  1.463081e-03  8.607704e-01  1.463166e-03  8.224729e-01  1.368950e-03  
   1.4576300  8.638561e-01  1.497130e-03  8.638784e-01  1.497216e-03  8.253788e-01  1.401420e-03  
   1.4786299  8.670365e-01  1.531972e-03  8.670587e-01  1.532060e-03  8.283530e-01  1.434791e-03  
   1.4996300  8.702906e-01  1.567657e-03  8.703132e-01  1.567749e-03  8.313966e-01  1.469143e-03  
   1.5196300  8.734595e-01  1.602482e-03  8.734821e-01  1.602576e-03  8.343613e-01  1.502856e-03  
   1.5406300  8.768622e-01  1.639995e-03  8.768853e-01  1.640092e-03  8.375454e-01  1.539403e-03  
   1.5616300  8.803440e-01  1.678559e-03  8.803670e-01  1.678659e-03  8.408041e-01  1.577250e-03  
   1.5826300  8.839061e-01  1.718269e-03  8.839294e-01  1.718373e-03  8.441390e-01  1.616540e-03  
   1.6036299  8.875508e-01  1.759237e-03  8.875744e-01  1.759346e-03  8.475521e-01  1.657439e-03  
   1.6246300  8.912805e-01  1.801593e-03  8.913042e-01  1.801706e-03  8.510453e-01  1.700136e-03  
   1.6446300  8.949119e-01  1.843353e-03  8.949363e-01  1.843471e-03  8.544481e-01  1.742669e-03  
   1.6656300  8.988117e-01  1.888846e-03  8.988357e-01  1.888969e-03  8.581027e-01  1.789520e-03  
   1.6872300  9.029183e-01  1.937579e-03  9.029425e-01  1.937706e-03  8.619531e-01  1.840322e-03  
   1.7072300  9.068077e-01  1.984622e-03  9.068326e-01  1.984755e-03  8.656013e-01  1.889986e-03  
   1.7282300  9.109852e-01  2.036182e-03  9.110102e-01  2.036321e-03  8.695211e-01  1.945131e-03  
   1.7492300  9.152608e-01  2.090134e-03  9.152857e-01  2.090278e-03  8.735341e-01  2.003638e-03  
   1.7702301  9.196362e-01  2.146641e-03  9.196618e-01  2.146792e-03  8.776432e-01  2.065804e-03  
   1.7912300  9.241150e-01  2.205848e-03  9.241410e-01  2.206005e-03  8.818510e-01  2.131916e-03  
   1.8112299  9.284791e-01  2.264855e-03  9.285051e-01  2.265017e-03  8.859529e-01  2.198805e-03  
   1.8322300  9.331672e-01  2.329651e-03  9.331936e-01  2.329820e-03  8.903619e-01  2.273431e-03  
   1.8532300  9.379674e-01  2.397420e-03  9.379942e-01  2.397593e-03  8.948784e-01  2.352847e-03  
   1.8742300  9.428824e-01  2.468209e-03  9.429092e-01  2.468388e-03  8.995064e-01  2.437392e-03  
   1.8952301  9.479163e-01  2.542061e-03  9.479438e-01  2.542243e-03  9.042485e-01  2.527484e-03  
   1.9162300  9.530719e-01  2.619029e-03  9.530994e-01  2.619215e-03  9.091085e-01  2.623665e-03  
   1.9362299  9.580984e-01  2.695311e-03  9.581262e-01  2.695503e-03  9.138507e-01  2.721589e-03  
   1.9572300  9.635022e-01  2.778684e-03  9.635306e-01  2.778880e-03  9.189534e-01  2.831965e-03  
   1.9782300  9.690408e-01  2.865657e-03  9.690695e-01  2.865856e-03  9.241871e-01  2.951297e-03  
   1.9992300  9.747173e-01  2.956590e-03  9.747462e-01  2.956793e-03  9.295554e-01  3.081138e-03  
   2.0202301  9.805372e-01  3.051995e-03  9.805670e-01  3.052202e-03  9.350643e-01  3.223385e-03  
   2.0412300  9.865054e-01  3.152545e-03  9.865355e-01  3.152757e-03  9.407173e-01  3.380274e-03  
   2.0612299  9.923319e-01  3.253868e-03  9.923620e-01  3.254085e-03  9.462404e-01  3.545634e-03  
   2.0822301  9.986047e-01  3.367092e-03  9.986354e-01  3.367314e-03  9.521891e-01  3.738697e-03  
   2.1038301  1.005229e+00  3.492118e-03  1.005260e+00  3.492346e-03  9.584739e-01  3.961135e-03  
   2.1238301  1.011523e+00  3.616925e-03  1.011555e+00  3.617162e-03  9.644461e-01  4.191541e-03  
   2.1448300  1.018305e+00  3.758832e-03  1.018337e+00  3.759077e-03  9.708796e-01  4.461723e-03  
   2.1658299  1.025270e+00  3.913517e-03  1.025302e+00  3.913772e-03  9.774839e-01  4.763719e-03  
   2.1868300  1.032423e+00  4.082775e-03  1.032456e+00  4.083040e-03  9.842631e-01  5.100243e-03  
   2.2078300  1.039773e+00  4.268460e-03  1.039806e+00  4.268737e-03  9.912203e-01  5.473697e-03  
   2.2278299  1.046961e+00  4.462326e-03  1.046995e+00  4.462613e-03  9.980167e-01  5.865609e-03  
   2.2488301  1.054712e+00  4.685573e-03  1.054747e+00  4.685873e-03  1.005335e+00  6.316850e-03  
   2.2698300  1.062678e+00  4.930790e-03  1.062713e+00  4.931097e-03  1.012844e+00  6.810200e-03  
   2.2908299  1.070867e+00  5.199701e-03  1.070903e+00  5.200019e-03  1.020550e+00  7.346877e-03  
   2.3118300  1.079286e+00  5.493834e-03  1.079323e+00  5.494158e-03  1.028459e+00  7.927935e-03  
   2.3328300  1.087943e+00  5.814462e-03  1.087980e+00  5.814787e-03  1.036576e+00  8.554354e-03  
   2.3528299  1.096414e+00  6.145320e-03  1.096452e+00  6.145643e-03  1.044507e+00  9.194067e-03  
   2.3738301  1.105557e+00  6.520036e-03  1.105595e+00  6.520355e-03  1.053051e+00  9.912132e-03  
   2.3948300  1.114962e+00  6.922840e-03  1.115001e+00  6.923144e-03  1.061827e+00  1.067890e-02  
   2.4158299  1.124640e+00  7.353379e-03  1.124679e+00  7.353667e-03  1.070842e+00  1.149573e-02  
   2.4368300  1.134600e+00  7.810827e-03  1.134641e+00  7.811096e-03  1.080106e+00  1.236396e-02  
   2.4578300  1.144859e+00  8.293918e-03  1.144900e+00  8.294166e-03  1.089628e+00  1.328485e-02  
   2.4778299  1.154917e+00  8.776398e-03  1.154958e+00  8.776621e-03  1.098946e+00  1.421187e-02  
   2.4988301  1.165796e+00  9.304841e-03  1.165840e+00  9.305038e-03  1.109004e+00  1.523848e-02  
   2.5204301  1.177349e+00  9.869916e-03  1.177393e+00  9.870091e-03  1.119656e+00  1.635186e-02  
   2.5404301  1.188392e+00  1.041122e-02  1.188437e+00  1.041138e-02  1.129808e+00  1.743490e-02  
   2.5614300  1.200370e+00  1.099744e-02  1.200415e+00  1.099759e-02  1.140785e+00  1.862616e-02  
   2.5824299  1.212764e+00  1.160186e-02  1.212811e+00  1.160203e-02  1.152103e+00  1.987302e-02  
   2.6034300  1.225608e+00  1.222562e-02  1.225656e+00  1.222582e-02  1.163786e+00  2.117615e-02  
   2.6244299  1.238932e+00  1.287127e-02  1.238982e+00  1.287151e-02  1.175858e+00  2.253693e-02  
   2.6444299  1.252104e+00  1.351054e-02  1.252155e+00  1.351084e-02  1.187741e+00  2.388899e-02  
   2.6654301  1.266479e+00  1.421355e-02  1.266531e+00  1.421394e-02  1.200653e+00  2.537159e-02  
   2.6864300  1.281455e+00  1.495787e-02  1.281509e+00  1.495838e-02  1.214046e+00  2.692479e-02  
   2.7074299  1.297083e+00  1.575538e-02  1.297138e+00  1.575602e-02  1.227956e+00  2.855720e-02  
   2.7284300  1.313416e+00  1.662152e-02  1.313473e+00  1.662232e-02  1.242425e+00  3.028020e-02  
   2.7494299  1.330516e+00  1.757620e-02  1.330574e+00  1.757719e-02  1.257498e+00  3.210834e-02  
   2.7694299  1.347574e+00  1.859121e-02  1.347635e+00  1.859238e-02  1.272461e+00  3.396402e-02  
   2.7904301  1.366369e+00  1.979968e-02  1.366432e+00  1.980108e-02  1.288864e+00  3.605491e-02  
   2.8114300  1.386151e+00  2.119620e-02  1.386216e+00  2.119785e-02  1.306037e+00  3.832002e-02  
   2.8324299  1.407012e+00  2.283570e-02  1.407080e+00  2.283765e-02  1.324048e+00  4.079561e-02  
   2.8534300  1.429053e+00  2.478920e-02  1.429124e+00  2.479154e-02  1.342973e+00  4.352762e-02  
   2.8744299  1.452382e+00  2.714790e-02  1.452456e+00  2.715071e-02  1.362895e+00  4.657433e-02  
   2.8944299  1.475902e+00  2.987693e-02  1.475979e+00  2.988031e-02  1.382879e+00  4.983602e-02  
   2.9154301  1.502074e+00  3.338848e-02  1.502155e+00  3.339268e-02  1.405015e+00  5.372799e-02  
   2.9370301  1.530692e+00  3.787649e-02  1.530777e+00  3.788184e-02  1.429118e+00  5.835072e-02  
   2.9570301  1.558816e+00  4.302738e-02  1.558906e+00  4.303415e-02  1.452736e+00  6.332518e-02  
   2.9780300  1.590112e+00  4.971556e-02  1.590206e+00  4.972430e-02  1.478972e+00  6.943573e-02  
   2.9990301  1.623266e+00  5.800889e-02  1.623365e+00  5.802023e-02  1.506761e+00  7.666101e-02  
   3.0200300  1.658284e+00  6.824496e-02  1.658389e+00  6.825964e-02  1.536166e+00  8.524690e-02  
   3.0410299  1.695117e+00  8.079524e-02  1.695228e+00  8.081419e-02  1.567220e+00  9.547811e-02  
   3.0610299  1.731777e+00  9.526104e-02  1.731892e+00  9.528502e-02  1.598324e+00  1.070464e-01  
   3.0820301  1.771734e+00  1.134780e-01  1.771855e+00  1.135084e-01  1.632531e+00  1.214501e-01  
   3.1030300  1.812903e+00  1.351863e-01  1.813029e+00  1.352244e-01  1.668201e+00  1.385419e-01  
   3.1240301  1.854900e+00  1.607530e-01  1.855030e+00  1.608000e-01  1.705134e+00  1.587206e-01  
   3.1450300  1.897236e+00  1.904888e-01  1.897372e+00  1.905459e-01  1.743040e+00  1.823847e-01  
   3.1660299  1.939343e+00  2.246247e-01  1.939483e+00  2.246932e-01  1.781531e+00  2.099153e-01  
   3.1860299  1.978642e+00  2.613431e-01  1.978786e+00  2.614232e-01  1.818288e+00  2.400395e-01  
   3.2070301  2.018397e+00  3.043201e-01  2.018544e+00  3.044132e-01  1.856423e+00  2.760302e-01  
   3.2280300  2.055901e+00  3.516959e-01  2.056049e+00  3.518023e-01  1.893427e+00  3.166592e-01  
   3.2490301  2.090453e+00  4.031940e-01  2.090603e+00  4.033138e-01  1.928554e+00  3.619793e-01  
   3.2700300  2.121404e+00  4.583935e-01  2.121553e+00  4.585263e-01  1.961015e+00  4.118928e-01  
   3.2910299  2.148190e+00  5.167462e-01  2.148338e+00  5.168912e-01  1.990009e+00  4.661356e-01  
   3.3110299  2.169424e+00  5.746543e-01  2.169571e+00  5.748097e-01  2.013693e+00  5.214177e-01  
   3.3320301  2.186947e+00  6.372113e-01  2.187092e+00  6.373760e-01  2.033763e+00  5.826780e-01  
   3.3536301  2.199739e+00  7.026409e-01  2.199880e+00  7.028134e-01  2.048680e+00  6.483176e-01  
   3.3736300  2.206887e+00  7.634977e-01  2.207025e+00  7.636757e-01  2.056916e+00  7.106184e-01  
   3.3946300  2.209731e+00  8.269953e-01  2.209866e+00  8.271771e-01  2.059570e+00  7.766350e-01  
   3.4156301  2.208142e+00  8.894694e-01  2.208274e+00  8.896534e-01  2.056075e+00  8.422306e-01  
   3.4366300  2.202583e+00  9.504091e-01  2.202709e+00  9.505936e-01  2.046644e+00  9.063585e-01  
   3.4576299  2.193589e+00  1.009439e+00  2.193711e+00  1.009623e+00  2.031714e+00  9.680448e-01  
   3.4776299  2.182351e+00  1.063666e+00  2.182468e+00  1.063849e+00  2.012960e+00  1.023743e+00  
   3.4986300  2.168281e+00  1.118412e+00  2.168393e+00  1.118592e+00  1.989268e+00  1.078371e+00  
   3.5196300  2.152390e+00  1.170921e+00  2.152496e+00  1.171099e+00  1.962370e+00  1.128580e+00  
   3.5406301  2.135115e+00  1.221295e+00  2.135216e+00  1.221471e+00  1.933222e+00  1.174129e+00  
   3.5616300  2.116797e+00  1.269690e+00  2.116892e+00  1.269864e+00  1.902777e+00  1.215002e+00  
   3.5826299  2.097679e+00  1.316289e+00  2.097768e+00  1.316462e+00  1.871928e+00  1.251406e+00  
   3.6026299  2.078870e+00  1.359159e+00  2.078952e+00  1.359330e+00  1.842884e+00  1.282274e+00  
   3.6236300  2.058568e+00  1.402719e+00  2.058644e+00  1.402889e+00  1.813352e+00  1.311198e+00  
   3.6446300  2.037747e+00  1.444879e+00  2.037817e+00  1.445047e+00  1.785267e+00  1.337148e+00  
   3.6656301  2.016439e+00  1.485675e+00  2.016502e+00  1.485840e+00  1.758925e+00  1.360762e+00  
   3.6866300  1.994707e+00  1.525089e+00  1.994763e+00  1.525251e+00  1.734464e+00  1.382658e+00  
   3.7076299  1.972657e+00  1.563075e+00  1.972708e+00  1.563233e+00  1.711884e+00  1.403389e+00  
   3.7276299  1.951530e+00  1.597871e+00  1.951574e+00  1.598025e+00  1.692046e+00  1.422470e+00  
   3.7486300  1.929456e+00  1.632919e+00  1.929495e+00  1.633069e+00  1.672819e+00  1.442144e+00  
   3.7702301  1.907219e+00  1.667393e+00  1.907253e+00  1.667537e+00  1.654587e+00  1.462241e+00  
   3.7902300  1.887418e+00  1.697969e+00  1.887447e+00  1.698109e+00  1.638963e+00  1.480855e+00  
   3.8112299  1.867858e+00  1.728870e+00  1.867882e+00  1.729005e+00  1.623765e+00  1.500470e+00  
   3.8322301  1.849984e+00  1.758838e+00  1.850004e+00  1.758970e+00  1.609769e+00  1.520176e+00  
   3.8532300  1.834196e+00  1.788307e+00  1.834211e+00  1.788438e+00  1.597015e+00  1.539984e+00  
   3.8742299  1.820817e+00  1.817832e+00  1.820830e+00  1.817965e+00  1.585611e+00  1.559927e+00  
   3.8942299  1.810518e+00  1.846615e+00  1.810527e+00  1.846750e+00  1.576150e+00  1.579123e+00  
   3.9152300  1.802338e+00  1.878259e+00  1.802343e+00  1.878400e+00  1.567875e+00  1.599650e+00  
   3.9362299  1.796767e+00  1.912169e+00  1.796768e+00  1.912319e+00  1.561498e+00  1.620809e+00  
   3.9572301  1.793526e+00  1.949197e+00  1.793523e+00  1.949357e+00  1.557202e+00  1.642969e+00  
   3.9782300  1.792135e+00  1.990176e+00  1.792129e+00  1.990350e+00  1.555113e+00  1.666603e+00  
   3.9992299  1.791916e+00  2.035892e+00  1.791905e+00  2.036080e+00  1.555272e+00  1.692293e+00  
   4.0192299  1.792003e+00  2.084463e+00  1.791987e+00  2.084666e+00  1.557440e+00  1.719288e+00  
   4.0402298  1.791412e+00  2.141269e+00  1.791390e+00  2.141488e+00  1.561615e+00  1.750998e+00  
   4.0612302  1.788965e+00  2.204388e+00  1.788934e+00  2.204624e+00  1.567333e+00  1.786921e+00  
   4.0822301  1.783386e+00  2.273975e+00  1.783346e+00  2.274228e+00  1.573986e+00  1.827831e+00  
   4.1032300  1.773338e+00  2.349952e+00  1.773285e+00  2.350220e+00  1.580747e+00  1.874448e+00  
   4.1242299  1.757469e+00  2.431990e+00  1.757402e+00  2.432272e+00  1.586568e+00  1.927383e+00  
   4.1442299  1.735741e+00  2.515224e+00  1.735658e+00  2.515520e+00  1.590085e+00  1.984078e+00  
   4.1652298  1.704792e+00  2.607186e+00  1.704690e+00  2.607492e+00  1.590267e+00  2.050412e+00  
   4.1868300  1.663112e+00  2.705564e+00  1.662989e+00  2.705881e+00  1.585062e+00  2.125842e+00  
   4.2068300  1.614721e+00  2.798903e+00  1.614575e+00  2.799226e+00  1.573811e+00  2.201823e+00  
   4.2278299  1.553027e+00  2.897843e+00  1.552855e+00  2.898172e+00  1.553729e+00  2.287217e+00  
   4.2488298  1.479645e+00  2.996195e+00  1.479445e+00  2.996527e+00  1.523625e+00  2.377241e+00  
   4.2698302  1.394253e+00  3.092288e+00  1.394024e+00  3.092620e+00  1.482106e+00  2.470387e+00  
   4.2908301  1.296784e+00  3.184372e+00  1.296525e+00  3.184701e+00  1.428057e+00  2.564803e+00  
   4.3108301  1.192896e+00  3.266728e+00  1.192608e+00  3.267051e+00  1.364245e+00  2.653967e+00  
   4.3318300  1.072623e+00  3.345895e+00  1.072306e+00  3.346209e+00  1.283985e+00  2.744560e+00  
   4.3528299  9.415815e-01  3.415889e+00  9.412359e-01  3.416190e+00  1.190315e+00  2.829671e+00  
   4.3738298  8.007333e-01  3.475078e+00  8.003621e-01  3.475363e+00  1.083920e+00  2.906896e+00  
   4.3948302  6.512955e-01  3.521958e+00  6.509012e-01  3.522219e+00  9.659977e-01  2.973966e+00  
   4.4158301  4.947403e-01  3.555186e+00  4.943269e-01  3.555421e+00  8.382303e-01  3.028853e+00  
   4.4358301  3.405672e-01  3.573105e+00  3.401396e-01  3.573310e+00  7.093021e-01  3.068277e+00  
   4.4568300  1.751776e-01  3.576652e+00  1.747407e-01  3.576820e+00  5.686313e-01  3.094992e+00  
   4.4778299  8.222023e-03  3.563961e+00  7.781101e-03  3.564090e+00  4.251073e-01  3.105948e+00  
   4.4988298  -1.581118e-01  3.534747e+00  -1.585505e-01  3.534835e+00  2.814334e-01  3.100943e+00  
   4.5198302  -3.215625e-01  3.489077e+00  -3.219931e-01  3.489118e+00  1.402710e-01  3.080316e+00  
   4.5408301  -4.798407e-01  3.427393e+00  -4.802572e-01  3.427387e+00  4.132386e-03  3.044924e+00  
   4.5608301  -6.237354e-01  3.354511e+00  -6.241332e-01  3.354460e+00  -1.188057e-01  2.998685e+00  
   4.5818300  -7.656100e-01  3.264298e+00  -7.659833e-01  3.264200e+00  -2.390198e-01  2.938590e+00  
   4.6034298  -8.997157e-01  3.158510e+00  -9.000590e-01  3.158366e+00  -3.516587e-01  2.866476e+00  
   4.6234298  -1.011673e+00  3.050580e+00  -1.011986e+00  3.050395e+00  -4.450346e-01  2.792394e+00  
   4.6444302  -1.115347e+00  2.929028e+00  -1.115625e+00  2.928806e+00  -5.312210e-01  2.709183e+00  
   4.6654301  -1.203937e+00  2.801383e+00  -1.204178e+00  2.801127e+00  -6.051171e-01  2.622561e+00  
   4.6864300  -1.277014e+00  2.670109e+00  -1.277220e+00  2.669827e+00  -6.669718e-01  2.534579e+00  
   4.7074299  -1.334612e+00  2.537683e+00  -1.334782e+00  2.537376e+00  -7.173638e-01  2.447096e+00  
   4.7274299  -1.375511e+00  2.412656e+00  -1.375646e+00  2.412333e+00  -7.554641e-01  2.365711e+00  
   4.7484298  -1.404641e+00  2.284613e+00  -1.404743e+00  2.284278e+00  -7.860595e-01  2.283558e+00  
   4.7694302  -1.420818e+00  2.161741e+00  -1.420889e+00  2.161399e+00  -8.081249e-01  2.205797e+00  
   4.7904301  -1.425510e+00  2.045590e+00  -1.425551e+00  2.045246e+00  -8.228274e-01  2.133168e+00  
   4.8114300  -1.420347e+00  1.937325e+00  -1.420362e+00  1.936981e+00  -8.313212e-01  2.066136e+00  
   4.8324299  -1.407030e+00  1.837722e+00  -1.407020e+00  1.837383e+00  -8.347019e-01  2.004925e+00  
   4.8524299  -1.388303e+00  1.751297e+00  -1.388271e+00  1.750964e+00  -8.340876e-01  1.952063e+00  
   4.8734298  -1.363818e+00  1.669490e+00  -1.363767e+00  1.669167e+00  -8.302788e-01  1.902132e+00  
   4.8944302  -1.335819e+00  1.596661e+00  -1.335750e+00  1.596348e+00  -8.239977e-01  1.857659e+00  
   4.9154301  -1.305574e+00  1.532413e+00  -1.305488e+00  1.532111e+00  -8.159077e-01  1.818304e+00  
   4.9364300  -1.274153e+00  1.476189e+00  -1.274051e+00  1.475899e+00  -8.065597e-01  1.783675e+00  
   4.9574299  -1.242428e+00  1.427334e+00  -1.242312e+00  1.427056e+00  -7.964010e-01  1.753349e+00  
   4.9774299  -1.212558e+00  1.387008e+00  -1.212429e+00  1.386742e+00  -7.862999e-01  1.728079e+00  
   4.9984298  -1.182052e+00  1.350486e+00  -1.181910e+00  1.350233e+00  -7.755142e-01  1.704936e+00  
