w Re-xx Im-xx Re-yy Im-yy Re-zz Im-zz
# Gaussian absolute broadening  0.15 [eV]
   0.0000000  7.679361e-01  8.816410e-05  7.679759e-01  8.816420e-05  7.293280e-01  7.965342e-05  
   0.0200000  7.680357e-01  9.435676e-05  7.680756e-01  9.435692e-05  7.294180e-01  8.524683e-05  
   0.0410000  7.681543e-01  1.014135e-04  7.681943e-01  1.014137e-04  7.295250e-01  9.162050e-05  
   0.0620000  7.682892e-01  1.090742e-04  7.683292e-01  1.090745e-04  7.296471e-01  9.853957e-05  
   0.0830000  7.684424e-01  1.173728e-04  7.684825e-01  1.173732e-04  7.297856e-01  1.060345e-04  
   0.1040000  7.686166e-01  1.263386e-04  7.686564e-01  1.263391e-04  7.299430e-01  1.141317e-04  
   0.1240000  7.688029e-01  1.355189e-04  7.688428e-01  1.355196e-04  7.301113e-01  1.224223e-04  
   0.1450000  7.690230e-01  1.458470e-04  7.690629e-01  1.458479e-04  7.303100e-01  1.317489e-04  
   0.1660000  7.692699e-01  1.568871e-04  7.693099e-01  1.568882e-04  7.305332e-01  1.417179e-04  
   0.1870000  7.695463e-01  1.686356e-04  7.695863e-01  1.686371e-04  7.307828e-01  1.523259e-04  
   0.2080000  7.698537e-01  1.810780e-04  7.698937e-01  1.810798e-04  7.310605e-01  1.635596e-04  
   0.2290000  7.701939e-01  1.941893e-04  7.702339e-01  1.941917e-04  7.313678e-01  1.753960e-04  
   0.2490000  7.705501e-01  2.072659e-04  7.705902e-01  2.072688e-04  7.316895e-01  1.872000e-04  
   0.2700000  7.709590e-01  2.215736e-04  7.709990e-01  2.215772e-04  7.320589e-01  2.001141e-04  
   0.2910000  7.714045e-01  2.364238e-04  7.714448e-01  2.364282e-04  7.324613e-01  2.135159e-04  
   0.3120000  7.718876e-01  2.517627e-04  7.719279e-01  2.517680e-04  7.328978e-01  2.273568e-04  
   0.3330000  7.724090e-01  2.675354e-04  7.724491e-01  2.675416e-04  7.333684e-01  2.415870e-04  
   0.3540000  7.729685e-01  2.836886e-04  7.730088e-01  2.836961e-04  7.338737e-01  2.561581e-04  
   0.3740000  7.735373e-01  2.993812e-04  7.735777e-01  2.993898e-04  7.343872e-01  2.703108e-04  
   0.3950000  7.741720e-01  3.161395e-04  7.742122e-01  3.161494e-04  7.349604e-01  2.854220e-04  
   0.4160000  7.748447e-01  3.331484e-04  7.748852e-01  3.331600e-04  7.355678e-01  3.007557e-04  
   0.4374300  7.755713e-01  3.507322e-04  7.756118e-01  3.507454e-04  7.362237e-01  3.166040e-04  
   0.4574300  7.762852e-01  3.673264e-04  7.763255e-01  3.673413e-04  7.368680e-01  3.315569e-04  
   0.4784300  7.770717e-01  3.849241e-04  7.771123e-01  3.849409e-04  7.375780e-01  3.474102e-04  
   0.4994300  7.778964e-01  4.026882e-04  7.779369e-01  4.027071e-04  7.383224e-01  3.634088e-04  
   0.5204300  7.787595e-01  4.206115e-04  7.788000e-01  4.206325e-04  7.391009e-01  3.795464e-04  
   0.5414300  7.796606e-01  4.386902e-04  7.797011e-01  4.387136e-04  7.399141e-01  3.958194e-04  
   0.5614300  7.805546e-01  4.560525e-04  7.805952e-01  4.560781e-04  7.407209e-01  4.114431e-04  
   0.5824300  7.815314e-01  4.744364e-04  7.815720e-01  4.744647e-04  7.416019e-01  4.279810e-04  
   0.6034300  7.825466e-01  4.929807e-04  7.825875e-01  4.930116e-04  7.425180e-01  4.446582e-04  
   0.6244300  7.836018e-01  5.116909e-04  7.836427e-01  5.117249e-04  7.434695e-01  4.614791e-04  
   0.6454300  7.846962e-01  5.305724e-04  7.847372e-01  5.306092e-04  7.444566e-01  4.784481e-04  
   0.6664300  7.858307e-01  5.496313e-04  7.858717e-01  5.496709e-04  7.454796e-01  4.955708e-04  
   0.6864300  7.869484e-01  5.679533e-04  7.869895e-01  5.679957e-04  7.464873e-01  5.120254e-04  
   0.7074300  7.881616e-01  5.873776e-04  7.882028e-01  5.874229e-04  7.475811e-01  5.294644e-04  
   0.7284300  7.894160e-01  6.070002e-04  7.894572e-01  6.070480e-04  7.487116e-01  5.470740e-04  
   0.7494300  7.907118e-01  6.268281e-04  7.907534e-01  6.268786e-04  7.498794e-01  5.648615e-04  
   0.7704300  7.920493e-01  6.468688e-04  7.920908e-01  6.469217e-04  7.510844e-01  5.828327e-04  
   0.7914300  7.934292e-01  6.671314e-04  7.934707e-01  6.671864e-04  7.523279e-01  6.009952e-04  
   0.8114300  7.947826e-01  6.866414e-04  7.948245e-01  6.866984e-04  7.535470e-01  6.184762e-04  
   0.8324300  7.962461e-01  7.073600e-04  7.962878e-01  7.074189e-04  7.548652e-01  6.370321e-04  
   0.8540300  7.977976e-01  7.289282e-04  7.978396e-01  7.289890e-04  7.562622e-01  6.563406e-04  
   0.8740300  7.992754e-01  7.491402e-04  7.993175e-01  7.492024e-04  7.575929e-01  6.744271e-04  
   0.8950300  8.008711e-01  7.706229e-04  8.009133e-01  7.706865e-04  7.590292e-01  6.936418e-04  
   0.9160300  8.025119e-01  7.923813e-04  8.025542e-01  7.924464e-04  7.605059e-01  7.130941e-04  
   0.9370300  8.041989e-01  8.144262e-04  8.042412e-01  8.144926e-04  7.620239e-01  7.327934e-04  
   0.9580300  8.059323e-01  8.367681e-04  8.059748e-01  8.368357e-04  7.635835e-01  7.527486e-04  
   0.9780300  8.076273e-01  8.583330e-04  8.076699e-01  8.584018e-04  7.651080e-01  7.720006e-04  
   0.9990300  8.094539e-01  8.812879e-04  8.094965e-01  8.813580e-04  7.667508e-01  7.924832e-04  
   1.0200300  8.113288e-01  9.045734e-04  8.113717e-01  9.046444e-04  7.684366e-01  8.132508e-04  
   1.0410300  8.132535e-01  9.282018e-04  8.132963e-01  9.282741e-04  7.701666e-01  8.343137e-04  
   1.0620300  8.152281e-01  9.521855e-04  8.152712e-01  9.522585e-04  7.719415e-01  8.556820e-04  
   1.0830300  8.172535e-01  9.765362e-04  8.172967e-01  9.766107e-04  7.737615e-01  8.773664e-04  
   1.1030300  8.192304e-01  1.000081e-03  8.192738e-01  1.000156e-03  7.755372e-01  8.983226e-04  
   1.1240300  8.213572e-01  1.025186e-03  8.214008e-01  1.025262e-03  7.774473e-01  9.206575e-04  
   1.1450300  8.235372e-01  1.050698e-03  8.235810e-01  1.050775e-03  7.794049e-01  9.433433e-04  
   1.1660300  8.257713e-01  1.076631e-03  8.258151e-01  1.076709e-03  7.814104e-01  9.663924e-04  
   1.1870300  8.280602e-01  1.102999e-03  8.281040e-01  1.103078e-03  7.834647e-01  9.898194e-04  
   1.2080300  8.304047e-01  1.129819e-03  8.304489e-01  1.129898e-03  7.855683e-01  1.013639e-03  
   1.2280300  8.326902e-01  1.155795e-03  8.327345e-01  1.155876e-03  7.876184e-01  1.036703e-03  
   1.2490300  8.351461e-01  1.183542e-03  8.351906e-01  1.183624e-03  7.898208e-01  1.061338e-03  
   1.2706300  8.377342e-01  1.212607e-03  8.377787e-01  1.212690e-03  7.921413e-01  1.087144e-03  
   1.2906300  8.401860e-01  1.240010e-03  8.402309e-01  1.240095e-03  7.943391e-01  1.111481e-03  
   1.3116300  8.428207e-01  1.269312e-03  8.428655e-01  1.269399e-03  7.966998e-01  1.137520e-03  
   1.3326300  8.455168e-01  1.299178e-03  8.455620e-01  1.299266e-03  7.991153e-01  1.164086e-03  
   1.3536299  8.482764e-01  1.329629e-03  8.483219e-01  1.329721e-03  8.015866e-01  1.191215e-03  
   1.3746300  8.511004e-01  1.360694e-03  8.511460e-01  1.360787e-03  8.041152e-01  1.218946e-03  
   1.3946300  8.538515e-01  1.390872e-03  8.538973e-01  1.390968e-03  8.065777e-01  1.245959e-03  
   1.4156300  8.568056e-01  1.423211e-03  8.568515e-01  1.423309e-03  8.092211e-01  1.275005e-03  
   1.4366300  8.598282e-01  1.456248e-03  8.598742e-01  1.456348e-03  8.119252e-01  1.304806e-03  
   1.4576300  8.629212e-01  1.490016e-03  8.629676e-01  1.490119e-03  8.146910e-01  1.335425e-03  
   1.4786299  8.660857e-01  1.524553e-03  8.661324e-01  1.524659e-03  8.175204e-01  1.366930e-03  
   1.4996300  8.693236e-01  1.559899e-03  8.693703e-01  1.560007e-03  8.204140e-01  1.399392e-03  
   1.5196300  8.724759e-01  1.594352e-03  8.725231e-01  1.594463e-03  8.232306e-01  1.431266e-03  
   1.5406300  8.758606e-01  1.631403e-03  8.759081e-01  1.631516e-03  8.262537e-01  1.465816e-03  
   1.5616300  8.793232e-01  1.669400e-03  8.793709e-01  1.669516e-03  8.293450e-01  1.501553e-03  
   1.5826300  8.828654e-01  1.708396e-03  8.829134e-01  1.708515e-03  8.325059e-01  1.538559e-03  
   1.6036299  8.864892e-01  1.748449e-03  8.865373e-01  1.748571e-03  8.357389e-01  1.576920e-03  
   1.6246300  8.901963e-01  1.789620e-03  8.902447e-01  1.789746e-03  8.390443e-01  1.616724e-03  
   1.6446300  8.938052e-01  1.829930e-03  8.938540e-01  1.830057e-03  8.422616e-01  1.656060e-03  
   1.6656300  8.976803e-01  1.873473e-03  8.977292e-01  1.873605e-03  8.457137e-01  1.698960e-03  
   1.6872300  9.017597e-01  1.919642e-03  9.018091e-01  1.919776e-03  8.493467e-01  1.744905e-03  
   1.7072300  9.056230e-01  1.963706e-03  9.056725e-01  1.963844e-03  8.527856e-01  1.789197e-03  
   1.7282300  9.097719e-01  2.011412e-03  9.098215e-01  2.011556e-03  8.564764e-01  1.837635e-03  
   1.7492300  9.140168e-01  2.060674e-03  9.140670e-01  2.060821e-03  8.602506e-01  1.888172e-03  
   1.7702301  9.183603e-01  2.111575e-03  9.184110e-01  2.111726e-03  8.641105e-01  1.940928e-03  
   1.7912300  9.228060e-01  2.164199e-03  9.228569e-01  2.164356e-03  8.680587e-01  1.996018e-03  
   1.8112299  9.271377e-01  2.216002e-03  9.271889e-01  2.216164e-03  8.719029e-01  2.050748e-03  
   1.8322300  9.317904e-01  2.272246e-03  9.318421e-01  2.272413e-03  8.760293e-01  2.110675e-03  
   1.8532300  9.365537e-01  2.330473e-03  9.366056e-01  2.330646e-03  8.802509e-01  2.173184e-03  
   1.8742300  9.414310e-01  2.390771e-03  9.414834e-01  2.390951e-03  8.845696e-01  2.238323e-03  
   1.8952301  9.464250e-01  2.453231e-03  9.464779e-01  2.453418e-03  8.889885e-01  2.306120e-03  
   1.9162300  9.515402e-01  2.517945e-03  9.515933e-01  2.518139e-03  8.935101e-01  2.376592e-03  
   1.9362299  9.565263e-01  2.581764e-03  9.565798e-01  2.581965e-03  8.979138e-01  2.446205e-03  
   1.9572300  9.618864e-01  2.651178e-03  9.619401e-01  2.651385e-03  9.026444e-01  2.521938e-03  
   1.9782300  9.673786e-01  2.723181e-03  9.674327e-01  2.723396e-03  9.074858e-01  2.600403e-03  
   1.9992300  9.730053e-01  2.797927e-03  9.730603e-01  2.798150e-03  9.124424e-01  2.681650e-03  
   2.0202301  9.787732e-01  2.875606e-03  9.788284e-01  2.875837e-03  9.175180e-01  2.765759e-03  
   2.0412300  9.846849e-01  2.956450e-03  9.847407e-01  2.956688e-03  9.227154e-01  2.852839e-03  
   2.0612299  9.904542e-01  3.036644e-03  9.905104e-01  3.036890e-03  9.277824e-01  2.938671e-03  
   2.0822301  9.966626e-01  3.124541e-03  9.967192e-01  3.124794e-03  9.332293e-01  3.032020e-03  
   2.1038301  1.003215e+00  3.219320e-03  1.003273e+00  3.219581e-03  9.389730e-01  3.131717e-03  
   2.1238301  1.009439e+00  3.311475e-03  1.009497e+00  3.311742e-03  9.444219e-01  3.227612e-03  
   2.1448300  1.016142e+00  3.413319e-03  1.016200e+00  3.413594e-03  9.502842e-01  3.332311e-03  
   2.1658299  1.023022e+00  3.520969e-03  1.023081e+00  3.521251e-03  9.562945e-01  3.441461e-03  
   2.1868300  1.030086e+00  3.635099e-03  1.030146e+00  3.635390e-03  9.624602e-01  3.555459e-03  
   2.2078300  1.037343e+00  3.756420e-03  1.037403e+00  3.756720e-03  9.687842e-01  3.674722e-03  
   2.2278299  1.044438e+00  3.879336e-03  1.044498e+00  3.879645e-03  9.749619e-01  3.793620e-03  
   2.2488301  1.052089e+00  4.016872e-03  1.052151e+00  4.017193e-03  9.816154e-01  3.924489e-03  
   2.2698300  1.059955e+00  4.163834e-03  1.060017e+00  4.164167e-03  9.884468e-01  4.062001e-03  
   2.2908299  1.068043e+00  4.320965e-03  1.068106e+00  4.321313e-03  9.954628e-01  4.206638e-03  
   2.3118300  1.076362e+00  4.488964e-03  1.076426e+00  4.489329e-03  1.002671e+00  4.358869e-03  
   2.3328300  1.084922e+00  4.668482e-03  1.084987e+00  4.668863e-03  1.010078e+00  4.519140e-03  
   2.3528299  1.093307e+00  4.850700e-03  1.093373e+00  4.851099e-03  1.017326e+00  4.679663e-03  
   2.3738301  1.102367e+00  5.054348e-03  1.102433e+00  5.054769e-03  1.025146e+00  4.856894e-03  
   2.3948300  1.111698e+00  5.271084e-03  1.111765e+00  5.271527e-03  1.033191e+00  5.043422e-03  
   2.4158299  1.121314e+00  5.501344e-03  1.121381e+00  5.501810e-03  1.041470e+00  5.239660e-03  
   2.4368300  1.131227e+00  5.745555e-03  1.131296e+00  5.746046e-03  1.049995e+00  5.446021e-03  
   2.4578300  1.141453e+00  6.004153e-03  1.141523e+00  6.004669e-03  1.058778e+00  5.662931e-03  
   2.4778299  1.151497e+00  6.264274e-03  1.151567e+00  6.264815e-03  1.067391e+00  5.879745e-03  
   2.4988301  1.162380e+00  6.552528e-03  1.162451e+00  6.553094e-03  1.076711e+00  6.118649e-03  
   2.5204301  1.173955e+00  6.866002e-03  1.174027e+00  6.866600e-03  1.086607e+00  6.377021e-03  
   2.5404301  1.185035e+00  7.172581e-03  1.185109e+00  7.173211e-03  1.096066e+00  6.628367e-03  
   2.5614300  1.197069e+00  7.512711e-03  1.197144e+00  7.513376e-03  1.106320e+00  6.905695e-03  
   2.5824299  1.209537e+00  7.873265e-03  1.209613e+00  7.873961e-03  1.116922e+00  7.197912e-03  
   2.6034300  1.222467e+00  8.256588e-03  1.222545e+00  8.257320e-03  1.127897e+00  7.506537e-03  
   2.6244299  1.235891e+00  8.665711e-03  1.235969e+00  8.666489e-03  1.139264e+00  7.833558e-03  
   2.6444299  1.249166e+00  9.082986e-03  1.249246e+00  9.083810e-03  1.150479e+00  8.164519e-03  
   2.6654301  1.263658e+00  9.555109e-03  1.263740e+00  9.555992e-03  1.162692e+00  8.535834e-03  
   2.6864300  1.278758e+00  1.006874e-02  1.278841e+00  1.006969e-02  1.175381e+00  8.935995e-03  
   2.7074299  1.294516e+00  1.063286e-02  1.294601e+00  1.063390e-02  1.188583e+00  9.370964e-03  
   2.7284300  1.310986e+00  1.125949e-02  1.311073e+00  1.126062e-02  1.202336e+00  9.848535e-03  
   2.7494299  1.328229e+00  1.196468e-02  1.328319e+00  1.196593e-02  1.216681e+00  1.037886e-02  
   2.7694299  1.345434e+00  1.272911e-02  1.345526e+00  1.273050e-02  1.230940e+00  1.094509e-02  
   2.7904301  1.364396e+00  1.365706e-02  1.364490e+00  1.365862e-02  1.246585e+00  1.162026e-02  
   2.8114300  1.384362e+00  1.475155e-02  1.384458e+00  1.475333e-02  1.262980e+00  1.239977e-02  
   2.8324299  1.405429e+00  1.606431e-02  1.405528e+00  1.606640e-02  1.280190e+00  1.331209e-02  
   2.8534300  1.427704e+00  1.766389e-02  1.427806e+00  1.766639e-02  1.298285e+00  1.439384e-02  
   2.8744299  1.451303e+00  1.964010e-02  1.451408e+00  1.964313e-02  1.317345e+00  1.569190e-02  
   2.8944299  1.475118e+00  2.197824e-02  1.475227e+00  2.198192e-02  1.336474e+00  1.718375e-02  
   2.9154301  1.501652e+00  2.505318e-02  1.501765e+00  2.505777e-02  1.357673e+00  1.909073e-02  
   2.9370301  1.530704e+00  2.906845e-02  1.530821e+00  2.907432e-02  1.380769e+00  2.151387e-02  
   2.9570301  1.559300e+00  3.376705e-02  1.559421e+00  3.377442e-02  1.403417e+00  2.428450e-02  
   2.9780300  1.591170e+00  3.997583e-02  1.591295e+00  3.998525e-02  1.428605e+00  2.787854e-02  
   2.9990301  1.624993e+00  4.780041e-02  1.625124e+00  4.781245e-02  1.455331e+00  3.234639e-02  
   3.0200300  1.660787e+00  5.759890e-02  1.660923e+00  5.761427e-02  1.483685e+00  3.789756e-02  
   3.0410299  1.698514e+00  6.976904e-02  1.698655e+00  6.978849e-02  1.513739e+00  4.477987e-02  
   3.0610299  1.736141e+00  8.395530e-02  1.736287e+00  8.397957e-02  1.543983e+00  5.283481e-02  
   3.0820301  1.777244e+00  1.020012e-01  1.777394e+00  1.020315e-01  1.577450e+00  6.318117e-02  
   3.1030300  1.819693e+00  1.237051e-01  1.819847e+00  1.237426e-01  1.612626e+00  7.581802e-02  
   3.1240301  1.863101e+00  1.494790e-01  1.863258e+00  1.495246e-01  1.649404e+00  9.113612e-02  
   3.1450300  1.906970e+00  1.796793e-01  1.907129e+00  1.797342e-01  1.687595e+00  1.095430e-01  
   3.1660299  1.950713e+00  2.145811e-01  1.950873e+00  2.146465e-01  1.726924e+00  1.314481e-01  
   3.1860299  1.991641e+00  2.523450e-01  1.991801e+00  2.524211e-01  1.765094e+00  1.559194e-01  
   3.2070301  2.033149e+00  2.967811e-01  2.033307e+00  2.968692e-01  1.805462e+00  1.857371e-01  
   3.2280300  2.072405e+00  3.460049e-01  2.072560e+00  3.461055e-01  1.845554e+00  2.200482e-01  
   3.2490301  2.108661e+00  3.997451e-01  2.108812e+00  3.998583e-01  1.884704e+00  2.590297e-01  
   3.2700300  2.141208e+00  4.575686e-01  2.141352e+00  4.576944e-01  1.922168e+00  3.027292e-01  
   3.2910299  2.169421e+00  5.188978e-01  2.169558e+00  5.190358e-01  1.957160e+00  3.510442e-01  
   3.3110299  2.191802e+00  5.799255e-01  2.191930e+00  5.800740e-01  1.987460e+00  4.011059e-01  
   3.3320301  2.210243e+00  6.459965e-01  2.210361e+00  6.461546e-01  2.015362e+00  4.574988e-01  
   3.3536301  2.223609e+00  7.152163e-01  2.223718e+00  7.153835e-01  2.039168e+00  5.189648e-01  
   3.3736300  2.230903e+00  7.796618e-01  2.231003e+00  7.798352e-01  2.056251e+00  5.783002e-01  
   3.3946300  2.233455e+00  8.469205e-01  2.233545e+00  8.470989e-01  2.068653e+00  6.422567e-01  
   3.4156301  2.231078e+00  9.130588e-01  2.231159e+00  9.132403e-01  2.075170e+00  7.069649e-01  
   3.4366300  2.224210e+00  9.774775e-01  2.224281e+00  9.776599e-01  2.075788e+00  7.714292e-01  
   3.4576299  2.213372e+00  1.039722e+00  2.213435e+00  1.039903e+00  2.070710e+00  8.346754e-01  
   3.4776299  2.199886e+00  1.096700e+00  2.199942e+00  1.096879e+00  2.060958e+00  8.929531e-01  
   3.4986300  2.182958e+00  1.153957e+00  2.183007e+00  1.154133e+00  2.046126e+00  9.513384e-01  
   3.5196300  2.163736e+00  1.208551e+00  2.163777e+00  1.208721e+00  2.027320e+00  1.006241e+00  
   3.5406301  2.142709e+00  1.260559e+00  2.142745e+00  1.260722e+00  2.005384e+00  1.057242e+00  
   3.5616300  2.120286e+00  1.310129e+00  2.120315e+00  1.310284e+00  1.981209e+00  1.104130e+00  
   3.5826299  2.096787e+00  1.357447e+00  2.096810e+00  1.357594e+00  1.955676e+00  1.146910e+00  
   3.6026299  2.073621e+00  1.400591e+00  2.073637e+00  1.400729e+00  1.930842e+00  1.184016e+00  
   3.6236300  2.048631e+00  1.444030e+00  2.048641e+00  1.444159e+00  1.904907e+00  1.219510e+00  
   3.6446300  2.023077e+00  1.485674e+00  2.023082e+00  1.485793e+00  1.879674e+00  1.251930e+00  
   3.6656301  1.997060e+00  1.525581e+00  1.997061e+00  1.525689e+00  1.855551e+00  1.281833e+00  
   3.6866300  1.970693e+00  1.563751e+00  1.970689e+00  1.563849e+00  1.832779e+00  1.309797e+00  
   3.7076299  1.944124e+00  1.600140e+00  1.944115e+00  1.600228e+00  1.811452e+00  1.336365e+00  
   3.7276299  1.918819e+00  1.633078e+00  1.918807e+00  1.633158e+00  1.792455e+00  1.360803e+00  
   3.7486300  1.892512e+00  1.665795e+00  1.892498e+00  1.665868e+00  1.773782e+00  1.385908e+00  
   3.7702301  1.866097e+00  1.697420e+00  1.866082e+00  1.697486e+00  1.755778e+00  1.411394e+00  
   3.7902300  1.842607e+00  1.724898e+00  1.842591e+00  1.724960e+00  1.740055e+00  1.434814e+00  
   3.8112299  1.819394e+00  1.752005e+00  1.819378e+00  1.752066e+00  1.724425e+00  1.459253e+00  
   3.8322301  1.798143e+00  1.777564e+00  1.798128e+00  1.777626e+00  1.709661e+00  1.483499e+00  
   3.8532300  1.779332e+00  1.801951e+00  1.779319e+00  1.802017e+00  1.695821e+00  1.507483e+00  
   3.8742299  1.763394e+00  1.825687e+00  1.763384e+00  1.825761e+00  1.683053e+00  1.531149e+00  
   3.8942299  1.751203e+00  1.848291e+00  1.751197e+00  1.848374e+00  1.672106e+00  1.553386e+00  
   3.9152300  1.741757e+00  1.872780e+00  1.741755e+00  1.872878e+00  1.662162e+00  1.576497e+00  
   3.9362299  1.735810e+00  1.898926e+00  1.735812e+00  1.899041e+00  1.654125e+00  1.599565e+00  
   3.9572301  1.733236e+00  1.927708e+00  1.733240e+00  1.927843e+00  1.648309e+00  1.622930e+00  
   3.9782300  1.733683e+00  1.960135e+00  1.733690e+00  1.960293e+00  1.644975e+00  1.647076e+00  
   3.9992299  1.736566e+00  1.997208e+00  1.736574e+00  1.997390e+00  1.644290e+00  1.672632e+00  
   4.0192299  1.740822e+00  2.037694e+00  1.740829e+00  2.037900e+00  1.646132e+00  1.698970e+00  
   4.0402298  1.745863e+00  2.086424e+00  1.745869e+00  2.086656e+00  1.650552e+00  1.729542e+00  
   4.0612302  1.750251e+00  2.142162e+00  1.750252e+00  2.142419e+00  1.657189e+00  1.764005e+00  
   4.0822301  1.752553e+00  2.205323e+00  1.752547e+00  2.205604e+00  1.665483e+00  1.803287e+00  
   4.1032300  1.751218e+00  2.276061e+00  1.751201e+00  2.276362e+00  1.674630e+00  1.848283e+00  
   4.1242299  1.744632e+00  2.354230e+00  1.744603e+00  2.354548e+00  1.683587e+00  1.899793e+00  
   4.1442299  1.732005e+00  2.435171e+00  1.731960e+00  2.435501e+00  1.690771e+00  1.955485e+00  
   4.1652298  1.710597e+00  2.526244e+00  1.710534e+00  2.526582e+00  1.695477e+00  2.021325e+00  
   4.1868300  1.678416e+00  2.625335e+00  1.678331e+00  2.625674e+00  1.695576e+00  2.097044e+00  
   4.2068300  1.638298e+00  2.720750e+00  1.638190e+00  2.721084e+00  1.689736e+00  2.174182e+00  
   4.2278299  1.584551e+00  2.823241e+00  1.584417e+00  2.823563e+00  1.675728e+00  2.261863e+00  
   4.2488298  1.518214e+00  2.926413e+00  1.518053e+00  2.926717e+00  1.651947e+00  2.355398e+00  
   4.2698302  1.438880e+00  3.028450e+00  1.438690e+00  3.028729e+00  1.616806e+00  2.453372e+00  
   4.2908301  1.346448e+00  3.127449e+00  1.346229e+00  3.127700e+00  1.568977e+00  2.553974e+00  
   4.3108301  1.246418e+00  3.217168e+00  1.246170e+00  3.217386e+00  1.510731e+00  2.650276e+00  
   4.3318300  1.129240e+00  3.304761e+00  1.128964e+00  3.304942e+00  1.435712e+00  2.749617e+00  
   4.3528299  1.000357e+00  3.383781e+00  1.000053e+00  3.383923e+00  1.346444e+00  2.844641e+00  
   4.3738298  8.607648e-01  3.452494e+00  8.604350e-01  3.452593e+00  1.243413e+00  2.932782e+00  
   4.3948302  7.116965e-01  3.509282e+00  7.113437e-01  3.509337e+00  1.127649e+00  3.011569e+00  
   4.4158301  5.546176e-01  3.552681e+00  5.542445e-01  3.552691e+00  1.000714e+00  3.078754e+00  
   4.4358301  3.990901e-01  3.580388e+00  3.987015e-01  3.580357e+00  8.712767e-01  3.130210e+00  
   4.4568300  2.313447e-01  3.594142e+00  2.309443e-01  3.594064e+00  7.286714e-01  3.169670e+00  
   4.4778299  6.104312e-02  3.591362e+00  6.063631e-02  3.591241e+00  5.817841e-01  3.193253e+00  
   4.4988298  -1.096424e-01  3.571510e+00  -1.100501e-01  3.571345e+00  4.333486e-01  3.200530e+00  
   4.5198302  -2.784318e-01  3.534368e+00  -2.788336e-01  3.534161e+00  2.860776e-01  3.191625e+00  
   4.5408301  -4.429704e-01  3.480098e+00  -4.433601e-01  3.479850e+00  1.425460e-01  3.167179e+00  
   4.5608301  -5.935782e-01  3.412997e+00  -5.939502e-01  3.412714e+00  1.143740e-02  3.130447e+00  
   4.5818300  -7.431297e-01  3.327292e+00  -7.434767e-01  3.326976e+00  -1.184668e-01  3.079168e+00  
   4.6034298  -8.855844e-01  3.224295e+00  -8.858996e-01  3.223947e+00  -2.421660e-01  3.014652e+00  
   4.6234298  -1.005457e+00  3.117190e+00  -1.005738e+00  3.116820e+00  -3.466681e-01  2.946077e+00  
   4.6444302  -1.117386e+00  2.994672e+00  -1.117627e+00  2.994281e+00  -4.453204e-01  2.866877e+00  
   4.6654301  -1.213928e+00  2.864244e+00  -1.214126e+00  2.863841e+00  -5.323178e-01  2.782284e+00  
   4.6864300  -1.294431e+00  2.728522e+00  -1.294583e+00  2.728112e+00  -6.077055e-01  2.694225e+00  
   4.7074299  -1.358735e+00  2.590184e+00  -1.358843e+00  2.589773e+00  -6.718274e-01  2.604486e+00  
   4.7274299  -1.405224e+00  2.458403e+00  -1.405289e+00  2.457995e+00  -7.229503e-01  2.518927e+00  
   4.7484298  -1.439301e+00  2.322354e+00  -1.439322e+00  2.321958e+00  -7.669060e-01  2.430331e+00  
   4.7694302  -1.459441e+00  2.190825e+00  -1.459422e+00  2.190443e+00  -8.017509e-01  2.344157e+00  
   4.7904301  -1.467120e+00  2.065645e+00  -1.467063e+00  2.065280e+00  -8.284083e-01  2.261355e+00  
   4.8114300  -1.464016e+00  1.948223e+00  -1.463926e+00  1.947881e+00  -8.478235e-01  2.182645e+00  
   4.8324299  -1.451907e+00  1.839559e+00  -1.451787e+00  1.839240e+00  -8.609275e-01  2.108543e+00  
   4.8524299  -1.433628e+00  1.744748e+00  -1.433484e+00  1.744452e+00  -8.683558e-01  2.042560e+00  
   4.8734298  -1.408980e+00  1.654524e+00  -1.408814e+00  1.654253e+00  -8.716516e-01  1.978258e+00  
   4.8944302  -1.380273e+00  1.573766e+00  -1.380088e+00  1.573519e+00  -8.710885e-01  1.919092e+00  
   4.9154301  -1.348879e+00  1.502135e+00  -1.348680e+00  1.501913e+00  -8.673574e-01  1.864984e+00  
   4.9364300  -1.315965e+00  1.439105e+00  -1.315754e+00  1.438905e+00  -8.610720e-01  1.815764e+00  
   4.9574299  -1.282487e+00  1.384022e+00  -1.282266e+00  1.383844e+00  -8.527691e-01  1.771196e+00  
   4.9774299  -1.250772e+00  1.338291e+00  -1.250544e+00  1.338132e+00  -8.434101e-01  1.732819e+00  
   4.9984298  -1.218203e+00  1.296621e+00  -1.217970e+00  1.296480e+00  -8.324384e-01  1.696498e+00  
