w Re-xx Im-xx Re-yy Im-yy Re-zz Im-zz
# Gaussian absolute broadening  0.15 [eV]
   0.0000000  7.687420e-01  8.847089e-05  7.687649e-01  8.847727e-05  7.380405e-01  8.332610e-05  
   0.0200000  7.688422e-01  9.468658e-05  7.688650e-01  9.469391e-05  7.381349e-01  8.918072e-05  
   0.0410000  7.689611e-01  1.017697e-04  7.689841e-01  1.017781e-04  7.382466e-01  9.585235e-05  
   0.0620000  7.690965e-01  1.094594e-04  7.691194e-01  1.094690e-04  7.383745e-01  1.030952e-04  
   0.0830000  7.692506e-01  1.177896e-04  7.692732e-01  1.178005e-04  7.385193e-01  1.109414e-04  
   0.1040000  7.694250e-01  1.267898e-04  7.694478e-01  1.268021e-04  7.386837e-01  1.194185e-04  
   0.1240000  7.696121e-01  1.360056e-04  7.696351e-01  1.360193e-04  7.388600e-01  1.280988e-04  
   0.1450000  7.698331e-01  1.463738e-04  7.698561e-01  1.463890e-04  7.390679e-01  1.378646e-04  
   0.1660000  7.700812e-01  1.574572e-04  7.701042e-01  1.574739e-04  7.393017e-01  1.483039e-04  
   0.1870000  7.703584e-01  1.692520e-04  7.703814e-01  1.692702e-04  7.395628e-01  1.594136e-04  
   0.2080000  7.706668e-01  1.817439e-04  7.706899e-01  1.817635e-04  7.398533e-01  1.711799e-04  
   0.2290000  7.710084e-01  1.949076e-04  7.710314e-01  1.949285e-04  7.401750e-01  1.835792e-04  
   0.2490000  7.713659e-01  2.080368e-04  7.713889e-01  2.080588e-04  7.405117e-01  1.959463e-04  
   0.2700000  7.717764e-01  2.224025e-04  7.717994e-01  2.224255e-04  7.408983e-01  2.094785e-04  
   0.2910000  7.722238e-01  2.373130e-04  7.722467e-01  2.373368e-04  7.413195e-01  2.235245e-04  
   0.3120000  7.727088e-01  2.527149e-04  7.727320e-01  2.527392e-04  7.417765e-01  2.380336e-04  
   0.3330000  7.732319e-01  2.685527e-04  7.732552e-01  2.685774e-04  7.422693e-01  2.529541e-04  
   0.3540000  7.737939e-01  2.847732e-04  7.738171e-01  2.847979e-04  7.427984e-01  2.682359e-04  
   0.3740000  7.743649e-01  3.005314e-04  7.743880e-01  3.005559e-04  7.433361e-01  2.830832e-04  
   0.3950000  7.750020e-01  3.173604e-04  7.750252e-01  3.173845e-04  7.439362e-01  2.989399e-04  
   0.4160000  7.756773e-01  3.344417e-04  7.757006e-01  3.344653e-04  7.445724e-01  3.150356e-04  
   0.4374300  7.764070e-01  3.521006e-04  7.764302e-01  3.521235e-04  7.452595e-01  3.316772e-04  
   0.4574300  7.771232e-01  3.687664e-04  7.771465e-01  3.687885e-04  7.459342e-01  3.473839e-04  
   0.4784300  7.779129e-01  3.864407e-04  7.779363e-01  3.864621e-04  7.466784e-01  3.640429e-04  
   0.4994300  7.787409e-01  4.042825e-04  7.787643e-01  4.043031e-04  7.474583e-01  3.808617e-04  
   0.5204300  7.796072e-01  4.222847e-04  7.796306e-01  4.223047e-04  7.482744e-01  3.978338e-04  
   0.5414300  7.805119e-01  4.404441e-04  7.805353e-01  4.404636e-04  7.491268e-01  4.149560e-04  
   0.5614300  7.814097e-01  4.578843e-04  7.814332e-01  4.579035e-04  7.499725e-01  4.314026e-04  
   0.5824300  7.823904e-01  4.763514e-04  7.824138e-01  4.763707e-04  7.508965e-01  4.488201e-04  
   0.6034300  7.834098e-01  4.949804e-04  7.834334e-01  4.950000e-04  7.518572e-01  4.663938e-04  
   0.6244300  7.844688e-01  5.137771e-04  7.844928e-01  5.137970e-04  7.528552e-01  4.841282e-04  
   0.6454300  7.855680e-01  5.327467e-04  7.855917e-01  5.327674e-04  7.538909e-01  5.020291e-04  
   0.6664300  7.867072e-01  5.518954e-04  7.867310e-01  5.519172e-04  7.549644e-01  5.201025e-04  
   0.6864300  7.878294e-01  5.703049e-04  7.878531e-01  5.703280e-04  7.560221e-01  5.374818e-04  
   0.7074300  7.890477e-01  5.898232e-04  7.890716e-01  5.898479e-04  7.571702e-01  5.559116e-04  
   0.7284300  7.903072e-01  6.095418e-04  7.903311e-01  6.095681e-04  7.583575e-01  5.745343e-04  
   0.7494300  7.916085e-01  6.294684e-04  7.916325e-01  6.294965e-04  7.595838e-01  5.933578e-04  
   0.7704300  7.929514e-01  6.496104e-04  7.929754e-01  6.496406e-04  7.608500e-01  6.123892e-04  
   0.7914300  7.943375e-01  6.699763e-04  7.943615e-01  6.700087e-04  7.621565e-01  6.316371e-04  
   0.8114300  7.956967e-01  6.895883e-04  7.957207e-01  6.896227e-04  7.634380e-01  6.501769e-04  
   0.8324300  7.971663e-01  7.104163e-04  7.971907e-01  7.104531e-04  7.648239e-01  6.698715e-04  
   0.8540300  7.987246e-01  7.321009e-04  7.987490e-01  7.321395e-04  7.662932e-01  6.903820e-04  
   0.8740300  8.002087e-01  7.524241e-04  8.002332e-01  7.524648e-04  7.676930e-01  7.096106e-04  
   0.8950300  8.018113e-01  7.740269e-04  8.018359e-01  7.740693e-04  7.692044e-01  7.300564e-04  
   0.9160300  8.034596e-01  7.959096e-04  8.034840e-01  7.959536e-04  7.707591e-01  7.507742e-04  
   0.9370300  8.051541e-01  8.180832e-04  8.051787e-01  8.181283e-04  7.723575e-01  7.717750e-04  
   0.9580300  8.068952e-01  8.405582e-04  8.069199e-01  8.406043e-04  7.740000e-01  7.930693e-04  
   0.9780300  8.085979e-01  8.622545e-04  8.086227e-01  8.623015e-04  7.756072e-01  8.136347e-04  
   0.9990300  8.104328e-01  8.853521e-04  8.104576e-01  8.853996e-04  7.773384e-01  8.355378e-04  
   1.0200300  8.123166e-01  9.087861e-04  8.123415e-01  9.088341e-04  7.791162e-01  8.577699e-04  
   1.0410300  8.142501e-01  9.325690e-04  8.142752e-01  9.326171e-04  7.809413e-01  8.803444e-04  
   1.0620300  8.162342e-01  9.567129e-04  8.162594e-01  9.567610e-04  7.828144e-01  9.032740e-04  
   1.0830300  8.182693e-01  9.812310e-04  8.182947e-01  9.812788e-04  7.847362e-01  9.265722e-04  
   1.1030300  8.202556e-01  1.004941e-03  8.202809e-01  1.004989e-03  7.866122e-01  9.491164e-04  
   1.1240300  8.223929e-01  1.030227e-03  8.224185e-01  1.030275e-03  7.886308e-01  9.731755e-04  
   1.1450300  8.245836e-01  1.055928e-03  8.246093e-01  1.055976e-03  7.907003e-01  9.976471e-04  
   1.1660300  8.268288e-01  1.082059e-03  8.268547e-01  1.082107e-03  7.928218e-01  1.022547e-03  
   1.1870300  8.291293e-01  1.108633e-03  8.291553e-01  1.108682e-03  7.949961e-01  1.047895e-03  
   1.2080300  8.314861e-01  1.135668e-03  8.315119e-01  1.135719e-03  7.972237e-01  1.073709e-03  
   1.2280300  8.337832e-01  1.161860e-03  8.338093e-01  1.161912e-03  7.993959e-01  1.098748e-03  
   1.2490300  8.362522e-01  1.189844e-03  8.362784e-01  1.189898e-03  8.017308e-01  1.125539e-03  
   1.2706300  8.388538e-01  1.219167e-03  8.388802e-01  1.219222e-03  8.041920e-01  1.153661e-03  
   1.2906300  8.413193e-01  1.246821e-03  8.413460e-01  1.246879e-03  8.065252e-01  1.180238e-03  
   1.3116300  8.439685e-01  1.276403e-03  8.439952e-01  1.276464e-03  8.090326e-01  1.208741e-03  
   1.3326300  8.466799e-01  1.306566e-03  8.467065e-01  1.306631e-03  8.115999e-01  1.237896e-03  
   1.3536299  8.494551e-01  1.337339e-03  8.494821e-01  1.337407e-03  8.142288e-01  1.267757e-03  
   1.3746300  8.522956e-01  1.368751e-03  8.523229e-01  1.368822e-03  8.169202e-01  1.298384e-03  
   1.3946300  8.550633e-01  1.399294e-03  8.550904e-01  1.399369e-03  8.195435e-01  1.328331e-03  
   1.4156300  8.580354e-01  1.432061e-03  8.580626e-01  1.432140e-03  8.223619e-01  1.360675e-03  
   1.4366300  8.610771e-01  1.465591e-03  8.611045e-01  1.465673e-03  8.252476e-01  1.394038e-03  
   1.4576300  8.641897e-01  1.499941e-03  8.642173e-01  1.500027e-03  8.282019e-01  1.428538e-03  
   1.4786299  8.673751e-01  1.535183e-03  8.674030e-01  1.535272e-03  8.312268e-01  1.464312e-03  
   1.4996300  8.706349e-01  1.571404e-03  8.706629e-01  1.571497e-03  8.343237e-01  1.501521e-03  
   1.5196300  8.738093e-01  1.606908e-03  8.738376e-01  1.607004e-03  8.373414e-01  1.538463e-03  
   1.5406300  8.772185e-01  1.645369e-03  8.772468e-01  1.645468e-03  8.405839e-01  1.579041e-03  
   1.5616300  8.807070e-01  1.685191e-03  8.807356e-01  1.685294e-03  8.439037e-01  1.621696e-03  
   1.5826300  8.842764e-01  1.726556e-03  8.843051e-01  1.726663e-03  8.473027e-01  1.666716e-03  
   1.6036299  8.879288e-01  1.769671e-03  8.879577e-01  1.769781e-03  8.507833e-01  1.714423e-03  
   1.6246300  8.916661e-01  1.814764e-03  8.916953e-01  1.814878e-03  8.543474e-01  1.765181e-03  
   1.6446300  8.953057e-01  1.859775e-03  8.953351e-01  1.859895e-03  8.578207e-01  1.816718e-03  
   1.6656300  8.992143e-01  1.909452e-03  8.992438e-01  1.909577e-03  8.615535e-01  1.874592e-03  
   1.6872300  9.033298e-01  1.963390e-03  9.033593e-01  1.963522e-03  8.654876e-01  1.938591e-03  
   1.7072300  9.072276e-01  2.016119e-03  9.072581e-01  2.016256e-03  8.692170e-01  2.002296e-03  
   1.7282300  9.114140e-01  2.074551e-03  9.114444e-01  2.074695e-03  8.732261e-01  2.074192e-03  
   1.7492300  9.156978e-01  2.136265e-03  9.157283e-01  2.136416e-03  8.773323e-01  2.151590e-03  
   1.7702301  9.200814e-01  2.201331e-03  9.201125e-01  2.201490e-03  8.815385e-01  2.234827e-03  
   1.7912300  9.245681e-01  2.269746e-03  9.245992e-01  2.269912e-03  8.858482e-01  2.324198e-03  
   1.8112299  9.289389e-01  2.337948e-03  9.289699e-01  2.338121e-03  8.900514e-01  2.415257e-03  
   1.8322300  9.336330e-01  2.412620e-03  9.336649e-01  2.412801e-03  8.945717e-01  2.517381e-03  
   1.8532300  9.384386e-01  2.490253e-03  9.384705e-01  2.490441e-03  8.992048e-01  2.626518e-03  
   1.8742300  9.433585e-01  2.570660e-03  9.433908e-01  2.570855e-03  9.039554e-01  2.743177e-03  
   1.8952301  9.483964e-01  2.653693e-03  9.484289e-01  2.653895e-03  9.088275e-01  2.868126e-03  
   1.9162300  9.535564e-01  2.739292e-03  9.535891e-01  2.739499e-03  9.138252e-01  3.002506e-03  
   1.9362299  9.585863e-01  2.823267e-03  9.586198e-01  2.823480e-03  9.187062e-01  3.140747e-03  
   1.9572300  9.639949e-01  2.914268e-03  9.640287e-01  2.914485e-03  9.239638e-01  3.298789e-03  
   1.9782300  9.695385e-01  3.008637e-03  9.695725e-01  3.008859e-03  9.293616e-01  3.472844e-03  
   1.9992300  9.752207e-01  3.107098e-03  9.752549e-01  3.107324e-03  9.349055e-01  3.666434e-03  
   2.0202301  9.810472e-01  3.210637e-03  9.810821e-01  3.210868e-03  9.405997e-01  3.883736e-03  
   2.0412300  9.870224e-01  3.320481e-03  9.870576e-01  3.320719e-03  9.464480e-01  4.129481e-03  
   2.0612299  9.928561e-01  3.432282e-03  9.928920e-01  3.432528e-03  9.521652e-01  4.394696e-03  
   2.0822301  9.991372e-01  3.558781e-03  9.991729e-01  3.559040e-03  9.583254e-01  4.711086e-03  
   2.1038301  1.005769e+00  3.700440e-03  1.005806e+00  3.700712e-03  9.648331e-01  5.082650e-03  
   2.1238301  1.012070e+00  3.843727e-03  1.012107e+00  3.844017e-03  9.710152e-01  5.473285e-03  
   2.1448300  1.018856e+00  4.008452e-03  1.018893e+00  4.008770e-03  9.776698e-01  5.936297e-03  
   2.1658299  1.025823e+00  4.189467e-03  1.025860e+00  4.189812e-03  9.844921e-01  6.457513e-03  
   2.1868300  1.032975e+00  4.388292e-03  1.033013e+00  4.388674e-03  9.914841e-01  7.040298e-03  
   2.2078300  1.040317e+00  4.606197e-03  1.040355e+00  4.606622e-03  9.986454e-01  7.687097e-03  
   2.2278299  1.047492e+00  4.832358e-03  1.047531e+00  4.832830e-03  1.005625e+00  8.364050e-03  
   2.2488301  1.055223e+00  5.089957e-03  1.055263e+00  5.090487e-03  1.013122e+00  9.139508e-03  
   2.2698300  1.063163e+00  5.368360e-03  1.063202e+00  5.368950e-03  1.020794e+00  9.981108e-03  
   2.2908299  1.071317e+00  5.667321e-03  1.071357e+00  5.667976e-03  1.028643e+00  1.088815e-02  
   2.3118300  1.079693e+00  5.986151e-03  1.079734e+00  5.986874e-03  1.036675e+00  1.185945e-02  
   2.3328300  1.088300e+00  6.323755e-03  1.088342e+00  6.324550e-03  1.044892e+00  1.289351e-02  
   2.3528299  1.096719e+00  6.661437e-03  1.096761e+00  6.662298e-03  1.052896e+00  1.393517e-02  
   2.3738301  1.105802e+00  7.031390e-03  1.105845e+00  7.032318e-03  1.061493e+00  1.508697e-02  
   2.3948300  1.115146e+00  7.415385e-03  1.115190e+00  7.416379e-03  1.070293e+00  1.629650e-02  
   2.4158299  1.124763e+00  7.811754e-03  1.124808e+00  7.812810e-03  1.079305e+00  1.756200e-02  
   2.4368300  1.134668e+00  8.219087e-03  1.134713e+00  8.220196e-03  1.088537e+00  1.888157e-02  
   2.4578300  1.144878e+00  8.636377e-03  1.144924e+00  8.637535e-03  1.097997e+00  2.025306e-02  
   2.4778299  1.154900e+00  9.042692e-03  1.154946e+00  9.043892e-03  1.107227e+00  2.160524e-02  
   2.4988301  1.165755e+00  9.478996e-03  1.165803e+00  9.480237e-03  1.117161e+00  2.307058e-02  
   2.5204301  1.177300e+00  9.939373e-03  1.177349e+00  9.940642e-03  1.127652e+00  2.462303e-02  
   2.5404301  1.188354e+00  1.037817e-02  1.188403e+00  1.037946e-02  1.137627e+00  2.609801e-02  
   2.5614300  1.200361e+00  1.085497e-02  1.200412e+00  1.085628e-02  1.148388e+00  2.768195e-02  
   2.5824299  1.212807e+00  1.135246e-02  1.212858e+00  1.135379e-02  1.159465e+00  2.929852e-02  
   2.6034300  1.225722e+00  1.187611e-02  1.225775e+00  1.187745e-02  1.170884e+00  3.094494e-02  
   2.6244299  1.239137e+00  1.243259e-02  1.239192e+00  1.243394e-02  1.182675e+00  3.261950e-02  
   2.6444299  1.252413e+00  1.300053e-02  1.252469e+00  1.300189e-02  1.194281e+00  3.424066e-02  
   2.6654301  1.266914e+00  1.364610e-02  1.266971e+00  1.364748e-02  1.206900e+00  3.597303e-02  
   2.6864300  1.282032e+00  1.435369e-02  1.282090e+00  1.435508e-02  1.220006e+00  3.774184e-02  
   2.7074299  1.297814e+00  1.513770e-02  1.297874e+00  1.513913e-02  1.233647e+00  3.955662e-02  
   2.7284300  1.314312e+00  1.601595e-02  1.314374e+00  1.601742e-02  1.247876e+00  4.143151e-02  
   2.7494299  1.331586e+00  1.701069e-02  1.331650e+00  1.701220e-02  1.262751e+00  4.338615e-02  
   2.7694299  1.348816e+00  1.809208e-02  1.348882e+00  1.809367e-02  1.277575e+00  4.534571e-02  
   2.7904301  1.367795e+00  1.940250e-02  1.367862e+00  1.940419e-02  1.293894e+00  4.753855e-02  
   2.8114300  1.387758e+00  2.093680e-02  1.387828e+00  2.093864e-02  1.311055e+00  4.991210e-02  
   2.8324299  1.408794e+00  2.275285e-02  1.408867e+00  2.275489e-02  1.329136e+00  5.252004e-02  
   2.8534300  1.430995e+00  2.492441e-02  1.431071e+00  2.492674e-02  1.348218e+00  5.542910e-02  
   2.8744299  1.454460e+00  2.754481e-02  1.454538e+00  2.754752e-02  1.368383e+00  5.872157e-02  
   2.8944299  1.478078e+00  3.056466e-02  1.478160e+00  3.056792e-02  1.388676e+00  6.230561e-02  
   2.9154301  1.504310e+00  3.442509e-02  1.504395e+00  3.442907e-02  1.411209e+00  6.665630e-02  
   2.9370301  1.532928e+00  3.931617e-02  1.533017e+00  3.932122e-02  1.435784e+00  7.190997e-02  
   2.9570301  1.560988e+00  4.487628e-02  1.561082e+00  4.488265e-02  1.459875e+00  7.763991e-02  
   2.9780300  1.592136e+00  5.202498e-02  1.592233e+00  5.203314e-02  1.486616e+00  8.474732e-02  
   2.9990301  1.625048e+00  6.080147e-02  1.625151e+00  6.081197e-02  1.514885e+00  9.320109e-02  
   3.0200300  1.659726e+00  7.153192e-02  1.659834e+00  7.154544e-02  1.544698e+00  1.032641e-01  
   3.0410299  1.696114e+00  8.457455e-02  1.696227e+00  8.459176e-02  1.576037e+00  1.152293e-01  
   3.0610299  1.732252e+00  9.949351e-02  1.732368e+00  9.951507e-02  1.607241e+00  1.286850e-01  
   3.0820301  1.771563e+00  1.181544e-01  1.771683e+00  1.181814e-01  1.641312e+00  1.453012e-01  
   3.1030300  1.811998e+00  1.402582e-01  1.812122e+00  1.402916e-01  1.676532e+00  1.648078e-01  
   3.1240301  1.853191e+00  1.661562e-01  1.853316e+00  1.661969e-01  1.712633e+00  1.875508e-01  
   3.1450300  1.894682e+00  1.961451e-01  1.894808e+00  1.961940e-01  1.749261e+00  2.138553e-01  
   3.1660299  1.935936e+00  2.304448e-01  1.936062e+00  2.305028e-01  1.785978e+00  2.440100e-01  
   3.1860299  1.974454e+00  2.672293e-01  1.974579e+00  2.672965e-01  1.820552e+00  2.765185e-01  
   3.2070301  2.013471e+00  3.101791e-01  2.013591e+00  3.102565e-01  1.855868e+00  3.147756e-01  
   3.2280300  2.050375e+00  3.574319e-01  2.050490e+00  3.575197e-01  1.889528e+00  3.573029e-01  
   3.2490301  2.084519e+00  4.087218e-01  2.084626e+00  4.088199e-01  1.920836e+00  4.040293e-01  
   3.2700300  2.115307e+00  4.636449e-01  2.115405e+00  4.637531e-01  1.949086e+00  4.547453e-01  
   3.2910299  2.142221e+00  5.216767e-01  2.142310e+00  5.217944e-01  1.973591e+00  5.090974e-01  
   3.3110299  2.163883e+00  5.792648e-01  2.163960e+00  5.793910e-01  1.992873e+00  5.637863e-01  
   3.3320301  2.182189e+00  6.415025e-01  2.182252e+00  6.416367e-01  2.008342e+00  6.236718e-01  
   3.3536301  2.196139e+00  7.066572e-01  2.196191e+00  7.067987e-01  2.018723e+00  6.871182e-01  
   3.3736300  2.204658e+00  7.673392e-01  2.204698e+00  7.674865e-01  2.023092e+00  7.467459e-01  
   3.3946300  2.209202e+00  8.307628e-01  2.209231e+00  8.309155e-01  2.022181e+00  8.093923e-01  
   3.4156301  2.209515e+00  8.932956e-01  2.209532e+00  8.934531e-01  2.015747e+00  8.711770e-01  
   3.4366300  2.205972e+00  9.544386e-01  2.205981e+00  9.545999e-01  2.004091e+00  9.312125e-01  
   3.4576299  2.199016e+00  1.013816e+00  2.199017e+00  1.013982e+00  1.987695e+00  9.886934e-01  
   3.4776299  2.189652e+00  1.068499e+00  2.189649e+00  1.068668e+00  1.968257e+00  1.040431e+00  
   3.4986300  2.177395e+00  1.123836e+00  2.177387e+00  1.124009e+00  1.944553e+00  1.091086e+00  
   3.5196300  2.163083e+00  1.177027e+00  2.163071e+00  1.177202e+00  1.918297e+00  1.137633e+00  
   3.5406301  2.147094e+00  1.228142e+00  2.147081e+00  1.228322e+00  1.890348e+00  1.179913e+00  
   3.5616300  2.129733e+00  1.277309e+00  2.129719e+00  1.277492e+00  1.861546e+00  1.217958e+00  
   3.5826299  2.111230e+00  1.324683e+00  2.111217e+00  1.324869e+00  1.832666e+00  1.251983e+00  
   3.6026299  2.092694e+00  1.368274e+00  2.092680e+00  1.368461e+00  1.805701e+00  1.280983e+00  
   3.6236300  2.072370e+00  1.412559e+00  2.072358e+00  1.412747e+00  1.778474e+00  1.308317e+00  
   3.6446300  2.051242e+00  1.455399e+00  2.051231e+00  1.455587e+00  1.752744e+00  1.332994e+00  
   3.6656301  2.029378e+00  1.496823e+00  2.029370e+00  1.497011e+00  1.728757e+00  1.355585e+00  
   3.6866300  2.006874e+00  1.536811e+00  2.006868e+00  1.536996e+00  1.706615e+00  1.376637e+00  
   3.7076299  1.983871e+00  1.575306e+00  1.983870e+00  1.575487e+00  1.686306e+00  1.396648e+00  
   3.7276299  1.961688e+00  1.610516e+00  1.961691e+00  1.610693e+00  1.668578e+00  1.415115e+00  
   3.7486300  1.938378e+00  1.645911e+00  1.938385e+00  1.646083e+00  1.651517e+00  1.434191e+00  
   3.7702301  1.914749e+00  1.680626e+00  1.914763e+00  1.680791e+00  1.635461e+00  1.453713e+00  
   3.7902300  1.893572e+00  1.711298e+00  1.893591e+00  1.711459e+00  1.621806e+00  1.471829e+00  
   3.8112299  1.872503e+00  1.742146e+00  1.872529e+00  1.742302e+00  1.608622e+00  1.490970e+00  
   3.8322301  1.853084e+00  1.771888e+00  1.853117e+00  1.772041e+00  1.596576e+00  1.510273e+00  
   3.8532300  1.835751e+00  1.800950e+00  1.835790e+00  1.801101e+00  1.585689e+00  1.529773e+00  
   3.8742299  1.820869e+00  1.829894e+00  1.820914e+00  1.830045e+00  1.576049e+00  1.549535e+00  
   3.8942299  1.809215e+00  1.857979e+00  1.809264e+00  1.858131e+00  1.568150e+00  1.568705e+00  
   3.9152300  1.799729e+00  1.888774e+00  1.799781e+00  1.888931e+00  1.561362e+00  1.589383e+00  
   3.9362299  1.793001e+00  1.921766e+00  1.793051e+00  1.921929e+00  1.556286e+00  1.610906e+00  
   3.9572301  1.788766e+00  1.957864e+00  1.788814e+00  1.958035e+00  1.553065e+00  1.633666e+00  
   3.9782300  1.786543e+00  1.997970e+00  1.786585e+00  1.998151e+00  1.551786e+00  1.658154e+00  
   3.9992299  1.785628e+00  2.042927e+00  1.785661e+00  2.043118e+00  1.552441e+00  1.684964e+00  
   4.0192299  1.785142e+00  2.090929e+00  1.785165e+00  2.091130e+00  1.554745e+00  1.713275e+00  
   4.0402298  1.783988e+00  2.147335e+00  1.783995e+00  2.147547e+00  1.558656e+00  1.746617e+00  
   4.0612302  1.780947e+00  2.210274e+00  1.780935e+00  2.210495e+00  1.563649e+00  1.784409e+00  
   4.0822301  1.774666e+00  2.279893e+00  1.774632e+00  2.280125e+00  1.569073e+00  1.827386e+00  
   4.1032300  1.763731e+00  2.356090e+00  1.763673e+00  2.356326e+00  1.574081e+00  1.876217e+00  
   4.1242299  1.746726e+00  2.438482e+00  1.746641e+00  2.438723e+00  1.577625e+00  1.931452e+00  
   4.1442299  1.723632e+00  2.522119e+00  1.723520e+00  2.522360e+00  1.578515e+00  1.990345e+00  
   4.1652298  1.690924e+00  2.614494e+00  1.690782e+00  2.614732e+00  1.575516e+00  2.058913e+00  
   4.1868300  1.647078e+00  2.713199e+00  1.646906e+00  2.713428e+00  1.566688e+00  2.136467e+00  
   4.2068300  1.596382e+00  2.806668e+00  1.596181e+00  2.806886e+00  1.551884e+00  2.214170e+00  
   4.2278299  1.532005e+00  2.905492e+00  1.531775e+00  2.905693e+00  1.528016e+00  2.301028e+00  
   4.2488298  1.455745e+00  3.003398e+00  1.455487e+00  3.003580e+00  1.494237e+00  2.392077e+00  
   4.2698302  1.367380e+00  3.098668e+00  1.367097e+00  3.098825e+00  1.449331e+00  2.485738e+00  
   4.2908301  1.266959e+00  3.189524e+00  1.266652e+00  3.189654e+00  1.392355e+00  2.580098e+00  
   4.3108301  1.160391e+00  3.270331e+00  1.160065e+00  3.270429e+00  1.326327e+00  2.668644e+00  
   4.3318300  1.037565e+00  3.347488e+00  1.037221e+00  3.347552e+00  1.244463e+00  2.757987e+00  
   4.3528299  9.043523e-01  3.415123e+00  9.039943e-01  3.415148e+00  1.150017e+00  2.841249e+00  
   4.3738298  7.618202e-01  3.471658e+00  7.614512e-01  3.471645e+00  1.043720e+00  2.916073e+00  
   4.3948302  6.112701e-01  3.515666e+00  6.108944e-01  3.515611e+00  9.267641e-01  2.980259e+00  
   4.4158301  4.542371e-01  3.545883e+00  4.538581e-01  3.545786e+00  8.007808e-01  3.031878e+00  
   4.4358301  3.002336e-01  3.560884e+00  2.998554e-01  3.560746e+00  6.742190e-01  3.067927e+00  
   4.4568300  1.356939e-01  3.561398e+00  1.353197e-01  3.561217e+00  5.366026e-01  3.090934e+00  
   4.4778299  -2.972868e-02  3.545788e+00  -3.009504e-02  3.545567e+00  3.965549e-01  3.098121e+00  
   4.4988298  -1.938695e-01  3.513852e+00  -1.942247e-01  3.513590e+00  2.566009e-01  3.089382e+00  
   4.5198302  -3.545065e-01  3.465729e+00  -3.548478e-01  3.465428e+00  1.192255e-01  3.065127e+00  
   4.5408301  -5.094057e-01  3.401935e+00  -5.097305e-01  3.401598e+00  -1.321943e-02  3.026257e+00  
   4.5608301  -6.496211e-01  3.327425e+00  -6.499280e-01  3.327057e+00  -1.328454e-01  2.976862e+00  
   4.5818300  -7.872311e-01  3.235961e+00  -7.875180e-01  3.235564e+00  -2.498844e-01  2.913608e+00  
   4.6034298  -9.166290e-01  3.129431e+00  -9.168940e-01  3.129005e+00  -3.596263e-01  2.838382e+00  
   4.6234298  -1.024049e+00  3.021344e+00  -1.024293e+00  3.020897e+00  -4.506502e-01  2.761506e+00  
   4.6444302  -1.122905e+00  2.900196e+00  -1.123127e+00  2.899733e+00  -5.346639e-01  2.675412e+00  
   4.6654301  -1.206765e+00  2.773542e+00  -1.206964e+00  2.773064e+00  -6.066125e-01  2.585925e+00  
   4.6864300  -1.275347e+00  2.643822e+00  -1.275525e+00  2.643334e+00  -6.666422e-01  2.495078e+00  
   4.7074299  -1.328826e+00  2.513459e+00  -1.328982e+00  2.512965e+00  -7.152210e-01  2.404729e+00  
   4.7274299  -1.366266e+00  2.390803e+00  -1.366403e+00  2.390307e+00  -7.515078e-01  2.320629e+00  
   4.7484298  -1.392348e+00  2.265584e+00  -1.392464e+00  2.265088e+00  -7.800208e-01  2.235676e+00  
   4.7694302  -1.406140e+00  2.145766e+00  -1.406236e+00  2.145273e+00  -7.997558e-01  2.155213e+00  
   4.7904301  -1.409140e+00  2.032783e+00  -1.409217e+00  2.032297e+00  -8.118399e-01  2.080037e+00  
   4.8114300  -1.402974e+00  1.927683e+00  -1.403032e+00  1.927205e+00  -8.174161e-01  2.010667e+00  
   4.8324299  -1.389299e+00  1.831138e+00  -1.389339e+00  1.830669e+00  -8.175939e-01  1.947381e+00  
   4.8524299  -1.370769e+00  1.747441e+00  -1.370792e+00  1.746982e+00  -8.136948e-01  1.892824e+00  
   4.8734298  -1.346972e+00  1.668240e+00  -1.346977e+00  1.667792e+00  -8.062372e-01  1.841444e+00  
   4.8944302  -1.320053e+00  1.597705e+00  -1.320041e+00  1.597268e+00  -7.961568e-01  1.795880e+00  
   4.9154301  -1.291177e+00  1.535415e+00  -1.291147e+00  1.534989e+00  -7.841756e-01  1.755803e+00  
   4.9364300  -1.261312e+00  1.480807e+00  -1.261264e+00  1.480392e+00  -7.709005e-01  1.720822e+00  
   4.9574299  -1.231238e+00  1.433238e+00  -1.231174e+00  1.432834e+00  -7.568299e-01  1.690508e+00  
   4.9774299  -1.202956e+00  1.393854e+00  -1.202876e+00  1.393461e+00  -7.430573e-01  1.665576e+00  
   4.9984298  -1.174070e+00  1.358056e+00  -1.173973e+00  1.357674e+00  -7.285088e-01  1.643116e+00  
