w Re-xx Im-xx Re-yy Im-yy Re-zz Im-zz
# Gaussian absolute broadening  0.15 [eV]
   0.0000000  7.688863e-01  8.854119e-05  7.688847e-01  8.854551e-05  7.243294e-01  7.867906e-05  
   0.0200000  7.689865e-01  9.475899e-05  7.689851e-01  9.476396e-05  7.244183e-01  8.420469e-05  
   0.0410000  7.691057e-01  1.018445e-04  7.691040e-01  1.018502e-04  7.245240e-01  9.050106e-05  
   0.0620000  7.692410e-01  1.095366e-04  7.692396e-01  1.095431e-04  7.246446e-01  9.733601e-05  
   0.0830000  7.693949e-01  1.178693e-04  7.693936e-01  1.178767e-04  7.247814e-01  1.047397e-04  
   0.1040000  7.695696e-01  1.268722e-04  7.695680e-01  1.268805e-04  7.249367e-01  1.127381e-04  
   0.1240000  7.697570e-01  1.360908e-04  7.697554e-01  1.360999e-04  7.251031e-01  1.209274e-04  
   0.1450000  7.699777e-01  1.464620e-04  7.699764e-01  1.464722e-04  7.252995e-01  1.301399e-04  
   0.1660000  7.702260e-01  1.575485e-04  7.702246e-01  1.575596e-04  7.255201e-01  1.399865e-04  
   0.1870000  7.705033e-01  1.693466e-04  7.705020e-01  1.693588e-04  7.257665e-01  1.504640e-04  
   0.2080000  7.708120e-01  1.818419e-04  7.708105e-01  1.818551e-04  7.260410e-01  1.615593e-04  
   0.2290000  7.711536e-01  1.950091e-04  7.711523e-01  1.950233e-04  7.263443e-01  1.732495e-04  
   0.2490000  7.715116e-01  2.081416e-04  7.715101e-01  2.081568e-04  7.266620e-01  1.849074e-04  
   0.2700000  7.719221e-01  2.225108e-04  7.719204e-01  2.225270e-04  7.270269e-01  1.976611e-04  
   0.2910000  7.723696e-01  2.374248e-04  7.723681e-01  2.374420e-04  7.274244e-01  2.108961e-04  
   0.3120000  7.728547e-01  2.528300e-04  7.728533e-01  2.528483e-04  7.278555e-01  2.245644e-04  
   0.3330000  7.733783e-01  2.686711e-04  7.733769e-01  2.686905e-04  7.283207e-01  2.386166e-04  
   0.3540000  7.739402e-01  2.848943e-04  7.739388e-01  2.849151e-04  7.288198e-01  2.530050e-04  
   0.3740000  7.745116e-01  3.006550e-04  7.745102e-01  3.006770e-04  7.293268e-01  2.669800e-04  
   0.3950000  7.751490e-01  3.174861e-04  7.751477e-01  3.175094e-04  7.298928e-01  2.819005e-04  
   0.4160000  7.758245e-01  3.345690e-04  7.758232e-01  3.345938e-04  7.304928e-01  2.970406e-04  
   0.4374300  7.765543e-01  3.522295e-04  7.765532e-01  3.522559e-04  7.311407e-01  3.126881e-04  
   0.4574300  7.772709e-01  3.688960e-04  7.772697e-01  3.689241e-04  7.317768e-01  3.274508e-04  
   0.4784300  7.780610e-01  3.865708e-04  7.780598e-01  3.866005e-04  7.324781e-01  3.431018e-04  
   0.4994300  7.788892e-01  4.044127e-04  7.788879e-01  4.044440e-04  7.332131e-01  3.588959e-04  
   0.5204300  7.797559e-01  4.224147e-04  7.797546e-01  4.224476e-04  7.339821e-01  3.748263e-04  
   0.5414300  7.806609e-01  4.405733e-04  7.806599e-01  4.406078e-04  7.347852e-01  3.908895e-04  
   0.5614300  7.815588e-01  4.580125e-04  7.815577e-01  4.580483e-04  7.355821e-01  4.063109e-04  
   0.5824300  7.825397e-01  4.764786e-04  7.825388e-01  4.765156e-04  7.364520e-01  4.226339e-04  
   0.6034300  7.835594e-01  4.951060e-04  7.835585e-01  4.951442e-04  7.373566e-01  4.390933e-04  
   0.6244300  7.846192e-01  5.139005e-04  7.846182e-01  5.139395e-04  7.382962e-01  4.556933e-04  
   0.6454300  7.857186e-01  5.328678e-04  7.857175e-01  5.329074e-04  7.392708e-01  4.724384e-04  
   0.6664300  7.868578e-01  5.520132e-04  7.868570e-01  5.520537e-04  7.402811e-01  4.893338e-04  
   0.6864300  7.879801e-01  5.704191e-04  7.879794e-01  5.704602e-04  7.412758e-01  5.055690e-04  
   0.7074300  7.891989e-01  5.899329e-04  7.891983e-01  5.899746e-04  7.423559e-01  5.227739e-04  
   0.7284300  7.904587e-01  6.096457e-04  7.904580e-01  6.096882e-04  7.434723e-01  5.401460e-04  
   0.7494300  7.917600e-01  6.295653e-04  7.917594e-01  6.296087e-04  7.446252e-01  5.576917e-04  
   0.7704300  7.931033e-01  6.496993e-04  7.931027e-01  6.497436e-04  7.458150e-01  5.754167e-04  
   0.7914300  7.944896e-01  6.700557e-04  7.944890e-01  6.701014e-04  7.470425e-01  5.933287e-04  
   0.8114300  7.958487e-01  6.896571e-04  7.958483e-01  6.897040e-04  7.482462e-01  6.105672e-04  
   0.8324300  7.973189e-01  7.104722e-04  7.973186e-01  7.105206e-04  7.495473e-01  6.288635e-04  
   0.8540300  7.988772e-01  7.321415e-04  7.988769e-01  7.321915e-04  7.509265e-01  6.478998e-04  
   0.8740300  8.003615e-01  7.524488e-04  8.003612e-01  7.525005e-04  7.522401e-01  6.657292e-04  
   0.8950300  8.019642e-01  7.740323e-04  8.019640e-01  7.740858e-04  7.536577e-01  6.846683e-04  
   0.9160300  8.036123e-01  7.958934e-04  8.036124e-01  7.959487e-04  7.551154e-01  7.038394e-04  
   0.9370300  8.053069e-01  8.180431e-04  8.053067e-01  8.180998e-04  7.566136e-01  7.232512e-04  
   0.9580300  8.070478e-01  8.404913e-04  8.070476e-01  8.405492e-04  7.581528e-01  7.429125e-04  
   0.9780300  8.087503e-01  8.621594e-04  8.087506e-01  8.622184e-04  7.596576e-01  7.618784e-04  
   0.9990300  8.105849e-01  8.852241e-04  8.105852e-01  8.852838e-04  7.612785e-01  7.820538e-04  
   1.0200300  8.124687e-01  9.086219e-04  8.124687e-01  9.086821e-04  7.629422e-01  8.025066e-04  
   1.0410300  8.144017e-01  9.323649e-04  8.144019e-01  9.324251e-04  7.646495e-01  8.232465e-04  
   1.0620300  8.163854e-01  9.564642e-04  8.163857e-01  9.565243e-04  7.664008e-01  8.442837e-04  
   1.0830300  8.184198e-01  9.809338e-04  8.184205e-01  9.809933e-04  7.681962e-01  8.656282e-04  
   1.1030300  8.204057e-01  1.004592e-03  8.204060e-01  1.004651e-03  7.699482e-01  8.862513e-04  
   1.1240300  8.225421e-01  1.029819e-03  8.225427e-01  1.029878e-03  7.718328e-01  9.082261e-04  
   1.1450300  8.247319e-01  1.055455e-03  8.247328e-01  1.055514e-03  7.737640e-01  9.305403e-04  
   1.1660300  8.269761e-01  1.081514e-03  8.269770e-01  1.081571e-03  7.757421e-01  9.532046e-04  
   1.1870300  8.292753e-01  1.108009e-03  8.292764e-01  1.108066e-03  7.777683e-01  9.762314e-04  
   1.2080300  8.316306e-01  1.134957e-03  8.316316e-01  1.135014e-03  7.798432e-01  9.996335e-04  
   1.2280300  8.339263e-01  1.161056e-03  8.339275e-01  1.161113e-03  7.818650e-01  1.022281e-03  
   1.2490300  8.363934e-01  1.188933e-03  8.363949e-01  1.188991e-03  7.840367e-01  1.046452e-03  
   1.2706300  8.389931e-01  1.218132e-03  8.389943e-01  1.218189e-03  7.863243e-01  1.071748e-03  
   1.2906300  8.414565e-01  1.245658e-03  8.414579e-01  1.245716e-03  7.884912e-01  1.095575e-03  
   1.3116300  8.441031e-01  1.275087e-03  8.441047e-01  1.275146e-03  7.908186e-01  1.121029e-03  
   1.3326300  8.468114e-01  1.305076e-03  8.468134e-01  1.305135e-03  7.931994e-01  1.146944e-03  
   1.3536299  8.495836e-01  1.335644e-03  8.495857e-01  1.335706e-03  7.956351e-01  1.173337e-03  
   1.3746300  8.524204e-01  1.366816e-03  8.524225e-01  1.366878e-03  7.981267e-01  1.200226e-03  
   1.3946300  8.551841e-01  1.397084e-03  8.551863e-01  1.397148e-03  8.005531e-01  1.226314e-03  
   1.4156300  8.581515e-01  1.429498e-03  8.581539e-01  1.429564e-03  8.031574e-01  1.254225e-03  
   1.4366300  8.611881e-01  1.462584e-03  8.611906e-01  1.462652e-03  8.058210e-01  1.282688e-03  
   1.4576300  8.642949e-01  1.496368e-03  8.642976e-01  1.496438e-03  8.085453e-01  1.311724e-03  
   1.4786299  8.674740e-01  1.530876e-03  8.674768e-01  1.530948e-03  8.113313e-01  1.341354e-03  
   1.4996300  8.707262e-01  1.566135e-03  8.707294e-01  1.566210e-03  8.141804e-01  1.371599e-03  
   1.5196300  8.738930e-01  1.600439e-03  8.738961e-01  1.600517e-03  8.169530e-01  1.400995e-03  
   1.5406300  8.772930e-01  1.637247e-03  8.772963e-01  1.637329e-03  8.199288e-01  1.432506e-03  
   1.5616300  8.807710e-01  1.674895e-03  8.807746e-01  1.674979e-03  8.229712e-01  1.464702e-03  
   1.5826300  8.843291e-01  1.713414e-03  8.843328e-01  1.713502e-03  8.260818e-01  1.497608e-03  
   1.6036299  8.879688e-01  1.752838e-03  8.879727e-01  1.752930e-03  8.292626e-01  1.531252e-03  
   1.6246300  8.916923e-01  1.793204e-03  8.916965e-01  1.793301e-03  8.325144e-01  1.565660e-03  
   1.6446300  8.953178e-01  1.832557e-03  8.953223e-01  1.832659e-03  8.356789e-01  1.599169e-03  
   1.6656300  8.992096e-01  1.874874e-03  8.992144e-01  1.874979e-03  8.390743e-01  1.635161e-03  
   1.6872300  9.033074e-01  1.919508e-03  9.033123e-01  1.919619e-03  8.426470e-01  1.673078e-03  
   1.7072300  9.071880e-01  1.961880e-03  9.071928e-01  1.961996e-03  8.460284e-01  1.709030e-03  
   1.7282300  9.113549e-01  2.007499e-03  9.113601e-01  2.007620e-03  8.496571e-01  1.747690e-03  
   1.7492300  9.156185e-01  2.054325e-03  9.156241e-01  2.054451e-03  8.533679e-01  1.787323e-03  
   1.7702301  9.199819e-01  2.102414e-03  9.199873e-01  2.102545e-03  8.571629e-01  1.827971e-03  
   1.7912300  9.244477e-01  2.151824e-03  9.244536e-01  2.151961e-03  8.610445e-01  1.869678e-03  
   1.8112299  9.287987e-01  2.200170e-03  9.288050e-01  2.200311e-03  8.648240e-01  1.910430e-03  
   1.8322300  9.334724e-01  2.252348e-03  9.334787e-01  2.252494e-03  8.688813e-01  1.954349e-03  
   1.8532300  9.382576e-01  2.306049e-03  9.382645e-01  2.306199e-03  8.730319e-01  1.999483e-03  
   1.8742300  9.431573e-01  2.361352e-03  9.431642e-01  2.361508e-03  8.772792e-01  2.045886e-03  
   1.8952301  9.481747e-01  2.418339e-03  9.481818e-01  2.418500e-03  8.816252e-01  2.093629e-03  
   1.9162300  9.533138e-01  2.477104e-03  9.533213e-01  2.477269e-03  8.860731e-01  2.142778e-03  
   1.9362299  9.583234e-01  2.534812e-03  9.583312e-01  2.534981e-03  8.904058e-01  2.190963e-03  
   1.9572300  9.637090e-01  2.597339e-03  9.637175e-01  2.597512e-03  8.950605e-01  2.243086e-03  
   1.9782300  9.692279e-01  2.661964e-03  9.692364e-01  2.662142e-03  8.998257e-01  2.296870e-03  
   1.9992300  9.748825e-01  2.728815e-03  9.748912e-01  2.728997e-03  9.047041e-01  2.352419e-03  
   2.0202301  9.806781e-01  2.798035e-03  9.806872e-01  2.798222e-03  9.097004e-01  2.409854e-03  
   2.0412300  9.866189e-01  2.869780e-03  9.866285e-01  2.869972e-03  9.148176e-01  2.469312e-03  
   2.0612299  9.924163e-01  2.940615e-03  9.924265e-01  2.940812e-03  9.198062e-01  2.527959e-03  
   2.0822301  9.986554e-01  3.017808e-03  9.986658e-01  3.018010e-03  9.251704e-01  2.591830e-03  
   2.1038301  1.005241e+00  3.100433e-03  1.005251e+00  3.100642e-03  9.308267e-01  2.660181e-03  
   2.1238301  1.011494e+00  3.180069e-03  1.011506e+00  3.180287e-03  9.361935e-01  2.726077e-03  
   2.1448300  1.018230e+00  3.267175e-03  1.018241e+00  3.267401e-03  9.419673e-01  2.798209e-03  
   2.1658299  1.025143e+00  3.358121e-03  1.025155e+00  3.358358e-03  9.478880e-01  2.873625e-03  
   2.1868300  1.032243e+00  3.453213e-03  1.032255e+00  3.453460e-03  9.539616e-01  2.952634e-03  
   2.2078300  1.039534e+00  3.552767e-03  1.039547e+00  3.553026e-03  9.601928e-01  3.035565e-03  
   2.2278299  1.046665e+00  3.652053e-03  1.046679e+00  3.652326e-03  9.662796e-01  3.118522e-03  
   2.2488301  1.054356e+00  3.761362e-03  1.054370e+00  3.761649e-03  9.728369e-01  3.210170e-03  
   2.2698300  1.062262e+00  3.876249e-03  1.062277e+00  3.876554e-03  9.795698e-01  3.306873e-03  
   2.2908299  1.070395e+00  3.997158e-03  1.070410e+00  3.997480e-03  9.864866e-01  3.409064e-03  
   2.3118300  1.078763e+00  4.124560e-03  1.078779e+00  4.124899e-03  9.935928e-01  3.517196e-03  
   2.3328300  1.087376e+00  4.258967e-03  1.087392e+00  4.259329e-03  1.000898e+00  3.631747e-03  
   2.3528299  1.095815e+00  4.393999e-03  1.095833e+00  4.394382e-03  1.008045e+00  3.747264e-03  
   2.3738301  1.104938e+00  4.543751e-03  1.104956e+00  4.544157e-03  1.015760e+00  3.875811e-03  
   2.3948300  1.114340e+00  4.702320e-03  1.114359e+00  4.702752e-03  1.023697e+00  4.012346e-03  
   2.4158299  1.124034e+00  4.870458e-03  1.124053e+00  4.870916e-03  1.031867e+00  4.157471e-03  
   2.4368300  1.134034e+00  5.048996e-03  1.134055e+00  5.049483e-03  1.040281e+00  4.311853e-03  
   2.4578300  1.144357e+00  5.238863e-03  1.144378e+00  5.239378e-03  1.048949e+00  4.476227e-03  
   2.4778299  1.154502e+00  5.431188e-03  1.154524e+00  5.431736e-03  1.057451e+00  4.642814e-03  
   2.4988301  1.165502e+00  5.646358e-03  1.165526e+00  5.646942e-03  1.066652e+00  4.829175e-03  
   2.5204301  1.177209e+00  5.883244e-03  1.177234e+00  5.883868e-03  1.076422e+00  5.034200e-03  
   2.5404301  1.188424e+00  6.118155e-03  1.188450e+00  6.118821e-03  1.085760e+00  5.237258e-03  
   2.5614300  1.200611e+00  6.382760e-03  1.200637e+00  6.383473e-03  1.095883e+00  5.465557e-03  
   2.5824299  1.213244e+00  6.667949e-03  1.213271e+00  6.668713e-03  1.106351e+00  5.710983e-03  
   2.6034300  1.226353e+00  6.976452e-03  1.226382e+00  6.977272e-03  1.117182e+00  5.975573e-03  
   2.6244299  1.239970e+00  7.311595e-03  1.240000e+00  7.312483e-03  1.128400e+00  6.261760e-03  
   2.6444299  1.253444e+00  7.659399e-03  1.253475e+00  7.660357e-03  1.139466e+00  6.557137e-03  
   2.6654301  1.268159e+00  8.059776e-03  1.268192e+00  8.060818e-03  1.151511e+00  6.894787e-03  
   2.6864300  1.283500e+00  8.503016e-03  1.283535e+00  8.504149e-03  1.164023e+00  7.265158e-03  
   2.7074299  1.299517e+00  8.998270e-03  1.299554e+00  8.999505e-03  1.177034e+00  7.674159e-03  
   2.7284300  1.316267e+00  9.557771e-03  1.316306e+00  9.559132e-03  1.190582e+00  8.129354e-03  
   2.7494299  1.333814e+00  1.019800e-02  1.333854e+00  1.019951e-02  1.204707e+00  8.640530e-03  
   2.7694299  1.351331e+00  1.090317e-02  1.351373e+00  1.090485e-02  1.218738e+00  9.190992e-03  
   2.7904301  1.370647e+00  1.177267e-02  1.370692e+00  1.177457e-02  1.234126e+00  9.851526e-03  
   2.8114300  1.391000e+00  1.281419e-02  1.391047e+00  1.281636e-02  1.250239e+00  1.061738e-02  
   2.8324299  1.412490e+00  1.408177e-02  1.412540e+00  1.408429e-02  1.267142e+00  1.151571e-02  
   2.8534300  1.435227e+00  1.564727e-02  1.435280e+00  1.565024e-02  1.284900e+00  1.258132e-02  
   2.8744299  1.459331e+00  1.760486e-02  1.459387e+00  1.760843e-02  1.303589e+00  1.385856e-02  
   2.8944299  1.483672e+00  1.994491e-02  1.483731e+00  1.994922e-02  1.322325e+00  1.532301e-02  
   2.9154301  1.510807e+00  2.304942e-02  1.510871e+00  2.305474e-02  1.343066e+00  1.718868e-02  
   2.9370301  1.540532e+00  2.713379e-02  1.540601e+00  2.714050e-02  1.365635e+00  1.954924e-02  
   2.9570301  1.569802e+00  3.194121e-02  1.569875e+00  3.194957e-02  1.387736e+00  2.223597e-02  
   2.9780300  1.602432e+00  3.832256e-02  1.602509e+00  3.833313e-02  1.412280e+00  2.570486e-02  
   2.9990301  1.637060e+00  4.639284e-02  1.637142e+00  4.640622e-02  1.438283e+00  2.999711e-02  
   3.0200300  1.673697e+00  5.652475e-02  1.673784e+00  5.654163e-02  1.465828e+00  3.530747e-02  
   3.0410299  1.712289e+00  6.913098e-02  1.712381e+00  6.915215e-02  1.494980e+00  4.186741e-02  
   3.0610299  1.750743e+00  8.384104e-02  1.750840e+00  8.386714e-02  1.524278e+00  4.952370e-02  
   3.0820301  1.792692e+00  1.025629e-01  1.792793e+00  1.025951e-01  1.556659e+00  5.933907e-02  
   3.1030300  1.835930e+00  1.250812e-01  1.836036e+00  1.251204e-01  1.590658e+00  7.131494e-02  
   3.1240301  1.880038e+00  1.518127e-01  1.880147e+00  1.518599e-01  1.626181e+00  8.583031e-02  
   3.1450300  1.924479e+00  1.831131e-01  1.924589e+00  1.831692e-01  1.663053e+00  1.032865e-01  
   3.1660299  1.968626e+00  2.192504e-01  1.968737e+00  2.193161e-01  1.701021e+00  1.240937e-01  
   3.1860299  2.009753e+00  2.583030e-01  2.009862e+00  2.583785e-01  1.737878e+00  1.473910e-01  
   3.2070301  2.051247e+00  3.041900e-01  2.051353e+00  3.042761e-01  1.776883e+00  1.758585e-01  
   3.2280300  2.090251e+00  3.549377e-01  2.090353e+00  3.550346e-01  1.815663e+00  2.087263e-01  
   3.2490301  2.126013e+00  4.102435e-01  2.126107e+00  4.103511e-01  1.853591e+00  2.462065e-01  
   3.2700300  2.157844e+00  4.696416e-01  2.157931e+00  4.697595e-01  1.889961e+00  2.883879e-01  
   3.2910299  2.185157e+00  5.325221e-01  2.185234e+00  5.326499e-01  1.924031e+00  3.352124e-01  
   3.3110299  2.206556e+00  5.949802e-01  2.206624e+00  5.951166e-01  1.953647e+00  3.839190e-01  
   3.3320301  2.223898e+00  6.624829e-01  2.223953e+00  6.626275e-01  1.981071e+00  4.389938e-01  
   3.3536301  2.236136e+00  7.330851e-01  2.236179e+00  7.332374e-01  2.004674e+00  4.992463e-01  
   3.3736300  2.242456e+00  7.987236e-01  2.242489e+00  7.988820e-01  2.021854e+00  5.576026e-01  
   3.3946300  2.244120e+00  8.671461e-01  2.244142e+00  8.673102e-01  2.034678e+00  6.206862e-01  
   3.4156301  2.241046e+00  9.343640e-01  2.241058e+00  9.345330e-01  2.041955e+00  6.846702e-01  
   3.4366300  2.233699e+00  9.997880e-01  2.233702e+00  9.999611e-01  2.043682e+00  7.485386e-01  
   3.4576299  2.222610e+00  1.062974e+00  2.222606e+00  1.063150e+00  2.040064e+00  8.112885e-01  
   3.4776299  2.209080e+00  1.120796e+00  2.209070e+00  1.120975e+00  2.032017e+00  8.691543e-01  
   3.4986300  2.192274e+00  1.178885e+00  2.192260e+00  1.179067e+00  2.019300e+00  9.271415e-01  
   3.5196300  2.173289e+00  1.234255e+00  2.173273e+00  1.234439e+00  2.002919e+00  9.816560e-01  
   3.5406301  2.152549e+00  1.286978e+00  2.152532e+00  1.287162e+00  1.983694e+00  1.032261e+00  
   3.5616300  2.130391e+00  1.337192e+00  2.130374e+00  1.337376e+00  1.962484e+00  1.078746e+00  
   3.5826299  2.107069e+00  1.385078e+00  2.107053e+00  1.385261e+00  1.940133e+00  1.121130e+00  
   3.6026299  2.083939e+00  1.428691e+00  2.083925e+00  1.428870e+00  1.918498e+00  1.157892e+00  
   3.6236300  2.058809e+00  1.472551e+00  2.058794e+00  1.472727e+00  1.896052e+00  1.193099e+00  
   3.6446300  2.032902e+00  1.514558e+00  2.032891e+00  1.514729e+00  1.874395e+00  1.225356e+00  
   3.6656301  2.006309e+00  1.554797e+00  2.006299e+00  1.554961e+00  1.853879e+00  1.255271e+00  
   3.6866300  1.979137e+00  1.593298e+00  1.979130e+00  1.593455e+00  1.834687e+00  1.283467e+00  
   3.7076299  1.951536e+00  1.630055e+00  1.951531e+00  1.630203e+00  1.816848e+00  1.310522e+00  
   3.7276299  1.925043e+00  1.663410e+00  1.925038e+00  1.663548e+00  1.801028e+00  1.335676e+00  
   3.7486300  1.897271e+00  1.696660e+00  1.897267e+00  1.696789e+00  1.785473e+00  1.361794e+00  
   3.7702301  1.869110e+00  1.728949e+00  1.869107e+00  1.729068e+00  1.770379e+00  1.388575e+00  
   3.7902300  1.843772e+00  1.757142e+00  1.843770e+00  1.757254e+00  1.757028e+00  1.413378e+00  
   3.8112299  1.818362e+00  1.785084e+00  1.818362e+00  1.785189e+00  1.743515e+00  1.439398e+00  
   3.8322301  1.794633e+00  1.811519e+00  1.794634e+00  1.811618e+00  1.730456e+00  1.465283e+00  
   3.8532300  1.773043e+00  1.836759e+00  1.773046e+00  1.836855e+00  1.717902e+00  1.490883e+00  
   3.8742299  1.754013e+00  1.861252e+00  1.754019e+00  1.861345e+00  1.706019e+00  1.516066e+00  
   3.8942299  1.738591e+00  1.884414e+00  1.738601e+00  1.884507e+00  1.695566e+00  1.539598e+00  
   3.9152300  1.725467e+00  1.909238e+00  1.725480e+00  1.909333e+00  1.685828e+00  1.563871e+00  
   3.9362299  1.715585e+00  1.935390e+00  1.715604e+00  1.935488e+00  1.677737e+00  1.587869e+00  
   3.9572301  1.708874e+00  1.963788e+00  1.708899e+00  1.963892e+00  1.671673e+00  1.611931e+00  
   3.9782300  1.705057e+00  1.995402e+00  1.705086e+00  1.995514e+00  1.667961e+00  1.636559e+00  
   3.9992299  1.703632e+00  2.031215e+00  1.703666e+00  2.031335e+00  1.666822e+00  1.662413e+00  
   4.0192299  1.703835e+00  2.070084e+00  1.703872e+00  2.070215e+00  1.668198e+00  1.688903e+00  
   4.0402298  1.704766e+00  2.116707e+00  1.704804e+00  2.116847e+00  1.672117e+00  1.719539e+00  
   4.0612302  1.705289e+00  2.169954e+00  1.705325e+00  2.170106e+00  1.678242e+00  1.754002e+00  
   4.0822301  1.704064e+00  2.230300e+00  1.704095e+00  2.230462e+00  1.685996e+00  1.793251e+00  
   4.1032300  1.699619e+00  2.297962e+00  1.699640e+00  2.298133e+00  1.694549e+00  1.838199e+00  
   4.1242299  1.690405e+00  2.372864e+00  1.690413e+00  2.373044e+00  1.702817e+00  1.889643e+00  
   4.1442299  1.675771e+00  2.450579e+00  1.675761e+00  2.450763e+00  1.709223e+00  1.945251e+00  
   4.1652298  1.652811e+00  2.538212e+00  1.652777e+00  2.538400e+00  1.712952e+00  2.010965e+00  
   4.1868300  1.619646e+00  2.633768e+00  1.619582e+00  2.633955e+00  1.711852e+00  2.086495e+00  
   4.2068300  1.579179e+00  2.725964e+00  1.579084e+00  2.726148e+00  1.704723e+00  2.163389e+00  
   4.2278299  1.525649e+00  2.825172e+00  1.525517e+00  2.825349e+00  1.689190e+00  2.250739e+00  
   4.2488298  1.460116e+00  2.925197e+00  1.459942e+00  2.925366e+00  1.663739e+00  2.343868e+00  
   4.2698302  1.382159e+00  3.024247e+00  1.381943e+00  3.024403e+00  1.626838e+00  2.441383e+00  
   4.2908301  1.291661e+00  3.120439e+00  1.291400e+00  3.120582e+00  1.577223e+00  2.541497e+00  
   4.3108301  1.193969e+00  3.207659e+00  1.193665e+00  3.207789e+00  1.517320e+00  2.637342e+00  
   4.3318300  1.079743e+00  3.292819e+00  1.079395e+00  3.292933e+00  1.440684e+00  2.736241e+00  
   4.3528299  9.542832e-01  3.369603e+00  9.538935e-01  3.369704e+00  1.349999e+00  2.830893e+00  
   4.3738298  8.185399e-01  3.436275e+00  8.181118e-01  3.436363e+00  1.245819e+00  2.918753e+00  
   4.3948302  6.736840e-01  3.491219e+00  6.732223e-01  3.491295e+00  1.129236e+00  2.997357e+00  
   4.4158301  5.211046e-01  3.532964e+00  5.206148e-01  3.533032e+00  1.001856e+00  3.064451e+00  
   4.4358301  3.700456e-01  3.559274e+00  3.695349e-01  3.559337e+00  8.723700e-01  3.115896e+00  
   4.4568300  2.070813e-01  3.571745e+00  2.065559e-01  3.571804e+00  7.301189e-01  3.155400e+00  
   4.4778299  4.153762e-02  3.567876e+00  4.100466e-02  3.567933e+00  5.839946e-01  3.179071e+00  
   4.4988298  -1.245346e-01  3.547121e+00  -1.250676e-01  3.547178e+00  4.367039e-01  3.186471e+00  
   4.5198302  -2.889741e-01  3.509268e+00  -2.895000e-01  3.509327e+00  2.909096e-01  3.177733e+00  
   4.5408301  -4.495362e-01  3.454478e+00  -4.500484e-01  3.454542e+00  1.491147e-01  3.153516e+00  
   4.5608301  -5.967888e-01  3.387059e+00  -5.972834e-01  3.387128e+00  1.981584e-02  3.117098e+00  
   4.5818300  -7.433400e-01  3.301204e+00  -7.438117e-01  3.301279e+00  -1.081323e-01  3.066289e+00  
   4.6034298  -8.833141e-01  3.198240e+00  -8.837598e-01  3.198322e+00  -2.298895e-01  3.002454e+00  
   4.6234298  -1.001455e+00  3.091327e+00  -1.001875e+00  3.091417e+00  -3.327787e-01  2.934720e+00  
   4.6444302  -1.112141e+00  2.969161e+00  -1.112537e+00  2.969260e+00  -4.300504e-01  2.856630e+00  
   4.6654301  -1.208001e+00  2.839226e+00  -1.208373e+00  2.839334e+00  -5.160949e-01  2.773367e+00  
   4.6864300  -1.288325e+00  2.704110e+00  -1.288678e+00  2.704228e+00  -5.910395e-01  2.686808e+00  
   4.7074299  -1.352891e+00  2.566468e+00  -1.353228e+00  2.566598e+00  -6.552749e-01  2.598667e+00  
   4.7274299  -1.399966e+00  2.435409e+00  -1.400293e+00  2.435548e+00  -7.070312e-01  2.514630e+00  
   4.7484298  -1.434936e+00  2.300156e+00  -1.435259e+00  2.300304e+00  -7.521731e-01  2.427526e+00  
   4.7694302  -1.456179e+00  2.169435e+00  -1.456503e+00  2.169590e+00  -7.886732e-01  2.342631e+00  
   4.7904301  -1.465098e+00  2.045053e+00  -1.465428e+00  2.045214e+00  -8.173615e-01  2.260792e+00  
   4.8114300  -1.463310e+00  1.928406e+00  -1.463651e+00  1.928571e+00  -8.390729e-01  2.182653e+00  
   4.8324299  -1.452543e+00  1.820478e+00  -1.452898e+00  1.820644e+00  -8.546222e-01  2.108681e+00  
   4.8524299  -1.435529e+00  1.726329e+00  -1.435899e+00  1.726493e+00  -8.644152e-01  2.042388e+00  
   4.8734298  -1.412172e+00  1.636756e+00  -1.412559e+00  1.636915e+00  -8.701374e-01  1.977313e+00  
   4.8944302  -1.384700e+00  1.556604e+00  -1.385105e+00  1.556754e+00  -8.718630e-01  1.916941e+00  
   4.9154301  -1.354481e+00  1.485541e+00  -1.354903e+00  1.485679e+00  -8.702245e-01  1.861242e+00  
   4.9364300  -1.322680e+00  1.423043e+00  -1.323117e+00  1.423168e+00  -8.657991e-01  1.810103e+00  
   4.9574299  -1.290259e+00  1.368465e+00  -1.290711e+00  1.368574e+00  -8.591071e-01  1.763352e+00  
   4.9774299  -1.259511e+00  1.323195e+00  -1.259972e+00  1.323286e+00  -8.510522e-01  1.722710e+00  
   4.9984298  -1.227924e+00  1.281992e+00  -1.228394e+00  1.282063e+00  -8.412226e-01  1.683872e+00  
