w Re-xx Im-xx Re-yy Im-yy Re-zz Im-zz
# Gaussian absolute broadening  0.15 [eV]
   0.0000000  7.681739e-01  8.827858e-05  7.681757e-01  8.827868e-05  7.251144e-01  7.894388e-05  
   0.0200000  7.682738e-01  9.447998e-05  7.682754e-01  9.448012e-05  7.252035e-01  8.448842e-05  
   0.0410000  7.683925e-01  1.015467e-04  7.683942e-01  1.015469e-04  7.253097e-01  9.080641e-05  
   0.0620000  7.685277e-01  1.092185e-04  7.685295e-01  1.092187e-04  7.254307e-01  9.766510e-05  
   0.0830000  7.686812e-01  1.175291e-04  7.686828e-01  1.175294e-04  7.255678e-01  1.050946e-04  
   0.1040000  7.688553e-01  1.265080e-04  7.688572e-01  1.265085e-04  7.257237e-01  1.131211e-04  
   0.1240000  7.690420e-01  1.357020e-04  7.690436e-01  1.357026e-04  7.258906e-01  1.213393e-04  
   0.1450000  7.692625e-01  1.460455e-04  7.692642e-01  1.460463e-04  7.260879e-01  1.305844e-04  
   0.1660000  7.695097e-01  1.571022e-04  7.695116e-01  1.571031e-04  7.263091e-01  1.404663e-04  
   0.1870000  7.697866e-01  1.688686e-04  7.697883e-01  1.688698e-04  7.265564e-01  1.509813e-04  
   0.2080000  7.700944e-01  1.813300e-04  7.700962e-01  1.813315e-04  7.268317e-01  1.621166e-04  
   0.2290000  7.704352e-01  1.944614e-04  7.704370e-01  1.944633e-04  7.271363e-01  1.738491e-04  
   0.2490000  7.707917e-01  2.075581e-04  7.707937e-01  2.075603e-04  7.274551e-01  1.855493e-04  
   0.2700000  7.712011e-01  2.218879e-04  7.712030e-01  2.218905e-04  7.278214e-01  1.983494e-04  
   0.2910000  7.716473e-01  2.367609e-04  7.716493e-01  2.367639e-04  7.282200e-01  2.116328e-04  
   0.3120000  7.721314e-01  2.521233e-04  7.721334e-01  2.521269e-04  7.286527e-01  2.253511e-04  
   0.3330000  7.726533e-01  2.679201e-04  7.726552e-01  2.679241e-04  7.291194e-01  2.394549e-04  
   0.3540000  7.732137e-01  2.840979e-04  7.732157e-01  2.841024e-04  7.296201e-01  2.538962e-04  
   0.3740000  7.737833e-01  2.998142e-04  7.737853e-01  2.998190e-04  7.301291e-01  2.679226e-04  
   0.3950000  7.744188e-01  3.165974e-04  7.744207e-01  3.166026e-04  7.306972e-01  2.828983e-04  
   0.4160000  7.750927e-01  3.336317e-04  7.750946e-01  3.336371e-04  7.312991e-01  2.980940e-04  
   0.4374300  7.758203e-01  3.512413e-04  7.758223e-01  3.512469e-04  7.319493e-01  3.137993e-04  
   0.4574300  7.765349e-01  3.678597e-04  7.765371e-01  3.678653e-04  7.325879e-01  3.286166e-04  
   0.4784300  7.773228e-01  3.854828e-04  7.773249e-01  3.854885e-04  7.332914e-01  3.443256e-04  
   0.4994300  7.781487e-01  4.032723e-04  7.781508e-01  4.032778e-04  7.340292e-01  3.601782e-04  
   0.5204300  7.790128e-01  4.212210e-04  7.790150e-01  4.212264e-04  7.348009e-01  3.761676e-04  
   0.5414300  7.799152e-01  4.393253e-04  7.799175e-01  4.393304e-04  7.356068e-01  3.922906e-04  
   0.5614300  7.808105e-01  4.567118e-04  7.808127e-01  4.567169e-04  7.364062e-01  4.077695e-04  
   0.5824300  7.817888e-01  4.751215e-04  7.817910e-01  4.751265e-04  7.372796e-01  4.241536e-04  
   0.6034300  7.828054e-01  4.936919e-04  7.828079e-01  4.936967e-04  7.381873e-01  4.406747e-04  
   0.6244300  7.838619e-01  5.124281e-04  7.838643e-01  5.124331e-04  7.391303e-01  4.573375e-04  
   0.6454300  7.849581e-01  5.313358e-04  7.849606e-01  5.313409e-04  7.401084e-01  4.741463e-04  
   0.6664300  7.860942e-01  5.504210e-04  7.860968e-01  5.504264e-04  7.411222e-01  4.911064e-04  
   0.6864300  7.872135e-01  5.687683e-04  7.872159e-01  5.687742e-04  7.421207e-01  5.074043e-04  
   0.7074300  7.884286e-01  5.882193e-04  7.884310e-01  5.882262e-04  7.432047e-01  5.246760e-04  
   0.7284300  7.896843e-01  6.078683e-04  7.896870e-01  6.078763e-04  7.443249e-01  5.421161e-04  
   0.7494300  7.909821e-01  6.277231e-04  7.909849e-01  6.277324e-04  7.454823e-01  5.597311e-04  
   0.7704300  7.923214e-01  6.477904e-04  7.923241e-01  6.478014e-04  7.466764e-01  5.775270e-04  
   0.7914300  7.937033e-01  6.680791e-04  7.937061e-01  6.680919e-04  7.479083e-01  5.955110e-04  
   0.8114300  7.950587e-01  6.876147e-04  7.950613e-01  6.876296e-04  7.491166e-01  6.128195e-04  
   0.8324300  7.965243e-01  7.083593e-04  7.965272e-01  7.083765e-04  7.504227e-01  6.311905e-04  
   0.8540300  7.980779e-01  7.299542e-04  7.980808e-01  7.299739e-04  7.518069e-01  6.503053e-04  
   0.8740300  7.995579e-01  7.501906e-04  7.995608e-01  7.502130e-04  7.531252e-01  6.682093e-04  
   0.8950300  8.011556e-01  7.716988e-04  8.011588e-01  7.717236e-04  7.545483e-01  6.872280e-04  
   0.9160300  8.027987e-01  7.934825e-04  8.028019e-01  7.935101e-04  7.560117e-01  7.064809e-04  
   0.9370300  8.044879e-01  8.155524e-04  8.044911e-01  8.155829e-04  7.575154e-01  7.259758e-04  
   0.9580300  8.062236e-01  8.379190e-04  8.062269e-01  8.379522e-04  7.590603e-01  7.457227e-04  
   0.9780300  8.079209e-01  8.595073e-04  8.079244e-01  8.595429e-04  7.605706e-01  7.647717e-04  
   0.9990300  8.097499e-01  8.824867e-04  8.097534e-01  8.825245e-04  7.621979e-01  7.850369e-04  
   1.0200300  8.116276e-01  9.057960e-04  8.116311e-01  9.058364e-04  7.638680e-01  8.055813e-04  
   1.0410300  8.135546e-01  9.294482e-04  8.135583e-01  9.294910e-04  7.655816e-01  8.264155e-04  
   1.0620300  8.155321e-01  9.534546e-04  8.155358e-01  9.534995e-04  7.673396e-01  8.475494e-04  
   1.0830300  8.175603e-01  9.778286e-04  8.175639e-01  9.778754e-04  7.691423e-01  8.689929e-04  
   1.1030300  8.195396e-01  1.001394e-03  8.195434e-01  1.001443e-03  7.709011e-01  8.897131e-04  
   1.1240300  8.216693e-01  1.026521e-03  8.216732e-01  1.026571e-03  7.727931e-01  9.117923e-04  
   1.1450300  8.238522e-01  1.052054e-03  8.238562e-01  1.052106e-03  7.747316e-01  9.342136e-04  
   1.1660300  8.260889e-01  1.078006e-03  8.260930e-01  1.078060e-03  7.767178e-01  9.569881e-04  
   1.1870300  8.283806e-01  1.104392e-03  8.283849e-01  1.104448e-03  7.787520e-01  9.801277e-04  
   1.2080300  8.307283e-01  1.131229e-03  8.307326e-01  1.131286e-03  7.808352e-01  1.003646e-03  
   1.2280300  8.330163e-01  1.157218e-03  8.330209e-01  1.157277e-03  7.828650e-01  1.026407e-03  
   1.2490300  8.354754e-01  1.184978e-03  8.354800e-01  1.185037e-03  7.850457e-01  1.050701e-03  
   1.2706300  8.380664e-01  1.214052e-03  8.380711e-01  1.214112e-03  7.873427e-01  1.076126e-03  
   1.2906300  8.405216e-01  1.241458e-03  8.405262e-01  1.241520e-03  7.895186e-01  1.100077e-03  
   1.3116300  8.431590e-01  1.270760e-03  8.431639e-01  1.270821e-03  7.918553e-01  1.125664e-03  
   1.3326300  8.458583e-01  1.300616e-03  8.458632e-01  1.300678e-03  7.942460e-01  1.151715e-03  
   1.3536299  8.486207e-01  1.331047e-03  8.486260e-01  1.331110e-03  7.966919e-01  1.178249e-03  
   1.3746300  8.514479e-01  1.362077e-03  8.514532e-01  1.362140e-03  7.991941e-01  1.205284e-03  
   1.3946300  8.542021e-01  1.392205e-03  8.542075e-01  1.392269e-03  8.016307e-01  1.231514e-03  
   1.4156300  8.571592e-01  1.424468e-03  8.571646e-01  1.424533e-03  8.042461e-01  1.259579e-03  
   1.4366300  8.601849e-01  1.457398e-03  8.601907e-01  1.457463e-03  8.069211e-01  1.288201e-03  
   1.4576300  8.632807e-01  1.491019e-03  8.632864e-01  1.491085e-03  8.096572e-01  1.317401e-03  
   1.4786299  8.664481e-01  1.525358e-03  8.664542e-01  1.525426e-03  8.124552e-01  1.347200e-03  
   1.4996300  8.696888e-01  1.560441e-03  8.696949e-01  1.560511e-03  8.153168e-01  1.377619e-03  
   1.5196300  8.728439e-01  1.594572e-03  8.728502e-01  1.594643e-03  8.181018e-01  1.407187e-03  
   1.5406300  8.762312e-01  1.631192e-03  8.762378e-01  1.631266e-03  8.210905e-01  1.438885e-03  
   1.5616300  8.796967e-01  1.668643e-03  8.797032e-01  1.668720e-03  8.241465e-01  1.471273e-03  
   1.5826300  8.832411e-01  1.706958e-03  8.832481e-01  1.707037e-03  8.272712e-01  1.504379e-03  
   1.6036299  8.868673e-01  1.746169e-03  8.868743e-01  1.746252e-03  8.304662e-01  1.538229e-03  
   1.6246300  8.905767e-01  1.786313e-03  8.905839e-01  1.786400e-03  8.337332e-01  1.572853e-03  
   1.6446300  8.941877e-01  1.825446e-03  8.941950e-01  1.825536e-03  8.369120e-01  1.606573e-03  
   1.6656300  8.980649e-01  1.867520e-03  8.980724e-01  1.867614e-03  8.403233e-01  1.642796e-03  
   1.6872300  9.021463e-01  1.911893e-03  9.021539e-01  1.911991e-03  8.439129e-01  1.680960e-03  
   1.7072300  9.060115e-01  1.954011e-03  9.060195e-01  1.954113e-03  8.473102e-01  1.717150e-03  
   1.7282300  9.101616e-01  1.999349e-03  9.101699e-01  1.999455e-03  8.509561e-01  1.756071e-03  
   1.7492300  9.144080e-01  2.045877e-03  9.144164e-01  2.045988e-03  8.546849e-01  1.795977e-03  
   1.7702301  9.187533e-01  2.093648e-03  9.187619e-01  2.093762e-03  8.584984e-01  1.836908e-03  
   1.7912300  9.232005e-01  2.142719e-03  9.232092e-01  2.142837e-03  8.623989e-01  1.878913e-03  
   1.8112299  9.275328e-01  2.190715e-03  9.275421e-01  2.190837e-03  8.661969e-01  1.919960e-03  
   1.8322300  9.321870e-01  2.242499e-03  9.321963e-01  2.242624e-03  8.702742e-01  1.964204e-03  
   1.8532300  9.369512e-01  2.295769e-03  9.369609e-01  2.295898e-03  8.744462e-01  2.009677e-03  
   1.8742300  9.418294e-01  2.350599e-03  9.418394e-01  2.350730e-03  8.787150e-01  2.056438e-03  
   1.8952301  9.468250e-01  2.407065e-03  9.468349e-01  2.407201e-03  8.830835e-01  2.104552e-03  
   1.9162300  9.519406e-01  2.465250e-03  9.519513e-01  2.465388e-03  8.875540e-01  2.154086e-03  
   1.9362299  9.569274e-01  2.522342e-03  9.569382e-01  2.522485e-03  8.919097e-01  2.202653e-03  
   1.9572300  9.622884e-01  2.584148e-03  9.622999e-01  2.584293e-03  8.965884e-01  2.255186e-03  
   1.9782300  9.677810e-01  2.647958e-03  9.677926e-01  2.648108e-03  9.013788e-01  2.309384e-03  
   1.9992300  9.734088e-01  2.713886e-03  9.734205e-01  2.714043e-03  9.062837e-01  2.365344e-03  
   2.0202301  9.791767e-01  2.782063e-03  9.791887e-01  2.782225e-03  9.113072e-01  2.423178e-03  
   2.0412300  9.850886e-01  2.852622e-03  9.851012e-01  2.852791e-03  9.164523e-01  2.483005e-03  
   2.0612299  9.908569e-01  2.922177e-03  9.908701e-01  2.922354e-03  9.214688e-01  2.541964e-03  
   2.0822301  9.970647e-01  2.997848e-03  9.970778e-01  2.998033e-03  9.268628e-01  2.606098e-03  
   2.1038301  1.003616e+00  3.078693e-03  1.003630e+00  3.078888e-03  9.325511e-01  2.674624e-03  
   2.1238301  1.009838e+00  3.156468e-03  1.009852e+00  3.156672e-03  9.379481e-01  2.740570e-03  
   2.1448300  1.016538e+00  3.241373e-03  1.016552e+00  3.241589e-03  9.437557e-01  2.812607e-03  
   2.1658299  1.023414e+00  3.329852e-03  1.023430e+00  3.330081e-03  9.497110e-01  2.887743e-03  
   2.1868300  1.030476e+00  3.422190e-03  1.030491e+00  3.422434e-03  9.558206e-01  2.966257e-03  
   2.2078300  1.037727e+00  3.518701e-03  1.037743e+00  3.518960e-03  9.620895e-01  3.048440e-03  
   2.2278299  1.044819e+00  3.614814e-03  1.044836e+00  3.615087e-03  9.682138e-01  3.130434e-03  
   2.2488301  1.052467e+00  3.720509e-03  1.052484e+00  3.720797e-03  9.748119e-01  3.220786e-03  
   2.2698300  1.060329e+00  3.831510e-03  1.060346e+00  3.831817e-03  9.815876e-01  3.315894e-03  
   2.2908299  1.068415e+00  3.948290e-03  1.068433e+00  3.948616e-03  9.885496e-01  3.416202e-03  
   2.3118300  1.076734e+00  4.071354e-03  1.076753e+00  4.071699e-03  9.957037e-01  3.522190e-03  
   2.3328300  1.085296e+00  4.201259e-03  1.085315e+00  4.201627e-03  1.003058e+00  3.634383e-03  
   2.3528299  1.093686e+00  4.331901e-03  1.093706e+00  4.332288e-03  1.010256e+00  3.747521e-03  
   2.3738301  1.102753e+00  4.476978e-03  1.102774e+00  4.477386e-03  1.018026e+00  3.873529e-03  
   2.3948300  1.112098e+00  4.630864e-03  1.112119e+00  4.631296e-03  1.026022e+00  4.007590e-03  
   2.4158299  1.121731e+00  4.794352e-03  1.121753e+00  4.794808e-03  1.034254e+00  4.150460e-03  
   2.4368300  1.131668e+00  4.968309e-03  1.131690e+00  4.968792e-03  1.042734e+00  4.302963e-03  
   2.4578300  1.141923e+00  5.153684e-03  1.141946e+00  5.154198e-03  1.051471e+00  4.466016e-03  
   2.4778299  1.152000e+00  5.341818e-03  1.152024e+00  5.342361e-03  1.060043e+00  4.632035e-03  
   2.4988301  1.162925e+00  5.552653e-03  1.162950e+00  5.553229e-03  1.069321e+00  4.818714e-03  
   2.5204301  1.174549e+00  5.785103e-03  1.174575e+00  5.785719e-03  1.079175e+00  5.025248e-03  
   2.5404301  1.185682e+00  6.015855e-03  1.185709e+00  6.016511e-03  1.088595e+00  5.230949e-03  
   2.5614300  1.197776e+00  6.275917e-03  1.197805e+00  6.276621e-03  1.098809e+00  5.463486e-03  
   2.5824299  1.210311e+00  6.556237e-03  1.210340e+00  6.556994e-03  1.109370e+00  5.714808e-03  
   2.6034300  1.223315e+00  6.859324e-03  1.223345e+00  6.860139e-03  1.120302e+00  5.987092e-03  
   2.6244299  1.236817e+00  7.188239e-03  1.236848e+00  7.189121e-03  1.131626e+00  6.282871e-03  
   2.6444299  1.250172e+00  7.529017e-03  1.250206e+00  7.529963e-03  1.142797e+00  6.589189e-03  
   2.6654301  1.264754e+00  7.920423e-03  1.264789e+00  7.921450e-03  1.154959e+00  6.940206e-03  
   2.6864300  1.279950e+00  8.352441e-03  1.279986e+00  8.353559e-03  1.167593e+00  7.325772e-03  
   2.7074299  1.295808e+00  8.833426e-03  1.295846e+00  8.834641e-03  1.180733e+00  7.751554e-03  
   2.7284300  1.312385e+00  9.374534e-03  1.312424e+00  9.375864e-03  1.194417e+00  8.224781e-03  
   2.7494299  1.329741e+00  9.990848e-03  1.329783e+00  9.992314e-03  1.208685e+00  8.754729e-03  
   2.7694299  1.347061e+00  1.066643e-02  1.347104e+00  1.066804e-02  1.222859e+00  9.323179e-03  
   2.7904301  1.366152e+00  1.149541e-02  1.366197e+00  1.149722e-02  1.238407e+00  1.000196e-02  
   2.8114300  1.386258e+00  1.248372e-02  1.386306e+00  1.248577e-02  1.254694e+00  1.078461e-02  
   2.8324299  1.407477e+00  1.368156e-02  1.407527e+00  1.368393e-02  1.271784e+00  1.169744e-02  
   2.8534300  1.429919e+00  1.515595e-02  1.429973e+00  1.515874e-02  1.289748e+00  1.277458e-02  
   2.8744299  1.453703e+00  1.699519e-02  1.453760e+00  1.699854e-02  1.308664e+00  1.406003e-02  
   2.8944299  1.477716e+00  1.919072e-02  1.477776e+00  1.919477e-02  1.327644e+00  1.552932e-02  
   2.9154301  1.504482e+00  2.210217e-02  1.504546e+00  2.210720e-02  1.348673e+00  1.739784e-02  
   2.9370301  1.533804e+00  2.593408e-02  1.533872e+00  2.594045e-02  1.371581e+00  1.976085e-02  
   2.9570301  1.562680e+00  3.044923e-02  1.562753e+00  3.045723e-02  1.394041e+00  2.245227e-02  
   2.9780300  1.594883e+00  3.645234e-02  1.594961e+00  3.646255e-02  1.419017e+00  2.593289e-02  
   2.9990301  1.629078e+00  4.405994e-02  1.629160e+00  4.407295e-02  1.445515e+00  3.024949e-02  
   3.0200300  1.665282e+00  5.363350e-02  1.665370e+00  5.365004e-02  1.473622e+00  3.560392e-02  
   3.0410299  1.703458e+00  6.557520e-02  1.703551e+00  6.559611e-02  1.503409e+00  4.223560e-02  
   3.0610299  1.741542e+00  7.954586e-02  1.741640e+00  7.957180e-02  1.533379e+00  4.999374e-02  
   3.0820301  1.783146e+00  9.737349e-02  1.783250e+00  9.740567e-02  1.566535e+00  5.995902e-02  
   3.1030300  1.826107e+00  1.188741e-01  1.826216e+00  1.189136e-01  1.601371e+00  7.213543e-02  
   3.1240301  1.870021e+00  1.444662e-01  1.870135e+00  1.445141e-01  1.637781e+00  8.690658e-02  
   3.1450300  1.914374e+00  1.745120e-01  1.914490e+00  1.745692e-01  1.675572e+00  1.046748e-01  
   3.1660299  1.958556e+00  2.092915e-01  1.958675e+00  2.093590e-01  1.714468e+00  1.258472e-01  
   3.1860299  1.999847e+00  2.469710e-01  1.999969e+00  2.470491e-01  1.752195e+00  1.495342e-01  
   3.2070301  2.041663e+00  2.913544e-01  2.041784e+00  2.914439e-01  1.792068e+00  1.784431e-01  
   3.2280300  2.081149e+00  3.405625e-01  2.081269e+00  3.406639e-01  1.831640e+00  2.117691e-01  
   3.2490301  2.117555e+00  3.943245e-01  2.117671e+00  3.944376e-01  1.870250e+00  2.497048e-01  
   3.2700300  2.150189e+00  4.522093e-01  2.150300e+00  4.523340e-01  1.907165e+00  2.923200e-01  
   3.2910299  2.178452e+00  5.136436e-01  2.178556e+00  5.137792e-01  1.941610e+00  3.395389e-01  
   3.3110299  2.200878e+00  5.748202e-01  2.200974e+00  5.749654e-01  1.971404e+00  3.885729e-01  
   3.3320301  2.219410e+00  6.411135e-01  2.219498e+00  6.412678e-01  1.998806e+00  4.439355e-01  
   3.3536301  2.232972e+00  7.106540e-01  2.233049e+00  7.108170e-01  2.022149e+00  5.044271e-01  
   3.3736300  2.240591e+00  7.755054e-01  2.240657e+00  7.756752e-01  2.038858e+00  5.629643e-01  
   3.3946300  2.243678e+00  8.433356e-01  2.243734e+00  8.435118e-01  2.050941e+00  6.262152e-01  
   3.4156301  2.242079e+00  9.102297e-01  2.242124e+00  9.104113e-01  2.057223e+00  6.903685e-01  
   3.4366300  2.236256e+00  9.756253e-01  2.236289e+00  9.758115e-01  2.057695e+00  7.544358e-01  
   3.4576299  2.226740e+00  1.039100e+00  2.226762e+00  1.039291e+00  2.052570e+00  8.174379e-01  
   3.4776299  2.214759e+00  1.097512e+00  2.214772e+00  1.097707e+00  2.042866e+00  8.756104e-01  
   3.4986300  2.199640e+00  1.156562e+00  2.199641e+00  1.156761e+00  2.028187e+00  9.339944e-01  
   3.5196300  2.182412e+00  1.213245e+00  2.182401e+00  1.213449e+00  2.009650e+00  9.889740e-01  
   3.5406301  2.163496e+00  1.267628e+00  2.163476e+00  1.267837e+00  1.988110e+00  1.040089e+00  
   3.5616300  2.143220e+00  1.319829e+00  2.143191e+00  1.320042e+00  1.964468e+00  1.087089e+00  
   3.5826299  2.121822e+00  1.369993e+00  2.121782e+00  1.370212e+00  1.939623e+00  1.129942e+00  
   3.6026299  2.100533e+00  1.416003e+00  2.100485e+00  1.416227e+00  1.915604e+00  1.167057e+00  
   3.6236300  2.077303e+00  1.462561e+00  2.077245e+00  1.462789e+00  1.890707e+00  1.202478e+00  
   3.6446300  2.053219e+00  1.507381e+00  2.053152e+00  1.507612e+00  1.866702e+00  1.234738e+00  
   3.6656301  2.028306e+00  1.550468e+00  2.028232e+00  1.550702e+00  1.843994e+00  1.264408e+00  
   3.6866300  2.002619e+00  1.591777e+00  2.002537e+00  1.592013e+00  1.822803e+00  1.292086e+00  
   3.7076299  1.976250e+00  1.631229e+00  1.976163e+00  1.631464e+00  1.803184e+00  1.318355e+00  
   3.7276299  1.950654e+00  1.666986e+00  1.950561e+00  1.667220e+00  1.785882e+00  1.342525e+00  
   3.7486300  1.923502e+00  1.702542e+00  1.923406e+00  1.702773e+00  1.768990e+00  1.367405e+00  
   3.7702301  1.895615e+00  1.736938e+00  1.895518e+00  1.737163e+00  1.752738e+00  1.392750e+00  
   3.7902300  1.870202e+00  1.766829e+00  1.870106e+00  1.767048e+00  1.738484e+00  1.416134e+00  
   3.8112299  1.844390e+00  1.796290e+00  1.844296e+00  1.796503e+00  1.724161e+00  1.440634e+00  
   3.8322301  1.819958e+00  1.823987e+00  1.819868e+00  1.824193e+00  1.710398e+00  1.465028e+00  
   3.8532300  1.797413e+00  1.850255e+00  1.797328e+00  1.850453e+00  1.697204e+00  1.489211e+00  
   3.8742299  1.777233e+00  1.875561e+00  1.777155e+00  1.875753e+00  1.684711e+00  1.513083e+00  
   3.8942299  1.760595e+00  1.899317e+00  1.760524e+00  1.899504e+00  1.673683e+00  1.535475e+00  
   3.9152300  1.746131e+00  1.924594e+00  1.746068e+00  1.924777e+00  1.663328e+00  1.558655e+00  
   3.9362299  1.734914e+00  1.951033e+00  1.734860e+00  1.951216e+00  1.654601e+00  1.581648e+00  
   3.9572301  1.726935e+00  1.979552e+00  1.726890e+00  1.979736e+00  1.647885e+00  1.604754e+00  
   3.9782300  1.721973e+00  2.011115e+00  1.721937e+00  2.011303e+00  1.643518e+00  1.628434e+00  
   3.9992299  1.719576e+00  2.046693e+00  1.719548e+00  2.046889e+00  1.641745e+00  1.653301e+00  
   4.0192299  1.719041e+00  2.085159e+00  1.719019e+00  2.085366e+00  1.642561e+00  1.678779e+00  
   4.0402298  1.719420e+00  2.131156e+00  1.719403e+00  2.131377e+00  1.645967e+00  1.708238e+00  
   4.0612302  1.719626e+00  2.183570e+00  1.719612e+00  2.183809e+00  1.651691e+00  1.741383e+00  
   4.0822301  1.718317e+00  2.242878e+00  1.718302e+00  2.243135e+00  1.659191e+00  1.779158e+00  
   4.1032300  1.714002e+00  2.309312e+00  1.713984e+00  2.309589e+00  1.667671e+00  1.822467e+00  
   4.1242299  1.705107e+00  2.382828e+00  1.705082e+00  2.383125e+00  1.676078e+00  1.872116e+00  
   4.1442299  1.690916e+00  2.459112e+00  1.690880e+00  2.459427e+00  1.682840e+00  1.925882e+00  
   4.1652298  1.668519e+00  2.545177e+00  1.668469e+00  2.545509e+00  1.687195e+00  1.989542e+00  
   4.1868300  1.635984e+00  2.639114e+00  1.635914e+00  2.639459e+00  1.687023e+00  2.062865e+00  
   4.2068300  1.596088e+00  2.729865e+00  1.595996e+00  2.730219e+00  1.681009e+00  2.137665e+00  
   4.2278299  1.543081e+00  2.827676e+00  1.542961e+00  2.828034e+00  1.666898e+00  2.222806e+00  
   4.2488298  1.477927e+00  2.926486e+00  1.477777e+00  2.926843e+00  1.643100e+00  2.313762e+00  
   4.2698302  1.400146e+00  3.024549e+00  1.399963e+00  3.024898e+00  1.608037e+00  2.409187e+00  
   4.2908301  1.309564e+00  3.120016e+00  1.309345e+00  3.120353e+00  1.560384e+00  2.507349e+00  
   4.3108301  1.211507e+00  3.206805e+00  1.211253e+00  3.207126e+00  1.502399e+00  2.601512e+00  
   4.3318300  1.096574e+00  3.291780e+00  1.096281e+00  3.292080e+00  1.427749e+00  2.698877e+00  
   4.3528299  9.700638e-01  3.368632e+00  9.697329e-01  3.368907e+00  1.338935e+00  2.792281e+00  
   4.3738298  8.329378e-01  3.435585e+00  8.325698e-01  3.435836e+00  1.236425e+00  2.879215e+00  
   4.3948302  6.864012e-01  3.490972e+00  6.859972e-01  3.491196e+00  1.121230e+00  2.957246e+00  
   4.4158301  5.318965e-01  3.533262e+00  5.314598e-01  3.533459e+00  9.948884e-01  3.024142e+00  
   4.4358301  3.788424e-01  3.560127e+00  3.783779e-01  3.560299e+00  8.660186e-01  3.075749e+00  
   4.4568300  2.136944e-01  3.573160e+00  2.132048e-01  3.573307e+00  7.239979e-01  3.115791e+00  
   4.4778299  4.596376e-02  3.569774e+00  4.545403e-02  3.569898e+00  5.776696e-01  3.140348e+00  
   4.4988298  -1.222106e-01  3.549382e+00  -1.227348e-01  3.549486e+00  4.297598e-01  3.148954e+00  
   4.5198302  -2.885877e-01  3.511742e+00  -2.891207e-01  3.511826e+00  2.829750e-01  3.141686e+00  
   4.5408301  -4.508570e-01  3.456997e+00  -4.513931e-01  3.457064e+00  1.398822e-01  3.119146e+00  
   4.5608301  -5.994781e-01  3.389463e+00  -6.000121e-01  3.389515e+00  9.136629e-03  3.084452e+00  
   4.5818300  -7.471691e-01  3.303332e+00  -7.476959e-01  3.303371e+00  -1.204619e-01  3.035516e+00  
   4.6034298  -8.879906e-01  3.199945e+00  -8.885056e-01  3.199971e+00  -2.439546e-01  2.973600e+00  
   4.6234298  -1.006632e+00  3.092543e+00  -1.007133e+00  3.092560e+00  -3.483946e-01  2.907573e+00  
   4.6444302  -1.117576e+00  2.969797e+00  -1.118060e+00  2.969805e+00  -4.471521e-01  2.831154e+00  
   4.6654301  -1.213453e+00  2.839255e+00  -1.213918e+00  2.839255e+00  -5.344659e-01  2.749396e+00  
   4.6864300  -1.293602e+00  2.703540e+00  -1.294047e+00  2.703533e+00  -6.104133e-01  2.664154e+00  
   4.7074299  -1.357843e+00  2.565341e+00  -1.358270e+00  2.565330e+00  -6.753594e-01  2.577137e+00  
   4.7274299  -1.404514e+00  2.433815e+00  -1.404924e+00  2.433799e+00  -7.275209e-01  2.494001e+00  
   4.7484298  -1.439001e+00  2.298157e+00  -1.439394e+00  2.298136e+00  -7.728244e-01  2.407688e+00  
   4.7694302  -1.459735e+00  2.167128e+00  -1.460113e+00  2.167103e+00  -8.092581e-01  2.323453e+00  
   4.7904301  -1.468151e+00  2.042540e+00  -1.468514e+00  2.042508e+00  -8.377078e-01  2.242180e+00  
   4.8114300  -1.465887e+00  1.925783e+00  -1.466238e+00  1.925746e+00  -8.590728e-01  2.164547e+00  
   4.8324299  -1.454685e+00  1.817832e+00  -1.455024e+00  1.817787e+00  -8.742341e-01  2.091051e+00  
   4.8524299  -1.437305e+00  1.723729e+00  -1.437634e+00  1.723676e+00  -8.836759e-01  2.025205e+00  
   4.8734298  -1.413614e+00  1.634260e+00  -1.413932e+00  1.634197e+00  -8.891008e-01  1.960610e+00  
   4.8944302  -1.385861e+00  1.554255e+00  -1.386167e+00  1.554180e+00  -8.906459e-01  1.900737e+00  
   4.9154301  -1.355405e+00  1.483365e+00  -1.355700e+00  1.483278e+00  -8.889754e-01  1.845558e+00  
   4.9364300  -1.323406e+00  1.421055e+00  -1.323688e+00  1.420954e+00  -8.846865e-01  1.794958e+00  
   4.9574299  -1.290817e+00  1.366669e+00  -1.291085e+00  1.366553e+00  -8.783091e-01  1.748761e+00  
   4.9774299  -1.259924e+00  1.321578e+00  -1.260179e+00  1.321447e+00  -8.707197e-01  1.708648e+00  
   4.9984298  -1.228196e+00  1.280554e+00  -1.228435e+00  1.280408e+00  -8.615460e-01  1.670360e+00  
