w Re-xx Im-xx Re-yy Im-yy Re-zz Im-zz
# Gaussian absolute broadening  0.15 [eV]
   0.0000000  7.681658e-01  8.827858e-05  7.681700e-01  8.827868e-05  7.250631e-01  7.893184e-05  
   0.0200000  7.682656e-01  9.447998e-05  7.682698e-01  9.448012e-05  7.251524e-01  8.447493e-05  
   0.0410000  7.683842e-01  1.015467e-04  7.683884e-01  1.015469e-04  7.252582e-01  9.079123e-05  
   0.0620000  7.685195e-01  1.092185e-04  7.685235e-01  1.092187e-04  7.253793e-01  9.764797e-05  
   0.0830000  7.686731e-01  1.175291e-04  7.686772e-01  1.175295e-04  7.255166e-01  1.050753e-04  
   0.1040000  7.688472e-01  1.265080e-04  7.688513e-01  1.265085e-04  7.256725e-01  1.130995e-04  
   0.1240000  7.690339e-01  1.357020e-04  7.690380e-01  1.357026e-04  7.258393e-01  1.213152e-04  
   0.1450000  7.692544e-01  1.460455e-04  7.692584e-01  1.460463e-04  7.260363e-01  1.305575e-04  
   0.1660000  7.695016e-01  1.571022e-04  7.695058e-01  1.571032e-04  7.262575e-01  1.404362e-04  
   0.1870000  7.697785e-01  1.688686e-04  7.697825e-01  1.688698e-04  7.265049e-01  1.509479e-04  
   0.2080000  7.700862e-01  1.813300e-04  7.700905e-01  1.813315e-04  7.267801e-01  1.620796e-04  
   0.2290000  7.704269e-01  1.944614e-04  7.704311e-01  1.944633e-04  7.270847e-01  1.738084e-04  
   0.2490000  7.707836e-01  2.075581e-04  7.707878e-01  2.075604e-04  7.274033e-01  1.855047e-04  
   0.2700000  7.711930e-01  2.218879e-04  7.711973e-01  2.218906e-04  7.277693e-01  1.983007e-04  
   0.2910000  7.716392e-01  2.367609e-04  7.716436e-01  2.367641e-04  7.281680e-01  2.115799e-04  
   0.3120000  7.721232e-01  2.521233e-04  7.721276e-01  2.521271e-04  7.286006e-01  2.252939e-04  
   0.3330000  7.726452e-01  2.679201e-04  7.726496e-01  2.679245e-04  7.290670e-01  2.393933e-04  
   0.3540000  7.732056e-01  2.840979e-04  7.732098e-01  2.841029e-04  7.295679e-01  2.538303e-04  
   0.3740000  7.737752e-01  2.998142e-04  7.737796e-01  2.998197e-04  7.300767e-01  2.678527e-04  
   0.3950000  7.744107e-01  3.165974e-04  7.744150e-01  3.166035e-04  7.306445e-01  2.828242e-04  
   0.4160000  7.750844e-01  3.336317e-04  7.750889e-01  3.336384e-04  7.312462e-01  2.980160e-04  
   0.4374300  7.758119e-01  3.512413e-04  7.758164e-01  3.512485e-04  7.318965e-01  3.137173e-04  
   0.4574300  7.765267e-01  3.678597e-04  7.765313e-01  3.678675e-04  7.325348e-01  3.285311e-04  
   0.4784300  7.773147e-01  3.854828e-04  7.773191e-01  3.854913e-04  7.332383e-01  3.442364e-04  
   0.4994300  7.781405e-01  4.032723e-04  7.781450e-01  4.032814e-04  7.339758e-01  3.600854e-04  
   0.5204300  7.790049e-01  4.212210e-04  7.790092e-01  4.212307e-04  7.347471e-01  3.760713e-04  
   0.5414300  7.799072e-01  4.393253e-04  7.799116e-01  4.393355e-04  7.355530e-01  3.921907e-04  
   0.5614300  7.808025e-01  4.567118e-04  7.808071e-01  4.567229e-04  7.363523e-01  4.076660e-04  
   0.5824300  7.817805e-01  4.751215e-04  7.817853e-01  4.751334e-04  7.372252e-01  4.240462e-04  
   0.6034300  7.827975e-01  4.936919e-04  7.828022e-01  4.937045e-04  7.381327e-01  4.405633e-04  
   0.6244300  7.838539e-01  5.124281e-04  7.838588e-01  5.124417e-04  7.390754e-01  4.572218e-04  
   0.6454300  7.849500e-01  5.313358e-04  7.849548e-01  5.313503e-04  7.400534e-01  4.740256e-04  
   0.6664300  7.860861e-01  5.504210e-04  7.860910e-01  5.504366e-04  7.410669e-01  4.909807e-04  
   0.6864300  7.872052e-01  5.687683e-04  7.872102e-01  5.687849e-04  7.420653e-01  5.072735e-04  
   0.7074300  7.884204e-01  5.882193e-04  7.884253e-01  5.882371e-04  7.431487e-01  5.245396e-04  
   0.7284300  7.896763e-01  6.078683e-04  7.896813e-01  6.078874e-04  7.442688e-01  5.419734e-04  
   0.7494300  7.909740e-01  6.277231e-04  7.909793e-01  6.277435e-04  7.454256e-01  5.595823e-04  
   0.7704300  7.923133e-01  6.477905e-04  7.923183e-01  6.478123e-04  7.466196e-01  5.773717e-04  
   0.7914300  7.936952e-01  6.680792e-04  7.937005e-01  6.681024e-04  7.478512e-01  5.953492e-04  
   0.8114300  7.950506e-01  6.876147e-04  7.950559e-01  6.876396e-04  7.490587e-01  6.126512e-04  
   0.8324300  7.965162e-01  7.083594e-04  7.965215e-01  7.083858e-04  7.503646e-01  6.310157e-04  
   0.8540300  7.980698e-01  7.299542e-04  7.980751e-01  7.299826e-04  7.517485e-01  6.501236e-04  
   0.8740300  7.995497e-01  7.501908e-04  7.995552e-01  7.502211e-04  7.530664e-01  6.680209e-04  
   0.8950300  8.011475e-01  7.716991e-04  8.011532e-01  7.717312e-04  7.544891e-01  6.870328e-04  
   0.9160300  8.027908e-01  7.934828e-04  8.027962e-01  7.935172e-04  7.559521e-01  7.062786e-04  
   0.9370300  8.044799e-01  8.155529e-04  8.044855e-01  8.155894e-04  7.574555e-01  7.257670e-04  
   0.9580300  8.062155e-01  8.379198e-04  8.062214e-01  8.379585e-04  7.589998e-01  7.455066e-04  
   0.9780300  8.079130e-01  8.595082e-04  8.079188e-01  8.595492e-04  7.605096e-01  7.645487e-04  
   0.9990300  8.097419e-01  8.824878e-04  8.097478e-01  8.825308e-04  7.621366e-01  7.848063e-04  
   1.0200300  8.116195e-01  9.057974e-04  8.116255e-01  9.058428e-04  7.638062e-01  8.053431e-04  
   1.0410300  8.135467e-01  9.294500e-04  8.135528e-01  9.294977e-04  7.655191e-01  8.261693e-04  
   1.0620300  8.155240e-01  9.534570e-04  8.155302e-01  9.535069e-04  7.672769e-01  8.472949e-04  
   1.0830300  8.175523e-01  9.778315e-04  8.175585e-01  9.778832e-04  7.690789e-01  8.687299e-04  
   1.1030300  8.195316e-01  1.001397e-03  8.195380e-01  1.001451e-03  7.708372e-01  8.894419e-04  
   1.1240300  8.216611e-01  1.026525e-03  8.216677e-01  1.026581e-03  7.727286e-01  9.115118e-04  
   1.1450300  8.238442e-01  1.052058e-03  8.238507e-01  1.052116e-03  7.746664e-01  9.339236e-04  
   1.1660300  8.260811e-01  1.078011e-03  8.260875e-01  1.078071e-03  7.766520e-01  9.566888e-04  
   1.1870300  8.283725e-01  1.104399e-03  8.283794e-01  1.104460e-03  7.786855e-01  9.798189e-04  
   1.2080300  8.307204e-01  1.131236e-03  8.307273e-01  1.131298e-03  7.807682e-01  1.003327e-03  
   1.2280300  8.330086e-01  1.157226e-03  8.330153e-01  1.157291e-03  7.827971e-01  1.026078e-03  
   1.2490300  8.354676e-01  1.184987e-03  8.354746e-01  1.185052e-03  7.849772e-01  1.050361e-03  
   1.2706300  8.380586e-01  1.214061e-03  8.380658e-01  1.214128e-03  7.872735e-01  1.075776e-03  
   1.2906300  8.405136e-01  1.241469e-03  8.405210e-01  1.241536e-03  7.894487e-01  1.099715e-03  
   1.3116300  8.431510e-01  1.270771e-03  8.431586e-01  1.270839e-03  7.917846e-01  1.125291e-03  
   1.3326300  8.458506e-01  1.300627e-03  8.458580e-01  1.300696e-03  7.941744e-01  1.151331e-03  
   1.3536299  8.486130e-01  1.331060e-03  8.486208e-01  1.331130e-03  7.966196e-01  1.177852e-03  
   1.3746300  8.514403e-01  1.362090e-03  8.514479e-01  1.362161e-03  7.991209e-01  1.204874e-03  
   1.3946300  8.541942e-01  1.392220e-03  8.542022e-01  1.392291e-03  8.015566e-01  1.231090e-03  
   1.4156300  8.571513e-01  1.424483e-03  8.571596e-01  1.424555e-03  8.041711e-01  1.259142e-03  
   1.4366300  8.601772e-01  1.457414e-03  8.601856e-01  1.457487e-03  8.068451e-01  1.287750e-03  
   1.4576300  8.632730e-01  1.491036e-03  8.632815e-01  1.491110e-03  8.095802e-01  1.316935e-03  
   1.4786299  8.664407e-01  1.525377e-03  8.664491e-01  1.525452e-03  8.123772e-01  1.346717e-03  
   1.4996300  8.696813e-01  1.560462e-03  8.696902e-01  1.560538e-03  8.152378e-01  1.377120e-03  
   1.5196300  8.728364e-01  1.594593e-03  8.728453e-01  1.594672e-03  8.180218e-01  1.406671e-03  
   1.5406300  8.762237e-01  1.631215e-03  8.762329e-01  1.631296e-03  8.210095e-01  1.438351e-03  
   1.5616300  8.796891e-01  1.668668e-03  8.796985e-01  1.668751e-03  8.240642e-01  1.470721e-03  
   1.5826300  8.832337e-01  1.706984e-03  8.832433e-01  1.707069e-03  8.271880e-01  1.503807e-03  
   1.6036299  8.868601e-01  1.746197e-03  8.868697e-01  1.746285e-03  8.303818e-01  1.537637e-03  
   1.6246300  8.905694e-01  1.786342e-03  8.905794e-01  1.786434e-03  8.336473e-01  1.572239e-03  
   1.6446300  8.941807e-01  1.825477e-03  8.941905e-01  1.825571e-03  8.368251e-01  1.605939e-03  
   1.6656300  8.980575e-01  1.867553e-03  8.980681e-01  1.867651e-03  8.402349e-01  1.642137e-03  
   1.6872300  9.021391e-01  1.911927e-03  9.021496e-01  1.912029e-03  8.438229e-01  1.680277e-03  
   1.7072300  9.060045e-01  1.954047e-03  9.060153e-01  1.954150e-03  8.472189e-01  1.716443e-03  
   1.7282300  9.101546e-01  1.999385e-03  9.101657e-01  1.999492e-03  8.508636e-01  1.755338e-03  
   1.7492300  9.144011e-01  2.045912e-03  9.144124e-01  2.046023e-03  8.545906e-01  1.795216e-03  
   1.7702301  9.187464e-01  2.093682e-03  9.187578e-01  2.093796e-03  8.584024e-01  1.836117e-03  
   1.7912300  9.231937e-01  2.142748e-03  9.232056e-01  2.142867e-03  8.623013e-01  1.878092e-03  
   1.8112299  9.275263e-01  2.190741e-03  9.275383e-01  2.190863e-03  8.660976e-01  1.919109e-03  
   1.8322300  9.321807e-01  2.242515e-03  9.321927e-01  2.242642e-03  8.701733e-01  1.963322e-03  
   1.8532300  9.369451e-01  2.295774e-03  9.369575e-01  2.295905e-03  8.743433e-01  2.008761e-03  
   1.8742300  9.418232e-01  2.350588e-03  9.418362e-01  2.350725e-03  8.786100e-01  2.055488e-03  
   1.8952301  9.468189e-01  2.407035e-03  9.468318e-01  2.407175e-03  8.829764e-01  2.103565e-03  
   1.9162300  9.519348e-01  2.465194e-03  9.519484e-01  2.465341e-03  8.874447e-01  2.153063e-03  
   1.9362299  9.569219e-01  2.522259e-03  9.569353e-01  2.522411e-03  8.917984e-01  2.201592e-03  
   1.9572300  9.622831e-01  2.584029e-03  9.622973e-01  2.584186e-03  8.964746e-01  2.254087e-03  
   1.9782300  9.677763e-01  2.647801e-03  9.677904e-01  2.647963e-03  9.012630e-01  2.308245e-03  
   1.9992300  9.734037e-01  2.713687e-03  9.734185e-01  2.713858e-03  9.061652e-01  2.364167e-03  
   2.0202301  9.791721e-01  2.781821e-03  9.791874e-01  2.781998e-03  9.111863e-01  2.421965e-03  
   2.0412300  9.850845e-01  2.852344e-03  9.850998e-01  2.852527e-03  9.163285e-01  2.481762e-03  
   2.0612299  9.908533e-01  2.921872e-03  9.908691e-01  2.922063e-03  9.213423e-01  2.540699e-03  
   2.0822301  9.970614e-01  2.997529e-03  9.970772e-01  2.997728e-03  9.267333e-01  2.604820e-03  
   2.1038301  1.003613e+00  3.078388e-03  1.003630e+00  3.078595e-03  9.324185e-01  2.673347e-03  
   2.1238301  1.009836e+00  3.156209e-03  1.009852e+00  3.156425e-03  9.378129e-01  2.739309e-03  
   2.1448300  1.016536e+00  3.241213e-03  1.016554e+00  3.241438e-03  9.436166e-01  2.811379e-03  
   2.1658299  1.023413e+00  3.329853e-03  1.023432e+00  3.330090e-03  9.495683e-01  2.886572e-03  
   2.1868300  1.030475e+00  3.422433e-03  1.030494e+00  3.422682e-03  9.556739e-01  2.965157e-03  
   2.2078300  1.037728e+00  3.519280e-03  1.037747e+00  3.519541e-03  9.619384e-01  3.047431e-03  
   2.2278299  1.044820e+00  3.615817e-03  1.044840e+00  3.616092e-03  9.680586e-01  3.129518e-03  
   2.2488301  1.052469e+00  3.722082e-03  1.052489e+00  3.722370e-03  9.746522e-01  3.219969e-03  
   2.2698300  1.060332e+00  3.833791e-03  1.060352e+00  3.834094e-03  9.814228e-01  3.315162e-03  
   2.2908299  1.068418e+00  3.951425e-03  1.068439e+00  3.951745e-03  9.883790e-01  3.415524e-03  
   2.3118300  1.076738e+00  4.075495e-03  1.076760e+00  4.075833e-03  9.955273e-01  3.521512e-03  
   2.3328300  1.085301e+00  4.206559e-03  1.085324e+00  4.206914e-03  1.002876e+00  3.633623e-03  
   2.3528299  1.093692e+00  4.338430e-03  1.093714e+00  4.338807e-03  1.010067e+00  3.746584e-03  
   2.3738301  1.102759e+00  4.484927e-03  1.102783e+00  4.485327e-03  1.017830e+00  3.872260e-03  
   2.3948300  1.112104e+00  4.640342e-03  1.112128e+00  4.640765e-03  1.025818e+00  4.005807e-03  
   2.4158299  1.121737e+00  4.805435e-03  1.121762e+00  4.805882e-03  1.034042e+00  4.147933e-03  
   2.4368300  1.131674e+00  4.981038e-03  1.131700e+00  4.981514e-03  1.042513e+00  4.299422e-03  
   2.4578300  1.141929e+00  5.168063e-03  1.141956e+00  5.168568e-03  1.051241e+00  4.461138e-03  
   2.4778299  1.152006e+00  5.357720e-03  1.152034e+00  5.358260e-03  1.059804e+00  4.625540e-03  
   2.4988301  1.162930e+00  5.570066e-03  1.162958e+00  5.570641e-03  1.069072e+00  4.810107e-03  
   2.5204301  1.174553e+00  5.803915e-03  1.174583e+00  5.804530e-03  1.078915e+00  5.013966e-03  
   2.5404301  1.185686e+00  6.035774e-03  1.185716e+00  6.036430e-03  1.088324e+00  5.216685e-03  
   2.5614300  1.197779e+00  6.296746e-03  1.197811e+00  6.297453e-03  1.098526e+00  5.445503e-03  
   2.5824299  1.210312e+00  6.577673e-03  1.210345e+00  6.578433e-03  1.109076e+00  5.692448e-03  
   2.6034300  1.223314e+00  6.881013e-03  1.223348e+00  6.881836e-03  1.119996e+00  5.959630e-03  
   2.6244299  1.236815e+00  7.209780e-03  1.236850e+00  7.210669e-03  1.131306e+00  6.249515e-03  
   2.6444299  1.250169e+00  7.550010e-03  1.250206e+00  7.550966e-03  1.142464e+00  6.549430e-03  
   2.6654301  1.264750e+00  7.940375e-03  1.264788e+00  7.941412e-03  1.154612e+00  6.892834e-03  
   2.6864300  1.279944e+00  8.370859e-03  1.279984e+00  8.371986e-03  1.167231e+00  7.269819e-03  
   2.7074299  1.295802e+00  8.849789e-03  1.295843e+00  8.851019e-03  1.180357e+00  7.686006e-03  
   2.7284300  1.312379e+00  9.388320e-03  1.312421e+00  9.389672e-03  1.194024e+00  8.148563e-03  
   2.7494299  1.329736e+00  1.000153e-02  1.329781e+00  1.000302e-02  1.208276e+00  8.666707e-03  
   2.7694299  1.347057e+00  1.067367e-02  1.347104e+00  1.067531e-02  1.222434e+00  9.222785e-03  
   2.7904301  1.366150e+00  1.149855e-02  1.366199e+00  1.150039e-02  1.237964e+00  9.887297e-03  
   2.8114300  1.386258e+00  1.248230e-02  1.386310e+00  1.248440e-02  1.254231e+00  1.065418e-02  
   2.8324299  1.407482e+00  1.367518e-02  1.407537e+00  1.367761e-02  1.271300e+00  1.154950e-02  
   2.8534300  1.429930e+00  1.514432e-02  1.429988e+00  1.514717e-02  1.289241e+00  1.260705e-02  
   2.8744299  1.453721e+00  1.697817e-02  1.453781e+00  1.698158e-02  1.308133e+00  1.387030e-02  
   2.8944299  1.477741e+00  1.916867e-02  1.477805e+00  1.917277e-02  1.327085e+00  1.531545e-02  
   2.9154301  1.504515e+00  2.207529e-02  1.504583e+00  2.208035e-02  1.348084e+00  1.715470e-02  
   2.9370301  1.533844e+00  2.590327e-02  1.533917e+00  2.590962e-02  1.370957e+00  1.948241e-02  
   2.9570301  1.562728e+00  3.041643e-02  1.562804e+00  3.042433e-02  1.393382e+00  2.213545e-02  
   2.9780300  1.594934e+00  3.642015e-02  1.595015e+00  3.643011e-02  1.418315e+00  2.556867e-02  
   2.9990301  1.629128e+00  4.403239e-02  1.629214e+00  4.404498e-02  1.444768e+00  2.982945e-02  
   3.0200300  1.665325e+00  5.361627e-02  1.665416e+00  5.363211e-02  1.472825e+00  3.511842e-02  
   3.0410299  1.703483e+00  6.557593e-02  1.703579e+00  6.559577e-02  1.502559e+00  4.167407e-02  
   3.0610299  1.741537e+00  7.957271e-02  1.741639e+00  7.959712e-02  1.532477e+00  4.934927e-02  
   3.0820301  1.783095e+00  9.743940e-02  1.783201e+00  9.746942e-02  1.565574e+00  5.921621e-02  
   3.1030300  1.825989e+00  1.189931e-01  1.826100e+00  1.190296e-01  1.600353e+00  7.128310e-02  
   3.1240301  1.869813e+00  1.446538e-01  1.869927e+00  1.446978e-01  1.636707e+00  8.593469e-02  
   3.1450300  1.914047e+00  1.747849e-01  1.914163e+00  1.748370e-01  1.674448e+00  1.035754e-01  
   3.1660299  1.958082e+00  2.096659e-01  1.958200e+00  2.097270e-01  1.713301e+00  1.246155e-01  
   3.1860299  1.999204e+00  2.474559e-01  1.999323e+00  2.475260e-01  1.750998e+00  1.481763e-01  
   3.2070301  2.040815e+00  2.919661e-01  2.040933e+00  2.920462e-01  1.790855e+00  1.769576e-01  
   3.2280300  2.080069e+00  3.413070e-01  2.080184e+00  3.413970e-01  1.830430e+00  2.101675e-01  
   3.2490301  2.116223e+00  3.952000e-01  2.116333e+00  3.953001e-01  1.869066e+00  2.480067e-01  
   3.2700300  2.148590e+00  4.532047e-01  2.148694e+00  4.533144e-01  1.906034e+00  2.905524e-01  
   3.2910299  2.176583e+00  5.147364e-01  2.176679e+00  5.148554e-01  1.940563e+00  3.377374e-01  
   3.3110299  2.198757e+00  5.759743e-01  2.198846e+00  5.761013e-01  1.970467e+00  3.867787e-01  
   3.3320301  2.217047e+00  6.422868e-01  2.217125e+00  6.424215e-01  1.998016e+00  4.421962e-01  
   3.3536301  2.230391e+00  7.117869e-01  2.230458e+00  7.119289e-01  2.021543e+00  5.027988e-01  
   3.3736300  2.237849e+00  7.765372e-01  2.237907e+00  7.766854e-01  2.038453e+00  5.614895e-01  
   3.3946300  2.240819e+00  8.441885e-01  2.240867e+00  8.443421e-01  2.050773e+00  6.249515e-01  
   3.4156301  2.239162e+00  9.108253e-01  2.239200e+00  9.109844e-01  2.057313e+00  6.893618e-01  
   3.4366300  2.233341e+00  9.758865e-01  2.233370e+00  9.760510e-01  2.058062e+00  7.537228e-01  
   3.4576299  2.223888e+00  1.038956e+00  2.223908e+00  1.039126e+00  2.053226e+00  8.170439e-01  
   3.4776299  2.212014e+00  1.096924e+00  2.212028e+00  1.097099e+00  2.043802e+00  8.755306e-01  
   3.4986300  2.197047e+00  1.155464e+00  2.197054e+00  1.155643e+00  2.029418e+00  9.342406e-01  
   3.5196300  2.179996e+00  1.211609e+00  2.179996e+00  1.211794e+00  2.011172e+00  9.895269e-01  
   3.5406301  2.161268e+00  1.265449e+00  2.161263e+00  1.265640e+00  1.989914e+00  1.040916e+00  
   3.5616300  2.141172e+00  1.317127e+00  2.141161e+00  1.317324e+00  1.966543e+00  1.088145e+00  
   3.5826299  2.119924e+00  1.366815e+00  2.119908e+00  1.367017e+00  1.941953e+00  1.131174e+00  
   3.6026299  2.098743e+00  1.412436e+00  2.098721e+00  1.412642e+00  1.918164e+00  1.168403e+00  
   3.6236300  2.075575e+00  1.458673e+00  2.075548e+00  1.458885e+00  1.893490e+00  1.203891e+00  
   3.6446300  2.051494e+00  1.503282e+00  2.051460e+00  1.503497e+00  1.869697e+00  1.236166e+00  
   3.6656301  2.026530e+00  1.546279e+00  2.026490e+00  1.546495e+00  1.847186e+00  1.265808e+00  
   3.6866300  2.000742e+00  1.587625e+00  2.000694e+00  1.587842e+00  1.826183e+00  1.293430e+00  
   3.7076299  1.974238e+00  1.627240e+00  1.974184e+00  1.627454e+00  1.806746e+00  1.319623e+00  
   3.7276299  1.948498e+00  1.663261e+00  1.948438e+00  1.663473e+00  1.789613e+00  1.343719e+00  
   3.7486300  1.921201e+00  1.699197e+00  1.921135e+00  1.699403e+00  1.772902e+00  1.368530e+00  
   3.7702301  1.893199e+00  1.734069e+00  1.893127e+00  1.734269e+00  1.756841e+00  1.393826e+00  
   3.7902300  1.867732e+00  1.764457e+00  1.867656e+00  1.764651e+00  1.742772e+00  1.417192e+00  
   3.8112299  1.841937e+00  1.794472e+00  1.841858e+00  1.794659e+00  1.728652e+00  1.441706e+00  
   3.8322301  1.817616e+00  1.822728e+00  1.817537e+00  1.822909e+00  1.715103e+00  1.466147e+00  
   3.8532300  1.795285e+00  1.849533e+00  1.795206e+00  1.849708e+00  1.702132e+00  1.490410e+00  
   3.8742299  1.775424e+00  1.875333e+00  1.775348e+00  1.875504e+00  1.689866e+00  1.514388e+00  
   3.8942299  1.759178e+00  1.899503e+00  1.759107e+00  1.899673e+00  1.679054e+00  1.536899e+00  
   3.9152300  1.745203e+00  1.925141e+00  1.745138e+00  1.925313e+00  1.668919e+00  1.560214e+00  
   3.9362299  1.734530e+00  1.951861e+00  1.734473e+00  1.952037e+00  1.660394e+00  1.583345e+00  
   3.9572301  1.727119e+00  1.980581e+00  1.727070e+00  1.980764e+00  1.653852e+00  1.606586e+00  
   3.9782300  1.722711e+00  2.012270e+00  1.722672e+00  2.012464e+00  1.649621e+00  1.630391e+00  
   3.9992299  1.720819e+00  2.047912e+00  1.720789e+00  2.048120e+00  1.647930e+00  1.655373e+00  
   4.0192299  1.720687e+00  2.086395e+00  1.720665e+00  2.086618e+00  1.648764e+00  1.680948e+00  
   4.0402298  1.721377e+00  2.132381e+00  1.721362e+00  2.132623e+00  1.652115e+00  1.710502e+00  
   4.0612302  1.721756e+00  2.184775e+00  1.721745e+00  2.185036e+00  1.657696e+00  1.743736e+00  
   4.0822301  1.720462e+00  2.244070e+00  1.720454e+00  2.244352e+00  1.664957e+00  1.781597e+00  
   4.1032300  1.716000e+00  2.310520e+00  1.715989e+00  2.310821e+00  1.673093e+00  1.824994e+00  
   4.1242299  1.706794e+00  2.384091e+00  1.706777e+00  2.384410e+00  1.681050e+00  1.874734e+00  
   4.1442299  1.692161e+00  2.460474e+00  1.692134e+00  2.460806e+00  1.687280e+00  1.928589e+00  
   4.1652298  1.669164e+00  2.546694e+00  1.669122e+00  2.547037e+00  1.690974e+00  1.992343e+00  
   4.1868300  1.635883e+00  2.640841e+00  1.635820e+00  2.641191e+00  1.690020e+00  2.065753e+00  
   4.2068300  1.595202e+00  2.731826e+00  1.595117e+00  2.732176e+00  1.683197e+00  2.140619e+00  
   4.2278299  1.541295e+00  2.829907e+00  1.541182e+00  2.830251e+00  1.668169e+00  2.225800e+00  
   4.2488298  1.475191e+00  2.928990e+00  1.475046e+00  2.929323e+00  1.643403e+00  2.316761e+00  
   4.2698302  1.396428e+00  3.027307e+00  1.396250e+00  3.027624e+00  1.607345e+00  2.412145e+00  
   4.2908301  1.304860e+00  3.122985e+00  1.304645e+00  3.123279e+00  1.558700e+00  2.510217e+00  
   4.3108301  1.205884e+00  3.209913e+00  1.205634e+00  3.210182e+00  1.499801e+00  2.604245e+00  
   4.3318300  1.090030e+00  3.294947e+00  1.089742e+00  3.295187e+00  1.424254e+00  2.701424e+00  
   4.3528299  9.626709e-01  3.371758e+00  9.623451e-01  3.371967e+00  1.334643e+00  2.794603e+00  
   4.3738298  8.247976e-01  3.438563e+00  8.244358e-01  3.438740e+00  1.231468e+00  2.881289e+00  
   4.3948302  6.776443e-01  3.493695e+00  6.772493e-01  3.493842e+00  1.115772e+00  2.959069e+00  
   4.4158301  5.226829e-01  3.535638e+00  5.222577e-01  3.535756e+00  9.891235e-01  3.025726e+00  
   4.4358301  3.693646e-01  3.562104e+00  3.689148e-01  3.562200e+00  8.601619e-01  3.077135e+00  
   4.4568300  2.041379e-01  3.574675e+00  2.036668e-01  3.574745e+00  7.182724e-01  3.117014e+00  
   4.4778299  3.654271e-02  3.570810e+00  3.605571e-02  3.570863e+00  5.723177e-01  3.141468e+00  
   4.4988298  -1.312820e-01  3.549960e+00  -1.317794e-01  3.549998e+00  4.250230e-01  3.150033e+00  
   4.5198302  -2.971079e-01  3.511909e+00  -2.976097e-01  3.511938e+00  2.790833e-01  3.142791e+00  
   4.5408301  -4.586498e-01  3.456828e+00  -4.591500e-01  3.456848e+00  1.370422e-01  3.120337e+00  
   4.5608301  -6.064481e-01  3.389059e+00  -6.069413e-01  3.389077e+00  7.458638e-03  3.085775e+00  
   4.5818300  -7.531818e-01  3.302782e+00  -7.536631e-01  3.302798e+00  -1.207938e-01  3.037022e+00  
   4.6034298  -8.929721e-01  3.199347e+00  -8.934357e-01  3.199363e+00  -2.428218e-01  2.975329e+00  
   4.6234298  -1.010664e+00  3.091985e+00  -1.011108e+00  3.092002e+00  -3.458867e-01  2.909530e+00  
   4.6444302  -1.120663e+00  2.969353e+00  -1.121083e+00  2.969371e+00  -4.432374e-01  2.833365e+00  
   4.6654301  -1.215687e+00  2.838974e+00  -1.216081e+00  2.838994e+00  -5.292372e-01  2.751869e+00  
   4.6864300  -1.295103e+00  2.703449e+00  -1.295470e+00  2.703470e+00  -6.040123e-01  2.666893e+00  
   4.7074299  -1.358748e+00  2.565443e+00  -1.359088e+00  2.565464e+00  -6.679662e-01  2.580143e+00  
   4.7274299  -1.404981e+00  2.434086e+00  -1.405296e+00  2.434106e+00  -7.193742e-01  2.497261e+00  
   4.7484298  -1.439139e+00  2.298572e+00  -1.439427e+00  2.298589e+00  -7.641006e-01  2.411213e+00  
   4.7694302  -1.459660e+00  2.167647e+00  -1.459925e+00  2.167658e+00  -8.001757e-01  2.327242e+00  
   4.7904301  -1.467958e+00  2.043113e+00  -1.468200e+00  2.043119e+00  -8.284744e-01  2.246233e+00  
   4.8114300  -1.465647e+00  1.926366e+00  -1.465868e+00  1.926363e+00  -8.498757e-01  2.168859e+00  
   4.8324299  -1.454444e+00  1.818383e+00  -1.454645e+00  1.818369e+00  -8.652337e-01  2.095618e+00  
   4.8524299  -1.437084e+00  1.724217e+00  -1.437268e+00  1.724191e+00  -8.749846e-01  2.030010e+00  
   4.8734298  -1.413420e+00  1.634657e+00  -1.413586e+00  1.634616e+00  -8.808324e-01  1.965653e+00  
   4.8944302  -1.385684e+00  1.554544e+00  -1.385833e+00  1.554488e+00  -8.828724e-01  1.906006e+00  
   4.9154301  -1.355226e+00  1.483539e+00  -1.355359e+00  1.483466e+00  -8.817429e-01  1.851038e+00  
   4.9364300  -1.323200e+00  1.421114e+00  -1.323316e+00  1.421022e+00  -8.780197e-01  1.800633e+00  
   4.9574299  -1.290555e+00  1.366619e+00  -1.290655e+00  1.366508e+00  -8.722150e-01  1.754609e+00  
   4.9774299  -1.259584e+00  1.321434e+00  -1.259669e+00  1.321304e+00  -8.651655e-01  1.714642e+00  
   4.9984298  -1.227750e+00  1.280325e+00  -1.227818e+00  1.280176e+00  -8.565441e-01  1.676484e+00  
