w Re-xx Im-xx Re-yy Im-yy Re-zz Im-zz
# Gaussian absolute broadening  0.15 [eV]
   0.0000000  7.681625e-01  8.827868e-05  7.681619e-01  8.828436e-05  7.249359e-01  7.889923e-05  
   0.0200000  7.682624e-01  9.448012e-05  7.682617e-01  9.448605e-05  7.250250e-01  8.443935e-05  
   0.0410000  7.683811e-01  1.015469e-04  7.683804e-01  1.015530e-04  7.251310e-01  9.075223e-05  
   0.0620000  7.685164e-01  1.092187e-04  7.685157e-01  1.092250e-04  7.252519e-01  9.760519e-05  
   0.0830000  7.686698e-01  1.175294e-04  7.686689e-01  1.175359e-04  7.253891e-01  1.050284e-04  
   0.1040000  7.688439e-01  1.265085e-04  7.688432e-01  1.265150e-04  7.255449e-01  1.130480e-04  
   0.1240000  7.690306e-01  1.357026e-04  7.690300e-01  1.357091e-04  7.257117e-01  1.212591e-04  
   0.1450000  7.692512e-01  1.460463e-04  7.692505e-01  1.460527e-04  7.259086e-01  1.304961e-04  
   0.1660000  7.694986e-01  1.571031e-04  7.694979e-01  1.571095e-04  7.261298e-01  1.403690e-04  
   0.1870000  7.697752e-01  1.688698e-04  7.697746e-01  1.688758e-04  7.263768e-01  1.508746e-04  
   0.2080000  7.700831e-01  1.813315e-04  7.700822e-01  1.813373e-04  7.266518e-01  1.619996e-04  
   0.2290000  7.704238e-01  1.944633e-04  7.704231e-01  1.944687e-04  7.269562e-01  1.737215e-04  
   0.2490000  7.707805e-01  2.075603e-04  7.707798e-01  2.075654e-04  7.272745e-01  1.854108e-04  
   0.2700000  7.711896e-01  2.218905e-04  7.711892e-01  2.218951e-04  7.276404e-01  1.981992e-04  
   0.2910000  7.716360e-01  2.367639e-04  7.716355e-01  2.367681e-04  7.280391e-01  2.114703e-04  
   0.3120000  7.721201e-01  2.521269e-04  7.721195e-01  2.521306e-04  7.284716e-01  2.251758e-04  
   0.3330000  7.726420e-01  2.679241e-04  7.726412e-01  2.679275e-04  7.289375e-01  2.392666e-04  
   0.3540000  7.732024e-01  2.841024e-04  7.732019e-01  2.841055e-04  7.294382e-01  2.536946e-04  
   0.3740000  7.737721e-01  2.998190e-04  7.737716e-01  2.998218e-04  7.299467e-01  2.677080e-04  
   0.3950000  7.744074e-01  3.166025e-04  7.744069e-01  3.166053e-04  7.305142e-01  2.826698e-04  
   0.4160000  7.750813e-01  3.336371e-04  7.750808e-01  3.336398e-04  7.311157e-01  2.978518e-04  
   0.4374300  7.758088e-01  3.512468e-04  7.758085e-01  3.512496e-04  7.317653e-01  3.135427e-04  
   0.4574300  7.765239e-01  3.678652e-04  7.765235e-01  3.678684e-04  7.324034e-01  3.283467e-04  
   0.4784300  7.773115e-01  3.854884e-04  7.773111e-01  3.854919e-04  7.331064e-01  3.440414e-04  
   0.4994300  7.781374e-01  4.032776e-04  7.781371e-01  4.032818e-04  7.338434e-01  3.598797e-04  
   0.5204300  7.790017e-01  4.212261e-04  7.790012e-01  4.212310e-04  7.346146e-01  3.758547e-04  
   0.5414300  7.799041e-01  4.393299e-04  7.799038e-01  4.393358e-04  7.354196e-01  3.919633e-04  
   0.5614300  7.807993e-01  4.567161e-04  7.807991e-01  4.567231e-04  7.362185e-01  4.074283e-04  
   0.5824300  7.817775e-01  4.751254e-04  7.817774e-01  4.751335e-04  7.370912e-01  4.237976e-04  
   0.6034300  7.827944e-01  4.936953e-04  7.827942e-01  4.937045e-04  7.379979e-01  4.403037e-04  
   0.6244300  7.838509e-01  5.124312e-04  7.838508e-01  5.124417e-04  7.389402e-01  4.569513e-04  
   0.6454300  7.849469e-01  5.313383e-04  7.849469e-01  5.313503e-04  7.399175e-01  4.737445e-04  
   0.6664300  7.860831e-01  5.504232e-04  7.860831e-01  5.504366e-04  7.409305e-01  4.906886e-04  
   0.6864300  7.872022e-01  5.687700e-04  7.872022e-01  5.687849e-04  7.419281e-01  5.069709e-04  
   0.7074300  7.884174e-01  5.882209e-04  7.884175e-01  5.882371e-04  7.430111e-01  5.242260e-04  
   0.7284300  7.896733e-01  6.078695e-04  7.896734e-01  6.078874e-04  7.441304e-01  5.416487e-04  
   0.7494300  7.909710e-01  6.277242e-04  7.909712e-01  6.277435e-04  7.452866e-01  5.592462e-04  
   0.7704300  7.923104e-01  6.477915e-04  7.923105e-01  6.478123e-04  7.464797e-01  5.770242e-04  
   0.7914300  7.936922e-01  6.680802e-04  7.936925e-01  6.681024e-04  7.477106e-01  5.949896e-04  
   0.8114300  7.950477e-01  6.876158e-04  7.950481e-01  6.876396e-04  7.489178e-01  6.122800e-04  
   0.8324300  7.965133e-01  7.083606e-04  7.965137e-01  7.083858e-04  7.502226e-01  6.306318e-04  
   0.8540300  7.980669e-01  7.299557e-04  7.980672e-01  7.299826e-04  7.516055e-01  6.497264e-04  
   0.8740300  7.995468e-01  7.501927e-04  7.995475e-01  7.502211e-04  7.529227e-01  6.676110e-04  
   0.8950300  8.011447e-01  7.717013e-04  8.011453e-01  7.717313e-04  7.543445e-01  6.866091e-04  
   0.9160300  8.027878e-01  7.934856e-04  8.027885e-01  7.935172e-04  7.558064e-01  7.058408e-04  
   0.9370300  8.044772e-01  8.155564e-04  8.044778e-01  8.155894e-04  7.573091e-01  7.253147e-04  
   0.9580300  8.062127e-01  8.379240e-04  8.062134e-01  8.379586e-04  7.588525e-01  7.450394e-04  
   0.9780300  8.079101e-01  8.595132e-04  8.079113e-01  8.595494e-04  7.603616e-01  7.640670e-04  
   0.9990300  8.097392e-01  8.824937e-04  8.097401e-01  8.825309e-04  7.619873e-01  7.843089e-04  
   1.0200300  8.116166e-01  9.058042e-04  8.116179e-01  9.058432e-04  7.636558e-01  8.048297e-04  
   1.0410300  8.135439e-01  9.294580e-04  8.135452e-01  9.294983e-04  7.653679e-01  8.256393e-04  
   1.0620300  8.155213e-01  9.534659e-04  8.155226e-01  9.535077e-04  7.671243e-01  8.467481e-04  
   1.0830300  8.175495e-01  9.778416e-04  8.175509e-01  9.778840e-04  7.689251e-01  8.681658e-04  
   1.1030300  8.195290e-01  1.001408e-03  8.195304e-01  1.001453e-03  7.706822e-01  8.888603e-04  
   1.1240300  8.216586e-01  1.026537e-03  8.216602e-01  1.026582e-03  7.725723e-01  9.109117e-04  
   1.1450300  8.238415e-01  1.052071e-03  8.238433e-01  1.052118e-03  7.745091e-01  9.333049e-04  
   1.1660300  8.260784e-01  1.078025e-03  8.260801e-01  1.078074e-03  7.764931e-01  9.560500e-04  
   1.1870300  8.283700e-01  1.104413e-03  8.283718e-01  1.104464e-03  7.785256e-01  9.791596e-04  
   1.2080300  8.307178e-01  1.131250e-03  8.307198e-01  1.131303e-03  7.806065e-01  1.002647e-03  
   1.2280300  8.330061e-01  1.157241e-03  8.330081e-01  1.157296e-03  7.826343e-01  1.025377e-03  
   1.2490300  8.354653e-01  1.185002e-03  8.354671e-01  1.185058e-03  7.848129e-01  1.049638e-03  
   1.2706300  8.380560e-01  1.214076e-03  8.380582e-01  1.214135e-03  7.871076e-01  1.075029e-03  
   1.2906300  8.405113e-01  1.241483e-03  8.405136e-01  1.241545e-03  7.892812e-01  1.098946e-03  
   1.3116300  8.431488e-01  1.270785e-03  8.431514e-01  1.270849e-03  7.916155e-01  1.124497e-03  
   1.3326300  8.458483e-01  1.300641e-03  8.458508e-01  1.300708e-03  7.940036e-01  1.150511e-03  
   1.3536299  8.486109e-01  1.331073e-03  8.486135e-01  1.331143e-03  7.964469e-01  1.177007e-03  
   1.3746300  8.514381e-01  1.362104e-03  8.514408e-01  1.362176e-03  7.989466e-01  1.204001e-03  
   1.3946300  8.541921e-01  1.392233e-03  8.541951e-01  1.392307e-03  8.013806e-01  1.230192e-03  
   1.4156300  8.571493e-01  1.424496e-03  8.571523e-01  1.424573e-03  8.039929e-01  1.258214e-03  
   1.4366300  8.601753e-01  1.457427e-03  8.601784e-01  1.457505e-03  8.066651e-01  1.286792e-03  
   1.4576300  8.632710e-01  1.491049e-03  8.632745e-01  1.491130e-03  8.093979e-01  1.315945e-03  
   1.4786299  8.664387e-01  1.525389e-03  8.664421e-01  1.525473e-03  8.121931e-01  1.345695e-03  
   1.4996300  8.696794e-01  1.560475e-03  8.696831e-01  1.560560e-03  8.150514e-01  1.376064e-03  
   1.5196300  8.728347e-01  1.594608e-03  8.728385e-01  1.594694e-03  8.178332e-01  1.405582e-03  
   1.5406300  8.762221e-01  1.631231e-03  8.762260e-01  1.631319e-03  8.208187e-01  1.437225e-03  
   1.5616300  8.796875e-01  1.668685e-03  8.796917e-01  1.668775e-03  8.238713e-01  1.469556e-03  
   1.5826300  8.832322e-01  1.707002e-03  8.832366e-01  1.707094e-03  8.269921e-01  1.502602e-03  
   1.6036299  8.868584e-01  1.746217e-03  8.868629e-01  1.746311e-03  8.301834e-01  1.536390e-03  
   1.6246300  8.905679e-01  1.786365e-03  8.905727e-01  1.786461e-03  8.334462e-01  1.570948e-03  
   1.6446300  8.941793e-01  1.825502e-03  8.941840e-01  1.825601e-03  8.366215e-01  1.604605e-03  
   1.6656300  8.980561e-01  1.867580e-03  8.980615e-01  1.867682e-03  8.400288e-01  1.640756e-03  
   1.6872300  9.021378e-01  1.911958e-03  9.021433e-01  1.912062e-03  8.436133e-01  1.678844e-03  
   1.7072300  9.060032e-01  1.954079e-03  9.060089e-01  1.954186e-03  8.470065e-01  1.714961e-03  
   1.7282300  9.101534e-01  1.999421e-03  9.101591e-01  1.999532e-03  8.506480e-01  1.753801e-03  
   1.7492300  9.144000e-01  2.045954e-03  9.144062e-01  2.046066e-03  8.543718e-01  1.793621e-03  
   1.7702301  9.187455e-01  2.093728e-03  9.187516e-01  2.093844e-03  8.581802e-01  1.834463e-03  
   1.7912300  9.231929e-01  2.142802e-03  9.231994e-01  2.142922e-03  8.620754e-01  1.876375e-03  
   1.8112299  9.275255e-01  2.190802e-03  9.275323e-01  2.190925e-03  8.658683e-01  1.917329e-03  
   1.8322300  9.321799e-01  2.242587e-03  9.321868e-01  2.242714e-03  8.699402e-01  1.961469e-03  
   1.8532300  9.369446e-01  2.295859e-03  9.369517e-01  2.295991e-03  8.741063e-01  2.006832e-03  
   1.8742300  9.418226e-01  2.350690e-03  9.418305e-01  2.350827e-03  8.783688e-01  2.053477e-03  
   1.8952301  9.468186e-01  2.407158e-03  9.468262e-01  2.407299e-03  8.827313e-01  2.101466e-03  
   1.9162300  9.519346e-01  2.465342e-03  9.519426e-01  2.465490e-03  8.871952e-01  2.150867e-03  
   1.9362299  9.569215e-01  2.522436e-03  9.569301e-01  2.522589e-03  8.915438e-01  2.199293e-03  
   1.9572300  9.622830e-01  2.584242e-03  9.622918e-01  2.584402e-03  8.962157e-01  2.251668e-03  
   1.9782300  9.677762e-01  2.648056e-03  9.677851e-01  2.648222e-03  9.009991e-01  2.305689e-03  
   1.9992300  9.734039e-01  2.713994e-03  9.734131e-01  2.714166e-03  9.058962e-01  2.361452e-03  
   2.0202301  9.791721e-01  2.782182e-03  9.791818e-01  2.782361e-03  9.109111e-01  2.419065e-03  
   2.0412300  9.850845e-01  2.852760e-03  9.850945e-01  2.852947e-03  9.160476e-01  2.478642e-03  
   2.0612299  9.908533e-01  2.922341e-03  9.908639e-01  2.922535e-03  9.210559e-01  2.537328e-03  
   2.0822301  9.970616e-01  2.998050e-03  9.970721e-01  2.998251e-03  9.264405e-01  2.601134e-03  
   2.1038301  1.003613e+00  3.078948e-03  1.003625e+00  3.079158e-03  9.321187e-01  2.669265e-03  
   2.1238301  1.009835e+00  3.156785e-03  1.009847e+00  3.157003e-03  9.375060e-01  2.734784e-03  
   2.1448300  1.016536e+00  3.241773e-03  1.016548e+00  3.242001e-03  9.433027e-01  2.806292e-03  
   2.1658299  1.023413e+00  3.330353e-03  1.023425e+00  3.330591e-03  9.492470e-01  2.880804e-03  
   2.1868300  1.030475e+00  3.422811e-03  1.030488e+00  3.423059e-03  9.553443e-01  2.958570e-03  
   2.2078300  1.037727e+00  3.519456e-03  1.037740e+00  3.519714e-03  9.616004e-01  3.039864e-03  
   2.2278299  1.044819e+00  3.615705e-03  1.044833e+00  3.615977e-03  9.677125e-01  3.120845e-03  
   2.2488301  1.052467e+00  3.721551e-03  1.052482e+00  3.721836e-03  9.742962e-01  3.209931e-03  
   2.2698300  1.060330e+00  3.832698e-03  1.060344e+00  3.832997e-03  9.810575e-01  3.303527e-03  
   2.2908299  1.068416e+00  3.949599e-03  1.068431e+00  3.949916e-03  9.880037e-01  3.402031e-03  
   2.3118300  1.076736e+00  4.072747e-03  1.076752e+00  4.073081e-03  9.951413e-01  3.505880e-03  
   2.3328300  1.085298e+00  4.202673e-03  1.085315e+00  4.203026e-03  1.002479e+00  3.615545e-03  
   2.3528299  1.093688e+00  4.333247e-03  1.093706e+00  4.333620e-03  1.009659e+00  3.725869e-03  
   2.3738301  1.102756e+00  4.478132e-03  1.102774e+00  4.478526e-03  1.017410e+00  3.848439e-03  
   2.3948300  1.112100e+00  4.631659e-03  1.112119e+00  4.632078e-03  1.025386e+00  3.978505e-03  
   2.4158299  1.121733e+00  4.794581e-03  1.121753e+00  4.795027e-03  1.033597e+00  4.116768e-03  
   2.4368300  1.131670e+00  4.967717e-03  1.131691e+00  4.968187e-03  1.042055e+00  4.263988e-03  
   2.4578300  1.141925e+00  5.151968e-03  1.141947e+00  5.152467e-03  1.050770e+00  4.421013e-03  
   2.4778299  1.152003e+00  5.338697e-03  1.152025e+00  5.339226e-03  1.059319e+00  4.580541e-03  
   2.4988301  1.162928e+00  5.547666e-03  1.162950e+00  5.548227e-03  1.068573e+00  4.759542e-03  
   2.5204301  1.174552e+00  5.777726e-03  1.174576e+00  5.778323e-03  1.078401e+00  4.957183e-03  
   2.5404301  1.185686e+00  6.005803e-03  1.185710e+00  6.006433e-03  1.087795e+00  5.153673e-03  
   2.5614300  1.197780e+00  6.262537e-03  1.197807e+00  6.263209e-03  1.097981e+00  5.375443e-03  
   2.5824299  1.210315e+00  6.538969e-03  1.210343e+00  6.539684e-03  1.108515e+00  5.614794e-03  
   2.6034300  1.223321e+00  6.837583e-03  1.223349e+00  6.838345e-03  1.119417e+00  5.873795e-03  
   2.6244299  1.236825e+00  7.161422e-03  1.236854e+00  7.162234e-03  1.130709e+00  6.154879e-03  
   2.6444299  1.250183e+00  7.496803e-03  1.250214e+00  7.497669e-03  1.141850e+00  6.445790e-03  
   2.6654301  1.264768e+00  7.881941e-03  1.264801e+00  7.882874e-03  1.153978e+00  6.779031e-03  
   2.6864300  1.279968e+00  8.307101e-03  1.280002e+00  8.308101e-03  1.166577e+00  7.145051e-03  
   2.7074299  1.295833e+00  8.780638e-03  1.295869e+00  8.781724e-03  1.179680e+00  7.549380e-03  
   2.7284300  1.312418e+00  9.313751e-03  1.312455e+00  9.314940e-03  1.193325e+00  7.999073e-03  
   2.7494299  1.329784e+00  9.921576e-03  1.329823e+00  9.922884e-03  1.207552e+00  8.503193e-03  
   2.7694299  1.347115e+00  1.058868e-02  1.347157e+00  1.059012e-02  1.221686e+00  9.044669e-03  
   2.7904301  1.366221e+00  1.140847e-02  1.366264e+00  1.141010e-02  1.237189e+00  9.692303e-03  
   2.8114300  1.386344e+00  1.238747e-02  1.386389e+00  1.238934e-02  1.253427e+00  1.044043e-02  
   2.8324299  1.407584e+00  1.357617e-02  1.407632e+00  1.357835e-02  1.270464e+00  1.131473e-02  
   2.8534300  1.430050e+00  1.504199e-02  1.430102e+00  1.504458e-02  1.288373e+00  1.234850e-02  
   2.8744299  1.453862e+00  1.687383e-02  1.453917e+00  1.687698e-02  1.307228e+00  1.358462e-02  
   2.8944299  1.477905e+00  1.906420e-02  1.477963e+00  1.906802e-02  1.326145e+00  1.500018e-02  
   2.9154301  1.504705e+00  2.197331e-02  1.504767e+00  2.197807e-02  1.347104e+00  1.680351e-02  
   2.9370301  1.534066e+00  2.580775e-02  1.534132e+00  2.581379e-02  1.369932e+00  1.908805e-02  
   2.9570301  1.562980e+00  3.033166e-02  1.563050e+00  3.033923e-02  1.392313e+00  2.169431e-02  
   2.9780300  1.595221e+00  3.635311e-02  1.595296e+00  3.636274e-02  1.417198e+00  2.507006e-02  
   2.9990301  1.629452e+00  4.399155e-02  1.629531e+00  4.400376e-02  1.443597e+00  2.926323e-02  
   3.0200300  1.665688e+00  5.361212e-02  1.665772e+00  5.362758e-02  1.471599e+00  3.447280e-02  
   3.0410299  1.703885e+00  6.562125e-02  1.703974e+00  6.564068e-02  1.501274e+00  4.093541e-02  
   3.0610299  1.741977e+00  7.967907e-02  1.742070e+00  7.970304e-02  1.531132e+00  4.850767e-02  
   3.0820301  1.783571e+00  9.762653e-02  1.783668e+00  9.765613e-02  1.564165e+00  5.824972e-02  
   3.1030300  1.826498e+00  1.192800e-01  1.826598e+00  1.193161e-01  1.598875e+00  7.017297e-02  
   3.1240301  1.870348e+00  1.450609e-01  1.870451e+00  1.451044e-01  1.635156e+00  8.466077e-02  
   3.1450300  1.914600e+00  1.753332e-01  1.914704e+00  1.753851e-01  1.672821e+00  1.021166e-01  
   3.1660299  1.958642e+00  2.103767e-01  1.958746e+00  2.104378e-01  1.711595e+00  1.229504e-01  
   3.1860299  1.999760e+00  2.483406e-01  1.999863e+00  2.484109e-01  1.749212e+00  1.462951e-01  
   3.2070301  2.041352e+00  2.930523e-01  2.041451e+00  2.931328e-01  1.788979e+00  1.748304e-01  
   3.2280300  2.080571e+00  3.426120e-01  2.080666e+00  3.427029e-01  1.828460e+00  2.077769e-01  
   3.2490301  2.116672e+00  3.967392e-01  2.116759e+00  3.968406e-01  1.866994e+00  2.453391e-01  
   3.2700300  2.148966e+00  4.549915e-01  2.149045e+00  4.551031e-01  1.903851e+00  2.875988e-01  
   3.2910299  2.176866e+00  5.167833e-01  2.176934e+00  5.169049e-01  1.938256e+00  3.344950e-01  
   3.3110299  2.198931e+00  5.782791e-01  2.198988e+00  5.784093e-01  1.968028e+00  3.832655e-01  
   3.3320301  2.217078e+00  6.448739e-01  2.217122e+00  6.450129e-01  1.995422e+00  4.384107e-01  
   3.3536301  2.230247e+00  7.146775e-01  2.230277e+00  7.148245e-01  2.018766e+00  4.987549e-01  
   3.3736300  2.237514e+00  7.797216e-01  2.237530e+00  7.798753e-01  2.035484e+00  5.572347e-01  
   3.3946300  2.240250e+00  8.476948e-01  2.240253e+00  8.478547e-01  2.047580e+00  6.205126e-01  
   3.4156301  2.238323e+00  9.146668e-01  2.238311e+00  9.148331e-01  2.053869e+00  6.847851e-01  
   3.4366300  2.232195e+00  9.800731e-01  2.232170e+00  9.802449e-01  2.054344e+00  7.490615e-01  
   3.4576299  2.222399e+00  1.043490e+00  2.222362e+00  1.043667e+00  2.049214e+00  8.123555e-01  
   3.4776299  2.210171e+00  1.101782e+00  2.210123e+00  1.101964e+00  2.039498e+00  8.708720e-01  
   3.4986300  2.194808e+00  1.160638e+00  2.194748e+00  1.160825e+00  2.024807e+00  9.296731e-01  
   3.5196300  2.177344e+00  1.217057e+00  2.177276e+00  1.217250e+00  2.006260e+00  9.851089e-01  
   3.5406301  2.158202e+00  1.271104e+00  2.158124e+00  1.271302e+00  1.984722e+00  1.036701e+00  
   3.5616300  2.137705e+00  1.322896e+00  2.137619e+00  1.323101e+00  1.961106e+00  1.084181e+00  
   3.5826299  2.116087e+00  1.372580e+00  2.115994e+00  1.372790e+00  1.936321e+00  1.127499e+00  
   3.6026299  2.094593e+00  1.418063e+00  2.094497e+00  1.418277e+00  1.912405e+00  1.165032e+00  
   3.6236300  2.071162e+00  1.463997e+00  2.071061e+00  1.464216e+00  1.887669e+00  1.200856e+00  
   3.6446300  2.046895e+00  1.508125e+00  2.046790e+00  1.508348e+00  1.863892e+00  1.233476e+00  
   3.6656301  2.021839e+00  1.550461e+00  2.021732e+00  1.550686e+00  1.841483e+00  1.263463e+00  
   3.6866300  1.996062e+00  1.590970e+00  1.995955e+00  1.591195e+00  1.820663e+00  1.291419e+00  
   3.7076299  1.969683e+00  1.629584e+00  1.969577e+00  1.629809e+00  1.801488e+00  1.317930e+00  
   3.7276299  1.944171e+00  1.664528e+00  1.944068e+00  1.664750e+00  1.784669e+00  1.342309e+00  
   3.7486300  1.917233e+00  1.699233e+00  1.917134e+00  1.699451e+00  1.768340e+00  1.367394e+00  
   3.7702301  1.889726e+00  1.732779e+00  1.889633e+00  1.732993e+00  1.752716e+00  1.392947e+00  
   3.7902300  1.864830e+00  1.761933e+00  1.864743e+00  1.762143e+00  1.739072e+00  1.416530e+00  
   3.8112299  1.839745e+00  1.790695e+00  1.839666e+00  1.790901e+00  1.725405e+00  1.441254e+00  
   3.8322301  1.816236e+00  1.817797e+00  1.816167e+00  1.817999e+00  1.712296e+00  1.465891e+00  
   3.8532300  1.794807e+00  1.843596e+00  1.794748e+00  1.843796e+00  1.699740e+00  1.490341e+00  
   3.8742299  1.775918e+00  1.868583e+00  1.775869e+00  1.868784e+00  1.687847e+00  1.514503e+00  
   3.8942299  1.760642e+00  1.892191e+00  1.760603e+00  1.892393e+00  1.677346e+00  1.537191e+00  
   3.9152300  1.747706e+00  1.917485e+00  1.747678e+00  1.917694e+00  1.667482e+00  1.560696e+00  
   3.9362299  1.738062e+00  1.944124e+00  1.738045e+00  1.944342e+00  1.659168e+00  1.584021e+00  
   3.9572301  1.731640e+00  1.973026e+00  1.731631e+00  1.973255e+00  1.652780e+00  1.607458e+00  
   3.9782300  1.728149e+00  2.005143e+00  1.728148e+00  2.005389e+00  1.648646e+00  1.631455e+00  
   3.9992299  1.727072e+00  2.041431e+00  1.727077e+00  2.041695e+00  1.647003e+00  1.656617e+00  
   4.0192299  1.727601e+00  2.080700e+00  1.727610e+00  2.080984e+00  1.647846e+00  1.682344e+00  
   4.0402298  1.728847e+00  2.127646e+00  1.728857e+00  2.127951e+00  1.651176e+00  1.712026e+00  
   4.0612302  1.729632e+00  2.181088e+00  1.729640e+00  2.181416e+00  1.656718e+00  1.745348e+00  
   4.0822301  1.728595e+00  2.241472e+00  1.728597e+00  2.241824e+00  1.663934e+00  1.783250e+00  
   4.1032300  1.724247e+00  2.309000e+00  1.724240e+00  2.309374e+00  1.672030e+00  1.826638e+00  
   4.1242299  1.715031e+00  2.383600e+00  1.715010e+00  2.383994e+00  1.679964e+00  1.876321e+00  
   4.1442299  1.700292e+00  2.460883e+00  1.700255e+00  2.461293e+00  1.686197e+00  1.930083e+00  
   4.1652298  1.677106e+00  2.547939e+00  1.677048e+00  2.548362e+00  1.689929e+00  1.993711e+00  
   4.1868300  1.643577e+00  2.642814e+00  1.643493e+00  2.643245e+00  1.689053e+00  2.066979e+00  
   4.2068300  1.602640e+00  2.734343e+00  1.602528e+00  2.734777e+00  1.682347e+00  2.141721e+00  
   4.2278299  1.548456e+00  2.832862e+00  1.548311e+00  2.833294e+00  1.667485e+00  2.226797e+00  
   4.2488298  1.482081e+00  2.932257e+00  1.481901e+00  2.932680e+00  1.642930e+00  2.317702e+00  
   4.2698302  1.403064e+00  3.030769e+00  1.402846e+00  3.031178e+00  1.607125e+00  2.413092e+00  
   4.2908301  1.311255e+00  3.126544e+00  1.310998e+00  3.126935e+00  1.558770e+00  2.511241e+00  
   4.3108301  1.212056e+00  3.213489e+00  1.211762e+00  3.213858e+00  1.500175e+00  2.605412e+00  
   4.3318300  1.095963e+00  3.298481e+00  1.095631e+00  3.298822e+00  1.424967e+00  2.702811e+00  
   4.3528299  9.683448e-01  3.375198e+00  9.679739e-01  3.375510e+00  1.335703e+00  2.796269e+00  
   4.3738298  8.301715e-01  3.441874e+00  8.297642e-01  3.442153e+00  1.232870e+00  2.883274e+00  
   4.3948302  6.826588e-01  3.496847e+00  6.822180e-01  3.497092e+00  1.117493e+00  2.961391e+00  
   4.4158301  5.272623e-01  3.538607e+00  5.267914e-01  3.538818e+00  9.911214e-01  3.028376e+00  
   4.4358301  3.734488e-01  3.564877e+00  3.729538e-01  3.565057e+00  8.623685e-01  3.080070e+00  
   4.4568300  2.076124e-01  3.577214e+00  2.070968e-01  3.577363e+00  7.206197e-01  3.120193e+00  
   4.4778299  3.931801e-02  3.573093e+00  3.878752e-02  3.573211e+00  5.747086e-01  3.144823e+00  
   4.4988298  -1.292855e-01  3.551959e+00  -1.298249e-01  3.552050e+00  4.273447e-01  3.153486e+00  
   4.5198302  -2.959529e-01  3.513602e+00  -2.964946e-01  3.513667e+00  2.812122e-01  3.146254e+00  
   4.5408301  -4.583755e-01  3.458198e+00  -4.589133e-01  3.458240e+00  1.388509e-01  3.123731e+00  
   4.5608301  -6.070244e-01  3.390119e+00  -6.075526e-01  3.390140e+00  8.846847e-03  3.089037e+00  
   4.5818300  -7.546365e-01  3.303521e+00  -7.551486e-01  3.303523e+00  -1.199584e-01  3.040081e+00  
   4.6034298  -8.952854e-01  3.199781e+00  -8.957754e-01  3.199765e+00  -2.426554e-01  2.978123e+00  
   4.6234298  -1.013709e+00  3.092173e+00  -1.014174e+00  3.092144e+00  -3.464080e-01  2.912041e+00  
   4.6444302  -1.124391e+00  2.969333e+00  -1.124827e+00  2.969291e+00  -4.445237e-01  2.835543e+00  
   4.6654301  -1.220000e+00  2.838809e+00  -1.220404e+00  2.838757e+00  -5.313023e-01  2.753685e+00  
   4.6864300  -1.299894e+00  2.703207e+00  -1.300264e+00  2.703147e+00  -6.068398e-01  2.668318e+00  
   4.7074299  -1.363912e+00  2.565193e+00  -1.364247e+00  2.565126e+00  -6.715134e-01  2.581145e+00  
   4.7274299  -1.410407e+00  2.433885e+00  -1.410711e+00  2.433814e+00  -7.235457e-01  2.497832e+00  
   4.7484298  -1.444754e+00  2.298476e+00  -1.445024e+00  2.298401e+00  -7.688485e-01  2.411299e+00  
   4.7694302  -1.465388e+00  2.167695e+00  -1.465627e+00  2.167618e+00  -8.054103e-01  2.326810e+00  
   4.7904301  -1.473739e+00  2.043333e+00  -1.473949e+00  2.043254e+00  -8.341032e-01  2.245249e+00  
   4.8114300  -1.471437e+00  1.926766e+00  -1.471619e+00  1.926687e+00  -8.558102e-01  2.167297e+00  
   4.8324299  -1.460213e+00  1.818962e+00  -1.460370e+00  1.818882e+00  -8.713932e-01  2.093457e+00  
   4.8524299  -1.442818e+00  1.724953e+00  -1.442953e+00  1.724872e+00  -8.812941e-01  2.027267e+00  
   4.8734298  -1.419111e+00  1.635536e+00  -1.419224e+00  1.635454e+00  -8.872445e-01  1.962300e+00  
   4.8944302  -1.391334e+00  1.555538e+00  -1.391428e+00  1.555453e+00  -8.893444e-01  1.902054e+00  
   4.9154301  -1.360846e+00  1.484617e+00  -1.360921e+00  1.484529e+00  -8.882446e-01  1.846509e+00  
   4.9364300  -1.328803e+00  1.422243e+00  -1.328860e+00  1.422153e+00  -8.845319e-01  1.795558e+00  
   4.9574299  -1.296160e+00  1.367769e+00  -1.296200e+00  1.367674e+00  -8.787284e-01  1.749029e+00  
   4.9774299  -1.265209e+00  1.322578e+00  -1.265234e+00  1.322478e+00  -8.716776e-01  1.708626e+00  
   4.9984298  -1.233415e+00  1.281438e+00  -1.233423e+00  1.281333e+00  -8.630579e-01  1.670062e+00  
