w Re-xx Im-xx Re-yy Im-yy Re-zz Im-zz
# Gaussian absolute broadening  0.15 [eV]
   0.0000000  7.682065e-01  8.828766e-05  7.682099e-01  8.829040e-05  7.249030e-01  7.886812e-05  
   0.0200000  7.683064e-01  9.448970e-05  7.683098e-01  9.449289e-05  7.249920e-01  8.440576e-05  
   0.0410000  7.684252e-01  1.015571e-04  7.684283e-01  1.015608e-04  7.250981e-01  9.071583e-05  
   0.0620000  7.685603e-01  1.092295e-04  7.685637e-01  1.092339e-04  7.252188e-01  9.756580e-05  
   0.0830000  7.687137e-01  1.175408e-04  7.687172e-01  1.175458e-04  7.253559e-01  1.049858e-04  
   0.1040000  7.688880e-01  1.265203e-04  7.688913e-01  1.265260e-04  7.255117e-01  1.130020e-04  
   0.1240000  7.690747e-01  1.357148e-04  7.690781e-01  1.357213e-04  7.256785e-01  1.212096e-04  
   0.1450000  7.692952e-01  1.460588e-04  7.692986e-01  1.460661e-04  7.258753e-01  1.304427e-04  
   0.1660000  7.695428e-01  1.571159e-04  7.695461e-01  1.571241e-04  7.260962e-01  1.403116e-04  
   0.1870000  7.698193e-01  1.688827e-04  7.698226e-01  1.688917e-04  7.263432e-01  1.508128e-04  
   0.2080000  7.701271e-01  1.813445e-04  7.701305e-01  1.813544e-04  7.266183e-01  1.619332e-04  
   0.2290000  7.704678e-01  1.944763e-04  7.704713e-01  1.944870e-04  7.269225e-01  1.736502e-04  
   0.2490000  7.708245e-01  2.075734e-04  7.708280e-01  2.075848e-04  7.272409e-01  1.853348e-04  
   0.2700000  7.712341e-01  2.219036e-04  7.712375e-01  2.219159e-04  7.276064e-01  1.981179e-04  
   0.2910000  7.716804e-01  2.367773e-04  7.716838e-01  2.367902e-04  7.280049e-01  2.113835e-04  
   0.3120000  7.721645e-01  2.521404e-04  7.721681e-01  2.521541e-04  7.284372e-01  2.250836e-04  
   0.3330000  7.726862e-01  2.679382e-04  7.726901e-01  2.679525e-04  7.289032e-01  2.391687e-04  
   0.3540000  7.732469e-01  2.841173e-04  7.732505e-01  2.841321e-04  7.294036e-01  2.535910e-04  
   0.3740000  7.738165e-01  2.998348e-04  7.738202e-01  2.998502e-04  7.299117e-01  2.675990e-04  
   0.3950000  7.744521e-01  3.166198e-04  7.744557e-01  3.166360e-04  7.304792e-01  2.825551e-04  
   0.4160000  7.751259e-01  3.336560e-04  7.751297e-01  3.336727e-04  7.310804e-01  2.977314e-04  
   0.4374300  7.758538e-01  3.512679e-04  7.758574e-01  3.512852e-04  7.317299e-01  3.134164e-04  
   0.4574300  7.765686e-01  3.678887e-04  7.765722e-01  3.679068e-04  7.323676e-01  3.282150e-04  
   0.4784300  7.773564e-01  3.855144e-04  7.773600e-01  3.855335e-04  7.330706e-01  3.439043e-04  
   0.4994300  7.781824e-01  4.033067e-04  7.781861e-01  4.033268e-04  7.338072e-01  3.597370e-04  
   0.5204300  7.790467e-01  4.212582e-04  7.790505e-01  4.212795e-04  7.345780e-01  3.757066e-04  
   0.5414300  7.799492e-01  4.393653e-04  7.799529e-01  4.393879e-04  7.353829e-01  3.918097e-04  
   0.5614300  7.808444e-01  4.567548e-04  7.808484e-01  4.567786e-04  7.361815e-01  4.072693e-04  
   0.5824300  7.818229e-01  4.751674e-04  7.818268e-01  4.751924e-04  7.370537e-01  4.236331e-04  
   0.6034300  7.828398e-01  4.937404e-04  7.828438e-01  4.937669e-04  7.379603e-01  4.401335e-04  
   0.6244300  7.838964e-01  5.124796e-04  7.839004e-01  5.125073e-04  7.389022e-01  4.567753e-04  
   0.6454300  7.849927e-01  5.313900e-04  7.849967e-01  5.314192e-04  7.398790e-01  4.735627e-04  
   0.6664300  7.861289e-01  5.504778e-04  7.861330e-01  5.505082e-04  7.408916e-01  4.905009e-04  
   0.6864300  7.872482e-01  5.688275e-04  7.872524e-01  5.688590e-04  7.418889e-01  5.067774e-04  
   0.7074300  7.884635e-01  5.882812e-04  7.884677e-01  5.883141e-04  7.429715e-01  5.240261e-04  
   0.7284300  7.897194e-01  6.079327e-04  7.897238e-01  6.079667e-04  7.440903e-01  5.414425e-04  
   0.7494300  7.910175e-01  6.277899e-04  7.910218e-01  6.278250e-04  7.452462e-01  5.590334e-04  
   0.7704300  7.923567e-01  6.478598e-04  7.923611e-01  6.478960e-04  7.464390e-01  5.768046e-04  
   0.7914300  7.937390e-01  6.681514e-04  7.937434e-01  6.681885e-04  7.476693e-01  5.947630e-04  
   0.8114300  7.950946e-01  6.876895e-04  7.950990e-01  6.877272e-04  7.488758e-01  6.120469e-04  
   0.8324300  7.965602e-01  7.084368e-04  7.965649e-01  7.084756e-04  7.501804e-01  6.303917e-04  
   0.8540300  7.981141e-01  7.300347e-04  7.981187e-01  7.300745e-04  7.515628e-01  6.494785e-04  
   0.8740300  7.995942e-01  7.502745e-04  7.995989e-01  7.503149e-04  7.528794e-01  6.673560e-04  
   0.8950300  8.011921e-01  7.717856e-04  8.011971e-01  7.718269e-04  7.543007e-01  6.863467e-04  
   0.9160300  8.028355e-01  7.935727e-04  8.028402e-01  7.936151e-04  7.557622e-01  7.055707e-04  
   0.9370300  8.045248e-01  8.156460e-04  8.045297e-01  8.156895e-04  7.572640e-01  7.250363e-04  
   0.9580300  8.062609e-01  8.380169e-04  8.062659e-01  8.380610e-04  7.588070e-01  7.447531e-04  
   0.9780300  8.079584e-01  8.596088e-04  8.079636e-01  8.596540e-04  7.603154e-01  7.637727e-04  
   0.9990300  8.097876e-01  8.825921e-04  8.097928e-01  8.826384e-04  7.619406e-01  7.840062e-04  
   1.0200300  8.116655e-01  9.059059e-04  8.116706e-01  9.059532e-04  7.636083e-01  8.045184e-04  
   1.0410300  8.135928e-01  9.295630e-04  8.135980e-01  9.296112e-04  7.653198e-01  8.253196e-04  
   1.0620300  8.155705e-01  9.535744e-04  8.155759e-01  9.536235e-04  7.670755e-01  8.464194e-04  
   1.0830300  8.175989e-01  9.779537e-04  8.176045e-01  9.780040e-04  7.688757e-01  8.678279e-04  
   1.1030300  8.195786e-01  1.001524e-03  8.195842e-01  1.001575e-03  7.706321e-01  8.885143e-04  
   1.1240300  8.217085e-01  1.026657e-03  8.217142e-01  1.026709e-03  7.725215e-01  9.105563e-04  
   1.1450300  8.238918e-01  1.052196e-03  8.238975e-01  1.052248e-03  7.744575e-01  9.329399e-04  
   1.1660300  8.261288e-01  1.078154e-03  8.261347e-01  1.078208e-03  7.764407e-01  9.556750e-04  
   1.1870300  8.284210e-01  1.104547e-03  8.284268e-01  1.104602e-03  7.784722e-01  9.787751e-04  
   1.2080300  8.307689e-01  1.131389e-03  8.307750e-01  1.131445e-03  7.805524e-01  1.002252e-03  
   1.2280300  8.330573e-01  1.157385e-03  8.330635e-01  1.157442e-03  7.825794e-01  1.024972e-03  
   1.2490300  8.355166e-01  1.185151e-03  8.355230e-01  1.185209e-03  7.847572e-01  1.049222e-03  
   1.2706300  8.381081e-01  1.214232e-03  8.381144e-01  1.214290e-03  7.870508e-01  1.074601e-03  
   1.2906300  8.405635e-01  1.241645e-03  8.405702e-01  1.241704e-03  7.892237e-01  1.098507e-03  
   1.3116300  8.432015e-01  1.270952e-03  8.432080e-01  1.271013e-03  7.915572e-01  1.124045e-03  
   1.3326300  8.459010e-01  1.300814e-03  8.459079e-01  1.300876e-03  7.939444e-01  1.150047e-03  
   1.3536299  8.486642e-01  1.331253e-03  8.486711e-01  1.331316e-03  7.963868e-01  1.176530e-03  
   1.3746300  8.514916e-01  1.362290e-03  8.514988e-01  1.362353e-03  7.988852e-01  1.203511e-03  
   1.3946300  8.542460e-01  1.392424e-03  8.542533e-01  1.392489e-03  8.013180e-01  1.229688e-03  
   1.4156300  8.572037e-01  1.424694e-03  8.572109e-01  1.424760e-03  8.039297e-01  1.257696e-03  
   1.4366300  8.602298e-01  1.457631e-03  8.602375e-01  1.457698e-03  8.066007e-01  1.286259e-03  
   1.4576300  8.633263e-01  1.491260e-03  8.633340e-01  1.491329e-03  8.093324e-01  1.315398e-03  
   1.4786299  8.664943e-01  1.525607e-03  8.665020e-01  1.525678e-03  8.121262e-01  1.345135e-03  
   1.4996300  8.697354e-01  1.560700e-03  8.697433e-01  1.560772e-03  8.149837e-01  1.375489e-03  
   1.5196300  8.728909e-01  1.594839e-03  8.728991e-01  1.594913e-03  8.177640e-01  1.404993e-03  
   1.5406300  8.762790e-01  1.631469e-03  8.762872e-01  1.631545e-03  8.207481e-01  1.436621e-03  
   1.5616300  8.797449e-01  1.668930e-03  8.797534e-01  1.669008e-03  8.237996e-01  1.468938e-03  
   1.5826300  8.832902e-01  1.707255e-03  8.832988e-01  1.707336e-03  8.269192e-01  1.501970e-03  
   1.6036299  8.869168e-01  1.746478e-03  8.869257e-01  1.746561e-03  8.301092e-01  1.535743e-03  
   1.6246300  8.906267e-01  1.786633e-03  8.906360e-01  1.786719e-03  8.333707e-01  1.570287e-03  
   1.6446300  8.942385e-01  1.825778e-03  8.942477e-01  1.825867e-03  8.365446e-01  1.603929e-03  
   1.6656300  8.981163e-01  1.867865e-03  8.981256e-01  1.867957e-03  8.399502e-01  1.640066e-03  
   1.6872300  9.021986e-01  1.912251e-03  9.022080e-01  1.912345e-03  8.435335e-01  1.678139e-03  
   1.7072300  9.060647e-01  1.954382e-03  9.060745e-01  1.954479e-03  8.469253e-01  1.714241e-03  
   1.7282300  9.102152e-01  1.999732e-03  9.102255e-01  1.999833e-03  8.505651e-01  1.753067e-03  
   1.7492300  9.144625e-01  2.046272e-03  9.144729e-01  2.046376e-03  8.542872e-01  1.792872e-03  
   1.7702301  9.188088e-01  2.094055e-03  9.188193e-01  2.094163e-03  8.580941e-01  1.833701e-03  
   1.7912300  9.232566e-01  2.143136e-03  9.232674e-01  2.143247e-03  8.619878e-01  1.875600e-03  
   1.8112299  9.275900e-01  2.191143e-03  9.276012e-01  2.191257e-03  8.657790e-01  1.916544e-03  
   1.8322300  9.322448e-01  2.242934e-03  9.322563e-01  2.243053e-03  8.698492e-01  1.960676e-03  
   1.8532300  9.370102e-01  2.296210e-03  9.370217e-01  2.296332e-03  8.740134e-01  2.006035e-03  
   1.8742300  9.418895e-01  2.351042e-03  9.419016e-01  2.351170e-03  8.782741e-01  2.052679e-03  
   1.8952301  9.468861e-01  2.407508e-03  9.468980e-01  2.407640e-03  8.826346e-01  2.100675e-03  
   1.9162300  9.520028e-01  2.465687e-03  9.520154e-01  2.465825e-03  8.870969e-01  2.150089e-03  
   1.9362299  9.569908e-01  2.522771e-03  9.570037e-01  2.522915e-03  8.914437e-01  2.198540e-03  
   1.9572300  9.623529e-01  2.584563e-03  9.623659e-01  2.584714e-03  8.961135e-01  2.250948e-03  
   1.9782300  9.678470e-01  2.648354e-03  9.678603e-01  2.648512e-03  9.008947e-01  2.305021e-03  
   1.9992300  9.734754e-01  2.714263e-03  9.734893e-01  2.714427e-03  9.057897e-01  2.360853e-03  
   2.0202301  9.792449e-01  2.782414e-03  9.792593e-01  2.782588e-03  9.108030e-01  2.418557e-03  
   2.0412300  9.851582e-01  2.852949e-03  9.851731e-01  2.853130e-03  9.159373e-01  2.478251e-03  
   2.0612299  9.909282e-01  2.922481e-03  9.909434e-01  2.922671e-03  9.209432e-01  2.537077e-03  
   2.0822301  9.971373e-01  2.998130e-03  9.971527e-01  2.998329e-03  9.263257e-01  2.601062e-03  
   2.1038301  1.003691e+00  3.078962e-03  1.003707e+00  3.079171e-03  9.320017e-01  2.669422e-03  
   2.1238301  1.009914e+00  3.156731e-03  1.009930e+00  3.156950e-03  9.373868e-01  2.735196e-03  
   2.1448300  1.016616e+00  3.241647e-03  1.016632e+00  3.241876e-03  9.431809e-01  2.807025e-03  
   2.1658299  1.023494e+00  3.330151e-03  1.023511e+00  3.330392e-03  9.491225e-01  2.881915e-03  
   2.1868300  1.030558e+00  3.422533e-03  1.030575e+00  3.422787e-03  9.552174e-01  2.960125e-03  
   2.2078300  1.037812e+00  3.519105e-03  1.037829e+00  3.519370e-03  9.614709e-01  3.041934e-03  
   2.2278299  1.044905e+00  3.615290e-03  1.044924e+00  3.615570e-03  9.675801e-01  3.123477e-03  
   2.2488301  1.052555e+00  3.721072e-03  1.052574e+00  3.721365e-03  9.741615e-01  3.213233e-03  
   2.2698300  1.060419e+00  3.832163e-03  1.060439e+00  3.832471e-03  9.809199e-01  3.307587e-03  
   2.2908299  1.068507e+00  3.949019e-03  1.068527e+00  3.949341e-03  9.878631e-01  3.406940e-03  
   2.3118300  1.076829e+00  4.072130e-03  1.076850e+00  4.072471e-03  9.949976e-01  3.511733e-03  
   2.3328300  1.085394e+00  4.202033e-03  1.085415e+00  4.202391e-03  1.002332e+00  3.622439e-03  
   2.3528299  1.093786e+00  4.332598e-03  1.093808e+00  4.332972e-03  1.009509e+00  3.733847e-03  
   2.3738301  1.102856e+00  4.477491e-03  1.102879e+00  4.477885e-03  1.017257e+00  3.857647e-03  
   2.3948300  1.112203e+00  4.631051e-03  1.112226e+00  4.631466e-03  1.025229e+00  3.989047e-03  
   2.4158299  1.121839e+00  4.794032e-03  1.121863e+00  4.794469e-03  1.033437e+00  4.128736e-03  
   2.4368300  1.131778e+00  4.967261e-03  1.131803e+00  4.967724e-03  1.041890e+00  4.277480e-03  
   2.4578300  1.142036e+00  5.151650e-03  1.142062e+00  5.152140e-03  1.050600e+00  4.436113e-03  
   2.4778299  1.152116e+00  5.338561e-03  1.152143e+00  5.339076e-03  1.059146e+00  4.597255e-03  
   2.4988301  1.163043e+00  5.547775e-03  1.163071e+00  5.548323e-03  1.068395e+00  4.778028e-03  
   2.5204301  1.174671e+00  5.778153e-03  1.174700e+00  5.778737e-03  1.078217e+00  4.977571e-03  
   2.5404301  1.185808e+00  6.006579e-03  1.185838e+00  6.007200e-03  1.087606e+00  5.175892e-03  
   2.5614300  1.197907e+00  6.263746e-03  1.197937e+00  6.264410e-03  1.097787e+00  5.399663e-03  
   2.5824299  1.210446e+00  6.540667e-03  1.210477e+00  6.541376e-03  1.108314e+00  5.641093e-03  
   2.6034300  1.223455e+00  6.839819e-03  1.223488e+00  6.840584e-03  1.119211e+00  5.902273e-03  
   2.6244299  1.236964e+00  7.164238e-03  1.236998e+00  7.165059e-03  1.130497e+00  6.185659e-03  
   2.6444299  1.250326e+00  7.500196e-03  1.250362e+00  7.501078e-03  1.141631e+00  6.478910e-03  
   2.6654301  1.264917e+00  7.885977e-03  1.264954e+00  7.886935e-03  1.153753e+00  6.814822e-03  
   2.6864300  1.280122e+00  8.311810e-03  1.280161e+00  8.312848e-03  1.166345e+00  7.183800e-03  
   2.7074299  1.295993e+00  8.786075e-03  1.296033e+00  8.787209e-03  1.179441e+00  7.591483e-03  
   2.7284300  1.312584e+00  9.320023e-03  1.312626e+00  9.321258e-03  1.193079e+00  8.045029e-03  
   2.7494299  1.329957e+00  9.928820e-03  1.330001e+00  9.930190e-03  1.207298e+00  8.553664e-03  
   2.7694299  1.347296e+00  1.059708e-02  1.347342e+00  1.059860e-02  1.221424e+00  9.100208e-03  
   2.7904301  1.366409e+00  1.141843e-02  1.366458e+00  1.142015e-02  1.236919e+00  9.754172e-03  
   2.8114300  1.386541e+00  1.239948e-02  1.386592e+00  1.240145e-02  1.253148e+00  1.050989e-02  
   2.8324299  1.407792e+00  1.359088e-02  1.407845e+00  1.359318e-02  1.270176e+00  1.139332e-02  
   2.8534300  1.430271e+00  1.506024e-02  1.430328e+00  1.506296e-02  1.288075e+00  1.243805e-02  
   2.8744299  1.454097e+00  1.689659e-02  1.454156e+00  1.689989e-02  1.306920e+00  1.368727e-02  
   2.8944299  1.478156e+00  1.909227e-02  1.478218e+00  1.909627e-02  1.325826e+00  1.511760e-02  
   2.9154301  1.504976e+00  2.200806e-02  1.505042e+00  2.201303e-02  1.346772e+00  1.693917e-02  
   2.9370301  1.534360e+00  2.585039e-02  1.534430e+00  2.585669e-02  1.369586e+00  1.924571e-02  
   2.9570301  1.563299e+00  3.038222e-02  1.563374e+00  3.039011e-02  1.391952e+00  2.187555e-02  
   2.9780300  1.595572e+00  3.641198e-02  1.595652e+00  3.642201e-02  1.416816e+00  2.527956e-02  
   2.9990301  1.629840e+00  4.405776e-02  1.629924e+00  4.407050e-02  1.443192e+00  2.950469e-02  
   3.0200300  1.666117e+00  5.368331e-02  1.666207e+00  5.369942e-02  1.471165e+00  3.474990e-02  
   3.0410299  1.704361e+00  6.569321e-02  1.704456e+00  6.571343e-02  1.500803e+00  4.125160e-02  
   3.0610299  1.742502e+00  7.974581e-02  1.742601e+00  7.977072e-02  1.530619e+00  4.886389e-02  
   3.0820301  1.784152e+00  9.767911e-02  1.784256e+00  9.770980e-02  1.563597e+00  5.865024e-02  
   3.1030300  1.827136e+00  1.193068e-01  1.827245e+00  1.193442e-01  1.598240e+00  7.061902e-02  
   3.1240301  1.871046e+00  1.450479e-01  1.871158e+00  1.450928e-01  1.634443e+00  8.515219e-02  
   3.1450300  1.915354e+00  1.752643e-01  1.915470e+00  1.753176e-01  1.672015e+00  1.026512e-01  
   3.1660299  1.959448e+00  2.102343e-01  1.959565e+00  2.102965e-01  1.710683e+00  1.235237e-01  
   3.1860299  2.000606e+00  2.481114e-01  2.000723e+00  2.481827e-01  1.748188e+00  1.468980e-01  
   3.2070301  2.042222e+00  2.927151e-01  2.042339e+00  2.927961e-01  1.787829e+00  1.754533e-01  
   3.2280300  2.081446e+00  3.421521e-01  2.081560e+00  3.422429e-01  1.827177e+00  2.084040e-01  
   3.2490301  2.117522e+00  3.961455e-01  2.117633e+00  3.962458e-01  1.865580e+00  2.459494e-01  
   3.2700300  2.149757e+00  4.542581e-01  2.149862e+00  4.543673e-01  1.902313e+00  2.881660e-01  
   3.2910299  2.177555e+00  5.159099e-01  2.177652e+00  5.160269e-01  1.936614e+00  3.349864e-01  
   3.3110299  2.199479e+00  5.772786e-01  2.199569e+00  5.774028e-01  1.966315e+00  3.836488e-01  
   3.3320301  2.217431e+00  6.437526e-01  2.217509e+00  6.438826e-01  1.993671e+00  4.386374e-01  
   3.3536301  2.230343e+00  7.134528e-01  2.230409e+00  7.135875e-01  2.017032e+00  4.987704e-01  
   3.3736300  2.237322e+00  7.784250e-01  2.237377e+00  7.785633e-01  2.033824e+00  5.570062e-01  
   3.3946300  2.239710e+00  8.463532e-01  2.239751e+00  8.464941e-01  2.046068e+00  6.199778e-01  
   3.4156301  2.237392e+00  9.133160e-01  2.237420e+00  9.134586e-01  2.052584e+00  6.838945e-01  
   3.4366300  2.230841e+00  9.787536e-01  2.230855e+00  9.788964e-01  2.053367e+00  7.477720e-01  
   3.4576299  2.220601e+00  1.042246e+00  2.220602e+00  1.042389e+00  2.048625e+00  8.106331e-01  
   3.4776299  2.207944e+00  1.100653e+00  2.207931e+00  1.100796e+00  2.039348e+00  8.687174e-01  
   3.4986300  2.192137e+00  1.159680e+00  2.192110e+00  1.159824e+00  2.025176e+00  9.270582e-01  
   3.5196300  2.174253e+00  1.216326e+00  2.174212e+00  1.216470e+00  2.007196e+00  9.820444e-01  
   3.5406301  2.154725e+00  1.270658e+00  2.154671e+00  1.270803e+00  1.986252e+00  1.033217e+00  
   3.5616300  2.133891e+00  1.322796e+00  2.133823e+00  1.322943e+00  1.963234e+00  1.080323e+00  
   3.5826299  2.111994e+00  1.372886e+00  2.111914e+00  1.373036e+00  1.939030e+00  1.123332e+00  
   3.6026299  2.090297e+00  1.418813e+00  2.090207e+00  1.418964e+00  1.915628e+00  1.160639e+00  
   3.6236300  2.066718e+00  1.465266e+00  2.066616e+00  1.465420e+00  1.891371e+00  1.196309e+00  
   3.6446300  2.042372e+00  1.509961e+00  2.042260e+00  1.510116e+00  1.867993e+00  1.228865e+00  
   3.6656301  2.017297e+00  1.552896e+00  2.017175e+00  1.553054e+00  1.845888e+00  1.258876e+00  
   3.6866300  1.991553e+00  1.594022e+00  1.991424e+00  1.594180e+00  1.825272e+00  1.286941e+00  
   3.7076299  1.965245e+00  1.633250e+00  1.965112e+00  1.633410e+00  1.806193e+00  1.313635e+00  
   3.7276299  1.939821e+00  1.668756e+00  1.939685e+00  1.668916e+00  1.789368e+00  1.338247e+00  
   3.7486300  1.912978e+00  1.704005e+00  1.912842e+00  1.704165e+00  1.772939e+00  1.363624e+00  
   3.7702301  1.885554e+00  1.738036e+00  1.885418e+00  1.738196e+00  1.757119e+00  1.389508e+00  
   3.7902300  1.860703e+00  1.767551e+00  1.860571e+00  1.767710e+00  1.743224e+00  1.413413e+00  
   3.8112299  1.835619e+00  1.796581e+00  1.835493e+00  1.796742e+00  1.729238e+00  1.438473e+00  
   3.8322301  1.812056e+00  1.823824e+00  1.811938e+00  1.823985e+00  1.715769e+00  1.463432e+00  
   3.8532300  1.790511e+00  1.849623e+00  1.790401e+00  1.849787e+00  1.702831e+00  1.488175e+00  
   3.8742299  1.771448e+00  1.874466e+00  1.771348e+00  1.874633e+00  1.690553e+00  1.512593e+00  
   3.8942299  1.755962e+00  1.897799e+00  1.755871e+00  1.897973e+00  1.679691e+00  1.535482e+00  
   3.9152300  1.742773e+00  1.922668e+00  1.742692e+00  1.922851e+00  1.669471e+00  1.559154e+00  
   3.9362299  1.732862e+00  1.948753e+00  1.732793e+00  1.948947e+00  1.660834e+00  1.582598e+00  
   3.9572301  1.726183e+00  1.976984e+00  1.726124e+00  1.977191e+00  1.654159e+00  1.606113e+00  
   3.9782300  1.722473e+00  2.008337e+00  1.722422e+00  2.008559e+00  1.649779e+00  1.630154e+00  
   3.9992299  1.721236e+00  2.043789e+00  1.721193e+00  2.044029e+00  1.647931e+00  1.655337e+00  
   4.0192299  1.721690e+00  2.082216e+00  1.721652e+00  2.082474e+00  1.648611e+00  1.681075e+00  
   4.0402298  1.722953e+00  2.128253e+00  1.722918e+00  2.128532e+00  1.651799e+00  1.710773e+00  
   4.0612302  1.723865e+00  2.180789e+00  1.723831e+00  2.181087e+00  1.657222e+00  1.744130e+00  
   4.0822301  1.723071e+00  2.240291e+00  1.723034e+00  2.240609e+00  1.664329e+00  1.782100e+00  
   4.1032300  1.719080e+00  2.306983e+00  1.719038e+00  2.307320e+00  1.672321e+00  1.825601e+00  
   4.1242299  1.710329e+00  2.380809e+00  1.710278e+00  2.381163e+00  1.680145e+00  1.875450e+00  
   4.1442299  1.696123e+00  2.457428e+00  1.696060e+00  2.457795e+00  1.686263e+00  1.929424e+00  
   4.1652298  1.673578e+00  2.543873e+00  1.673499e+00  2.544252e+00  1.689858e+00  1.993330e+00  
   4.1868300  1.640778e+00  2.638220e+00  1.640680e+00  2.638606e+00  1.688825e+00  2.066938e+00  
   4.2068300  1.600563e+00  2.729353e+00  1.600444e+00  2.729741e+00  1.681956e+00  2.142032e+00  
   4.2278299  1.547173e+00  2.827556e+00  1.547030e+00  2.827944e+00  1.666914e+00  2.227505e+00  
   4.2488298  1.481615e+00  2.926737e+00  1.481444e+00  2.927116e+00  1.642174e+00  2.318813e+00  
   4.2698302  1.403425e+00  3.025132e+00  1.403224e+00  3.025501e+00  1.606189e+00  2.414599e+00  
   4.2908301  1.312445e+00  3.120887e+00  1.312214e+00  3.121240e+00  1.557670e+00  2.513112e+00  
   4.3108301  1.214030e+00  3.207897e+00  1.213768e+00  3.208232e+00  1.498945e+00  2.607589e+00  
   4.3318300  1.098745e+00  3.293043e+00  1.098451e+00  3.293355e+00  1.423639e+00  2.705246e+00  
   4.3528299  9.719096e-01  3.370001e+00  9.715850e-01  3.370289e+00  1.334325e+00  2.798894e+00  
   4.3738298  8.344865e-01  3.436996e+00  8.341318e-01  3.437258e+00  1.231500e+00  2.886018e+00  
   4.3948302  6.876779e-01  3.492367e+00  6.872953e-01  3.492601e+00  1.116195e+00  2.964180e+00  
   4.4158301  5.329259e-01  3.534591e+00  5.325181e-01  3.534799e+00  9.899615e-01  3.031149e+00  
   4.4358301  3.796571e-01  3.561361e+00  3.792290e-01  3.561542e+00  8.614020e-01  3.082779e+00  
   4.4568300  2.143048e-01  3.574271e+00  2.138596e-01  3.574426e+00  7.199178e-01  3.122806e+00  
   4.4778299  4.638959e-02  3.570759e+00  4.593270e-02  3.570889e+00  5.743269e-01  3.147322e+00  
   4.4988298  -1.219521e-01  3.550251e+00  -1.224151e-01  3.550359e+00  4.273314e-01  3.155872e+00  
   4.5198302  -2.884834e-01  3.512518e+00  -2.889465e-01  3.512604e+00  2.816034e-01  3.148548e+00  
   4.5408301  -4.508996e-01  3.457715e+00  -4.513570e-01  3.457781e+00  1.396707e-01  3.125960e+00  
   4.5608301  -5.996603e-01  3.390163e+00  -6.001068e-01  3.390212e+00  1.008374e-02  3.091235e+00  
   4.5818300  -7.475057e-01  3.304053e+00  -7.479357e-01  3.304085e+00  -1.182874e-01  3.042284e+00  
   4.6034298  -8.885024e-01  3.200722e+00  -8.889108e-01  3.200742e+00  -2.405563e-01  2.980365e+00  
   4.6234298  -1.007327e+00  3.093396e+00  -1.007712e+00  3.093404e+00  -3.439410e-01  2.914341e+00  
   4.6444302  -1.118490e+00  2.970741e+00  -1.118849e+00  2.970740e+00  -4.417105e-01  2.837920e+00  
   4.6654301  -1.214614e+00  2.840282e+00  -1.214944e+00  2.840275e+00  -5.281920e-01  2.756140e+00  
   4.6864300  -1.295032e+00  2.704628e+00  -1.295335e+00  2.704616e+00  -6.034877e-01  2.670843e+00  
   4.7074299  -1.359560e+00  2.566452e+00  -1.359837e+00  2.566436e+00  -6.679761e-01  2.583725e+00  
   4.7274299  -1.406509e+00  2.434898e+00  -1.406762e+00  2.434881e+00  -7.198849e-01  2.500442e+00  
   4.7484298  -1.441280e+00  2.299152e+00  -1.441511e+00  2.299135e+00  -7.651098e-01  2.413915e+00  
   4.7694302  -1.462277e+00  2.167974e+00  -1.462488e+00  2.167955e+00  -8.016406e-01  2.329406e+00  
   4.7904301  -1.470920e+00  2.043172e+00  -1.471113e+00  2.043153e+00  -8.303414e-01  2.247802e+00  
   4.8114300  -1.468835e+00  1.926148e+00  -1.469014e+00  1.926127e+00  -8.520856e-01  2.169792e+00  
   4.8324299  -1.457757e+00  1.817886e+00  -1.457922e+00  1.817861e+00  -8.677256e-01  2.095881e+00  
   4.8524299  -1.440438e+00  1.723455e+00  -1.440591e+00  1.723426e+00  -8.776904e-01  2.029621e+00  
   4.8734298  -1.416747e+00  1.633625e+00  -1.416890e+00  1.633589e+00  -8.837096e-01  1.964585e+00  
   4.8944302  -1.388932e+00  1.553254e+00  -1.389064e+00  1.553209e+00  -8.858721e-01  1.904280e+00  
   4.9154301  -1.358355e+00  1.482006e+00  -1.358476e+00  1.481951e+00  -8.848225e-01  1.848691e+00  
   4.9364300  -1.326182e+00  1.419359e+00  -1.326292e+00  1.419290e+00  -8.811438e-01  1.797717e+00  
   4.9574299  -1.293372e+00  1.364663e+00  -1.293471e+00  1.364580e+00  -8.753541e-01  1.751189e+00  
   4.9774299  -1.262235e+00  1.319309e+00  -1.262321e+00  1.319211e+00  -8.682965e-01  1.710810e+00  
   4.9984298  -1.230221e+00  1.278046e+00  -1.230294e+00  1.277932e+00  -8.596478e-01  1.672297e+00  
