w Re-xx Im-xx Re-yy Im-yy Re-zz Im-zz
# Gaussian absolute broadening  0.15 [eV]
   0.0000000  7.681950e-01  8.830958e-05  7.681929e-01  8.830958e-05  7.241300e-01  7.875356e-05  
   0.0200000  7.682949e-01  9.451394e-05  7.682927e-01  9.451394e-05  7.242191e-01  8.428651e-05  
   0.0410000  7.684138e-01  1.015840e-04  7.684115e-01  1.015840e-04  7.243250e-01  9.059125e-05  
   0.0620000  7.685488e-01  1.092593e-04  7.685466e-01  1.092593e-04  7.244454e-01  9.743540e-05  
   0.0830000  7.687026e-01  1.175737e-04  7.687004e-01  1.175737e-04  7.245825e-01  1.048490e-04  
   0.1040000  7.688767e-01  1.265567e-04  7.688746e-01  1.265567e-04  7.247380e-01  1.128582e-04  
   0.1240000  7.690634e-01  1.357547e-04  7.690612e-01  1.357547e-04  7.249045e-01  1.210585e-04  
   0.1450000  7.692842e-01  1.461026e-04  7.692819e-01  1.461026e-04  7.251013e-01  1.302833e-04  
   0.1660000  7.695314e-01  1.571639e-04  7.695294e-01  1.571639e-04  7.253221e-01  1.401432e-04  
   0.1870000  7.698084e-01  1.689350e-04  7.698063e-01  1.689350e-04  7.255687e-01  1.506347e-04  
   0.2080000  7.701162e-01  1.814013e-04  7.701141e-01  1.814013e-04  7.258435e-01  1.617448e-04  
   0.2290000  7.704571e-01  1.945377e-04  7.704550e-01  1.945377e-04  7.261472e-01  1.734506e-04  
   0.2490000  7.708138e-01  2.076393e-04  7.708118e-01  2.076393e-04  7.264656e-01  1.851238e-04  
   0.2700000  7.712235e-01  2.219742e-04  7.712214e-01  2.219743e-04  7.268305e-01  1.978942e-04  
   0.2910000  7.716699e-01  2.368525e-04  7.716678e-01  2.368525e-04  7.272288e-01  2.111465e-04  
   0.3120000  7.721541e-01  2.522203e-04  7.721521e-01  2.522203e-04  7.276602e-01  2.248327e-04  
   0.3330000  7.726763e-01  2.680227e-04  7.726742e-01  2.680228e-04  7.281259e-01  2.389031e-04  
   0.3540000  7.732369e-01  2.842061e-04  7.732348e-01  2.842062e-04  7.286255e-01  2.533103e-04  
   0.3740000  7.738068e-01  2.999278e-04  7.738047e-01  2.999280e-04  7.291334e-01  2.673034e-04  
   0.3950000  7.744423e-01  3.167169e-04  7.744403e-01  3.167174e-04  7.297002e-01  2.822435e-04  
   0.4160000  7.751164e-01  3.337572e-04  7.751144e-01  3.337578e-04  7.303005e-01  2.974034e-04  
   0.4374300  7.758445e-01  3.513733e-04  7.758425e-01  3.513742e-04  7.309493e-01  3.130714e-04  
   0.4574300  7.765593e-01  3.679978e-04  7.765575e-01  3.679990e-04  7.315864e-01  3.278539e-04  
   0.4784300  7.773475e-01  3.856278e-04  7.773454e-01  3.856294e-04  7.322887e-01  3.435260e-04  
   0.4994300  7.781736e-01  4.034243e-04  7.781718e-01  4.034264e-04  7.330244e-01  3.593414e-04  
   0.5204300  7.790381e-01  4.213802e-04  7.790363e-01  4.213829e-04  7.337944e-01  3.752935e-04  
   0.5414300  7.799409e-01  4.394920e-04  7.799392e-01  4.394954e-04  7.345984e-01  3.913788e-04  
   0.5614300  7.808365e-01  4.568859e-04  7.808347e-01  4.568902e-04  7.353962e-01  4.068215e-04  
   0.5824300  7.818152e-01  4.753034e-04  7.818134e-01  4.753088e-04  7.362671e-01  4.231675e-04  
   0.6034300  7.828323e-01  4.938818e-04  7.828308e-01  4.938883e-04  7.371730e-01  4.396499e-04  
   0.6244300  7.838894e-01  5.126263e-04  7.838877e-01  5.126342e-04  7.381137e-01  4.562733e-04  
   0.6454300  7.849857e-01  5.315426e-04  7.849841e-01  5.315517e-04  7.390897e-01  4.730419e-04  
   0.6664300  7.861223e-01  5.506365e-04  7.861208e-01  5.506471e-04  7.401010e-01  4.899613e-04  
   0.6864300  7.872422e-01  5.689920e-04  7.872407e-01  5.690042e-04  7.410971e-01  5.062198e-04  
   0.7074300  7.884577e-01  5.884522e-04  7.884561e-01  5.884661e-04  7.421787e-01  5.234492e-04  
   0.7284300  7.897139e-01  6.081105e-04  7.897125e-01  6.081260e-04  7.432962e-01  5.408460e-04  
   0.7494300  7.910124e-01  6.279746e-04  7.910110e-01  6.279917e-04  7.444507e-01  5.584172e-04  
   0.7704300  7.923521e-01  6.480518e-04  7.923508e-01  6.480705e-04  7.456421e-01  5.761684e-04  
   0.7914300  7.937347e-01  6.683505e-04  7.937334e-01  6.683707e-04  7.468713e-01  5.941070e-04  
   0.8114300  7.950906e-01  6.878955e-04  7.950894e-01  6.879171e-04  7.480764e-01  6.113714e-04  
   0.8324300  7.965568e-01  7.086503e-04  7.965557e-01  7.086736e-04  7.493796e-01  6.296957e-04  
   0.8540300  7.981110e-01  7.302561e-04  7.981099e-01  7.302808e-04  7.507606e-01  6.487615e-04  
   0.8740300  7.995916e-01  7.505033e-04  7.995905e-01  7.505289e-04  7.520756e-01  6.666192e-04  
   0.8950300  8.011901e-01  7.720225e-04  8.011891e-01  7.720492e-04  7.534953e-01  6.855893e-04  
   0.9160300  8.028339e-01  7.938177e-04  8.028330e-01  7.938453e-04  7.549548e-01  7.047923e-04  
   0.9370300  8.045237e-01  8.158995e-04  8.045230e-01  8.159281e-04  7.564551e-01  7.242371e-04  
   0.9580300  8.062604e-01  8.382783e-04  8.062596e-01  8.383075e-04  7.579965e-01  7.439327e-04  
   0.9780300  8.079585e-01  8.598786e-04  8.079578e-01  8.599088e-04  7.595033e-01  7.629321e-04  
   0.9990300  8.097880e-01  8.828701e-04  8.097875e-01  8.829014e-04  7.611265e-01  7.831441e-04  
   1.0200300  8.116666e-01  9.061932e-04  8.116660e-01  9.062248e-04  7.627926e-01  8.036348e-04  
   1.0410300  8.135943e-01  9.298587e-04  8.135939e-01  9.298914e-04  7.645022e-01  8.244136e-04  
   1.0620300  8.155727e-01  9.538793e-04  8.155724e-01  9.539129e-04  7.662559e-01  8.454913e-04  
   1.0830300  8.176018e-01  9.782671e-04  8.176015e-01  9.783013e-04  7.680541e-01  8.668767e-04  
   1.1030300  8.195821e-01  1.001847e-03  8.195820e-01  1.001882e-03  7.698086e-01  8.875408e-04  
   1.1240300  8.217128e-01  1.026989e-03  8.217126e-01  1.027025e-03  7.716960e-01  9.095594e-04  
   1.1450300  8.238965e-01  1.052537e-03  8.238965e-01  1.052575e-03  7.736299e-01  9.319185e-04  
   1.1660300  8.261344e-01  1.078506e-03  8.261343e-01  1.078544e-03  7.756110e-01  9.546292e-04  
   1.1870300  8.284273e-01  1.104908e-03  8.284274e-01  1.104948e-03  7.776402e-01  9.777037e-04  
   1.2080300  8.307759e-01  1.131761e-03  8.307762e-01  1.131803e-03  7.797184e-01  1.001155e-03  
   1.2280300  8.330651e-01  1.157768e-03  8.330655e-01  1.157811e-03  7.817429e-01  1.023850e-03  
   1.2490300  8.355253e-01  1.185545e-03  8.355259e-01  1.185589e-03  7.839181e-01  1.048073e-03  
   1.2706300  8.381174e-01  1.214638e-03  8.381181e-01  1.214683e-03  7.862094e-01  1.073424e-03  
   1.2906300  8.405738e-01  1.242062e-03  8.405746e-01  1.242109e-03  7.883796e-01  1.097303e-03  
   1.3116300  8.432125e-01  1.271383e-03  8.432136e-01  1.271431e-03  7.907107e-01  1.122814e-03  
   1.3326300  8.459131e-01  1.301259e-03  8.459142e-01  1.301308e-03  7.930954e-01  1.148788e-03  
   1.3536299  8.486770e-01  1.331712e-03  8.486782e-01  1.331761e-03  7.955349e-01  1.175241e-03  
   1.3746300  8.515056e-01  1.362762e-03  8.515068e-01  1.362813e-03  7.980306e-01  1.202193e-03  
   1.3946300  8.542612e-01  1.392912e-03  8.542624e-01  1.392963e-03  8.004609e-01  1.228341e-03  
   1.4156300  8.572196e-01  1.425198e-03  8.572211e-01  1.425250e-03  8.030694e-01  1.256319e-03  
   1.4366300  8.602467e-01  1.458151e-03  8.602486e-01  1.458204e-03  8.057377e-01  1.284852e-03  
   1.4576300  8.633443e-01  1.491796e-03  8.633461e-01  1.491851e-03  8.084665e-01  1.313959e-03  
   1.4786299  8.665136e-01  1.526161e-03  8.665156e-01  1.526217e-03  8.112571e-01  1.343662e-03  
   1.4996300  8.697558e-01  1.561270e-03  8.697578e-01  1.561329e-03  8.141112e-01  1.373983e-03  
   1.5196300  8.729126e-01  1.595427e-03  8.729150e-01  1.595487e-03  8.168886e-01  1.403454e-03  
   1.5406300  8.763014e-01  1.632075e-03  8.763040e-01  1.632139e-03  8.198696e-01  1.435047e-03  
   1.5616300  8.797691e-01  1.669555e-03  8.797715e-01  1.669621e-03  8.229175e-01  1.467328e-03  
   1.5826300  8.833157e-01  1.707899e-03  8.833183e-01  1.707969e-03  8.260338e-01  1.500322e-03  
   1.6036299  8.869436e-01  1.747141e-03  8.869465e-01  1.747216e-03  8.292201e-01  1.534057e-03  
   1.6246300  8.906550e-01  1.787317e-03  8.906581e-01  1.787396e-03  8.324782e-01  1.568562e-03  
   1.6446300  8.942682e-01  1.826482e-03  8.942715e-01  1.826566e-03  8.356487e-01  1.602166e-03  
   1.6656300  8.981472e-01  1.868590e-03  8.981506e-01  1.868680e-03  8.390504e-01  1.638260e-03  
   1.6872300  9.022307e-01  1.912999e-03  9.022347e-01  1.913095e-03  8.426297e-01  1.676289e-03  
   1.7072300  9.060985e-01  1.955152e-03  9.061025e-01  1.955253e-03  8.460177e-01  1.712349e-03  
   1.7282300  9.102511e-01  2.000527e-03  9.102551e-01  2.000635e-03  8.496537e-01  1.751128e-03  
   1.7492300  9.144999e-01  2.047094e-03  9.145045e-01  2.047208e-03  8.533717e-01  1.790885e-03  
   1.7702301  9.188478e-01  2.094903e-03  9.188524e-01  2.095025e-03  8.571744e-01  1.831663e-03  
   1.7912300  9.232979e-01  2.144015e-03  9.233028e-01  2.144143e-03  8.610638e-01  1.873507e-03  
   1.8112299  9.276330e-01  2.192053e-03  9.276380e-01  2.192185e-03  8.648509e-01  1.914397e-03  
   1.8322300  9.322897e-01  2.243878e-03  9.322953e-01  2.244018e-03  8.689165e-01  1.958468e-03  
   1.8532300  9.370571e-01  2.297193e-03  9.370629e-01  2.297337e-03  8.730760e-01  2.003760e-03  
   1.8742300  9.419387e-01  2.352068e-03  9.419444e-01  2.352217e-03  8.773321e-01  2.050333e-03  
   1.8952301  9.469371e-01  2.408579e-03  9.469432e-01  2.408735e-03  8.816878e-01  2.098248e-03  
   1.9162300  9.520566e-01  2.466812e-03  9.520630e-01  2.466971e-03  8.861451e-01  2.147574e-03  
   1.9362299  9.570466e-01  2.523951e-03  9.570530e-01  2.524115e-03  8.904870e-01  2.195930e-03  
   1.9572300  9.624112e-01  2.585807e-03  9.624178e-01  2.585976e-03  8.951518e-01  2.248230e-03  
   1.9782300  9.679075e-01  2.649671e-03  9.679149e-01  2.649844e-03  8.999276e-01  2.302181e-03  
   1.9992300  9.735389e-01  2.715660e-03  9.735466e-01  2.715838e-03  9.048172e-01  2.357875e-03  
   2.0202301  9.793114e-01  2.783902e-03  9.793195e-01  2.784085e-03  9.098246e-01  2.415423e-03  
   2.0412300  9.852273e-01  2.854537e-03  9.852355e-01  2.854726e-03  9.149533e-01  2.474940e-03  
   2.0612299  9.910002e-01  2.924175e-03  9.910087e-01  2.924370e-03  9.199538e-01  2.533576e-03  
   2.0822301  9.972122e-01  2.999949e-03  9.972212e-01  3.000150e-03  9.253300e-01  2.597337e-03  
   2.1038301  1.003769e+00  3.080920e-03  1.003778e+00  3.081129e-03  9.309997e-01  2.665433e-03  
   2.1238301  1.009995e+00  3.158834e-03  1.010005e+00  3.159051e-03  9.363789e-01  2.730930e-03  
   2.1448300  1.016700e+00  3.243915e-03  1.016711e+00  3.244140e-03  9.421667e-01  2.802431e-03  
   2.1658299  1.023582e+00  3.332598e-03  1.023593e+00  3.332836e-03  9.481018e-01  2.876951e-03  
   2.1868300  1.030649e+00  3.425179e-03  1.030660e+00  3.425427e-03  9.541900e-01  2.954747e-03  
   2.2078300  1.037907e+00  3.521964e-03  1.037919e+00  3.522227e-03  9.604366e-01  3.036092e-03  
   2.2278299  1.045004e+00  3.618373e-03  1.045016e+00  3.618648e-03  9.665391e-01  3.117146e-03  
   2.2488301  1.052658e+00  3.724408e-03  1.052671e+00  3.724699e-03  9.731130e-01  3.206336e-03  
   2.2698300  1.060527e+00  3.835775e-03  1.060540e+00  3.836082e-03  9.798643e-01  3.300069e-03  
   2.2908299  1.068619e+00  3.952932e-03  1.068633e+00  3.953257e-03  9.867995e-01  3.398747e-03  
   2.3118300  1.076946e+00  4.076373e-03  1.076960e+00  4.076717e-03  9.939263e-01  3.502808e-03  
   2.3328300  1.085515e+00  4.206634e-03  1.085530e+00  4.206999e-03  1.001253e+00  3.612724e-03  
   2.3528299  1.093912e+00  4.337569e-03  1.093928e+00  4.337955e-03  1.008422e+00  3.723327e-03  
   2.3738301  1.102988e+00  4.482884e-03  1.103004e+00  4.483293e-03  1.016161e+00  3.846225e-03  
   2.3948300  1.112340e+00  4.636903e-03  1.112357e+00  4.637339e-03  1.024125e+00  3.976663e-03  
   2.4158299  1.121981e+00  4.800382e-03  1.121999e+00  4.800841e-03  1.032324e+00  4.115324e-03  
   2.4368300  1.131927e+00  4.974143e-03  1.131946e+00  4.974632e-03  1.040768e+00  4.262969e-03  
   2.4578300  1.142192e+00  5.159099e-03  1.142211e+00  5.159617e-03  1.049469e+00  4.420436e-03  
   2.4778299  1.152278e+00  5.346579e-03  1.152298e+00  5.347128e-03  1.058006e+00  4.580388e-03  
   2.4988301  1.163213e+00  5.556417e-03  1.163234e+00  5.557003e-03  1.067246e+00  4.759826e-03  
   2.5204301  1.174849e+00  5.787462e-03  1.174870e+00  5.788089e-03  1.077059e+00  4.957894e-03  
   2.5404301  1.185993e+00  6.016521e-03  1.186016e+00  6.017189e-03  1.086439e+00  5.154750e-03  
   2.5614300  1.198100e+00  6.274359e-03  1.198124e+00  6.275074e-03  1.096610e+00  5.376867e-03  
   2.5824299  1.210648e+00  6.551948e-03  1.210674e+00  6.552714e-03  1.107128e+00  5.616520e-03  
   2.6034300  1.223667e+00  6.851759e-03  1.223693e+00  6.852582e-03  1.118014e+00  5.875788e-03  
   2.6244299  1.237186e+00  7.176816e-03  1.237214e+00  7.177702e-03  1.129290e+00  6.157118e-03  
   2.6444299  1.250559e+00  7.513354e-03  1.250588e+00  7.514306e-03  1.140415e+00  6.448268e-03  
   2.6654301  1.265161e+00  7.899701e-03  1.265191e+00  7.900730e-03  1.152527e+00  6.781803e-03  
   2.6864300  1.280378e+00  8.326053e-03  1.280410e+00  8.327174e-03  1.165108e+00  7.148226e-03  
   2.7074299  1.296261e+00  8.800779e-03  1.296295e+00  8.801999e-03  1.178195e+00  7.553134e-03  
   2.7284300  1.312866e+00  9.335118e-03  1.312901e+00  9.336452e-03  1.191822e+00  8.003679e-03  
   2.7494299  1.330253e+00  9.944249e-03  1.330290e+00  9.945718e-03  1.206031e+00  8.509055e-03  
   2.7694299  1.347606e+00  1.061277e-02  1.347645e+00  1.061439e-02  1.220148e+00  9.052216e-03  
   2.7904301  1.366736e+00  1.143437e-02  1.366778e+00  1.143619e-02  1.235632e+00  9.702316e-03  
   2.8114300  1.386886e+00  1.241568e-02  1.386930e+00  1.241777e-02  1.251850e+00  1.045383e-02  
   2.8324299  1.408156e+00  1.360747e-02  1.408202e+00  1.360989e-02  1.268867e+00  1.133270e-02  
   2.8534300  1.430655e+00  1.507748e-02  1.430705e+00  1.508036e-02  1.286753e+00  1.237255e-02  
   2.8744299  1.454504e+00  1.691503e-02  1.454557e+00  1.691849e-02  1.305585e+00  1.361664e-02  
   2.8944299  1.478587e+00  1.911265e-02  1.478644e+00  1.911687e-02  1.324476e+00  1.504197e-02  
   2.9154301  1.505437e+00  2.203185e-02  1.505496e+00  2.203712e-02  1.345405e+00  1.685840e-02  
   2.9370301  1.534855e+00  2.587990e-02  1.534919e+00  2.588659e-02  1.368197e+00  1.916007e-02  
   2.9570301  1.563831e+00  3.041985e-02  1.563900e+00  3.042828e-02  1.390539e+00  2.178619e-02  
   2.9780300  1.596149e+00  3.646224e-02  1.596221e+00  3.647299e-02  1.415377e+00  2.518762e-02  
   2.9990301  1.630468e+00  4.412619e-02  1.630546e+00  4.413990e-02  1.441721e+00  2.941220e-02  
   3.0200300  1.666806e+00  5.377706e-02  1.666888e+00  5.379444e-02  1.469656e+00  3.465961e-02  
   3.0410299  1.705119e+00  6.582110e-02  1.705207e+00  6.584303e-02  1.499252e+00  4.116716e-02  
   3.0610299  1.743336e+00  7.991607e-02  1.743429e+00  7.994319e-02  1.529024e+00  4.878918e-02  
   3.0820301  1.785077e+00  9.790584e-02  1.785174e+00  9.793939e-02  1.561951e+00  5.859098e-02  
   3.1030300  1.828163e+00  1.196036e-01  1.828264e+00  1.196446e-01  1.596541e+00  7.058135e-02  
   3.1240301  1.872184e+00  1.454292e-01  1.872289e+00  1.454787e-01  1.632687e+00  8.514281e-02  
   3.1450300  1.916614e+00  1.757448e-01  1.916721e+00  1.758037e-01  1.670201e+00  1.026773e-01  
   3.1660299  1.960834e+00  2.108283e-01  1.960943e+00  2.108973e-01  1.708810e+00  1.235924e-01  
   3.1860299  2.002116e+00  2.488254e-01  2.002225e+00  2.489045e-01  1.746259e+00  1.470137e-01  
   3.2070301  2.043864e+00  2.935652e-01  2.043972e+00  2.936554e-01  1.785841e+00  1.756241e-01  
   3.2280300  2.083213e+00  3.431457e-01  2.083318e+00  3.432466e-01  1.825130e+00  2.086346e-01  
   3.2490301  2.119405e+00  3.972858e-01  2.119505e+00  3.973975e-01  1.863472e+00  2.462424e-01  
   3.2700300  2.151740e+00  4.555440e-01  2.151835e+00  4.556658e-01  1.900140e+00  2.885218e-01  
   3.2910299  2.179621e+00  5.173361e-01  2.179707e+00  5.174670e-01  1.934370e+00  3.354023e-01  
   3.3110299  2.201602e+00  5.788302e-01  2.201680e+00  5.789683e-01  1.963993e+00  3.841170e-01  
   3.3320301  2.219587e+00  6.454233e-01  2.219653e+00  6.455676e-01  1.991255e+00  4.391520e-01  
   3.3536301  2.232504e+00  7.152299e-01  2.232559e+00  7.153791e-01  2.014501e+00  4.993203e-01  
   3.3736300  2.239460e+00  7.802848e-01  2.239503e+00  7.804369e-01  2.031167e+00  5.575750e-01  
   3.3946300  2.241796e+00  8.482823e-01  2.241826e+00  8.484363e-01  2.043256e+00  6.205488e-01  
   3.4156301  2.239400e+00  9.152962e-01  2.239417e+00  9.154508e-01  2.049594e+00  6.844484e-01  
   3.4366300  2.232745e+00  9.807665e-01  2.232749e+00  9.809207e-01  2.050177e+00  7.482866e-01  
   3.4576299  2.222382e+00  1.044273e+00  2.222373e+00  1.044426e+00  2.045212e+00  8.110852e-01  
   3.4776299  2.209591e+00  1.102677e+00  2.209569e+00  1.102829e+00  2.035708e+00  8.690874e-01  
   3.4986300  2.193634e+00  1.161682e+00  2.193600e+00  1.161832e+00  2.021290e+00  9.273177e-01  
   3.5196300  2.175594e+00  1.218282e+00  2.175548e+00  1.218432e+00  2.003060e+00  9.821674e-01  
   3.5406301  2.155910e+00  1.272543e+00  2.155853e+00  1.272692e+00  1.981869e+00  1.033178e+00  
   3.5616300  2.134925e+00  1.324583e+00  2.134857e+00  1.324732e+00  1.958618e+00  1.080096e+00  
   3.5826299  2.112886e+00  1.374542e+00  2.112808e+00  1.374693e+00  1.934200e+00  1.122894e+00  
   3.6026299  2.091065e+00  1.420313e+00  2.090978e+00  1.420465e+00  1.910618e+00  1.159981e+00  
   3.6236300  2.067368e+00  1.466570e+00  2.067272e+00  1.466723e+00  1.886204e+00  1.195404e+00  
   3.6446300  2.042916e+00  1.511034e+00  2.042813e+00  1.511190e+00  1.862702e+00  1.227702e+00  
   3.6656301  2.017746e+00  1.553712e+00  2.017636e+00  1.553870e+00  1.840511e+00  1.257451e+00  
   3.6866300  1.991912e+00  1.594559e+00  1.991797e+00  1.594718e+00  1.819846e+00  1.285259e+00  
   3.7076299  1.965512e+00  1.633498e+00  1.965394e+00  1.633658e+00  1.800756e+00  1.311712e+00  
   3.7276299  1.939989e+00  1.668729e+00  1.939871e+00  1.668890e+00  1.783954e+00  1.336119e+00  
   3.7486300  1.913024e+00  1.703701e+00  1.912905e+00  1.703862e+00  1.767583e+00  1.361316e+00  
   3.7702301  1.885440e+00  1.737476e+00  1.885324e+00  1.737637e+00  1.751857e+00  1.387066e+00  
   3.7902300  1.860406e+00  1.766790e+00  1.860293e+00  1.766950e+00  1.738080e+00  1.410899e+00  
   3.8112299  1.835082e+00  1.795657e+00  1.834974e+00  1.795816e+00  1.724245e+00  1.435947e+00  
   3.8322301  1.811226e+00  1.822791e+00  1.811125e+00  1.822949e+00  1.710956e+00  1.460960e+00  
   3.8532300  1.789331e+00  1.848543e+00  1.789237e+00  1.848701e+00  1.698221e+00  1.485828e+00  
   3.8742299  1.769864e+00  1.873398e+00  1.769778e+00  1.873557e+00  1.686169e+00  1.510439e+00  
   3.8942299  1.753945e+00  1.896800e+00  1.753869e+00  1.896960e+00  1.675539e+00  1.533576e+00  
   3.9152300  1.740261e+00  1.921795e+00  1.740193e+00  1.921960e+00  1.665575e+00  1.557568e+00  
   3.9362299  1.729825e+00  1.948053e+00  1.729766e+00  1.948224e+00  1.657201e+00  1.581390e+00  
   3.9572301  1.722603e+00  1.976500e+00  1.722551e+00  1.976679e+00  1.650789e+00  1.605333e+00  
   3.9782300  1.718346e+00  2.008098e+00  1.718300e+00  2.008287e+00  1.646664e+00  1.629846e+00  
   3.9992299  1.716575e+00  2.043818e+00  1.716533e+00  2.044018e+00  1.645054e+00  1.655537e+00  
   4.0192299  1.716540e+00  2.082510e+00  1.716502e+00  2.082724e+00  1.645935e+00  1.681787e+00  
   4.0402298  1.717323e+00  2.128831e+00  1.717287e+00  2.129062e+00  1.649300e+00  1.712042e+00  
   4.0612302  1.717797e+00  2.181644e+00  1.717759e+00  2.181892e+00  1.654852e+00  1.745970e+00  
   4.0822301  1.716609e+00  2.241409e+00  1.716567e+00  2.241675e+00  1.662035e+00  1.784513e+00  
   4.1032300  1.712268e+00  2.308344e+00  1.712219e+00  2.308626e+00  1.670038e+00  1.828578e+00  
   4.1242299  1.703206e+00  2.382384e+00  1.703147e+00  2.382683e+00  1.677806e+00  1.878967e+00  
   4.1442299  1.688736e+00  2.459175e+00  1.688663e+00  2.459486e+00  1.683803e+00  1.933419e+00  
   4.1652298  1.665938e+00  2.545760e+00  1.665847e+00  2.546083e+00  1.687198e+00  1.997774e+00  
   4.1868300  1.632894e+00  2.640208e+00  1.632783e+00  2.640536e+00  1.685887e+00  2.071767e+00  
   4.2068300  1.592466e+00  2.731393e+00  1.592332e+00  2.731724e+00  1.678703e+00  2.147134e+00  
   4.2278299  1.538857e+00  2.829606e+00  1.538696e+00  2.829937e+00  1.663277e+00  2.232791e+00  
   4.2488298  1.473086e+00  2.928755e+00  1.472895e+00  2.929078e+00  1.638114e+00  2.324167e+00  
   4.2698302  1.394694e+00  3.027082e+00  1.394471e+00  3.027393e+00  1.601687e+00  2.419891e+00  
   4.2908301  1.303531e+00  3.122734e+00  1.303274e+00  3.123031e+00  1.552725e+00  2.518214e+00  
   4.3108301  1.204969e+00  3.209624e+00  1.204679e+00  3.209903e+00  1.493594e+00  2.612386e+00  
   4.3318300  1.089577e+00  3.294626e+00  1.089251e+00  3.294883e+00  1.417902e+00  2.709607e+00  
   4.3528299  9.626982e-01  3.371428e+00  9.623371e-01  3.371663e+00  1.328263e+00  2.802708e+00  
   4.3738298  8.253111e-01  3.438265e+00  8.249165e-01  3.438475e+00  1.225190e+00  2.889189e+00  
   4.3948302  6.786360e-01  3.493476e+00  6.782100e-01  3.493664e+00  1.109732e+00  2.966638e+00  
   4.4158301  5.241261e-01  3.535546e+00  5.236719e-01  3.535712e+00  9.834538e-01  3.032845e+00  
   4.4358301  3.711970e-01  3.562172e+00  3.707193e-01  3.562320e+00  8.549589e-01  3.083729e+00  
   4.4568300  2.063173e-01  3.574937e+00  2.058203e-01  3.575068e+00  7.136601e-01  3.122973e+00  
   4.4778299  3.899008e-02  3.571282e+00  3.847911e-02  3.571399e+00  5.683743e-01  3.146734e+00  
   4.4988298  -1.286583e-01  3.550629e+00  -1.291768e-01  3.550736e+00  4.217966e-01  3.154581e+00  
   4.5198302  -2.944071e-01  3.512748e+00  -2.949267e-01  3.512846e+00  2.765874e-01  3.146626e+00  
   4.5408301  -4.559727e-01  3.457790e+00  -4.564866e-01  3.457885e+00  1.352553e-01  3.123500e+00  
   4.5608301  -6.038830e-01  3.390085e+00  -6.043853e-01  3.390177e+00  6.295161e-03  3.088363e+00  
   4.5818300  -7.508188e-01  3.303811e+00  -7.513031e-01  3.303902e+00  -1.213884e-01  3.039097e+00  
   4.6034298  -8.908919e-01  3.200311e+00  -8.913524e-01  3.200403e+00  -2.429517e-01  2.976990e+00  
   4.6234298  -1.008898e+00  3.092838e+00  -1.009332e+00  3.092930e+00  -3.457163e-01  2.910921e+00  
   4.6444302  -1.119263e+00  2.970046e+00  -1.119666e+00  2.970137e+00  -4.429001e-01  2.834582e+00  
   4.6654301  -1.214674e+00  2.839479e+00  -1.215045e+00  2.839570e+00  -5.288921e-01  2.753017e+00  
   4.6864300  -1.294481e+00  2.703757e+00  -1.294819e+00  2.703844e+00  -6.038166e-01  2.668061e+00  
   4.7074299  -1.358511e+00  2.565562e+00  -1.358817e+00  2.565643e+00  -6.680673e-01  2.581396e+00  
   4.7274299  -1.405096e+00  2.434043e+00  -1.405373e+00  2.434116e+00  -7.198786e-01  2.498636e+00  
   4.7484298  -1.439603e+00  2.298390e+00  -1.439851e+00  2.298451e+00  -7.651327e-01  2.412741e+00  
   4.7694302  -1.460450e+00  2.167362e+00  -1.460672e+00  2.167407e+00  -8.018148e-01  2.328928e+00  
   4.7904301  -1.469050e+00  2.042765e+00  -1.469249e+00  2.042789e+00  -8.307693e-01  2.248068e+00  
   4.8114300  -1.467018e+00  1.925990e+00  -1.467196e+00  1.925990e+00  -8.528445e-01  2.170829e+00  
   4.8324299  -1.456074e+00  1.818010e+00  -1.456232e+00  1.817984e+00  -8.688648e-01  2.097705e+00  
   4.8524299  -1.438944e+00  1.723873e+00  -1.439086e+00  1.723817e+00  -8.792127e-01  2.032192e+00  
   4.8734298  -1.415504e+00  1.634362e+00  -1.415630e+00  1.634273e+00  -8.856305e-01  1.967927e+00  
   4.8944302  -1.387979e+00  1.554310e+00  -1.388089e+00  1.554187e+00  -8.881661e-01  1.908370e+00  
   4.9154301  -1.357720e+00  1.483375e+00  -1.357815e+00  1.483215e+00  -8.874461e-01  1.853499e+00  
   4.9364300  -1.325881e+00  1.421022e+00  -1.325959e+00  1.420826e+00  -8.840396e-01  1.803207e+00  
   4.9574299  -1.293413e+00  1.366599e+00  -1.293476e+00  1.366365e+00  -8.784565e-01  1.757323e+00  
   4.9774299  -1.262604e+00  1.321481e+00  -1.262650e+00  1.321212e+00  -8.715308e-01  1.717519e+00  
   4.9984298  -1.230931e+00  1.280438e+00  -1.230958e+00  1.280134e+00  -8.629524e-01  1.679571e+00  
