w Re-xx Im-xx Re-yy Im-yy Re-zz Im-zz
# Gaussian absolute broadening  0.15 [eV]
   0.0000000  7.688422e-01  8.851467e-05  7.688599e-01  8.853951e-05  7.244266e-01  7.870250e-05  
   0.0200000  7.689424e-01  9.473281e-05  7.689599e-01  9.475694e-05  7.245157e-01  8.423060e-05  
   0.0410000  7.690610e-01  1.018186e-04  7.690787e-01  1.018420e-04  7.246212e-01  9.052978e-05  
   0.0620000  7.691968e-01  1.095110e-04  7.692145e-01  1.095335e-04  7.247420e-01  9.736785e-05  
   0.0830000  7.693508e-01  1.178440e-04  7.693682e-01  1.178656e-04  7.248788e-01  1.047749e-04  
   0.1040000  7.695253e-01  1.268471e-04  7.695431e-01  1.268678e-04  7.250341e-01  1.127771e-04  
   0.1240000  7.697126e-01  1.360656e-04  7.697303e-01  1.360855e-04  7.252005e-01  1.209703e-04  
   0.1450000  7.699336e-01  1.464368e-04  7.699512e-01  1.464558e-04  7.253972e-01  1.301871e-04  
   0.1660000  7.701818e-01  1.575230e-04  7.701994e-01  1.575412e-04  7.256178e-01  1.400384e-04  
   0.1870000  7.704591e-01  1.693208e-04  7.704768e-01  1.693382e-04  7.258644e-01  1.505210e-04  
   0.2080000  7.707675e-01  1.818156e-04  7.707852e-01  1.818322e-04  7.261387e-01  1.616216e-04  
   0.2290000  7.711093e-01  1.949820e-04  7.711271e-01  1.949981e-04  7.264424e-01  1.733176e-04  
   0.2490000  7.714669e-01  2.081138e-04  7.714847e-01  2.081294e-04  7.267603e-01  1.849812e-04  
   0.2700000  7.718775e-01  2.224821e-04  7.718952e-01  2.224973e-04  7.271252e-01  1.977412e-04  
   0.2910000  7.723247e-01  2.373950e-04  7.723428e-01  2.374100e-04  7.275227e-01  2.109826e-04  
   0.3120000  7.728100e-01  2.527991e-04  7.728280e-01  2.528139e-04  7.279543e-01  2.246576e-04  
   0.3330000  7.733335e-01  2.686390e-04  7.733514e-01  2.686539e-04  7.284193e-01  2.387168e-04  
   0.3540000  7.738955e-01  2.848610e-04  7.739133e-01  2.848760e-04  7.289187e-01  2.531121e-04  
   0.3740000  7.744665e-01  3.006206e-04  7.744846e-01  3.006358e-04  7.294262e-01  2.670939e-04  
   0.3950000  7.751038e-01  3.174506e-04  7.751218e-01  3.174659e-04  7.299924e-01  2.820216e-04  
   0.4160000  7.757794e-01  3.345327e-04  7.757976e-01  3.345482e-04  7.305925e-01  2.971689e-04  
   0.4374300  7.765091e-01  3.521919e-04  7.765270e-01  3.522078e-04  7.312407e-01  3.128238e-04  
   0.4574300  7.772257e-01  3.688576e-04  7.772437e-01  3.688737e-04  7.318773e-01  3.275934e-04  
   0.4784300  7.780157e-01  3.865312e-04  7.780337e-01  3.865478e-04  7.325789e-01  3.432517e-04  
   0.4994300  7.788438e-01  4.043719e-04  7.788619e-01  4.043890e-04  7.333143e-01  3.590531e-04  
   0.5204300  7.797101e-01  4.223725e-04  7.797284e-01  4.223902e-04  7.340836e-01  3.749910e-04  
   0.5414300  7.806150e-01  4.405293e-04  7.806333e-01  4.405479e-04  7.348868e-01  3.910615e-04  
   0.5614300  7.815130e-01  4.579668e-04  7.815315e-01  4.579861e-04  7.356840e-01  4.064901e-04  
   0.5824300  7.824937e-01  4.764304e-04  7.825120e-01  4.764510e-04  7.365543e-01  4.228207e-04  
   0.6034300  7.835134e-01  4.950553e-04  7.835318e-01  4.950771e-04  7.374595e-01  4.392876e-04  
   0.6244300  7.845728e-01  5.138469e-04  7.845913e-01  5.138701e-04  7.383994e-01  4.558954e-04  
   0.6454300  7.856718e-01  5.328105e-04  7.856904e-01  5.328356e-04  7.393745e-01  4.726487e-04  
   0.6664300  7.868112e-01  5.519523e-04  7.868298e-01  5.519792e-04  7.403851e-01  4.895523e-04  
   0.6864300  7.879335e-01  5.703544e-04  7.879521e-01  5.703834e-04  7.413804e-01  5.057954e-04  
   0.7074300  7.891520e-01  5.898640e-04  7.891709e-01  5.898953e-04  7.424608e-01  5.230087e-04  
   0.7284300  7.904112e-01  6.095724e-04  7.904303e-01  6.096062e-04  7.435776e-01  5.403894e-04  
   0.7494300  7.917128e-01  6.294876e-04  7.917317e-01  6.295239e-04  7.447310e-01  5.579437e-04  
   0.7704300  7.930557e-01  6.496171e-04  7.930748e-01  6.496561e-04  7.459215e-01  5.756781e-04  
   0.7914300  7.944418e-01  6.699690e-04  7.944608e-01  6.700107e-04  7.471495e-01  5.935993e-04  
   0.8114300  7.958008e-01  6.895661e-04  7.958200e-01  6.896101e-04  7.483538e-01  6.108469e-04  
   0.8324300  7.972706e-01  7.103766e-04  7.972900e-01  7.104234e-04  7.496555e-01  6.291527e-04  
   0.8540300  7.988288e-01  7.320413e-04  7.988480e-01  7.320907e-04  7.510353e-01  6.481991e-04  
   0.8740300  8.003128e-01  7.523442e-04  8.003324e-01  7.523958e-04  7.523494e-01  6.660380e-04  
   0.8950300  8.019152e-01  7.739232e-04  8.019350e-01  7.739771e-04  7.537679e-01  6.849875e-04  
   0.9160300  8.035632e-01  7.957797e-04  8.035827e-01  7.958358e-04  7.552263e-01  7.041692e-04  
   0.9370300  8.052573e-01  8.179247e-04  8.052770e-01  8.179827e-04  7.567251e-01  7.235919e-04  
   0.9580300  8.069978e-01  8.403680e-04  8.070178e-01  8.404280e-04  7.582648e-01  7.432645e-04  
   0.9780300  8.087004e-01  8.620311e-04  8.087204e-01  8.620925e-04  7.597705e-01  7.622411e-04  
   0.9990300  8.105348e-01  8.850903e-04  8.105547e-01  8.851535e-04  7.613922e-01  7.824287e-04  
   1.0200300  8.124179e-01  9.084825e-04  8.124382e-01  9.085470e-04  7.630568e-01  8.028939e-04  
   1.0410300  8.143507e-01  9.322190e-04  8.143710e-01  9.322849e-04  7.647647e-01  8.236468e-04  
   1.0620300  8.163339e-01  9.563119e-04  8.163545e-01  9.563798e-04  7.665168e-01  8.446972e-04  
   1.0830300  8.183682e-01  9.807742e-04  8.183889e-01  9.808437e-04  7.683133e-01  8.660557e-04  
   1.1030300  8.203535e-01  1.004427e-03  8.203744e-01  1.004498e-03  7.700662e-01  8.866928e-04  
   1.1240300  8.224897e-01  1.029646e-03  8.225106e-01  1.029719e-03  7.719517e-01  9.086822e-04  
   1.1450300  8.246791e-01  1.055275e-03  8.247003e-01  1.055349e-03  7.738836e-01  9.310118e-04  
   1.1660300  8.269228e-01  1.081325e-03  8.269441e-01  1.081402e-03  7.758628e-01  9.536924e-04  
   1.1870300  8.292217e-01  1.107812e-03  8.292431e-01  1.107891e-03  7.778901e-01  9.767357e-04  
   1.2080300  8.315768e-01  1.134752e-03  8.315980e-01  1.134833e-03  7.799661e-01  1.000155e-03  
   1.2280300  8.338720e-01  1.160843e-03  8.338937e-01  1.160926e-03  7.819886e-01  1.022819e-03  
   1.2490300  8.363386e-01  1.188712e-03  8.363606e-01  1.188798e-03  7.841619e-01  1.047009e-03  
   1.2706300  8.389379e-01  1.217902e-03  8.389599e-01  1.217989e-03  7.864508e-01  1.072323e-03  
   1.2906300  8.414007e-01  1.245420e-03  8.414229e-01  1.245509e-03  7.886187e-01  1.096169e-03  
   1.3116300  8.440467e-01  1.274840e-03  8.440690e-01  1.274932e-03  7.909471e-01  1.121641e-03  
   1.3326300  8.467547e-01  1.304820e-03  8.467771e-01  1.304914e-03  7.933294e-01  1.147576e-03  
   1.3536299  8.495262e-01  1.335379e-03  8.495489e-01  1.335475e-03  7.957662e-01  1.173989e-03  
   1.3746300  8.523625e-01  1.366540e-03  8.523853e-01  1.366639e-03  7.982597e-01  1.200899e-03  
   1.3946300  8.551257e-01  1.396798e-03  8.551486e-01  1.396899e-03  8.006873e-01  1.227006e-03  
   1.4156300  8.580927e-01  1.429202e-03  8.581158e-01  1.429305e-03  8.032927e-01  1.254939e-03  
   1.4366300  8.611284e-01  1.462276e-03  8.611518e-01  1.462382e-03  8.059579e-01  1.283425e-03  
   1.4576300  8.642347e-01  1.496048e-03  8.642583e-01  1.496156e-03  8.086836e-01  1.312483e-03  
   1.4786299  8.674131e-01  1.530543e-03  8.674368e-01  1.530654e-03  8.114714e-01  1.342136e-03  
   1.4996300  8.706646e-01  1.565788e-03  8.706886e-01  1.565902e-03  8.143222e-01  1.372405e-03  
   1.5196300  8.738306e-01  1.600078e-03  8.738548e-01  1.600194e-03  8.170964e-01  1.401825e-03  
   1.5406300  8.772298e-01  1.636871e-03  8.772542e-01  1.636990e-03  8.200739e-01  1.433362e-03  
   1.5616300  8.807073e-01  1.674503e-03  8.807318e-01  1.674624e-03  8.231183e-01  1.465585e-03  
   1.5826300  8.842642e-01  1.713004e-03  8.842892e-01  1.713128e-03  8.262308e-01  1.498520e-03  
   1.6036299  8.879033e-01  1.752410e-03  8.879284e-01  1.752536e-03  8.294133e-01  1.532194e-03  
   1.6246300  8.916259e-01  1.792756e-03  8.916514e-01  1.792885e-03  8.326674e-01  1.566634e-03  
   1.6446300  8.952502e-01  1.832089e-03  8.952761e-01  1.832220e-03  8.358338e-01  1.600176e-03  
   1.6656300  8.991413e-01  1.874381e-03  8.991674e-01  1.874514e-03  8.392314e-01  1.636203e-03  
   1.6872300  9.032378e-01  1.918987e-03  9.032642e-01  1.919123e-03  8.428065e-01  1.674161e-03  
   1.7072300  9.071175e-01  1.961330e-03  9.071440e-01  1.961468e-03  8.461900e-01  1.710154e-03  
   1.7282300  9.112831e-01  2.006912e-03  9.113099e-01  2.007054e-03  8.498212e-01  1.748862e-03  
   1.7492300  9.155456e-01  2.053694e-03  9.155731e-01  2.053838e-03  8.535345e-01  1.788546e-03  
   1.7702301  9.199079e-01  2.101729e-03  9.199354e-01  2.101877e-03  8.573321e-01  1.829251e-03  
   1.7912300  9.243725e-01  2.151074e-03  9.244000e-01  2.151224e-03  8.612162e-01  1.871024e-03  
   1.8112299  9.287223e-01  2.199340e-03  9.287502e-01  2.199495e-03  8.649982e-01  1.911846e-03  
   1.8322300  9.333943e-01  2.251417e-03  9.334228e-01  2.251576e-03  8.690583e-01  1.955850e-03  
   1.8532300  9.381781e-01  2.304990e-03  9.382063e-01  2.305154e-03  8.732119e-01  2.001080e-03  
   1.8742300  9.430756e-01  2.360132e-03  9.431047e-01  2.360302e-03  8.774621e-01  2.047598e-03  
   1.8952301  9.480914e-01  2.416920e-03  9.481210e-01  2.417096e-03  8.818116e-01  2.095468e-03  
   1.9162300  9.532287e-01  2.475437e-03  9.532586e-01  2.475619e-03  8.862625e-01  2.144762e-03  
   1.9362299  9.582364e-01  2.532855e-03  9.582667e-01  2.533043e-03  8.905985e-01  2.193101e-03  
   1.9572300  9.636202e-01  2.595010e-03  9.636509e-01  2.595206e-03  8.952562e-01  2.245401e-03  
   1.9782300  9.691368e-01  2.659181e-03  9.691679e-01  2.659383e-03  9.000250e-01  2.299370e-03  
   1.9992300  9.747890e-01  2.725483e-03  9.748208e-01  2.725694e-03  9.049071e-01  2.355107e-03  
   2.0202301  9.805826e-01  2.794045e-03  9.806146e-01  2.794265e-03  9.099072e-01  2.412722e-03  
   2.0412300  9.865209e-01  2.865006e-03  9.865537e-01  2.865236e-03  9.150279e-01  2.472332e-03  
   2.0612299  9.923157e-01  2.934966e-03  9.923489e-01  2.935205e-03  9.200204e-01  2.531079e-03  
   2.0822301  9.985521e-01  3.011088e-03  9.985858e-01  3.011336e-03  9.253882e-01  2.594982e-03  
   2.1038301  1.005134e+00  3.092434e-03  1.005169e+00  3.092693e-03  9.310487e-01  2.663247e-03  
   2.1238301  1.011386e+00  3.170716e-03  1.011421e+00  3.170986e-03  9.364191e-01  2.728919e-03  
   2.1448300  1.018118e+00  3.256215e-03  1.018153e+00  3.256496e-03  9.421970e-01  2.800620e-03  
   2.1658299  1.025029e+00  3.345361e-03  1.025065e+00  3.345653e-03  9.481219e-01  2.875352e-03  
   2.1868300  1.032126e+00  3.438461e-03  1.032162e+00  3.438765e-03  9.542001e-01  2.953371e-03  
   2.2078300  1.039415e+00  3.535848e-03  1.039452e+00  3.536164e-03  9.604357e-01  3.034946e-03  
   2.2278299  1.046545e+00  3.632924e-03  1.046582e+00  3.633254e-03  9.665274e-01  3.116225e-03  
   2.2488301  1.054233e+00  3.739791e-03  1.054271e+00  3.740135e-03  9.730899e-01  3.205659e-03  
   2.2698300  1.062138e+00  3.852158e-03  1.062177e+00  3.852517e-03  9.798285e-01  3.299641e-03  
   2.2908299  1.070269e+00  3.970525e-03  1.070308e+00  3.970899e-03  9.867511e-01  3.398584e-03  
   2.3118300  1.078635e+00  4.095432e-03  1.078675e+00  4.095824e-03  9.938653e-01  3.502927e-03  
   2.3328300  1.087246e+00  4.227470e-03  1.087287e+00  4.227881e-03  1.001178e+00  3.613149e-03  
   2.3528299  1.095686e+00  4.360446e-03  1.095728e+00  4.360876e-03  1.008334e+00  3.724074e-03  
   2.3738301  1.104808e+00  4.508335e-03  1.104851e+00  4.508786e-03  1.016058e+00  3.847348e-03  
   2.3948300  1.114209e+00  4.665445e-03  1.114253e+00  4.665918e-03  1.024007e+00  3.978208e-03  
   2.4158299  1.123903e+00  4.832618e-03  1.123947e+00  4.833114e-03  1.032190e+00  4.117346e-03  
   2.4368300  1.133904e+00  5.010774e-03  1.133949e+00  5.011300e-03  1.040618e+00  4.265525e-03  
   2.4578300  1.144226e+00  5.200931e-03  1.144272e+00  5.201486e-03  1.049302e+00  4.423593e-03  
   2.4778299  1.154370e+00  5.394223e-03  1.154418e+00  5.394806e-03  1.057822e+00  4.584184e-03  
   2.4988301  1.165370e+00  5.611187e-03  1.165418e+00  5.611806e-03  1.067043e+00  4.764384e-03  
   2.5204301  1.177075e+00  5.850801e-03  1.177124e+00  5.851458e-03  1.076836e+00  4.963351e-03  
   2.5404301  1.188287e+00  6.089063e-03  1.188338e+00  6.089761e-03  1.086197e+00  5.161175e-03  
   2.5614300  1.200470e+00  6.358040e-03  1.200522e+00  6.358781e-03  1.096346e+00  5.384502e-03  
   2.5824299  1.213097e+00  6.648475e-03  1.213151e+00  6.649270e-03  1.106842e+00  5.625643e-03  
   2.6034300  1.226201e+00  6.963049e-03  1.226255e+00  6.963897e-03  1.117705e+00  5.886792e-03  
   2.6244299  1.239809e+00  7.305043e-03  1.239865e+00  7.305956e-03  1.128956e+00  6.170557e-03  
   2.6444299  1.253272e+00  7.660005e-03  1.253329e+00  7.660985e-03  1.140056e+00  6.464756e-03  
   2.6654301  1.267975e+00  8.068464e-03  1.268033e+00  8.069523e-03  1.152141e+00  6.802556e-03  
   2.6864300  1.283299e+00  8.520222e-03  1.283360e+00  8.521368e-03  1.164694e+00  7.174756e-03  
   2.7074299  1.299297e+00  9.024257e-03  1.299359e+00  9.025509e-03  1.177750e+00  7.587527e-03  
   2.7284300  1.316024e+00  9.592614e-03  1.316089e+00  9.593985e-03  1.191346e+00  8.048778e-03  
   2.7494299  1.333544e+00  1.024154e-02  1.333611e+00  1.024306e-02  1.205522e+00  8.568688e-03  
   2.7694299  1.351032e+00  1.095461e-02  1.351102e+00  1.095630e-02  1.219604e+00  9.130416e-03  
   2.7904301  1.370315e+00  1.183173e-02  1.370387e+00  1.183364e-02  1.235050e+00  9.806486e-03  
   2.8114300  1.390630e+00  1.287984e-02  1.390705e+00  1.288203e-02  1.251227e+00  1.059250e-02  
   2.8324299  1.412079e+00  1.415266e-02  1.412156e+00  1.415521e-02  1.268197e+00  1.151673e-02  
   2.8534300  1.434771e+00  1.572163e-02  1.434851e+00  1.572466e-02  1.286029e+00  1.261545e-02  
   2.8744299  1.458826e+00  1.768052e-02  1.458910e+00  1.768417e-02  1.304799e+00  1.393489e-02  
   2.8944299  1.483118e+00  2.001934e-02  1.483206e+00  2.002378e-02  1.323621e+00  1.545016e-02  
   2.9154301  1.510201e+00  2.311951e-02  1.510292e+00  2.312501e-02  1.344460e+00  1.738317e-02  
   2.9370301  1.539871e+00  2.719559e-02  1.539968e+00  2.720254e-02  1.367142e+00  1.983142e-02  
   2.9570301  1.569090e+00  3.199135e-02  1.569191e+00  3.200002e-02  1.389358e+00  2.261957e-02  
   2.9780300  1.601666e+00  3.835572e-02  1.601773e+00  3.836668e-02  1.414033e+00  2.621977e-02  
   2.9990301  1.636246e+00  4.640353e-02  1.636358e+00  4.641736e-02  1.440180e+00  3.067257e-02  
   3.0200300  1.672838e+00  5.650673e-02  1.672955e+00  5.652416e-02  1.467878e+00  3.617612e-02  
   3.0410299  1.711392e+00  6.907724e-02  1.711515e+00  6.909902e-02  1.497193e+00  4.296411e-02  
   3.0610299  1.749818e+00  8.374590e-02  1.749946e+00  8.377269e-02  1.526652e+00  5.087053e-02  
   3.0820301  1.791746e+00  1.024154e-01  1.791880e+00  1.024484e-01  1.559203e+00  6.098129e-02  
   3.1030300  1.834979e+00  1.248708e-01  1.835118e+00  1.249109e-01  1.593369e+00  7.328100e-02  
   3.1240301  1.879094e+00  1.515270e-01  1.879238e+00  1.515752e-01  1.629047e+00  8.813982e-02  
   3.1450300  1.923558e+00  1.827375e-01  1.923705e+00  1.827947e-01  1.666055e+00  1.059456e-01  
   3.1660299  1.967747e+00  2.187669e-01  1.967896e+00  2.188340e-01  1.704130e+00  1.270909e-01  
   3.1860299  2.008930e+00  2.576964e-01  2.009081e+00  2.577736e-01  1.741051e+00  1.506791e-01  
   3.2070301  2.050501e+00  3.034283e-01  2.050651e+00  3.035163e-01  1.780075e+00  1.793949e-01  
   3.2280300  2.089600e+00  3.539888e-01  2.089748e+00  3.540878e-01  1.818813e+00  2.124253e-01  
   3.2490301  2.125471e+00  4.090694e-01  2.125617e+00  4.091797e-01  1.856625e+00  2.499539e-01  
   3.2700300  2.157425e+00  4.681986e-01  2.157566e+00  4.683196e-01  1.892800e+00  2.920434e-01  
   3.2910299  2.184869e+00  5.307621e-01  2.185006e+00  5.308933e-01  1.926585e+00  3.386140e-01  
   3.3110299  2.206399e+00  5.928708e-01  2.206531e+00  5.930109e-01  1.955841e+00  3.869147e-01  
   3.3320301  2.223883e+00  6.599587e-01  2.224009e+00  6.601073e-01  1.982793e+00  4.413860e-01  
   3.3536301  2.236269e+00  7.300910e-01  2.236391e+00  7.302467e-01  2.005811e+00  5.008344e-01  
   3.3736300  2.242731e+00  7.952667e-01  2.242847e+00  7.954286e-01  2.022362e+00  5.582975e-01  
   3.3946300  2.244553e+00  8.631971e-01  2.244664e+00  8.633637e-01  2.034447e+00  6.203178e-01  
   3.4156301  2.241647e+00  9.299452e-01  2.241756e+00  9.301155e-01  2.040916e+00  6.831499e-01  
   3.4366300  2.234488e+00  9.949592e-01  2.234596e+00  9.951325e-01  2.041780e+00  7.458253e-01  
   3.4576299  2.223615e+00  1.057837e+00  2.223723e+00  1.058012e+00  2.037269e+00  8.073919e-01  
   3.4776299  2.210322e+00  1.115506e+00  2.210431e+00  1.115681e+00  2.028368e+00  8.641868e-01  
   3.4986300  2.193803e+00  1.173624e+00  2.193912e+00  1.173800e+00  2.014773e+00  9.211523e-01  
   3.5196300  2.175144e+00  1.229261e+00  2.175256e+00  1.229435e+00  1.997565e+00  9.747877e-01  
   3.5406301  2.154762e+00  1.282520e+00  2.154876e+00  1.282692e+00  1.977593e+00  1.024682e+00  
   3.5616300  2.132980e+00  1.333563e+00  2.133094e+00  1.333732e+00  1.955746e+00  1.070636e+00  
   3.5826299  2.110024e+00  1.382575e+00  2.110139e+00  1.382740e+00  1.932893e+00  1.112670e+00  
   3.6026299  2.087207e+00  1.427525e+00  2.087321e+00  1.427685e+00  1.910921e+00  1.149253e+00  
   3.6236300  2.062323e+00  1.473039e+00  2.062434e+00  1.473191e+00  1.888283e+00  1.184415e+00  
   3.6446300  2.036538e+00  1.516908e+00  2.036645e+00  1.517051e+00  1.866604e+00  1.216744e+00  
   3.6656301  2.009887e+00  1.559151e+00  2.009987e+00  1.559281e+00  1.846228e+00  1.246822e+00  
   3.6866300  1.982428e+00  1.599721e+00  1.982522e+00  1.599838e+00  1.827324e+00  1.275246e+00  
   3.7076299  1.954268e+00  1.638525e+00  1.954355e+00  1.638627e+00  1.809895e+00  1.302570e+00  
   3.7276299  1.926957e+00  1.673725e+00  1.927037e+00  1.673811e+00  1.794547e+00  1.328006e+00  
   3.7486300  1.898009e+00  1.708717e+00  1.898082e+00  1.708785e+00  1.779539e+00  1.354437e+00  
   3.7702301  1.868297e+00  1.742498e+00  1.868364e+00  1.742546e+00  1.765016e+00  1.381554e+00  
   3.7902300  1.841235e+00  1.771731e+00  1.841298e+00  1.771762e+00  1.752164e+00  1.406675e+00  
   3.8112299  1.813754e+00  1.800346e+00  1.813815e+00  1.800359e+00  1.739102e+00  1.433031e+00  
   3.8322301  1.787747e+00  1.826979e+00  1.787810e+00  1.826977e+00  1.726388e+00  1.459247e+00  
   3.8532300  1.763749e+00  1.851919e+00  1.763817e+00  1.851903e+00  1.714042e+00  1.485153e+00  
   3.8742299  1.742277e+00  1.875605e+00  1.742353e+00  1.875577e+00  1.702208e+00  1.510595e+00  
   3.8942299  1.724584e+00  1.897540e+00  1.724671e+00  1.897504e+00  1.691645e+00  1.534301e+00  
   3.9152300  1.709227e+00  1.920636e+00  1.709327e+00  1.920595e+00  1.681623e+00  1.558642e+00  
   3.9362299  1.697360e+00  1.944661e+00  1.697475e+00  1.944619e+00  1.673082e+00  1.582554e+00  
   3.9572301  1.688990e+00  1.970606e+00  1.689122e+00  1.970567e+00  1.666417e+00  1.606337e+00  
   3.9782300  1.683898e+00  1.999524e+00  1.684048e+00  1.999492e+00  1.661977e+00  1.630465e+00  
   3.9992299  1.681627e+00  2.032487e+00  1.681793e+00  2.032465e+00  1.660013e+00  1.655577e+00  
   4.0192299  1.681433e+00  2.068586e+00  1.681613e+00  2.068576e+00  1.660545e+00  1.681135e+00  
   4.0402298  1.682375e+00  2.112318e+00  1.682568e+00  2.112325e+00  1.663555e+00  1.710566e+00  
   4.0612302  1.683322e+00  2.162778e+00  1.683523e+00  2.162802e+00  1.668791e+00  1.743626e+00  
   4.0822301  1.682892e+00  2.220508e+00  1.683098e+00  2.220552e+00  1.675719e+00  1.781319e+00  
   4.1032300  1.679561e+00  2.285785e+00  1.679765e+00  2.285848e+00  1.683552e+00  1.824621e+00  
   4.1242299  1.671718e+00  2.358582e+00  1.671915e+00  2.358663e+00  1.691247e+00  1.874400e+00  
   4.1442299  1.658567e+00  2.434585e+00  1.658752e+00  2.434683e+00  1.697277e+00  1.928474e+00  
   4.1652298  1.637285e+00  2.520755e+00  1.637451e+00  2.520865e+00  1.700816e+00  1.992702e+00  
   4.1868300  1.605906e+00  2.615180e+00  1.606048e+00  2.615303e+00  1.699762e+00  2.066906e+00  
   4.2068300  1.567085e+00  2.706677e+00  1.567199e+00  2.706808e+00  1.692901e+00  2.142805e+00  
   4.2278299  1.515210e+00  2.805513e+00  1.515290e+00  2.805645e+00  1.677882e+00  2.229390e+00  
   4.2488298  1.451198e+00  2.905524e+00  1.451240e+00  2.905657e+00  1.653170e+00  2.322061e+00  
   4.2698302  1.374569e+00  3.004902e+00  1.374572e+00  3.005028e+00  1.617205e+00  2.419425e+00  
   4.2908301  1.285154e+00  3.101730e+00  1.285115e+00  3.101847e+00  1.568685e+00  2.519681e+00  
   4.3108301  1.188224e+00  3.189806e+00  1.188146e+00  3.189911e+00  1.509928e+00  2.615906e+00  
   4.3318300  1.074483e+00  3.276070e+00  1.074365e+00  3.276160e+00  1.434555e+00  2.715421e+00  
   4.3528299  9.491674e-01  3.354110e+00  9.490119e-01  3.354182e+00  1.345136e+00  2.810868e+00  
   4.3738298  8.132272e-01  3.422116e+00  8.130379e-01  3.422171e+00  1.242171e+00  2.899652e+00  
   4.3948302  6.678545e-01  3.478401e+00  6.676368e-01  3.478438e+00  1.126699e+00  2.979268e+00  
   4.4158301  5.144792e-01  3.521425e+00  5.142395e-01  3.521444e+00  1.000283e+00  3.047423e+00  
   4.4358301  3.624587e-01  3.548838e+00  3.622048e-01  3.548843e+00  8.715481e-01  3.099896e+00  
   4.4568300  1.983453e-01  3.562296e+00  1.980838e-01  3.562290e+00  7.298918e-01  3.140479e+00  
   4.4778299  3.159509e-02  3.559205e+00  3.133417e-02  3.559191e+00  5.841574e-01  3.165210e+00  
   4.4988298  -1.356502e-01  3.539004e+00  -1.359028e-01  3.538987e+00  4.370593e-01  3.173640e+00  
   4.5198302  -3.011424e-01  3.501479e+00  -3.013799e-01  3.501464e+00  2.912814e-01  3.165885e+00  
   4.5408301  -4.625610e-01  3.446808e+00  -4.627776e-01  3.446800e+00  1.493576e-01  3.142593e+00  
   4.5608301  -6.103925e-01  3.379334e+00  -6.105854e-01  3.379339e+00  1.983686e-02  3.106982e+00  
   4.5818300  -7.572652e-01  3.293279e+00  -7.574311e-01  3.293304e+00  -1.084050e-01  3.056918e+00  
   4.6034298  -8.972462e-01  3.190002e+00  -8.973845e-01  3.190053e+00  -2.304815e-01  2.993712e+00  
   4.6234298  -1.015104e+00  3.082741e+00  -1.015219e+00  3.082824e+00  -3.336400e-01  2.926409e+00  
   4.6444302  -1.125216e+00  2.960189e+00  -1.125310e+00  2.960308e+00  -4.311287e-01  2.848591e+00  
   4.6654301  -1.220251e+00  2.829878e+00  -1.220332e+00  2.830037e+00  -5.172911e-01  2.765392e+00  
   4.6864300  -1.299550e+00  2.694425e+00  -1.299624e+00  2.694625e+00  -5.922323e-01  2.678680e+00  
   4.7074299  -1.362938e+00  2.556502e+00  -1.363015e+00  2.556743e+00  -6.563324e-01  2.590166e+00  
   4.7274299  -1.408796e+00  2.425237e+00  -1.408884e+00  2.425518e+00  -7.078364e-01  2.505581e+00  
   4.7484298  -1.442433e+00  2.289839e+00  -1.442542e+00  2.290158e+00  -7.525934e-01  2.417720e+00  
   4.7694302  -1.462322e+00  2.159047e+00  -1.462460e+00  2.159398e+00  -7.886037e-01  2.331910e+00  
   4.7904301  -1.469899e+00  2.034661e+00  -1.470072e+00  2.035039e+00  -8.167210e-01  2.249038e+00  
   4.8114300  -1.466800e+00  1.918076e+00  -1.467016e+00  1.918473e+00  -8.378079e-01  2.169787e+00  
   4.8324299  -1.454764e+00  1.810265e+00  -1.455027e+00  1.810674e+00  -8.527067e-01  2.094663e+00  
   4.8524299  -1.436588e+00  1.716274e+00  -1.436897e+00  1.716686e+00  -8.618805e-01  2.027270e+00  
   4.8734298  -1.412054e+00  1.626909e+00  -1.412414e+00  1.627316e+00  -8.669745e-01  1.961069e+00  
   4.8944302  -1.383446e+00  1.547003e+00  -1.383856e+00  1.547398e+00  -8.681123e-01  1.899626e+00  
   4.9154301  -1.352121e+00  1.476219e+00  -1.352580e+00  1.476594e+00  -8.659391e-01  1.842932e+00  
   4.9364300  -1.319234e+00  1.414031e+00  -1.319739e+00  1.414381e+00  -8.610404e-01  1.790890e+00  
   4.9574299  -1.285738e+00  1.359791e+00  -1.286286e+00  1.360111e+00  -8.539400e-01  1.743338e+00  
   4.9774299  -1.253963e+00  1.314868e+00  -1.254548e+00  1.315156e+00  -8.455556e-01  1.702030e+00  
   4.9984298  -1.221289e+00  1.274056e+00  -1.221908e+00  1.274307e+00  -8.354397e-01  1.662597e+00  
