w Re-xx Im-xx Re-yy Im-yy Re-zz Im-zz
# Gaussian absolute broadening  0.15 [eV]
   0.0000000  7.710885e-01  8.941720e-05  7.711123e-01  8.941720e-05  7.266784e-01  7.933920e-05  
   0.0200000  7.711897e-01  9.570021e-05  7.712134e-01  9.570021e-05  7.267681e-01  8.491329e-05  
   0.0410000  7.713099e-01  1.028600e-04  7.713335e-01  1.028600e-04  7.268748e-01  9.126485e-05  
   0.0620000  7.714466e-01  1.106330e-04  7.714703e-01  1.106330e-04  7.269961e-01  9.815984e-05  
   0.0830000  7.716021e-01  1.190534e-04  7.716259e-01  1.190535e-04  7.271342e-01  1.056286e-04  
   0.1040000  7.717788e-01  1.281511e-04  7.718024e-01  1.281512e-04  7.272911e-01  1.136972e-04  
   0.1240000  7.719679e-01  1.374668e-04  7.719916e-01  1.374669e-04  7.274587e-01  1.219585e-04  
   0.1450000  7.721912e-01  1.479474e-04  7.722151e-01  1.479476e-04  7.276569e-01  1.312519e-04  
   0.1660000  7.724417e-01  1.591509e-04  7.724655e-01  1.591511e-04  7.278792e-01  1.411851e-04  
   0.1870000  7.727221e-01  1.710736e-04  7.727458e-01  1.710739e-04  7.281277e-01  1.517546e-04  
   0.2080000  7.730340e-01  1.837009e-04  7.730577e-01  1.837014e-04  7.284043e-01  1.629473e-04  
   0.2290000  7.733790e-01  1.970073e-04  7.734028e-01  1.970080e-04  7.287107e-01  1.747402e-04  
   0.2490000  7.737404e-01  2.102790e-04  7.737643e-01  2.102800e-04  7.290308e-01  1.865003e-04  
   0.2700000  7.741553e-01  2.248006e-04  7.741791e-01  2.248019e-04  7.293988e-01  1.993657e-04  
   0.2910000  7.746072e-01  2.398731e-04  7.746311e-01  2.398749e-04  7.297997e-01  2.127165e-04  
   0.3120000  7.750978e-01  2.554422e-04  7.751216e-01  2.554445e-04  7.302346e-01  2.265045e-04  
   0.3330000  7.756264e-01  2.714520e-04  7.756504e-01  2.714552e-04  7.307034e-01  2.406797e-04  
   0.3540000  7.761942e-01  2.878490e-04  7.762182e-01  2.878529e-04  7.312069e-01  2.551939e-04  
   0.3740000  7.767714e-01  3.037787e-04  7.767953e-01  3.037837e-04  7.317184e-01  2.692912e-04  
   0.3950000  7.774154e-01  3.207911e-04  7.774394e-01  3.207973e-04  7.322893e-01  2.843424e-04  
   0.4160000  7.780980e-01  3.380587e-04  7.781221e-01  3.380664e-04  7.328942e-01  2.996152e-04  
   0.4374300  7.788354e-01  3.559111e-04  7.788594e-01  3.559204e-04  7.335479e-01  3.154002e-04  
   0.4574300  7.795596e-01  3.727597e-04  7.795836e-01  3.727707e-04  7.341896e-01  3.302930e-04  
   0.4784300  7.803579e-01  3.906286e-04  7.803822e-01  3.906414e-04  7.348969e-01  3.460823e-04  
   0.4994300  7.811949e-01  4.086678e-04  7.812189e-01  4.086827e-04  7.356383e-01  3.620163e-04  
   0.5204300  7.820706e-01  4.268703e-04  7.820947e-01  4.268871e-04  7.364141e-01  3.780884e-04  
   0.5414300  7.829850e-01  4.452324e-04  7.830094e-01  4.452512e-04  7.372240e-01  3.942951e-04  
   0.5614300  7.838925e-01  4.628686e-04  7.839168e-01  4.628893e-04  7.380278e-01  4.098550e-04  
   0.5824300  7.848838e-01  4.815446e-04  7.849083e-01  4.815673e-04  7.389051e-01  4.263253e-04  
   0.6034300  7.859144e-01  5.003861e-04  7.859390e-01  5.004103e-04  7.398178e-01  4.429339e-04  
   0.6244300  7.869854e-01  5.193983e-04  7.870098e-01  5.194242e-04  7.407654e-01  4.596854e-04  
   0.6454300  7.880963e-01  5.385869e-04  7.881210e-01  5.386143e-04  7.417487e-01  4.765843e-04  
   0.6664300  7.892480e-01  5.579583e-04  7.892726e-01  5.579871e-04  7.427678e-01  4.936359e-04  
   0.6864300  7.903826e-01  5.765831e-04  7.904072e-01  5.766132e-04  7.437714e-01  5.100222e-04  
   0.7074300  7.916142e-01  5.963311e-04  7.916391e-01  5.963626e-04  7.448608e-01  5.273880e-04  
   0.7284300  7.928879e-01  6.162833e-04  7.929126e-01  6.163159e-04  7.459870e-01  5.449236e-04  
   0.7494300  7.942035e-01  6.364469e-04  7.942284e-01  6.364808e-04  7.471504e-01  5.626356e-04  
   0.7704300  7.955616e-01  6.568301e-04  7.955863e-01  6.568653e-04  7.483505e-01  5.805303e-04  
   0.7914300  7.969627e-01  6.774411e-04  7.969877e-01  6.774780e-04  7.495890e-01  5.986148e-04  
   0.8114300  7.983371e-01  6.972898e-04  7.983623e-01  6.973282e-04  7.508033e-01  6.160203e-04  
   0.8324300  7.998233e-01  7.183707e-04  7.998486e-01  7.184108e-04  7.521161e-01  6.344952e-04  
   0.8540300  8.013989e-01  7.403194e-04  8.014244e-01  7.403618e-04  7.535079e-01  6.537186e-04  
   0.8740300  8.028998e-01  7.608913e-04  8.029254e-01  7.609360e-04  7.548331e-01  6.717247e-04  
   0.8950300  8.045208e-01  7.827595e-04  8.045462e-01  7.828067e-04  7.562636e-01  6.908526e-04  
   0.9160300  8.061875e-01  8.049123e-04  8.062130e-01  8.049619e-04  7.577345e-01  7.102166e-04  
   0.9370300  8.079009e-01  8.273605e-04  8.079268e-01  8.274128e-04  7.592463e-01  7.298250e-04  
   0.9580300  8.096619e-01  8.501153e-04  8.096878e-01  8.501704e-04  7.607993e-01  7.496871e-04  
   0.9780300  8.113840e-01  8.720830e-04  8.114100e-01  8.721406e-04  7.623179e-01  7.688479e-04  
   0.9990300  8.132399e-01  8.954701e-04  8.132659e-01  8.955305e-04  7.639537e-01  7.892322e-04  
   1.0200300  8.151452e-01  9.191995e-04  8.151715e-01  9.192625e-04  7.656329e-01  8.098987e-04  
   1.0410300  8.171011e-01  9.432829e-04  8.171274e-01  9.433487e-04  7.673556e-01  8.308570e-04  
   1.0620300  8.191079e-01  9.677337e-04  8.191344e-01  9.678018e-04  7.691230e-01  8.521178e-04  
   1.0830300  8.211666e-01  9.925643e-04  8.211930e-01  9.926342e-04  7.709354e-01  8.736906e-04  
   1.1030300  8.231758e-01  1.016577e-03  8.232025e-01  1.016650e-03  7.727037e-01  8.945363e-04  
   1.1240300  8.253378e-01  1.042188e-03  8.253647e-01  1.042262e-03  7.746060e-01  9.167507e-04  
   1.1450300  8.275540e-01  1.068220e-03  8.275810e-01  1.068296e-03  7.765550e-01  9.393097e-04  
   1.1660300  8.298255e-01  1.094687e-03  8.298525e-01  1.094765e-03  7.785520e-01  9.622254e-04  
   1.1870300  8.321528e-01  1.121605e-03  8.321801e-01  1.121684e-03  7.805976e-01  9.855099e-04  
   1.2080300  8.345372e-01  1.148990e-03  8.345647e-01  1.149069e-03  7.826921e-01  1.009177e-03  
   1.2280300  8.368614e-01  1.175519e-03  8.368888e-01  1.175600e-03  7.847331e-01  1.032083e-03  
   1.2490300  8.393595e-01  1.203863e-03  8.393872e-01  1.203945e-03  7.869257e-01  1.056532e-03  
   1.2706300  8.419920e-01  1.233560e-03  8.420196e-01  1.233643e-03  7.892356e-01  1.082123e-03  
   1.2906300  8.444867e-01  1.261564e-03  8.445146e-01  1.261649e-03  7.914235e-01  1.106230e-03  
   1.3116300  8.471670e-01  1.291514e-03  8.471951e-01  1.291600e-03  7.937734e-01  1.131985e-03  
   1.3326300  8.499106e-01  1.322045e-03  8.499388e-01  1.322132e-03  7.961775e-01  1.158211e-03  
   1.3536299  8.527189e-01  1.353178e-03  8.527473e-01  1.353267e-03  7.986369e-01  1.184924e-03  
   1.3746300  8.555933e-01  1.384938e-03  8.556218e-01  1.385029e-03  8.011532e-01  1.212142e-03  
   1.3946300  8.583938e-01  1.415792e-03  8.584225e-01  1.415885e-03  8.036039e-01  1.238552e-03  
   1.4156300  8.614009e-01  1.448850e-03  8.614299e-01  1.448945e-03  8.062342e-01  1.266812e-03  
   1.4366300  8.644788e-01  1.482615e-03  8.645077e-01  1.482713e-03  8.089244e-01  1.295633e-03  
   1.4576300  8.676283e-01  1.517114e-03  8.676575e-01  1.517216e-03  8.116761e-01  1.325040e-03  
   1.4786299  8.708512e-01  1.552382e-03  8.708810e-01  1.552486e-03  8.144907e-01  1.355051e-03  
   1.4996300  8.741491e-01  1.588450e-03  8.741788e-01  1.588558e-03  8.173689e-01  1.385689e-03  
   1.5196300  8.773609e-01  1.623577e-03  8.773906e-01  1.623690e-03  8.201701e-01  1.415473e-03  
   1.5406300  8.808095e-01  1.661315e-03  8.808395e-01  1.661431e-03  8.231766e-01  1.447404e-03  
   1.5616300  8.843382e-01  1.699966e-03  8.843685e-01  1.700087e-03  8.262506e-01  1.480034e-03  
   1.5826300  8.879483e-01  1.739577e-03  8.879791e-01  1.739702e-03  8.293940e-01  1.513389e-03  
   1.6036299  8.916426e-01  1.780195e-03  8.916736e-01  1.780324e-03  8.326082e-01  1.547497e-03  
   1.6246300  8.954223e-01  1.821872e-03  8.954535e-01  1.822006e-03  8.358948e-01  1.582389e-03  
   1.6446300  8.991031e-01  1.862602e-03  8.991344e-01  1.862739e-03  8.390931e-01  1.616374e-03  
   1.6656300  9.030555e-01  1.906515e-03  9.030873e-01  1.906659e-03  8.425251e-01  1.652883e-03  
   1.6872300  9.072177e-01  1.952987e-03  9.072499e-01  1.953134e-03  8.461367e-01  1.691355e-03  
   1.7072300  9.111603e-01  1.997264e-03  9.111928e-01  1.997415e-03  8.495552e-01  1.727840e-03  
   1.7282300  9.153951e-01  2.045132e-03  9.154276e-01  2.045288e-03  8.532240e-01  1.767083e-03  
   1.7492300  9.197294e-01  2.094507e-03  9.197620e-01  2.094667e-03  8.569763e-01  1.807323e-03  
   1.7702301  9.241663e-01  2.145500e-03  9.241990e-01  2.145667e-03  8.608139e-01  1.848603e-03  
   1.7912300  9.287084e-01  2.198240e-03  9.287416e-01  2.198412e-03  8.647395e-01  1.890971e-03  
   1.8112299  9.331349e-01  2.250225e-03  9.331685e-01  2.250404e-03  8.685620e-01  1.932379e-03  
   1.8322300  9.378918e-01  2.306813e-03  9.379256e-01  2.306998e-03  8.726659e-01  1.977022e-03  
   1.8532300  9.427633e-01  2.365637e-03  9.427977e-01  2.365831e-03  8.768651e-01  2.022913e-03  
   1.8742300  9.477533e-01  2.426912e-03  9.477879e-01  2.427117e-03  8.811623e-01  2.070116e-03  
   1.8952301  9.528655e-01  2.490875e-03  9.529006e-01  2.491089e-03  8.855603e-01  2.118701e-03  
   1.9162300  9.581027e-01  2.557789e-03  9.581379e-01  2.558016e-03  8.900613e-01  2.168742e-03  
   1.9362299  9.632102e-01  2.624530e-03  9.632460e-01  2.624769e-03  8.944470e-01  2.217831e-03  
   1.9572300  9.687034e-01  2.698075e-03  9.687395e-01  2.698331e-03  8.991583e-01  2.270967e-03  
   1.9782300  9.743335e-01  2.775513e-03  9.743707e-01  2.775785e-03  9.039822e-01  2.325842e-03  
   1.9992300  9.801050e-01  2.857210e-03  9.801421e-01  2.857501e-03  9.089223e-01  2.382573e-03  
   2.0202301  9.860224e-01  2.943554e-03  9.860596e-01  2.943867e-03  9.139826e-01  2.441300e-03  
   2.0412300  9.920899e-01  3.034950e-03  9.921280e-01  3.035286e-03  9.191653e-01  2.502179e-03  
   2.0612299  9.980131e-01  3.127081e-03  9.980514e-01  3.127441e-03  9.242194e-01  2.562327e-03  
   2.0822301  1.004389e+00  3.229585e-03  1.004428e+00  3.229971e-03  9.296548e-01  2.627956e-03  
   2.1038301  1.011120e+00  3.341652e-03  1.011160e+00  3.342067e-03  9.353871e-01  2.698348e-03  
   2.1238301  1.017515e+00  3.451862e-03  1.017555e+00  3.452305e-03  9.408267e-01  2.766386e-03  
   2.1448300  1.024403e+00  3.574736e-03  1.024444e+00  3.575206e-03  9.466807e-01  2.841076e-03  
   2.1658299  1.031475e+00  3.705449e-03  1.031516e+00  3.705950e-03  9.526843e-01  2.919420e-03  
   2.1868300  1.038739e+00  3.844562e-03  1.038780e+00  3.845093e-03  9.588447e-01  3.001788e-03  
   2.2078300  1.046200e+00  3.992672e-03  1.046243e+00  3.993232e-03  9.651663e-01  3.088573e-03  
   2.2278299  1.053499e+00  4.142686e-03  1.053541e+00  4.143274e-03  9.713429e-01  3.175733e-03  
   2.2488301  1.061371e+00  4.310279e-03  1.061414e+00  4.310893e-03  9.779981e-01  3.272424e-03  
   2.2698300  1.069466e+00  4.488944e-03  1.069510e+00  4.489586e-03  9.848339e-01  3.374897e-03  
   2.2908299  1.077793e+00  4.679519e-03  1.077838e+00  4.680187e-03  9.918573e-01  3.483678e-03  
   2.3118300  1.086363e+00  4.882916e-03  1.086408e+00  4.883613e-03  9.990764e-01  3.599316e-03  
   2.3328300  1.095186e+00  5.100120e-03  1.095232e+00  5.100843e-03  1.006499e+00  3.722400e-03  
   2.3528299  1.103832e+00  5.320806e-03  1.103879e+00  5.321557e-03  1.013764e+00  3.847128e-03  
   2.3738301  1.113181e+00  5.568170e-03  1.113228e+00  5.568955e-03  1.021607e+00  3.986626e-03  
   2.3948300  1.122817e+00  5.832811e-03  1.122865e+00  5.833636e-03  1.029680e+00  4.135617e-03  
   2.4158299  1.132754e+00  6.116129e-03  1.132804e+00  6.116995e-03  1.037993e+00  4.294957e-03  
   2.4368300  1.143008e+00  6.419657e-03  1.143059e+00  6.420571e-03  1.046557e+00  4.465627e-03  
   2.4578300  1.153595e+00  6.745087e-03  1.153646e+00  6.746057e-03  1.055385e+00  4.648777e-03  
   2.4778299  1.164002e+00  7.077110e-03  1.164054e+00  7.078140e-03  1.064047e+00  4.836034e-03  
   2.4988301  1.175288e+00  7.450981e-03  1.175342e+00  7.452076e-03  1.073426e+00  5.047670e-03  
   2.5204301  1.187303e+00  7.865014e-03  1.187357e+00  7.866191e-03  1.083391e+00  5.283369e-03  
   2.5404301  1.198814e+00  8.277656e-03  1.198869e+00  8.278904e-03  1.092919e+00  5.520021e-03  
   2.5614300  1.211325e+00  8.744381e-03  1.211382e+00  8.745712e-03  1.103255e+00  5.790167e-03  
   2.5824299  1.224297e+00  9.249175e-03  1.224355e+00  9.250597e-03  1.113947e+00  6.085637e-03  
   2.6034300  1.237761e+00  9.796706e-03  1.237820e+00  9.798223e-03  1.125019e+00  6.410202e-03  
   2.6244299  1.251749e+00  1.039265e-02  1.251809e+00  1.039425e-02  1.136490e+00  6.768270e-03  
   2.6444299  1.265591e+00  1.101168e-02  1.265653e+00  1.101338e-02  1.147811e+00  7.145199e-03  
   2.6654301  1.280711e+00  1.172421e-02  1.280774e+00  1.172599e-02  1.160139e+00  7.584528e-03  
   2.6864300  1.296475e+00  1.251179e-02  1.296539e+00  1.251366e-02  1.172946e+00  8.075505e-03  
   2.7074299  1.312934e+00  1.338877e-02  1.313001e+00  1.339072e-02  1.186266e+00  8.626597e-03  
   2.7284300  1.330145e+00  1.437355e-02  1.330213e+00  1.437559e-02  1.200135e+00  9.247863e-03  
   2.7494299  1.348168e+00  1.548989e-02  1.348239e+00  1.549201e-02  1.214590e+00  9.951380e-03  
   2.7694299  1.366154e+00  1.670339e-02  1.366227e+00  1.670559e-02  1.228942e+00  1.071125e-02  
   2.7904301  1.385974e+00  1.817322e-02  1.386050e+00  1.817552e-02  1.244672e+00  1.162068e-02  
   2.8114300  1.406836e+00  1.989301e-02  1.406914e+00  1.989544e-02  1.261131e+00  1.266616e-02  
   2.8324299  1.428830e+00  2.192703e-02  1.428912e+00  2.192962e-02  1.278379e+00  1.387534e-02  
   2.8534300  1.452056e+00  2.435687e-02  1.452140e+00  2.435967e-02  1.296482e+00  1.528305e-02  
   2.8744299  1.476617e+00  2.728513e-02  1.476704e+00  2.728824e-02  1.315513e+00  1.693327e-02  
   2.8944299  1.501346e+00  3.065411e-02  1.501438e+00  3.065765e-02  1.334573e+00  1.878127e-02  
   2.9154301  1.528820e+00  3.495134e-02  1.528915e+00  3.495552e-02  1.355650e+00  2.107918e-02  
   2.9370301  1.558795e+00  4.038066e-02  1.558893e+00  4.038581e-02  1.378564e+00  2.391619e-02  
   2.9570301  1.588181e+00  4.653328e-02  1.588283e+00  4.653965e-02  1.400984e+00  2.707403e-02  
   2.9780300  1.620791e+00  5.441691e-02  1.620897e+00  5.442508e-02  1.425865e+00  3.107091e-02  
   2.9990301  1.655233e+00  6.406102e-02  1.655343e+00  6.407164e-02  1.452209e+00  3.592894e-02  
   3.0200300  1.691500e+00  7.581061e-02  1.691614e+00  7.582448e-02  1.480100e+00  4.184782e-02  
   3.0410299  1.729528e+00  9.004457e-02  1.729646e+00  9.006265e-02  1.509606e+00  4.906481e-02  
   3.0610299  1.767265e+00  1.062788e-01  1.767386e+00  1.063020e-01  1.539243e+00  5.739742e-02  
   3.0820301  1.808280e+00  1.265339e-01  1.808403e+00  1.265637e-01  1.571980e+00  6.798087e-02  
   3.1030300  1.850427e+00  1.504754e-01  1.850553e+00  1.505133e-01  1.606325e+00  8.078679e-02  
   3.1240301  1.893314e+00  1.784810e-01  1.893441e+00  1.785286e-01  1.642173e+00  9.619308e-02  
   3.1450300  1.936455e+00  2.108732e-01  1.936582e+00  2.109320e-01  1.679336e+00  1.145942e-01  
   3.1660299  1.979277e+00  2.478948e-01  1.979403e+00  2.479664e-01  1.717543e+00  1.363863e-01  
   3.1860299  2.019169e+00  2.875838e-01  2.019292e+00  2.876692e-01  1.754564e+00  1.606382e-01  
   3.2070301  2.059453e+00  3.339209e-01  2.059572e+00  3.340221e-01  1.793654e+00  1.900952e-01  
   3.2280300  2.097382e+00  3.849060e-01  2.097497e+00  3.850238e-01  1.832422e+00  2.239001e-01  
   3.2490301  2.132245e+00  4.402585e-01  2.132354e+00  4.403936e-01  1.870222e+00  2.622172e-01  
   3.2700300  2.163374e+00  4.995448e-01  2.163475e+00  4.996977e-01  1.906351e+00  3.050826e-01  
   3.2910299  2.190183e+00  5.621953e-01  2.190276e+00  5.623657e-01  1.940067e+00  3.523850e-01  
   3.3110299  2.211267e+00  6.243637e-01  2.211350e+00  6.245499e-01  1.969253e+00  4.013088e-01  
   3.3320301  2.228412e+00  6.915304e-01  2.228488e+00  6.917323e-01  1.996153e+00  4.563219e-01  
   3.3536301  2.240536e+00  7.617974e-01  2.240603e+00  7.620134e-01  2.019172e+00  5.161726e-01  
   3.3736300  2.246766e+00  8.271688e-01  2.246825e+00  8.273960e-01  2.035806e+00  5.738428e-01  
   3.3946300  2.248282e+00  8.953876e-01  2.248334e+00  8.956240e-01  2.048094e+00  6.358924e-01  
   3.4156301  2.244940e+00  9.625057e-01  2.244985e+00  9.627485e-01  2.054913e+00  6.985578e-01  
   3.4366300  2.237148e+00  1.027955e+00  2.237187e+00  1.028202e+00  2.056293e+00  7.608814e-01  
   3.4576299  2.225397e+00  1.091310e+00  2.225432e+00  1.091557e+00  2.052467e+00  8.219369e-01  
   3.4776299  2.211017e+00  1.149441e+00  2.211048e+00  1.149685e+00  2.044365e+00  8.781316e-01  
   3.4986300  2.193083e+00  1.208023e+00  2.193111e+00  1.208264e+00  2.031729e+00  9.343935e-01  
   3.5196300  2.172748e+00  1.264075e+00  2.172774e+00  1.264307e+00  2.015554e+00  9.873003e-01  
   3.5406301  2.150460e+00  1.317677e+00  2.150484e+00  1.317901e+00  1.996617e+00  1.036490e+00  
   3.5616300  2.126589e+00  1.368977e+00  2.126611e+00  1.369190e+00  1.975724e+00  1.081806e+00  
   3.5826299  2.101420e+00  1.418156e+00  2.101441e+00  1.418357e+00  1.953660e+00  1.123294e+00  
   3.6026299  2.076431e+00  1.463183e+00  2.076450e+00  1.463371e+00  1.932207e+00  1.159457e+00  
   3.6236300  2.049252e+00  1.508698e+00  2.049270e+00  1.508873e+00  1.909805e+00  1.194276e+00  
   3.6446300  2.021203e+00  1.552496e+00  2.021220e+00  1.552656e+00  1.887988e+00  1.226347e+00  
   3.6656301  1.992357e+00  1.594603e+00  1.992373e+00  1.594749e+00  1.867077e+00  1.256219e+00  
   3.6866300  1.962801e+00  1.634979e+00  1.962816e+00  1.635111e+00  1.847236e+00  1.284450e+00  
   3.7076299  1.932658e+00  1.673531e+00  1.932673e+00  1.673649e+00  1.828498e+00  1.311559e+00  
   3.7276299  1.903570e+00  1.708434e+00  1.903587e+00  1.708540e+00  1.811603e+00  1.336738e+00  
   3.7486300  1.872876e+00  1.743050e+00  1.872895e+00  1.743144e+00  1.794722e+00  1.362825e+00  
   3.7702301  1.841490e+00  1.776372e+00  1.841513e+00  1.776455e+00  1.778092e+00  1.389500e+00  
   3.7902300  1.812976e+00  1.805114e+00  1.813005e+00  1.805189e+00  1.763205e+00  1.414139e+00  
   3.8112299  1.784062e+00  1.833152e+00  1.784097e+00  1.833219e+00  1.748001e+00  1.439936e+00  
   3.8322301  1.756694e+00  1.859157e+00  1.756737e+00  1.859221e+00  1.733219e+00  1.465571e+00  
   3.8532300  1.731388e+00  1.883437e+00  1.731440e+00  1.883499e+00  1.718945e+00  1.490925e+00  
   3.8742299  1.708632e+00  1.906457e+00  1.708694e+00  1.906520e+00  1.705382e+00  1.515897e+00  
   3.8942299  1.689711e+00  1.927778e+00  1.689782e+00  1.927844e+00  1.693400e+00  1.539287e+00  
   3.9152300  1.673028e+00  1.950269e+00  1.673109e+00  1.950343e+00  1.682161e+00  1.563491e+00  
   3.9362299  1.659767e+00  1.973748e+00  1.659856e+00  1.973832e+00  1.672712e+00  1.587528e+00  
   3.9572301  1.649904e+00  1.999204e+00  1.649999e+00  1.999301e+00  1.665467e+00  1.611752e+00  
   3.9782300  1.643200e+00  2.027672e+00  1.643299e+00  2.027786e+00  1.660786e+00  1.636682e+00  
   3.9992299  1.639183e+00  2.060183e+00  1.639283e+00  2.060316e+00  1.658924e+00  1.662996e+00  
   4.0192299  1.637209e+00  2.095795e+00  1.637307e+00  2.095948e+00  1.659869e+00  1.690086e+00  
   4.0402298  1.636177e+00  2.138882e+00  1.636269e+00  2.139058e+00  1.663626e+00  1.721536e+00  
   4.0612302  1.635086e+00  2.188467e+00  1.635164e+00  2.188667e+00  1.669903e+00  1.757015e+00  
   4.0822301  1.632612e+00  2.244989e+00  1.632675e+00  2.245214e+00  1.678130e+00  1.797491e+00  
   4.1032300  1.627311e+00  2.308626e+00  1.627353e+00  2.308876e+00  1.687470e+00  1.843875e+00  
   4.1242299  1.617667e+00  2.379256e+00  1.617684e+00  2.379529e+00  1.696822e+00  1.896957e+00  
   4.1442299  1.603050e+00  2.452633e+00  1.603039e+00  2.452927e+00  1.704511e+00  1.954296e+00  
   4.1652298  1.580592e+00  2.535402e+00  1.580549e+00  2.535716e+00  1.709808e+00  2.021980e+00  
   4.1868300  1.548495e+00  2.625618e+00  1.548416e+00  2.625948e+00  1.710506e+00  2.099657e+00  
   4.2068300  1.509538e+00  2.712574e+00  1.509424e+00  2.712918e+00  1.705149e+00  2.178606e+00  
   4.2278299  1.458133e+00  2.806017e+00  1.457981e+00  2.806370e+00  1.691519e+00  2.268128e+00  
   4.2488298  1.395263e+00  2.900070e+00  1.395072e+00  2.900426e+00  1.667937e+00  2.363395e+00  
   4.2698302  1.320465e+00  2.993024e+00  1.320236e+00  2.993380e+00  1.632781e+00  2.462947e+00  
   4.2908301  1.233555e+00  3.083101e+00  1.233289e+00  3.083452e+00  1.584689e+00  2.564943e+00  
   4.3108301  1.139596e+00  3.164582e+00  1.139297e+00  3.164924e+00  1.525939e+00  2.662383e+00  
   4.3318300  1.029524e+00  3.243917e+00  1.029193e+00  3.244244e+00  1.450101e+00  2.762697e+00  
   4.3528299  9.083493e-01  3.315195e+00  9.079891e-01  3.315503e+00  1.359693e+00  2.858452e+00  
   4.3738298  7.769139e-01  3.376788e+00  7.765291e-01  3.377072e+00  1.255175e+00  2.947058e+00  
   4.3948302  6.362958e-01  3.427175e+00  6.358907e-01  3.427433e+00  1.137558e+00  3.026015e+00  
   4.4158301  4.878113e-01  3.464973e+00  4.873904e-01  3.465199e+00  1.008390e+00  3.093043e+00  
   4.4358301  3.404772e-01  3.488151e+00  3.400463e-01  3.488344e+00  8.764725e-01  3.144018e+00  
   4.4568300  1.812256e-01  3.498043e+00  1.807890e-01  3.498197e+00  7.309116e-01  3.182589e+00  
   4.4778299  1.920322e-02  3.492356e+00  1.876650e-02  3.492470e+00  5.807506e-01  3.204879e+00  
   4.4988298  -1.435025e-01  3.470569e+00  -1.439345e-01  3.470640e+00  4.287926e-01  3.210461e+00  
   4.5198302  -3.046777e-01  3.432477e+00  -3.050997e-01  3.432505e+00  2.778448e-01  3.199488e+00  
   4.5408301  -4.620173e-01  3.378236e+00  -4.624248e-01  3.378221e+00  1.305989e-01  3.172656e+00  
   4.5608301  -6.061865e-01  3.312055e+00  -6.065765e-01  3.312000e+00  -3.960968e-03  3.133436e+00  
   4.5818300  -7.494391e-01  3.228220e+00  -7.498072e-01  3.228126e+00  -1.372646e-01  3.079421e+00  
   4.6034298  -8.859244e-01  3.128060e+00  -8.862676e-01  3.127930e+00  -2.640788e-01  3.012085e+00  
   4.6234298  -1.000740e+00  3.024349e+00  -1.001059e+00  3.024189e+00  -3.710037e-01  2.941017e+00  
   4.6444302  -1.107853e+00  2.906106e+00  -1.108145e+00  2.905920e+00  -4.716226e-01  2.859439e+00  
   4.6654301  -1.200091e+00  2.780592e+00  -1.200357e+00  2.780385e+00  -5.599207e-01  2.772816e+00  
   4.6864300  -1.276800e+00  2.650308e+00  -1.277043e+00  2.650088e+00  -6.358986e-01  2.683152e+00  
   4.7074299  -1.337825e+00  2.517815e+00  -1.338046e+00  2.517587e+00  -6.998885e-01  2.592283e+00  
   4.7274299  -1.381662e+00  2.391860e+00  -1.381865e+00  2.391630e+00  -7.502313e-01  2.506101e+00  
   4.7484298  -1.413440e+00  2.262081e+00  -1.413628e+00  2.261855e+00  -7.927245e-01  2.417315e+00  
   4.7694302  -1.431762e+00  2.136852e+00  -1.431939e+00  2.136634e+00  -8.255137e-01  2.331384e+00  
   4.7904301  -1.438081e+00  2.017885e+00  -1.438250e+00  2.017679e+00  -8.496042e-01  2.249202e+00  
   4.8114300  -1.434044e+00  1.906492e+00  -1.434209e+00  1.906300e+00  -8.660333e-01  2.171419e+00  
   4.8324299  -1.421394e+00  1.803582e+00  -1.421558e+00  1.803406e+00  -8.758269e-01  2.098483e+00  
   4.8524299  -1.402926e+00  1.713938e+00  -1.403091e+00  1.713777e+00  -8.798862e-01  2.033767e+00  
   4.8734298  -1.378380e+00  1.628763e+00  -1.378548e+00  1.628620e+00  -8.795037e-01  1.970907e+00  
   4.8944302  -1.350041e+00  1.552642e+00  -1.350214e+00  1.552515e+00  -8.751969e-01  1.913245e+00  
   4.9154301  -1.319239e+00  1.485225e+00  -1.319416e+00  1.485113e+00  -8.677284e-01  1.860667e+00  
   4.9364300  -1.287098e+00  1.425985e+00  -1.287282e+00  1.425886e+00  -8.577726e-01  1.812976e+00  
   4.9574299  -1.254541e+00  1.374283e+00  -1.254729e+00  1.374196e+00  -8.459165e-01  1.769918e+00  
   4.9774299  -1.223810e+00  1.331411e+00  -1.224002e+00  1.331334e+00  -8.333191e-01  1.732954e+00  
   4.9984298  -1.192361e+00  1.292388e+00  -1.192556e+00  1.292319e+00  -8.191294e-01  1.698085e+00  
