w Re-xx Im-xx Re-yy Im-yy Re-zz Im-zz
# Gaussian absolute broadening  0.15 [eV]
   0.0000000  7.729051e-01  9.004914e-05  7.729293e-01  9.004957e-05  7.297009e-01  8.002495e-05  
   0.0200000  7.730070e-01  9.637587e-05  7.730312e-01  9.637643e-05  7.297916e-01  8.564469e-05  
   0.0410000  7.731278e-01  1.035855e-04  7.731522e-01  1.035863e-04  7.298990e-01  9.204837e-05  
   0.0620000  7.732658e-01  1.114127e-04  7.732901e-01  1.114137e-04  7.300217e-01  9.900011e-05  
   0.0830000  7.734223e-01  1.198919e-04  7.734467e-01  1.198931e-04  7.301608e-01  1.065305e-04  
   0.1040000  7.736000e-01  1.290532e-04  7.736245e-01  1.290547e-04  7.303185e-01  1.146660e-04  
   0.1240000  7.737904e-01  1.384341e-04  7.738149e-01  1.384360e-04  7.304879e-01  1.229959e-04  
   0.1450000  7.740154e-01  1.489885e-04  7.740397e-01  1.489909e-04  7.306877e-01  1.323668e-04  
   0.1660000  7.742679e-01  1.602710e-04  7.742922e-01  1.602739e-04  7.309120e-01  1.423832e-04  
   0.1870000  7.745501e-01  1.722782e-04  7.745746e-01  1.722818e-04  7.311627e-01  1.530416e-04  
   0.2080000  7.748642e-01  1.849956e-04  7.748885e-01  1.849998e-04  7.314416e-01  1.643288e-04  
   0.2290000  7.752116e-01  1.983974e-04  7.752361e-01  1.984025e-04  7.317505e-01  1.762218e-04  
   0.2490000  7.755755e-01  2.117648e-04  7.756000e-01  2.117707e-04  7.320735e-01  1.880822e-04  
   0.2700000  7.759933e-01  2.263919e-04  7.760177e-01  2.263987e-04  7.324446e-01  2.010579e-04  
   0.2910000  7.764487e-01  2.415749e-04  7.764733e-01  2.415827e-04  7.328487e-01  2.145239e-04  
   0.3120000  7.769426e-01  2.572591e-04  7.769670e-01  2.572679e-04  7.332875e-01  2.284313e-04  
   0.3330000  7.774752e-01  2.733885e-04  7.774997e-01  2.733982e-04  7.337602e-01  2.427300e-04  
   0.3540000  7.780472e-01  2.899091e-04  7.780717e-01  2.899196e-04  7.342681e-01  2.573715e-04  
   0.3740000  7.786286e-01  3.059603e-04  7.786530e-01  3.059716e-04  7.347840e-01  2.715930e-04  
   0.3950000  7.792769e-01  3.231037e-04  7.793016e-01  3.231159e-04  7.353599e-01  2.867777e-04  
   0.4160000  7.799647e-01  3.405060e-04  7.799895e-01  3.405188e-04  7.359700e-01  3.021866e-04  
   0.4374300  7.807075e-01  3.584989e-04  7.807321e-01  3.585125e-04  7.366290e-01  3.181130e-04  
   0.4574300  7.814370e-01  3.754818e-04  7.814616e-01  3.754960e-04  7.372765e-01  3.331401e-04  
   0.4784300  7.822409e-01  3.934945e-04  7.822657e-01  3.935093e-04  7.379895e-01  3.490726e-04  
   0.4994300  7.830840e-01  4.116805e-04  7.831089e-01  4.116960e-04  7.387377e-01  3.651519e-04  
   0.5204300  7.839664e-01  4.300326e-04  7.839912e-01  4.300488e-04  7.395200e-01  3.813712e-04  
   0.5414300  7.848876e-01  4.485474e-04  7.849125e-01  4.485643e-04  7.403370e-01  3.977275e-04  
   0.5614300  7.858019e-01  4.663317e-04  7.858269e-01  4.663496e-04  7.411477e-01  4.134315e-04  
   0.5824300  7.868007e-01  4.851662e-04  7.868255e-01  4.851852e-04  7.420329e-01  4.300554e-04  
   0.6034300  7.878391e-01  5.041691e-04  7.878640e-01  5.041892e-04  7.429534e-01  4.468198e-04  
   0.6244300  7.889180e-01  5.233461e-04  7.889431e-01  5.233675e-04  7.439094e-01  4.637294e-04  
   0.6454300  7.900373e-01  5.427030e-04  7.900626e-01  5.427260e-04  7.449013e-01  4.807884e-04  
   0.6664300  7.911978e-01  5.622465e-04  7.912232e-01  5.622708e-04  7.459294e-01  4.980026e-04  
   0.6864300  7.923412e-01  5.810393e-04  7.923664e-01  5.810650e-04  7.469419e-01  5.145464e-04  
   0.7074300  7.935825e-01  6.009677e-04  7.936079e-01  6.009947e-04  7.480410e-01  5.320802e-04  
   0.7284300  7.948659e-01  6.211050e-04  7.948912e-01  6.211333e-04  7.491770e-01  5.497862e-04  
   0.7494300  7.961920e-01  6.414587e-04  7.962175e-01  6.414882e-04  7.503507e-01  5.676718e-04  
   0.7704300  7.975605e-01  6.620370e-04  7.975860e-01  6.620676e-04  7.515619e-01  5.857429e-04  
   0.7914300  7.989728e-01  6.828494e-04  7.989986e-01  6.828807e-04  7.528114e-01  6.040070e-04  
   0.8114300  8.003583e-01  7.028953e-04  8.003841e-01  7.029274e-04  7.540368e-01  6.215870e-04  
   0.8324300  8.018568e-01  7.241890e-04  8.018824e-01  7.242221e-04  7.553615e-01  6.402486e-04  
   0.8540300  8.034450e-01  7.463640e-04  8.034710e-01  7.463975e-04  7.567658e-01  6.596678e-04  
   0.8740300  8.049583e-01  7.671520e-04  8.049844e-01  7.671862e-04  7.581031e-01  6.778587e-04  
   0.8950300  8.065925e-01  7.892540e-04  8.066185e-01  7.892890e-04  7.595465e-01  6.971856e-04  
   0.9160300  8.082732e-01  8.116479e-04  8.082992e-01  8.116839e-04  7.610312e-01  7.167524e-04  
   0.9370300  8.100011e-01  8.343454e-04  8.100273e-01  8.343825e-04  7.625570e-01  7.365679e-04  
   0.9580300  8.117770e-01  8.573577e-04  8.118032e-01  8.573963e-04  7.641241e-01  7.566425e-04  
   0.9780300  8.135139e-01  8.795785e-04  8.135404e-01  8.796187e-04  7.656568e-01  7.760103e-04  
   0.9990300  8.153857e-01  9.032406e-04  8.154121e-01  9.032828e-04  7.673080e-01  7.966172e-04  
   1.0200300  8.173077e-01  9.272547e-04  8.173342e-01  9.272991e-04  7.690027e-01  8.175115e-04  
   1.0410300  8.192805e-01  9.516326e-04  8.193072e-01  9.516799e-04  7.707417e-01  8.387039e-04  
   1.0620300  8.213053e-01  9.763888e-04  8.213323e-01  9.764389e-04  7.725260e-01  8.602044e-04  
   1.0830300  8.233822e-01  1.001536e-03  8.234093e-01  1.001589e-03  7.743555e-01  8.820234e-04  
   1.1030300  8.254101e-01  1.025862e-03  8.254369e-01  1.025919e-03  7.761408e-01  9.031103e-04  
   1.1240300  8.275919e-01  1.051814e-03  8.276188e-01  1.051874e-03  7.780611e-01  9.255838e-04  
   1.1450300  8.298286e-01  1.078201e-03  8.298559e-01  1.078265e-03  7.800292e-01  9.484095e-04  
   1.1660300  8.321214e-01  1.105038e-03  8.321487e-01  1.105105e-03  7.820455e-01  9.716001e-04  
   1.1870300  8.344709e-01  1.132341e-03  8.344986e-01  1.132412e-03  7.841111e-01  9.951679e-04  
   1.2080300  8.368783e-01  1.160128e-03  8.369060e-01  1.160202e-03  7.862260e-01  1.019125e-03  
   1.2280300  8.392254e-01  1.187057e-03  8.392530e-01  1.187134e-03  7.882873e-01  1.042316e-03  
   1.2490300  8.417480e-01  1.215840e-03  8.417758e-01  1.215920e-03  7.905018e-01  1.067075e-03  
   1.2706300  8.444065e-01  1.246009e-03  8.444347e-01  1.246092e-03  7.928347e-01  1.092992e-03  
   1.2906300  8.469269e-01  1.274471e-03  8.469549e-01  1.274557e-03  7.950448e-01  1.117412e-03  
   1.3116300  8.496348e-01  1.304925e-03  8.496632e-01  1.305013e-03  7.974186e-01  1.143507e-03  
   1.3326300  8.524070e-01  1.335984e-03  8.524356e-01  1.336074e-03  7.998472e-01  1.170082e-03  
   1.3536299  8.552452e-01  1.367671e-03  8.552737e-01  1.367763e-03  8.023320e-01  1.197157e-03  
   1.3746300  8.581508e-01  1.400014e-03  8.581795e-01  1.400108e-03  8.048746e-01  1.224751e-03  
   1.3946300  8.609819e-01  1.431449e-03  8.610107e-01  1.431545e-03  8.073508e-01  1.251529e-03  
   1.4156300  8.640227e-01  1.465150e-03  8.640519e-01  1.465247e-03  8.100088e-01  1.280191e-03  
   1.4366300  8.671356e-01  1.499589e-03  8.671649e-01  1.499689e-03  8.127276e-01  1.309429e-03  
   1.4576300  8.703218e-01  1.534800e-03  8.703512e-01  1.534901e-03  8.155088e-01  1.339266e-03  
   1.4786299  8.735828e-01  1.570816e-03  8.736125e-01  1.570920e-03  8.183535e-01  1.369726e-03  
   1.4996300  8.769208e-01  1.607676e-03  8.769505e-01  1.607782e-03  8.212631e-01  1.400830e-03  
   1.5196300  8.801721e-01  1.643602e-03  8.802019e-01  1.643710e-03  8.240949e-01  1.431073e-03  
   1.5406300  8.836643e-01  1.682233e-03  8.836945e-01  1.682344e-03  8.271346e-01  1.463506e-03  
   1.5616300  8.872386e-01  1.721848e-03  8.872691e-01  1.721961e-03  8.302433e-01  1.496660e-03  
   1.5826300  8.908970e-01  1.762508e-03  8.909275e-01  1.762624e-03  8.334221e-01  1.530560e-03  
   1.6036299  8.946409e-01  1.804289e-03  8.946720e-01  1.804409e-03  8.366730e-01  1.565237e-03  
   1.6246300  8.984734e-01  1.847281e-03  8.985045e-01  1.847405e-03  8.399972e-01  1.600722e-03  
   1.6446300  9.022075e-01  1.889456e-03  9.022388e-01  1.889584e-03  8.432330e-01  1.635298e-03  
   1.6656300  9.062186e-01  1.935165e-03  9.062499e-01  1.935297e-03  8.467055e-01  1.672456e-03  
   1.6872300  9.104446e-01  1.983890e-03  9.104766e-01  1.984026e-03  8.503599e-01  1.711628e-03  
   1.7072300  9.144499e-01  2.030758e-03  9.144819e-01  2.030901e-03  8.538196e-01  1.748796e-03  
   1.7282300  9.187537e-01  2.082061e-03  9.187866e-01  2.082209e-03  8.575333e-01  1.788792e-03  
   1.7492300  9.231624e-01  2.135858e-03  9.231947e-01  2.136013e-03  8.613317e-01  1.829830e-03  
   1.7702301  9.276773e-01  2.192597e-03  9.277105e-01  2.192759e-03  8.652176e-01  1.871958e-03  
   1.7912300  9.323032e-01  2.252834e-03  9.323363e-01  2.253006e-03  8.691927e-01  1.915233e-03  
   1.8112299  9.368148e-01  2.314081e-03  9.368482e-01  2.314263e-03  8.730646e-01  1.957569e-03  
   1.8322300  9.416662e-01  2.383249e-03  9.417001e-01  2.383440e-03  8.772224e-01  2.003265e-03  
   1.8532300  9.466379e-01  2.458350e-03  9.466724e-01  2.458550e-03  8.814769e-01  2.050311e-03  
   1.8742300  9.517348e-01  2.540503e-03  9.517692e-01  2.540715e-03  8.858321e-01  2.098793e-03  
   1.8952301  9.569592e-01  2.630974e-03  9.569941e-01  2.631197e-03  8.902903e-01  2.148811e-03  
   1.9162300  9.623149e-01  2.731146e-03  9.623499e-01  2.731379e-03  8.948542e-01  2.200479e-03  
   1.9362299  9.675401e-01  2.836901e-03  9.675756e-01  2.837143e-03  8.993019e-01  2.251340e-03  
   1.9572300  9.731612e-01  2.960233e-03  9.731973e-01  2.960483e-03  9.040818e-01  2.306629e-03  
   1.9782300  9.789234e-01  3.097539e-03  9.789598e-01  3.097794e-03  9.089773e-01  2.364022e-03  
   1.9992300  9.848294e-01  3.250069e-03  9.848662e-01  3.250327e-03  9.139917e-01  2.423721e-03  
   2.0202301  9.908826e-01  3.418806e-03  9.909196e-01  3.419064e-03  9.191287e-01  2.485964e-03  
   2.0412300  9.970862e-01  3.604363e-03  9.971233e-01  3.604617e-03  9.243929e-01  2.551012e-03  
   2.0612299  1.003136e+00  3.796867e-03  1.003174e+00  3.797115e-03  9.295279e-01  2.615844e-03  
   2.0822301  1.009643e+00  4.015231e-03  1.009681e+00  4.015471e-03  9.350516e-01  2.687271e-03  
   2.1038301  1.016504e+00  4.256272e-03  1.016543e+00  4.256499e-03  9.408793e-01  2.764702e-03  
   2.1238301  1.023014e+00  4.493023e-03  1.023052e+00  4.493242e-03  9.464116e-01  2.840359e-03  
   2.1448300  1.030017e+00  4.753924e-03  1.030056e+00  4.754134e-03  9.523665e-01  2.924327e-03  
   2.1658299  1.037199e+00  5.025442e-03  1.037239e+00  5.025649e-03  9.584762e-01  3.013394e-03  
   2.1868300  1.044568e+00  5.305511e-03  1.044608e+00  5.305728e-03  9.647468e-01  3.108067e-03  
   2.2078300  1.052134e+00  5.592263e-03  1.052174e+00  5.592503e-03  9.711843e-01  3.208874e-03  
   2.2278299  1.059531e+00  5.870304e-03  1.059572e+00  5.870578e-03  9.774761e-01  3.311106e-03  
   2.2488301  1.067510e+00  6.166771e-03  1.067552e+00  6.167105e-03  9.842578e-01  3.425566e-03  
   2.2698300  1.075720e+00  6.468108e-03  1.075762e+00  6.468528e-03  9.912263e-01  3.547946e-03  
   2.2908299  1.084172e+00  6.775656e-03  1.084216e+00  6.776190e-03  9.983892e-01  3.678947e-03  
   2.3118300  1.092883e+00  7.091941e-03  1.092926e+00  7.092622e-03  1.005754e+00  3.819328e-03  
   2.3328300  1.101863e+00  7.420666e-03  1.101908e+00  7.421524e-03  1.013330e+00  3.969925e-03  
   2.3528299  1.110680e+00  7.749706e-03  1.110726e+00  7.750770e-03  1.020749e+00  4.123711e-03  
   2.3738301  1.120229e+00  8.117499e-03  1.120275e+00  8.118808e-03  1.028763e+00  4.297090e-03  
   2.3948300  1.130090e+00  8.514502e-03  1.130138e+00  8.516092e-03  1.037016e+00  4.483863e-03  
   2.4158299  1.140277e+00  8.947677e-03  1.140325e+00  8.949578e-03  1.045520e+00  4.685457e-03  
   2.4368300  1.150802e+00  9.424217e-03  1.150851e+00  9.426453e-03  1.054286e+00  4.903563e-03  
   2.4578300  1.161681e+00  9.951311e-03  1.161731e+00  9.953897e-03  1.063327e+00  5.140185e-03  
   2.4778299  1.172382e+00  1.050671e-02  1.172433e+00  1.050964e-02  1.072207e+00  5.384968e-03  
   2.4988301  1.183992e+00  1.115241e-02  1.184044e+00  1.115570e-02  1.081827e+00  5.665206e-03  
   2.5204301  1.196349e+00  1.188999e-02  1.196403e+00  1.189367e-02  1.092058e+00  5.981943e-03  
   2.5404301  1.208184e+00  1.264513e-02  1.208239e+00  1.264913e-02  1.101849e+00  6.305020e-03  
   2.5614300  1.221038e+00  1.351865e-02  1.221093e+00  1.352300e-02  1.112480e+00  6.680160e-03  
   2.5824299  1.234350e+00  1.448105e-02  1.234407e+00  1.448572e-02  1.123488e+00  7.098264e-03  
   2.6034300  1.248150e+00  1.553939e-02  1.248209e+00  1.554437e-02  1.134897e+00  7.566842e-03  
   2.6244299  1.262467e+00  1.670186e-02  1.262527e+00  1.670713e-02  1.146729e+00  8.094758e-03  
   2.6444299  1.276614e+00  1.791491e-02  1.276675e+00  1.792046e-02  1.158417e+00  8.662208e-03  
   2.6654301  1.292043e+00  1.931171e-02  1.292105e+00  1.931755e-02  1.171153e+00  9.337493e-03  
   2.6864300  1.308101e+00  2.084979e-02  1.308165e+00  2.085596e-02  1.184393e+00  1.010773e-02  
   2.7074299  1.324837e+00  2.254857e-02  1.324903e+00  2.255512e-02  1.198167e+00  1.098867e-02  
   2.7284300  1.342304e+00  2.443234e-02  1.342371e+00  2.443935e-02  1.212509e+00  1.199815e-02  
   2.7494299  1.360556e+00  2.653127e-02  1.360625e+00  2.653883e-02  1.227453e+00  1.315637e-02  
   2.7694299  1.378726e+00  2.876436e-02  1.378796e+00  2.877259e-02  1.242279e+00  1.441871e-02  
   2.7904301  1.398695e+00  3.139893e-02  1.398767e+00  3.140798e-02  1.258511e+00  1.593654e-02  
   2.8114300  1.419643e+00  3.438532e-02  1.419718e+00  3.439540e-02  1.275464e+00  1.768102e-02  
   2.8324299  1.441648e+00  3.779177e-02  1.441725e+00  3.780308e-02  1.293190e+00  1.968724e-02  
   2.8534300  1.464788e+00  4.170144e-02  1.464867e+00  4.171420e-02  1.311744e+00  2.199662e-02  
   2.8744299  1.489143e+00  4.621527e-02  1.489224e+00  4.622972e-02  1.331182e+00  2.465861e-02  
   2.8944299  1.513544e+00  5.118754e-02  1.513628e+00  5.120382e-02  1.350575e+00  2.757621e-02  
   2.9154301  1.540508e+00  5.725621e-02  1.540595e+00  5.727469e-02  1.371931e+00  3.111050e-02  
   2.9370301  1.569755e+00  6.458551e-02  1.569845e+00  6.460650e-02  1.395032e+00  3.533981e-02  
   2.9570301  1.598263e+00  7.254773e-02  1.598355e+00  7.257134e-02  1.417516e+00  3.989246e-02  
   2.9780300  1.629715e+00  8.235706e-02  1.629809e+00  8.238374e-02  1.442329e+00  4.545591e-02  
   2.9990301  1.662737e+00  9.392002e-02  1.662836e+00  9.395015e-02  1.468443e+00  5.197274e-02  
   3.0200300  1.697309e+00  1.075422e-01  1.697410e+00  1.075762e-01  1.495913e+00  5.962428e-02  
   3.0410299  1.733359e+00  1.235576e-01  1.733462e+00  1.235960e-01  1.524781e+00  6.862266e-02  
   3.0610299  1.768944e+00  1.413586e-01  1.769049e+00  1.414017e-01  1.553589e+00  7.866723e-02  
   3.0820301  1.807425e+00  1.630718e-01  1.807532e+00  1.631203e-01  1.585198e+00  9.102498e-02  
   3.1030300  1.846771e+00  1.882262e-01  1.846880e+00  1.882811e-01  1.618137e+00  1.055330e-01  
   3.1240301  1.886616e+00  2.171459e-01  1.886724e+00  2.172079e-01  1.652287e+00  1.225122e-01  
   3.1450300  1.926501e+00  2.501022e-01  1.926609e+00  2.501721e-01  1.687461e+00  1.422929e-01  
   3.1660299  1.965899e+00  2.872934e-01  1.966005e+00  2.873718e-01  1.723398e+00  1.652030e-01  
   3.1860299  2.002419e+00  3.267438e-01  2.002522e+00  3.268310e-01  1.758017e+00  1.902111e-01  
   3.2070301  2.039098e+00  3.723868e-01  2.039198e+00  3.724838e-01  1.794371e+00  2.200721e-01  
   3.2280300  2.073420e+00  4.222131e-01  2.073516e+00  4.223202e-01  1.830230e+00  2.538183e-01  
   3.2490301  2.104736e+00  4.759486e-01  2.104825e+00  4.760658e-01  1.865020e+00  2.915606e-01  
   3.2700300  2.132442e+00  5.331827e-01  2.132523e+00  5.333101e-01  1.898113e+00  3.332977e-01  
   3.2910299  2.156008e+00  5.933850e-01  2.156083e+00  5.935220e-01  1.928856e+00  3.789001e-01  
   3.3110299  2.174222e+00  6.529028e-01  2.174290e+00  6.530481e-01  1.955357e+00  4.256797e-01  
   3.3320301  2.188625e+00  7.170135e-01  2.188686e+00  7.171665e-01  1.979676e+00  4.779230e-01  
   3.3536301  2.198247e+00  7.839170e-01  2.198301e+00  7.840765e-01  2.000391e+00  5.344371e-01  
   3.3736300  2.202468e+00  8.460409e-01  2.202518e+00  8.462051e-01  2.015285e+00  5.886642e-01  
   3.3946300  2.202205e+00  9.107736e-01  2.202249e+00  9.109411e-01  2.026213e+00  6.468506e-01  
   3.4156301  2.197416e+00  9.743791e-01  2.197457e+00  9.745488e-01  2.032193e+00  7.055387e-01  
   3.4366300  2.188504e+00  1.036330e+00  2.188543e+00  1.036499e+00  2.033276e+00  7.639305e-01  
   3.4576299  2.175951e+00  1.096217e+00  2.175990e+00  1.096387e+00  2.029690e+00  8.212647e-01  
   3.4776299  2.161088e+00  1.151085e+00  2.161130e+00  1.151252e+00  2.022283e+00  8.742595e-01  
   3.4986300  2.142940e+00  1.206273e+00  2.142985e+00  1.206437e+00  2.010815e+00  9.276614e-01  
   3.5196300  2.122681e+00  1.258945e+00  2.122730e+00  1.259105e+00  1.996176e+00  9.783366e-01  
   3.5406301  2.100762e+00  1.309165e+00  2.100816e+00  1.309322e+00  1.979051e+00  1.026006e+00  
   3.5616300  2.077555e+00  1.357063e+00  2.077616e+00  1.357215e+00  1.960140e+00  1.070547e+00  
   3.5826299  2.053349e+00  1.402810e+00  2.053415e+00  1.402957e+00  1.940121e+00  1.111994e+00  
   3.6026299  2.029552e+00  1.444540e+00  2.029625e+00  1.444683e+00  1.920588e+00  1.148745e+00  
   3.6236300  2.003916e+00  1.486583e+00  2.003993e+00  1.486720e+00  1.900085e+00  1.184738e+00  
   3.6446300  1.977693e+00  1.526926e+00  1.977774e+00  1.527057e+00  1.879986e+00  1.218414e+00  
   3.6656301  1.950937e+00  1.565637e+00  1.951020e+00  1.565762e+00  1.860562e+00  1.250155e+00  
   3.6866300  1.923704e+00  1.602729e+00  1.923789e+00  1.602847e+00  1.841964e+00  1.280344e+00  
   3.7076299  1.896080e+00  1.638164e+00  1.896165e+00  1.638276e+00  1.824221e+00  1.309328e+00  
   3.7276299  1.869537e+00  1.670308e+00  1.869620e+00  1.670413e+00  1.808066e+00  1.336072e+00  
   3.7486300  1.841622e+00  1.702296e+00  1.841703e+00  1.702394e+00  1.791780e+00  1.363450e+00  
   3.7702301  1.813168e+00  1.733247e+00  1.813246e+00  1.733339e+00  1.775619e+00  1.390985e+00  
   3.7902300  1.787402e+00  1.760125e+00  1.787477e+00  1.760212e+00  1.761089e+00  1.415956e+00  
   3.8112299  1.761382e+00  1.786565e+00  1.761451e+00  1.786648e+00  1.746234e+00  1.441620e+00  
   3.8322301  1.736902e+00  1.811346e+00  1.736967e+00  1.811428e+00  1.731827e+00  1.466670e+00  
   3.8532300  1.714478e+00  1.834766e+00  1.714538e+00  1.834848e+00  1.718006e+00  1.491066e+00  
   3.8742299  1.694604e+00  1.857268e+00  1.694658e+00  1.857353e+00  1.705019e+00  1.514815e+00  
   3.8942299  1.678446e+00  1.878386e+00  1.678494e+00  1.878477e+00  1.693734e+00  1.536913e+00  
   3.9152300  1.664709e+00  1.900934e+00  1.664750e+00  1.901035e+00  1.683414e+00  1.559760e+00  
   3.9362299  1.654466e+00  1.924709e+00  1.654500e+00  1.924823e+00  1.675094e+00  1.582582e+00  
   3.9572301  1.647722e+00  1.950661e+00  1.647746e+00  1.950793e+00  1.669199e+00  1.605869e+00  
   3.9782300  1.644261e+00  1.979795e+00  1.644274e+00  1.979944e+00  1.666082e+00  1.630267e+00  
   3.9992299  1.643627e+00  2.013114e+00  1.643627e+00  2.013286e+00  1.665977e+00  1.656562e+00  
   4.0192299  1.645010e+00  2.049613e+00  1.644995e+00  2.049807e+00  1.668732e+00  1.684190e+00  
   4.0402298  1.647638e+00  2.093750e+00  1.647604e+00  2.093968e+00  1.674470e+00  1.716847e+00  
   4.0612302  1.650323e+00  2.144509e+00  1.650267e+00  2.144751e+00  1.682721e+00  1.754225e+00  
   4.0822301  1.651708e+00  2.202346e+00  1.651627e+00  2.202611e+00  1.692796e+00  1.797293e+00  
   4.1032300  1.650296e+00  2.267456e+00  1.650189e+00  2.267743e+00  1.703722e+00  1.846935e+00  
   4.1242299  1.644513e+00  2.339743e+00  1.644375e+00  2.340050e+00  1.714247e+00  1.903879e+00  
   4.1442299  1.633478e+00  2.414897e+00  1.633311e+00  2.415218e+00  1.722523e+00  1.965368e+00  
   4.1652298  1.614609e+00  2.499757e+00  1.614410e+00  2.500089e+00  1.727736e+00  2.037780e+00  
   4.1868300  1.585939e+00  2.592378e+00  1.585707e+00  2.592716e+00  1.727457e+00  2.120557e+00  
   4.2068300  1.549847e+00  2.681800e+00  1.549583e+00  2.682137e+00  1.720294e+00  2.204271e+00  
   4.2278299  1.501075e+00  2.778065e+00  1.500779e+00  2.778400e+00  1.703779e+00  2.298652e+00  
   4.2488298  1.440415e+00  2.875162e+00  1.440090e+00  2.875485e+00  1.676293e+00  2.398430e+00  
   4.2698302  1.367393e+00  2.971349e+00  1.367039e+00  2.971659e+00  1.636271e+00  2.501953e+00  
   4.2908301  1.281839e+00  3.064812e+00  1.281459e+00  3.065103e+00  1.582472e+00  2.607203e+00  
   4.3108301  1.188823e+00  3.149624e+00  1.188420e+00  3.149894e+00  1.517671e+00  2.706945e+00  
   4.3318300  1.079438e+00  3.232537e+00  1.079015e+00  3.232782e+00  1.435055e+00  2.808743e+00  
   4.3528299  9.587235e-01  3.307451e+00  9.582801e-01  3.307668e+00  1.337695e+00  2.904970e+00  
   4.3738298  8.276079e-01  3.372727e+00  8.271479e-01  3.372916e+00  1.226339e+00  2.993032e+00  
   4.3948302  6.872445e-01  3.426847e+00  6.867707e-01  3.427007e+00  1.102281e+00  3.070472e+00  
   4.4158301  5.390030e-01  3.468438e+00  5.385181e-01  3.468569e+00  9.673349e-01  3.135097e+00  
   4.4358301  3.919066e-01  3.495299e+00  3.914136e-01  3.495400e+00  8.307346e-01  3.183064e+00  
   4.4568300  2.328900e-01  3.509140e+00  2.323919e-01  3.509212e+00  6.812837e-01  3.217863e+00  
   4.4778299  7.102616e-02  3.507483e+00  7.052653e-02  3.507526e+00  5.283911e-01  3.235892e+00  
   4.4988298  -9.169579e-02  3.489780e+00  -9.219282e-02  3.489794e+00  3.749062e-01  3.236870e+00  
   4.5198302  -2.531828e-01  3.455766e+00  -2.536728e-01  3.455751e+00  2.236188e-01  3.221084e+00  
   4.5408301  -4.112578e-01  3.405508e+00  -4.117357e-01  3.405467e+00  7.714895e-02  3.189347e+00  
   4.5608301  -5.566272e-01  3.342931e+00  -5.570888e-01  3.342862e+00  -5.573929e-02  3.145464e+00  
   4.5818300  -7.017470e-01  3.262550e+00  -7.021866e-01  3.262456e+00  -1.864474e-01  3.086638e+00  
   4.6034298  -8.408450e-01  3.165449e+00  -8.412572e-01  3.165331e+00  -3.098610e-01  3.014518e+00  
   4.6234298  -9.586951e-01  3.064003e+00  -9.590777e-01  3.063864e+00  -4.131321e-01  2.939225e+00  
   4.6444302  -1.069566e+00  2.947452e+00  -1.069915e+00  2.947294e+00  -5.095474e-01  2.853475e+00  
   4.6654301  -1.166034e+00  2.822865e+00  -1.166345e+00  2.822691e+00  -5.934120e-01  2.763007e+00  
   4.6864300  -1.247291e+00  2.692724e+00  -1.247565e+00  2.692536e+00  -6.648585e-01  2.669878e+00  
   4.7074299  -1.313006e+00  2.559618e+00  -1.313241e+00  2.559421e+00  -7.243326e-01  2.575977e+00  
   4.7274299  -1.361275e+00  2.432451e+00  -1.361475e+00  2.432246e+00  -7.704751e-01  2.487352e+00  
   4.7484298  -1.397511e+00  2.300843e+00  -1.397675e+00  2.300634e+00  -8.087370e-01  2.396508e+00  
   4.7694302  -1.419946e+00  2.173351e+00  -1.420080e+00  2.173141e+00  -8.375383e-01  2.309065e+00  
   4.7904301  -1.429928e+00  2.051836e+00  -1.430032e+00  2.051627e+00  -8.579307e-01  2.225925e+00  
   4.8114300  -1.429033e+00  1.937756e+00  -1.429113e+00  1.937549e+00  -8.709851e-01  2.147734e+00  
   4.8324299  -1.418973e+00  1.832152e+00  -1.419032e+00  1.831949e+00  -8.777501e-01  2.074914e+00  
   4.8524299  -1.402463e+00  1.740038e+00  -1.402506e+00  1.739839e+00  -8.792588e-01  2.010759e+00  
   4.8734298  -1.379468e+00  1.652452e+00  -1.379497e+00  1.652257e+00  -8.765528e-01  1.948905e+00  
   4.8944302  -1.352210e+00  1.574163e+00  -1.352230e+00  1.573972e+00  -8.702832e-01  1.892615e+00  
   4.9154301  -1.322081e+00  1.504854e+00  -1.322094e+00  1.504666e+00  -8.612034e-01  1.841705e+00  
   4.9364300  -1.290273e+00  1.444008e+00  -1.290281e+00  1.443823e+00  -8.499746e-01  1.795906e+00  
   4.9574299  -1.257769e+00  1.390981e+00  -1.257774e+00  1.390797e+00  -8.371657e-01  1.754897e+00  
   4.9774299  -1.226886e+00  1.347088e+00  -1.226889e+00  1.346905e+00  -8.239403e-01  1.719972e+00  
   4.9984298  -1.195113e+00  1.307222e+00  -1.195115e+00  1.307039e+00  -8.093643e-01  1.687280e+00  
