w Re-xx Im-xx Re-yy Im-yy Re-zz Im-zz
# Gaussian absolute broadening  0.15 [eV]
   0.0000000  7.688282e-01  8.855036e-05  7.688600e-01  8.855345e-05  7.388290e-01  8.377413e-05  
   0.0200000  7.689283e-01  9.476953e-05  7.689602e-01  9.477320e-05  7.389237e-01  8.966120e-05  
   0.0410000  7.690471e-01  1.018566e-04  7.690789e-01  1.018610e-04  7.390364e-01  9.636993e-05  
   0.0620000  7.691827e-01  1.095505e-04  7.692147e-01  1.095557e-04  7.391646e-01  1.036534e-04  
   0.0830000  7.693367e-01  1.178852e-04  7.693688e-01  1.178913e-04  7.393103e-01  1.115437e-04  
   0.1040000  7.695115e-01  1.268903e-04  7.695435e-01  1.268973e-04  7.394756e-01  1.200689e-04  
   0.1240000  7.696987e-01  1.361111e-04  7.697308e-01  1.361192e-04  7.396528e-01  1.287986e-04  
   0.1450000  7.699196e-01  1.464849e-04  7.699518e-01  1.464942e-04  7.398620e-01  1.386204e-04  
   0.1660000  7.701679e-01  1.575741e-04  7.701998e-01  1.575847e-04  7.400969e-01  1.491199e-04  
   0.1870000  7.704455e-01  1.693751e-04  7.704774e-01  1.693871e-04  7.403594e-01  1.602940e-04  
   0.2080000  7.707540e-01  1.818735e-04  7.707859e-01  1.818869e-04  7.406518e-01  1.721292e-04  
   0.2290000  7.710959e-01  1.950441e-04  7.711279e-01  1.950589e-04  7.409751e-01  1.846016e-04  
   0.2490000  7.714537e-01  2.081802e-04  7.714858e-01  2.081963e-04  7.413139e-01  1.970421e-04  
   0.2700000  7.718643e-01  2.225534e-04  7.718962e-01  2.225708e-04  7.417025e-01  2.106554e-04  
   0.2910000  7.723119e-01  2.374717e-04  7.723439e-01  2.374903e-04  7.421264e-01  2.247863e-04  
   0.3120000  7.727973e-01  2.528817e-04  7.728294e-01  2.529013e-04  7.425861e-01  2.393841e-04  
   0.3330000  7.733208e-01  2.687280e-04  7.733529e-01  2.687484e-04  7.430813e-01  2.543969e-04  
   0.3540000  7.738827e-01  2.849571e-04  7.739151e-01  2.849781e-04  7.436138e-01  2.697743e-04  
   0.3740000  7.744541e-01  3.007239e-04  7.744864e-01  3.007452e-04  7.441545e-01  2.847154e-04  
   0.3950000  7.750917e-01  3.175622e-04  7.751240e-01  3.175837e-04  7.447584e-01  3.006741e-04  
   0.4160000  7.757676e-01  3.346531e-04  7.757999e-01  3.346746e-04  7.453980e-01  3.168748e-04  
   0.4374300  7.764975e-01  3.523222e-04  7.765297e-01  3.523436e-04  7.460892e-01  3.336266e-04  
   0.4574300  7.772143e-01  3.689977e-04  7.772467e-01  3.690190e-04  7.467681e-01  3.494394e-04  
   0.4784300  7.780045e-01  3.866828e-04  7.780370e-01  3.867037e-04  7.475166e-01  3.662127e-04  
   0.4994300  7.788330e-01  4.045359e-04  7.788653e-01  4.045566e-04  7.483011e-01  3.831490e-04  
   0.5204300  7.796997e-01  4.225498e-04  7.797322e-01  4.225704e-04  7.491220e-01  4.002420e-04  
   0.5414300  7.806051e-01  4.407213e-04  7.806377e-01  4.407419e-04  7.499795e-01  4.174885e-04  
   0.5614300  7.815037e-01  4.581735e-04  7.815360e-01  4.581945e-04  7.508308e-01  4.340567e-04  
   0.5824300  7.824846e-01  4.766539e-04  7.825172e-01  4.766755e-04  7.517602e-01  4.516059e-04  
   0.6034300  7.835046e-01  4.952968e-04  7.835373e-01  4.953194e-04  7.527269e-01  4.693149e-04  
   0.6244300  7.845647e-01  5.141078e-04  7.845976e-01  5.141314e-04  7.537311e-01  4.871888e-04  
   0.6454300  7.856644e-01  5.330922e-04  7.856973e-01  5.331176e-04  7.547734e-01  5.052337e-04  
   0.6664300  7.868042e-01  5.522564e-04  7.868373e-01  5.522838e-04  7.558539e-01  5.234558e-04  
   0.6864300  7.879271e-01  5.706811e-04  7.879601e-01  5.707105e-04  7.569182e-01  5.409813e-04  
   0.7074300  7.891465e-01  5.902163e-04  7.891795e-01  5.902480e-04  7.580739e-01  5.595699e-04  
   0.7284300  7.904068e-01  6.099518e-04  7.904398e-01  6.099861e-04  7.592690e-01  5.783575e-04  
   0.7494300  7.917088e-01  6.298961e-04  7.917419e-01  6.299331e-04  7.605039e-01  5.973520e-04  
   0.7704300  7.930529e-01  6.500567e-04  7.930859e-01  6.500964e-04  7.617787e-01  6.165614e-04  
   0.7914300  7.944397e-01  6.704418e-04  7.944729e-01  6.704842e-04  7.630939e-01  6.359946e-04  
   0.8114300  7.957998e-01  6.900726e-04  7.958333e-01  6.901174e-04  7.643843e-01  6.547183e-04  
   0.8324300  7.972707e-01  7.109211e-04  7.973044e-01  7.109684e-04  7.657801e-01  6.746142e-04  
   0.8540300  7.988302e-01  7.326276e-04  7.988636e-01  7.326776e-04  7.672599e-01  6.953415e-04  
   0.8740300  8.003153e-01  7.529721e-04  8.003489e-01  7.530242e-04  7.686697e-01  7.147806e-04  
   0.8950300  8.019192e-01  7.745978e-04  8.019528e-01  7.746521e-04  7.701922e-01  7.354578e-04  
   0.9160300  8.035686e-01  7.965047e-04  8.036025e-01  7.965611e-04  7.717585e-01  7.564182e-04  
   0.9370300  8.052643e-01  8.187036e-04  8.052981e-01  8.187617e-04  7.733690e-01  7.776744e-04  
   0.9580300  8.070067e-01  8.412051e-04  8.070407e-01  8.412650e-04  7.750244e-01  7.992383e-04  
   0.9780300  8.087108e-01  8.629282e-04  8.087448e-01  8.629895e-04  7.766436e-01  8.200738e-04  
   0.9990300  8.105472e-01  8.860551e-04  8.105813e-01  8.861181e-04  7.783890e-01  8.422764e-04  
   1.0200300  8.124325e-01  9.095199e-04  8.124668e-01  9.095846e-04  7.801813e-01  8.648267e-04  
   1.0410300  8.143675e-01  9.333352e-04  8.144019e-01  9.334013e-04  7.820216e-01  8.877402e-04  
   1.0620300  8.163533e-01  9.575139e-04  8.163878e-01  9.575811e-04  7.839107e-01  9.110320e-04  
   1.0830300  8.183903e-01  9.820688e-04  8.184248e-01  9.821376e-04  7.858490e-01  9.347203e-04  
   1.1030300  8.203781e-01  1.005817e-03  8.204129e-01  1.005886e-03  7.877415e-01  9.576656e-04  
   1.1240300  8.225173e-01  1.031145e-03  8.225521e-01  1.031216e-03  7.897785e-01  9.821848e-04  
   1.1450300  8.247101e-01  1.056892e-03  8.247451e-01  1.056963e-03  7.918675e-01  1.007165e-03  
   1.1660300  8.269574e-01  1.083072e-03  8.269925e-01  1.083144e-03  7.940095e-01  1.032638e-03  
   1.1870300  8.292601e-01  1.109700e-03  8.292952e-01  1.109773e-03  7.962050e-01  1.058639e-03  
   1.2080300  8.316189e-01  1.136794e-03  8.316544e-01  1.136868e-03  7.984555e-01  1.085216e-03  
   1.2280300  8.339187e-01  1.163049e-03  8.339543e-01  1.163122e-03  8.006506e-01  1.111117e-03  
   1.2490300  8.363901e-01  1.191107e-03  8.364256e-01  1.191182e-03  8.030109e-01  1.139005e-03  
   1.2706300  8.389946e-01  1.220516e-03  8.390304e-01  1.220591e-03  8.055003e-01  1.168533e-03  
   1.2906300  8.414628e-01  1.248264e-03  8.414989e-01  1.248340e-03  8.078609e-01  1.196751e-03  
   1.3116300  8.441151e-01  1.277962e-03  8.441512e-01  1.278039e-03  8.103993e-01  1.227443e-03  
   1.3326300  8.468294e-01  1.308267e-03  8.468659e-01  1.308345e-03  8.129994e-01  1.259419e-03  
   1.3536299  8.496082e-01  1.339214e-03  8.496448e-01  1.339294e-03  8.156636e-01  1.292921e-03  
   1.3746300  8.524527e-01  1.370849e-03  8.524892e-01  1.370931e-03  8.183926e-01  1.328244e-03  
   1.3946300  8.552240e-01  1.401665e-03  8.552608e-01  1.401749e-03  8.210543e-01  1.363895e-03  
   1.4156300  8.582004e-01  1.434804e-03  8.582374e-01  1.434890e-03  8.239161e-01  1.403821e-03  
   1.4366300  8.612464e-01  1.468823e-03  8.612840e-01  1.468913e-03  8.268476e-01  1.446743e-03  
   1.4576300  8.643643e-01  1.503820e-03  8.644019e-01  1.503914e-03  8.298507e-01  1.493155e-03  
   1.4786299  8.675555e-01  1.539917e-03  8.675931e-01  1.540015e-03  8.329277e-01  1.543589e-03  
   1.4996300  8.708208e-01  1.577263e-03  8.708586e-01  1.577365e-03  8.360793e-01  1.598601e-03  
   1.5196300  8.740013e-01  1.614154e-03  8.740394e-01  1.614261e-03  8.391514e-01  1.655773e-03  
   1.5406300  8.774172e-01  1.654486e-03  8.774555e-01  1.654599e-03  8.424540e-01  1.721377e-03  
   1.5616300  8.809131e-01  1.696699e-03  8.809513e-01  1.696817e-03  8.458360e-01  1.793249e-03  
   1.5826300  8.844900e-01  1.741072e-03  8.845287e-01  1.741196e-03  8.492993e-01  1.871941e-03  
   1.6036299  8.881507e-01  1.787918e-03  8.881896e-01  1.788047e-03  8.528450e-01  1.957981e-03  
   1.6246300  8.918965e-01  1.837565e-03  8.919356e-01  1.837700e-03  8.564755e-01  2.051861e-03  
   1.6446300  8.955443e-01  1.887753e-03  8.955837e-01  1.887894e-03  8.600127e-01  2.148966e-03  
   1.6656300  8.994613e-01  1.943810e-03  8.995007e-01  1.943957e-03  8.638120e-01  2.259369e-03  
   1.6872300  9.035852e-01  2.005348e-03  9.036252e-01  2.005501e-03  8.678134e-01  2.382250e-03  
   1.7072300  9.074911e-01  2.066036e-03  9.075311e-01  2.066194e-03  8.716041e-01  2.504614e-03  
   1.7282300  9.116845e-01  2.133717e-03  9.117249e-01  2.133881e-03  8.756750e-01  2.642007e-03  
   1.7492300  9.159740e-01  2.205477e-03  9.160149e-01  2.205644e-03  8.798404e-01  2.788390e-03  
   1.7702301  9.203628e-01  2.281210e-03  9.204040e-01  2.281381e-03  8.841025e-01  2.943467e-03  
   1.7912300  9.248524e-01  2.360697e-03  9.248939e-01  2.360872e-03  8.884644e-01  3.106824e-03  
   1.8112299  9.292247e-01  2.439589e-03  9.292665e-01  2.439766e-03  8.927139e-01  3.269703e-03  
   1.8322300  9.339191e-01  2.525393e-03  9.339610e-01  2.525572e-03  8.972802e-01  3.448084e-03  
   1.8532300  9.387231e-01  2.613820e-03  9.387652e-01  2.614002e-03  9.019568e-01  3.634007e-03  
   1.8742300  9.436395e-01  2.704488e-03  9.436819e-01  2.704671e-03  9.067497e-01  3.828044e-03  
   1.8952301  9.486727e-01  2.797121e-03  9.487157e-01  2.797307e-03  9.116645e-01  4.031602e-03  
   1.9162300  9.538265e-01  2.891630e-03  9.538702e-01  2.891819e-03  9.167073e-01  4.247188e-03  
   1.9362299  9.588509e-01  2.983522e-03  9.588947e-01  2.983716e-03  9.216349e-01  4.467156e-03  
   1.9572300  9.642529e-01  3.082415e-03  9.642969e-01  3.082615e-03  9.269458e-01  4.718449e-03  
   1.9782300  9.697894e-01  3.184516e-03  9.698339e-01  3.184725e-03  9.324034e-01  4.996940e-03  
   1.9992300  9.754645e-01  3.290886e-03  9.755095e-01  3.291106e-03  9.380114e-01  5.310225e-03  
   2.0202301  9.812843e-01  3.402855e-03  9.813297e-01  3.403089e-03  9.437733e-01  5.666667e-03  
   2.0412300  9.872527e-01  3.521948e-03  9.872985e-01  3.522198e-03  9.496896e-01  6.074868e-03  
   2.0612299  9.930794e-01  3.643485e-03  9.931256e-01  3.643756e-03  9.554670e-01  6.519297e-03  
   2.0822301  9.993523e-01  3.781185e-03  9.993989e-01  3.781480e-03  9.616813e-01  7.051364e-03  
   2.1038301  1.005974e+00  3.935171e-03  1.006021e+00  3.935493e-03  9.682260e-01  7.674386e-03  
   2.1238301  1.012264e+00  4.090140e-03  1.012311e+00  4.090491e-03  9.744191e-01  8.323099e-03  
   2.1448300  1.019035e+00  4.266670e-03  1.019083e+00  4.267051e-03  9.810542e-01  9.079715e-03  
   2.1658299  1.025983e+00  4.458013e-03  1.026032e+00  4.458426e-03  9.878181e-01  9.912307e-03  
   2.1868300  1.033114e+00  4.664499e-03  1.033163e+00  4.664947e-03  9.947079e-01  1.081719e-02  
   2.2078300  1.040431e+00  4.886113e-03  1.040481e+00  4.886594e-03  1.001719e+00  1.178855e-02  
   2.2278299  1.047581e+00  5.110977e-03  1.047631e+00  5.111491e-03  1.008510e+00  1.276879e-02  
   2.2488301  1.055283e+00  5.361108e-03  1.055334e+00  5.361654e-03  1.015760e+00  1.384800e-02  
   2.2698300  1.063193e+00  5.625022e-03  1.063245e+00  5.625600e-03  1.023137e+00  1.496988e-02  
   2.2908299  1.071320e+00  5.902135e-03  1.071372e+00  5.902745e-03  1.030648e+00  1.612601e-02  
   2.3118300  1.079672e+00  6.191968e-03  1.079725e+00  6.192606e-03  1.038303e+00  1.730859e-02  
   2.3328300  1.088260e+00  6.494226e-03  1.088314e+00  6.494895e-03  1.046113e+00  1.851065e-02  
   2.3528299  1.096669e+00  6.793619e-03  1.096723e+00  6.794315e-03  1.053707e+00  1.966815e-02  
   2.3738301  1.105750e+00  7.120349e-03  1.105805e+00  7.121076e-03  1.061858e+00  2.089212e-02  
   2.3948300  1.115102e+00  7.460322e-03  1.115157e+00  7.461077e-03  1.070204e+00  2.212079e-02  
   2.4158299  1.124738e+00  7.814430e-03  1.124794e+00  7.815216e-03  1.078761e+00  2.335082e-02  
   2.4368300  1.134671e+00  8.183849e-03  1.134729e+00  8.184672e-03  1.087547e+00  2.457943e-02  
   2.4578300  1.144920e+00  8.569994e-03  1.144978e+00  8.570851e-03  1.096580e+00  2.580439e-02  
   2.4778299  1.154987e+00  8.954790e-03  1.155046e+00  8.955681e-03  1.105427e+00  2.696619e-02  
   2.4988301  1.165897e+00  9.378455e-03  1.165956e+00  9.379379e-03  1.114994e+00  2.818026e-02  
   2.5204301  1.177501e+00  9.837283e-03  1.177562e+00  9.838246e-03  1.125154e+00  2.942310e-02  
   2.5404301  1.188611e+00  1.028505e-02  1.188673e+00  1.028605e-02  1.134872e+00  3.056995e-02  
   2.5614300  1.200679e+00  1.078143e-02  1.200741e+00  1.078246e-02  1.145424e+00  3.177321e-02  
   2.5824299  1.213181e+00  1.130760e-02  1.213245e+00  1.130869e-02  1.156359e+00  3.298041e-02  
   2.6034300  1.226149e+00  1.186728e-02  1.226214e+00  1.186840e-02  1.167709e+00  3.419852e-02  
   2.6244299  1.239612e+00  1.246503e-02  1.239679e+00  1.246620e-02  1.179504e+00  3.543649e-02  
   2.6444299  1.252927e+00  1.307509e-02  1.252995e+00  1.307630e-02  1.191186e+00  3.664407e-02  
   2.6654301  1.267463e+00  1.376568e-02  1.267532e+00  1.376696e-02  1.203957e+00  3.795458e-02  
   2.6864300  1.282610e+00  1.451708e-02  1.282681e+00  1.451842e-02  1.217285e+00  3.932361e-02  
   2.7074299  1.298417e+00  1.534187e-02  1.298490e+00  1.534330e-02  1.231215e+00  4.076895e-02  
   2.7284300  1.314938e+00  1.625638e-02  1.315012e+00  1.625791e-02  1.245793e+00  4.231137e-02  
   2.7494299  1.332232e+00  1.728168e-02  1.332308e+00  1.728334e-02  1.261070e+00  4.397550e-02  
   2.7694299  1.349483e+00  1.838613e-02  1.349561e+00  1.838795e-02  1.276322e+00  4.570077e-02  
   2.7904301  1.368487e+00  1.971391e-02  1.368567e+00  1.971593e-02  1.293131e+00  4.769471e-02  
   2.8114300  1.388482e+00  2.125831e-02  1.388565e+00  2.126060e-02  1.310820e+00  4.991971e-02  
   2.8324299  1.409560e+00  2.307725e-02  1.409646e+00  2.307989e-02  1.329461e+00  5.243169e-02  
   2.8534300  1.431816e+00  2.524479e-02  1.431905e+00  2.524790e-02  1.349130e+00  5.530021e-02  
   2.8744299  1.455353e+00  2.785486e-02  1.455445e+00  2.785858e-02  1.369907e+00  5.861124e-02  
   2.8944299  1.479058e+00  3.085987e-02  1.479153e+00  3.086435e-02  1.390798e+00  6.227250e-02  
   2.9154301  1.505403e+00  3.470046e-02  1.505502e+00  3.470599e-02  1.413971e+00  6.677292e-02  
   2.9370301  1.534163e+00  3.956810e-02  1.534266e+00  3.957506e-02  1.439208e+00  7.226206e-02  
   2.9570301  1.562377e+00  4.510513e-02  1.562486e+00  4.511380e-02  1.463906e+00  7.829227e-02  
   2.9780300  1.593713e+00  5.222954e-02  1.593825e+00  5.224056e-02  1.491266e+00  8.580998e-02  
   2.9990301  1.626836e+00  6.098304e-02  1.626954e+00  6.099702e-02  1.520119e+00  9.478215e-02  
   3.0200300  1.661743e+00  7.169261e-02  1.661867e+00  7.171033e-02  1.550462e+00  1.054829e-01  
   3.0410299  1.698372e+00  8.471645e-02  1.698501e+00  8.473876e-02  1.582256e+00  1.182159e-01  
   3.0610299  1.734738e+00  9.961870e-02  1.734873e+00  9.964631e-02  1.613801e+00  1.325326e-01  
   3.0820301  1.774279e+00  1.182610e-01  1.774420e+00  1.182952e-01  1.648105e+00  1.501961e-01  
   3.1030300  1.814914e+00  1.403411e-01  1.815061e+00  1.403831e-01  1.683397e+00  1.709007e-01  
   3.1240301  1.856260e+00  1.662045e-01  1.856412e+00  1.662552e-01  1.719378e+00  1.949905e-01  
   3.1450300  1.897836e+00  1.961398e-01  1.897993e+00  1.962004e-01  1.755659e+00  2.227826e-01  
   3.1660299  1.939085e+00  2.303570e-01  1.939246e+00  2.304283e-01  1.791767e+00  2.545484e-01  
   3.1860299  1.977497e+00  2.670248e-01  1.977661e+00  2.671070e-01  1.825487e+00  2.886811e-01  
   3.2070301  2.016277e+00  3.097995e-01  2.016443e+00  3.098935e-01  1.859596e+00  3.287006e-01  
   3.2280300  2.052805e+00  3.568096e-01  2.052973e+00  3.569158e-01  1.891709e+00  3.729984e-01  
   3.2490301  2.086432e+00  4.077763e-01  2.086600e+00  4.078944e-01  1.921125e+00  4.214412e-01  
   3.2700300  2.116565e+00  4.622852e-01  2.116732e+00  4.624149e-01  1.947141e+00  4.737464e-01  
   3.2910299  2.142708e+00  5.198053e-01  2.142872e+00  5.199457e-01  1.969095e+00  5.294808e-01  
   3.3110299  2.163545e+00  5.768152e-01  2.163707e+00  5.769650e-01  1.985691e+00  5.852188e-01  
   3.3320301  2.180931e+00  6.383573e-01  2.181090e+00  6.385158e-01  1.998128e+00  6.458474e-01  
   3.3536301  2.193925e+00  7.027190e-01  2.194080e+00  7.028852e-01  2.005251e+00  7.096028e-01  
   3.3736300  2.201591e+00  7.626191e-01  2.201742e+00  7.627913e-01  2.006570e+00  7.690518e-01  
   3.3946300  2.205323e+00  8.252058e-01  2.205468e+00  8.253833e-01  2.002530e+00  8.309978e-01  
   3.4156301  2.204945e+00  8.869245e-01  2.205087e+00  8.871061e-01  1.993164e+00  8.915499e-01  
   3.4366300  2.200869e+00  9.473196e-01  2.201005e+00  9.475041e-01  1.978898e+00  9.498463e-01  
   3.4576299  2.193554e+00  1.006060e+00  2.193686e+00  1.006247e+00  1.960332e+00  1.005138e+00  
   3.4776299  2.184013e+00  1.060274e+00  2.184141e+00  1.060463e+00  1.939328e+00  1.054454e+00  
   3.4986300  2.171728e+00  1.115295e+00  2.171851e+00  1.115485e+00  1.914589e+00  1.102324e+00  
   3.5196300  2.157523e+00  1.168367e+00  2.157642e+00  1.168558e+00  1.887968e+00  1.145971e+00  
   3.5406301  2.141740e+00  1.219567e+00  2.141854e+00  1.219759e+00  1.860341e+00  1.185384e+00  
   3.5616300  2.124637e+00  1.269011e+00  2.124746e+00  1.269203e+00  1.832522e+00  1.220743e+00  
   3.5826299  2.106398e+00  1.316825e+00  2.106502e+00  1.317016e+00  1.805226e+00  1.252400e+00  
   3.6026299  2.088078e+00  1.360948e+00  2.088176e+00  1.361138e+00  1.780241e+00  1.279547e+00  
   3.6236300  2.067913e+00  1.405861e+00  2.068007e+00  1.406049e+00  1.755466e+00  1.305436e+00  
   3.6446300  2.046847e+00  1.449342e+00  2.046937e+00  1.449528e+00  1.732432e+00  1.329232e+00  
   3.6656301  2.024940e+00  1.491358e+00  2.025026e+00  1.491540e+00  1.711233e+00  1.351510e+00  
   3.6866300  2.002290e+00  1.531831e+00  2.002374e+00  1.532009e+00  1.691828e+00  1.372788e+00  
   3.7076299  1.979052e+00  1.570657e+00  1.979133e+00  1.570830e+00  1.674075e+00  1.393493e+00  
   3.7276299  1.956581e+00  1.606004e+00  1.956662e+00  1.606171e+00  1.658520e+00  1.412971e+00  
   3.7486300  1.932929e+00  1.641333e+00  1.933010e+00  1.641494e+00  1.643394e+00  1.433370e+00  
   3.7702301  1.908937e+00  1.675750e+00  1.909020e+00  1.675905e+00  1.628918e+00  1.454404e+00  
   3.7902300  1.887444e+00  1.705950e+00  1.887530e+00  1.706098e+00  1.616349e+00  1.473953e+00  
   3.8112299  1.866093e+00  1.736123e+00  1.866182e+00  1.736266e+00  1.603935e+00  1.494534e+00  
   3.8322301  1.846470e+00  1.765047e+00  1.846564e+00  1.765185e+00  1.592324e+00  1.515134e+00  
   3.8532300  1.829038e+00  1.793195e+00  1.829137e+00  1.793329e+00  1.581597e+00  1.535738e+00  
   3.8742299  1.814192e+00  1.821190e+00  1.814294e+00  1.821321e+00  1.571902e+00  1.556388e+00  
   3.8942299  1.802716e+00  1.848392e+00  1.802820e+00  1.848522e+00  1.563810e+00  1.576207e+00  
   3.9152300  1.793595e+00  1.878340e+00  1.793700e+00  1.878472e+00  1.556716e+00  1.597382e+00  
   3.9362299  1.787438e+00  1.910625e+00  1.787541e+00  1.910760e+00  1.551263e+00  1.619251e+00  
   3.9572301  1.784006e+00  1.946208e+00  1.784105e+00  1.946350e+00  1.547610e+00  1.642246e+00  
   3.9782300  1.782832e+00  1.986035e+00  1.782924e+00  1.986186e+00  1.545834e+00  1.666890e+00  
   3.9992299  1.783227e+00  2.030985e+00  1.783309e+00  2.031147e+00  1.545900e+00  1.693789e+00  
   4.0192299  1.784229e+00  2.079258e+00  1.784298e+00  2.079432e+00  1.547516e+00  1.722107e+00  
   4.0402298  1.784874e+00  2.136252e+00  1.784925e+00  2.136441e+00  1.550517e+00  1.755328e+00  
   4.0612302  1.783844e+00  2.200090e+00  1.783873e+00  2.200294e+00  1.554344e+00  1.792778e+00  
   4.0822301  1.779735e+00  2.270908e+00  1.779738e+00  2.271130e+00  1.558290e+00  1.835069e+00  
   4.1032300  1.771067e+00  2.348574e+00  1.771041e+00  2.348812e+00  1.561454e+00  1.882713e+00  
   4.1242299  1.756341e+00  2.432666e+00  1.756285e+00  2.432921e+00  1.562764e+00  1.936086e+00  
   4.1442299  1.735352e+00  2.518084e+00  1.735264e+00  2.518353e+00  1.561165e+00  1.992418e+00  
   4.1652298  1.704694e+00  2.612436e+00  1.704571e+00  2.612717e+00  1.555208e+00  2.057316e+00  
   4.1868300  1.662696e+00  2.713206e+00  1.662539e+00  2.713497e+00  1.543057e+00  2.129923e+00  
   4.2068300  1.613403e+00  2.808545e+00  1.613213e+00  2.808841e+00  1.525038e+00  2.201921e+00  
   4.2278299  1.550122e+00  2.909206e+00  1.549899e+00  2.909505e+00  1.497813e+00  2.281638e+00  
   4.2488298  1.474530e+00  3.008757e+00  1.474276e+00  3.009055e+00  1.460898e+00  2.364463e+00  
   4.2698302  1.386385e+00  3.105418e+00  1.386103e+00  3.105709e+00  1.413300e+00  2.449003e+00  
   4.2908301  1.285737e+00  3.197371e+00  1.285431e+00  3.197651e+00  1.354316e+00  2.533630e+00  
   4.3108301  1.178558e+00  3.278930e+00  1.178231e+00  3.279195e+00  1.287214e+00  2.612662e+00  
   4.3318300  1.054710e+00  3.356573e+00  1.054366e+00  3.356816e+00  1.205295e+00  2.692157e+00  
   4.3528299  9.201374e-01  3.424395e+00  9.197801e-01  3.424612e+00  1.112039e+00  2.766152e+00  
   4.3738298  7.759681e-01  3.480863e+00  7.756017e-01  3.481049e+00  1.008263e+00  2.832739e+00  
   4.3948302  6.235700e-01  3.524584e+00  6.231986e-01  3.524734e+00  8.951719e-01  2.890126e+00  
   4.4158301  4.645462e-01  3.554350e+00  4.641736e-01  3.554462e+00  7.743283e-01  2.936733e+00  
   4.4358301  3.085753e-01  3.568811e+00  3.082047e-01  3.568881e+00  6.537148e-01  2.969909e+00  
   4.4568300  1.419559e-01  3.568678e+00  1.415904e-01  3.568702e+00  5.232466e-01  2.992039e+00  
   4.4778299  -2.550334e-02  3.552373e+00  -2.586081e-02  3.552351e+00  3.910098e-01  3.000572e+00  
   4.4988298  -1.915866e-01  3.519707e+00  -1.919332e-01  3.519638e+00  2.592286e-01  2.995321e+00  
   4.5198302  -3.540288e-01  3.470823e+00  -3.543619e-01  3.470706e+00  1.300723e-01  2.976507e+00  
   4.5408301  -5.105600e-01  3.406226e+00  -5.108774e-01  3.406065e+00  5.583425e-03  2.944751e+00  
   4.5608301  -6.521435e-01  3.330897e+00  -6.524435e-01  3.330694e+00  -1.069690e-01  2.903367e+00  
   4.5818300  -7.909739e-01  3.238491e+00  -7.912537e-01  3.238249e+00  -2.173422e-01  2.849450e+00  
   4.6034298  -9.213791e-01  3.130880e+00  -9.216360e-01  3.130603e+00  -3.212368e-01  2.784395e+00  
   4.6234298  -1.029497e+00  3.021672e+00  -1.029731e+00  3.021367e+00  -4.078788e-01  2.717074e+00  
   4.6444302  -1.128832e+00  2.899213e+00  -1.129040e+00  2.898882e+00  -4.884237e-01  2.640800e+00  
   4.6654301  -1.212905e+00  2.771105e+00  -1.213086e+00  2.770755e+00  -5.580683e-01  2.560595e+00  
   4.6864300  -1.281430e+00  2.639802e+00  -1.281584e+00  2.639439e+00  -6.169090e-01  2.478222e+00  
   4.7074299  -1.334579e+00  2.507751e+00  -1.334704e+00  2.507380e+00  -6.653190e-01  2.395329e+00  
   4.7274299  -1.371452e+00  2.383424e+00  -1.371550e+00  2.383050e+00  -7.022746e-01  2.317259e+00  
   4.7484298  -1.396682e+00  2.256423e+00  -1.396751e+00  2.256051e+00  -7.322148e-01  2.237425e+00  
   4.7694302  -1.409373e+00  2.134847e+00  -1.409415e+00  2.134480e+00  -7.539584e-01  2.160817e+00  
   4.7904301  -1.411045e+00  2.020177e+00  -1.411061e+00  2.019818e+00  -7.684689e-01  2.088248e+00  
   4.8114300  -1.403353e+00  1.913508e+00  -1.403343e+00  1.913159e+00  -7.767331e-01  2.020298e+00  
   4.8324299  -1.387991e+00  1.815551e+00  -1.387958e+00  1.815214e+00  -7.797196e-01  1.957328e+00  
   4.8524299  -1.367741e+00  1.730682e+00  -1.367687e+00  1.730359e+00  -7.784979e-01  1.902148e+00  
   4.8734298  -1.342061e+00  1.650455e+00  -1.341987e+00  1.650145e+00  -7.737575e-01  1.849254e+00  
   4.8944302  -1.313223e+00  1.579108e+00  -1.313131e+00  1.578813e+00  -7.662225e-01  1.801417e+00  
   4.9154301  -1.282432e+00  1.516223e+00  -1.282323e+00  1.515941e+00  -7.565585e-01  1.758430e+00  
   4.9364300  -1.250696e+00  1.461227e+00  -1.250571e+00  1.460960e+00  -7.453347e-01  1.720014e+00  
   4.9574299  -1.218825e+00  1.413463e+00  -1.218687e+00  1.413208e+00  -7.330285e-01  1.685847e+00  
   4.9774299  -1.188926e+00  1.374051e+00  -1.188776e+00  1.373808e+00  -7.206620e-01  1.656943e+00  
   4.9984298  -1.158460e+00  1.338369e+00  -1.158299e+00  1.338138e+00  -7.073031e-01  1.630075e+00  
