w Re-xx Im-xx Re-yy Im-yy Re-zz Im-zz
# Gaussian absolute broadening  0.15 [eV]
   0.0000000  7.687669e-01  8.851002e-05  7.687743e-01  8.851501e-05  7.382309e-01  8.349029e-05  
   0.0200000  7.688669e-01  9.472766e-05  7.688745e-01  9.473324e-05  7.383253e-01  8.935613e-05  
   0.0410000  7.689860e-01  1.018129e-04  7.689934e-01  1.018192e-04  7.384374e-01  9.604069e-05  
   0.0620000  7.691215e-01  1.095048e-04  7.691289e-01  1.095118e-04  7.385653e-01  1.032978e-04  
   0.0830000  7.692754e-01  1.178372e-04  7.692831e-01  1.178450e-04  7.387105e-01  1.111596e-04  
   0.1040000  7.694498e-01  1.268397e-04  7.694574e-01  1.268484e-04  7.388754e-01  1.196539e-04  
   0.1240000  7.696373e-01  1.360578e-04  7.696449e-01  1.360674e-04  7.390518e-01  1.283520e-04  
   0.1450000  7.698582e-01  1.464285e-04  7.698659e-01  1.464391e-04  7.392604e-01  1.381381e-04  
   0.1660000  7.701063e-01  1.575143e-04  7.701140e-01  1.575259e-04  7.394943e-01  1.485996e-04  
   0.1870000  7.703837e-01  1.693116e-04  7.703913e-01  1.693244e-04  7.397560e-01  1.597331e-04  
   0.2080000  7.706921e-01  1.818061e-04  7.706998e-01  1.818201e-04  7.400473e-01  1.715252e-04  
   0.2290000  7.710338e-01  1.949724e-04  7.710415e-01  1.949876e-04  7.403696e-01  1.839522e-04  
   0.2490000  7.713915e-01  2.081041e-04  7.713992e-01  2.081205e-04  7.407069e-01  1.963474e-04  
   0.2700000  7.718019e-01  2.224726e-04  7.718098e-01  2.224903e-04  7.410945e-01  2.099109e-04  
   0.2910000  7.722496e-01  2.373859e-04  7.722571e-01  2.374049e-04  7.415168e-01  2.239899e-04  
   0.3120000  7.727349e-01  2.527907e-04  7.727426e-01  2.528110e-04  7.419745e-01  2.385340e-04  
   0.3330000  7.732581e-01  2.686316e-04  7.732659e-01  2.686532e-04  7.424685e-01  2.534912e-04  
   0.3540000  7.738200e-01  2.848551e-04  7.738277e-01  2.848779e-04  7.429989e-01  2.688115e-04  
   0.3740000  7.743911e-01  3.006163e-04  7.743989e-01  3.006403e-04  7.435378e-01  2.836967e-04  
   0.3950000  7.750285e-01  3.174484e-04  7.750363e-01  3.174736e-04  7.441391e-01  2.995953e-04  
   0.4160000  7.757041e-01  3.345332e-04  7.757120e-01  3.345595e-04  7.447768e-01  3.157343e-04  
   0.4374300  7.764338e-01  3.521959e-04  7.764419e-01  3.522234e-04  7.454653e-01  3.324221e-04  
   0.4574300  7.771505e-01  3.688654e-04  7.771583e-01  3.688939e-04  7.461419e-01  3.481735e-04  
   0.4784300  7.779403e-01  3.865439e-04  7.779482e-01  3.865733e-04  7.468874e-01  3.648812e-04  
   0.4994300  7.787687e-01  4.043904e-04  7.787768e-01  4.044207e-04  7.476693e-01  3.817506e-04  
   0.5204300  7.796351e-01  4.223977e-04  7.796432e-01  4.224289e-04  7.484874e-01  3.987751e-04  
   0.5414300  7.805400e-01  4.405626e-04  7.805483e-01  4.405945e-04  7.493415e-01  4.159518e-04  
   0.5614300  7.814381e-01  4.580086e-04  7.814463e-01  4.580411e-04  7.501896e-01  4.324524e-04  
   0.5824300  7.824192e-01  4.764825e-04  7.824273e-01  4.765156e-04  7.511156e-01  4.499287e-04  
   0.6034300  7.834389e-01  4.951190e-04  7.834470e-01  4.951525e-04  7.520787e-01  4.675632e-04  
   0.6244300  7.844985e-01  5.139236e-04  7.845066e-01  5.139575e-04  7.530791e-01  4.853608e-04  
   0.6454300  7.855979e-01  5.329018e-04  7.856062e-01  5.329360e-04  7.541175e-01  5.033278e-04  
   0.6664300  7.867373e-01  5.520598e-04  7.867458e-01  5.520941e-04  7.551938e-01  5.214697e-04  
   0.6864300  7.878600e-01  5.704788e-04  7.878684e-01  5.705132e-04  7.562542e-01  5.389169e-04  
   0.7074300  7.890786e-01  5.900075e-04  7.890872e-01  5.900419e-04  7.574055e-01  5.574213e-04  
   0.7284300  7.903383e-01  6.097369e-04  7.903472e-01  6.097714e-04  7.585960e-01  5.761217e-04  
   0.7494300  7.916403e-01  6.296748e-04  7.916489e-01  6.297093e-04  7.598259e-01  5.950268e-04  
   0.7704300  7.929837e-01  6.498285e-04  7.929924e-01  6.498633e-04  7.610954e-01  6.141437e-04  
   0.7914300  7.943702e-01  6.702068e-04  7.943789e-01  6.702414e-04  7.624059e-01  6.334819e-04  
   0.8114300  7.957299e-01  6.898307e-04  7.957386e-01  6.898655e-04  7.636911e-01  6.521121e-04  
   0.8324300  7.972003e-01  7.106715e-04  7.972092e-01  7.107066e-04  7.650811e-01  6.719069e-04  
   0.8540300  7.987589e-01  7.323698e-04  7.987679e-01  7.324052e-04  7.665549e-01  6.925265e-04  
   0.8740300  8.002437e-01  7.527059e-04  8.002529e-01  7.527415e-04  7.679591e-01  7.118623e-04  
   0.8950300  8.018469e-01  7.743226e-04  8.018560e-01  7.743585e-04  7.694756e-01  7.324275e-04  
   0.9160300  8.034957e-01  7.962199e-04  8.035050e-01  7.962562e-04  7.710353e-01  7.532724e-04  
   0.9370300  8.051910e-01  8.184085e-04  8.052001e-01  8.184452e-04  7.726391e-01  7.744089e-04  
   0.9580300  8.069327e-01  8.408990e-04  8.069420e-01  8.409365e-04  7.742873e-01  7.958490e-04  
   0.9780300  8.086361e-01  8.626109e-04  8.086455e-01  8.626488e-04  7.758998e-01  8.165620e-04  
   0.9990300  8.104718e-01  8.857256e-04  8.104814e-01  8.857638e-04  7.776374e-01  8.386318e-04  
   1.0200300  8.123563e-01  9.091776e-04  8.123661e-01  9.092164e-04  7.794221e-01  8.610437e-04  
   1.0410300  8.142906e-01  9.329792e-04  8.143004e-01  9.330188e-04  7.812542e-01  8.838129e-04  
   1.0620300  8.162757e-01  9.571433e-04  8.162857e-01  9.571841e-04  7.831350e-01  9.069544e-04  
   1.0830300  8.183118e-01  9.816824e-04  8.183217e-01  9.817244e-04  7.850646e-01  9.304844e-04  
   1.1030300  8.202987e-01  1.005414e-03  8.203091e-01  1.005457e-03  7.869486e-01  9.532712e-04  
   1.1240300  8.224372e-01  1.030725e-03  8.224475e-01  1.030770e-03  7.889761e-01  9.776136e-04  
   1.1450300  8.246291e-01  1.056453e-03  8.246394e-01  1.056499e-03  7.910555e-01  1.002405e-03  
   1.1660300  8.268753e-01  1.082613e-03  8.268858e-01  1.082661e-03  7.931873e-01  1.027672e-03  
   1.1870300  8.291769e-01  1.109219e-03  8.291877e-01  1.109269e-03  7.953724e-01  1.053448e-03  
   1.2080300  8.315350e-01  1.136291e-03  8.315457e-01  1.136343e-03  7.976117e-01  1.079774e-03  
   1.2280300  8.338335e-01  1.162521e-03  8.338442e-01  1.162575e-03  7.997960e-01  1.105405e-03  
   1.2490300  8.363038e-01  1.190553e-03  8.363149e-01  1.190609e-03  8.021447e-01  1.132969e-03  
   1.2706300  8.389071e-01  1.219931e-03  8.389182e-01  1.219990e-03  8.046210e-01  1.162108e-03  
   1.2906300  8.413742e-01  1.247647e-03  8.413855e-01  1.247709e-03  8.069694e-01  1.189903e-03  
   1.3116300  8.440250e-01  1.277308e-03  8.440363e-01  1.277372e-03  8.094938e-01  1.220074e-03  
   1.3326300  8.467384e-01  1.307568e-03  8.467498e-01  1.307635e-03  8.120801e-01  1.251431e-03  
   1.3536299  8.495155e-01  1.338462e-03  8.495272e-01  1.338532e-03  8.147296e-01  1.284203e-03  
   1.3746300  8.523583e-01  1.370031e-03  8.523702e-01  1.370103e-03  8.174435e-01  1.318673e-03  
   1.3946300  8.551281e-01  1.400765e-03  8.551400e-01  1.400841e-03  8.200896e-01  1.353386e-03  
   1.4156300  8.581025e-01  1.433793e-03  8.581148e-01  1.433871e-03  8.229346e-01  1.392193e-03  
   1.4366300  8.611470e-01  1.467662e-03  8.611592e-01  1.467744e-03  8.258486e-01  1.433864e-03  
   1.4576300  8.642627e-01  1.502456e-03  8.642752e-01  1.502541e-03  8.288335e-01  1.478902e-03  
   1.4786299  8.674512e-01  1.538275e-03  8.674640e-01  1.538363e-03  8.318912e-01  1.527861e-03  
   1.4996300  8.707142e-01  1.575240e-03  8.707272e-01  1.575332e-03  8.350229e-01  1.581327e-03  
   1.5196300  8.738922e-01  1.611646e-03  8.739054e-01  1.611740e-03  8.380758e-01  1.636989e-03  
   1.5406300  8.773055e-01  1.651301e-03  8.773186e-01  1.651399e-03  8.413567e-01  1.701002e-03  
   1.5616300  8.807983e-01  1.692623e-03  8.808114e-01  1.692724e-03  8.447168e-01  1.771308e-03  
   1.5826300  8.843719e-01  1.735846e-03  8.843855e-01  1.735950e-03  8.481573e-01  1.848491e-03  
   1.6036299  8.880291e-01  1.781236e-03  8.880430e-01  1.781344e-03  8.516800e-01  1.933099e-03  
   1.6246300  8.917716e-01  1.829085e-03  8.917857e-01  1.829195e-03  8.552862e-01  2.025649e-03  
   1.6446300  8.954159e-01  1.877220e-03  8.954303e-01  1.877333e-03  8.588000e-01  2.121606e-03  
   1.6656300  8.993297e-01  1.930756e-03  8.993443e-01  1.930872e-03  8.625745e-01  2.230970e-03  
   1.6872300  9.034509e-01  1.989333e-03  9.034656e-01  1.989452e-03  8.665504e-01  2.353029e-03  
   1.7072300  9.073544e-01  2.046998e-03  9.073693e-01  2.047119e-03  8.703166e-01  2.474946e-03  
   1.7282300  9.115458e-01  2.111307e-03  9.115610e-01  2.111429e-03  8.743618e-01  2.612317e-03  
   1.7492300  9.158347e-01  2.179612e-03  9.158499e-01  2.179736e-03  8.785013e-01  2.759282e-03  
   1.7702301  9.202231e-01  2.251978e-03  9.202387e-01  2.252102e-03  8.827370e-01  2.915675e-03  
   1.7912300  9.247134e-01  2.328365e-03  9.247295e-01  2.328492e-03  8.870710e-01  3.081148e-03  
   1.8112299  9.290874e-01  2.404733e-03  9.291038e-01  2.404863e-03  8.912933e-01  3.246729e-03  
   1.8322300  9.337845e-01  2.488509e-03  9.338012e-01  2.488642e-03  8.958285e-01  3.428414e-03  
   1.8532300  9.385925e-01  2.575695e-03  9.386093e-01  2.575831e-03  9.004709e-01  3.617587e-03  
   1.8742300  9.435134e-01  2.666000e-03  9.435304e-01  2.666141e-03  9.052257e-01  3.813934e-03  
   1.8952301  9.485515e-01  2.759170e-03  9.485693e-01  2.759320e-03  9.100978e-01  4.017618e-03  
   1.9162300  9.537112e-01  2.855055e-03  9.537288e-01  2.855212e-03  9.150932e-01  4.229545e-03  
   1.9362299  9.587400e-01  2.948905e-03  9.587582e-01  2.949073e-03  9.199702e-01  4.440796e-03  
   1.9572300  9.641469e-01  3.050327e-03  9.641656e-01  3.050509e-03  9.252241e-01  4.675523e-03  
   1.9782300  9.696879e-01  3.155184e-03  9.697069e-01  3.155382e-03  9.306206e-01  4.927943e-03  
   1.9992300  9.753671e-01  3.264252e-03  9.753864e-01  3.264469e-03  9.361658e-01  5.203997e-03  
   2.0202301  9.811901e-01  3.378600e-03  9.812096e-01  3.378837e-03  9.418660e-01  5.510946e-03  
   2.0412300  9.871613e-01  3.499553e-03  9.871811e-01  3.499813e-03  9.477242e-01  5.857068e-03  
   2.0612299  9.929904e-01  3.622282e-03  9.930107e-01  3.622565e-03  9.534534e-01  6.231253e-03  
   2.0822301  9.992654e-01  3.760637e-03  9.992862e-01  3.760949e-03  9.596260e-01  6.679500e-03  
   2.1038301  1.005890e+00  3.914820e-03  1.005912e+00  3.915159e-03  9.661424e-01  7.208386e-03  
   2.1238301  1.012182e+00  4.069799e-03  1.012204e+00  4.070166e-03  9.723236e-01  7.766182e-03  
   2.1448300  1.018958e+00  4.246547e-03  1.018980e+00  4.246946e-03  9.789617e-01  8.427646e-03  
   2.1658299  1.025910e+00  4.438784e-03  1.025932e+00  4.439214e-03  9.857453e-01  9.169973e-03  
   2.1868300  1.033045e+00  4.647346e-03  1.033068e+00  4.647808e-03  9.926690e-01  9.994040e-03  
   2.2078300  1.040367e+00  4.872701e-03  1.040391e+00  4.873194e-03  9.997256e-01  1.089809e-02  
   2.2278299  1.047521e+00  5.103050e-03  1.047545e+00  5.103572e-03  1.006567e+00  1.182968e-02  
   2.2488301  1.055228e+00  5.361244e-03  1.055252e+00  5.361794e-03  1.013873e+00  1.287585e-02  
   2.2698300  1.063140e+00  5.635701e-03  1.063165e+00  5.636276e-03  1.021303e+00  1.398369e-02  
   2.2908299  1.071267e+00  5.925792e-03  1.071293e+00  5.926392e-03  1.028861e+00  1.514381e-02  
   2.3118300  1.079617e+00  6.230787e-03  1.079643e+00  6.231406e-03  1.036550e+00  1.634606e-02  
   2.3328300  1.088199e+00  6.549962e-03  1.088226e+00  6.550602e-03  1.044378e+00  1.757997e-02  
   2.3528299  1.096599e+00  6.866558e-03  1.096627e+00  6.867210e-03  1.051970e+00  1.877522e-02  
   2.3738301  1.105667e+00  7.211811e-03  1.105695e+00  7.212476e-03  1.060099e+00  2.004205e-02  
   2.3948300  1.115000e+00  7.570017e-03  1.115029e+00  7.570693e-03  1.068402e+00  2.131228e-02  
   2.4158299  1.124613e+00  7.941263e-03  1.124643e+00  7.941945e-03  1.076896e+00  2.257816e-02  
   2.4368300  1.134521e+00  8.325991e-03  1.134552e+00  8.326680e-03  1.085599e+00  2.383316e-02  
   2.4578300  1.144739e+00  8.724951e-03  1.144770e+00  8.725651e-03  1.094529e+00  2.507205e-02  
   2.4778299  1.154773e+00  9.119176e-03  1.154805e+00  9.119888e-03  1.103263e+00  2.623351e-02  
   2.4988301  1.165645e+00  9.549522e-03  1.165678e+00  9.550248e-03  1.112697e+00  2.743165e-02  
   2.5204301  1.177208e+00  1.001164e-02  1.177242e+00  1.001239e-02  1.122707e+00  2.864074e-02  
   2.5404301  1.188278e+00  1.045928e-02  1.188313e+00  1.046006e-02  1.132273e+00  2.974067e-02  
   2.5614300  1.200300e+00  1.095242e-02  1.200337e+00  1.095324e-02  1.142653e+00  3.087893e-02  
   2.5824299  1.212756e+00  1.147252e-02  1.212793e+00  1.147338e-02  1.153403e+00  3.200611e-02  
   2.6034300  1.225673e+00  1.202355e-02  1.225712e+00  1.202447e-02  1.164556e+00  3.313075e-02  
   2.6244299  1.239082e+00  1.261030e-02  1.239122e+00  1.261128e-02  1.176140e+00  3.426387e-02  
   2.6444299  1.252341e+00  1.320766e-02  1.252382e+00  1.320872e-02  1.187604e+00  3.536330e-02  
   2.6654301  1.266812e+00  1.388217e-02  1.266854e+00  1.388331e-02  1.200131e+00  3.655422e-02  
   2.6864300  1.281885e+00  1.461371e-02  1.281929e+00  1.461494e-02  1.213192e+00  3.780033e-02  
   2.7074299  1.297608e+00  1.541321e-02  1.297653e+00  1.541454e-02  1.226829e+00  3.912189e-02  
   2.7284300  1.314032e+00  1.629451e-02  1.314079e+00  1.629595e-02  1.241083e+00  4.054123e-02  
   2.7494299  1.331216e+00  1.727537e-02  1.331266e+00  1.727691e-02  1.255999e+00  4.208304e-02  
   2.7694299  1.348350e+00  1.832312e-02  1.348401e+00  1.832480e-02  1.270865e+00  4.369041e-02  
   2.7904301  1.367217e+00  1.957141e-02  1.367271e+00  1.957324e-02  1.287218e+00  4.555398e-02  
   2.8114300  1.387066e+00  2.101027e-02  1.387121e+00  2.101227e-02  1.304393e+00  4.763318e-02  
   2.8324299  1.407988e+00  2.269151e-02  1.408046e+00  2.269376e-02  1.322453e+00  4.997094e-02  
   2.8534300  1.430086e+00  2.468308e-02  1.430147e+00  2.468565e-02  1.341471e+00  5.261957e-02  
   2.8744299  1.453470e+00  2.707336e-02  1.453535e+00  2.707636e-02  1.361527e+00  5.564357e-02  
   2.8944299  1.477043e+00  2.982417e-02  1.477110e+00  2.982774e-02  1.381670e+00  5.894602e-02  
   2.9154301  1.503275e+00  3.334809e-02  1.503347e+00  3.335249e-02  1.404001e+00  6.295285e-02  
   2.9370301  1.531959e+00  3.783653e-02  1.532035e+00  3.784211e-02  1.428329e+00  6.777835e-02  
   2.9570301  1.560154e+00  4.297669e-02  1.560235e+00  4.298374e-02  1.452168e+00  7.302447e-02  
   2.9780300  1.591533e+00  4.964338e-02  1.591619e+00  4.965248e-02  1.478642e+00  7.951526e-02  
   2.9990301  1.624781e+00  5.790767e-02  1.624872e+00  5.791951e-02  1.506661e+00  8.722675e-02  
   3.0200300  1.659905e+00  6.811199e-02  1.660002e+00  6.812729e-02  1.536277e+00  9.641362e-02  
   3.0410299  1.696852e+00  8.063463e-02  1.696955e+00  8.065438e-02  1.567505e+00  1.073690e-01  
   3.0610299  1.733624e+00  9.508607e-02  1.733733e+00  9.511102e-02  1.598720e+00  1.197481e-01  
   3.0820301  1.773697e+00  1.133109e-01  1.773813e+00  1.133425e-01  1.632961e+00  1.351354e-01  
   3.1030300  1.814971e+00  1.350627e-01  1.815092e+00  1.351022e-01  1.668549e+00  1.533474e-01  
   3.1240301  1.857050e+00  1.607217e-01  1.857177e+00  1.607704e-01  1.705247e+00  1.747791e-01  
   3.1450300  1.899435e+00  1.906118e-01  1.899568e+00  1.906712e-01  1.742721e+00  1.998182e-01  
   3.1660299  1.941544e+00  2.249765e-01  1.941680e+00  2.250476e-01  1.780538e+00  2.288246e-01  
   3.1860299  1.980788e+00  2.619907e-01  1.980929e+00  2.620740e-01  1.816385e+00  2.604194e-01  
   3.2070301  2.020416e+00  3.053660e-01  2.020558e+00  3.054628e-01  1.853244e+00  2.979803e-01  
   3.2280300  2.057713e+00  3.532307e-01  2.057856e+00  3.533417e-01  1.888606e+00  3.401507e-01  
   3.2490301  2.091975e+00  4.053040e-01  2.092117e+00  4.054292e-01  1.921703e+00  3.869158e-01  
   3.2700300  2.122550e+00  4.611535e-01  2.122689e+00  4.612925e-01  1.951745e+00  4.381016e-01  
   3.2910299  2.148881e+00  5.202135e-01  2.149017e+00  5.203655e-01  1.977951e+00  4.933633e-01  
   3.3110299  2.169618e+00  5.788276e-01  2.169749e+00  5.789908e-01  1.998682e+00  5.493082e-01  
   3.3320301  2.186566e+00  6.421342e-01  2.186690e+00  6.423073e-01  2.015416e+00  6.108734e-01  
   3.3536301  2.198723e+00  7.083132e-01  2.198840e+00  7.084944e-01  2.026758e+00  6.763524e-01  
   3.3736300  2.205266e+00  7.698182e-01  2.205374e+00  7.700046e-01  2.031679e+00  7.380456e-01  
   3.3946300  2.207473e+00  8.339236e-01  2.207572e+00  8.341129e-01  2.030995e+00  8.029445e-01  
   3.4156301  2.205265e+00  8.969116e-01  2.205355e+00  8.971013e-01  2.024465e+00  8.669577e-01  
   3.4366300  2.199118e+00  9.582568e-01  2.199199e+00  9.584450e-01  2.012457e+00  9.290984e-01  
   3.4576299  2.189584e+00  1.017579e+00  2.189656e+00  1.017763e+00  1.995553e+00  9.884788e-01  
   3.4776299  2.177888e+00  1.071981e+00  2.177951e+00  1.072159e+00  1.975587e+00  1.041787e+00  
   3.4986300  2.163406e+00  1.126810e+00  2.163460e+00  1.126982e+00  1.951398e+00  1.093818e+00  
   3.5196300  2.147184e+00  1.179317e+00  2.147229e+00  1.179481e+00  1.924835e+00  1.141471e+00  
   3.5406301  2.129666e+00  1.229621e+00  2.129703e+00  1.229778e+00  1.896843e+00  1.184620e+00  
   3.5616300  2.111203e+00  1.277901e+00  2.111233e+00  1.278051e+00  1.868317e+00  1.223353e+00  
   3.5826299  2.092048e+00  1.324361e+00  2.092069e+00  1.324503e+00  1.840050e+00  1.257948e+00  
   3.6026299  2.073306e+00  1.367088e+00  2.073321e+00  1.367225e+00  1.813960e+00  1.287439e+00  
   3.6236300  2.053190e+00  1.410504e+00  2.053198e+00  1.410636e+00  1.787902e+00  1.315280e+00  
   3.6446300  2.032669e+00  1.452530e+00  2.032670e+00  1.452659e+00  1.763515e+00  1.340492e+00  
   3.6656301  2.011769e+00  1.493203e+00  2.011762e+00  1.493330e+00  1.740936e+00  1.363656e+00  
   3.6866300  1.990533e+00  1.532500e+00  1.990520e+00  1.532627e+00  1.720163e+00  1.385310e+00  
   3.7076299  1.969049e+00  1.570363e+00  1.969031e+00  1.570492e+00  1.701080e+00  1.405920e+00  
   3.7276299  1.948493e+00  1.605023e+00  1.948470e+00  1.605154e+00  1.684307e+00  1.424919e+00  
   3.7486300  1.927025e+00  1.639890e+00  1.926998e+00  1.640024e+00  1.667962e+00  1.444469e+00  
   3.7702301  1.905373e+00  1.674117e+00  1.905342e+00  1.674256e+00  1.652290e+00  1.464338e+00  
   3.7902300  1.886047e+00  1.704394e+00  1.886013e+00  1.704537e+00  1.638654e+00  1.482617e+00  
   3.8112299  1.866888e+00  1.734893e+00  1.866852e+00  1.735042e+00  1.625139e+00  1.501741e+00  
   3.8322301  1.849291e+00  1.764362e+00  1.849256e+00  1.764517e+00  1.612415e+00  1.520826e+00  
   3.8532300  1.833645e+00  1.793227e+00  1.833608e+00  1.793389e+00  1.600526e+00  1.539911e+00  
   3.8742299  1.820274e+00  1.822051e+00  1.820239e+00  1.822220e+00  1.589585e+00  1.559075e+00  
   3.8942299  1.809867e+00  1.850082e+00  1.809831e+00  1.850260e+00  1.580200e+00  1.577525e+00  
   3.9152300  1.801473e+00  1.880868e+00  1.801438e+00  1.881055e+00  1.571624e+00  1.597315e+00  
   3.9362299  1.795610e+00  1.913870e+00  1.795575e+00  1.914066e+00  1.564564e+00  1.617836e+00  
   3.9572301  1.792030e+00  1.949966e+00  1.791995e+00  1.950172e+00  1.559213e+00  1.639505e+00  
   3.9782300  1.790279e+00  1.990023e+00  1.790245e+00  1.990238e+00  1.555706e+00  1.662832e+00  
   3.9992299  1.789701e+00  2.034851e+00  1.789665e+00  2.035076e+00  1.554100e+00  1.688432e+00  
   4.0192299  1.789459e+00  2.082638e+00  1.789421e+00  2.082871e+00  1.554279e+00  1.715557e+00  
   4.0402298  1.788535e+00  2.138708e+00  1.788493e+00  2.138949e+00  1.556053e+00  1.747640e+00  
   4.0612302  1.785757e+00  2.201200e+00  1.785710e+00  2.201448e+00  1.559063e+00  1.784171e+00  
   4.0822301  1.779824e+00  2.270283e+00  1.779772e+00  2.270538e+00  1.562707e+00  1.825901e+00  
   4.1032300  1.769368e+00  2.345884e+00  1.769308e+00  2.346142e+00  1.566163e+00  1.873510e+00  
   4.1242299  1.752997e+00  2.427669e+00  1.752927e+00  2.427929e+00  1.568385e+00  1.927550e+00  
   4.1442299  1.730665e+00  2.510765e+00  1.730585e+00  2.511025e+00  1.568208e+00  1.985325e+00  
   4.1652298  1.698918e+00  2.602669e+00  1.698826e+00  2.602924e+00  1.564243e+00  2.052720e+00  
   4.1868300  1.656215e+00  2.701048e+00  1.656110e+00  2.701297e+00  1.554516e+00  2.129039e+00  
   4.2068300  1.606688e+00  2.794409e+00  1.606569e+00  2.794650e+00  1.538895e+00  2.205532e+00  
   4.2278299  1.543618e+00  2.893366e+00  1.543481e+00  2.893595e+00  1.514109e+00  2.291005e+00  
   4.2488298  1.468702e+00  2.991693e+00  1.468549e+00  2.991909e+00  1.479293e+00  2.380504e+00  
   4.2698302  1.381678e+00  3.087694e+00  1.381506e+00  3.087894e+00  1.433190e+00  2.472409e+00  
   4.2908301  1.282555e+00  3.179608e+00  1.282364e+00  3.179791e+00  1.374851e+00  2.564783e+00  
   4.3108301  1.177152e+00  3.261728e+00  1.176942e+00  3.261893e+00  1.307396e+00  2.651212e+00  
   4.3318300  1.055448e+00  3.340584e+00  1.055218e+00  3.340727e+00  1.223956e+00  2.738111e+00  
   4.3528299  9.232319e-01  3.410224e+00  9.229811e-01  3.410346e+00  1.127944e+00  2.818744e+00  
   4.3738298  7.815523e-01  3.469054e+00  7.812823e-01  3.469154e+00  1.020204e+00  2.890815e+00  
   4.3948302  6.316951e-01  3.515605e+00  6.314059e-01  3.515682e+00  9.020495e-01  2.952208e+00  
   4.4158301  4.751768e-01  3.548574e+00  4.748701e-01  3.548628e+00  7.752328e-01  3.001095e+00  
   4.4358301  3.214773e-01  3.566338e+00  3.211560e-01  3.566370e+00  6.483157e-01  3.034697e+00  
   4.4568300  1.570329e-01  3.569834e+00  1.566993e-01  3.569843e+00  5.108674e-01  3.055402e+00  
   4.4778299  -8.558367e-03  3.557212e+00  -8.900838e-03  3.557200e+00  3.715946e-01  3.060664e+00  
   4.4988298  -1.731728e-01  3.528173e+00  -1.735202e-01  3.528139e+00  2.330378e-01  3.050469e+00  
   4.5198302  -3.346302e-01  3.482752e+00  -3.349779e-01  3.482699e+00  9.765980e-02  3.025306e+00  
   4.5408301  -4.907324e-01  3.421353e+00  -4.910758e-01  3.421280e+00  -3.224869e-02  2.986132e+00  
   4.5608301  -6.324695e-01  3.348731e+00  -6.328048e-01  3.348642e+00  -1.490446e-01  2.937038e+00  
   4.5818300  -7.720744e-01  3.258733e+00  -7.723964e-01  3.258629e+00  -2.627939e-01  2.874725e+00  
   4.6034298  -9.039201e-01  3.153056e+00  -9.042249e-01  3.152938e+00  -3.689578e-01  2.801108e+00  
   4.6234298  -1.013910e+00  3.045100e+00  -1.014196e+00  3.044972e+00  -4.566330e-01  2.726253e+00  
   4.6444302  -1.115689e+00  2.923361e+00  -1.115955e+00  2.923226e+00  -5.372375e-01  2.642751e+00  
   4.6654301  -1.202586e+00  2.795360e+00  -1.202830e+00  2.795221e+00  -6.060214e-01  2.556232e+00  
   4.6864300  -1.274180e+00  2.663566e+00  -1.274403e+00  2.663425e+00  -6.632472e-01  2.468607e+00  
   4.7074299  -1.330497e+00  2.530467e+00  -1.330703e+00  2.530329e+00  -7.094727e-01  2.381599e+00  
   4.7274299  -1.370347e+00  2.404686e+00  -1.370540e+00  2.404552e+00  -7.439916e-01  2.300667e+00  
   4.7484298  -1.398535e+00  2.275758e+00  -1.398718e+00  2.275632e+00  -7.711728e-01  2.218899e+00  
   4.7694302  -1.413902e+00  2.151940e+00  -1.414079e+00  2.151824e+00  -7.901099e-01  2.141363e+00  
   4.7904301  -1.417884e+00  2.034813e+00  -1.418062e+00  2.034709e+00  -8.019037e-01  2.068762e+00  
   4.8114300  -1.412084e+00  1.925571e+00  -1.412268e+00  1.925480e+00  -8.076491e-01  2.001543e+00  
   4.8324299  -1.398177e+00  1.825016e+00  -1.398371e+00  1.824939e+00  -8.083938e-01  1.939941e+00  
   4.8524299  -1.378910e+00  1.737723e+00  -1.379120e+00  1.737659e+00  -8.053429e-01  1.886538e+00  
   4.8734298  -1.353868e+00  1.655063e+00  -1.354098e+00  1.655011e+00  -7.990319e-01  1.835898e+00  
   4.8944302  -1.325308e+00  1.581447e+00  -1.325561e+00  1.581407e+00  -7.902961e-01  1.790614e+00  
   4.9154301  -1.294490e+00  1.516487e+00  -1.294769e+00  1.516457e+00  -7.797976e-01  1.750395e+00  
   4.9364300  -1.262479e+00  1.459629e+00  -1.262786e+00  1.459608e+00  -7.680921e-01  1.714889e+00  
   4.9574299  -1.230147e+00  1.410219e+00  -1.230484e+00  1.410205e+00  -7.556366e-01  1.683719e+00  
   4.9774299  -1.199684e+00  1.369438e+00  -1.200049e+00  1.369429e+00  -7.434142e-01  1.657709e+00  
   4.9984298  -1.168542e+00  1.332514e+00  -1.168937e+00  1.332508e+00  -7.304825e-01  1.633885e+00  
