w Re-xx Im-xx Re-yy Im-yy Re-zz Im-zz
# Gaussian absolute broadening  0.15 [eV]
   0.0000000  7.733764e-01  9.027149e-05  7.733566e-01  9.027160e-05  7.302742e-01  8.021052e-05  
   0.0200000  7.734783e-01  9.661354e-05  7.734587e-01  9.661370e-05  7.303649e-01  8.584381e-05  
   0.0410000  7.735997e-01  1.038408e-04  7.735801e-01  1.038410e-04  7.304727e-01  9.226295e-05  
   0.0620000  7.737377e-01  1.116870e-04  7.737183e-01  1.116873e-04  7.305958e-01  9.923145e-05  
   0.0830000  7.738946e-01  1.201869e-04  7.738749e-01  1.201873e-04  7.307352e-01  1.067800e-04  
   0.1040000  7.740729e-01  1.293707e-04  7.740534e-01  1.293712e-04  7.308935e-01  1.149352e-04  
   0.1240000  7.742639e-01  1.387747e-04  7.742442e-01  1.387754e-04  7.310630e-01  1.232853e-04  
   0.1450000  7.744893e-01  1.493550e-04  7.744699e-01  1.493560e-04  7.312632e-01  1.326789e-04  
   0.1660000  7.747423e-01  1.606654e-04  7.747229e-01  1.606666e-04  7.314880e-01  1.427195e-04  
   0.1870000  7.750252e-01  1.727022e-04  7.750057e-01  1.727038e-04  7.317391e-01  1.534038e-04  
   0.2080000  7.753401e-01  1.854509e-04  7.753204e-01  1.854530e-04  7.320189e-01  1.647184e-04  
   0.2290000  7.756885e-01  1.988858e-04  7.756689e-01  1.988884e-04  7.323283e-01  1.766403e-04  
   0.2490000  7.760534e-01  2.122861e-04  7.760337e-01  2.122894e-04  7.326525e-01  1.885295e-04  
   0.2700000  7.764723e-01  2.269493e-04  7.764526e-01  2.269533e-04  7.330242e-01  2.015368e-04  
   0.2910000  7.769287e-01  2.421697e-04  7.769091e-01  2.421746e-04  7.334293e-01  2.150356e-04  
   0.3120000  7.774236e-01  2.578926e-04  7.774042e-01  2.578984e-04  7.338691e-01  2.289769e-04  
   0.3330000  7.779576e-01  2.740619e-04  7.779379e-01  2.740688e-04  7.343431e-01  2.433106e-04  
   0.3540000  7.785308e-01  2.906234e-04  7.785115e-01  2.906314e-04  7.348520e-01  2.579880e-04  
   0.3740000  7.791134e-01  3.067144e-04  7.790940e-01  3.067236e-04  7.353692e-01  2.722443e-04  
   0.3950000  7.797639e-01  3.239006e-04  7.797443e-01  3.239111e-04  7.359464e-01  2.874665e-04  
   0.4160000  7.804531e-01  3.413464e-04  7.804335e-01  3.413581e-04  7.365581e-01  3.029135e-04  
   0.4374300  7.811977e-01  3.593849e-04  7.811782e-01  3.593978e-04  7.372187e-01  3.188794e-04  
   0.4574300  7.819289e-01  3.764111e-04  7.819095e-01  3.764250e-04  7.378677e-01  3.339440e-04  
   0.4784300  7.827349e-01  3.944703e-04  7.827157e-01  3.944853e-04  7.385828e-01  3.499165e-04  
   0.4994300  7.835804e-01  4.127038e-04  7.835608e-01  4.127196e-04  7.393324e-01  3.660366e-04  
   0.5204300  7.844646e-01  4.311044e-04  7.844453e-01  4.311210e-04  7.401167e-01  3.822974e-04  
   0.5414300  7.853884e-01  4.496688e-04  7.853688e-01  4.496858e-04  7.409358e-01  3.986960e-04  
   0.5614300  7.863048e-01  4.675016e-04  7.862855e-01  4.675190e-04  7.417483e-01  4.144410e-04  
   0.5824300  7.873060e-01  4.863884e-04  7.872867e-01  4.864059e-04  7.426358e-01  4.311087e-04  
   0.6034300  7.883472e-01  5.054448e-04  7.883280e-01  5.054623e-04  7.435585e-01  4.479179e-04  
   0.6244300  7.894289e-01  5.246767e-04  7.894095e-01  5.246939e-04  7.445171e-01  4.648731e-04  
   0.6454300  7.905511e-01  5.440897e-04  7.905321e-01  5.441065e-04  7.455115e-01  4.819791e-04  
   0.6664300  7.917147e-01  5.636908e-04  7.916953e-01  5.637070e-04  7.465420e-01  4.992412e-04  
   0.6864300  7.928608e-01  5.825395e-04  7.928417e-01  5.825553e-04  7.475569e-01  5.158315e-04  
   0.7074300  7.941054e-01  6.025281e-04  7.940863e-01  6.025432e-04  7.486588e-01  5.334152e-04  
   0.7284300  7.953922e-01  6.227268e-04  7.953731e-01  6.227413e-04  7.497981e-01  5.511729e-04  
   0.7494300  7.967218e-01  6.431435e-04  7.967025e-01  6.431573e-04  7.509745e-01  5.691113e-04  
   0.7704300  7.980940e-01  6.637864e-04  7.980750e-01  6.637998e-04  7.521889e-01  5.872365e-04  
   0.7914300  7.995099e-01  6.846642e-04  7.994912e-01  6.846770e-04  7.534416e-01  6.055562e-04  
   0.8114300  8.008991e-01  7.047742e-04  8.008801e-01  7.047867e-04  7.546700e-01  6.231902e-04  
   0.8324300  8.024015e-01  7.261370e-04  8.023822e-01  7.261493e-04  7.559983e-01  6.419100e-04  
   0.8540300  8.039942e-01  7.483845e-04  8.039753e-01  7.483966e-04  7.574061e-01  6.613909e-04  
   0.8740300  8.055117e-01  7.692411e-04  8.054927e-01  7.692533e-04  7.587468e-01  6.796406e-04  
   0.8950300  8.071502e-01  7.914176e-04  8.071312e-01  7.914299e-04  7.601944e-01  6.990305e-04  
   0.9160300  8.088355e-01  8.138879e-04  8.088166e-01  8.139004e-04  7.616828e-01  7.186623e-04  
   0.9370300  8.105682e-01  8.366640e-04  8.105496e-01  8.366770e-04  7.632126e-01  7.385450e-04  
   0.9580300  8.123490e-01  8.597570e-04  8.123301e-01  8.597706e-04  7.647842e-01  7.586879e-04  
   0.9780300  8.140907e-01  8.820570e-04  8.140721e-01  8.820712e-04  7.663211e-01  7.781229e-04  
   0.9990300  8.159679e-01  9.058051e-04  8.159493e-01  9.058202e-04  7.679769e-01  7.988024e-04  
   1.0200300  8.178952e-01  9.299073e-04  8.178765e-01  9.299233e-04  7.696761e-01  8.197712e-04  
   1.0410300  8.198739e-01  9.543770e-04  8.198554e-01  9.543939e-04  7.714200e-01  8.410404e-04  
   1.0620300  8.219045e-01  9.792271e-04  8.218858e-01  9.792451e-04  7.732092e-01  8.626202e-04  
   1.0830300  8.239876e-01  1.004472e-03  8.239689e-01  1.004491e-03  7.750440e-01  8.845209e-04  
   1.1030300  8.260211e-01  1.028894e-03  8.260026e-01  1.028914e-03  7.768344e-01  9.056878e-04  
   1.1240300  8.282093e-01  1.054949e-03  8.281910e-01  1.054971e-03  7.787604e-01  9.282482e-04  
   1.1450300  8.304529e-01  1.081443e-03  8.304345e-01  1.081465e-03  7.807338e-01  9.511639e-04  
   1.1660300  8.327525e-01  1.108391e-03  8.327342e-01  1.108414e-03  7.827563e-01  9.744472e-04  
   1.1870300  8.351092e-01  1.135808e-03  8.350910e-01  1.135832e-03  7.848275e-01  9.981107e-04  
   1.2080300  8.375239e-01  1.163713e-03  8.375061e-01  1.163738e-03  7.869490e-01  1.022167e-03  
   1.2280300  8.398780e-01  1.190757e-03  8.398598e-01  1.190784e-03  7.890165e-01  1.045457e-03  
   1.2490300  8.424085e-01  1.219666e-03  8.423907e-01  1.219694e-03  7.912377e-01  1.070322e-03  
   1.2706300  8.450760e-01  1.249970e-03  8.450580e-01  1.249998e-03  7.935778e-01  1.096354e-03  
   1.2906300  8.476039e-01  1.278561e-03  8.475860e-01  1.278589e-03  7.957947e-01  1.120883e-03  
   1.3116300  8.503208e-01  1.309155e-03  8.503028e-01  1.309184e-03  7.981758e-01  1.147098e-03  
   1.3326300  8.531018e-01  1.340359e-03  8.530843e-01  1.340388e-03  8.006123e-01  1.173798e-03  
   1.3536299  8.559492e-01  1.372198e-03  8.559316e-01  1.372227e-03  8.031048e-01  1.201002e-03  
   1.3746300  8.588647e-01  1.404699e-03  8.588471e-01  1.404728e-03  8.056557e-01  1.228730e-03  
   1.3946300  8.617052e-01  1.436292e-03  8.616877e-01  1.436321e-03  8.081398e-01  1.255642e-03  
   1.4156300  8.647565e-01  1.470166e-03  8.647392e-01  1.470194e-03  8.108066e-01  1.284449e-03  
   1.4366300  8.678797e-01  1.504787e-03  8.678626e-01  1.504814e-03  8.135346e-01  1.313841e-03  
   1.4576300  8.710769e-01  1.540190e-03  8.710599e-01  1.540217e-03  8.163251e-01  1.343838e-03  
   1.4786299  8.743497e-01  1.576412e-03  8.743327e-01  1.576439e-03  8.191797e-01  1.374465e-03  
   1.4996300  8.776992e-01  1.613492e-03  8.776822e-01  1.613520e-03  8.220997e-01  1.405744e-03  
   1.5196300  8.809621e-01  1.649646e-03  8.809453e-01  1.649675e-03  8.249415e-01  1.436163e-03  
   1.5406300  8.844672e-01  1.688542e-03  8.844501e-01  1.688573e-03  8.279920e-01  1.468790e-03  
   1.5616300  8.880545e-01  1.728453e-03  8.880379e-01  1.728486e-03  8.311120e-01  1.502147e-03  
   1.5826300  8.917264e-01  1.769452e-03  8.917099e-01  1.769488e-03  8.343026e-01  1.536262e-03  
   1.6036299  8.954847e-01  1.811628e-03  8.954684e-01  1.811670e-03  8.375656e-01  1.571167e-03  
   1.6246300  8.993319e-01  1.855092e-03  8.993156e-01  1.855138e-03  8.409028e-01  1.606893e-03  
   1.6446300  9.030801e-01  1.897803e-03  9.030640e-01  1.897853e-03  8.441510e-01  1.641712e-03  
   1.6656300  9.071068e-01  1.944193e-03  9.070909e-01  1.944248e-03  8.476372e-01  1.679144e-03  
   1.6872300  9.113498e-01  1.993765e-03  9.113339e-01  1.993829e-03  8.513065e-01  1.718618e-03  
   1.7072300  9.153705e-01  2.041575e-03  9.153547e-01  2.041646e-03  8.547806e-01  1.756088e-03  
   1.7282300  9.196919e-01  2.094041e-03  9.196764e-01  2.094120e-03  8.585097e-01  1.796430e-03  
   1.7492300  9.241174e-01  2.149167e-03  9.241022e-01  2.149254e-03  8.623244e-01  1.837848e-03  
   1.7702301  9.286505e-01  2.207360e-03  9.286352e-01  2.207456e-03  8.662271e-01  1.880402e-03  
   1.7912300  9.332932e-01  2.269077e-03  9.332787e-01  2.269183e-03  8.702202e-01  1.924161e-03  
   1.8112299  9.378219e-01  2.331595e-03  9.378070e-01  2.331711e-03  8.741097e-01  1.967025e-03  
   1.8322300  9.426900e-01  2.401690e-03  9.426754e-01  2.401817e-03  8.782870e-01  2.013368e-03  
   1.8532300  9.476790e-01  2.476902e-03  9.476647e-01  2.477040e-03  8.825624e-01  2.061176e-03  
   1.8742300  9.527916e-01  2.557805e-03  9.527771e-01  2.557956e-03  8.869388e-01  2.110572e-03  
   1.8952301  9.580314e-01  2.644958e-03  9.580176e-01  2.645123e-03  8.914194e-01  2.161688e-03  
   1.9162300  9.634019e-01  2.738883e-03  9.633883e-01  2.739062e-03  8.960075e-01  2.214682e-03  
   1.9362299  9.686414e-01  2.835064e-03  9.686280e-01  2.835257e-03  9.004791e-01  2.267059e-03  
   1.9572300  9.742777e-01  2.943516e-03  9.742645e-01  2.943726e-03  9.052850e-01  2.324252e-03  
   1.9782300  9.800564e-01  3.059962e-03  9.800438e-01  3.060190e-03  9.102077e-01  2.383920e-03  
   1.9992300  9.859815e-01  3.184709e-03  9.859691e-01  3.184957e-03  9.152511e-01  2.446308e-03  
   2.0202301  9.920585e-01  3.318056e-03  9.920462e-01  3.318325e-03  9.204194e-01  2.511693e-03  
   2.0412300  9.982921e-01  3.460319e-03  9.982798e-01  3.460615e-03  9.257153e-01  2.580369e-03  
   2.0612299  1.004380e+00  3.604473e-03  1.004368e+00  3.604795e-03  9.308820e-01  2.649126e-03  
   2.0822301  1.010935e+00  3.765465e-03  1.010924e+00  3.765823e-03  9.364410e-01  2.725171e-03  
   2.1038301  1.017861e+00  3.942161e-03  1.017851e+00  3.942560e-03  9.423071e-01  2.807885e-03  
   2.1238301  1.024446e+00  4.116806e-03  1.024435e+00  4.117246e-03  9.478765e-01  2.888905e-03  
   2.1448300  1.031544e+00  4.312973e-03  1.031535e+00  4.313463e-03  9.538726e-01  2.978985e-03  
   2.1658299  1.038840e+00  4.524017e-03  1.038830e+00  4.524562e-03  9.600262e-01  3.074663e-03  
   2.1868300  1.046341e+00  4.752161e-03  1.046332e+00  4.752763e-03  9.663432e-01  3.176471e-03  
   2.2078300  1.054055e+00  5.000004e-03  1.054046e+00  5.000668e-03  9.728305e-01  3.285007e-03  
   2.2278299  1.061607e+00  5.257091e-03  1.061599e+00  5.257816e-03  9.791728e-01  3.395264e-03  
   2.2488301  1.069762e+00  5.552262e-03  1.069754e+00  5.553048e-03  9.860119e-01  3.519029e-03  
   2.2698300  1.078154e+00  5.876664e-03  1.078146e+00  5.877504e-03  9.930416e-01  3.651889e-03  
   2.2908299  1.086792e+00  6.233801e-03  1.086785e+00  6.234690e-03  1.000271e+00  3.794914e-03  
   2.3118300  1.095685e+00  6.627085e-03  1.095679e+00  6.628008e-03  1.007709e+00  3.949350e-03  
   2.3328300  1.104841e+00  7.059668e-03  1.104836e+00  7.060614e-03  1.015363e+00  4.116640e-03  
   2.3528299  1.113816e+00  7.510738e-03  1.113810e+00  7.511693e-03  1.022863e+00  4.289459e-03  
   2.3738301  1.123514e+00  8.027610e-03  1.123509e+00  8.028566e-03  1.030970e+00  4.486974e-03  
   2.3948300  1.133505e+00  8.590518e-03  1.133501e+00  8.591459e-03  1.039324e+00  4.703185e-03  
   2.4158299  1.143802e+00  9.200729e-03  1.143799e+00  9.201645e-03  1.047938e+00  4.940777e-03  
   2.4368300  1.154420e+00  9.859118e-03  1.154417e+00  9.860013e-03  1.056824e+00  5.202911e-03  
   2.4578300  1.165376e+00  1.056641e-02  1.165373e+00  1.056729e-02  1.065996e+00  5.493288e-03  
   2.4778299  1.176140e+00  1.128634e-02  1.176138e+00  1.128721e-02  1.075010e+00  5.800104e-03  
   2.4988301  1.187812e+00  1.209244e-02  1.187811e+00  1.209332e-02  1.084782e+00  6.158975e-03  
   2.5204301  1.200238e+00  1.297811e-02  1.200238e+00  1.297904e-02  1.095179e+00  6.573583e-03  
   2.5404301  1.212150e+00  1.385361e-02  1.212150e+00  1.385462e-02  1.105136e+00  7.005179e-03  
   2.5614300  1.225107e+00  1.483717e-02  1.225108e+00  1.483830e-02  1.115949e+00  7.515624e-03  
   2.5824299  1.238558e+00  1.589663e-02  1.238559e+00  1.589792e-02  1.127148e+00  8.093949e-03  
   2.6034300  1.252539e+00  1.704587e-02  1.252542e+00  1.704739e-02  1.138754e+00  8.750846e-03  
   2.6244299  1.267086e+00  1.830296e-02  1.267090e+00  1.830475e-02  1.150788e+00  9.498339e-03  
   2.6444299  1.281502e+00  1.962116e-02  1.281508e+00  1.962327e-02  1.162666e+00  1.030680e-02  
   2.6654301  1.297270e+00  2.115862e-02  1.297276e+00  2.116110e-02  1.175599e+00  1.127136e-02  
   2.6864300  1.313720e+00  2.288492e-02  1.313728e+00  2.288785e-02  1.189024e+00  1.237045e-02  
   2.7074299  1.330895e+00  2.483740e-02  1.330906e+00  2.484084e-02  1.202969e+00  1.362178e-02  
   2.7284300  1.348838e+00  2.705841e-02  1.348850e+00  2.706245e-02  1.217459e+00  1.504459e-02  
   2.7494299  1.367590e+00  2.959536e-02  1.367603e+00  2.960009e-02  1.232520e+00  1.665961e-02  
   2.7694299  1.386239e+00  3.235347e-02  1.386255e+00  3.235898e-02  1.247421e+00  1.839710e-02  
   2.7904301  1.406694e+00  3.566458e-02  1.406712e+00  3.567106e-02  1.263683e+00  2.045453e-02  
   2.8114300  1.428088e+00  3.946450e-02  1.428108e+00  3.947215e-02  1.280608e+00  2.277772e-02  
   2.8324299  1.450467e+00  4.382548e-02  1.450490e+00  4.383451e-02  1.298235e+00  2.539771e-02  
   2.8534300  1.473884e+00  4.882916e-02  1.473909e+00  4.883982e-02  1.316606e+00  2.835038e-02  
   2.8744299  1.498388e+00  5.456871e-02  1.498415e+00  5.458131e-02  1.335765e+00  3.167777e-02  
   2.8944299  1.522786e+00  6.081767e-02  1.522815e+00  6.083247e-02  1.354790e+00  3.524099e-02  
   2.9154301  1.549567e+00  6.832150e-02  1.549597e+00  6.833895e-02  1.375636e+00  3.945422e-02  
   2.9370301  1.578409e+00  7.719932e-02  1.578442e+00  7.721992e-02  1.398066e+00  4.436767e-02  
   2.9570301  1.606325e+00  8.662906e-02  1.606359e+00  8.665306e-02  1.419783e+00  4.952388e-02  
   2.9780300  1.636917e+00  9.797607e-02  1.636953e+00  9.800410e-02  1.443625e+00  5.566882e-02  
   2.9990301  1.668830e+00  1.110306e-01  1.668867e+00  1.110632e-01  1.468587e+00  6.268805e-02  
   3.0200300  1.702042e+00  1.260521e-01  1.702078e+00  1.260898e-01  1.494721e+00  7.073271e-02  
   3.0410299  1.736487e+00  1.433277e-01  1.736524e+00  1.433713e-01  1.522065e+00  7.998113e-02  
   3.0610299  1.770338e+00  1.621582e-01  1.770374e+00  1.622079e-01  1.549256e+00  9.009744e-02  
   3.0820301  1.806807e+00  1.847332e-01  1.806842e+00  1.847900e-01  1.579012e+00  1.023199e-01  
   3.1030300  1.843983e+00  2.104905e-01  1.844016e+00  2.105551e-01  1.609972e+00  1.164411e-01  
   3.1240301  1.881543e+00  2.397271e-01  1.881573e+00  2.398002e-01  1.642062e+00  1.327504e-01  
   3.1450300  1.919082e+00  2.726980e-01  1.919109e+00  2.727803e-01  1.675155e+00  1.515545e-01  
   3.1660299  1.956124e+00  3.095965e-01  1.956145e+00  3.096886e-01  1.709065e+00  1.731695e-01  
   3.1860299  1.990442e+00  3.484893e-01  1.990458e+00  3.485910e-01  1.741882e+00  1.966522e-01  
   3.2070301  2.024905e+00  3.932725e-01  2.024913e+00  3.933846e-01  1.776569e+00  2.246261e-01  
   3.2280300  2.057152e+00  4.419877e-01  2.057152e+00  4.421104e-01  1.811085e+00  2.562362e-01  
   3.2490301  2.086575e+00  4.944000e-01  2.086567e+00  4.945330e-01  1.844949e+00  2.916587e-01  
   3.2700300  2.112601e+00  5.501449e-01  2.112583e+00  5.502880e-01  1.877612e+00  3.309781e-01  
   3.2910299  2.134721e+00  6.087416e-01  2.134694e+00  6.088939e-01  1.908487e+00  3.741686e-01  
   3.3110299  2.151783e+00  6.666676e-01  2.151744e+00  6.668278e-01  1.935669e+00  4.187630e-01  
   3.3320301  2.165210e+00  7.290860e-01  2.165160e+00  7.292536e-01  1.961297e+00  4.689459e-01  
   3.3536301  2.174070e+00  7.942686e-01  2.174009e+00  7.944427e-01  1.983965e+00  5.237147e-01  
   3.3736300  2.177788e+00  8.548463e-01  2.177716e+00  8.550248e-01  2.001159e+00  5.767644e-01  
   3.3946300  2.177183e+00  9.180248e-01  2.177101e+00  9.182069e-01  2.014916e+00  6.342544e-01  
   3.4156301  2.172229e+00  9.801574e-01  2.172136e+00  9.803418e-01  2.024030e+00  6.928578e-01  
   3.4366300  2.163303e+00  1.040713e+00  2.163202e+00  1.040899e+00  2.028400e+00  7.518028e-01  
   3.4576299  2.150877e+00  1.099276e+00  2.150766e+00  1.099462e+00  2.028089e+00  8.103171e-01  
   3.4776299  2.136260e+00  1.152928e+00  2.136140e+00  1.153114e+00  2.023640e+00  8.649716e-01  
   3.4986300  2.118498e+00  1.206870e+00  2.118371e+00  1.207055e+00  2.014955e+00  9.205981e-01  
   3.5196300  2.098774e+00  1.258309e+00  2.098640e+00  1.258493e+00  2.002634e+00  9.738755e-01  
   3.5406301  2.077557e+00  1.307289e+00  2.077418e+00  1.307472e+00  1.987252e+00  1.024386e+00  
   3.5616300  2.055248e+00  1.353933e+00  2.055104e+00  1.354114e+00  1.969446e+00  1.071854e+00  
   3.5826299  2.032167e+00  1.398410e+00  2.032019e+00  1.398589e+00  1.949872e+00  1.116161e+00  
   3.6026299  2.009688e+00  1.438926e+00  2.009536e+00  1.439102e+00  1.930175e+00  1.155439e+00  
   3.6236300  1.985718e+00  1.479701e+00  1.985563e+00  1.479876e+00  1.908958e+00  1.193761e+00  
   3.6446300  1.961480e+00  1.518808e+00  1.961323e+00  1.518979e+00  1.887702e+00  1.229337e+00  
   3.6656301  1.937041e+00  1.556340e+00  1.936883e+00  1.556509e+00  1.866835e+00  1.262491e+00  
   3.6866300  1.912467e+00  1.592336e+00  1.912308e+00  1.592502e+00  1.846678e+00  1.293578e+00  
   3.7076299  1.887837e+00  1.626783e+00  1.887679e+00  1.626947e+00  1.827448e+00  1.322960e+00  
   3.7276299  1.864444e+00  1.658104e+00  1.864286e+00  1.658266e+00  1.810110e+00  1.349661e+00  
   3.7486300  1.840125e+00  1.689367e+00  1.839970e+00  1.689528e+00  1.792984e+00  1.376621e+00  
   3.7702301  1.815645e+00  1.719733e+00  1.815492e+00  1.719894e+00  1.776531e+00  1.403425e+00  
   3.7902300  1.793767e+00  1.746224e+00  1.793618e+00  1.746387e+00  1.762339e+00  1.427543e+00  
   3.8112299  1.771998e+00  1.772427e+00  1.771854e+00  1.772593e+00  1.748528e+00  1.452236e+00  
   3.8322301  1.751887e+00  1.797158e+00  1.751749e+00  1.797329e+00  1.735884e+00  1.476336e+00  
   3.8532300  1.733879e+00  1.820727e+00  1.733748e+00  1.820907e+00  1.724513e+00  1.499901e+00  
   3.8742299  1.718389e+00  1.843599e+00  1.718266e+00  1.843791e+00  1.714589e+00  1.523018e+00  
   3.8942299  1.706292e+00  1.865297e+00  1.706176e+00  1.865502e+00  1.706696e+00  1.544765e+00  
   3.9152300  1.696593e+00  1.888713e+00  1.696486e+00  1.888933e+00  1.700303e+00  1.567567e+00  
   3.9362299  1.690039e+00  1.913639e+00  1.689939e+00  1.913877e+00  1.696127e+00  1.590725e+00  
   3.9572301  1.686503e+00  1.941038e+00  1.686409e+00  1.941296e+00  1.694423e+00  1.614781e+00  
   3.9782300  1.685630e+00  1.971912e+00  1.685542e+00  1.972190e+00  1.695366e+00  1.640423e+00  
   3.9992299  1.686830e+00  2.007248e+00  1.686745e+00  2.007546e+00  1.699014e+00  1.668478e+00  
   4.0192299  1.689144e+00  2.045892e+00  1.689058e+00  2.046208e+00  1.704903e+00  1.698295e+00  
   4.0402298  1.691795e+00  2.092465e+00  1.691705e+00  2.092796e+00  1.713328e+00  1.733817e+00  
   4.0612302  1.693453e+00  2.145774e+00  1.693355e+00  2.146118e+00  1.723513e+00  1.774653e+00  
   4.0822301  1.692733e+00  2.206184e+00  1.692622e+00  2.206536e+00  1.734671e+00  1.821767e+00  
   4.1032300  1.688157e+00  2.273791e+00  1.688028e+00  2.274147e+00  1.745756e+00  1.876008e+00  
   4.1242299  1.678221e+00  2.348391e+00  1.678069e+00  2.348744e+00  1.755476e+00  1.938036e+00  
   4.1442299  1.662430e+00  2.425480e+00  1.662250e+00  2.425825e+00  1.762089e+00  2.004719e+00  
   4.1652298  1.637888e+00  2.512001e+00  1.637676e+00  2.512333e+00  1.764645e+00  2.082815e+00  
   4.1868300  1.602883e+00  2.605857e+00  1.602632e+00  2.606166e+00  1.760733e+00  2.171489e+00  
   4.2068300  1.560696e+00  2.695943e+00  1.560407e+00  2.696228e+00  1.749486e+00  2.260503e+00  
   4.2278299  1.505532e+00  2.792393e+00  1.505199e+00  2.792647e+00  1.728059e+00  2.360045e+00  
   4.2488298  1.438721e+00  2.889158e+00  1.438343e+00  2.889378e+00  1.695171e+00  2.464319e+00  
   4.2698302  1.359998e+00  2.984545e+00  1.359577e+00  2.984729e+00  1.649423e+00  2.571419e+00  
   4.2908301  1.269361e+00  3.076810e+00  1.268898e+00  3.076955e+00  1.589752e+00  2.679097e+00  
   4.3108301  1.172176e+00  3.160199e+00  1.171674e+00  3.160307e+00  1.519379e+00  2.779911e+00  
   4.3318300  1.059163e+00  3.241416e+00  1.058624e+00  3.241484e+00  1.431100e+00  2.881398e+00  
   4.3528299  9.355692e-01  3.314529e+00  9.349960e-01  3.314558e+00  1.328421e+00  2.975780e+00  
   4.3738298  8.022544e-01  3.377986e+00  8.016524e-01  3.377975e+00  1.212223e+00  3.060471e+00  
   4.3948302  6.602656e-01  3.430335e+00  6.596391e-01  3.430286e+00  1.083909e+00  3.133104e+00  
   4.4158301  5.108469e-01  3.470241e+00  5.102004e-01  3.470154e+00  9.453689e-01  3.191647e+00  
   4.4358301  3.629347e-01  3.495589e+00  3.622738e-01  3.495469e+00  8.060021e-01  3.232848e+00  
   4.4568300  2.032879e-01  3.507932e+00  2.026166e-01  3.507774e+00  6.543493e-01  3.259784e+00  
   4.4778299  4.096575e-02  3.504844e+00  4.028831e-02  3.504651e+00  4.999616e-01  3.269474e+00  
   4.4988298  -1.220589e-01  3.485754e+00  -1.227375e-01  3.485523e+00  3.456495e-01  3.261959e+00  
   4.5198302  -2.836642e-01  3.450382e+00  -2.843398e-01  3.450115e+00  1.941484e-01  3.237826e+00  
   4.5408301  -4.416093e-01  3.398798e+00  -4.422772e-01  3.398494e+00  4.801205e-02  3.198172e+00  
   4.5608301  -5.865467e-01  3.335003e+00  -5.872031e-01  3.334666e+00  -8.411449e-02  3.147359e+00  
   4.5818300  -7.308074e-01  3.253443e+00  -7.314472e-01  3.253072e+00  -2.136233e-01  3.082076e+00  
   4.6034298  -8.685170e-01  3.155299e+00  -8.691354e-01  3.154895e+00  -3.354428e-01  3.004322e+00  
   4.6234298  -9.845925e-01  3.053113e+00  -9.851871e-01  3.052683e+00  -4.369656e-01  2.924790e+00  
   4.6444302  -1.093103e+00  2.936087e+00  -1.093670e+00  2.935632e+00  -5.313126e-01  2.835623e+00  
   4.6654301  -1.186758e+00  2.811395e+00  -1.187292e+00  2.810920e+00  -6.129138e-01  2.742776e+00  
   4.6864300  -1.264851e+00  2.681558e+00  -1.265351e+00  2.681067e+00  -6.819426e-01  2.648252e+00  
   4.7074299  -1.327184e+00  2.549175e+00  -1.327646e+00  2.548673e+00  -7.388833e-01  2.553862e+00  
   4.7274299  -1.372171e+00  2.423066e+00  -1.372597e+00  2.422558e+00  -7.825414e-01  2.465532e+00  
   4.7484298  -1.405044e+00  2.292912e+00  -1.405432e+00  2.292404e+00  -8.181580e-01  2.375698e+00  
   4.7694302  -1.424348e+00  2.167160e+00  -1.424697e+00  2.166654e+00  -8.443168e-01  2.289889e+00  
   4.7904301  -1.431546e+00  2.047587e+00  -1.431857e+00  2.047086e+00  -8.621106e-01  2.208910e+00  
   4.8114300  -1.428304e+00  1.935562e+00  -1.428579e+00  1.935070e+00  -8.726494e-01  2.133320e+00  
   4.8324299  -1.416385e+00  1.832044e+00  -1.416625e+00  1.831563e+00  -8.770170e-01  2.063459e+00  
   4.8524299  -1.398573e+00  1.741879e+00  -1.398783e+00  1.741407e+00  -8.763791e-01  2.002390e+00  
   4.8734298  -1.374692e+00  1.656241e+00  -1.374873e+00  1.655781e+00  -8.715846e-01  1.943997e+00  
   4.8944302  -1.347008e+00  1.579757e+00  -1.347161e+00  1.579310e+00  -8.634100e-01  1.891339e+00  
   4.9154301  -1.316860e+00  1.512084e+00  -1.316988e+00  1.511648e+00  -8.526163e-01  1.844181e+00  
   4.9364300  -1.285378e+00  1.452694e+00  -1.285483e+00  1.452269e+00  -8.398638e-01  1.802214e+00  
   4.9574299  -1.253483e+00  1.400940e+00  -1.253567e+00  1.400525e+00  -8.257156e-01  1.765081e+00  
   4.9774299  -1.223384e+00  1.358101e+00  -1.223451e+00  1.357695e+00  -8.113757e-01  1.733859e+00  
   4.9984298  -1.192596e+00  1.319187e+00  -1.192644e+00  1.318790e+00  -7.957842e-01  1.705044e+00  
