w Re-xx Im-xx Re-yy Im-yy Re-zz Im-zz
# Gaussian absolute broadening  0.15 [eV]
   0.0000000  7.699833e-01  8.890351e-05  7.700013e-01  8.891024e-05  7.255424e-01  7.899939e-05  
   0.0200000  7.700839e-01  9.514889e-05  7.701019e-01  9.515612e-05  7.256317e-01  8.454685e-05  
   0.0410000  7.702034e-01  1.022657e-04  7.702215e-01  1.022735e-04  7.257379e-01  9.086807e-05  
   0.0620000  7.703394e-01  1.099918e-04  7.703574e-01  1.100002e-04  7.258588e-01  9.773021e-05  
   0.0830000  7.704939e-01  1.183614e-04  7.705119e-01  1.183703e-04  7.259964e-01  1.051633e-04  
   0.1040000  7.706693e-01  1.274038e-04  7.706874e-01  1.274133e-04  7.261521e-01  1.131937e-04  
   0.1240000  7.708574e-01  1.366629e-04  7.708754e-01  1.366730e-04  7.263192e-01  1.214158e-04  
   0.1450000  7.710795e-01  1.470796e-04  7.710974e-01  1.470904e-04  7.265165e-01  1.306653e-04  
   0.1660000  7.713287e-01  1.582145e-04  7.713467e-01  1.582259e-04  7.267379e-01  1.405518e-04  
   0.1870000  7.716072e-01  1.700640e-04  7.716252e-01  1.700762e-04  7.269853e-01  1.510719e-04  
   0.2080000  7.719170e-01  1.826137e-04  7.719352e-01  1.826267e-04  7.272607e-01  1.622125e-04  
   0.2290000  7.722602e-01  1.958382e-04  7.722784e-01  1.958520e-04  7.275656e-01  1.739509e-04  
   0.2490000  7.726195e-01  2.090279e-04  7.726375e-01  2.090425e-04  7.278846e-01  1.856570e-04  
   0.2700000  7.730318e-01  2.234596e-04  7.730498e-01  2.234752e-04  7.282507e-01  1.984637e-04  
   0.2910000  7.734811e-01  2.384385e-04  7.734993e-01  2.384551e-04  7.286498e-01  2.117541e-04  
   0.3120000  7.739685e-01  2.539110e-04  7.739868e-01  2.539286e-04  7.290830e-01  2.254799e-04  
   0.3330000  7.744942e-01  2.698212e-04  7.745126e-01  2.698399e-04  7.295498e-01  2.395918e-04  
   0.3540000  7.750588e-01  2.861157e-04  7.750770e-01  2.861356e-04  7.300509e-01  2.540415e-04  
   0.3740000  7.756323e-01  3.019457e-04  7.756504e-01  3.019666e-04  7.305601e-01  2.680763e-04  
   0.3950000  7.762724e-01  3.188514e-04  7.762906e-01  3.188734e-04  7.311284e-01  2.830612e-04  
   0.4160000  7.769510e-01  3.360103e-04  7.769693e-01  3.360336e-04  7.317308e-01  2.982667e-04  
   0.4374300  7.776838e-01  3.537498e-04  7.777023e-01  3.537740e-04  7.323815e-01  3.139821e-04  
   0.4574300  7.784036e-01  3.704915e-04  7.784220e-01  3.705167e-04  7.330203e-01  3.288093e-04  
   0.4784300  7.791972e-01  3.882466e-04  7.792154e-01  3.882727e-04  7.337244e-01  3.445288e-04  
   0.4994300  7.800288e-01  4.061701e-04  7.800474e-01  4.061971e-04  7.344624e-01  3.603922e-04  
   0.5204300  7.808994e-01  4.242550e-04  7.809179e-01  4.242828e-04  7.352347e-01  3.763926e-04  
   0.5414300  7.818082e-01  4.424977e-04  7.818269e-01  4.425262e-04  7.360410e-01  3.925267e-04  
   0.5614300  7.827101e-01  4.600187e-04  7.827288e-01  4.600478e-04  7.368410e-01  4.080163e-04  
   0.5824300  7.836954e-01  4.785715e-04  7.837141e-01  4.786013e-04  7.377148e-01  4.244117e-04  
   0.6034300  7.847197e-01  4.972873e-04  7.847382e-01  4.973179e-04  7.386234e-01  4.409442e-04  
   0.6244300  7.857839e-01  5.161718e-04  7.858027e-01  5.162029e-04  7.395666e-01  4.576183e-04  
   0.6454300  7.868879e-01  5.352302e-04  7.869068e-01  5.352624e-04  7.405455e-01  4.744384e-04  
   0.6664300  7.880324e-01  5.544687e-04  7.880514e-01  5.545018e-04  7.415599e-01  4.914097e-04  
   0.6864300  7.891598e-01  5.729647e-04  7.891788e-01  5.729987e-04  7.425591e-01  5.077182e-04  
   0.7074300  7.903839e-01  5.925751e-04  7.904028e-01  5.926103e-04  7.436436e-01  5.250010e-04  
   0.7284300  7.916493e-01  6.123865e-04  7.916684e-01  6.124228e-04  7.447644e-01  5.424525e-04  
   0.7494300  7.929568e-01  6.324064e-04  7.929759e-01  6.324443e-04  7.459224e-01  5.600787e-04  
   0.7704300  7.943062e-01  6.526426e-04  7.943253e-01  6.526823e-04  7.471173e-01  5.778859e-04  
   0.7914300  7.956985e-01  6.731037e-04  7.957177e-01  6.731450e-04  7.483502e-01  5.958813e-04  
   0.8114300  7.970641e-01  6.928070e-04  7.970835e-01  6.928500e-04  7.495590e-01  6.132008e-04  
   0.8324300  7.985409e-01  7.137312e-04  7.985601e-01  7.137762e-04  7.508658e-01  6.315839e-04  
   0.8540300  8.001062e-01  7.355154e-04  8.001255e-01  7.355624e-04  7.522509e-01  6.507108e-04  
   0.8740300  8.015973e-01  7.559316e-04  8.016169e-01  7.559802e-04  7.535700e-01  6.686262e-04  
   0.8950300  8.032076e-01  7.776321e-04  8.032272e-01  7.776829e-04  7.549939e-01  6.876577e-04  
   0.9160300  8.048634e-01  7.996130e-04  8.048830e-01  7.996654e-04  7.564582e-01  7.069234e-04  
   0.9370300  8.065656e-01  8.218851e-04  8.065854e-01  8.219393e-04  7.579631e-01  7.264318e-04  
   0.9580300  8.083149e-01  8.444591e-04  8.083347e-01  8.445147e-04  7.595089e-01  7.461921e-04  
   0.9780300  8.100257e-01  8.662498e-04  8.100455e-01  8.663066e-04  7.610203e-01  7.652543e-04  
   0.9990300  8.118690e-01  8.894469e-04  8.118891e-01  8.895051e-04  7.626485e-01  7.855335e-04  
   1.0200300  8.137614e-01  9.129806e-04  8.137813e-01  9.130393e-04  7.643197e-01  8.060927e-04  
   1.0410300  8.157037e-01  9.368628e-04  8.157242e-01  9.369221e-04  7.660345e-01  8.269421e-04  
   1.0620300  8.176971e-01  9.611060e-04  8.177174e-01  9.611657e-04  7.677936e-01  8.480914e-04  
   1.0830300  8.197414e-01  9.857231e-04  8.197618e-01  9.857829e-04  7.695974e-01  8.695510e-04  
   1.1030300  8.217370e-01  1.009527e-03  8.217575e-01  1.009587e-03  7.713574e-01  8.902869e-04  
   1.1240300  8.238840e-01  1.034911e-03  8.239046e-01  1.034971e-03  7.732505e-01  9.123835e-04  
   1.1450300  8.260847e-01  1.060708e-03  8.261053e-01  1.060768e-03  7.751905e-01  9.348220e-04  
   1.1660300  8.283401e-01  1.086933e-03  8.283609e-01  1.086993e-03  7.771778e-01  9.576151e-04  
   1.1870300  8.306507e-01  1.113601e-03  8.306717e-01  1.113661e-03  7.792136e-01  9.807744e-04  
   1.2080300  8.330181e-01  1.140726e-03  8.330391e-01  1.140787e-03  7.812980e-01  1.004312e-03  
   1.2280300  8.353256e-01  1.166999e-03  8.353466e-01  1.167062e-03  7.833291e-01  1.027093e-03  
   1.2490300  8.378052e-01  1.195066e-03  8.378266e-01  1.195129e-03  7.855114e-01  1.051409e-03  
   1.2706300  8.404186e-01  1.224465e-03  8.404399e-01  1.224530e-03  7.878098e-01  1.076857e-03  
   1.2906300  8.428947e-01  1.252184e-03  8.429163e-01  1.252250e-03  7.899873e-01  1.100829e-03  
   1.3116300  8.455549e-01  1.281822e-03  8.455768e-01  1.281890e-03  7.923254e-01  1.126441e-03  
   1.3326300  8.482779e-01  1.312027e-03  8.482997e-01  1.312098e-03  7.947180e-01  1.152517e-03  
   1.3536299  8.510647e-01  1.342820e-03  8.510867e-01  1.342892e-03  7.971656e-01  1.179078e-03  
   1.3746300  8.539172e-01  1.374224e-03  8.539392e-01  1.374298e-03  7.996695e-01  1.206140e-03  
   1.3946300  8.566956e-01  1.404721e-03  8.567180e-01  1.404797e-03  8.021079e-01  1.232396e-03  
   1.4156300  8.596796e-01  1.437384e-03  8.597019e-01  1.437463e-03  8.047250e-01  1.260490e-03  
   1.4366300  8.627326e-01  1.470730e-03  8.627552e-01  1.470810e-03  8.074020e-01  1.289142e-03  
   1.4576300  8.658572e-01  1.504783e-03  8.658798e-01  1.504866e-03  8.101399e-01  1.318373e-03  
   1.4786299  8.690543e-01  1.539571e-03  8.690771e-01  1.539656e-03  8.129401e-01  1.348204e-03  
   1.4996300  8.723248e-01  1.575122e-03  8.723479e-01  1.575210e-03  8.158038e-01  1.378657e-03  
   1.5196300  8.755099e-01  1.609715e-03  8.755331e-01  1.609805e-03  8.185909e-01  1.408257e-03  
   1.5406300  8.789294e-01  1.646839e-03  8.789532e-01  1.646932e-03  8.215820e-01  1.439991e-03  
   1.5616300  8.824283e-01  1.684817e-03  8.824519e-01  1.684912e-03  8.246405e-01  1.472417e-03  
   1.5826300  8.860075e-01  1.723681e-03  8.860314e-01  1.723778e-03  8.277673e-01  1.505562e-03  
   1.6036299  8.896693e-01  1.763465e-03  8.896933e-01  1.763565e-03  8.309651e-01  1.539452e-03  
   1.6246300  8.934152e-01  1.804209e-03  8.934397e-01  1.804312e-03  8.342343e-01  1.574118e-03  
   1.6446300  8.970631e-01  1.843937e-03  8.970876e-01  1.844044e-03  8.374161e-01  1.607881e-03  
   1.6656300  9.009797e-01  1.886667e-03  9.010043e-01  1.886776e-03  8.408301e-01  1.644148e-03  
   1.6872300  9.051033e-01  1.931747e-03  9.051281e-01  1.931860e-03  8.444225e-01  1.682361e-03  
   1.7072300  9.090086e-01  1.974553e-03  9.090338e-01  1.974670e-03  8.478228e-01  1.718598e-03  
   1.7282300  9.132026e-01  2.020650e-03  9.132280e-01  2.020771e-03  8.514721e-01  1.757569e-03  
   1.7492300  9.174947e-01  2.067980e-03  9.175202e-01  2.068104e-03  8.552040e-01  1.797525e-03  
   1.7702301  9.218872e-01  2.116598e-03  9.219132e-01  2.116729e-03  8.590206e-01  1.838507e-03  
   1.7912300  9.263833e-01  2.166571e-03  9.264094e-01  2.166705e-03  8.629246e-01  1.880564e-03  
   1.8112299  9.307647e-01  2.215485e-03  9.307910e-01  2.215623e-03  8.667263e-01  1.921661e-03  
   1.8322300  9.354714e-01  2.268301e-03  9.354981e-01  2.268442e-03  8.708075e-01  1.965955e-03  
   1.8532300  9.402909e-01  2.322691e-03  9.403177e-01  2.322837e-03  8.749832e-01  2.011476e-03  
   1.8742300  9.452266e-01  2.378747e-03  9.452538e-01  2.378896e-03  8.792561e-01  2.058280e-03  
   1.8952301  9.502814e-01  2.436570e-03  9.503093e-01  2.436725e-03  8.836290e-01  2.106432e-03  
   1.9162300  9.554595e-01  2.496280e-03  9.554876e-01  2.496438e-03  8.881041e-01  2.155998e-03  
   1.9362299  9.605085e-01  2.555023e-03  9.605370e-01  2.555187e-03  8.924640e-01  2.204587e-03  
   1.9572300  9.659374e-01  2.618829e-03  9.659660e-01  2.618997e-03  8.971480e-01  2.257132e-03  
   1.9782300  9.715008e-01  2.684992e-03  9.715297e-01  2.685165e-03  9.019436e-01  2.311329e-03  
   1.9992300  9.772030e-01  2.753732e-03  9.772322e-01  2.753911e-03  9.068540e-01  2.367276e-03  
   2.0202301  9.830485e-01  2.825305e-03  9.830782e-01  2.825490e-03  9.118832e-01  2.425079e-03  
   2.0412300  9.890422e-01  2.900014e-03  9.890724e-01  2.900206e-03  9.170343e-01  2.484862e-03  
   2.0612299  9.948929e-01  2.974400e-03  9.949231e-01  2.974598e-03  9.220570e-01  2.543760e-03  
   2.0822301  1.001190e+00  3.056298e-03  1.001221e+00  3.056504e-03  9.274578e-01  2.607815e-03  
   2.1038301  1.007838e+00  3.145073e-03  1.007870e+00  3.145289e-03  9.331541e-01  2.676246e-03  
   2.1238301  1.014155e+00  3.231870e-03  1.014186e+00  3.232095e-03  9.385588e-01  2.742094e-03  
   2.1448300  1.020958e+00  3.328336e-03  1.020990e+00  3.328572e-03  9.443741e-01  2.814026e-03  
   2.1658299  1.027943e+00  3.430896e-03  1.027976e+00  3.431143e-03  9.503387e-01  2.889066e-03  
   2.1868300  1.035118e+00  3.540244e-03  1.035151e+00  3.540503e-03  9.564576e-01  2.967505e-03  
   2.2078300  1.042489e+00  3.657099e-03  1.042522e+00  3.657374e-03  9.627367e-01  3.049661e-03  
   2.2278299  1.049698e+00  3.776059e-03  1.049732e+00  3.776347e-03  9.688715e-01  3.131693e-03  
   2.2488301  1.057474e+00  3.909728e-03  1.057509e+00  3.910032e-03  9.754818e-01  3.222193e-03  
   2.2698300  1.065469e+00  4.053080e-03  1.065504e+00  4.053401e-03  9.822704e-01  3.317600e-03  
   2.2908299  1.073692e+00  4.206799e-03  1.073728e+00  4.207138e-03  9.892462e-01  3.418415e-03  
   2.3118300  1.082152e+00  4.371509e-03  1.082189e+00  4.371868e-03  9.964157e-01  3.525183e-03  
   2.3328300  1.090860e+00  4.547764e-03  1.090897e+00  4.548144e-03  1.003787e+00  3.638505e-03  
   2.3528299  1.099392e+00  4.726805e-03  1.099430e+00  4.727206e-03  1.011002e+00  3.753136e-03  
   2.3738301  1.108613e+00  4.926955e-03  1.108652e+00  4.927381e-03  1.018791e+00  3.881239e-03  
   2.3948300  1.118114e+00  5.139937e-03  1.118153e+00  5.140392e-03  1.026809e+00  4.018061e-03  
   2.4158299  1.127908e+00  5.366155e-03  1.127948e+00  5.366639e-03  1.035064e+00  4.164495e-03  
   2.4368300  1.138010e+00  5.606043e-03  1.138051e+00  5.606561e-03  1.043569e+00  4.321523e-03  
   2.4578300  1.148436e+00  5.860147e-03  1.148478e+00  5.860704e-03  1.052335e+00  4.490240e-03  
   2.4778299  1.158681e+00  6.116020e-03  1.158724e+00  6.116616e-03  1.060936e+00  4.662906e-03  
   2.4988301  1.169789e+00  6.400173e-03  1.169833e+00  6.400818e-03  1.070247e+00  4.858111e-03  
   2.5204301  1.181611e+00  6.710318e-03  1.181656e+00  6.711022e-03  1.080139e+00  5.075371e-03  
   2.5404301  1.192937e+00  7.015221e-03  1.192983e+00  7.015988e-03  1.089597e+00  5.293088e-03  
   2.5614300  1.205244e+00  7.355829e-03  1.205291e+00  7.356666e-03  1.099854e+00  5.540800e-03  
   2.5824299  1.218005e+00  7.720115e-03  1.218053e+00  7.721033e-03  1.110464e+00  5.810408e-03  
   2.6034300  1.231250e+00  8.111581e-03  1.231300e+00  8.112594e-03  1.121448e+00  6.104692e-03  
   2.6244299  1.245011e+00  8.534588e-03  1.245062e+00  8.535701e-03  1.132827e+00  6.426930e-03  
   2.6444299  1.258632e+00  8.971808e-03  1.258684e+00  8.973032e-03  1.144057e+00  6.763427e-03  
   2.6654301  1.273511e+00  9.473599e-03  1.273565e+00  9.474944e-03  1.156287e+00  7.152439e-03  
   2.6864300  1.289027e+00  1.002775e-02  1.289082e+00  1.002924e-02  1.168994e+00  7.583815e-03  
   2.7074299  1.305231e+00  1.064554e-02  1.305288e+00  1.064719e-02  1.182213e+00  8.064927e-03  
   2.7284300  1.322180e+00  1.134162e-02  1.322240e+00  1.134344e-02  1.195982e+00  8.605060e-03  
   2.7494299  1.339939e+00  1.213523e-02  1.340000e+00  1.213725e-02  1.210341e+00  9.215992e-03  
   2.7694299  1.357669e+00  1.300492e-02  1.357732e+00  1.300717e-02  1.224608e+00  9.877379e-03  
   2.7904301  1.377223e+00  1.406990e-02  1.377288e+00  1.407244e-02  1.240258e+00  1.067369e-02  
   2.8114300  1.397824e+00  1.533398e-02  1.397892e+00  1.533686e-02  1.256649e+00  1.159820e-02  
   2.8324299  1.419574e+00  1.685551e-02  1.419645e+00  1.685883e-02  1.273842e+00  1.268166e-02  
   2.8534300  1.442582e+00  1.871093e-02  1.442657e+00  1.871481e-02  1.291905e+00  1.396297e-02  
   2.8744299  1.466965e+00  2.099935e-02  1.467043e+00  2.100398e-02  1.310912e+00  1.549104e-02  
   2.8944299  1.491579e+00  2.369710e-02  1.491659e+00  2.370265e-02  1.329964e+00  1.723160e-02  
   2.9154301  1.519002e+00  2.722675e-02  1.519087e+00  2.723356e-02  1.351046e+00  1.943140e-02  
   2.9370301  1.549023e+00  3.180614e-02  1.549113e+00  3.181465e-02  1.373973e+00  2.218851e-02  
   2.9570301  1.578558e+00  3.712774e-02  1.578653e+00  3.713830e-02  1.396410e+00  2.529527e-02  
   2.9780300  1.611453e+00  4.410939e-02  1.611553e+00  4.412266e-02  1.421305e+00  2.926483e-02  
   2.9990301  1.646324e+00  5.284282e-02  1.646430e+00  5.285954e-02  1.447651e+00  3.412314e-02  
   3.0200300  1.683173e+00  6.369964e-02  1.683284e+00  6.372065e-02  1.475525e+00  4.006823e-02  
   3.0410299  1.721935e+00  7.708868e-02  1.722052e+00  7.711489e-02  1.504981e+00  4.733326e-02  
   3.0610299  1.760501e+00  9.259190e-02  1.760624e+00  9.262406e-02  1.534539e+00  5.572626e-02  
   3.0820301  1.802505e+00  1.121868e-01  1.802634e+00  1.122263e-01  1.567149e+00  6.638075e-02  
   3.1030300  1.845726e+00  1.356063e-01  1.845861e+00  1.356542e-01  1.601319e+00  7.925670e-02  
   3.1240301  1.889731e+00  1.632511e-01  1.889871e+00  1.633085e-01  1.636943e+00  9.472303e-02  
   3.1450300  1.933973e+00  1.954582e-01  1.934118e+00  1.955262e-01  1.673831e+00  1.131660e-01  
   3.1660299  1.977820e+00  2.324760e-01  1.977968e+00  2.325552e-01  1.711713e+00  1.349757e-01  
   3.1860299  2.018560e+00  2.723244e-01  2.018711e+00  2.724150e-01  1.748383e+00  1.592181e-01  
   3.2070301  2.059536e+00  3.189840e-01  2.059689e+00  3.190866e-01  1.787063e+00  1.886370e-01  
   3.2280300  2.097906e+00  3.704239e-01  2.098058e+00  3.705385e-01  1.825377e+00  2.223761e-01  
   3.2490301  2.132917e+00  4.263294e-01  2.133067e+00  4.264557e-01  1.862681e+00  2.606033e-01  
   3.2700300  2.163880e+00  4.862274e-01  2.164026e+00  4.863646e-01  1.898268e+00  3.033591e-01  
   3.2910299  2.190208e+00  5.495071e-01  2.190350e+00  5.496538e-01  1.931387e+00  3.505346e-01  
   3.3110299  2.210569e+00  6.122551e-01  2.210704e+00  6.124099e-01  1.959946e+00  3.993218e-01  
   3.3320301  2.226720e+00  6.799778e-01  2.226848e+00  6.801394e-01  1.986112e+00  4.541709e-01  
   3.3536301  2.237640e+00  7.507318e-01  2.237759e+00  7.508986e-01  2.008288e+00  5.138208e-01  
   3.3736300  2.242673e+00  8.164600e-01  2.242782e+00  8.166303e-01  2.024058e+00  5.712612e-01  
   3.3946300  2.242939e+00  8.849452e-01  2.243036e+00  8.851181e-01  2.035351e+00  6.330042e-01  
   3.4156301  2.238447e+00  9.522138e-01  2.238533e+00  9.523877e-01  2.041100e+00  6.952720e-01  
   3.4366300  2.229702e+00  1.017696e+00  2.229774e+00  1.017871e+00  2.041366e+00  7.570825e-01  
   3.4576299  2.217277e+00  1.080964e+00  2.217338e+00  1.081139e+00  2.036418e+00  8.174885e-01  
   3.4776299  2.202576e+00  1.138898e+00  2.202624e+00  1.139074e+00  2.027291e+00  8.729258e-01  
   3.4986300  2.184690e+00  1.197150e+00  2.184725e+00  1.197327e+00  2.013687e+00  9.282465e-01  
   3.5196300  2.164824e+00  1.252728e+00  2.164845e+00  1.252908e+00  1.996719e+00  9.800742e-01  
   3.5406301  2.143436e+00  1.305701e+00  2.143443e+00  1.305884e+00  1.977232e+00  1.028078e+00  
   3.5616300  2.120883e+00  1.356198e+00  2.120878e+00  1.356385e+00  1.956083e+00  1.072145e+00  
   3.5826299  2.097424e+00  1.404384e+00  2.097406e+00  1.404577e+00  1.934092e+00  1.112380e+00  
   3.6026299  2.074387e+00  1.448280e+00  2.074361e+00  1.448479e+00  1.913028e+00  1.147405e+00  
   3.6236300  2.049552e+00  1.492413e+00  2.049515e+00  1.492620e+00  1.891353e+00  1.181148e+00  
   3.6446300  2.024088e+00  1.534642e+00  2.024042e+00  1.534856e+00  1.870550e+00  1.212322e+00  
   3.6656301  1.998005e+00  1.575021e+00  1.997953e+00  1.575243e+00  1.850876e+00  1.241524e+00  
   3.6866300  1.971326e+00  1.613552e+00  1.971269e+00  1.613781e+00  1.832420e+00  1.269336e+00  
   3.7076299  1.944108e+00  1.650196e+00  1.944049e+00  1.650432e+00  1.815130e+00  1.296283e+00  
   3.7276299  1.917798e+00  1.683282e+00  1.917740e+00  1.683523e+00  1.799600e+00  1.321532e+00  
   3.7486300  1.889956e+00  1.716055e+00  1.889899e+00  1.716300e+00  1.784072e+00  1.347892e+00  
   3.7702301  1.861388e+00  1.747613e+00  1.861336e+00  1.747862e+00  1.768701e+00  1.375011e+00  
   3.7902300  1.835344e+00  1.774894e+00  1.835297e+00  1.775145e+00  1.754837e+00  1.400153e+00  
   3.8112299  1.808851e+00  1.801613e+00  1.808814e+00  1.801867e+00  1.740559e+00  1.426516e+00  
   3.8322301  1.783722e+00  1.826544e+00  1.783695e+00  1.826798e+00  1.726569e+00  1.452699e+00  
   3.8532300  1.760473e+00  1.849994e+00  1.760457e+00  1.850250e+00  1.712984e+00  1.478535e+00  
   3.8742299  1.739609e+00  1.872419e+00  1.739606e+00  1.872676e+00  1.700045e+00  1.503880e+00  
   3.8942299  1.722365e+00  1.893366e+00  1.722374e+00  1.893624e+00  1.688631e+00  1.527495e+00  
   3.9152300  1.707348e+00  1.915638e+00  1.707372e+00  1.915898e+00  1.677990e+00  1.551779e+00  
   3.9362299  1.695702e+00  1.939044e+00  1.695738e+00  1.939306e+00  1.669152e+00  1.575713e+00  
   3.9572301  1.687448e+00  1.964552e+00  1.687496e+00  1.964818e+00  1.662538e+00  1.599643e+00  
   3.9782300  1.682389e+00  1.993192e+00  1.682447e+00  1.993461e+00  1.658497e+00  1.624076e+00  
   3.9992299  1.680084e+00  2.026010e+00  1.680149e+00  2.026282e+00  1.657263e+00  1.649688e+00  
   4.0192299  1.679816e+00  2.062071e+00  1.679885e+00  2.062347e+00  1.658768e+00  1.675920e+00  
   4.0402298  1.680655e+00  2.105852e+00  1.680723e+00  2.106131e+00  1.663045e+00  1.706279e+00  
   4.0612302  1.681489e+00  2.156429e+00  1.681553e+00  2.156712e+00  1.669737e+00  1.740493e+00  
   4.0822301  1.680955e+00  2.214329e+00  1.681009e+00  2.214612e+00  1.678245e+00  1.779557e+00  
   4.1032300  1.677543e+00  2.279807e+00  1.677583e+00  2.280092e+00  1.687701e+00  1.824422e+00  
   4.1242299  1.669663e+00  2.352822e+00  1.669680e+00  2.353105e+00  1.696985e+00  1.875924e+00  
   4.1442299  1.656530e+00  2.429028e+00  1.656522e+00  2.429308e+00  1.704417e+00  1.931744e+00  
   4.1652298  1.635342e+00  2.515381e+00  1.635300e+00  2.515656e+00  1.709234e+00  1.997862e+00  
   4.1868300  1.604157e+00  2.609936e+00  1.604078e+00  2.610204e+00  1.709206e+00  2.074004e+00  
   4.2068300  1.565624e+00  2.701470e+00  1.565504e+00  2.701728e+00  1.702974e+00  2.151631e+00  
   4.2278299  1.514183e+00  2.800225e+00  1.514018e+00  2.800471e+00  1.688229e+00  2.239892e+00  
   4.2488298  1.450759e+00  2.900008e+00  1.450545e+00  2.900242e+00  1.663362e+00  2.334040e+00  
   4.2698302  1.374891e+00  2.998982e+00  1.374627e+00  2.999200e+00  1.626803e+00  2.432625e+00  
   4.2908301  1.286423e+00  3.095222e+00  1.286109e+00  3.095424e+00  1.577259e+00  2.533810e+00  
   4.3108301  1.190573e+00  3.182566e+00  1.190213e+00  3.182753e+00  1.517160e+00  2.630632e+00  
   4.3318300  1.078153e+00  3.267906e+00  1.077748e+00  3.268075e+00  1.440043e+00  2.730477e+00  
   4.3528299  9.543361e-01  3.344898e+00  9.538901e-01  3.345047e+00  1.348609e+00  2.825970e+00  
   4.3738298  8.200447e-01  3.411790e+00  8.195637e-01  3.411920e+00  1.243438e+00  2.914558e+00  
   4.3948302  6.764284e-01  3.466971e+00  6.759203e-01  3.467080e+00  1.125652e+00  2.993791e+00  
   4.4158301  5.248615e-01  3.508981e+00  5.243345e-01  3.509068e+00  9.968994e-01  3.061431e+00  
   4.4358301  3.745484e-01  3.535594e+00  3.740120e-01  3.535658e+00  8.659831e-01  3.113342e+00  
   4.4568300  2.121397e-01  3.548459e+00  2.116026e-01  3.548498e+00  7.221445e-01  3.153301e+00  
   4.4778299  4.692732e-02  3.545091e+00  4.639910e-02  3.545105e+00  5.743856e-01  3.177402e+00  
   4.4988298  -1.190203e-01  3.524974e+00  -1.195304e-01  3.524963e+00  4.254566e-01  3.185206e+00  
   4.5198302  -2.835160e-01  3.487911e+00  -2.839998e-01  3.487873e+00  2.780654e-01  3.176818e+00  
   4.5408301  -4.442810e-01  3.434068e+00  -4.447314e-01  3.434004e+00  1.347618e-01  3.152862e+00  
   4.5608301  -5.918260e-01  3.367691e+00  -5.922395e-01  3.367603e+00  4.155256e-03  3.116558e+00  
   4.5818300  -7.387430e-01  3.283056e+00  -7.391137e-01  3.282945e+00  -1.249770e-01  3.065669e+00  
   4.6034298  -8.791044e-01  3.181452e+00  -8.794287e-01  3.181320e+00  -2.476895e-01  3.001476e+00  
   4.6234298  -9.975650e-01  3.075862e+00  -9.978459e-01  3.075713e+00  -3.511705e-01  2.933126e+00  
   4.6444302  -1.108500e+00  2.955117e+00  -1.108737e+00  2.954952e+00  -4.487071e-01  2.854076e+00  
   4.6654301  -1.204476e+00  2.826605e+00  -1.204671e+00  2.826430e+00  -5.346053e-01  2.769542e+00  
   4.6864300  -1.284752e+00  2.692888e+00  -1.284908e+00  2.692707e+00  -6.089601e-01  2.681444e+00  
   4.7074299  -1.349082e+00  2.556610e+00  -1.349206e+00  2.556427e+00  -6.721492e-01  2.591570e+00  
   4.7274299  -1.395754e+00  2.426809e+00  -1.395851e+00  2.426627e+00  -7.224922e-01  2.505791e+00  
   4.7484298  -1.430119e+00  2.292837e+00  -1.430193e+00  2.292658e+00  -7.657421e-01  2.416867e+00  
   4.7694302  -1.450588e+00  2.163363e+00  -1.450646e+00  2.163189e+00  -7.999848e-01  2.330273e+00  
   4.7904301  -1.458593e+00  2.040201e+00  -1.458640e+00  2.040035e+00  -8.261197e-01  2.246964e+00  
   4.8114300  -1.455787e+00  1.924757e+00  -1.455828e+00  1.924599e+00  -8.450647e-01  2.167671e+00  
   4.8324299  -1.443934e+00  1.818022e+00  -1.443972e+00  1.817871e+00  -8.577226e-01  2.092930e+00  
   4.8524299  -1.425855e+00  1.725000e+00  -1.425896e+00  1.724857e+00  -8.647270e-01  2.026300e+00  
   4.8734298  -1.401379e+00  1.636601e+00  -1.401424e+00  1.636464e+00  -8.675625e-01  1.961301e+00  
   4.8944302  -1.372812e+00  1.557610e+00  -1.372864e+00  1.557477e+00  -8.665148e-01  1.901440e+00  
   4.9154301  -1.341540e+00  1.487685e+00  -1.341600e+00  1.487556e+00  -8.622743e-01  1.846659e+00  
   4.9364300  -1.308740e+00  1.426298e+00  -1.308808e+00  1.426169e+00  -8.554621e-01  1.796806e+00  
   4.9574299  -1.275379e+00  1.372792e+00  -1.275458e+00  1.372662e+00  -8.466276e-01  1.751662e+00  
   4.9774299  -1.243788e+00  1.328500e+00  -1.243875e+00  1.328368e+00  -8.367736e-01  1.712798e+00  
   4.9984298  -1.211369e+00  1.288272e+00  -1.211465e+00  1.288136e+00  -8.253123e-01  1.676037e+00  
