w Re-xx Im-xx Re-yy Im-yy Re-zz Im-zz
# Gaussian absolute broadening  0.15 [eV]
   0.0000000  7.693851e-01  8.872916e-05  7.693849e-01  8.873572e-05  7.248839e-01  7.892857e-05  
   0.0200000  7.694854e-01  9.496300e-05  7.694852e-01  9.496974e-05  7.249730e-01  8.447131e-05  
   0.0410000  7.696046e-01  1.020668e-04  7.696043e-01  1.020736e-04  7.250791e-01  9.078722e-05  
   0.0620000  7.697405e-01  1.097788e-04  7.697402e-01  1.097858e-04  7.252000e-01  9.764358e-05  
   0.0830000  7.698951e-01  1.181332e-04  7.698948e-01  1.181401e-04  7.253370e-01  1.050706e-04  
   0.1040000  7.700699e-01  1.271594e-04  7.700697e-01  1.271662e-04  7.254927e-01  1.130943e-04  
   0.1240000  7.702576e-01  1.364018e-04  7.702573e-01  1.364085e-04  7.256598e-01  1.213098e-04  
   0.1450000  7.704791e-01  1.467998e-04  7.704789e-01  1.468063e-04  7.258570e-01  1.305518e-04  
   0.1660000  7.707278e-01  1.579149e-04  7.707277e-01  1.579212e-04  7.260781e-01  1.404302e-04  
   0.1870000  7.710062e-01  1.697434e-04  7.710060e-01  1.697493e-04  7.263254e-01  1.509417e-04  
   0.2080000  7.713153e-01  1.822707e-04  7.713150e-01  1.822763e-04  7.266006e-01  1.620732e-04  
   0.2290000  7.716579e-01  1.954716e-04  7.716578e-01  1.954768e-04  7.269050e-01  1.738018e-04  
   0.2490000  7.720162e-01  2.086377e-04  7.720160e-01  2.086424e-04  7.272237e-01  1.854980e-04  
   0.2700000  7.724281e-01  2.230435e-04  7.724278e-01  2.230478e-04  7.275896e-01  1.982939e-04  
   0.2910000  7.728766e-01  2.379955e-04  7.728764e-01  2.379993e-04  7.279885e-01  2.115728e-04  
   0.3120000  7.733630e-01  2.534398e-04  7.733628e-01  2.534433e-04  7.284209e-01  2.252867e-04  
   0.3330000  7.738877e-01  2.693209e-04  7.738876e-01  2.693242e-04  7.288876e-01  2.393859e-04  
   0.3540000  7.744511e-01  2.855854e-04  7.744510e-01  2.855884e-04  7.293883e-01  2.538225e-04  
   0.3740000  7.750236e-01  3.013859e-04  7.750236e-01  3.013888e-04  7.298970e-01  2.678444e-04  
   0.3950000  7.756626e-01  3.182598e-04  7.756624e-01  3.182627e-04  7.304649e-01  2.828152e-04  
   0.4160000  7.763399e-01  3.353859e-04  7.763399e-01  3.353891e-04  7.310666e-01  2.980061e-04  
   0.4374300  7.770715e-01  3.530913e-04  7.770715e-01  3.530947e-04  7.317166e-01  3.137065e-04  
   0.4574300  7.777899e-01  3.698003e-04  7.777899e-01  3.698041e-04  7.323550e-01  3.285191e-04  
   0.4784300  7.785817e-01  3.875201e-04  7.785817e-01  3.875246e-04  7.330586e-01  3.442232e-04  
   0.4994300  7.794122e-01  4.054077e-04  7.794121e-01  4.054129e-04  7.337959e-01  3.600707e-04  
   0.5204300  7.802809e-01  4.234558e-04  7.802808e-01  4.234618e-04  7.345675e-01  3.760552e-04  
   0.5414300  7.811881e-01  4.416610e-04  7.811882e-01  4.416680e-04  7.353731e-01  3.921731e-04  
   0.5614300  7.820883e-01  4.591455e-04  7.820885e-01  4.591533e-04  7.361723e-01  4.076470e-04  
   0.5824300  7.830716e-01  4.776590e-04  7.830718e-01  4.776678e-04  7.370453e-01  4.240258e-04  
   0.6034300  7.840937e-01  4.963352e-04  7.840939e-01  4.963449e-04  7.379527e-01  4.405417e-04  
   0.6244300  7.851560e-01  5.151789e-04  7.851561e-01  5.151899e-04  7.388955e-01  4.571988e-04  
   0.6454300  7.862580e-01  5.341959e-04  7.862583e-01  5.342078e-04  7.398733e-01  4.740017e-04  
   0.6664300  7.874004e-01  5.533922e-04  7.874007e-01  5.534049e-04  7.408867e-01  4.909557e-04  
   0.6864300  7.885255e-01  5.718477e-04  7.885258e-01  5.718612e-04  7.418849e-01  5.072476e-04  
   0.7074300  7.897474e-01  5.914142e-04  7.897477e-01  5.914287e-04  7.429684e-01  5.245129e-04  
   0.7284300  7.910100e-01  6.111809e-04  7.910103e-01  6.111963e-04  7.440885e-01  5.419458e-04  
   0.7494300  7.923149e-01  6.311554e-04  7.923154e-01  6.311716e-04  7.452452e-01  5.595538e-04  
   0.7704300  7.936617e-01  6.513454e-04  7.936622e-01  6.513625e-04  7.464389e-01  5.773422e-04  
   0.7914300  7.950511e-01  6.717589e-04  7.950516e-01  6.717771e-04  7.476705e-01  5.953186e-04  
   0.8114300  7.964138e-01  6.914157e-04  7.964145e-01  6.914348e-04  7.488781e-01  6.126193e-04  
   0.8324300  7.978877e-01  7.122902e-04  7.978882e-01  7.123105e-04  7.501839e-01  6.309820e-04  
   0.8540300  7.994499e-01  7.340216e-04  7.994506e-01  7.340435e-04  7.515675e-01  6.500881e-04  
   0.8740300  8.009380e-01  7.543872e-04  8.009387e-01  7.544105e-04  7.528854e-01  6.679836e-04  
   0.8950300  8.025450e-01  7.760336e-04  8.025457e-01  7.760587e-04  7.543081e-01  6.869932e-04  
   0.9160300  8.041974e-01  7.979589e-04  8.041981e-01  7.979856e-04  7.557708e-01  7.062369e-04  
   0.9370300  8.058962e-01  8.201732e-04  8.058971e-01  8.202021e-04  7.572740e-01  7.257225e-04  
   0.9580300  8.076418e-01  8.426878e-04  8.076426e-01  8.427187e-04  7.588185e-01  7.454595e-04  
   0.9780300  8.093488e-01  8.644203e-04  8.093497e-01  8.644529e-04  7.603282e-01  7.644990e-04  
   0.9990300  8.111882e-01  8.875540e-04  8.111892e-01  8.875885e-04  7.619550e-01  7.847537e-04  
   1.0200300  8.130764e-01  9.110226e-04  8.130776e-01  9.110589e-04  7.636244e-01  8.052874e-04  
   1.0410300  8.150150e-01  9.348369e-04  8.150161e-01  9.348754e-04  7.653375e-01  8.261104e-04  
   1.0620300  8.170038e-01  9.590103e-04  8.170049e-01  9.590503e-04  7.670948e-01  8.472328e-04  
   1.0830300  8.190438e-01  9.835553e-04  8.190451e-01  9.835968e-04  7.688968e-01  8.686644e-04  
   1.1030300  8.210349e-01  1.007288e-03  8.210360e-01  1.007331e-03  7.706548e-01  8.893722e-04  
   1.1240300  8.231770e-01  1.032595e-03  8.231785e-01  1.032639e-03  7.725461e-01  9.114384e-04  
   1.1450300  8.253727e-01  1.058314e-03  8.253742e-01  1.058358e-03  7.744839e-01  9.338463e-04  
   1.1660300  8.276228e-01  1.084457e-03  8.276246e-01  1.084502e-03  7.764690e-01  9.566064e-04  
   1.1870300  8.299285e-01  1.111040e-03  8.299302e-01  1.111084e-03  7.785024e-01  9.797318e-04  
   1.2080300  8.322899e-01  1.138077e-03  8.322921e-01  1.138122e-03  7.805848e-01  1.003234e-03  
   1.2280300  8.345923e-01  1.164265e-03  8.345942e-01  1.164311e-03  7.826138e-01  1.025981e-03  
   1.2490300  8.370663e-01  1.192238e-03  8.370683e-01  1.192284e-03  7.847936e-01  1.050258e-03  
   1.2706300  8.396733e-01  1.221537e-03  8.396752e-01  1.221584e-03  7.870895e-01  1.075666e-03  
   1.2906300  8.421435e-01  1.249160e-03  8.421456e-01  1.249207e-03  7.892644e-01  1.099600e-03  
   1.3116300  8.447975e-01  1.278694e-03  8.447998e-01  1.278742e-03  7.916003e-01  1.125169e-03  
   1.3326300  8.475136e-01  1.308790e-03  8.475158e-01  1.308839e-03  7.939898e-01  1.151202e-03  
   1.3536299  8.502933e-01  1.339470e-03  8.502959e-01  1.339520e-03  7.964347e-01  1.177716e-03  
   1.3746300  8.531386e-01  1.370756e-03  8.531412e-01  1.370806e-03  7.989358e-01  1.204731e-03  
   1.3946300  8.559102e-01  1.401136e-03  8.559129e-01  1.401188e-03  8.013711e-01  1.230940e-03  
   1.4156300  8.588865e-01  1.433673e-03  8.588892e-01  1.433725e-03  8.039852e-01  1.258984e-03  
   1.4366300  8.619318e-01  1.466884e-03  8.619347e-01  1.466938e-03  8.066589e-01  1.287583e-03  
   1.4576300  8.650478e-01  1.500798e-03  8.650508e-01  1.500853e-03  8.093936e-01  1.316759e-03  
   1.4786299  8.682364e-01  1.535440e-03  8.682396e-01  1.535497e-03  8.121903e-01  1.346532e-03  
   1.4996300  8.714982e-01  1.570838e-03  8.715016e-01  1.570896e-03  8.150505e-01  1.376924e-03  
   1.5196300  8.746746e-01  1.605278e-03  8.746781e-01  1.605339e-03  8.178343e-01  1.406466e-03  
   1.5406300  8.780850e-01  1.642236e-03  8.780884e-01  1.642298e-03  8.208213e-01  1.438135e-03  
   1.5616300  8.815738e-01  1.680038e-03  8.815774e-01  1.680102e-03  8.238758e-01  1.470493e-03  
   1.5826300  8.851427e-01  1.718717e-03  8.851464e-01  1.718784e-03  8.269988e-01  1.503567e-03  
   1.6036299  8.887938e-01  1.758308e-03  8.887978e-01  1.758378e-03  8.301922e-01  1.537382e-03  
   1.6246300  8.925288e-01  1.798849e-03  8.925329e-01  1.798922e-03  8.334571e-01  1.571970e-03  
   1.6446300  8.961656e-01  1.838376e-03  8.961699e-01  1.838452e-03  8.366345e-01  1.605655e-03  
   1.6656300  9.000703e-01  1.880884e-03  9.000749e-01  1.880963e-03  8.400439e-01  1.641836e-03  
   1.6872300  9.041809e-01  1.925723e-03  9.041856e-01  1.925807e-03  8.436309e-01  1.679955e-03  
   1.7072300  9.080742e-01  1.968297e-03  9.080788e-01  1.968383e-03  8.470263e-01  1.716101e-03  
   1.7282300  9.122548e-01  2.014139e-03  9.122598e-01  2.014230e-03  8.506702e-01  1.754971e-03  
   1.7492300  9.165326e-01  2.061201e-03  9.165378e-01  2.061295e-03  8.543968e-01  1.794821e-03  
   1.7702301  9.209104e-01  2.109541e-03  9.209160e-01  2.109641e-03  8.582074e-01  1.835690e-03  
   1.7912300  9.253915e-01  2.159220e-03  9.253972e-01  2.159324e-03  8.621056e-01  1.877627e-03  
   1.8112299  9.297573e-01  2.207839e-03  9.297630e-01  2.207946e-03  8.659011e-01  1.918602e-03  
   1.8322300  9.344472e-01  2.260325e-03  9.344532e-01  2.260437e-03  8.699758e-01  1.962761e-03  
   1.8532300  9.392487e-01  2.314358e-03  9.392553e-01  2.314476e-03  8.741447e-01  2.008137e-03  
   1.8742300  9.441659e-01  2.370021e-03  9.441724e-01  2.370144e-03  8.784103e-01  2.054787e-03  
   1.8952301  9.492016e-01  2.427401e-03  9.492083e-01  2.427528e-03  8.827756e-01  2.102770e-03  
   1.9162300  9.543591e-01  2.486594e-03  9.543662e-01  2.486726e-03  8.872428e-01  2.152155e-03  
   1.9362299  9.593871e-01  2.544747e-03  9.593943e-01  2.544885e-03  8.915951e-01  2.200553e-03  
   1.9572300  9.647933e-01  2.607789e-03  9.648005e-01  2.607932e-03  8.962700e-01  2.252879e-03  
   1.9782300  9.703323e-01  2.672984e-03  9.703400e-01  2.673132e-03  9.010567e-01  2.306830e-03  
   1.9992300  9.760080e-01  2.740469e-03  9.760165e-01  2.740622e-03  9.059576e-01  2.362501e-03  
   2.0202301  9.818270e-01  2.810401e-03  9.818350e-01  2.810560e-03  9.109767e-01  2.419987e-03  
   2.0412300  9.877911e-01  2.882950e-03  9.878001e-01  2.883115e-03  9.161166e-01  2.479402e-03  
   2.0612299  9.936120e-01  2.954654e-03  9.936209e-01  2.954826e-03  9.211285e-01  2.537894e-03  
   2.0822301  9.998761e-01  3.032891e-03  9.998856e-01  3.033069e-03  9.265177e-01  2.601446e-03  
   2.1038301  1.006489e+00  3.116762e-03  1.006498e+00  3.116948e-03  9.322004e-01  2.669257e-03  
   2.1238301  1.012769e+00  3.197743e-03  1.012779e+00  3.197936e-03  9.375924e-01  2.734416e-03  
   2.1448300  1.019533e+00  3.286502e-03  1.019543e+00  3.286703e-03  9.433936e-01  2.805478e-03  
   2.1658299  1.026477e+00  3.379404e-03  1.026488e+00  3.379615e-03  9.493425e-01  2.879460e-03  
   2.1868300  1.033608e+00  3.476817e-03  1.033619e+00  3.477040e-03  9.554454e-01  2.956612e-03  
   2.2078300  1.040933e+00  3.579140e-03  1.040945e+00  3.579376e-03  9.617069e-01  3.037199e-03  
   2.2278299  1.048097e+00  3.681560e-03  1.048109e+00  3.681809e-03  9.678246e-01  3.117421e-03  
   2.2488301  1.055824e+00  3.794781e-03  1.055837e+00  3.795044e-03  9.744147e-01  3.205617e-03  
   2.2698300  1.063768e+00  3.914325e-03  1.063781e+00  3.914606e-03  9.811825e-01  3.298233e-03  
   2.2908299  1.071941e+00  4.040763e-03  1.071955e+00  4.041062e-03  9.881361e-01  3.395671e-03  
   2.3118300  1.080350e+00  4.174695e-03  1.080364e+00  4.175016e-03  9.952813e-01  3.498377e-03  
   2.3328300  1.089007e+00  4.316779e-03  1.089021e+00  4.317119e-03  1.002627e+00  3.606827e-03  
   2.3528299  1.097490e+00  4.460312e-03  1.097505e+00  4.460677e-03  1.009816e+00  3.715944e-03  
   2.3738301  1.106660e+00  4.620383e-03  1.106676e+00  4.620770e-03  1.017576e+00  3.837196e-03  
   2.3948300  1.116111e+00  4.790841e-03  1.116127e+00  4.791255e-03  1.025562e+00  3.965918e-03  
   2.4158299  1.125856e+00  4.972577e-03  1.125873e+00  4.973016e-03  1.033784e+00  4.102815e-03  
   2.4368300  1.135910e+00  5.166564e-03  1.135928e+00  5.167033e-03  1.042253e+00  4.248662e-03  
   2.4578300  1.146287e+00  5.373868e-03  1.146306e+00  5.374369e-03  1.050981e+00  4.404319e-03  
   2.4778299  1.156486e+00  5.584773e-03  1.156506e+00  5.585302e-03  1.059544e+00  4.562568e-03  
   2.4988301  1.167545e+00  5.821655e-03  1.167565e+00  5.822217e-03  1.068813e+00  4.740271e-03  
   2.5204301  1.179314e+00  6.083377e-03  1.179335e+00  6.083976e-03  1.078658e+00  4.936653e-03  
   2.5404301  1.190588e+00  6.343688e-03  1.190610e+00  6.344322e-03  1.088069e+00  5.132090e-03  
   2.5614300  1.202838e+00  6.637603e-03  1.202861e+00  6.638280e-03  1.098274e+00  5.352929e-03  
   2.5824299  1.215537e+00  6.954987e-03  1.215561e+00  6.955709e-03  1.108828e+00  5.591610e-03  
   2.6034300  1.228714e+00  7.298771e-03  1.228740e+00  7.299545e-03  1.119753e+00  5.850328e-03  
   2.6244299  1.242401e+00  7.672520e-03  1.242427e+00  7.673355e-03  1.131070e+00  6.131686e-03  
   2.6444299  1.255943e+00  8.060419e-03  1.255970e+00  8.061321e-03  1.142236e+00  6.423585e-03  
   2.6654301  1.270732e+00  8.506706e-03  1.270761e+00  8.507688e-03  1.154394e+00  6.758939e-03  
   2.6864300  1.286150e+00  9.000131e-03  1.286180e+00  9.001210e-03  1.167024e+00  7.128594e-03  
   2.7074299  1.302246e+00  9.550307e-03  1.302278e+00  9.551507e-03  1.180162e+00  7.538648e-03  
   2.7284300  1.319078e+00  1.017003e-02  1.319112e+00  1.017138e-02  1.193845e+00  7.996910e-03  
   2.7494299  1.336709e+00  1.087646e-02  1.336745e+00  1.087799e-02  1.208113e+00  8.513441e-03  
   2.7694299  1.354311e+00  1.165098e-02  1.354349e+00  1.165272e-02  1.222289e+00  9.071450e-03  
   2.7904301  1.373721e+00  1.260084e-02  1.373760e+00  1.260288e-02  1.237840e+00  9.742924e-03  
   2.8114300  1.394171e+00  1.373155e-02  1.394212e+00  1.373396e-02  1.254129e+00  1.052347e-02  
   2.8324299  1.415762e+00  1.509849e-02  1.415807e+00  1.510138e-02  1.271220e+00  1.144117e-02  
   2.8534300  1.438607e+00  1.677496e-02  1.438655e+00  1.677848e-02  1.289184e+00  1.253211e-02  
   2.8744299  1.462824e+00  1.885673e-02  1.462875e+00  1.886109e-02  1.308098e+00  1.384241e-02  
   2.8944299  1.487281e+00  2.132887e-02  1.487335e+00  2.133426e-02  1.327068e+00  1.534772e-02  
   2.9154301  1.514545e+00  2.458819e-02  1.514603e+00  2.459500e-02  1.348080e+00  1.726912e-02  
   2.9370301  1.544414e+00  2.885066e-02  1.544475e+00  2.885940e-02  1.370959e+00  1.970480e-02  
   2.9570301  1.573825e+00  3.384129e-02  1.573891e+00  3.385235e-02  1.393380e+00  2.248172e-02  
   2.9780300  1.606616e+00  4.043483e-02  1.606686e+00  4.044900e-02  1.418297e+00  2.607237e-02  
   2.9990301  1.641422e+00  4.873785e-02  1.641497e+00  4.875603e-02  1.444717e+00  3.052078e-02  
   3.0200300  1.678254e+00  5.912261e-02  1.678334e+00  5.914589e-02  1.472729e+00  3.602934e-02  
   3.0410299  1.717064e+00  7.200027e-02  1.717149e+00  7.202981e-02  1.502403e+00  4.283782e-02  
   3.0610299  1.755753e+00  8.698363e-02  1.755841e+00  8.702054e-02  1.532256e+00  5.078544e-02  
   3.0820301  1.797980e+00  1.060040e-01  1.798072e+00  1.060502e-01  1.565282e+00  6.097197e-02  
   3.1030300  1.841543e+00  1.288272e-01  1.841638e+00  1.288845e-01  1.599995e+00  7.339301e-02  
   3.1240301  1.886026e+00  1.558633e-01  1.886123e+00  1.559335e-01  1.636302e+00  8.843313e-02  
   3.1450300  1.930903e+00  1.874596e-01  1.931001e+00  1.875448e-01  1.674027e+00  1.064963e-01  
   3.1660299  1.975559e+00  2.238749e-01  1.975656e+00  2.239769e-01  1.712911e+00  1.279916e-01  
   3.1860299  2.017246e+00  2.631668e-01  2.017339e+00  2.632864e-01  1.750693e+00  1.520144e-01  
   3.2070301  2.059413e+00  3.092682e-01  2.059503e+00  3.094079e-01  1.790707e+00  1.813070e-01  
   3.2280300  2.099179e+00  3.601840e-01  2.099262e+00  3.603448e-01  1.830517e+00  2.150483e-01  
   3.2490301  2.135790e+00  4.156035e-01  2.135866e+00  4.157864e-01  1.869465e+00  2.534284e-01  
   3.2700300  2.168550e+00  4.750561e-01  2.168616e+00  4.752612e-01  1.906813e+00  2.965094e-01  
   3.2910299  2.196856e+00  5.379307e-01  2.196910e+00  5.381577e-01  1.941774e+00  3.442031e-01  
   3.3110299  2.219235e+00  6.003298e-01  2.219279e+00  6.005767e-01  1.972117e+00  3.936804e-01  
   3.3320301  2.237620e+00  6.677242e-01  2.237652e+00  6.679901e-01  2.000130e+00  4.494746e-01  
   3.3536301  2.250911e+00  7.381824e-01  2.250928e+00  7.384657e-01  2.024102e+00  5.103425e-01  
   3.3736300  2.258152e+00  8.036791e-01  2.258158e+00  8.039760e-01  2.041368e+00  5.691352e-01  
   3.3946300  2.260697e+00  8.719742e-01  2.260691e+00  8.722822e-01  2.053982e+00  6.325243e-01  
   3.4156301  2.258382e+00  9.391217e-01  2.258365e+00  9.394373e-01  2.060719e+00  6.966503e-01  
   3.4366300  2.251649e+00  1.004573e+00  2.251621e+00  1.004893e+00  2.061565e+00  7.605001e-01  
   3.4576299  2.241015e+00  1.067923e+00  2.240978e+00  1.068245e+00  2.056736e+00  8.230806e-01  
   3.4776299  2.227762e+00  1.126069e+00  2.227717e+00  1.126389e+00  2.047258e+00  8.806614e-01  
   3.4986300  2.211085e+00  1.184707e+00  2.211034e+00  1.185022e+00  2.032788e+00  9.382403e-01  
   3.5196300  2.192078e+00  1.240865e+00  2.192020e+00  1.241173e+00  2.014463e+00  9.922597e-01  
   3.5406301  2.171180e+00  1.294630e+00  2.171115e+00  1.294929e+00  1.993176e+00  1.042310e+00  
   3.5616300  2.148745e+00  1.346141e+00  2.148676e+00  1.346430e+00  1.969865e+00  1.088202e+00  
   3.5826299  2.125046e+00  1.395564e+00  2.124972e+00  1.395841e+00  1.945453e+00  1.129978e+00  
   3.6026299  2.101472e+00  1.440834e+00  2.101395e+00  1.441099e+00  1.921954e+00  1.166164e+00  
   3.6236300  2.075791e+00  1.486595e+00  2.075710e+00  1.486848e+00  1.897711e+00  1.200778e+00  
   3.6446300  2.049240e+00  1.530610e+00  2.049156e+00  1.530850e+00  1.874456e+00  1.232464e+00  
   3.6656301  2.021889e+00  1.572897e+00  2.021802e+00  1.573122e+00  1.852557e+00  1.261836e+00  
   3.6866300  1.993822e+00  1.613414e+00  1.993734e+00  1.613625e+00  1.832193e+00  1.289520e+00  
   3.7076299  1.965155e+00  1.652081e+00  1.965066e+00  1.652278e+00  1.813367e+00  1.316095e+00  
   3.7276299  1.937456e+00  1.687093e+00  1.937370e+00  1.687277e+00  1.796745e+00  1.340823e+00  
   3.7486300  1.908196e+00  1.721856e+00  1.908112e+00  1.722025e+00  1.780448e+00  1.366524e+00  
   3.7702301  1.878244e+00  1.755405e+00  1.878166e+00  1.755561e+00  1.764645e+00  1.392910e+00  
   3.7902300  1.851013e+00  1.784466e+00  1.850940e+00  1.784609e+00  1.750645e+00  1.417372e+00  
   3.8112299  1.823382e+00  1.812986e+00  1.823318e+00  1.813118e+00  1.736419e+00  1.443056e+00  
   3.8322301  1.797225e+00  1.839655e+00  1.797171e+00  1.839776e+00  1.722598e+00  1.468619e+00  
   3.8532300  1.773047e+00  1.864797e+00  1.773005e+00  1.864910e+00  1.709221e+00  1.493900e+00  
   3.8742299  1.751333e+00  1.888883e+00  1.751303e+00  1.888991e+00  1.696462e+00  1.518753e+00  
   3.8942299  1.733327e+00  1.911399e+00  1.733309e+00  1.911504e+00  1.685148e+00  1.541948e+00  
   3.9152300  1.717526e+00  1.935316e+00  1.717522e+00  1.935421e+00  1.674508e+00  1.565823e+00  
   3.9362299  1.705076e+00  1.960366e+00  1.705083e+00  1.960474e+00  1.665559e+00  1.589370e+00  
   3.9572301  1.695960e+00  1.987505e+00  1.695980e+00  1.987620e+00  1.658725e+00  1.612913e+00  
   3.9782300  1.689948e+00  2.017732e+00  1.689977e+00  2.017857e+00  1.654371e+00  1.636947e+00  
   3.9992299  1.686570e+00  2.052047e+00  1.686607e+00  2.052187e+00  1.652759e+00  1.662130e+00  
   4.0192299  1.685151e+00  2.089394e+00  1.685193e+00  2.089551e+00  1.653868e+00  1.687913e+00  
   4.0402298  1.684638e+00  2.134304e+00  1.684680e+00  2.134480e+00  1.657720e+00  1.717738e+00  
   4.0612302  1.683975e+00  2.185701e+00  1.684015e+00  2.185899e+00  1.664008e+00  1.751330e+00  
   4.0822301  1.681819e+00  2.244023e+00  1.681852e+00  2.244246e+00  1.672160e+00  1.789655e+00  
   4.1032300  1.676687e+00  2.309450e+00  1.676710e+00  2.309695e+00  1.681341e+00  1.833627e+00  
   4.1242299  1.667028e+00  2.381870e+00  1.667035e+00  2.382139e+00  1.690462e+00  1.884048e+00  
   4.1442299  1.652188e+00  2.456961e+00  1.652179e+00  2.457253e+00  1.697877e+00  1.938630e+00  
   4.1652298  1.629241e+00  2.541556e+00  1.629209e+00  2.541868e+00  1.702858e+00  2.003204e+00  
   4.1868300  1.596332e+00  2.633687e+00  1.596273e+00  2.634016e+00  1.703234e+00  2.077476e+00  
   4.2068300  1.556314e+00  2.722465e+00  1.556226e+00  2.722806e+00  1.697621e+00  2.153115e+00  
   4.2278299  1.503456e+00  2.817878e+00  1.503335e+00  2.818228e+00  1.683806e+00  2.239041e+00  
   4.2488298  1.438772e+00  2.913969e+00  1.438615e+00  2.914322e+00  1.660169e+00  2.330632e+00  
   4.2698302  1.361797e+00  3.009035e+00  1.361600e+00  3.009386e+00  1.625130e+00  2.426495e+00  
   4.2908301  1.272352e+00  3.101294e+00  1.272116e+00  3.101637e+00  1.577367e+00  2.524862e+00  
   4.3108301  1.175664e+00  3.184916e+00  1.175388e+00  3.185245e+00  1.519156e+00  2.618984e+00  
   4.3318300  1.062421e+00  3.266549e+00  1.062101e+00  3.266856e+00  1.444148e+00  2.716061e+00  
   4.3528299  9.377952e-01  3.340154e+00  9.374327e-01  3.340433e+00  1.354858e+00  2.808938e+00  
   4.3738298  8.026751e-01  3.404069e+00  8.022706e-01  3.404312e+00  1.251757e+00  2.895146e+00  
   4.3948302  6.581880e-01  3.456729e+00  6.577424e-01  3.456932e+00  1.135859e+00  2.972307e+00  
   4.4158301  5.057068e-01  3.496695e+00  5.052236e-01  3.496849e+00  1.008707e+00  3.038244e+00  
   4.4358301  3.545047e-01  3.521780e+00  3.539890e-01  3.521884e+00  8.789719e-01  3.088923e+00  
   4.4568300  1.911907e-01  3.533442e+00  1.906457e-01  3.533488e+00  7.359490e-01  3.128033e+00  
   4.4778299  2.517232e-02  3.529212e+00  2.460444e-02  3.529196e+00  5.885366e-01  3.151763e+00  
   4.4988298  -1.413932e-01  3.508498e+00  -1.419771e-01  3.508416e+00  4.394788e-01  3.159689e+00  
   4.5198302  -3.062237e-01  3.471030e+00  -3.068153e-01  3.470879e+00  2.915049e-01  3.151916e+00  
   4.5408301  -4.669499e-01  3.416909e+00  -4.675403e-01  3.416689e+00  1.472111e-01  3.129053e+00  
   4.5608301  -6.140436e-01  3.350343e+00  -6.146240e-01  3.350056e+00  1.534120e-02  3.094214e+00  
   4.5818300  -7.600071e-01  3.265565e+00  -7.605672e-01  3.265210e+00  -1.153826e-01  3.045268e+00  
   4.6034298  -8.988644e-01  3.163869e+00  -8.993937e-01  3.163446e+00  -2.399340e-01  2.983451e+00  
   4.6234298  -1.015486e+00  3.058252e+00  -1.015979e+00  3.057771e+00  -3.452293e-01  2.917570e+00  
   4.6444302  -1.124097e+00  2.937562e+00  -1.124541e+00  2.937024e+00  -4.447187e-01  2.841310e+00  
   4.6654301  -1.217443e+00  2.809216e+00  -1.217832e+00  2.808627e+00  -5.325596e-01  2.759670e+00  
   4.6864300  -1.294912e+00  2.675801e+00  -1.295239e+00  2.675167e+00  -6.087967e-01  2.674467e+00  
   4.7074299  -1.356397e+00  2.539968e+00  -1.356656e+00  2.539297e+00  -6.737669e-01  2.587382e+00  
   4.7274299  -1.400448e+00  2.410725e+00  -1.400638e+00  2.410025e+00  -7.256817e-01  2.504073e+00  
   4.7484298  -1.432275e+00  2.277464e+00  -1.432389e+00  2.276741e+00  -7.704266e-01  2.417468e+00  
   4.7694302  -1.450525e+00  2.148797e+00  -1.450563e+00  2.148058e+00  -8.059829e-01  2.332845e+00  
   4.7904301  -1.456705e+00  2.026502e+00  -1.456664e+00  2.025753e+00  -8.332328e-01  2.251118e+00  
   4.8114300  -1.452508e+00  1.911937e+00  -1.452389e+00  1.911184e+00  -8.530799e-01  2.173000e+00  
   4.8324299  -1.439709e+00  1.806046e+00  -1.439513e+00  1.805294e+00  -8.664166e-01  2.099029e+00  
   4.8524299  -1.421130e+00  1.713756e+00  -1.420863e+00  1.713009e+00  -8.738533e-01  2.032779e+00  
   4.8734298  -1.396514e+00  1.626015e+00  -1.396175e+00  1.625276e+00  -8.769166e-01  1.967845e+00  
   4.8944302  -1.368155e+00  1.547540e+00  -1.367745e+00  1.546814e+00  -8.758677e-01  1.907755e+00  
   4.9154301  -1.337378e+00  1.477973e+00  -1.336902e+00  1.477261e+00  -8.714045e-01  1.852507e+00  
   4.9364300  -1.305303e+00  1.416776e+00  -1.304763e+00  1.416080e+00  -8.641604e-01  1.802007e+00  
   4.9574299  -1.272838e+00  1.363293e+00  -1.272238e+00  1.362615e+00  -8.547009e-01  1.756089e+00  
   4.9774299  -1.242211e+00  1.318874e+00  -1.241557e+00  1.318213e+00  -8.440903e-01  1.716417e+00  
   4.9984298  -1.210875e+00  1.278367e+00  -1.210170e+00  1.277725e+00  -8.316854e-01  1.678775e+00  
