w Re-xx Im-xx Re-yy Im-yy Re-zz Im-zz
# Gaussian absolute broadening  0.15 [eV]
   0.0000000  7.688137e-01  8.840464e-05  7.688330e-01  8.840468e-05  7.275661e-01  7.920027e-05  
   0.0200000  7.689140e-01  9.461534e-05  7.689330e-01  9.461540e-05  7.276555e-01  8.476199e-05  
   0.0410000  7.690325e-01  1.016926e-04  7.690517e-01  1.016927e-04  7.277619e-01  9.109954e-05  
   0.0620000  7.691680e-01  1.093757e-04  7.691870e-01  1.093758e-04  7.278833e-01  9.797930e-05  
   0.0830000  7.693218e-01  1.176985e-04  7.693410e-01  1.176986e-04  7.280211e-01  1.054316e-04  
   0.1040000  7.694961e-01  1.266904e-04  7.695152e-01  1.266906e-04  7.281772e-01  1.134827e-04  
   0.1240000  7.696832e-01  1.358975e-04  7.697026e-01  1.358978e-04  7.283445e-01  1.217261e-04  
   0.1450000  7.699038e-01  1.462557e-04  7.699230e-01  1.462561e-04  7.285424e-01  1.309994e-04  
   0.1660000  7.701517e-01  1.573279e-04  7.701709e-01  1.573284e-04  7.287642e-01  1.409113e-04  
   0.1870000  7.704287e-01  1.691105e-04  7.704480e-01  1.691112e-04  7.290125e-01  1.514584e-04  
   0.2080000  7.707368e-01  1.815892e-04  7.707559e-01  1.815901e-04  7.292886e-01  1.626274e-04  
   0.2290000  7.710782e-01  1.947386e-04  7.710974e-01  1.947398e-04  7.295942e-01  1.743955e-04  
   0.2490000  7.714353e-01  2.078531e-04  7.714545e-01  2.078546e-04  7.299138e-01  1.861310e-04  
   0.2700000  7.718454e-01  2.222023e-04  7.718647e-01  2.222042e-04  7.302812e-01  1.989697e-04  
   0.2910000  7.722921e-01  2.370954e-04  7.723114e-01  2.370977e-04  7.306814e-01  2.122930e-04  
   0.3120000  7.727769e-01  2.524788e-04  7.727962e-01  2.524815e-04  7.311152e-01  2.260524e-04  
   0.3330000  7.732997e-01  2.682971e-04  7.733189e-01  2.683004e-04  7.315832e-01  2.401983e-04  
   0.3540000  7.738609e-01  2.844971e-04  7.738801e-01  2.845010e-04  7.320856e-01  2.546826e-04  
   0.3740000  7.744312e-01  3.002350e-04  7.744505e-01  3.002396e-04  7.325964e-01  2.687508e-04  
   0.3950000  7.750677e-01  3.170417e-04  7.750871e-01  3.170469e-04  7.331660e-01  2.837707e-04  
   0.4160000  7.757423e-01  3.340998e-04  7.757618e-01  3.341058e-04  7.337700e-01  2.990116e-04  
   0.4374300  7.764713e-01  3.517345e-04  7.764907e-01  3.517414e-04  7.344220e-01  3.147633e-04  
   0.4574300  7.771868e-01  3.683767e-04  7.772065e-01  3.683844e-04  7.350627e-01  3.296245e-04  
   0.4784300  7.779757e-01  3.860255e-04  7.779953e-01  3.860343e-04  7.357684e-01  3.453800e-04  
   0.4994300  7.788029e-01  4.038412e-04  7.788225e-01  4.038510e-04  7.365083e-01  3.612796e-04  
   0.5204300  7.796684e-01  4.218164e-04  7.796877e-01  4.218275e-04  7.372824e-01  3.773165e-04  
   0.5414300  7.805719e-01  4.399478e-04  7.805915e-01  4.399603e-04  7.380907e-01  3.934874e-04  
   0.5614300  7.814686e-01  4.573607e-04  7.814885e-01  4.573746e-04  7.388929e-01  4.090124e-04  
   0.5824300  7.824482e-01  4.757983e-04  7.824681e-01  4.758140e-04  7.397684e-01  4.254455e-04  
   0.6034300  7.834665e-01  4.943969e-04  7.834864e-01  4.944145e-04  7.406792e-01  4.420159e-04  
   0.6244300  7.845246e-01  5.131618e-04  7.845444e-01  5.131814e-04  7.416251e-01  4.587285e-04  
   0.6454300  7.856223e-01  5.320982e-04  7.856421e-01  5.321203e-04  7.426063e-01  4.755877e-04  
   0.6664300  7.867600e-01  5.512127e-04  7.867801e-01  5.512373e-04  7.436232e-01  4.925984e-04  
   0.6864300  7.878808e-01  5.695883e-04  7.879010e-01  5.696152e-04  7.446247e-01  5.089450e-04  
   0.7074300  7.890975e-01  5.890695e-04  7.891179e-01  5.890989e-04  7.457117e-01  5.262682e-04  
   0.7284300  7.903555e-01  6.087488e-04  7.903756e-01  6.087809e-04  7.468355e-01  5.437601e-04  
   0.7494300  7.916551e-01  6.286341e-04  7.916753e-01  6.286688e-04  7.479963e-01  5.614270e-04  
   0.7704300  7.929965e-01  6.487330e-04  7.930167e-01  6.487700e-04  7.491941e-01  5.792758e-04  
   0.7914300  7.943804e-01  6.690538e-04  7.944007e-01  6.690928e-04  7.504298e-01  5.973126e-04  
   0.8114300  7.957377e-01  6.886203e-04  7.957582e-01  6.886610e-04  7.516415e-01  6.146717e-04  
   0.8324300  7.972056e-01  7.093980e-04  7.972261e-01  7.094403e-04  7.529517e-01  6.330966e-04  
   0.8540300  7.987613e-01  7.310282e-04  7.987819e-01  7.310717e-04  7.543399e-01  6.522668e-04  
   0.8740300  8.002434e-01  7.512982e-04  8.002641e-01  7.513427e-04  7.556623e-01  6.702223e-04  
   0.8950300  8.018437e-01  7.728417e-04  8.018646e-01  7.728873e-04  7.570897e-01  6.892955e-04  
   0.9160300  8.034891e-01  7.946622e-04  8.035101e-01  7.947081e-04  7.585574e-01  7.086031e-04  
   0.9370300  8.051809e-01  8.167693e-04  8.052019e-01  8.168158e-04  7.600656e-01  7.281534e-04  
   0.9580300  8.069194e-01  8.391746e-04  8.069404e-01  8.392215e-04  7.616151e-01  7.479554e-04  
   0.9780300  8.086193e-01  8.608004e-04  8.086405e-01  8.608475e-04  7.631302e-01  7.670573e-04  
   0.9990300  8.104509e-01  8.838192e-04  8.104723e-01  8.838667e-04  7.647621e-01  7.873781e-04  
   1.0200300  8.123314e-01  9.071697e-04  8.123528e-01  9.072173e-04  7.664372e-01  8.079786e-04  
   1.0410300  8.142614e-01  9.308638e-04  8.142829e-01  9.309122e-04  7.681561e-01  8.288691e-04  
   1.0620300  8.162419e-01  9.549129e-04  8.162636e-01  9.549617e-04  7.699192e-01  8.500594e-04  
   1.0830300  8.182732e-01  9.793303e-04  8.182949e-01  9.793799e-04  7.717270e-01  8.715598e-04  
   1.1030300  8.202555e-01  1.002938e-03  8.202774e-01  1.002988e-03  7.734911e-01  8.923340e-04  
   1.1240300  8.223885e-01  1.028110e-03  8.224105e-01  1.028161e-03  7.753885e-01  9.144705e-04  
   1.1450300  8.245748e-01  1.053689e-03  8.245969e-01  1.053741e-03  7.773327e-01  9.369490e-04  
   1.1660300  8.268149e-01  1.079688e-03  8.268372e-01  1.079742e-03  7.793246e-01  9.597813e-04  
   1.1870300  8.291105e-01  1.106123e-03  8.291329e-01  1.106178e-03  7.813649e-01  9.829797e-04  
   1.2080300  8.314616e-01  1.133008e-03  8.314841e-01  1.133064e-03  7.834539e-01  1.006556e-03  
   1.2280300  8.337535e-01  1.159045e-03  8.337761e-01  1.159103e-03  7.854896e-01  1.029373e-03  
   1.2490300  8.362163e-01  1.186855e-03  8.362390e-01  1.186916e-03  7.876765e-01  1.053726e-03  
   1.2706300  8.388116e-01  1.215983e-03  8.388343e-01  1.216045e-03  7.899801e-01  1.079213e-03  
   1.2906300  8.412703e-01  1.243441e-03  8.412934e-01  1.243504e-03  7.921622e-01  1.103220e-03  
   1.3116300  8.439124e-01  1.272796e-03  8.439354e-01  1.272862e-03  7.945057e-01  1.128867e-03  
   1.3326300  8.466159e-01  1.302708e-03  8.466391e-01  1.302776e-03  7.969031e-01  1.154979e-03  
   1.3536299  8.493829e-01  1.333197e-03  8.494062e-01  1.333268e-03  7.993557e-01  1.181574e-03  
   1.3746300  8.522145e-01  1.364287e-03  8.522381e-01  1.364359e-03  8.018650e-01  1.208669e-03  
   1.3946300  8.549733e-01  1.394474e-03  8.549969e-01  1.394549e-03  8.043085e-01  1.234957e-03  
   1.4156300  8.579351e-01  1.426799e-03  8.579590e-01  1.426877e-03  8.069309e-01  1.263084e-03  
   1.4366300  8.609657e-01  1.459794e-03  8.609900e-01  1.459874e-03  8.096134e-01  1.291767e-03  
   1.4576300  8.640667e-01  1.493483e-03  8.640910e-01  1.493566e-03  8.123568e-01  1.321029e-03  
   1.4786299  8.672394e-01  1.527892e-03  8.672641e-01  1.527977e-03  8.151627e-01  1.350889e-03  
   1.4996300  8.704854e-01  1.563048e-03  8.705102e-01  1.563136e-03  8.180321e-01  1.381371e-03  
   1.5196300  8.736458e-01  1.597251e-03  8.736707e-01  1.597341e-03  8.208247e-01  1.410998e-03  
   1.5406300  8.770392e-01  1.633948e-03  8.770643e-01  1.634041e-03  8.238213e-01  1.442757e-03  
   1.5616300  8.805101e-01  1.671481e-03  8.805357e-01  1.671576e-03  8.268856e-01  1.475208e-03  
   1.5826300  8.840609e-01  1.709878e-03  8.840865e-01  1.709977e-03  8.300186e-01  1.508375e-03  
   1.6036299  8.876933e-01  1.749176e-03  8.877192e-01  1.749277e-03  8.332222e-01  1.542287e-03  
   1.6246300  8.914089e-01  1.789410e-03  8.914348e-01  1.789514e-03  8.364975e-01  1.576971e-03  
   1.6446300  8.950266e-01  1.828632e-03  8.950530e-01  1.828739e-03  8.396851e-01  1.610750e-03  
   1.6656300  8.989103e-01  1.870802e-03  8.989367e-01  1.870912e-03  8.431051e-01  1.647032e-03  
   1.6872300  9.029988e-01  1.915276e-03  9.030255e-01  1.915390e-03  8.467036e-01  1.685257e-03  
   1.7072300  9.068708e-01  1.957492e-03  9.068978e-01  1.957608e-03  8.501095e-01  1.721502e-03  
   1.7282300  9.110282e-01  2.002936e-03  9.110557e-01  2.003055e-03  8.537652e-01  1.760479e-03  
   1.7492300  9.152825e-01  2.049573e-03  9.153097e-01  2.049696e-03  8.575031e-01  1.800438e-03  
   1.7702301  9.196354e-01  2.097456e-03  9.196634e-01  2.097582e-03  8.613259e-01  1.841421e-03  
   1.7912300  9.240911e-01  2.146641e-03  9.241191e-01  2.146772e-03  8.652361e-01  1.883474e-03  
   1.8112299  9.284316e-01  2.194749e-03  9.284603e-01  2.194885e-03  8.690434e-01  1.924564e-03  
   1.8322300  9.330942e-01  2.246653e-03  9.331228e-01  2.246792e-03  8.731306e-01  1.968849e-03  
   1.8532300  9.378677e-01  2.300045e-03  9.378968e-01  2.300190e-03  8.773124e-01  2.014354e-03  
   1.8742300  9.427548e-01  2.354999e-03  9.427844e-01  2.355149e-03  8.815911e-01  2.061141e-03  
   1.8952301  9.477597e-01  2.411591e-03  9.477894e-01  2.411746e-03  8.859697e-01  2.109270e-03  
   1.9162300  9.528854e-01  2.469902e-03  9.529153e-01  2.470064e-03  8.904507e-01  2.158808e-03  
   1.9362299  9.578817e-01  2.527118e-03  9.579125e-01  2.527285e-03  8.948159e-01  2.207363e-03  
   1.9572300  9.632534e-01  2.589054e-03  9.632840e-01  2.589229e-03  8.995051e-01  2.259867e-03  
   1.9782300  9.687569e-01  2.652999e-03  9.687880e-01  2.653180e-03  9.043062e-01  2.314013e-03  
   1.9992300  9.743959e-01  2.719068e-03  9.744277e-01  2.719257e-03  9.092219e-01  2.369894e-03  
   2.0202301  9.801757e-01  2.787391e-03  9.802076e-01  2.787588e-03  9.142557e-01  2.427615e-03  
   2.0412300  9.860996e-01  2.858110e-03  9.861318e-01  2.858315e-03  9.194112e-01  2.487288e-03  
   2.0612299  9.918805e-01  2.927832e-03  9.919130e-01  2.928045e-03  9.244380e-01  2.546054e-03  
   2.0822301  9.981010e-01  3.003700e-03  9.981341e-01  3.003923e-03  9.298425e-01  2.609927e-03  
   2.1038301  1.004667e+00  3.084782e-03  1.004700e+00  3.085016e-03  9.355422e-01  2.678109e-03  
   2.1238301  1.010901e+00  3.162815e-03  1.010936e+00  3.163059e-03  9.409494e-01  2.743652e-03  
   2.1448300  1.017616e+00  3.248046e-03  1.017650e+00  3.248301e-03  9.467672e-01  2.815166e-03  
   2.1658299  1.024508e+00  3.336917e-03  1.024543e+00  3.337184e-03  9.527333e-01  2.889655e-03  
   2.1868300  1.031585e+00  3.429730e-03  1.031621e+00  3.430011e-03  9.588536e-01  2.967371e-03  
   2.2078300  1.038853e+00  3.526812e-03  1.038890e+00  3.527107e-03  9.651325e-01  3.048585e-03  
   2.2278299  1.045962e+00  3.623576e-03  1.045999e+00  3.623886e-03  9.712667e-01  3.129462e-03  
   2.2488301  1.053627e+00  3.730081e-03  1.053665e+00  3.730406e-03  9.778748e-01  3.218410e-03  
   2.2698300  1.061508e+00  3.842034e-03  1.061546e+00  3.842377e-03  9.846607e-01  3.311838e-03  
   2.2908299  1.069613e+00  3.959917e-03  1.069652e+00  3.960277e-03  9.916320e-01  3.410147e-03  
   2.3118300  1.077953e+00  4.084246e-03  1.077992e+00  4.084627e-03  9.987962e-01  3.513772e-03  
   2.3328300  1.086536e+00  4.215580e-03  1.086577e+00  4.215981e-03  1.006160e+00  3.623184e-03  
   2.3528299  1.094948e+00  4.347733e-03  1.094988e+00  4.348154e-03  1.013367e+00  3.733242e-03  
   2.3738301  1.104038e+00  4.494542e-03  1.104079e+00  4.494989e-03  1.021146e+00  3.855501e-03  
   2.3948300  1.113406e+00  4.650307e-03  1.113448e+00  4.650777e-03  1.029151e+00  3.985230e-03  
   2.4158299  1.123064e+00  4.815796e-03  1.123107e+00  4.816293e-03  1.037392e+00  4.123120e-03  
   2.4368300  1.133026e+00  4.991855e-03  1.133070e+00  4.992381e-03  1.045880e+00  4.269929e-03  
   2.4578300  1.143309e+00  5.179415e-03  1.143354e+00  5.179971e-03  1.054626e+00  4.426507e-03  
   2.4778299  1.153413e+00  5.369676e-03  1.153459e+00  5.370263e-03  1.063207e+00  4.585571e-03  
   2.4988301  1.164368e+00  5.582780e-03  1.164414e+00  5.583403e-03  1.072494e+00  4.764047e-03  
   2.5204301  1.176024e+00  5.817583e-03  1.176072e+00  5.818245e-03  1.082358e+00  4.961106e-03  
   2.5404301  1.187189e+00  6.050520e-03  1.187237e+00  6.051222e-03  1.091786e+00  5.157028e-03  
   2.5614300  1.199318e+00  6.312895e-03  1.199368e+00  6.313642e-03  1.102009e+00  5.378179e-03  
   2.5824299  1.211889e+00  6.595562e-03  1.211941e+00  6.596358e-03  1.112581e+00  5.616892e-03  
   2.6034300  1.224932e+00  6.901076e-03  1.224985e+00  6.901926e-03  1.123522e+00  5.875257e-03  
   2.6244299  1.238477e+00  7.232563e-03  1.238531e+00  7.233471e-03  1.134856e+00  6.155733e-03  
   2.6444299  1.251875e+00  7.576011e-03  1.251930e+00  7.576986e-03  1.146037e+00  6.446109e-03  
   2.6654301  1.266504e+00  7.970584e-03  1.266561e+00  7.971630e-03  1.158210e+00  6.778868e-03  
   2.6864300  1.281751e+00  8.406319e-03  1.281810e+00  8.407447e-03  1.170854e+00  7.144527e-03  
   2.7074299  1.297666e+00  8.891788e-03  1.297726e+00  8.893013e-03  1.184005e+00  7.548649e-03  
   2.7284300  1.314303e+00  9.438449e-03  1.314366e+00  9.439782e-03  1.197700e+00  7.998331e-03  
   2.7494299  1.331726e+00  1.006174e-02  1.331790e+00  1.006321e-02  1.211978e+00  8.502674e-03  
   2.7694299  1.349114e+00  1.074571e-02  1.349180e+00  1.074733e-02  1.226162e+00  9.044616e-03  
   2.7904301  1.368283e+00  1.158589e-02  1.368351e+00  1.158772e-02  1.241719e+00  9.693029e-03  
   2.8114300  1.388474e+00  1.258856e-02  1.388546e+00  1.259065e-02  1.258013e+00  1.044227e-02  
   2.8324299  1.409789e+00  1.380480e-02  1.409863e+00  1.380724e-02  1.275108e+00  1.131807e-02  
   2.8534300  1.432337e+00  1.530275e-02  1.432414e+00  1.530567e-02  1.293075e+00  1.235379e-02  
   2.8744299  1.456238e+00  1.717210e-02  1.456318e+00  1.717562e-02  1.311992e+00  1.359245e-02  
   2.8944299  1.480375e+00  1.940391e-02  1.480459e+00  1.940824e-02  1.330968e+00  1.501110e-02  
   2.9154301  1.507287e+00  2.236343e-02  1.507375e+00  2.236885e-02  1.351992e+00  1.681872e-02  
   2.9370301  1.536778e+00  2.625793e-02  1.536870e+00  2.626485e-02  1.374891e+00  1.910914e-02  
   2.9570301  1.565831e+00  3.084556e-02  1.565927e+00  3.085429e-02  1.397341e+00  2.172268e-02  
   2.9780300  1.598240e+00  3.694284e-02  1.598341e+00  3.695403e-02  1.422304e+00  2.510857e-02  
   2.9990301  1.632665e+00  4.466651e-02  1.632772e+00  4.468080e-02  1.448792e+00  2.931510e-02  
   3.0200300  1.669128e+00  5.438151e-02  1.669240e+00  5.439971e-02  1.476890e+00  3.454188e-02  
   3.0410299  1.707587e+00  6.649346e-02  1.707705e+00  6.651647e-02  1.506676e+00  4.102600e-02  
   3.0610299  1.745965e+00  8.065566e-02  1.746088e+00  8.068419e-02  1.536655e+00  4.862283e-02  
   3.0820301  1.787900e+00  9.871721e-02  1.788028e+00  9.875254e-02  1.569835e+00  5.839447e-02  
   3.1030300  1.831207e+00  1.204860e-01  1.831341e+00  1.205292e-01  1.604715e+00  7.034991e-02  
   3.1240301  1.875474e+00  1.463791e-01  1.875613e+00  1.464312e-01  1.641194e+00  8.487011e-02  
   3.1450300  1.920172e+00  1.767552e-01  1.920316e+00  1.768172e-01  1.679086e+00  1.023551e-01  
   3.1660299  1.964679e+00  2.118879e-01  1.964825e+00  2.119607e-01  1.718118e+00  1.232102e-01  
   3.1860299  2.006240e+00  2.499170e-01  2.006388e+00  2.500003e-01  1.756011e+00  1.465629e-01  
   3.2070301  2.048277e+00  2.946693e-01  2.048426e+00  2.947641e-01  1.796099e+00  1.750874e-01  
   3.2280300  2.087899e+00  3.442349e-01  2.088048e+00  3.443410e-01  1.835930e+00  2.079977e-01  
   3.2490301  2.124332e+00  3.983270e-01  2.124481e+00  3.984438e-01  1.874841e+00  2.454924e-01  
   3.2700300  2.156867e+00  4.564992e-01  2.157012e+00  4.566257e-01  1.912097e+00  2.876504e-01  
   3.2910299  2.184887e+00  5.181633e-01  2.185027e+00  5.182982e-01  1.946916e+00  3.344091e-01  
   3.3110299  2.206940e+00  5.794946e-01  2.207075e+00  5.796360e-01  1.977094e+00  3.830172e-01  
   3.3320301  2.224927e+00  6.458753e-01  2.225055e+00  6.460218e-01  2.004914e+00  4.379648e-01  
   3.3536301  2.237771e+00  7.154230e-01  2.237890e+00  7.155727e-01  2.028693e+00  4.980874e-01  
   3.3736300  2.244593e+00  7.802095e-01  2.244704e+00  7.803603e-01  2.045803e+00  5.563577e-01  
   3.3946300  2.246729e+00  8.479067e-01  2.246829e+00  8.480569e-01  2.058293e+00  6.194276e-01  
   3.4156301  2.244084e+00  9.146160e-01  2.244173e+00  9.147646e-01  2.064958e+00  6.835222e-01  
   3.4366300  2.237151e+00  9.797952e-01  2.237227e+00  9.799403e-01  2.065786e+00  7.476690e-01  
   3.4576299  2.226496e+00  1.043044e+00  2.226559e+00  1.043186e+00  2.060990e+00  8.109004e-01  
   3.4776299  2.213432e+00  1.101252e+00  2.213481e+00  1.101390e+00  2.051577e+00  8.694342e-01  
   3.4986300  2.197207e+00  1.160121e+00  2.197241e+00  1.160256e+00  2.037193e+00  9.283451e-01  
   3.5196300  2.178931e+00  1.216677e+00  2.178951e+00  1.216810e+00  2.018950e+00  9.839941e-01  
   3.5406301  2.159054e+00  1.270999e+00  2.159057e+00  1.271130e+00  1.997722e+00  1.035907e+00  
   3.5616300  2.137918e+00  1.323216e+00  2.137904e+00  1.323347e+00  1.974429e+00  1.083815e+00  
   3.5826299  2.115772e+00  1.373478e+00  2.115742e+00  1.373609e+00  1.949986e+00  1.127668e+00  
   3.6026299  2.093883e+00  1.419652e+00  2.093836e+00  1.419785e+00  1.926410e+00  1.165802e+00  
   3.6236300  2.070140e+00  1.466452e+00  2.070075e+00  1.466588e+00  1.902049e+00  1.202345e+00  
   3.6446300  2.045652e+00  1.511575e+00  2.045571e+00  1.511714e+00  1.878654e+00  1.235766e+00  
   3.6656301  2.020440e+00  1.555012e+00  2.020342e+00  1.555154e+00  1.856616e+00  1.266618e+00  
   3.6866300  1.994538e+00  1.596703e+00  1.994427e+00  1.596847e+00  1.836141e+00  1.295491e+00  
   3.7076299  1.968027e+00  1.636549e+00  1.967902e+00  1.636696e+00  1.817254e+00  1.322954e+00  
   3.7276299  1.942341e+00  1.672678e+00  1.942205e+00  1.672827e+00  1.800637e+00  1.348254e+00  
   3.7486300  1.915128e+00  1.708604e+00  1.914982e+00  1.708753e+00  1.784419e+00  1.374301e+00  
   3.7702301  1.887194e+00  1.743339e+00  1.887040e+00  1.743487e+00  1.768774e+00  1.400816e+00  
   3.7902300  1.861738e+00  1.773492e+00  1.861580e+00  1.773639e+00  1.754977e+00  1.425246e+00  
   3.8112299  1.835871e+00  1.803164e+00  1.835709e+00  1.803307e+00  1.740997e+00  1.450798e+00  
   3.8322301  1.811368e+00  1.830992e+00  1.811206e+00  1.831132e+00  1.727422e+00  1.476185e+00  
   3.8532300  1.788734e+00  1.857304e+00  1.788574e+00  1.857441e+00  1.714257e+00  1.501300e+00  
   3.8742299  1.768452e+00  1.882570e+00  1.768295e+00  1.882704e+00  1.701633e+00  1.526040e+00  
   3.8942299  1.751708e+00  1.906216e+00  1.751556e+00  1.906347e+00  1.690349e+00  1.549202e+00  
   3.9152300  1.737132e+00  1.931312e+00  1.736987e+00  1.931442e+00  1.679610e+00  1.573138e+00  
   3.9362299  1.725815e+00  1.957525e+00  1.725677e+00  1.957654e+00  1.670411e+00  1.596849e+00  
   3.9572301  1.717759e+00  1.985801e+00  1.717628e+00  1.985933e+00  1.663174e+00  1.620654e+00  
   3.9782300  1.712754e+00  2.017137e+00  1.712631e+00  2.017274e+00  1.658279e+00  1.645036e+00  
   3.9992299  1.710359e+00  2.052544e+00  1.710242e+00  2.052687e+00  1.656010e+00  1.670636e+00  
   4.0192299  1.709877e+00  2.090931e+00  1.709765e+00  2.091082e+00  1.656421e+00  1.696865e+00  
   4.0402298  1.710370e+00  2.136970e+00  1.710260e+00  2.137132e+00  1.659504e+00  1.727195e+00  
   4.0612302  1.710758e+00  2.189581e+00  1.710647e+00  2.189755e+00  1.665038e+00  1.761319e+00  
   4.0822301  1.709699e+00  2.249258e+00  1.709583e+00  2.249446e+00  1.672498e+00  1.800195e+00  
   4.1032300  1.705704e+00  2.316243e+00  1.705578e+00  2.316445e+00  1.681095e+00  1.844742e+00  
   4.1242299  1.697194e+00  2.390484e+00  1.697053e+00  2.390699e+00  1.689777e+00  1.895765e+00  
   4.1442299  1.683426e+00  2.467599e+00  1.683266e+00  2.467827e+00  1.696932e+00  1.950958e+00  
   4.1652298  1.661525e+00  2.554651e+00  1.661341e+00  2.554889e+00  1.701819e+00  2.016220e+00  
   4.1868300  1.629542e+00  2.649671e+00  1.629329e+00  2.649919e+00  1.702290e+00  2.091268e+00  
   4.2068300  1.590184e+00  2.741436e+00  1.589940e+00  2.741687e+00  1.696926e+00  2.167695e+00  
   4.2278299  1.537756e+00  2.840261e+00  1.537475e+00  2.840511e+00  1.683521e+00  2.254524e+00  
   4.2488298  1.473183e+00  2.939966e+00  1.472863e+00  2.940212e+00  1.660414e+00  2.347095e+00  
   4.2698302  1.395965e+00  3.038752e+00  1.395607e+00  3.038989e+00  1.625995e+00  2.444002e+00  
   4.2908301  1.305918e+00  3.134721e+00  1.305521e+00  3.134945e+00  1.578907e+00  2.543458e+00  
   4.3108301  1.208334e+00  3.221753e+00  1.207901e+00  3.221959e+00  1.521363e+00  2.638630e+00  
   4.3318300  1.093850e+00  3.306716e+00  1.093381e+00  3.306902e+00  1.447053e+00  2.736785e+00  
   4.3528299  9.677339e-01  3.383287e+00  9.672315e-01  3.383450e+00  1.358437e+00  2.830672e+00  
   4.3738298  8.309434e-01  3.449708e+00  8.304116e-01  3.449845e+00  1.255969e+00  2.917769e+00  
   4.3948302  6.846829e-01  3.504344e+00  6.841263e-01  3.504457e+00  1.140647e+00  2.995644e+00  
   4.4158301  5.303965e-01  3.545719e+00  5.298202e-01  3.545805e+00  1.014003e+00  3.062076e+00  
   4.4358301  3.774992e-01  3.571610e+00  3.769090e-01  3.571672e+00  8.846772e-01  3.112981e+00  
   4.4568300  2.124660e-01  3.583573e+00  2.118674e-01  3.583610e+00  7.419998e-01  3.152041e+00  
   4.4778299  4.480575e-02  3.579130e+00  4.420501e-02  3.579142e+00  5.948380e-01  3.175410e+00  
   4.4988298  -1.233361e-01  3.557750e+00  -1.239326e-01  3.557741e+00  4.459321e-01  3.182661e+00  
   4.5198302  -2.897101e-01  3.519236e+00  -2.902960e-01  3.519207e+00  2.980129e-01  3.173913e+00  
   4.5408301  -4.519963e-01  3.463764e+00  -4.525650e-01  3.463716e+00  1.536848e-01  3.149812e+00  
   4.5608301  -6.006420e-01  3.395692e+00  -6.011886e-01  3.395627e+00  2.171353e-02  3.113594e+00  
   4.5818300  -7.483547e-01  3.309158e+00  -7.488729e-01  3.309078e+00  -1.091646e-01  3.063051e+00  
   4.6034298  -8.891797e-01  3.205517e+00  -8.896630e-01  3.205421e+00  -2.338938e-01  2.999508e+00  
   4.6234298  -1.007792e+00  3.098001e+00  -1.008239e+00  3.097894e+00  -3.393379e-01  2.932029e+00  
   4.6444302  -1.118657e+00  2.975231e+00  -1.119062e+00  2.975113e+00  -4.389332e-01  2.854165e+00  
   4.6654301  -1.214389e+00  2.844721e+00  -1.214751e+00  2.844594e+00  -5.267989e-01  2.771066e+00  
   4.6864300  -1.294311e+00  2.709057e+00  -1.294628e+00  2.708923e+00  -6.029601e-01  2.684607e+00  
   4.7074299  -1.358235e+00  2.570893e+00  -1.358507e+00  2.570755e+00  -6.677471e-01  2.596511e+00  
   4.7274299  -1.404511e+00  2.439355e+00  -1.404741e+00  2.439215e+00  -7.193967e-01  2.512488e+00  
   4.7484298  -1.438484e+00  2.303616e+00  -1.438671e+00  2.303476e+00  -7.637912e-01  2.425395e+00  
   4.7694302  -1.458603e+00  2.172423e+00  -1.458750e+00  2.172286e+00  -7.989615e-01  2.340535e+00  
   4.7904301  -1.466310e+00  2.047579e+00  -1.466420e+00  2.047446e+00  -8.258368e-01  2.258789e+00  
   4.8114300  -1.463257e+00  1.930479e+00  -1.463333e+00  1.930352e+00  -8.453736e-01  2.180824e+00  
   4.8324299  -1.451199e+00  1.822102e+00  -1.451245e+00  1.821982e+00  -8.585154e-01  2.107125e+00  
   4.8524299  -1.432958e+00  1.727527e+00  -1.432977e+00  1.727415e+00  -8.659166e-01  2.041191e+00  
   4.8734298  -1.408332e+00  1.637507e+00  -1.408327e+00  1.637403e+00  -8.691361e-01  1.976597e+00  
   4.8944302  -1.379629e+00  1.556905e+00  -1.379601e+00  1.556810e+00  -8.684674e-01  1.916805e+00  
   4.9154301  -1.348224e+00  1.485389e+00  -1.348178e+00  1.485302e+00  -8.646227e-01  1.861771e+00  
   4.9364300  -1.315293e+00  1.422434e+00  -1.315229e+00  1.422354e+00  -8.582377e-01  1.811365e+00  
   4.9574299  -1.281798e+00  1.367395e+00  -1.281718e+00  1.367322e+00  -8.498698e-01  1.765397e+00  
   4.9774299  -1.250077e+00  1.321682e+00  -1.249984e+00  1.321615e+00  -8.404990e-01  1.725527e+00  
   4.9984298  -1.217521e+00  1.280013e+00  -1.217414e+00  1.279951e+00  -8.295842e-01  1.687511e+00  
