w Re-xx Im-xx Re-yy Im-yy Re-zz Im-zz
# Gaussian absolute broadening  0.15 [eV]
   0.0000000  7.700977e-01  8.897672e-05  7.701311e-01  8.897744e-05  7.251692e-01  7.887700e-05  
   0.0200000  7.701984e-01  9.522843e-05  7.702317e-01  9.522933e-05  7.252584e-01  8.441564e-05  
   0.0410000  7.703183e-01  1.023524e-04  7.703515e-01  1.023536e-04  7.253643e-01  9.072685e-05  
   0.0620000  7.704543e-01  1.100863e-04  7.704877e-01  1.100877e-04  7.254851e-01  9.757811e-05  
   0.0830000  7.706090e-01  1.184642e-04  7.706425e-01  1.184660e-04  7.256223e-01  1.049996e-04  
   0.1040000  7.707844e-01  1.275158e-04  7.708179e-01  1.275179e-04  7.257779e-01  1.130174e-04  
   0.1240000  7.709727e-01  1.367841e-04  7.710060e-01  1.367866e-04  7.259448e-01  1.212266e-04  
   0.1450000  7.711949e-01  1.472111e-04  7.712284e-01  1.472142e-04  7.261418e-01  1.304616e-04  
   0.1660000  7.714443e-01  1.583571e-04  7.714779e-01  1.583608e-04  7.263628e-01  1.403325e-04  
   0.1870000  7.717230e-01  1.702184e-04  7.717565e-01  1.702228e-04  7.266097e-01  1.508359e-04  
   0.2080000  7.720333e-01  1.827806e-04  7.720669e-01  1.827857e-04  7.268848e-01  1.619587e-04  
   0.2290000  7.723766e-01  1.960182e-04  7.724102e-01  1.960242e-04  7.271892e-01  1.736782e-04  
   0.2490000  7.727363e-01  2.092210e-04  7.727700e-01  2.092279e-04  7.275076e-01  1.853652e-04  
   0.2700000  7.731492e-01  2.236671e-04  7.731827e-01  2.236749e-04  7.278734e-01  1.981510e-04  
   0.2910000  7.735988e-01  2.386610e-04  7.736325e-01  2.386698e-04  7.282715e-01  2.114192e-04  
   0.3120000  7.740867e-01  2.541490e-04  7.741203e-01  2.541588e-04  7.287039e-01  2.251219e-04  
   0.3330000  7.746129e-01  2.700754e-04  7.746465e-01  2.700863e-04  7.291700e-01  2.392097e-04  
   0.3540000  7.751778e-01  2.863866e-04  7.752118e-01  2.863986e-04  7.296703e-01  2.536344e-04  
   0.3740000  7.757519e-01  3.022329e-04  7.757858e-01  3.022460e-04  7.301787e-01  2.676447e-04  
   0.3950000  7.763928e-01  3.191562e-04  7.764266e-01  3.191704e-04  7.307462e-01  2.826032e-04  
   0.4160000  7.770720e-01  3.363334e-04  7.771057e-01  3.363486e-04  7.313476e-01  2.977816e-04  
   0.4374300  7.778056e-01  3.540916e-04  7.778395e-01  3.541081e-04  7.319971e-01  3.134689e-04  
   0.4574300  7.785262e-01  3.708515e-04  7.785599e-01  3.708690e-04  7.326350e-01  3.282695e-04  
   0.4784300  7.793202e-01  3.886256e-04  7.793541e-01  3.886444e-04  7.333381e-01  3.439609e-04  
   0.4994300  7.801529e-01  4.065687e-04  7.801870e-01  4.065887e-04  7.340748e-01  3.597957e-04  
   0.5204300  7.810242e-01  4.246733e-04  7.810583e-01  4.246946e-04  7.348457e-01  3.757675e-04  
   0.5414300  7.819340e-01  4.429362e-04  7.819682e-01  4.429590e-04  7.356508e-01  3.918729e-04  
   0.5614300  7.828367e-01  4.604765e-04  7.828708e-01  4.605005e-04  7.364494e-01  4.073349e-04  
   0.5824300  7.838229e-01  4.790498e-04  7.838573e-01  4.790753e-04  7.373218e-01  4.237014e-04  
   0.6034300  7.848481e-01  4.977867e-04  7.848824e-01  4.978137e-04  7.382286e-01  4.402048e-04  
   0.6244300  7.859135e-01  5.166925e-04  7.859479e-01  5.167209e-04  7.391706e-01  4.568497e-04  
   0.6454300  7.870187e-01  5.357724e-04  7.870532e-01  5.358023e-04  7.401476e-01  4.736403e-04  
   0.6664300  7.881643e-01  5.550329e-04  7.881988e-01  5.550646e-04  7.411605e-01  4.905821e-04  
   0.6864300  7.892929e-01  5.735506e-04  7.893276e-01  5.735835e-04  7.421577e-01  5.068624e-04  
   0.7074300  7.905183e-01  5.931837e-04  7.905527e-01  5.932184e-04  7.432405e-01  5.241151e-04  
   0.7284300  7.917846e-01  6.130185e-04  7.918196e-01  6.130546e-04  7.443596e-01  5.415356e-04  
   0.7494300  7.930935e-01  6.330626e-04  7.931284e-01  6.331005e-04  7.455157e-01  5.591311e-04  
   0.7704300  7.944443e-01  6.533238e-04  7.944794e-01  6.533630e-04  7.467085e-01  5.769068e-04  
   0.7914300  7.958380e-01  6.738105e-04  7.958730e-01  6.738513e-04  7.479391e-01  5.948704e-04  
   0.8114300  7.972052e-01  6.935388e-04  7.972403e-01  6.935808e-04  7.491460e-01  6.121591e-04  
   0.8324300  7.986834e-01  7.144902e-04  7.987188e-01  7.145338e-04  7.504504e-01  6.305089e-04  
   0.8540300  8.002504e-01  7.363034e-04  8.002859e-01  7.363483e-04  7.518333e-01  6.496013e-04  
   0.8740300  8.017431e-01  7.567470e-04  8.017787e-01  7.567932e-04  7.531504e-01  6.674841e-04  
   0.8950300  8.033550e-01  7.784776e-04  8.033908e-01  7.785253e-04  7.545718e-01  6.864802e-04  
   0.9160300  8.050125e-01  8.004894e-04  8.050483e-01  8.005383e-04  7.560335e-01  7.057100e-04  
   0.9370300  8.067169e-01  8.227936e-04  8.067526e-01  8.228439e-04  7.575356e-01  7.251812e-04  
   0.9580300  8.084679e-01  8.454003e-04  8.085039e-01  8.454520e-04  7.590787e-01  7.449039e-04  
   0.9780300  8.101805e-01  8.672232e-04  8.102167e-01  8.672762e-04  7.605873e-01  7.639292e-04  
   0.9990300  8.120261e-01  8.904549e-04  8.120622e-01  8.905098e-04  7.622129e-01  7.841689e-04  
   1.0200300  8.139206e-01  9.140242e-04  8.139569e-01  9.140807e-04  7.638811e-01  8.046875e-04  
   1.0410300  8.158651e-01  9.379435e-04  8.159018e-01  9.380013e-04  7.655929e-01  8.254951e-04  
   1.0620300  8.178607e-01  9.622244e-04  8.178974e-01  9.622842e-04  7.673489e-01  8.466017e-04  
   1.0830300  8.199077e-01  9.868809e-04  8.199444e-01  9.869423e-04  7.691494e-01  8.680176e-04  
   1.1030300  8.219054e-01  1.010723e-03  8.219422e-01  1.010786e-03  7.709062e-01  8.887106e-04  
   1.1240300  8.240550e-01  1.036148e-03  8.240920e-01  1.036214e-03  7.727960e-01  9.107608e-04  
   1.1450300  8.262582e-01  1.061988e-03  8.262956e-01  1.062056e-03  7.747324e-01  9.331530e-04  
   1.1660300  8.285164e-01  1.088258e-03  8.285539e-01  1.088328e-03  7.767161e-01  9.558974e-04  
   1.1870300  8.308300e-01  1.114972e-03  8.308677e-01  1.115044e-03  7.787481e-01  9.790076e-04  
   1.2080300  8.332002e-01  1.142145e-03  8.332380e-01  1.142220e-03  7.808291e-01  1.002495e-03  
   1.2280300  8.355105e-01  1.168466e-03  8.355483e-01  1.168544e-03  7.828565e-01  1.025226e-03  
   1.2490300  8.379936e-01  1.196586e-03  8.380315e-01  1.196665e-03  7.850344e-01  1.049488e-03  
   1.2706300  8.406100e-01  1.226042e-03  8.406482e-01  1.226124e-03  7.873290e-01  1.074881e-03  
   1.2906300  8.430895e-01  1.253815e-03  8.431278e-01  1.253901e-03  7.895023e-01  1.098800e-03  
   1.3116300  8.457532e-01  1.283514e-03  8.457918e-01  1.283602e-03  7.918363e-01  1.124355e-03  
   1.3326300  8.484797e-01  1.313782e-03  8.485186e-01  1.313873e-03  7.942240e-01  1.150373e-03  
   1.3536299  8.512704e-01  1.344641e-03  8.513094e-01  1.344735e-03  7.966672e-01  1.176874e-03  
   1.3746300  8.541265e-01  1.376114e-03  8.541656e-01  1.376211e-03  7.991664e-01  1.203874e-03  
   1.3946300  8.569092e-01  1.406681e-03  8.569486e-01  1.406780e-03  8.016002e-01  1.230071e-03  
   1.4156300  8.598973e-01  1.439420e-03  8.599370e-01  1.439524e-03  8.042125e-01  1.258101e-03  
   1.4366300  8.629547e-01  1.472846e-03  8.629947e-01  1.472952e-03  8.068842e-01  1.286688e-03  
   1.4576300  8.660836e-01  1.506984e-03  8.661239e-01  1.507093e-03  8.096170e-01  1.315854e-03  
   1.4786299  8.692855e-01  1.541861e-03  8.693258e-01  1.541973e-03  8.124120e-01  1.345617e-03  
   1.4996300  8.725612e-01  1.577505e-03  8.726018e-01  1.577620e-03  8.152702e-01  1.376001e-03  
   1.5196300  8.757511e-01  1.612192e-03  8.757917e-01  1.612310e-03  8.180516e-01  1.405536e-03  
   1.5406300  8.791760e-01  1.649421e-03  8.792172e-01  1.649542e-03  8.210371e-01  1.437199e-03  
   1.5616300  8.826804e-01  1.687510e-03  8.827217e-01  1.687634e-03  8.240895e-01  1.469553e-03  
   1.5826300  8.862652e-01  1.726490e-03  8.863068e-01  1.726618e-03  8.272106e-01  1.502626e-03  
   1.6036299  8.899329e-01  1.766400e-03  8.899749e-01  1.766532e-03  8.304018e-01  1.536443e-03  
   1.6246300  8.936853e-01  1.807279e-03  8.937277e-01  1.807414e-03  8.336650e-01  1.571034e-03  
   1.6446300  8.973395e-01  1.847147e-03  8.973818e-01  1.847286e-03  8.368404e-01  1.604726e-03  
   1.6656300  9.012627e-01  1.890035e-03  9.013055e-01  1.890178e-03  8.402478e-01  1.640918e-03  
   1.6872300  9.053935e-01  1.935296e-03  9.054366e-01  1.935444e-03  8.438329e-01  1.679053e-03  
   1.7072300  9.093058e-01  1.978289e-03  9.093496e-01  1.978441e-03  8.472267e-01  1.715218e-03  
   1.7282300  9.135079e-01  2.024608e-03  9.135517e-01  2.024766e-03  8.508686e-01  1.754114e-03  
   1.7492300  9.178082e-01  2.072195e-03  9.178524e-01  2.072358e-03  8.545934e-01  1.793995e-03  
   1.7702301  9.222094e-01  2.121117e-03  9.222538e-01  2.121286e-03  8.584026e-01  1.834905e-03  
   1.7912300  9.267145e-01  2.171452e-03  9.267597e-01  2.171627e-03  8.622990e-01  1.876893e-03  
   1.8112299  9.311047e-01  2.220785e-03  9.311500e-01  2.220965e-03  8.660932e-01  1.917929e-03  
   1.8322300  9.358214e-01  2.274145e-03  9.358672e-01  2.274330e-03  8.701664e-01  1.962168e-03  
   1.8532300  9.406516e-01  2.329213e-03  9.406973e-01  2.329407e-03  8.743340e-01  2.007646e-03  
   1.8742300  9.455984e-01  2.386125e-03  9.456445e-01  2.386326e-03  8.785987e-01  2.054429e-03  
   1.8952301  9.506654e-01  2.445034e-03  9.507120e-01  2.445242e-03  8.829634e-01  2.102588e-03  
   1.9162300  9.558555e-01  2.506116e-03  9.559028e-01  2.506333e-03  8.874301e-01  2.152203e-03  
   1.9362299  9.609166e-01  2.566495e-03  9.609643e-01  2.566720e-03  8.917825e-01  2.200892e-03  
   1.9572300  9.663594e-01  2.632434e-03  9.664077e-01  2.632667e-03  8.964576e-01  2.253626e-03  
   1.9782300  9.719371e-01  2.701229e-03  9.719855e-01  2.701474e-03  9.012451e-01  2.308127e-03  
   1.9992300  9.776538e-01  2.773171e-03  9.777030e-01  2.773426e-03  9.061470e-01  2.364534e-03  
   2.0202301  9.835148e-01  2.848575e-03  9.835644e-01  2.848842e-03  9.111679e-01  2.423015e-03  
   2.0412300  9.895240e-01  2.927776e-03  9.895742e-01  2.928058e-03  9.163110e-01  2.483757e-03  
   2.0612299  9.953896e-01  3.007058e-03  9.954402e-01  3.007353e-03  9.213261e-01  2.543918e-03  
   2.0822301  1.001703e+00  3.094695e-03  1.001754e+00  3.095007e-03  9.267190e-01  2.609764e-03  
   2.1038301  1.008368e+00  3.189907e-03  1.008420e+00  3.190236e-03  9.324068e-01  2.680669e-03  
   2.1238301  1.014699e+00  3.282979e-03  1.014751e+00  3.283326e-03  9.378051e-01  2.749522e-03  
   2.1448300  1.021518e+00  3.386120e-03  1.021570e+00  3.386488e-03  9.436138e-01  2.825516e-03  
   2.1658299  1.028518e+00  3.495125e-03  1.028571e+00  3.495514e-03  9.495713e-01  2.905742e-03  
   2.1868300  1.035707e+00  3.610299e-03  1.035761e+00  3.610709e-03  9.556836e-01  2.990705e-03  
   2.2078300  1.043092e+00  3.731922e-03  1.043146e+00  3.732356e-03  9.619562e-01  3.080959e-03  
   2.2278299  1.050313e+00  3.854008e-03  1.050369e+00  3.854463e-03  9.680848e-01  3.172389e-03  
   2.2488301  1.058103e+00  3.989033e-03  1.058159e+00  3.989510e-03  9.746885e-01  3.274769e-03  
   2.2698300  1.066112e+00  4.131348e-03  1.066169e+00  4.131848e-03  9.814697e-01  3.384366e-03  
   2.2908299  1.074350e+00  4.281294e-03  1.074408e+00  4.281816e-03  9.884375e-01  3.501923e-03  
   2.3118300  1.082828e+00  4.439264e-03  1.082886e+00  4.439807e-03  9.955976e-01  3.628216e-03  
   2.3328300  1.091556e+00  4.605724e-03  1.091615e+00  4.606289e-03  1.002959e+00  3.764052e-03  
   2.3528299  1.100109e+00  4.772673e-03  1.100169e+00  4.773258e-03  1.010162e+00  3.903064e-03  
   2.3738301  1.109357e+00  4.957472e-03  1.109418e+00  4.958079e-03  1.017937e+00  4.059993e-03  
   2.3948300  1.118890e+00  5.152807e-03  1.118953e+00  5.153435e-03  1.025938e+00  4.229046e-03  
   2.4158299  1.128724e+00  5.359658e-03  1.128786e+00  5.360314e-03  1.034173e+00  4.411171e-03  
   2.4368300  1.138872e+00  5.579172e-03  1.138935e+00  5.579855e-03  1.042653e+00  4.607368e-03  
   2.4578300  1.149351e+00  5.812677e-03  1.149416e+00  5.813395e-03  1.051389e+00  4.818688e-03  
   2.4778299  1.159655e+00  6.049478e-03  1.159721e+00  6.050232e-03  1.059959e+00  5.035040e-03  
   2.4988301  1.170833e+00  6.314967e-03  1.170901e+00  6.315766e-03  1.069231e+00  5.279234e-03  
   2.5204301  1.182737e+00  6.608176e-03  1.182806e+00  6.609033e-03  1.079075e+00  5.549996e-03  
   2.5404301  1.194148e+00  6.900120e-03  1.194218e+00  6.901036e-03  1.088483e+00  5.819812e-03  
   2.5614300  1.206555e+00  7.230572e-03  1.206626e+00  7.231562e-03  1.098680e+00  6.124541e-03  
   2.5824299  1.219426e+00  7.588855e-03  1.219499e+00  7.589928e-03  1.109221e+00  6.453136e-03  
   2.6034300  1.232793e+00  7.979109e-03  1.232867e+00  7.980280e-03  1.120128e+00  6.807912e-03  
   2.6244299  1.246688e+00  8.406428e-03  1.246764e+00  8.407706e-03  1.131421e+00  7.191646e-03  
   2.6444299  1.260449e+00  8.853747e-03  1.260526e+00  8.855139e-03  1.142561e+00  7.587195e-03  
   2.6654301  1.275492e+00  9.373649e-03  1.275571e+00  9.375180e-03  1.154686e+00  8.038262e-03  
   2.6864300  1.291188e+00  9.955351e-03  1.291270e+00  9.957035e-03  1.167278e+00  8.531380e-03  
   2.7074299  1.307594e+00  1.061253e-02  1.307677e+00  1.061438e-02  1.180373e+00  9.073691e-03  
   2.7284300  1.324766e+00  1.136308e-02  1.324852e+00  1.136513e-02  1.194008e+00  9.674479e-03  
   2.7494299  1.342774e+00  1.223050e-02  1.342861e+00  1.223278e-02  1.208223e+00  1.034579e-02  
   2.7694299  1.360767e+00  1.319341e-02  1.360857e+00  1.319594e-02  1.222344e+00  1.106494e-02  
   2.7904301  1.380626e+00  1.438672e-02  1.380719e+00  1.438958e-02  1.237829e+00  1.192304e-02  
   2.8114300  1.401564e+00  1.581817e-02  1.401660e+00  1.582144e-02  1.254044e+00  1.291161e-02  
   2.8324299  1.423680e+00  1.755538e-02  1.423780e+00  1.755917e-02  1.271049e+00  1.406266e-02  
   2.8534300  1.447083e+00  1.968535e-02  1.447186e+00  1.968980e-02  1.288907e+00  1.541627e-02  
   2.8744299  1.471884e+00  2.231866e-02  1.471990e+00  2.232398e-02  1.307688e+00  1.702213e-02  
   2.8944299  1.496909e+00  2.542139e-02  1.497020e+00  2.542775e-02  1.326500e+00  1.884183e-02  
   2.9154301  1.524769e+00  2.946835e-02  1.524884e+00  2.947614e-02  1.347297e+00  2.112869e-02  
   2.9370301  1.555225e+00  3.469033e-02  1.555345e+00  3.470002e-02  1.369889e+00  2.397614e-02  
   2.9570301  1.585134e+00  4.071635e-02  1.585258e+00  4.072828e-02  1.391967e+00  2.716167e-02  
   2.9780300  1.618363e+00  4.855832e-02  1.618493e+00  4.857318e-02  1.416426e+00  3.119991e-02  
   2.9990301  1.653482e+00  5.827960e-02  1.653617e+00  5.829812e-02  1.442267e+00  3.609961e-02  
   3.0200300  1.690457e+00  7.025068e-02  1.690596e+00  7.027365e-02  1.469557e+00  4.204141e-02  
   3.0410299  1.729188e+00  8.487289e-02  1.729333e+00  8.490124e-02  1.498349e+00  4.923674e-02  
   3.0610299  1.767546e+00  1.016474e-01  1.767695e+00  1.016818e-01  1.527195e+00  5.747786e-02  
   3.0820301  1.809109e+00  1.226564e-01  1.809261e+00  1.226980e-01  1.558980e+00  6.785511e-02  
   3.1030300  1.851631e+00  1.475388e-01  1.851785e+00  1.475886e-01  1.592256e+00  8.030246e-02  
   3.1240301  1.894653e+00  1.766538e-01  1.894809e+00  1.767128e-01  1.626933e+00  9.515748e-02  
   3.1450300  1.937619e+00  2.102889e-01  1.937773e+00  2.103577e-01  1.662849e+00  1.127774e-01  
   3.1660299  1.979895e+00  2.486358e-01  1.980047e+00  2.487151e-01  1.699766e+00  1.335281e-01  
   3.1860299  2.018880e+00  2.896033e-01  2.019027e+00  2.896929e-01  1.735559e+00  1.565278e-01  
   3.2070301  2.057775e+00  3.372262e-01  2.057916e+00  3.373267e-01  1.773407e+00  1.843902e-01  
   3.2280300  2.093866e+00  3.893574e-01  2.093999e+00  3.894685e-01  1.811025e+00  2.163223e-01  
   3.2490301  2.126464e+00  4.456349e-01  2.126585e+00  4.457560e-01  1.847821e+00  2.525133e-01  
   3.2700300  2.154952e+00  5.055508e-01  2.155062e+00  5.056807e-01  1.883131e+00  2.930401e-01  
   3.2910299  2.178825e+00  5.684763e-01  2.178922e+00  5.686140e-01  1.916249e+00  3.378449e-01  
   3.3110299  2.196931e+00  6.305413e-01  2.197015e+00  6.306847e-01  1.945096e+00  3.843015e-01  
   3.3320301  2.210871e+00  6.972012e-01  2.210939e+00  6.973493e-01  1.971893e+00  4.366981e-01  
   3.3536301  2.219734e+00  7.665304e-01  2.219788e+00  7.666813e-01  1.995084e+00  4.939034e-01  
   3.3736300  2.223092e+00  8.306858e-01  2.223132e+00  8.308378e-01  2.012127e+00  5.492293e-01  
   3.3946300  2.221845e+00  8.973132e-01  2.221872e+00  8.974649e-01  2.025092e+00  6.089859e-01  
   3.4156301  2.216083e+00  9.625736e-01  2.216099e+00  9.627233e-01  2.032835e+00  6.695824e-01  
   3.4366300  2.206278e+00  1.025956e+00  2.206282e+00  1.026103e+00  2.035378e+00  7.301043e-01  
   3.4576299  2.192961e+00  1.087084e+00  2.192955e+00  1.087226e+00  2.032947e+00  7.896590e-01  
   3.4776299  2.177516e+00  1.142979e+00  2.177504e+00  1.143117e+00  2.026385e+00  8.447295e-01  
   3.4986300  2.158919e+00  1.199111e+00  2.158899e+00  1.199244e+00  2.015588e+00  9.001520e-01  
   3.5196300  2.138371e+00  1.252604e+00  2.138345e+00  1.252733e+00  2.001476e+00  9.525864e-01  
   3.5406301  2.116311e+00  1.303526e+00  2.116278e+00  1.303650e+00  1.984820e+00  1.001686e+00  
   3.5616300  2.093095e+00  1.351995e+00  2.093059e+00  1.352114e+00  1.966407e+00  1.047302e+00  
   3.5826299  2.069007e+00  1.398160e+00  2.068968e+00  1.398276e+00  1.946994e+00  1.089488e+00  
   3.6026299  2.045449e+00  1.440122e+00  2.045406e+00  1.440234e+00  1.928186e+00  1.126677e+00  
   3.6236300  2.020212e+00  1.482203e+00  2.020166e+00  1.482312e+00  1.908636e+00  1.162934e+00  
   3.6446300  1.994578e+00  1.522352e+00  1.994530e+00  1.522459e+00  1.889688e+00  1.196773e+00  
   3.6656301  1.968650e+00  1.560629e+00  1.968600e+00  1.560735e+00  1.871593e+00  1.228687e+00  
   3.6866300  1.942541e+00  1.597058e+00  1.942491e+00  1.597163e+00  1.854455e+00  1.259158e+00  
   3.7076299  1.916394e+00  1.631637e+00  1.916344e+00  1.631740e+00  1.838254e+00  1.288615e+00  
   3.7276299  1.891630e+00  1.662837e+00  1.891580e+00  1.662940e+00  1.823588e+00  1.316037e+00  
   3.7486300  1.866007e+00  1.693780e+00  1.865958e+00  1.693884e+00  1.808838e+00  1.344391e+00  
   3.7702301  1.840375e+00  1.723704e+00  1.840329e+00  1.723808e+00  1.794185e+00  1.373208e+00  
   3.7902300  1.817628e+00  1.749778e+00  1.817584e+00  1.749883e+00  1.780964e+00  1.399590e+00  
   3.8112299  1.795152e+00  1.775639e+00  1.795113e+00  1.775746e+00  1.767386e+00  1.426920e+00  
   3.8322301  1.774529e+00  1.800221e+00  1.774495e+00  1.800330e+00  1.754157e+00  1.453768e+00  
   3.8532300  1.756170e+00  1.823917e+00  1.756142e+00  1.824030e+00  1.741424e+00  1.480028e+00  
   3.8742299  1.740449e+00  1.847248e+00  1.740427e+00  1.847367e+00  1.729437e+00  1.505642e+00  
   3.8942299  1.728202e+00  1.869714e+00  1.728186e+00  1.869838e+00  1.719024e+00  1.529464e+00  
   3.9152300  1.718384e+00  1.894286e+00  1.718376e+00  1.894419e+00  1.709520e+00  1.554018e+00  
   3.9362299  1.711726e+00  1.920707e+00  1.711725e+00  1.920848e+00  1.701884e+00  1.578398e+00  
   3.9572301  1.708096e+00  1.949900e+00  1.708100e+00  1.950051e+00  1.696504e+00  1.603063e+00  
   3.9782300  1.707152e+00  1.982820e+00  1.707161e+00  1.982984e+00  1.693687e+00  1.628631e+00  
   3.9992299  1.708332e+00  2.020417e+00  1.708343e+00  2.020595e+00  1.693619e+00  1.655873e+00  
   4.0192299  1.710709e+00  2.061384e+00  1.710721e+00  2.061574e+00  1.696133e+00  1.684185e+00  
   4.0402298  1.713552e+00  2.110555e+00  1.713560e+00  2.110759e+00  1.701308e+00  1.717332e+00  
   4.0612302  1.715563e+00  2.166626e+00  1.715564e+00  2.166846e+00  1.708676e+00  1.754972e+00  
   4.0822301  1.715371e+00  2.229977e+00  1.715360e+00  2.230211e+00  1.717577e+00  1.798089e+00  
   4.1032300  1.711490e+00  2.300722e+00  1.711462e+00  2.300970e+00  1.727086e+00  1.847584e+00  
   4.1242299  1.702376e+00  2.378680e+00  1.702327e+00  2.378941e+00  1.736025e+00  1.904207e+00  
   4.1442299  1.687421e+00  2.459180e+00  1.687347e+00  2.459453e+00  1.742716e+00  1.965251e+00  
   4.1652298  1.663721e+00  2.549502e+00  1.663616e+00  2.549785e+00  1.746282e+00  2.037071e+00  
   4.1868300  1.629413e+00  2.647460e+00  1.629272e+00  2.647751e+00  1.744436e+00  2.119119e+00  
   4.2068300  1.587593e+00  2.741457e+00  1.587415e+00  2.741753e+00  1.736026e+00  2.202063e+00  
   4.2278299  1.532389e+00  2.842024e+00  1.532172e+00  2.842323e+00  1.718493e+00  2.295539e+00  
   4.2488298  1.464981e+00  2.942780e+00  1.464725e+00  2.943080e+00  1.690346e+00  2.394310e+00  
   4.2698302  1.385005e+00  3.041862e+00  1.384711e+00  3.042159e+00  1.650056e+00  2.496718e+00  
   4.2908301  1.292393e+00  3.137340e+00  1.292064e+00  3.137633e+00  1.596390e+00  2.600735e+00  
   4.3108301  1.192642e+00  3.223163e+00  1.192284e+00  3.223449e+00  1.532067e+00  2.699186e+00  
   4.3318300  1.076252e+00  3.306110e+00  1.075868e+00  3.306389e+00  1.450276e+00  2.799506e+00  
   4.3528299  9.486678e-01  3.379961e+00  9.482652e-01  3.380227e+00  1.354009e+00  2.894134e+00  
   4.3738298  8.108880e-01  3.443058e+00  8.104739e-01  3.443312e+00  1.243932e+00  2.980500e+00  
   4.3948302  6.641339e-01  3.493908e+00  6.637144e-01  3.494146e+00  1.121251e+00  3.056184e+00  
   4.4158301  5.098463e-01  3.531198e+00  5.094289e-01  3.531420e+00  9.876957e-01  3.119049e+00  
   4.4358301  3.573851e-01  3.553104e+00  3.569760e-01  3.553309e+00  8.523606e-01  3.165405e+00  
   4.4568300  1.932335e-01  3.560980e+00  1.928386e-01  3.561167e+00  7.041105e-01  3.198666e+00  
   4.4778299  2.683590e-02  3.552759e+00  2.646051e-02  3.552926e+00  5.522356e-01  3.215414e+00  
   4.4988298  -1.397264e-01  3.528111e+00  -1.400784e-01  3.528257e+00  3.995414e-01  3.215481e+00  
   4.5198302  -3.042796e-01  3.487010e+00  -3.046051e-01  3.487137e+00  2.487823e-01  3.199262e+00  
   4.5408301  -4.645864e-01  3.429770e+00  -4.648834e-01  3.429876e+00  1.025474e-01  3.167669e+00  
   4.5608301  -6.112787e-01  3.360849e+00  -6.115480e-01  3.360937e+00  -3.041918e-02  3.124530e+00  
   4.5818300  -7.569527e-01  3.274334e+00  -7.571933e-01  3.274407e+00  -1.615590e-01  3.067168e+00  
   4.6034298  -8.957798e-01  3.171659e+00  -8.959919e-01  3.171716e+00  -2.858274e-01  2.997287e+00  
   4.6234298  -1.012700e+00  3.065821e+00  -1.012889e+00  3.065866e+00  -3.902947e-01  2.924694e+00  
   4.6444302  -1.122010e+00  2.945501e+00  -1.122176e+00  2.945535e+00  -4.884136e-01  2.842343e+00  
   4.6654301  -1.216456e+00  2.817998e+00  -1.216602e+00  2.818022e+00  -5.744575e-01  2.755718e+00  
   4.6864300  -1.295380e+00  2.685725e+00  -1.295511e+00  2.685741e+00  -6.485575e-01  2.666709e+00  
   4.7074299  -1.358594e+00  2.551162e+00  -1.358715e+00  2.551171e+00  -7.111340e-01  2.577011e+00  
   4.7274299  -1.404445e+00  2.423105e+00  -1.404559e+00  2.423105e+00  -7.606030e-01  2.492286e+00  
   4.7484298  -1.438202e+00  2.290940e+00  -1.438314e+00  2.290931e+00  -8.026758e-01  2.405239e+00  
   4.7694302  -1.458298e+00  2.163135e+00  -1.458412e+00  2.163116e+00  -8.355215e-01  2.321127e+00  
   4.7904301  -1.466124e+00  2.041423e+00  -1.466243e+00  2.041388e+00  -8.600854e-01  2.240719e+00  
   4.8114300  -1.463282e+00  1.927157e+00  -1.463408e+00  1.927105e+00  -8.773274e-01  2.164570e+00  
   4.8324299  -1.451483e+00  1.821309e+00  -1.451620e+00  1.821235e+00  -8.881902e-01  2.093059e+00  
   4.8524299  -1.433500e+00  1.728871e+00  -1.433648e+00  1.728772e+00  -8.934321e-01  2.029465e+00  
   4.8734298  -1.409133e+00  1.640834e+00  -1.409294e+00  1.640705e+00  -8.943933e-01  1.967516e+00  
   4.8944302  -1.380659e+00  1.561988e+00  -1.380833e+00  1.561826e+00  -8.914758e-01  1.910493e+00  
   4.9154301  -1.349451e+00  1.492039e+00  -1.349637e+00  1.491841e+00  -8.853964e-01  1.858292e+00  
   4.9364300  -1.316682e+00  1.430501e+00  -1.316880e+00  1.430264e+00  -8.767982e-01  1.810738e+00  
   4.9574299  -1.283324e+00  1.376763e+00  -1.283533e+00  1.376485e+00  -8.662502e-01  1.767607e+00  
   4.9774299  -1.251721e+00  1.332207e+00  -1.251938e+00  1.331887e+00  -8.548458e-01  1.730400e+00  
   4.9984298  -1.219286e+00  1.291683e+00  -1.219510e+00  1.291320e+00  -8.418534e-01  1.695123e+00  
