w Re-xx Im-xx Re-yy Im-yy Re-zz Im-zz
# Gaussian absolute broadening  0.15 [eV]
   0.0000000  7.678540e-01  8.817457e-05  7.678607e-01  8.817471e-05  7.291522e-01  8.025723e-05  
   0.0200000  7.679539e-01  9.436916e-05  7.679604e-01  9.436934e-05  7.292429e-01  8.589488e-05  
   0.0410000  7.680726e-01  1.014282e-04  7.680788e-01  1.014285e-04  7.293506e-01  9.231899e-05  
   0.0620000  7.682073e-01  1.090916e-04  7.682139e-01  1.090919e-04  7.294738e-01  9.929283e-05  
   0.0830000  7.683606e-01  1.173932e-04  7.683673e-01  1.173936e-04  7.296134e-01  1.068471e-04  
   0.1040000  7.685347e-01  1.263623e-04  7.685413e-01  1.263630e-04  7.297717e-01  1.150085e-04  
   0.1240000  7.687212e-01  1.355462e-04  7.687278e-01  1.355471e-04  7.299413e-01  1.233649e-04  
   0.1450000  7.689414e-01  1.458784e-04  7.689480e-01  1.458796e-04  7.301416e-01  1.327657e-04  
   0.1660000  7.691884e-01  1.569229e-04  7.691951e-01  1.569245e-04  7.303667e-01  1.428138e-04  
   0.1870000  7.694649e-01  1.686762e-04  7.694713e-01  1.686782e-04  7.306182e-01  1.535062e-04  
   0.2080000  7.697724e-01  1.811236e-04  7.697789e-01  1.811262e-04  7.308980e-01  1.648295e-04  
   0.2290000  7.701126e-01  1.942402e-04  7.701192e-01  1.942434e-04  7.312078e-01  1.767605e-04  
   0.2490000  7.704688e-01  2.073219e-04  7.704755e-01  2.073260e-04  7.315319e-01  1.886589e-04  
   0.2700000  7.708778e-01  2.216352e-04  7.708846e-01  2.216402e-04  7.319041e-01  2.016764e-04  
   0.2910000  7.713237e-01  2.364908e-04  7.713304e-01  2.364969e-04  7.323096e-01  2.151859e-04  
   0.3120000  7.718070e-01  2.518353e-04  7.718138e-01  2.518426e-04  7.327495e-01  2.291386e-04  
   0.3330000  7.723284e-01  2.676133e-04  7.723352e-01  2.676220e-04  7.332239e-01  2.434842e-04  
   0.3540000  7.728882e-01  2.837720e-04  7.728952e-01  2.837820e-04  7.337332e-01  2.581739e-04  
   0.3740000  7.734572e-01  2.994694e-04  7.734639e-01  2.994809e-04  7.342508e-01  2.724428e-04  
   0.3950000  7.740919e-01  3.162328e-04  7.740986e-01  3.162457e-04  7.348284e-01  2.876786e-04  
   0.4160000  7.747650e-01  3.332467e-04  7.747718e-01  3.332611e-04  7.354406e-01  3.031398e-04  
   0.4374300  7.754918e-01  3.508354e-04  7.754986e-01  3.508512e-04  7.361017e-01  3.191211e-04  
   0.4574300  7.762059e-01  3.674342e-04  7.762126e-01  3.674512e-04  7.367512e-01  3.342004e-04  
   0.4784300  7.769927e-01  3.850368e-04  7.769994e-01  3.850549e-04  7.374668e-01  3.501890e-04  
   0.4994300  7.778176e-01  4.028057e-04  7.778245e-01  4.028248e-04  7.382168e-01  3.663259e-04  
   0.5204300  7.786807e-01  4.207337e-04  7.786877e-01  4.207536e-04  7.390019e-01  3.826043e-04  
   0.5414300  7.795820e-01  4.388174e-04  7.795892e-01  4.388378e-04  7.398217e-01  3.990211e-04  
   0.5614300  7.804765e-01  4.561845e-04  7.804837e-01  4.562052e-04  7.406350e-01  4.147845e-04  
   0.5824300  7.814537e-01  4.745736e-04  7.814608e-01  4.745947e-04  7.415233e-01  4.314721e-04  
   0.6034300  7.824693e-01  4.931229e-04  7.824764e-01  4.931441e-04  7.424468e-01  4.483022e-04  
   0.6244300  7.835245e-01  5.118384e-04  7.835318e-01  5.118597e-04  7.434059e-01  4.652793e-04  
   0.6454300  7.846194e-01  5.307252e-04  7.846265e-01  5.307465e-04  7.444013e-01  4.824082e-04  
   0.6664300  7.857541e-01  5.497891e-04  7.857615e-01  5.498106e-04  7.454327e-01  4.996941e-04  
   0.6864300  7.868722e-01  5.681159e-04  7.868795e-01  5.681377e-04  7.464488e-01  5.163081e-04  
   0.7074300  7.880858e-01  5.875456e-04  7.880934e-01  5.875676e-04  7.475517e-01  5.339180e-04  
   0.7284300  7.893404e-01  6.071725e-04  7.893479e-01  6.071952e-04  7.486916e-01  5.517029e-04  
   0.7494300  7.906365e-01  6.270053e-04  7.906443e-01  6.270286e-04  7.498696e-01  5.696694e-04  
   0.7704300  7.919743e-01  6.470504e-04  7.919819e-01  6.470747e-04  7.510850e-01  5.878244e-04  
   0.7914300  7.933548e-01  6.673168e-04  7.933625e-01  6.673425e-04  7.523390e-01  6.061748e-04  
   0.8114300  7.947087e-01  6.868308e-04  7.947163e-01  6.868578e-04  7.535687e-01  6.238398e-04  
   0.8324300  7.961727e-01  7.075525e-04  7.961806e-01  7.075814e-04  7.548983e-01  6.425933e-04  
   0.8540300  7.977243e-01  7.291241e-04  7.977322e-01  7.291549e-04  7.563077e-01  6.621103e-04  
   0.8740300  7.992026e-01  7.493384e-04  7.992107e-01  7.493715e-04  7.576502e-01  6.803952e-04  
   0.8950300  8.007987e-01  7.708234e-04  8.008068e-01  7.708587e-04  7.590990e-01  6.998236e-04  
   0.9160300  8.024399e-01  7.925839e-04  8.024482e-01  7.926216e-04  7.605893e-01  7.194956e-04  
   0.9370300  8.041272e-01  8.146301e-04  8.041354e-01  8.146703e-04  7.621210e-01  7.394208e-04  
   0.9580300  8.058609e-01  8.369732e-04  8.058694e-01  8.370158e-04  7.636943e-01  7.596082e-04  
   0.9780300  8.075566e-01  8.585389e-04  8.075650e-01  8.585837e-04  7.652331e-01  7.790882e-04  
   0.9990300  8.093835e-01  8.814941e-04  8.093919e-01  8.815408e-04  7.668909e-01  7.998170e-04  
   1.0200300  8.112587e-01  9.047796e-04  8.112675e-01  9.048282e-04  7.685925e-01  8.208379e-04  
   1.0410300  8.131838e-01  9.284075e-04  8.131924e-01  9.284582e-04  7.703386e-01  8.421621e-04  
   1.0620300  8.151590e-01  9.523897e-04  8.151679e-01  9.524418e-04  7.721303e-01  8.637996e-04  
   1.0830300  8.171848e-01  9.767392e-04  8.171937e-01  9.767922e-04  7.739674e-01  8.857617e-04  
   1.1030300  8.191621e-01  1.000282e-03  8.191712e-01  1.000336e-03  7.757604e-01  9.069897e-04  
   1.1240300  8.212895e-01  1.025384e-03  8.212985e-01  1.025439e-03  7.776891e-01  9.296182e-04  
   1.1450300  8.234696e-01  1.050893e-03  8.234788e-01  1.050948e-03  7.796657e-01  9.526053e-04  
   1.1660300  8.257042e-01  1.076821e-03  8.257136e-01  1.076876e-03  7.816912e-01  9.759635e-04  
   1.1870300  8.279936e-01  1.103183e-03  8.280029e-01  1.103239e-03  7.837657e-01  9.997063e-04  
   1.2080300  8.303384e-01  1.129995e-03  8.303480e-01  1.130051e-03  7.858907e-01  1.023847e-03  
   1.2280300  8.326243e-01  1.155963e-03  8.326339e-01  1.156018e-03  7.879614e-01  1.047220e-03  
   1.2490300  8.350804e-01  1.183698e-03  8.350903e-01  1.183754e-03  7.901866e-01  1.072178e-03  
   1.2706300  8.376687e-01  1.212748e-03  8.376785e-01  1.212804e-03  7.925305e-01  1.098310e-03  
   1.2906300  8.401210e-01  1.240132e-03  8.401311e-01  1.240189e-03  7.947513e-01  1.122940e-03  
   1.3116300  8.427559e-01  1.269410e-03  8.427660e-01  1.269467e-03  7.971371e-01  1.149265e-03  
   1.3326300  8.454523e-01  1.299244e-03  8.454624e-01  1.299301e-03  7.995780e-01  1.176083e-03  
   1.3536299  8.482118e-01  1.329654e-03  8.482224e-01  1.329712e-03  8.020755e-01  1.203415e-03  
   1.3746300  8.510362e-01  1.360662e-03  8.510469e-01  1.360722e-03  8.046315e-01  1.231281e-03  
   1.3946300  8.537872e-01  1.390771e-03  8.537979e-01  1.390833e-03  8.071210e-01  1.258337e-03  
   1.4156300  8.567413e-01  1.423015e-03  8.567523e-01  1.423079e-03  8.097934e-01  1.287309e-03  
   1.4366300  8.597640e-01  1.455927e-03  8.597752e-01  1.455993e-03  8.125278e-01  1.316885e-03  
   1.4576300  8.628567e-01  1.489534e-03  8.628678e-01  1.489601e-03  8.153249e-01  1.347091e-03  
   1.4786299  8.660212e-01  1.523861e-03  8.660326e-01  1.523932e-03  8.181862e-01  1.377959e-03  
   1.4996300  8.692586e-01  1.558937e-03  8.692703e-01  1.559010e-03  8.211130e-01  1.409523e-03  
   1.5196300  8.724105e-01  1.593064e-03  8.724223e-01  1.593141e-03  8.239626e-01  1.440265e-03  
   1.5406300  8.757948e-01  1.629688e-03  8.758067e-01  1.629768e-03  8.270212e-01  1.473303e-03  
   1.5616300  8.792568e-01  1.667151e-03  8.792692e-01  1.667236e-03  8.301499e-01  1.507169e-03  
   1.5826300  8.827983e-01  1.705490e-03  8.828108e-01  1.705579e-03  8.333500e-01  1.541921e-03  
   1.6036299  8.864211e-01  1.744741e-03  8.864337e-01  1.744835e-03  8.366230e-01  1.577627e-03  
   1.6246300  8.901272e-01  1.784948e-03  8.901402e-01  1.785046e-03  8.399709e-01  1.614367e-03  
   1.6446300  8.937355e-01  1.824164e-03  8.937482e-01  1.824268e-03  8.432301e-01  1.650397e-03  
   1.6656300  8.976094e-01  1.866361e-03  8.976225e-01  1.866469e-03  8.467284e-01  1.689416e-03  
   1.6872300  9.016879e-01  1.910908e-03  9.017012e-01  1.911022e-03  8.504111e-01  1.730934e-03  
   1.7072300  9.055500e-01  1.953242e-03  9.055638e-01  1.953361e-03  8.538983e-01  1.770738e-03  
   1.7282300  9.096974e-01  1.998880e-03  9.097114e-01  1.999005e-03  8.576423e-01  1.814067e-03  
   1.7492300  9.139410e-01  2.045801e-03  9.139551e-01  2.045931e-03  8.614726e-01  1.859101e-03  
   1.7702301  9.182835e-01  2.094080e-03  9.182979e-01  2.094215e-03  8.653917e-01  1.905983e-03  
   1.7912300  9.227282e-01  2.143798e-03  9.227428e-01  2.143937e-03  8.694023e-01  1.954865e-03  
   1.8112299  9.270588e-01  2.192570e-03  9.270734e-01  2.192714e-03  8.733091e-01  2.003426e-03  
   1.8322300  9.317107e-01  2.245366e-03  9.317259e-01  2.245516e-03  8.775053e-01  2.056691e-03  
   1.8532300  9.364730e-01  2.299890e-03  9.364886e-01  2.300046e-03  8.818004e-01  2.112475e-03  
   1.8742300  9.413493e-01  2.356260e-03  9.413651e-01  2.356419e-03  8.861977e-01  2.170994e-03  
   1.8952301  9.463431e-01  2.414597e-03  9.463590e-01  2.414762e-03  8.906997e-01  2.232491e-03  
   1.9162300  9.514577e-01  2.475036e-03  9.514741e-01  2.475205e-03  8.953097e-01  2.297250e-03  
   1.9362299  9.564433e-01  2.534681e-03  9.564601e-01  2.534857e-03  8.998033e-01  2.362254e-03  
   1.9572300  9.618034e-01  2.599651e-03  9.618202e-01  2.599831e-03  9.046328e-01  2.434358e-03  
   1.9782300  9.672951e-01  2.667182e-03  9.673123e-01  2.667368e-03  9.095801e-01  2.510822e-03  
   1.9992300  9.729223e-01  2.737455e-03  9.729399e-01  2.737647e-03  9.146482e-01  2.592112e-03  
   2.0202301  9.786897e-01  2.810664e-03  9.787081e-01  2.810862e-03  9.198418e-01  2.678750e-03  
   2.0412300  9.846020e-01  2.887017e-03  9.846203e-01  2.887223e-03  9.251637e-01  2.771296e-03  
   2.0612299  9.903706e-01  2.962869e-03  9.903894e-01  2.963084e-03  9.303561e-01  2.865492e-03  
   2.0822301  9.965781e-01  3.046050e-03  9.965976e-01  3.046273e-03  9.359419e-01  2.971393e-03  
   2.1038301  1.003131e+00  3.135672e-03  1.003151e+00  3.135908e-03  9.418358e-01  3.088537e-03  
   2.1238301  1.009353e+00  3.222624e-03  1.009373e+00  3.222871e-03  9.474316e-01  3.205164e-03  
   2.1448300  1.016054e+00  3.318364e-03  1.016074e+00  3.318625e-03  9.534558e-01  3.336890e-03  
   2.1658299  1.022932e+00  3.419033e-03  1.022953e+00  3.419309e-03  9.596369e-01  3.479026e-03  
   2.1868300  1.029995e+00  3.525065e-03  1.030016e+00  3.525357e-03  9.659813e-01  3.632594e-03  
   2.2078300  1.037248e+00  3.636932e-03  1.037270e+00  3.637242e-03  9.724942e-01  3.798693e-03  
   2.2278299  1.044342e+00  3.749380e-03  1.044365e+00  3.749709e-03  9.788599e-01  3.969619e-03  
   2.2488301  1.051991e+00  3.874201e-03  1.052015e+00  3.874553e-03  9.857205e-01  4.163660e-03  
   2.2698300  1.059856e+00  4.006548e-03  1.059880e+00  4.006922e-03  9.927680e-01  4.373882e-03  
   2.2908299  1.067944e+00  4.147085e-03  1.067968e+00  4.147484e-03  1.000010e+00  4.601575e-03  
   2.3118300  1.076265e+00  4.296518e-03  1.076290e+00  4.296944e-03  1.007452e+00  4.847997e-03  
   2.3328300  1.084828e+00  4.455597e-03  1.084854e+00  4.456050e-03  1.015102e+00  5.114346e-03  
   2.3528299  1.093219e+00  4.616799e-03  1.093245e+00  4.617279e-03  1.022588e+00  5.387556e-03  
   2.3738301  1.102286e+00  4.797056e-03  1.102313e+00  4.797569e-03  1.030664e+00  5.695939e-03  
   2.3948300  1.111628e+00  4.989473e-03  1.111656e+00  4.990015e-03  1.038972e+00  6.027280e-03  
   2.4158299  1.121259e+00  5.195019e-03  1.121287e+00  5.195597e-03  1.047519e+00  6.382457e-03  
   2.4368300  1.131190e+00  5.414767e-03  1.131220e+00  5.415379e-03  1.056316e+00  6.762318e-03  
   2.4578300  1.141439e+00  5.649881e-03  1.141469e+00  5.650530e-03  1.065373e+00  7.167720e-03  
   2.4778299  1.151507e+00  5.889277e-03  1.151538e+00  5.889965e-03  1.074250e+00  7.578421e-03  
   2.4988301  1.162419e+00  6.158298e-03  1.162451e+00  6.159025e-03  1.083849e+00  8.036508e-03  
   2.5204301  1.174027e+00  6.455570e-03  1.174060e+00  6.456340e-03  1.094033e+00  8.537672e-03  
   2.5404301  1.185141e+00  6.751157e-03  1.185175e+00  6.751969e-03  1.103759e+00  9.030174e-03  
   2.5614300  1.197212e+00  7.084628e-03  1.197246e+00  7.085487e-03  1.114293e+00  9.578448e-03  
   2.5824299  1.209716e+00  7.444171e-03  1.209752e+00  7.445080e-03  1.125175e+00  1.016058e-02  
   2.6034300  1.222684e+00  7.832656e-03  1.222721e+00  7.833616e-03  1.136427e+00  1.077894e-02  
   2.6244299  1.236144e+00  8.253466e-03  1.236182e+00  8.254487e-03  1.148071e+00  1.143622e-02  
   2.6444299  1.249452e+00  8.688070e-03  1.249492e+00  8.689145e-03  1.159548e+00  1.210131e-02  
   2.6654301  1.263975e+00  9.184835e-03  1.264016e+00  9.185983e-03  1.172032e+00  1.284438e-02  
   2.6864300  1.279102e+00  9.729430e-03  1.279145e+00  9.730654e-03  1.184991e+00  1.363776e-02  
   2.7074299  1.294882e+00  1.033035e-02  1.294927e+00  1.033166e-02  1.198461e+00  1.448729e-02  
   2.7284300  1.311369e+00  1.099891e-02  1.311415e+00  1.100033e-02  1.212480e+00  1.540041e-02  
   2.7494299  1.328621e+00  1.175036e-02  1.328669e+00  1.175189e-02  1.227094e+00  1.638689e-02  
   2.7694299  1.345828e+00  1.256197e-02  1.345877e+00  1.256364e-02  1.241608e+00  1.740646e-02  
   2.7904301  1.364783e+00  1.354179e-02  1.364835e+00  1.354364e-02  1.257530e+00  1.857765e-02  
   2.8114300  1.384734e+00  1.468950e-02  1.384789e+00  1.469157e-02  1.274211e+00  1.987442e-02  
   2.8324299  1.405778e+00  1.605574e-02  1.405835e+00  1.605811e-02  1.291720e+00  2.132697e-02  
   2.8534300  1.428019e+00  1.770793e-02  1.428080e+00  1.771070e-02  1.310133e+00  2.297493e-02  
   2.8744299  1.451573e+00  1.973457e-02  1.451636e+00  1.973785e-02  1.329535e+00  2.486973e-02  
   2.8944299  1.475335e+00  2.211731e-02  1.475402e+00  2.212124e-02  1.349012e+00  2.696412e-02  
   2.9154301  1.501798e+00  2.523361e-02  1.501869e+00  2.523843e-02  1.370606e+00  2.954777e-02  
   2.9370301  1.530761e+00  2.928289e-02  1.530836e+00  2.928896e-02  1.394142e+00  3.272475e-02  
   2.9570301  1.559256e+00  3.400204e-02  1.559336e+00  3.400959e-02  1.417227e+00  3.625746e-02  
   2.9780300  1.590999e+00  4.021674e-02  1.591083e+00  4.022633e-02  1.442897e+00  4.073211e-02  
   2.9990301  1.624665e+00  4.802553e-02  1.624755e+00  4.803774e-02  1.470125e+00  4.617892e-02  
   3.0200300  1.660268e+00  5.777941e-02  1.660364e+00  5.779488e-02  1.498987e+00  5.282464e-02  
   3.0410299  1.697763e+00  6.986743e-02  1.697865e+00  6.988694e-02  1.529538e+00  6.093480e-02  
   3.0610299  1.735123e+00  8.393142e-02  1.735230e+00  8.395556e-02  1.560222e+00  7.029860e-02  
   3.0820301  1.775886e+00  1.017917e-01  1.776000e+00  1.018215e-01  1.594087e+00  8.218013e-02  
   3.1030300  1.817929e+00  1.232390e-01  1.818050e+00  1.232756e-01  1.629560e+00  9.652839e-02  
   3.1240301  1.860856e+00  1.486723e-01  1.860982e+00  1.487164e-01  1.666492e+00  1.137406e-01  
   3.1450300  1.904164e+00  1.784351e-01  1.904295e+00  1.784876e-01  1.704647e+00  1.342240e-01  
   3.1660299  1.947266e+00  2.127906e-01  1.947401e+00  2.128520e-01  1.743702e+00  1.583795e-01  
   3.1860299  1.987513e+00  2.499233e-01  1.987652e+00  2.499938e-01  1.781341e+00  1.851391e-01  
   3.2070301  2.028245e+00  2.935739e-01  2.028386e+00  2.936542e-01  1.820826e+00  2.174846e-01  
   3.2280300  2.066688e+00  3.418836e-01  2.066829e+00  3.419736e-01  1.859661e+00  2.544140e-01  
   3.2490301  2.102124e+00  3.945845e-01  2.102265e+00  3.946839e-01  1.897146e+00  2.960560e-01  
   3.2700300  2.133890e+00  4.512538e-01  2.134028e+00  4.513621e-01  1.932516e+00  3.424020e-01  
   3.2910299  2.161417e+00  5.113322e-01  2.161551e+00  5.114486e-01  1.964977e+00  3.932871e-01  
   3.3110299  2.183284e+00  5.711040e-01  2.183414e+00  5.712268e-01  1.992468e+00  4.456638e-01  
   3.3320301  2.201398e+00  6.358229e-01  2.201523e+00  6.359513e-01  2.017025e+00  5.042844e-01  
   3.3536301  2.214725e+00  7.036619e-01  2.214841e+00  7.037948e-01  2.037010e+00  5.677558e-01  
   3.3736300  2.222306e+00  7.668846e-01  2.222414e+00  7.670206e-01  2.050262e+00  6.286315e-01  
   3.3946300  2.225544e+00  8.329710e-01  2.225644e+00  8.331091e-01  2.058409e+00  6.938259e-01  
   3.4156301  2.224288e+00  8.981068e-01  2.224377e+00  8.982459e-01  2.060516e+00  7.593377e-01  
   3.4366300  2.218994e+00  9.617491e-01  2.219071e+00  9.618890e-01  2.056662e+00  8.241377e-01  
   3.4576299  2.210190e+00  1.023494e+00  2.210257e+00  1.023634e+00  2.047160e+00  8.872312e-01  
   3.4776299  2.199054e+00  1.080294e+00  2.199109e+00  1.080434e+00  2.033339e+00  9.449027e-01  
   3.4986300  2.184994e+00  1.137705e+00  2.185036e+00  1.137847e+00  2.014496e+00  1.002176e+00  
   3.5196300  2.169000e+00  1.192825e+00  2.169029e+00  1.192968e+00  1.992059e+00  1.055506e+00  
   3.5406301  2.151497e+00  1.245736e+00  2.151514e+00  1.245880e+00  1.966972e+00  1.104510e+00  
   3.5616300  2.132819e+00  1.296576e+00  2.132822e+00  1.296722e+00  1.940214e+00  1.149031e+00  
   3.5826299  2.113201e+00  1.345510e+00  2.113190e+00  1.345660e+00  1.912731e+00  1.189140e+00  
   3.6026299  2.093781e+00  1.390484e+00  2.093757e+00  1.390637e+00  1.886668e+00  1.223487e+00  
   3.6236300  2.072694e+00  1.436108e+00  2.072657e+00  1.436264e+00  1.860105e+00  1.255927e+00  
   3.6446300  2.050931e+00  1.480158e+00  2.050882e+00  1.480318e+00  1.834903e+00  1.285205e+00  
   3.6656301  2.028513e+00  1.522642e+00  2.028454e+00  1.522806e+00  1.811409e+00  1.311946e+00  
   3.6866300  2.005484e+00  1.563511e+00  2.005414e+00  1.563679e+00  1.789782e+00  1.336781e+00  
   3.7076299  1.981925e+00  1.602677e+00  1.981848e+00  1.602847e+00  1.770003e+00  1.360299e+00  
   3.7276299  1.959133e+00  1.638300e+00  1.959051e+00  1.638473e+00  1.752743e+00  1.381931e+00  
   3.7486300  1.935047e+00  1.673858e+00  1.934961e+00  1.674032e+00  1.736042e+00  1.404211e+00  
   3.7702301  1.910424e+00  1.708411e+00  1.910338e+00  1.708587e+00  1.720090e+00  1.426929e+00  
   3.7902300  1.888112e+00  1.738608e+00  1.888027e+00  1.738784e+00  1.706178e+00  1.447912e+00  
   3.8112299  1.865604e+00  1.768586e+00  1.865523e+00  1.768763e+00  1.692255e+00  1.469921e+00  
   3.8322301  1.844486e+00  1.797049e+00  1.844410e+00  1.797225e+00  1.678924e+00  1.491870e+00  
   3.8532300  1.825201e+00  1.824387e+00  1.825133e+00  1.824564e+00  1.666187e+00  1.513695e+00  
   3.8742299  1.808158e+00  1.851139e+00  1.808098e+00  1.851315e+00  1.654166e+00  1.535349e+00  
   3.8942299  1.794306e+00  1.876680e+00  1.794255e+00  1.876857e+00  1.643595e+00  1.555825e+00  
   3.9152300  1.782456e+00  1.904314e+00  1.782414e+00  1.904492e+00  1.633717e+00  1.577271e+00  
   3.9362299  1.773424e+00  1.933640e+00  1.773391e+00  1.933819e+00  1.625449e+00  1.598888e+00  
   3.9572301  1.767089e+00  1.965585e+00  1.767063e+00  1.965767e+00  1.619157e+00  1.621044e+00  
   3.9782300  1.763128e+00  2.001087e+00  1.763109e+00  2.001274e+00  1.615166e+00  1.644248e+00  
   3.9992299  1.761006e+00  2.041057e+00  1.760991e+00  2.041249e+00  1.613707e+00  1.669149e+00  
   4.0192299  1.760011e+00  2.084037e+00  1.759999e+00  2.084236e+00  1.614760e+00  1.695137e+00  
   4.0402298  1.759134e+00  2.135002e+00  1.759120e+00  2.135208e+00  1.618348e+00  1.725626e+00  
   4.0612302  1.757316e+00  2.192468e+00  1.757298e+00  2.192683e+00  1.624186e+00  1.760279e+00  
   4.0822301  1.753279e+00  2.256757e+00  1.753254e+00  2.256980e+00  1.631736e+00  1.799990e+00  
   4.1032300  1.745634e+00  2.327942e+00  1.745597e+00  2.328174e+00  1.640196e+00  1.845607e+00  
   4.1242299  1.732932e+00  2.405828e+00  1.732881e+00  2.406069e+00  1.648509e+00  1.897862e+00  
   4.1442299  1.714803e+00  2.485809e+00  1.714735e+00  2.486056e+00  1.655087e+00  1.954319e+00  
   4.1652298  1.688085e+00  2.575166e+00  1.687997e+00  2.575417e+00  1.659120e+00  2.020939e+00  
   4.1868300  1.651046e+00  2.671781e+00  1.650934e+00  2.672036e+00  1.658430e+00  2.097354e+00  
   4.2068300  1.607038e+00  2.764330e+00  1.606901e+00  2.764582e+00  1.651715e+00  2.174961e+00  
   4.2278299  1.549860e+00  2.863296e+00  1.549696e+00  2.863543e+00  1.636584e+00  2.262881e+00  
   4.2488298  1.480749e+00  2.962503e+00  1.480558e+00  2.962741e+00  1.611421e+00  2.356326e+00  
   4.2698302  1.399260e+00  3.060209e+00  1.399040e+00  3.060435e+00  1.574607e+00  2.453821e+00  
   4.2908301  1.305233e+00  3.154585e+00  1.304986e+00  3.154794e+00  1.524801e+00  2.553502e+00  
   4.3108301  1.204147e+00  3.239669e+00  1.203873e+00  3.239859e+00  1.464400e+00  2.648480e+00  
   4.3318300  1.086294e+00  3.322185e+00  1.085994e+00  3.322354e+00  1.386873e+00  2.745928e+00  
   4.3528299  9.571364e-01  3.395938e+00  9.568111e-01  3.396081e+00  1.294910e+00  2.838519e+00  
   4.3738298  8.176547e-01  3.459208e+00  8.173057e-01  3.459327e+00  1.189092e+00  2.923670e+00  
   4.3948302  6.690854e-01  3.510411e+00  6.687149e-01  3.510501e+00  1.070566e+00  2.998906e+00  
   4.4158301  5.129194e-01  3.548122e+00  5.125287e-01  3.548184e+00  9.410290e-01  3.061981e+00  
   4.4358301  3.586784e-01  3.570382e+00  3.582709e-01  3.570415e+00  8.093913e-01  3.109029e+00  
   4.4568300  1.927551e-01  3.578474e+00  1.923321e-01  3.578475e+00  6.649072e-01  3.143375e+00  
   4.4778299  2.478043e-02  3.570215e+00  2.434482e-02  3.570186e+00  5.167152e-01  3.161413e+00  
   4.4988298  -1.430733e-01  3.545210e+00  -1.435188e-01  3.545147e+00  3.676676e-01  3.162803e+00  
   4.5198302  -3.085572e-01  3.503397e+00  -3.090090e-01  3.503299e+00  2.205680e-01  3.147783e+00  
   4.5408301  -4.693820e-01  3.445091e+00  -4.698365e-01  3.444957e+00  7.804974e-02  3.117134e+00  
   4.5608301  -6.161621e-01  3.374861e+00  -6.166148e-01  3.374691e+00  -5.129180e-02  3.074562e+00  
   4.5818300  -7.615072e-01  3.286723e+00  -7.619534e-01  3.286516e+00  -1.785159e-01  3.017386e+00  
   4.6034298  -8.995793e-01  3.182202e+00  -9.000126e-01  3.181956e+00  -2.986351e-01  2.947237e+00  
   4.6234298  -1.015477e+00  3.074589e+00  -1.015892e+00  3.074306e+00  -3.991631e-01  2.873998e+00  
   4.6444302  -1.123448e+00  2.952439e+00  -1.123839e+00  2.952119e+00  -4.930758e-01  2.790612e+00  
   4.6654301  -1.216368e+00  2.823234e+00  -1.216728e+00  2.822881e+00  -5.748906e-01  2.702675e+00  
   4.6864300  -1.293671e+00  2.689474e+00  -1.293993e+00  2.689092e+00  -6.448029e-01  2.612186e+00  
   4.7074299  -1.355255e+00  2.553700e+00  -1.355533e+00  2.553293e+00  -7.033088e-01  2.520963e+00  
   4.7274299  -1.399620e+00  2.424778e+00  -1.399850e+00  2.424354e+00  -7.490856e-01  2.434851e+00  
   4.7484298  -1.431948e+00  2.292023e+00  -1.432126e+00  2.291589e+00  -7.875559e-01  2.346518e+00  
   4.7694302  -1.450801e+00  2.163940e+00  -1.450923e+00  2.163504e+00  -8.171571e-01  2.261377e+00  
   4.7904301  -1.457603e+00  2.042226e+00  -1.457668e+00  2.041796e+00  -8.389013e-01  2.180249e+00  
   4.8114300  -1.453969e+00  1.928186e+00  -1.453975e+00  1.927771e+00  -8.537993e-01  2.103716e+00  
   4.8324299  -1.441604e+00  1.822731e+00  -1.441555e+00  1.822339e+00  -8.628252e-01  2.032150e+00  
   4.8524299  -1.423276e+00  1.730762e+00  -1.423176e+00  1.730400e+00  -8.667979e-01  1.968782e+00  
   4.8734298  -1.398716e+00  1.643262e+00  -1.398567e+00  1.642937e+00  -8.669209e-01  1.907315e+00  
   4.8944302  -1.370187e+00  1.564941e+00  -1.369993e+00  1.564660e+00  -8.636434e-01  1.850964e+00  
   4.9154301  -1.339012e+00  1.495460e+00  -1.338780e+00  1.495229e+00  -8.576385e-01  1.799560e+00  
   4.9364300  -1.306321e+00  1.434299e+00  -1.306056e+00  1.434121e+00  -8.494949e-01  1.752862e+00  
   4.9574299  -1.273041e+00  1.380822e+00  -1.272750e+00  1.380701e+00  -8.397197e-01  1.710586e+00  
   4.9774299  -1.241474e+00  1.336396e+00  -1.241164e+00  1.336331e+00  -8.292888e-01  1.674149e+00  
   4.9984298  -1.209004e+00  1.295883e+00  -1.208680e+00  1.295877e+00  -8.175078e-01  1.639594e+00  
