w Re-xx Im-xx Re-yy Im-yy Re-zz Im-zz
# Gaussian absolute broadening  0.15 [eV]
   0.0000000  7.674120e-01  8.809927e-05  7.674362e-01  8.810026e-05  7.272583e-01  7.954604e-05  
   0.0200000  7.675115e-01  9.428801e-05  7.675357e-01  9.428921e-05  7.273481e-01  8.513183e-05  
   0.0410000  7.676302e-01  1.013403e-04  7.676543e-01  1.013418e-04  7.274553e-01  9.149680e-05  
   0.0620000  7.677650e-01  1.089963e-04  7.677892e-01  1.089982e-04  7.275768e-01  9.840641e-05  
   0.0830000  7.679181e-01  1.172898e-04  7.679422e-01  1.172921e-04  7.277154e-01  1.058910e-04  
   0.1040000  7.680919e-01  1.262502e-04  7.681159e-01  1.262529e-04  7.278723e-01  1.139771e-04  
   0.1240000  7.682783e-01  1.354251e-04  7.683025e-01  1.354283e-04  7.280402e-01  1.222563e-04  
   0.1450000  7.684983e-01  1.457469e-04  7.685226e-01  1.457508e-04  7.282391e-01  1.315700e-04  
   0.1660000  7.687451e-01  1.567803e-04  7.687695e-01  1.567848e-04  7.284617e-01  1.415252e-04  
   0.1870000  7.690212e-01  1.685217e-04  7.690452e-01  1.685270e-04  7.287111e-01  1.521184e-04  
   0.2080000  7.693285e-01  1.809565e-04  7.693526e-01  1.809627e-04  7.289883e-01  1.633365e-04  
   0.2290000  7.696685e-01  1.940596e-04  7.696927e-01  1.940667e-04  7.292953e-01  1.751564e-04  
   0.2490000  7.700243e-01  2.071281e-04  7.700486e-01  2.071361e-04  7.296165e-01  1.869439e-04  
   0.2700000  7.704329e-01  2.214267e-04  7.704571e-01  2.214357e-04  7.299852e-01  1.998397e-04  
   0.2910000  7.708782e-01  2.362672e-04  7.709025e-01  2.362772e-04  7.303872e-01  2.132226e-04  
   0.3120000  7.713612e-01  2.515959e-04  7.713855e-01  2.516070e-04  7.308231e-01  2.270439e-04  
   0.3330000  7.718821e-01  2.673580e-04  7.719063e-01  2.673702e-04  7.312931e-01  2.412538e-04  
   0.3540000  7.724412e-01  2.835003e-04  7.724658e-01  2.835135e-04  7.317977e-01  2.558042e-04  
   0.3740000  7.730095e-01  2.991818e-04  7.730343e-01  2.991960e-04  7.323107e-01  2.699367e-04  
   0.3950000  7.736437e-01  3.159282e-04  7.736683e-01  3.159432e-04  7.328826e-01  2.850261e-04  
   0.4160000  7.743162e-01  3.329249e-04  7.743407e-01  3.329408e-04  7.334893e-01  3.003378e-04  
   0.4374300  7.750422e-01  3.504958e-04  7.750669e-01  3.505124e-04  7.341446e-01  3.161634e-04  
   0.4574300  7.757555e-01  3.670777e-04  7.757799e-01  3.670948e-04  7.347878e-01  3.310948e-04  
   0.4784300  7.765416e-01  3.846622e-04  7.765662e-01  3.846798e-04  7.354969e-01  3.469252e-04  
   0.4994300  7.773657e-01  4.024128e-04  7.773904e-01  4.024307e-04  7.362401e-01  3.629010e-04  
   0.5204300  7.782281e-01  4.203222e-04  7.782529e-01  4.203404e-04  7.370176e-01  3.790154e-04  
   0.5414300  7.791284e-01  4.383868e-04  7.791533e-01  4.384052e-04  7.378294e-01  3.952650e-04  
   0.5614300  7.800221e-01  4.557356e-04  7.800468e-01  4.557539e-04  7.386355e-01  4.108663e-04  
   0.5824300  7.809982e-01  4.741050e-04  7.810230e-01  4.741233e-04  7.395152e-01  4.273806e-04  
   0.6034300  7.820128e-01  4.926348e-04  7.820376e-01  4.926529e-04  7.404298e-01  4.440339e-04  
   0.6244300  7.830667e-01  5.113299e-04  7.830920e-01  5.113478e-04  7.413801e-01  4.608303e-04  
   0.6454300  7.841606e-01  5.301958e-04  7.841856e-01  5.302138e-04  7.423658e-01  4.777750e-04  
   0.6664300  7.852945e-01  5.492388e-04  7.853196e-01  5.492567e-04  7.433873e-01  4.948728e-04  
   0.6864300  7.864109e-01  5.675451e-04  7.864364e-01  5.675629e-04  7.443934e-01  5.113038e-04  
   0.7074300  7.876236e-01  5.869530e-04  7.876489e-01  5.869711e-04  7.454858e-01  5.287171e-04  
   0.7284300  7.888768e-01  6.065582e-04  7.889022e-01  6.065763e-04  7.466146e-01  5.463010e-04  
   0.7494300  7.901716e-01  6.263683e-04  7.901971e-01  6.263866e-04  7.477809e-01  5.640619e-04  
   0.7704300  7.915082e-01  6.463901e-04  7.915338e-01  6.464088e-04  7.489846e-01  5.820065e-04  
   0.7914300  7.928869e-01  6.666332e-04  7.929127e-01  6.666521e-04  7.502259e-01  6.001412e-04  
   0.8114300  7.942396e-01  6.861240e-04  7.942652e-01  6.861436e-04  7.514433e-01  6.175957e-04  
   0.8324300  7.957019e-01  7.068213e-04  7.957278e-01  7.068415e-04  7.527598e-01  6.361229e-04  
   0.8540300  7.972522e-01  7.283670e-04  7.972779e-01  7.283880e-04  7.541548e-01  6.554010e-04  
   0.8740300  7.987288e-01  7.485570e-04  7.987548e-01  7.485788e-04  7.554837e-01  6.734585e-04  
   0.8950300  8.003230e-01  7.700156e-04  8.003492e-01  7.700382e-04  7.569181e-01  6.926422e-04  
   0.9160300  8.019627e-01  7.917489e-04  8.019888e-01  7.917725e-04  7.583926e-01  7.120627e-04  
   0.9370300  8.036481e-01  8.137675e-04  8.036743e-01  8.137922e-04  7.599082e-01  7.317291e-04  
   0.9580300  8.053801e-01  8.360823e-04  8.054063e-01  8.361079e-04  7.614657e-01  7.516507e-04  
   0.9780300  8.070737e-01  8.576199e-04  8.071001e-01  8.576468e-04  7.629880e-01  7.708697e-04  
   0.9990300  8.088984e-01  8.805447e-04  8.089249e-01  8.805731e-04  7.646283e-01  7.913167e-04  
   1.0200300  8.107719e-01  9.037993e-04  8.107988e-01  9.038291e-04  7.663119e-01  8.120476e-04  
   1.0410300  8.126948e-01  9.273945e-04  8.127216e-01  9.274264e-04  7.680395e-01  8.330722e-04  
   1.0620300  8.146678e-01  9.513432e-04  8.146948e-01  9.513771e-04  7.698115e-01  8.544010e-04  
   1.0830300  8.166914e-01  9.756581e-04  8.167183e-01  9.756943e-04  7.716287e-01  8.760442e-04  
   1.1030300  8.186664e-01  9.991659e-04  8.186937e-01  9.992047e-04  7.734019e-01  8.969591e-04  
   1.1240300  8.207912e-01  1.024232e-03  8.208185e-01  1.024273e-03  7.753093e-01  9.192477e-04  
   1.1450300  8.229691e-01  1.049701e-03  8.229964e-01  1.049745e-03  7.772636e-01  9.418837e-04  
   1.1660300  8.252010e-01  1.075589e-03  8.252286e-01  1.075636e-03  7.792663e-01  9.648787e-04  
   1.1870300  8.274876e-01  1.101909e-03  8.275154e-01  1.101960e-03  7.813172e-01  9.882442e-04  
   1.2080300  8.298299e-01  1.128677e-03  8.298576e-01  1.128732e-03  7.834176e-01  1.011994e-03  
   1.2280300  8.321129e-01  1.154601e-03  8.321407e-01  1.154660e-03  7.854646e-01  1.034983e-03  
   1.2490300  8.345664e-01  1.182290e-03  8.345944e-01  1.182353e-03  7.876636e-01  1.059521e-03  
   1.2706300  8.371513e-01  1.211289e-03  8.371796e-01  1.211356e-03  7.899797e-01  1.085206e-03  
   1.2906300  8.396008e-01  1.238625e-03  8.396292e-01  1.238696e-03  7.921740e-01  1.109404e-03  
   1.3116300  8.422322e-01  1.267851e-03  8.422609e-01  1.267926e-03  7.945307e-01  1.135257e-03  
   1.3326300  8.449252e-01  1.297628e-03  8.449541e-01  1.297708e-03  7.969417e-01  1.161583e-03  
   1.3536299  8.476815e-01  1.327981e-03  8.477104e-01  1.328064e-03  7.994087e-01  1.188401e-03  
   1.3746300  8.505022e-01  1.358929e-03  8.505312e-01  1.359016e-03  8.019325e-01  1.215728e-03  
   1.3946300  8.532498e-01  1.388979e-03  8.532791e-01  1.389069e-03  8.043904e-01  1.242245e-03  
   1.4156300  8.562002e-01  1.421156e-03  8.562297e-01  1.421251e-03  8.070284e-01  1.270622e-03  
   1.4366300  8.592188e-01  1.453999e-03  8.592485e-01  1.454097e-03  8.097268e-01  1.299567e-03  
   1.4576300  8.623075e-01  1.487531e-03  8.623374e-01  1.487632e-03  8.124869e-01  1.329103e-03  
   1.4786299  8.654675e-01  1.521779e-03  8.654975e-01  1.521884e-03  8.153102e-01  1.359249e-03  
   1.4996300  8.687004e-01  1.556770e-03  8.687306e-01  1.556878e-03  8.181974e-01  1.390032e-03  
   1.5196300  8.718482e-01  1.590810e-03  8.718786e-01  1.590921e-03  8.210075e-01  1.419962e-03  
   1.5406300  8.752275e-01  1.627333e-03  8.752584e-01  1.627447e-03  8.240236e-01  1.452060e-03  
   1.5616300  8.786846e-01  1.664685e-03  8.787156e-01  1.664802e-03  8.271077e-01  1.484872e-03  
   1.5826300  8.822208e-01  1.702898e-03  8.822520e-01  1.703019e-03  8.302612e-01  1.518430e-03  
   1.6036299  8.858381e-01  1.742006e-03  8.858697e-01  1.742130e-03  8.334860e-01  1.552769e-03  
   1.6246300  8.895388e-01  1.782046e-03  8.895703e-01  1.782173e-03  8.367838e-01  1.587927e-03  
   1.6446300  8.931415e-01  1.821079e-03  8.931732e-01  1.821209e-03  8.399930e-01  1.622211e-03  
   1.6656300  8.970087e-01  1.863047e-03  8.970413e-01  1.863180e-03  8.434370e-01  1.659098e-03  
   1.6872300  9.010804e-01  1.907311e-03  9.011131e-01  1.907448e-03  8.470614e-01  1.698048e-03  
   1.7072300  9.049362e-01  1.949329e-03  9.049687e-01  1.949469e-03  8.504924e-01  1.735084e-03  
   1.7282300  9.090764e-01  1.994565e-03  9.091095e-01  1.994709e-03  8.541748e-01  1.775049e-03  
   1.7492300  9.133125e-01  2.040996e-03  9.133458e-01  2.041143e-03  8.579412e-01  1.816201e-03  
   1.7702301  9.176473e-01  2.088677e-03  9.176807e-01  2.088828e-03  8.617936e-01  1.858636e-03  
   1.7912300  9.220833e-01  2.137668e-03  9.221174e-01  2.137824e-03  8.657344e-01  1.902458e-03  
   1.8112299  9.264058e-01  2.185603e-03  9.264400e-01  2.185762e-03  8.695724e-01  1.945596e-03  
   1.8322300  9.310481e-01  2.237340e-03  9.310827e-01  2.237503e-03  8.736931e-01  1.992485e-03  
   1.8532300  9.358009e-01  2.290586e-03  9.358357e-01  2.290754e-03  8.779100e-01  2.041152e-03  
   1.8742300  9.406672e-01  2.345424e-03  9.407024e-01  2.345596e-03  8.822250e-01  2.091746e-03  
   1.8952301  9.456497e-01  2.401935e-03  9.456854e-01  2.402113e-03  8.866417e-01  2.144435e-03  
   1.9162300  9.507534e-01  2.460212e-03  9.507892e-01  2.460392e-03  8.911624e-01  2.199392e-03  
   1.9362299  9.557278e-01  2.517442e-03  9.557642e-01  2.517628e-03  8.955669e-01  2.254010e-03  
   1.9572300  9.610752e-01  2.579455e-03  9.611120e-01  2.579646e-03  9.002989e-01  2.313948e-03  
   1.9782300  9.665542e-01  2.643549e-03  9.665912e-01  2.643745e-03  9.051445e-01  2.376745e-03  
   1.9992300  9.721678e-01  2.709849e-03  9.722053e-01  2.710051e-03  9.101061e-01  2.442635e-03  
   2.0202301  9.779211e-01  2.778495e-03  9.779590e-01  2.778701e-03  9.151878e-01  2.511872e-03  
   2.0412300  9.838181e-01  2.849631e-03  9.838565e-01  2.849846e-03  9.203929e-01  2.584726e-03  
   2.0612299  9.895725e-01  2.919849e-03  9.896109e-01  2.920069e-03  9.254684e-01  2.657746e-03  
   2.0822301  9.957635e-01  2.996337e-03  9.958031e-01  2.996563e-03  9.309258e-01  2.738535e-03  
   2.1038301  1.002299e+00  3.078157e-03  1.002338e+00  3.078392e-03  9.366807e-01  2.826375e-03  
   2.1238301  1.008504e+00  3.156954e-03  1.008544e+00  3.157197e-03  9.421405e-01  2.912311e-03  
   2.1448300  1.015186e+00  3.243052e-03  1.015227e+00  3.243303e-03  9.480155e-01  3.007632e-03  
   2.1658299  1.022044e+00  3.332826e-03  1.022085e+00  3.333088e-03  9.540389e-01  3.108485e-03  
   2.1868300  1.029086e+00  3.426539e-03  1.029128e+00  3.426811e-03  9.602173e-01  3.215181e-03  
   2.2078300  1.036318e+00  3.524467e-03  1.036361e+00  3.524748e-03  9.665550e-01  3.327995e-03  
   2.2278299  1.043390e+00  3.621930e-03  1.043433e+00  3.622222e-03  9.727458e-01  3.441360e-03  
   2.2488301  1.051015e+00  3.728996e-03  1.051059e+00  3.729300e-03  9.794133e-01  3.566831e-03  
   2.2698300  1.058855e+00  3.841262e-03  1.058899e+00  3.841578e-03  9.862580e-01  3.699105e-03  
   2.2908299  1.066918e+00  3.959140e-03  1.066962e+00  3.959470e-03  9.932887e-01  3.838386e-03  
   2.3118300  1.075213e+00  4.083084e-03  1.075258e+00  4.083427e-03  1.000511e+00  3.984884e-03  
   2.3328300  1.083750e+00  4.213600e-03  1.083796e+00  4.213960e-03  1.007933e+00  4.138826e-03  
   2.3528299  1.092115e+00  4.344546e-03  1.092162e+00  4.344919e-03  1.015194e+00  4.292611e-03  
   2.3738301  1.101156e+00  4.489639e-03  1.101204e+00  4.490028e-03  1.023029e+00  4.461918e-03  
   2.3948300  1.110473e+00  4.643246e-03  1.110521e+00  4.643653e-03  1.031091e+00  4.639622e-03  
   2.4158299  1.120079e+00  4.806209e-03  1.120128e+00  4.806634e-03  1.039387e+00  4.826165e-03  
   2.4368300  1.129987e+00  4.979484e-03  1.130038e+00  4.979929e-03  1.047929e+00  5.022073e-03  
   2.4578300  1.140214e+00  5.164158e-03  1.140265e+00  5.164625e-03  1.056729e+00  5.227941e-03  
   2.4778299  1.150264e+00  5.351758e-03  1.150316e+00  5.352248e-03  1.065361e+00  5.433897e-03  
   2.4988301  1.161159e+00  5.562393e-03  1.161212e+00  5.562909e-03  1.074701e+00  5.661310e-03  
   2.5204301  1.172753e+00  5.795291e-03  1.172808e+00  5.795836e-03  1.084619e+00  5.908106e-03  
   2.5404301  1.183858e+00  6.027320e-03  1.183914e+00  6.027898e-03  1.094099e+00  6.149281e-03  
   2.5614300  1.195922e+00  6.289933e-03  1.195979e+00  6.290548e-03  1.104376e+00  6.416868e-03  
   2.5824299  1.208426e+00  6.574366e-03  1.208484e+00  6.575018e-03  1.115003e+00  6.700662e-03  
   2.6034300  1.221398e+00  6.883454e-03  1.221457e+00  6.884151e-03  1.126001e+00  7.002530e-03  
   2.6244299  1.234866e+00  7.220570e-03  1.234927e+00  7.221317e-03  1.137393e+00  7.324728e-03  
   2.6444299  1.248189e+00  7.571451e-03  1.248251e+00  7.572251e-03  1.148632e+00  7.653050e-03  
   2.6654301  1.262734e+00  7.976085e-03  1.262797e+00  7.976954e-03  1.160869e+00  8.023662e-03  
   2.6864300  1.277889e+00  8.424183e-03  1.277955e+00  8.425123e-03  1.173582e+00  8.425068e-03  
   2.7074299  1.293705e+00  8.924164e-03  1.293773e+00  8.925189e-03  1.186806e+00  8.862801e-03  
   2.7284300  1.310236e+00  9.487197e-03  1.310305e+00  9.488326e-03  1.200579e+00  9.343965e-03  
   2.7494299  1.327541e+00  1.012827e-02  1.327612e+00  1.012952e-02  1.214944e+00  9.877709e-03  
   2.7694299  1.344808e+00  1.082989e-02  1.344881e+00  1.083129e-02  1.229217e+00  1.044578e-02  
   2.7904301  1.363837e+00  1.168854e-02  1.363912e+00  1.169012e-02  1.244878e+00  1.111977e-02  
   2.8114300  1.383874e+00  1.270846e-02  1.383952e+00  1.271029e-02  1.261287e+00  1.189284e-02  
   2.8324299  1.405018e+00  1.393932e-02  1.405099e+00  1.394146e-02  1.278510e+00  1.279100e-02  
   2.8534300  1.427377e+00  1.544732e-02  1.427461e+00  1.544986e-02  1.296621e+00  1.384803e-02  
   2.8744299  1.451069e+00  1.731963e-02  1.451156e+00  1.732271e-02  1.315701e+00  1.510763e-02  
   2.8944299  1.474983e+00  1.954477e-02  1.475074e+00  1.954851e-02  1.334853e+00  1.654690e-02  
   2.9154301  1.501634e+00  2.248322e-02  1.501729e+00  2.248788e-02  1.356085e+00  1.837843e-02  
   2.9370301  1.530822e+00  2.633554e-02  1.530922e+00  2.634143e-02  1.379229e+00  2.069847e-02  
   2.9570301  1.559560e+00  3.085934e-02  1.559664e+00  3.086669e-02  1.401938e+00  2.334729e-02  
   2.9780300  1.591597e+00  3.685611e-02  1.591707e+00  3.686539e-02  1.427210e+00  2.678318e-02  
   2.9990301  1.625605e+00  4.443553e-02  1.625720e+00  4.444728e-02  1.454048e+00  3.105961e-02  
   3.0200300  1.661601e+00  5.395176e-02  1.661722e+00  5.396656e-02  1.482545e+00  3.638500e-02  
   3.0410299  1.699542e+00  6.579871e-02  1.699671e+00  6.581724e-02  1.512780e+00  4.300782e-02  
   3.0610299  1.737381e+00  7.963608e-02  1.737516e+00  7.965883e-02  1.543237e+00  5.078681e-02  
   3.0820301  1.778706e+00  9.726976e-02  1.778848e+00  9.729772e-02  1.576971e+00  6.081847e-02  
   3.1030300  1.821369e+00  1.185126e-01  1.821517e+00  1.185466e-01  1.612461e+00  7.312356e-02  
   3.1240301  1.864968e+00  1.437759e-01  1.865123e+00  1.438166e-01  1.649602e+00  8.810487e-02  
   3.1450300  1.908995e+00  1.734166e-01  1.909157e+00  1.734650e-01  1.688203e+00  1.061856e-01  
   3.1660299  1.952851e+00  2.077127e-01  1.953018e+00  2.077691e-01  1.727984e+00  1.277945e-01  
   3.1860299  1.993834e+00  2.448602e-01  1.994006e+00  2.449248e-01  1.766614e+00  1.520319e-01  
   3.2070301  2.035335e+00  2.886145e-01  2.035511e+00  2.886879e-01  1.807489e+00  1.816778e-01  
   3.2280300  2.074517e+00  3.371293e-01  2.074696e+00  3.372113e-01  1.848099e+00  2.159178e-01  
   3.2490301  2.110631e+00  3.901445e-01  2.110811e+00  3.902347e-01  1.887760e+00  2.549537e-01  
   3.2700300  2.142979e+00  4.472406e-01  2.143159e+00  4.473383e-01  1.925712e+00  2.988546e-01  
   3.2910299  2.170953e+00  5.078554e-01  2.171131e+00  5.079597e-01  1.961150e+00  3.475361e-01  
   3.3110299  2.193088e+00  5.682309e-01  2.193262e+00  5.683405e-01  1.991821e+00  3.981087e-01  
   3.3320301  2.211282e+00  6.336656e-01  2.211451e+00  6.337791e-01  2.020041e+00  4.552103e-01  
   3.3536301  2.224442e+00  7.023033e-01  2.224605e+00  7.024191e-01  2.044088e+00  5.175796e-01  
   3.3736300  2.231624e+00  7.662943e-01  2.231780e+00  7.664107e-01  2.061308e+00  5.778900e-01  
   3.3946300  2.234174e+00  8.331838e-01  2.234322e+00  8.332994e-01  2.073768e+00  6.429844e-01  
   3.4156301  2.231952e+00  8.990830e-01  2.232091e+00  8.991962e-01  2.080264e+00  7.089064e-01  
   3.4366300  2.225421e+00  9.634111e-01  2.225551e+00  9.635212e-01  2.080796e+00  7.746120e-01  
   3.4576299  2.215128e+00  1.025730e+00  2.215248e+00  1.025836e+00  2.075596e+00  8.390744e-01  
   3.4776299  2.202364e+00  1.082947e+00  2.202475e+00  1.083048e+00  2.065726e+00  8.984376e-01  
   3.4986300  2.186408e+00  1.140642e+00  2.186510e+00  1.140738e+00  2.050804e+00  9.578404e-01  
   3.5196300  2.168367e+00  1.195875e+00  2.168460e+00  1.195967e+00  2.031991e+00  1.013593e+00  
   3.5406301  2.148711e+00  1.248732e+00  2.148794e+00  1.248819e+00  2.010178e+00  1.065248e+00  
   3.5616300  2.127813e+00  1.299363e+00  2.127887e+00  1.299445e+00  1.986297e+00  1.112578e+00  
   3.5826299  2.105950e+00  1.347954e+00  2.106016e+00  1.348033e+00  1.961267e+00  1.155591e+00  
   3.6026299  2.084403e+00  1.392507e+00  2.084460e+00  1.392582e+00  1.937130e+00  1.192740e+00  
   3.6236300  2.061121e+00  1.437623e+00  2.061172e+00  1.437694e+00  1.912161e+00  1.228120e+00  
   3.6446300  2.037228e+00  1.481134e+00  2.037270e+00  1.481203e+00  1.888124e+00  1.260301e+00  
   3.6656301  2.012758e+00  1.523083e+00  2.012795e+00  1.523149e+00  1.865387e+00  1.289883e+00  
   3.6866300  1.987765e+00  1.563445e+00  1.987795e+00  1.563509e+00  1.844136e+00  1.317486e+00  
   3.7076299  1.962336e+00  1.602147e+00  1.962361e+00  1.602208e+00  1.824384e+00  1.343688e+00  
   3.7276299  1.937847e+00  1.637366e+00  1.937869e+00  1.637426e+00  1.806850e+00  1.367790e+00  
   3.7486300  1.912066e+00  1.672522e+00  1.912086e+00  1.672580e+00  1.789578e+00  1.392563e+00  
   3.7702301  1.885792e+00  1.706650e+00  1.885813e+00  1.706708e+00  1.772765e+00  1.417722e+00  
   3.7902300  1.862040e+00  1.736394e+00  1.862062e+00  1.736452e+00  1.757835e+00  1.440828e+00  
   3.8112299  1.838125e+00  1.765774e+00  1.838150e+00  1.765834e+00  1.742649e+00  1.464897e+00  
   3.8322301  1.815727e+00  1.793444e+00  1.815756e+00  1.793508e+00  1.727892e+00  1.488698e+00  
   3.8532300  1.795329e+00  1.819730e+00  1.795364e+00  1.819799e+00  1.713611e+00  1.512132e+00  
   3.8742299  1.777384e+00  1.845106e+00  1.777427e+00  1.845183e+00  1.699980e+00  1.535122e+00  
   3.8942299  1.762927e+00  1.868995e+00  1.762977e+00  1.869083e+00  1.687865e+00  1.556601e+00  
   3.9152300  1.750772e+00  1.894515e+00  1.750830e+00  1.894616e+00  1.676409e+00  1.578812e+00  
   3.9362299  1.741839e+00  1.921343e+00  1.741906e+00  1.921459e+00  1.666655e+00  1.600915e+00  
   3.9572301  1.736074e+00  1.950440e+00  1.736148e+00  1.950575e+00  1.659012e+00  1.623310e+00  
   3.9782300  1.733207e+00  1.982811e+00  1.733289e+00  1.982967e+00  1.653832e+00  1.646552e+00  
   3.9992299  1.732737e+00  2.019456e+00  1.732824e+00  2.019635e+00  1.651356e+00  1.671349e+00  
   4.0192299  1.733848e+00  2.059195e+00  1.733938e+00  2.059395e+00  1.651594e+00  1.697167e+00  
   4.0402298  1.735724e+00  2.106796e+00  1.735814e+00  2.107020e+00  1.654470e+00  1.727463e+00  
   4.0612302  1.737174e+00  2.161067e+00  1.737262e+00  2.161316e+00  1.659716e+00  1.761964e+00  
   4.0822301  1.736850e+00  2.222447e+00  1.736933e+00  2.222722e+00  1.666763e+00  1.801618e+00  
   4.1032300  1.733272e+00  2.291118e+00  1.733346e+00  2.291415e+00  1.674788e+00  1.847306e+00  
   4.1242299  1.724886e+00  2.366967e+00  1.724949e+00  2.367285e+00  1.682718e+00  1.899793e+00  
   4.1442299  1.710994e+00  2.445495e+00  1.711043e+00  2.445831e+00  1.688985e+00  1.956632e+00  
   4.1652298  1.688749e+00  2.533863e+00  1.688782e+00  2.534213e+00  1.692766e+00  2.023834e+00  
   4.1868300  1.656229e+00  2.630029e+00  1.656243e+00  2.630390e+00  1.691928e+00  2.101046e+00  
   4.2068300  1.616245e+00  2.722648e+00  1.616239e+00  2.723016e+00  1.685218e+00  2.179578e+00  
   4.2278299  1.563054e+00  2.822150e+00  1.563028e+00  2.822519e+00  1.670278e+00  2.268668e+00  
   4.2488298  1.497633e+00  2.922318e+00  1.497587e+00  2.922683e+00  1.645530e+00  2.363495e+00  
   4.2698302  1.419494e+00  3.021365e+00  1.419427e+00  3.021719e+00  1.609375e+00  2.462590e+00  
   4.2908301  1.328451e+00  3.117420e+00  1.328364e+00  3.117759e+00  1.560467e+00  2.564096e+00  
   4.3108301  1.229841e+00  3.204401e+00  1.229736e+00  3.204720e+00  1.501115e+00  2.661021e+00  
   4.3318300  1.114184e+00  3.289214e+00  1.114061e+00  3.289506e+00  1.424836e+00  2.760728e+00  
   4.3528299  9.867808e-01  3.365576e+00  9.866434e-01  3.365836e+00  1.334194e+00  2.855782e+00  
   4.3738298  8.485788e-01  3.431780e+00  8.484268e-01  3.432003e+00  1.229666e+00  2.943582e+00  
   4.3948302  7.007722e-01  3.486248e+00  7.006082e-01  3.486429e+00  1.112291e+00  3.021621e+00  
   4.4158301  5.448056e-01  3.527549e+00  5.446312e-01  3.527684e+00  9.836504e-01  3.087622e+00  
   4.4358301  3.901899e-01  3.553504e+00  3.900074e-01  3.553593e+00  8.525336e-01  3.137536e+00  
   4.4568300  2.232439e-01  3.565713e+00  2.230551e-01  3.565752e+00  7.081560e-01  3.174945e+00  
   4.4778299  5.357946e-02  3.561731e+00  5.338676e-02  3.561717e+00  5.595451e-01  3.196069e+00  
   4.4988298  -1.166327e-01  3.541044e+00  -1.168261e-01  3.540977e+00  4.094970e-01  3.200545e+00  
   4.5198302  -2.851167e-01  3.503451e+00  -2.853077e-01  3.503335e+00  2.607826e-01  3.188587e+00  
   4.5408301  -4.495266e-01  3.449116e+00  -4.497115e-01  3.448952e+00  1.160230e-01  3.160958e+00  
   4.5608301  -6.001854e-01  3.382294e+00  -6.003605e-01  3.382088e+00  -1.602890e-02  3.121200e+00  
   4.5818300  -7.499813e-01  3.297203e+00  -7.501420e-01  3.296959e+00  -1.466773e-01  3.066885e+00  
   4.6034298  -8.928950e-01  3.195126e+00  -8.930368e-01  3.194847e+00  -2.708906e-01  2.999541e+00  
   4.6234298  -1.013374e+00  3.089070e+00  -1.013495e+00  3.088767e+00  -3.756682e-01  2.928723e+00  
   4.6444302  -1.126111e+00  2.967783e+00  -1.126205e+00  2.967459e+00  -4.744413e-01  2.847643e+00  
   4.6654301  -1.223603e+00  2.838646e+00  -1.223670e+00  2.838312e+00  -5.614302e-01  2.761704e+00  
   4.6864300  -1.305152e+00  2.704201e+00  -1.305188e+00  2.703861e+00  -6.367222e-01  2.672837e+00  
   4.7074299  -1.370544e+00  2.567064e+00  -1.370548e+00  2.566727e+00  -7.006940e-01  2.582801e+00  
   4.7274299  -1.418049e+00  2.436311e+00  -1.418022e+00  2.435983e+00  -7.516428e-01  2.497371e+00  
   4.7484298  -1.453113e+00  2.301192e+00  -1.453055e+00  2.300879e+00  -7.953897e-01  2.409261e+00  
   4.7694302  -1.474101e+00  2.170423e+00  -1.474013e+00  2.170129e+00  -8.299952e-01  2.323832e+00  
   4.7904301  -1.482441e+00  2.045831e+00  -1.482324e+00  2.045562e+00  -8.563693e-01  2.241933e+00  
   4.8114300  -1.479778e+00  1.928847e+00  -1.479636e+00  1.928602e+00  -8.754396e-01  2.164191e+00  
   4.8324299  -1.467871e+00  1.820486e+00  -1.467705e+00  1.820269e+00  -8.881195e-01  2.091045e+00  
   4.8524299  -1.449557e+00  1.725868e+00  -1.449370e+00  1.725678e+00  -8.950574e-01  2.025907e+00  
   4.8734298  -1.424644e+00  1.635776e+00  -1.424438e+00  1.635613e+00  -8.977409e-01  1.962386e+00  
   4.8944302  -1.395457e+00  1.555105e+00  -1.395233e+00  1.554970e+00  -8.964663e-01  1.903872e+00  
   4.9154301  -1.363397e+00  1.483546e+00  -1.363158e+00  1.483436e+00  -8.919325e-01  1.850281e+00  
   4.9364300  -1.329664e+00  1.420590e+00  -1.329412e+00  1.420505e+00  -8.847689e-01  1.801450e+00  
   4.9574299  -1.295250e+00  1.365603e+00  -1.294984e+00  1.365540e+00  -8.755320e-01  1.757161e+00  
   4.9774299  -1.262566e+00  1.319993e+00  -1.262289e+00  1.319949e+00  -8.652533e-01  1.718964e+00  
   4.9984298  -1.228931e+00  1.278486e+00  -1.228642e+00  1.278461e+00  -8.533078e-01  1.682762e+00  
