w Re-xx Im-xx Re-yy Im-yy Re-zz Im-zz
# Gaussian absolute broadening  0.15 [eV]
   0.0000000  7.686747e-01  8.846755e-05  7.687055e-01  8.847089e-05  7.373650e-01  8.310130e-05  
   0.0200000  7.687750e-01  9.468273e-05  7.688057e-01  9.468658e-05  7.374589e-01  8.893992e-05  
   0.0410000  7.688936e-01  1.017653e-04  7.689247e-01  1.017697e-04  7.375705e-01  9.559340e-05  
   0.0620000  7.690294e-01  1.094543e-04  7.690601e-01  1.094594e-04  7.376978e-01  1.028168e-04  
   0.0830000  7.691833e-01  1.177837e-04  7.692140e-01  1.177896e-04  7.378424e-01  1.106419e-04  
   0.1040000  7.693576e-01  1.267831e-04  7.693888e-01  1.267898e-04  7.380065e-01  1.190965e-04  
   0.1240000  7.695448e-01  1.359981e-04  7.695759e-01  1.360056e-04  7.381823e-01  1.277538e-04  
   0.1450000  7.697659e-01  1.463655e-04  7.697967e-01  1.463738e-04  7.383897e-01  1.374939e-04  
   0.1660000  7.700138e-01  1.574479e-04  7.700448e-01  1.574572e-04  7.386229e-01  1.479060e-04  
   0.1870000  7.702911e-01  1.692417e-04  7.703220e-01  1.692520e-04  7.388833e-01  1.589868e-04  
   0.2080000  7.705995e-01  1.817326e-04  7.706304e-01  1.817439e-04  7.391730e-01  1.707228e-04  
   0.2290000  7.709410e-01  1.948951e-04  7.709720e-01  1.949076e-04  7.394939e-01  1.830902e-04  
   0.2490000  7.712986e-01  2.080232e-04  7.713296e-01  2.080368e-04  7.398298e-01  1.954257e-04  
   0.2700000  7.717090e-01  2.223878e-04  7.717399e-01  2.224025e-04  7.402152e-01  2.089235e-04  
   0.2910000  7.721562e-01  2.372972e-04  7.721872e-01  2.373130e-04  7.406355e-01  2.229339e-04  
   0.3120000  7.726414e-01  2.526978e-04  7.726725e-01  2.527149e-04  7.410912e-01  2.374065e-04  
   0.3330000  7.731646e-01  2.685345e-04  7.731957e-01  2.685529e-04  7.415827e-01  2.522897e-04  
   0.3540000  7.737263e-01  2.847537e-04  7.737575e-01  2.847733e-04  7.421106e-01  2.675332e-04  
   0.3740000  7.742972e-01  3.005107e-04  7.743284e-01  3.005316e-04  7.426470e-01  2.823434e-04  
   0.3950000  7.749342e-01  3.173383e-04  7.749655e-01  3.173608e-04  7.432454e-01  2.981610e-04  
   0.4160000  7.756096e-01  3.344183e-04  7.756410e-01  3.344422e-04  7.438801e-01  3.142171e-04  
   0.4374300  7.763393e-01  3.520758e-04  7.763705e-01  3.521013e-04  7.445655e-01  3.308177e-04  
   0.4574300  7.770556e-01  3.687404e-04  7.770867e-01  3.687674e-04  7.452383e-01  3.464861e-04  
   0.4784300  7.778450e-01  3.864135e-04  7.778767e-01  3.864421e-04  7.459806e-01  3.631049e-04  
   0.4994300  7.786732e-01  4.042542e-04  7.787046e-01  4.042843e-04  7.467585e-01  3.798830e-04  
   0.5204300  7.795393e-01  4.222554e-04  7.795708e-01  4.222872e-04  7.475725e-01  3.968141e-04  
   0.5414300  7.804440e-01  4.404140e-04  7.804753e-01  4.404474e-04  7.484228e-01  4.138955e-04  
   0.5614300  7.813418e-01  4.578537e-04  7.813734e-01  4.578884e-04  7.492664e-01  4.303028e-04  
   0.5824300  7.823222e-01  4.763206e-04  7.823539e-01  4.763569e-04  7.501879e-01  4.476790e-04  
   0.6034300  7.833416e-01  4.949498e-04  7.833734e-01  4.949872e-04  7.511460e-01  4.652108e-04  
   0.6244300  7.844008e-01  5.137469e-04  7.844326e-01  5.137854e-04  7.521416e-01  4.829035e-04  
   0.6454300  7.854997e-01  5.327173e-04  7.855316e-01  5.327568e-04  7.531743e-01  5.007618e-04  
   0.6664300  7.866390e-01  5.518672e-04  7.866709e-01  5.519075e-04  7.542453e-01  5.187931e-04  
   0.6864300  7.877610e-01  5.702783e-04  7.877931e-01  5.703192e-04  7.553002e-01  5.361315e-04  
   0.7074300  7.889794e-01  5.897987e-04  7.890114e-01  5.898402e-04  7.564455e-01  5.545185e-04  
   0.7284300  7.902386e-01  6.095194e-04  7.902708e-01  6.095615e-04  7.576296e-01  5.730984e-04  
   0.7494300  7.915400e-01  6.294484e-04  7.915722e-01  6.294908e-04  7.588532e-01  5.918790e-04  
   0.7704300  7.928829e-01  6.495931e-04  7.929152e-01  6.496359e-04  7.601162e-01  6.108682e-04  
   0.7914300  7.942689e-01  6.699621e-04  7.943014e-01  6.700053e-04  7.614195e-01  6.300739e-04  
   0.8114300  7.956278e-01  6.895771e-04  7.956604e-01  6.896204e-04  7.626979e-01  6.485742e-04  
   0.8324300  7.970977e-01  7.104085e-04  7.971304e-01  7.104520e-04  7.640802e-01  6.682281e-04  
   0.8540300  7.986558e-01  7.320965e-04  7.986885e-01  7.321402e-04  7.655456e-01  6.886978e-04  
   0.8740300  8.001401e-01  7.524230e-04  8.001729e-01  7.524671e-04  7.669423e-01  7.078896e-04  
   0.8950300  8.017428e-01  7.740293e-04  8.017756e-01  7.740738e-04  7.684501e-01  7.282981e-04  
   0.9160300  8.033909e-01  7.959157e-04  8.034240e-01  7.959605e-04  7.700009e-01  7.489807e-04  
   0.9370300  8.050853e-01  8.180928e-04  8.051184e-01  8.181382e-04  7.715955e-01  7.699482e-04  
   0.9580300  8.068263e-01  8.405719e-04  8.068597e-01  8.406180e-04  7.732343e-01  7.912123e-04  
   0.9780300  8.085292e-01  8.622722e-04  8.085625e-01  8.623194e-04  7.748372e-01  8.117509e-04  
   0.9990300  8.103641e-01  8.853743e-04  8.103975e-01  8.854224e-04  7.765646e-01  8.336297e-04  
   1.0200300  8.122477e-01  9.088135e-04  8.122815e-01  9.088631e-04  7.783387e-01  8.558422e-04  
   1.0410300  8.141813e-01  9.326016e-04  8.142152e-01  9.326526e-04  7.801598e-01  8.784023e-04  
   1.0620300  8.161657e-01  9.567518e-04  8.161994e-01  9.568051e-04  7.820287e-01  9.013244e-04  
   1.0830300  8.182008e-01  9.812764e-04  8.182347e-01  9.813320e-04  7.839463e-01  9.246240e-04  
   1.1030300  8.201872e-01  1.004994e-03  8.202212e-01  1.005052e-03  7.858183e-01  9.471794e-04  
   1.1240300  8.223247e-01  1.030290e-03  8.223588e-01  1.030351e-03  7.878330e-01  9.712650e-04  
   1.1450300  8.245154e-01  1.056002e-03  8.245499e-01  1.056065e-03  7.898985e-01  9.957826e-04  
   1.1660300  8.267608e-01  1.082145e-03  8.267952e-01  1.082212e-03  7.920161e-01  1.020756e-03  
   1.1870300  8.290616e-01  1.108736e-03  8.290962e-01  1.108806e-03  7.941863e-01  1.046214e-03  
   1.2080300  8.314185e-01  1.135791e-03  8.314534e-01  1.135864e-03  7.964104e-01  1.072194e-03  
   1.2280300  8.337162e-01  1.162005e-03  8.337510e-01  1.162081e-03  7.985793e-01  1.097459e-03  
   1.2490300  8.361852e-01  1.190021e-03  8.362203e-01  1.190100e-03  8.009109e-01  1.124589e-03  
   1.2706300  8.387873e-01  1.219384e-03  8.388225e-01  1.219467e-03  8.033691e-01  1.153213e-03  
   1.2906300  8.412532e-01  1.247088e-03  8.412887e-01  1.247173e-03  8.056998e-01  1.180447e-03  
   1.3116300  8.439029e-01  1.276739e-03  8.439384e-01  1.276827e-03  8.082050e-01  1.209910e-03  
   1.3326300  8.466146e-01  1.306994e-03  8.466504e-01  1.307084e-03  8.107706e-01  1.240402e-03  
   1.3536299  8.493906e-01  1.337890e-03  8.494265e-01  1.337982e-03  8.133982e-01  1.272097e-03  
   1.3746300  8.522319e-01  1.369466e-03  8.522681e-01  1.369562e-03  8.160891e-01  1.305211e-03  
   1.3946300  8.550002e-01  1.400216e-03  8.550366e-01  1.400314e-03  8.187124e-01  1.338301e-03  
   1.4156300  8.579731e-01  1.433270e-03  8.580097e-01  1.433370e-03  8.215314e-01  1.374962e-03  
   1.4366300  8.610157e-01  1.467173e-03  8.610525e-01  1.467276e-03  8.244182e-01  1.413921e-03  
   1.4576300  8.641292e-01  1.502004e-03  8.641663e-01  1.502110e-03  8.273742e-01  1.455555e-03  
   1.4786299  8.673160e-01  1.537856e-03  8.673534e-01  1.537965e-03  8.304011e-01  1.500278e-03  
   1.4996300  8.705770e-01  1.574838e-03  8.706143e-01  1.574950e-03  8.335004e-01  1.548525e-03  
   1.5196300  8.737526e-01  1.611224e-03  8.737904e-01  1.611339e-03  8.365202e-01  1.598163e-03  
   1.5406300  8.771632e-01  1.650793e-03  8.772011e-01  1.650912e-03  8.397649e-01  1.654601e-03  
   1.5616300  8.806528e-01  1.691922e-03  8.806910e-01  1.692044e-03  8.430865e-01  1.715914e-03  
   1.5826300  8.842235e-01  1.734791e-03  8.842618e-01  1.734918e-03  8.464867e-01  1.782558e-03  
   1.6036299  8.878770e-01  1.779604e-03  8.879159e-01  1.779737e-03  8.499672e-01  1.854979e-03  
   1.6246300  8.916156e-01  1.826578e-03  8.916545e-01  1.826714e-03  8.535301e-01  1.933618e-03  
   1.6446300  8.952562e-01  1.873525e-03  8.952954e-01  1.873667e-03  8.570010e-01  2.014685e-03  
   1.6656300  8.991656e-01  1.925361e-03  8.992047e-01  1.925509e-03  8.607295e-01  2.106691e-03  
   1.6872300  9.032820e-01  1.981622e-03  9.033217e-01  1.981776e-03  8.646571e-01  2.209102e-03  
   1.7072300  9.071805e-01  2.036563e-03  9.072210e-01  2.036724e-03  8.683786e-01  2.311302e-03  
   1.7282300  9.113677e-01  2.097368e-03  9.114081e-01  2.097535e-03  8.723769e-01  2.426557e-03  
   1.7492300  9.156520e-01  2.161495e-03  9.156926e-01  2.161668e-03  8.764700e-01  2.550194e-03  
   1.7702301  9.200369e-01  2.229030e-03  9.200779e-01  2.229209e-03  8.806607e-01  2.682369e-03  
   1.7912300  9.245242e-01  2.300007e-03  9.245656e-01  2.300192e-03  8.849519e-01  2.823140e-03  
   1.8112299  9.288961e-01  2.370794e-03  9.289375e-01  2.370983e-03  8.891347e-01  2.965178e-03  
   1.8322300  9.335921e-01  2.448419e-03  9.336342e-01  2.448615e-03  8.936308e-01  3.122631e-03  
   1.8532300  9.384001e-01  2.529358e-03  9.384423e-01  2.529560e-03  8.982366e-01  3.288601e-03  
   1.8742300  9.433228e-01  2.613559e-03  9.433652e-01  2.613765e-03  9.029573e-01  3.463279e-03  
   1.8952301  9.483641e-01  2.701013e-03  9.484076e-01  2.701227e-03  9.077969e-01  3.647232e-03  
   1.9162300  9.535282e-01  2.791810e-03  9.535718e-01  2.792032e-03  9.127604e-01  3.841595e-03  
   1.9362299  9.585629e-01  2.881598e-03  9.586067e-01  2.881828e-03  9.176071e-01  4.038133e-03  
   1.9572300  9.639764e-01  2.979740e-03  9.640211e-01  2.979982e-03  9.228280e-01  4.259247e-03  
   1.9782300  9.695258e-01  3.082445e-03  9.695705e-01  3.082700e-03  9.281888e-01  4.499348e-03  
   1.9992300  9.752135e-01  3.190553e-03  9.752591e-01  3.190826e-03  9.336944e-01  4.763474e-03  
   2.0202301  9.810461e-01  3.305142e-03  9.810915e-01  3.305434e-03  9.393498e-01  5.057726e-03  
   2.0412300  9.870268e-01  3.427499e-03  9.870728e-01  3.427815e-03  9.451576e-01  5.389051e-03  
   2.0612299  9.928651e-01  3.552598e-03  9.929116e-01  3.552940e-03  9.508321e-01  5.745917e-03  
   2.0822301  9.991498e-01  3.694479e-03  9.991965e-01  3.694855e-03  9.569414e-01  6.171314e-03  
   2.1038301  1.005784e+00  3.853371e-03  1.005832e+00  3.853783e-03  9.633861e-01  6.670527e-03  
   2.1238301  1.012085e+00  4.013732e-03  1.012133e+00  4.014178e-03  9.694956e-01  7.194457e-03  
   2.1448300  1.018869e+00  4.197279e-03  1.018918e+00  4.197767e-03  9.760544e-01  7.813216e-03  
   2.1658299  1.025830e+00  4.397689e-03  1.025879e+00  4.398218e-03  9.827543e-01  8.505286e-03  
   2.1868300  1.032973e+00  4.616058e-03  1.033023e+00  4.616631e-03  9.895909e-01  9.271530e-03  
   2.2078300  1.040303e+00  4.853182e-03  1.040354e+00  4.853799e-03  9.965582e-01  1.011031e-02  
   2.2278299  1.047464e+00  5.096893e-03  1.047515e+00  5.097554e-03  1.003312e+00  1.097287e-02  
   2.2488301  1.055177e+00  5.371688e-03  1.055229e+00  5.372392e-03  1.010523e+00  1.193923e-02  
   2.2698300  1.063094e+00  5.665646e-03  1.063147e+00  5.666394e-03  1.017855e+00  1.295929e-02  
   2.2908299  1.071224e+00  5.978274e-03  1.071277e+00  5.979064e-03  1.025310e+00  1.402282e-02  
   2.3118300  1.079573e+00  6.308799e-03  1.079627e+00  6.309634e-03  1.032892e+00  1.511844e-02  
   2.3328300  1.088152e+00  6.656230e-03  1.088206e+00  6.657111e-03  1.040607e+00  1.623420e-02  
   2.3528299  1.096542e+00  7.001804e-03  1.096597e+00  7.002727e-03  1.048088e+00  1.730479e-02  
   2.3738301  1.105595e+00  7.378924e-03  1.105651e+00  7.379895e-03  1.056094e+00  1.842671e-02  
   2.3948300  1.114907e+00  7.769475e-03  1.114964e+00  7.770499e-03  1.064272e+00  1.953679e-02  
   2.4158299  1.124491e+00  8.172365e-03  1.124549e+00  8.173442e-03  1.072639e+00  2.062712e-02  
   2.4368300  1.134362e+00  8.586694e-03  1.134421e+00  8.587820e-03  1.081216e+00  2.169191e-02  
   2.4578300  1.144535e+00  9.011815e-03  1.144594e+00  9.013003e-03  1.090025e+00  2.272758e-02  
   2.4778299  1.154520e+00  9.426496e-03  1.154580e+00  9.427736e-03  1.098650e+00  2.368576e-02  
   2.4988301  1.165333e+00  9.872389e-03  1.165394e+00  9.873685e-03  1.107977e+00  2.466317e-02  
   2.5204301  1.176827e+00  1.034295e-02  1.176890e+00  1.034431e-02  1.117889e+00  2.564093e-02  
   2.5404301  1.187829e+00  1.079066e-02  1.187893e+00  1.079207e-02  1.127374e+00  2.652576e-02  
   2.5614300  1.199775e+00  1.127508e-02  1.199840e+00  1.127654e-02  1.137681e+00  2.743969e-02  
   2.5824299  1.212151e+00  1.177678e-02  1.212216e+00  1.177829e-02  1.148367e+00  2.834558e-02  
   2.6034300  1.224986e+00  1.229919e-02  1.225053e+00  1.230075e-02  1.159463e+00  2.925221e-02  
   2.6244299  1.238312e+00  1.284659e-02  1.238380e+00  1.284819e-02  1.170997e+00  3.016938e-02  
   2.6444299  1.251492e+00  1.339597e-02  1.251562e+00  1.339763e-02  1.182416e+00  3.106268e-02  
   2.6654301  1.265882e+00  1.400850e-02  1.265954e+00  1.401020e-02  1.194894e+00  3.203304e-02  
   2.6864300  1.280877e+00  1.466541e-02  1.280950e+00  1.466717e-02  1.207905e+00  3.304965e-02  
   2.7074299  1.296527e+00  1.537673e-02  1.296602e+00  1.537855e-02  1.221488e+00  3.412742e-02  
   2.7284300  1.312886e+00  1.615532e-02  1.312962e+00  1.615722e-02  1.235683e+00  3.528310e-02  
   2.7494299  1.330014e+00  1.701790e-02  1.330092e+00  1.701990e-02  1.250534e+00  3.653576e-02  
   2.7694299  1.347103e+00  1.793771e-02  1.347184e+00  1.793983e-02  1.265333e+00  3.783928e-02  
   2.7904301  1.365938e+00  1.903499e-02  1.366021e+00  1.903727e-02  1.281614e+00  3.934915e-02  
   2.8114300  1.385772e+00  2.030550e-02  1.385857e+00  2.030800e-02  1.298716e+00  4.103474e-02  
   2.8324299  1.406700e+00  2.180149e-02  1.406788e+00  2.180428e-02  1.316707e+00  4.293480e-02  
   2.8534300  1.428829e+00  2.359221e-02  1.428921e+00  2.359539e-02  1.335665e+00  4.509771e-02  
   2.8744299  1.452275e+00  2.576836e-02  1.452370e+00  2.577209e-02  1.355674e+00  4.758422e-02  
   2.8944299  1.475939e+00  2.830618e-02  1.476037e+00  2.831061e-02  1.375793e+00  5.032309e-02  
   2.9154301  1.502304e+00  3.160178e-02  1.502406e+00  3.160717e-02  1.398128e+00  5.368021e-02  
   2.9370301  1.531172e+00  3.585705e-02  1.531278e+00  3.586379e-02  1.422499e+00  5.777138e-02  
   2.9570301  1.559582e+00  4.079039e-02  1.559693e+00  4.079876e-02  1.446425e+00  6.227402e-02  
   2.9780300  1.591239e+00  4.725855e-02  1.591355e+00  4.726915e-02  1.473048e+00  6.791431e-02  
   2.9990301  1.624819e+00  5.535412e-02  1.624940e+00  5.536753e-02  1.501291e+00  7.469963e-02  
   3.0200300  1.660332e+00  6.543127e-02  1.660457e+00  6.544823e-02  1.531216e+00  8.288062e-02  
   3.0410299  1.697723e+00  7.788082e-02  1.697854e+00  7.790217e-02  1.562857e+00  9.274661e-02  
   3.0610299  1.734964e+00  9.232397e-02  1.735100e+00  9.235034e-02  1.594577e+00  1.040075e-01  
   3.0820301  1.775575e+00  1.106152e-01  1.775717e+00  1.106477e-01  1.629484e+00  1.181333e-01  
   3.1030300  1.817423e+00  1.325193e-01  1.817569e+00  1.325591e-01  1.665897e+00  1.349934e-01  
   3.1240301  1.860100e+00  1.584226e-01  1.860250e+00  1.584705e-01  1.703605e+00  1.549837e-01  
   3.1450300  1.903089e+00  1.886507e-01  1.903242e+00  1.887076e-01  1.742295e+00  1.784954e-01  
   3.1660299  1.945788e+00  2.234438e-01  1.945944e+00  2.235105e-01  1.781560e+00  2.058966e-01  
   3.1860299  1.985562e+00  2.609420e-01  1.985718e+00  2.610183e-01  1.819020e+00  2.359023e-01  
   3.2070301  2.025691e+00  3.048912e-01  2.025848e+00  3.049777e-01  1.857836e+00  2.717501e-01  
   3.2280300  2.063411e+00  3.533780e-01  2.063567e+00  3.534747e-01  1.895437e+00  3.121881e-01  
   3.2490301  2.097999e+00  4.060977e-01  2.098152e+00  4.062039e-01  1.931057e+00  3.572365e-01  
   3.2700300  2.128788e+00  4.625922e-01  2.128937e+00  4.627069e-01  1.963895e+00  4.067641e-01  
   3.2910299  2.155213e+00  5.222703e-01  2.155357e+00  5.223920e-01  1.993146e+00  4.604774e-01  
   3.3110299  2.175924e+00  5.814266e-01  2.176062e+00  5.815538e-01  2.016968e+00  5.151011e-01  
   3.3320301  2.192726e+00  6.452366e-01  2.192858e+00  6.453675e-01  2.037090e+00  5.754988e-01  
   3.3536301  2.204621e+00  7.118520e-01  2.204745e+00  7.119851e-01  2.051985e+00  6.400753e-01  
   3.3736300  2.210829e+00  7.736855e-01  2.210945e+00  7.738186e-01  2.060169e+00  7.012584e-01  
   3.3946300  2.212607e+00  8.380640e-01  2.212717e+00  8.381957e-01  2.062773e+00  7.660088e-01  
   3.4156301  2.209906e+00  9.012651e-01  2.210007e+00  9.013940e-01  2.059271e+00  8.303101e-01  
   3.4366300  2.203214e+00  9.627855e-01  2.203306e+00  9.629104e-01  2.049912e+00  8.932006e-01  
   3.4576299  2.193088e+00  1.022268e+00  2.193174e+00  1.022388e+00  2.035150e+00  9.538008e-01  
   3.4776299  2.180786e+00  1.076831e+00  2.180863e+00  1.076947e+00  2.016656e+00  1.008693e+00  
   3.4986300  2.165611e+00  1.131858e+00  2.165682e+00  1.131969e+00  1.993331e+00  1.062798e+00  
   3.5196300  2.148624e+00  1.184606e+00  2.148688e+00  1.184714e+00  1.966867e+00  1.112887e+00  
   3.5406301  2.130249e+00  1.235202e+00  2.130304e+00  1.235305e+00  1.938178e+00  1.158758e+00  
   3.5616300  2.110807e+00  1.283816e+00  2.110856e+00  1.283916e+00  1.908162e+00  1.200408e+00  
   3.5826299  2.090525e+00  1.330636e+00  2.090566e+00  1.330733e+00  1.877650e+00  1.238012e+00  
   3.6026299  2.070554e+00  1.373705e+00  2.070588e+00  1.373800e+00  1.848793e+00  1.270360e+00  
   3.6236300  2.048966e+00  1.417440e+00  2.048992e+00  1.417532e+00  1.819270e+00  1.301099e+00  
   3.6446300  2.026784e+00  1.459697e+00  2.026802e+00  1.459787e+00  1.790979e+00  1.329014e+00  
   3.6656301  2.004040e+00  1.500458e+00  2.004052e+00  1.500546e+00  1.764212e+00  1.354615e+00  
   3.6866300  1.980804e+00  1.539644e+00  1.980811e+00  1.539728e+00  1.739134e+00  1.378394e+00  
   3.7076299  1.957201e+00  1.577134e+00  1.957204e+00  1.577215e+00  1.715794e+00  1.400790e+00  
   3.7276299  1.934567e+00  1.611143e+00  1.934568e+00  1.611221e+00  1.695162e+00  1.421177e+00  
   3.7486300  1.910917e+00  1.644970e+00  1.910919e+00  1.645046e+00  1.675109e+00  1.441879e+00  
   3.7702301  1.887106e+00  1.677706e+00  1.887110e+00  1.677779e+00  1.656124e+00  1.462656e+00  
   3.7902300  1.865936e+00  1.706200e+00  1.865947e+00  1.706273e+00  1.639964e+00  1.481586e+00  
   3.8112299  1.845089e+00  1.734410e+00  1.845108e+00  1.734483e+00  1.624426e+00  1.501272e+00  
   3.8322301  1.826143e+00  1.761183e+00  1.826171e+00  1.761258e+00  1.610351e+00  1.520872e+00  
   3.8532300  1.809560e+00  1.786996e+00  1.809602e+00  1.787075e+00  1.597779e+00  1.540503e+00  
   3.8742299  1.795732e+00  1.812482e+00  1.795787e+00  1.812569e+00  1.586780e+00  1.560311e+00  
   3.8942299  1.785377e+00  1.837163e+00  1.785446e+00  1.837259e+00  1.577852e+00  1.579509e+00  
   3.9152300  1.777576e+00  1.864365e+00  1.777659e+00  1.864471e+00  1.570198e+00  1.600250e+00  
   3.9362299  1.772865e+00  1.893845e+00  1.772961e+00  1.893965e+00  1.564398e+00  1.621890e+00  
   3.9572301  1.770981e+00  1.926625e+00  1.771086e+00  1.926760e+00  1.560516e+00  1.644810e+00  
   3.9782300  1.771433e+00  1.963708e+00  1.771545e+00  1.963859e+00  1.558568e+00  1.669459e+00  
   3.9992299  1.773512e+00  2.006035e+00  1.773625e+00  2.006205e+00  1.558502e+00  1.696368e+00  
   4.0192299  1.776162e+00  2.051976e+00  1.776272e+00  2.052163e+00  1.560056e+00  1.724640e+00  
   4.0402298  1.778581e+00  2.106751e+00  1.778681e+00  2.106957e+00  1.563132e+00  1.757726e+00  
   4.0612302  1.779379e+00  2.168651e+00  1.779465e+00  2.168876e+00  1.567289e+00  1.794973e+00  
   4.0822301  1.777177e+00  2.237860e+00  1.777241e+00  2.238103e+00  1.571951e+00  1.837072e+00  
   4.1032300  1.770526e+00  2.314282e+00  1.770564e+00  2.314543e+00  1.576354e+00  1.884685e+00  
   4.1242299  1.757970e+00  2.397532e+00  1.757976e+00  2.397807e+00  1.579537e+00  1.938393e+00  
   4.1442299  1.739225e+00  2.482548e+00  1.739197e+00  2.482838e+00  1.580371e+00  1.995614e+00  
   4.1652298  1.711150e+00  2.576931e+00  1.711084e+00  2.577231e+00  1.577657e+00  2.062301e+00  
   4.1868300  1.672083e+00  2.678248e+00  1.671977e+00  2.678558e+00  1.569495e+00  2.137936e+00  
   4.2068300  1.625765e+00  2.774591e+00  1.625620e+00  2.774906e+00  1.555615e+00  2.214022e+00  
   4.2278299  1.565873e+00  2.876862e+00  1.565690e+00  2.877179e+00  1.532965e+00  2.299506e+00  
   4.2488298  1.493908e+00  2.978622e+00  1.493689e+00  2.978937e+00  1.500560e+00  2.389657e+00  
   4.2698302  1.409569e+00  3.078121e+00  1.409317e+00  3.078431e+00  1.457055e+00  2.483024e+00  
   4.2908301  1.312812e+00  3.173564e+00  1.312530e+00  3.173862e+00  1.401370e+00  2.577783e+00  
   4.3108301  1.209307e+00  3.259052e+00  1.209002e+00  3.259336e+00  1.336344e+00  2.667391e+00  
   4.3318300  1.089148e+00  3.341433e+00  1.088823e+00  3.341699e+00  1.255171e+00  2.758562e+00  
   4.3528299  9.579334e-01  3.414572e+00  9.575925e-01  3.414816e+00  1.160946e+00  2.844330e+00  
   4.3738298  8.166282e-01  3.476848e+00  8.162764e-01  3.477065e+00  1.054329e+00  2.922238e+00  
   4.3948302  6.664423e-01  3.526749e+00  6.660835e-01  3.526935e+00  9.364764e-01  2.989953e+00  
   4.4158301  5.088409e-01  3.562914e+00  5.084796e-01  3.563065e+00  8.090239e-01  3.045385e+00  
   4.4358301  3.533927e-01  3.583511e+00  3.530325e-01  3.583627e+00  6.805712e-01  3.085177e+00  
   4.4568300  1.863835e-01  3.589682e+00  1.860281e-01  3.589761e+00  5.405264e-01  3.112079e+00  
   4.4778299  1.755127e-02  3.579350e+00  1.720456e-02  3.579389e+00  3.977007e-01  3.122983e+00  
   4.4988298  -1.508621e-01  3.552143e+00  -1.511965e-01  3.552145e+00  2.547415e-01  3.117675e+00  
   4.5198302  -3.165194e-01  3.508050e+00  -3.168375e-01  3.508015e+00  1.142651e-01  3.096499e+00  
   4.5408301  -4.770388e-01  3.447455e+00  -4.773368e-01  3.447384e+00  -2.125088e-02  3.060337e+00  
   4.5608301  -6.230086e-01  3.375128e+00  -6.232836e-01  3.375028e+00  -1.436731e-01  3.013196e+00  
   4.5818300  -7.669064e-01  3.284997e+00  -7.671533e-01  3.284867e+00  -2.634316e-01  2.952026e+00  
   4.6034298  -9.028409e-01  3.178796e+00  -9.030548e-01  3.178639e+00  -3.756852e-01  2.878732e+00  
   4.6234298  -1.016209e+00  3.070099e+00  -1.016388e+00  3.069924e+00  -4.687607e-01  2.803548e+00  
   4.6444302  -1.121042e+00  2.947435e+00  -1.121182e+00  2.947244e+00  -5.546628e-01  2.719226e+00  
   4.6654301  -1.210466e+00  2.818469e+00  -1.210564e+00  2.818268e+00  -6.282752e-01  2.631592e+00  
   4.6864300  -1.284084e+00  2.685770e+00  -1.284138e+00  2.685565e+00  -6.898155e-01  2.542744e+00  
   4.7074299  -1.341986e+00  2.551911e+00  -1.341992e+00  2.551707e+00  -7.398356e-01  2.454573e+00  
   4.7274299  -1.383016e+00  2.425586e+00  -1.382977e+00  2.425389e+00  -7.775109e-01  2.372722e+00  
   4.7484298  -1.412194e+00  2.296305e+00  -1.412105e+00  2.296117e+00  -8.075765e-01  2.290292e+00  
   4.7694302  -1.428390e+00  2.172356e+00  -1.428252e+00  2.172182e+00  -8.290272e-01  2.212477e+00  
   4.7904301  -1.433132e+00  2.055302e+00  -1.432943e+00  2.055147e+00  -8.430397e-01  2.140018e+00  
   4.8114300  -1.428091e+00  1.946302e+00  -1.427853e+00  1.946170e+00  -8.507859e-01  2.073370e+00  
   4.8324299  -1.414991e+00  1.846120e+00  -1.414704e+00  1.846014e+00  -8.533848e-01  2.012749e+00  
   4.8524299  -1.396567e+00  1.759266e+00  -1.396233e+00  1.759187e+00  -8.520179e-01  1.960626e+00  
   4.8734298  -1.372494e+00  1.677117e+00  -1.372113e+00  1.677068e+00  -8.474363e-01  1.911648e+00  
   4.8944302  -1.344986e+00  1.604034e+00  -1.344559e+00  1.604018e+00  -8.404256e-01  1.868291e+00  
   4.9154301  -1.315291e+00  1.539605e+00  -1.314819e+00  1.539624e+00  -8.316719e-01  1.830204e+00  
   4.9364300  -1.284454e+00  1.483260e+00  -1.283938e+00  1.483315e+00  -8.217456e-01  1.796978e+00  
   4.9574299  -1.253324e+00  1.434338e+00  -1.252766e+00  1.434430e+00  -8.111092e-01  1.768178e+00  
   4.9774299  -1.224014e+00  1.393994e+00  -1.223417e+00  1.394123e+00  -8.006570e-01  1.744464e+00  
   4.9984298  -1.194075e+00  1.357503e+00  -1.193438e+00  1.357671e+00  -7.896187e-01  1.723049e+00  
