w Re-xx Im-xx Re-yy Im-yy Re-zz Im-zz
# Gaussian absolute broadening  0.15 [eV]
   0.0000000  7.672895e-01  8.810301e-05  7.673257e-01  8.810974e-05  7.332335e-01  8.141417e-05  
   0.0200000  7.673890e-01  9.429255e-05  7.674251e-01  9.429951e-05  7.333257e-01  8.713172e-05  
   0.0410000  7.675076e-01  1.013458e-04  7.675437e-01  1.013530e-04  7.334349e-01  9.364681e-05  
   0.0620000  7.676426e-01  1.090031e-04  7.676788e-01  1.090104e-04  7.335597e-01  1.007195e-04  
   0.0830000  7.677958e-01  1.172980e-04  7.678316e-01  1.173055e-04  7.337011e-01  1.083809e-04  
   0.1040000  7.679695e-01  1.262600e-04  7.680056e-01  1.262676e-04  7.338617e-01  1.166581e-04  
   0.1240000  7.681559e-01  1.354366e-04  7.681922e-01  1.354444e-04  7.340339e-01  1.251332e-04  
   0.1450000  7.683759e-01  1.457606e-04  7.684121e-01  1.457684e-04  7.342370e-01  1.346677e-04  
   0.1660000  7.686229e-01  1.567964e-04  7.686592e-01  1.568044e-04  7.344654e-01  1.448592e-04  
   0.1870000  7.688989e-01  1.685405e-04  7.689353e-01  1.685486e-04  7.347202e-01  1.557043e-04  
   0.2080000  7.692062e-01  1.809784e-04  7.692425e-01  1.809865e-04  7.350041e-01  1.671897e-04  
   0.2290000  7.695462e-01  1.940848e-04  7.695827e-01  1.940932e-04  7.353183e-01  1.792921e-04  
   0.2490000  7.699023e-01  2.071565e-04  7.699387e-01  2.071652e-04  7.356471e-01  1.913620e-04  
   0.2700000  7.703109e-01  2.214590e-04  7.703474e-01  2.214681e-04  7.360246e-01  2.045679e-04  
   0.2910000  7.707561e-01  2.363036e-04  7.707927e-01  2.363132e-04  7.364359e-01  2.182737e-04  
   0.3120000  7.712394e-01  2.516367e-04  7.712759e-01  2.516469e-04  7.368822e-01  2.324299e-04  
   0.3330000  7.717603e-01  2.674031e-04  7.717966e-01  2.674143e-04  7.373634e-01  2.469857e-04  
   0.3540000  7.723197e-01  2.835502e-04  7.723562e-01  2.835622e-04  7.378800e-01  2.618920e-04  
   0.3740000  7.728882e-01  2.992364e-04  7.729247e-01  2.992495e-04  7.384051e-01  2.763720e-04  
   0.3950000  7.735224e-01  3.159878e-04  7.735592e-01  3.160021e-04  7.389910e-01  2.918346e-04  
   0.4160000  7.741950e-01  3.329897e-04  7.742317e-01  3.330054e-04  7.396121e-01  3.075273e-04  
   0.4374300  7.749214e-01  3.505661e-04  7.749580e-01  3.505833e-04  7.402826e-01  3.237492e-04  
   0.4574300  7.756346e-01  3.671533e-04  7.756712e-01  3.671719e-04  7.409415e-01  3.390569e-04  
   0.4784300  7.764209e-01  3.847436e-04  7.764577e-01  3.847640e-04  7.416675e-01  3.552891e-04  
   0.4994300  7.772452e-01  4.025002e-04  7.772821e-01  4.025224e-04  7.424288e-01  3.716732e-04  
   0.5204300  7.781078e-01  4.204159e-04  7.781445e-01  4.204400e-04  7.432253e-01  3.882026e-04  
   0.5414300  7.790084e-01  4.384870e-04  7.790452e-01  4.385131e-04  7.440567e-01  4.048740e-04  
   0.5614300  7.799022e-01  4.558422e-04  7.799391e-01  4.558704e-04  7.448819e-01  4.208833e-04  
   0.5824300  7.808784e-01  4.742189e-04  7.809152e-01  4.742494e-04  7.457833e-01  4.378331e-04  
   0.6034300  7.818934e-01  4.927561e-04  7.819306e-01  4.927886e-04  7.467202e-01  4.549291e-04  
   0.6244300  7.829478e-01  5.114592e-04  7.829850e-01  5.114940e-04  7.476940e-01  4.721765e-04  
   0.6454300  7.840419e-01  5.303338e-04  7.840790e-01  5.303710e-04  7.487039e-01  4.895803e-04  
   0.6664300  7.851759e-01  5.493856e-04  7.852131e-01  5.494254e-04  7.497507e-01  5.071452e-04  
   0.6864300  7.862929e-01  5.677015e-04  7.863300e-01  5.677435e-04  7.507820e-01  5.240299e-04  
   0.7074300  7.875057e-01  5.871193e-04  7.875431e-01  5.871638e-04  7.519016e-01  5.419287e-04  
   0.7284300  7.887594e-01  6.067351e-04  7.887969e-01  6.067820e-04  7.530587e-01  5.600083e-04  
   0.7494300  7.900547e-01  6.265566e-04  7.900923e-01  6.266060e-04  7.542542e-01  5.782751e-04  
   0.7704300  7.913917e-01  6.465910e-04  7.914293e-01  6.466424e-04  7.554879e-01  5.967366e-04  
   0.7914300  7.927709e-01  6.668469e-04  7.928089e-01  6.669004e-04  7.567609e-01  6.154001e-04  
   0.8114300  7.941240e-01  6.863511e-04  7.941617e-01  6.864066e-04  7.580096e-01  6.333694e-04  
   0.8324300  7.955869e-01  7.070632e-04  7.956249e-01  7.071203e-04  7.593593e-01  6.524495e-04  
   0.8540300  7.971375e-01  7.286249e-04  7.971756e-01  7.286835e-04  7.607903e-01  6.723108e-04  
   0.8740300  7.986150e-01  7.488307e-04  7.986529e-01  7.488909e-04  7.621534e-01  6.909217e-04  
   0.8950300  8.002099e-01  7.703070e-04  8.002481e-01  7.703684e-04  7.636250e-01  7.107013e-04  
   0.9160300  8.018499e-01  7.920592e-04  8.018882e-01  7.921217e-04  7.651381e-01  7.307338e-04  
   0.9370300  8.035361e-01  8.140977e-04  8.035746e-01  8.141610e-04  7.666937e-01  7.510289e-04  
   0.9580300  8.052688e-01  8.364336e-04  8.053074e-01  8.364977e-04  7.682922e-01  7.715970e-04  
   0.9780300  8.069632e-01  8.579931e-04  8.070019e-01  8.580578e-04  7.698550e-01  7.914494e-04  
   0.9990300  8.087889e-01  8.809419e-04  8.088276e-01  8.810073e-04  7.715390e-01  8.125808e-04  
   1.0200300  8.106633e-01  9.042216e-04  8.107023e-01  9.042880e-04  7.732679e-01  8.340173e-04  
   1.0410300  8.125868e-01  9.278448e-04  8.126261e-01  9.279118e-04  7.750425e-01  8.557700e-04  
   1.0620300  8.145609e-01  9.518228e-04  8.146002e-01  9.518905e-04  7.768631e-01  8.778505e-04  
   1.0830300  8.165855e-01  9.761686e-04  8.166249e-01  9.762378e-04  7.787305e-01  9.002707e-04  
   1.1030300  8.185617e-01  9.997085e-04  8.186013e-01  9.997784e-04  7.805528e-01  9.219505e-04  
   1.1240300  8.206878e-01  1.024809e-03  8.207275e-01  1.024880e-03  7.825134e-01  9.450701e-04  
   1.1450300  8.228669e-01  1.050317e-03  8.229067e-01  1.050390e-03  7.845232e-01  9.685681e-04  
   1.1660300  8.251004e-01  1.076246e-03  8.251401e-01  1.076320e-03  7.865822e-01  9.924584e-04  
   1.1870300  8.273881e-01  1.102610e-03  8.274283e-01  1.102686e-03  7.886925e-01  1.016755e-03  
   1.2080300  8.297320e-01  1.129426e-03  8.297722e-01  1.129504e-03  7.908537e-01  1.041476e-03  
   1.2280300  8.320166e-01  1.155398e-03  8.320569e-01  1.155478e-03  7.929603e-01  1.065427e-03  
   1.2490300  8.344717e-01  1.183141e-03  8.345122e-01  1.183224e-03  7.952244e-01  1.091024e-03  
   1.2706300  8.370587e-01  1.212201e-03  8.370995e-01  1.212286e-03  7.976097e-01  1.117852e-03  
   1.2906300  8.395102e-01  1.239598e-03  8.395509e-01  1.239685e-03  7.998704e-01  1.143166e-03  
   1.3116300  8.421437e-01  1.268892e-03  8.421847e-01  1.268982e-03  8.022990e-01  1.170261e-03  
   1.3326300  8.448389e-01  1.298746e-03  8.448802e-01  1.298838e-03  8.047848e-01  1.197914e-03  
   1.3536299  8.475975e-01  1.329183e-03  8.476390e-01  1.329276e-03  8.073293e-01  1.226164e-03  
   1.3746300  8.504209e-01  1.360225e-03  8.504624e-01  1.360321e-03  8.099333e-01  1.255057e-03  
   1.3946300  8.531712e-01  1.390374e-03  8.532131e-01  1.390473e-03  8.124705e-01  1.283224e-03  
   1.4156300  8.561244e-01  1.422671e-03  8.561664e-01  1.422772e-03  8.151956e-01  1.313553e-03  
   1.4366300  8.591462e-01  1.455652e-03  8.591884e-01  1.455755e-03  8.179839e-01  1.344747e-03  
   1.4576300  8.622386e-01  1.489349e-03  8.622806e-01  1.489454e-03  8.208381e-01  1.376925e-03  
   1.4786299  8.654023e-01  1.523794e-03  8.654448e-01  1.523903e-03  8.237590e-01  1.410243e-03  
   1.4996300  8.686393e-01  1.559028e-03  8.686821e-01  1.559139e-03  8.267484e-01  1.444897e-03  
   1.5196300  8.717908e-01  1.593353e-03  8.718342e-01  1.593467e-03  8.296600e-01  1.479364e-03  
   1.5406300  8.751752e-01  1.630251e-03  8.752185e-01  1.630368e-03  8.327874e-01  1.517378e-03  
   1.5616300  8.786374e-01  1.668080e-03  8.786810e-01  1.668200e-03  8.359880e-01  1.557612e-03  
   1.5826300  8.821792e-01  1.706902e-03  8.822231e-01  1.707025e-03  8.392636e-01  1.600484e-03  
   1.6036299  8.858026e-01  1.746787e-03  8.858466e-01  1.746915e-03  8.426160e-01  1.646476e-03  
   1.6246300  8.895096e-01  1.787819e-03  8.895540e-01  1.787951e-03  8.460469e-01  1.696124e-03  
   1.6446300  8.931190e-01  1.828045e-03  8.931634e-01  1.828182e-03  8.493890e-01  1.747340e-03  
   1.6656300  8.969944e-01  1.871589e-03  8.970394e-01  1.871732e-03  8.529783e-01  1.805840e-03  
   1.6872300  9.010744e-01  1.917895e-03  9.011198e-01  1.918044e-03  8.567585e-01  1.871720e-03  
   1.7072300  9.049389e-01  1.962261e-03  9.049841e-01  1.962416e-03  8.603398e-01  1.938479e-03  
   1.7282300  9.090886e-01  2.010523e-03  9.091341e-01  2.010685e-03  8.641858e-01  2.015147e-03  
   1.7492300  9.133347e-01  2.060653e-03  9.133806e-01  2.060821e-03  8.681218e-01  2.099144e-03  
   1.7702301  9.176804e-01  2.112807e-03  9.177266e-01  2.112983e-03  8.721495e-01  2.191044e-03  
   1.7912300  9.221282e-01  2.167155e-03  9.221749e-01  2.167336e-03  8.762710e-01  2.291394e-03  
   1.8112299  9.264615e-01  2.221106e-03  9.265085e-01  2.221294e-03  8.802851e-01  2.395290e-03  
   1.8322300  9.311162e-01  2.280215e-03  9.311639e-01  2.280410e-03  8.845955e-01  2.513583e-03  
   1.8532300  9.358818e-01  2.342003e-03  9.359294e-01  2.342204e-03  8.890052e-01  2.641746e-03  
   1.8742300  9.407610e-01  2.406614e-03  9.408087e-01  2.406820e-03  8.935165e-01  2.780189e-03  
   1.8952301  9.457561e-01  2.474170e-03  9.458047e-01  2.474381e-03  8.981307e-01  2.929264e-03  
   1.9162300  9.508722e-01  2.544761e-03  9.509211e-01  2.544977e-03  9.028506e-01  3.089241e-03  
   1.9362299  9.558576e-01  2.614867e-03  9.559073e-01  2.615086e-03  9.074436e-01  3.251878e-03  
   1.9572300  9.612169e-01  2.691513e-03  9.612666e-01  2.691734e-03  9.123723e-01  3.433449e-03  
   1.9782300  9.667067e-01  2.771242e-03  9.667566e-01  2.771465e-03  9.174110e-01  3.625923e-03  
   1.9992300  9.723300e-01  2.853989e-03  9.723807e-01  2.854215e-03  9.225619e-01  3.828934e-03  
   2.0202301  9.780921e-01  2.939666e-03  9.781433e-01  2.939893e-03  9.278280e-01  4.041942e-03  
   2.0412300  9.839979e-01  3.028160e-03  9.840491e-01  3.028390e-03  9.332117e-01  4.264231e-03  
   2.0612299  9.897586e-01  3.114972e-03  9.898103e-01  3.115204e-03  9.384515e-01  4.483828e-03  
   2.0822301  9.959573e-01  3.208719e-03  9.960096e-01  3.208956e-03  9.440748e-01  4.721900e-03  
   2.1038301  1.002499e+00  3.307919e-03  1.002552e+00  3.308162e-03  9.499953e-01  4.973985e-03  
   2.1238301  1.008711e+00  3.402369e-03  1.008765e+00  3.402617e-03  9.556043e-01  5.213351e-03  
   2.1448300  1.015401e+00  3.504445e-03  1.015455e+00  3.504700e-03  9.616320e-01  5.470491e-03  
   2.1658299  1.022269e+00  3.609869e-03  1.022323e+00  3.610135e-03  9.678059e-01  5.733518e-03  
   2.1868300  1.029322e+00  3.719204e-03  1.029377e+00  3.719483e-03  9.741349e-01  6.002728e-03  
   2.2078300  1.036567e+00  3.833194e-03  1.036623e+00  3.833485e-03  9.806241e-01  6.278745e-03  
   2.2278299  1.043654e+00  3.946947e-03  1.043711e+00  3.947253e-03  9.869624e-01  6.548848e-03  
   2.2488301  1.051300e+00  4.072920e-03  1.051357e+00  4.073245e-03  9.937885e-01  6.841265e-03  
   2.2698300  1.059162e+00  4.206856e-03  1.059220e+00  4.207199e-03  1.000798e+00  7.144195e-03  
   2.2908299  1.067250e+00  4.350189e-03  1.067309e+00  4.350552e-03  1.008000e+00  7.459364e-03  
   2.3118300  1.075575e+00  4.504444e-03  1.075634e+00  4.504831e-03  1.015402e+00  7.788598e-03  
   2.3328300  1.084144e+00  4.671196e-03  1.084203e+00  4.671607e-03  1.023011e+00  8.133792e-03  
   2.3528299  1.092541e+00  4.843063e-03  1.092601e+00  4.843498e-03  1.030459e+00  8.479116e-03  
   2.3738301  1.101616e+00  5.038690e-03  1.101678e+00  5.039152e-03  1.038500e+00  8.860864e-03  
   2.3948300  1.110967e+00  5.251224e-03  1.111029e+00  5.251713e-03  1.046772e+00  9.263872e-03  
   2.4158299  1.120605e+00  5.481918e-03  1.120668e+00  5.482435e-03  1.055287e+00  9.689630e-03  
   2.4368300  1.130543e+00  5.731823e-03  1.130606e+00  5.732372e-03  1.064055e+00  1.013938e-02  
   2.4578300  1.140792e+00  6.001783e-03  1.140857e+00  6.002361e-03  1.073083e+00  1.061402e-02  
   2.4778299  1.150858e+00  6.278120e-03  1.150924e+00  6.278733e-03  1.081932e+00  1.108977e-02  
   2.4988301  1.161762e+00  6.588938e-03  1.161829e+00  6.589587e-03  1.091499e+00  1.161448e-02  
   2.5204301  1.173354e+00  6.931102e-03  1.173422e+00  6.931790e-03  1.101647e+00  1.218112e-02  
   2.5404301  1.184447e+00  7.268566e-03  1.184516e+00  7.269296e-03  1.111332e+00  1.272991e-02  
   2.5614300  1.196487e+00  7.644726e-03  1.196557e+00  7.645501e-03  1.121815e+00  1.333073e-02  
   2.5824299  1.208954e+00  8.043948e-03  1.209025e+00  8.044772e-03  1.132636e+00  1.395632e-02  
   2.6034300  1.221877e+00  8.467418e-03  1.221949e+00  8.468302e-03  1.143816e+00  1.460632e-02  
   2.6244299  1.235285e+00  8.916994e-03  1.235360e+00  8.917935e-03  1.155375e+00  1.528058e-02  
   2.6444299  1.248541e+00  9.372028e-03  1.248617e+00  9.373033e-03  1.166759e+00  1.594555e-02  
   2.6654301  1.263007e+00  9.881996e-03  1.263084e+00  9.883074e-03  1.179137e+00  1.666868e-02  
   2.6864300  1.278075e+00  1.043073e-02  1.278154e+00  1.043189e-02  1.191980e+00  1.741920e-02  
   2.7074299  1.293798e+00  1.102652e-02  1.293879e+00  1.102778e-02  1.205328e+00  1.820056e-02  
   2.7284300  1.310231e+00  1.168086e-02  1.310314e+00  1.168223e-02  1.219224e+00  1.901818e-02  
   2.7494299  1.327436e+00  1.240952e-02  1.327521e+00  1.241101e-02  1.233715e+00  1.988013e-02  
   2.7694299  1.344606e+00  1.319223e-02  1.344692e+00  1.319386e-02  1.248118e+00  2.075290e-02  
   2.7904301  1.363533e+00  1.413516e-02  1.363622e+00  1.413697e-02  1.263933e+00  2.173935e-02  
   2.8114300  1.383469e+00  1.524050e-02  1.383560e+00  1.524252e-02  1.280520e+00  2.281920e-02  
   2.8324299  1.404510e+00  1.656025e-02  1.404605e+00  1.656257e-02  1.297954e+00  2.402188e-02  
   2.8534300  1.426767e+00  1.816327e-02  1.426864e+00  1.816596e-02  1.316312e+00  2.538604e-02  
   2.8744299  1.450353e+00  2.013958e-02  1.450454e+00  2.014277e-02  1.335684e+00  2.696186e-02  
   2.8944299  1.474166e+00  2.247484e-02  1.474269e+00  2.247867e-02  1.355160e+00  2.871816e-02  
   2.9154301  1.500705e+00  2.554356e-02  1.500813e+00  2.554827e-02  1.376783e+00  3.090864e-02  
   2.9370301  1.529771e+00  2.954866e-02  1.529884e+00  2.955459e-02  1.400388e+00  3.363773e-02  
   2.9570301  1.558391e+00  3.423372e-02  1.558507e+00  3.424111e-02  1.423577e+00  3.671389e-02  
   2.9780300  1.590295e+00  4.042286e-02  1.590417e+00  4.043231e-02  1.449410e+00  4.066361e-02  
   2.9990301  1.624161e+00  4.822060e-02  1.624289e+00  4.823267e-02  1.476865e+00  4.553773e-02  
   3.0200300  1.660007e+00  5.798277e-02  1.660140e+00  5.799821e-02  1.506032e+00  5.156392e-02  
   3.0410299  1.697792e+00  7.010414e-02  1.697930e+00  7.012380e-02  1.536985e+00  5.901176e-02  
   3.0610299  1.735477e+00  8.422909e-02  1.735622e+00  8.425371e-02  1.568161e+00  6.771240e-02  
   3.0820301  1.776641e+00  1.021906e-01  1.776791e+00  1.022216e-01  1.602677e+00  7.887625e-02  
   3.1030300  1.819143e+00  1.237846e-01  1.819299e+00  1.238232e-01  1.638961e+00  9.250320e-02  
   3.1240301  1.862591e+00  1.494169e-01  1.862753e+00  1.494644e-01  1.676885e+00  1.090149e-01  
   3.1450300  1.906477e+00  1.794374e-01  1.906645e+00  1.794952e-01  1.716230e+00  1.288481e-01  
   3.1660299  1.950205e+00  2.141142e-01  1.950377e+00  2.141838e-01  1.756684e+00  1.524380e-01  
   3.1860299  1.991079e+00  2.516150e-01  1.991256e+00  2.516969e-01  1.795857e+00  1.787709e-01  
   3.2070301  2.032479e+00  2.957177e-01  2.032658e+00  2.958136e-01  1.837160e+00  2.108217e-01  
   3.2280300  2.071569e+00  3.445436e-01  2.071752e+00  3.446546e-01  1.878013e+00  2.476482e-01  
   3.2490301  2.107593e+00  3.978178e-01  2.107778e+00  3.979442e-01  1.917697e+00  2.894099e-01  
   3.2700300  2.139843e+00  4.551061e-01  2.140029e+00  4.552484e-01  1.955415e+00  3.361217e-01  
   3.2910299  2.167698e+00  5.158327e-01  2.167885e+00  5.159904e-01  1.990342e+00  3.876342e-01  
   3.3110299  2.189689e+00  5.762278e-01  2.189876e+00  5.764001e-01  2.020252e+00  4.408573e-01  
   3.3320301  2.207689e+00  6.415833e-01  2.207873e+00  6.417693e-01  2.047384e+00  5.006230e-01  
   3.3536301  2.220589e+00  7.100245e-01  2.220772e+00  7.102237e-01  2.070008e+00  5.655347e-01  
   3.3736300  2.227472e+00  7.737261e-01  2.227650e+00  7.739354e-01  2.085658e+00  6.279634e-01  
   3.3946300  2.229646e+00  8.401988e-01  2.229820e+00  8.404174e-01  2.096241e+00  6.949936e-01  
   3.4156301  2.226986e+00  9.055670e-01  2.227155e+00  9.057929e-01  2.100654e+00  7.625285e-01  
   3.4366300  2.219970e+00  9.692562e-01  2.220133e+00  9.694869e-01  2.098946e+00  8.295159e-01  
   3.4576299  2.209165e+00  1.030834e+00  2.209321e+00  1.031068e+00  2.091386e+00  8.949419e-01  
   3.4776299  2.195909e+00  1.087258e+00  2.196059e+00  1.087494e+00  2.079184e+00  9.549553e-01  
   3.4986300  2.179463e+00  1.144039e+00  2.179604e+00  1.144275e+00  2.061753e+00  1.014804e+00  
   3.5196300  2.160989e+00  1.198285e+00  2.161121e+00  1.198520e+00  2.040378e+00  1.070815e+00  
   3.5406301  2.140987e+00  1.250088e+00  2.141109e+00  1.250322e+00  2.015950e+00  1.122597e+00  
   3.5616300  2.119857e+00  1.299607e+00  2.119969e+00  1.299839e+00  1.989385e+00  1.169978e+00  
   3.5826299  2.097896e+00  1.347034e+00  2.097997e+00  1.347264e+00  1.961577e+00  1.213006e+00  
   3.6026299  2.076390e+00  1.390428e+00  2.076480e+00  1.390656e+00  1.934682e+00  1.250158e+00  
   3.6236300  2.053294e+00  1.434274e+00  2.053373e+00  1.434500e+00  1.906674e+00  1.285532e+00  
   3.6446300  2.029727e+00  1.476459e+00  2.029795e+00  1.476682e+00  1.879436e+00  1.317678e+00  
   3.6656301  2.005709e+00  1.517017e+00  2.005766e+00  1.517237e+00  1.853343e+00  1.347160e+00  
   3.6866300  1.981273e+00  1.555921e+00  1.981320e+00  1.556138e+00  1.828612e+00  1.374542e+00  
   3.7076299  1.956484e+00  1.593095e+00  1.956522e+00  1.593307e+00  1.805313e+00  1.400342e+00  
   3.7276299  1.932664e+00  1.626796e+00  1.932694e+00  1.627004e+00  1.784423e+00  1.423839e+00  
   3.7486300  1.907631e+00  1.660302e+00  1.907654e+00  1.660504e+00  1.763753e+00  1.447701e+00  
   3.7702301  1.882165e+00  1.692693e+00  1.882184e+00  1.692887e+00  1.743714e+00  1.471603e+00  
   3.7902300  1.859193e+00  1.720817e+00  1.859209e+00  1.721005e+00  1.726161e+00  1.493262e+00  
   3.8112299  1.836137e+00  1.748525e+00  1.836152e+00  1.748705e+00  1.708709e+00  1.515554e+00  
   3.8322301  1.814653e+00  1.774599e+00  1.814669e+00  1.774771e+00  1.692275e+00  1.537382e+00  
   3.8532300  1.795245e+00  1.799420e+00  1.795262e+00  1.799586e+00  1.676956e+00  1.558746e+00  
   3.8742299  1.778384e+00  1.823527e+00  1.778403e+00  1.823686e+00  1.662932e+00  1.579685e+00  
   3.8942299  1.765062e+00  1.846448e+00  1.765084e+00  1.846601e+00  1.650996e+00  1.599339e+00  
   3.9152300  1.754213e+00  1.871260e+00  1.754239e+00  1.871411e+00  1.640221e+00  1.619886e+00  
   3.9362299  1.746702e+00  1.897753e+00  1.746732e+00  1.897903e+00  1.631523e+00  1.640680e+00  
   3.9572301  1.742451e+00  1.926935e+00  1.742483e+00  1.927088e+00  1.625154e+00  1.662197e+00  
   3.9782300  1.741149e+00  1.959841e+00  1.741183e+00  1.960000e+00  1.621296e+00  1.685035e+00  
   3.9992299  1.742238e+00  1.997487e+00  1.742273e+00  1.997653e+00  1.620030e+00  1.709906e+00  
   4.0192299  1.744756e+00  2.038605e+00  1.744790e+00  2.038782e+00  1.621184e+00  1.736215e+00  
   4.0402298  1.747946e+00  2.088080e+00  1.747976e+00  2.088270e+00  1.624665e+00  1.767415e+00  
   4.0612302  1.750450e+00  2.144615e+00  1.750474e+00  2.144819e+00  1.630072e+00  1.803143e+00  
   4.0822301  1.750832e+00  2.208586e+00  1.750847e+00  2.208804e+00  1.636789e+00  1.844260e+00  
   4.1032300  1.747535e+00  2.280094e+00  1.747538e+00  2.280325e+00  1.643978e+00  1.891562e+00  
   4.1242299  1.738951e+00  2.358938e+00  1.738939e+00  2.359181e+00  1.650566e+00  1.945731e+00  
   4.1442299  1.724400e+00  2.440382e+00  1.724369e+00  2.440633e+00  1.655097e+00  2.004166e+00  
   4.1652298  1.700977e+00  2.531789e+00  1.700925e+00  2.532045e+00  1.656585e+00  2.072980e+00  
   4.1868300  1.666770e+00  2.630973e+00  1.666693e+00  2.631228e+00  1.652894e+00  2.151721e+00  
   4.2068300  1.624868e+00  2.726223e+00  1.624764e+00  2.726473e+00  1.643090e+00  2.231504e+00  
   4.2278299  1.569400e+00  2.828269e+00  1.569266e+00  2.828507e+00  1.624427e+00  2.321684e+00  
   4.2488298  1.501558e+00  2.930729e+00  1.501392e+00  2.930950e+00  1.595459e+00  2.417313e+00  
   4.2698302  1.420996e+00  3.031806e+00  1.420795e+00  3.032005e+00  1.554584e+00  2.516854e+00  
   4.2908301  1.327665e+00  3.129641e+00  1.327430e+00  3.129814e+00  1.500476e+00  2.618376e+00  
   4.3108301  1.227121e+00  3.218109e+00  1.226853e+00  3.218251e+00  1.435766e+00  2.714846e+00  
   4.3318300  1.109789e+00  3.304296e+00  1.109485e+00  3.304405e+00  1.353515e+00  2.813501e+00  
   4.3528299  9.811487e-01  3.381886e+00  9.808101e-01  3.381957e+00  1.256661e+00  2.906855e+00  
   4.3738298  8.421836e-01  3.449212e+00  8.418119e-01  3.449243e+00  1.145835e+00  2.992246e+00  
   4.3948302  6.940916e-01  3.504725e+00  6.936895e-01  3.504716e+00  1.022258e+00  3.067139e+00  
   4.4158301  5.382872e-01  3.547017e+00  5.378578e-01  3.546966e+00  8.877110e-01  3.129253e+00  
   4.4358301  3.841910e-01  3.573870e+00  3.837393e-01  3.573780e+00  7.514317e-01  3.174795e+00  
   4.4568300  2.181047e-01  3.586968e+00  2.176339e-01  3.586837e+00  6.023093e-01  3.206963e+00  
   4.4778299  4.954510e-02  3.583795e+00  4.906075e-02  3.583623e+00  4.498213e-01  3.222256e+00  
   4.4988298  -1.193918e-01  3.563806e+00  -1.198836e-01  3.563595e+00  2.969134e-01  3.220415e+00  
   4.5198302  -2.864944e-01  3.526765e+00  -2.869870e-01  3.526516e+00  1.464689e-01  3.201771e+00  
   4.5408301  -4.494646e-01  3.472796e+00  -4.499505e-01  3.472512e+00  1.181588e-03  3.167222e+00  
   4.5608301  -5.987248e-01  3.406125e+00  -5.991976e-01  3.405811e+00  -1.302263e-01  3.120792e+00  
   4.5818300  -7.470376e-01  3.320972e+00  -7.474884e-01  3.320629e+00  -2.590039e-01  3.059527e+00  
   4.6034298  -8.884116e-01  3.218591e+00  -8.888323e-01  3.218225e+00  -3.800678e-01  2.985256e+00  
   4.6234298  -1.007449e+00  3.112057e+00  -1.007835e+00  3.111673e+00  -4.809025e-01  2.908373e+00  
   4.6444302  -1.118650e+00  2.990095e+00  -1.118994e+00  2.989699e+00  -5.745895e-01  2.821428e+00  
   4.6654301  -1.214589e+00  2.860161e+00  -1.214885e+00  2.859758e+00  -6.556710e-01  2.730280e+00  
   4.6864300  -1.294578e+00  2.724852e+00  -1.294821e+00  2.724449e+00  -7.244077e-01  2.636984e+00  
   4.7074299  -1.358428e+00  2.586852e+00  -1.358616e+00  2.586455e+00  -7.813678e-01  2.543402e+00  
   4.7274299  -1.404512e+00  2.455336e+00  -1.404647e+00  2.454951e+00  -8.253974e-01  2.455486e+00  
   4.7484298  -1.438175e+00  2.319531e+00  -1.438254e+00  2.319163e+00  -8.618191e-01  2.365743e+00  
   4.7694302  -1.457901e+00  2.188237e+00  -1.457926e+00  2.187891e+00  -8.892266e-01  2.279695e+00  
   4.7904301  -1.465161e+00  2.063314e+00  -1.465135e+00  2.062995e+00  -9.087052e-01  2.198165e+00  
   4.8114300  -1.461640e+00  1.946205e+00  -1.461567e+00  1.945915e+00  -9.213331e-01  2.121729e+00  
   4.8324299  -1.449125e+00  1.837929e+00  -1.449009e+00  1.837670e+00  -9.281447e-01  2.050748e+00  
   4.8524299  -1.430482e+00  1.743576e+00  -1.430329e+00  1.743349e+00  -9.301095e-01  1.988379e+00  
   4.8734298  -1.405490e+00  1.653935e+00  -1.405304e+00  1.653741e+00  -9.282738e-01  1.928405e+00  
   4.8944302  -1.376495e+00  1.573868e+00  -1.376280e+00  1.573707e+00  -9.232270e-01  1.873979e+00  
   4.9154301  -1.344883e+00  1.503035e+00  -1.344645e+00  1.502904e+00  -9.156714e-01  1.824906e+00  
   4.9364300  -1.311834e+00  1.440897e+00  -1.311576e+00  1.440796e+00  -9.062170e-01  1.780916e+00  
   4.9574299  -1.278311e+00  1.386791e+00  -1.278038e+00  1.386718e+00  -8.953856e-01  1.741692e+00  
   4.9774299  -1.246644e+00  1.342054e+00  -1.246360e+00  1.342006e+00  -8.841930e-01  1.708453e+00  
   4.9984298  -1.214225e+00  1.301479e+00  -1.213932e+00  1.301455e+00  -8.718721e-01  1.677527e+00  
