w Re-xx Im-xx Re-yy Im-yy Re-zz Im-zz
# Gaussian absolute broadening  0.15 [eV]
   0.0000000  7.689686e-01  8.858467e-05  7.689673e-01  8.858471e-05  7.246969e-01  7.887011e-05  
   0.0200000  7.690687e-01  9.480686e-05  7.690675e-01  9.480691e-05  7.247861e-01  8.440827e-05  
   0.0410000  7.691879e-01  1.018974e-04  7.691868e-01  1.018975e-04  7.248920e-01  9.071899e-05  
   0.0620000  7.693236e-01  1.095950e-04  7.693223e-01  1.095951e-04  7.250128e-01  9.756975e-05  
   0.0830000  7.694776e-01  1.179337e-04  7.694762e-01  1.179338e-04  7.251499e-01  1.049907e-04  
   0.1040000  7.696524e-01  1.269429e-04  7.696512e-01  1.269432e-04  7.253054e-01  1.130081e-04  
   0.1240000  7.698396e-01  1.361680e-04  7.698385e-01  1.361683e-04  7.254722e-01  1.212169e-04  
   0.1450000  7.700607e-01  1.465465e-04  7.700596e-01  1.465470e-04  7.256692e-01  1.304516e-04  
   0.1660000  7.703093e-01  1.576407e-04  7.703080e-01  1.576413e-04  7.258902e-01  1.403222e-04  
   0.1870000  7.705867e-01  1.694469e-04  7.705854e-01  1.694478e-04  7.261373e-01  1.508255e-04  
   0.2080000  7.708956e-01  1.819506e-04  7.708943e-01  1.819518e-04  7.264124e-01  1.619482e-04  
   0.2290000  7.712373e-01  1.951266e-04  7.712361e-01  1.951281e-04  7.267166e-01  1.736677e-04  
   0.2490000  7.715952e-01  2.082677e-04  7.715940e-01  2.082697e-04  7.270349e-01  1.853548e-04  
   0.2700000  7.720062e-01  2.226462e-04  7.720050e-01  2.226487e-04  7.274007e-01  1.981407e-04  
   0.2910000  7.724538e-01  2.375696e-04  7.724527e-01  2.375728e-04  7.277992e-01  2.114093e-04  
   0.3120000  7.729394e-01  2.529844e-04  7.729383e-01  2.529884e-04  7.282313e-01  2.251123e-04  
   0.3330000  7.734632e-01  2.688351e-04  7.734620e-01  2.688401e-04  7.286976e-01  2.392004e-04  
   0.3540000  7.740257e-01  2.850681e-04  7.740246e-01  2.850741e-04  7.291977e-01  2.536256e-04  
   0.3740000  7.745970e-01  3.008381e-04  7.745960e-01  3.008453e-04  7.297063e-01  2.676362e-04  
   0.3950000  7.752347e-01  3.176790e-04  7.752337e-01  3.176876e-04  7.302735e-01  2.825950e-04  
   0.4160000  7.759108e-01  3.347718e-04  7.759097e-01  3.347820e-04  7.308751e-01  2.977737e-04  
   0.4374300  7.766410e-01  3.524422e-04  7.766400e-01  3.524541e-04  7.315245e-01  3.134610e-04  
   0.4574300  7.773583e-01  3.691182e-04  7.773572e-01  3.691317e-04  7.321622e-01  3.282615e-04  
   0.4784300  7.781487e-01  3.868027e-04  7.781477e-01  3.868181e-04  7.328652e-01  3.439527e-04  
   0.4994300  7.789775e-01  4.046544e-04  7.789765e-01  4.046717e-04  7.336021e-01  3.597870e-04  
   0.5204300  7.798444e-01  4.226662e-04  7.798434e-01  4.226854e-04  7.343729e-01  3.757582e-04  
   0.5414300  7.807499e-01  4.408346e-04  7.807490e-01  4.408557e-04  7.351779e-01  3.918627e-04  
   0.5614300  7.816485e-01  4.582832e-04  7.816476e-01  4.583060e-04  7.359766e-01  4.073238e-04  
   0.5824300  7.826298e-01  4.767589e-04  7.826290e-01  4.767835e-04  7.368490e-01  4.236890e-04  
   0.6034300  7.836503e-01  4.953963e-04  7.836494e-01  4.954226e-04  7.377557e-01  4.401910e-04  
   0.6244300  7.847105e-01  5.142009e-04  7.847098e-01  5.142289e-04  7.386976e-01  4.568342e-04  
   0.6454300  7.858104e-01  5.331779e-04  7.858096e-01  5.332075e-04  7.396747e-01  4.736234e-04  
   0.6664300  7.869505e-01  5.523337e-04  7.869498e-01  5.523647e-04  7.406873e-01  4.905635e-04  
   0.6864300  7.880735e-01  5.707493e-04  7.880728e-01  5.707816e-04  7.416847e-01  5.068420e-04  
   0.7074300  7.892929e-01  5.902738e-04  7.892922e-01  5.903072e-04  7.427674e-01  5.240930e-04  
   0.7284300  7.905533e-01  6.099977e-04  7.905528e-01  6.100323e-04  7.438864e-01  5.415117e-04  
   0.7494300  7.918557e-01  6.299284e-04  7.918552e-01  6.299642e-04  7.450424e-01  5.591052e-04  
   0.7704300  7.931996e-01  6.500738e-04  7.931991e-01  6.501108e-04  7.462352e-01  5.768791e-04  
   0.7914300  7.945867e-01  6.704422e-04  7.945862e-01  6.704801e-04  7.474658e-01  5.948405e-04  
   0.8114300  7.959468e-01  6.900552e-04  7.959464e-01  6.900939e-04  7.486726e-01  6.121271e-04  
   0.8324300  7.974178e-01  7.108828e-04  7.974173e-01  7.109225e-04  7.499771e-01  6.304748e-04  
   0.8540300  7.989770e-01  7.325654e-04  7.989766e-01  7.326060e-04  7.513598e-01  6.495648e-04  
   0.8740300  8.004623e-01  7.528852e-04  8.004619e-01  7.529264e-04  7.526767e-01  6.674452e-04  
   0.8950300  8.020657e-01  7.744827e-04  8.020654e-01  7.745242e-04  7.540981e-01  6.864390e-04  
   0.9160300  8.037151e-01  7.963577e-04  8.037148e-01  7.963999e-04  7.555596e-01  7.056660e-04  
   0.9370300  8.054102e-01  8.185216e-04  8.054101e-01  8.185641e-04  7.570617e-01  7.251349e-04  
   0.9580300  8.071523e-01  8.409847e-04  8.071524e-01  8.410270e-04  7.586048e-01  7.448547e-04  
   0.9780300  8.088559e-01  8.626669e-04  8.088558e-01  8.627091e-04  7.601134e-01  7.638776e-04  
   0.9990300  8.106917e-01  8.857473e-04  8.106916e-01  8.857890e-04  7.617388e-01  7.841144e-04  
   1.0200300  8.125762e-01  9.091602e-04  8.125762e-01  9.092017e-04  7.634069e-01  8.046303e-04  
   1.0410300  8.145104e-01  9.329185e-04  8.145105e-01  9.329597e-04  7.651187e-01  8.254349e-04  
   1.0620300  8.164952e-01  9.570337e-04  8.164957e-01  9.570745e-04  7.668746e-01  8.465385e-04  
   1.0830300  8.185312e-01  9.815191e-04  8.185314e-01  9.815590e-04  7.686751e-01  8.679512e-04  
   1.1030300  8.205179e-01  1.005193e-03  8.205182e-01  1.005233e-03  7.704317e-01  8.886408e-04  
   1.1240300  8.226557e-01  1.030437e-03  8.226561e-01  1.030477e-03  7.723212e-01  9.106873e-04  
   1.1450300  8.248468e-01  1.056089e-03  8.248473e-01  1.056128e-03  7.742576e-01  9.330747e-04  
   1.1660300  8.270923e-01  1.082164e-03  8.270930e-01  1.082203e-03  7.762411e-01  9.558145e-04  
   1.1870300  8.293932e-01  1.108677e-03  8.293937e-01  1.108716e-03  7.782729e-01  9.789185e-04  
   1.2080300  8.317497e-01  1.135641e-03  8.317505e-01  1.135681e-03  7.803534e-01  1.002399e-03  
   1.2280300  8.340468e-01  1.161757e-03  8.340477e-01  1.161797e-03  7.823808e-01  1.025124e-03  
   1.2490300  8.365155e-01  1.189652e-03  8.365163e-01  1.189693e-03  7.845587e-01  1.049378e-03  
   1.2706300  8.391166e-01  1.218870e-03  8.391178e-01  1.218910e-03  7.868527e-01  1.074761e-03  
   1.2906300  8.415814e-01  1.246413e-03  8.415825e-01  1.246455e-03  7.890255e-01  1.098671e-03  
   1.3116300  8.442296e-01  1.275861e-03  8.442307e-01  1.275904e-03  7.913594e-01  1.124213e-03  
   1.3326300  8.469396e-01  1.305868e-03  8.469410e-01  1.305912e-03  7.937472e-01  1.150219e-03  
   1.3536299  8.497134e-01  1.336456e-03  8.497148e-01  1.336501e-03  7.961897e-01  1.176706e-03  
   1.3746300  8.525522e-01  1.367647e-03  8.525535e-01  1.367693e-03  7.986888e-01  1.203691e-03  
   1.3946300  8.553171e-01  1.397934e-03  8.553188e-01  1.397982e-03  8.011221e-01  1.229872e-03  
   1.4156300  8.582867e-01  1.430368e-03  8.582883e-01  1.430418e-03  8.037339e-01  1.257884e-03  
   1.4366300  8.613251e-01  1.463475e-03  8.613268e-01  1.463526e-03  8.064052e-01  1.286452e-03  
   1.4576300  8.644337e-01  1.497280e-03  8.644357e-01  1.497333e-03  8.091375e-01  1.315596e-03  
   1.4786299  8.676148e-01  1.531809e-03  8.676168e-01  1.531864e-03  8.119318e-01  1.345336e-03  
   1.4996300  8.708691e-01  1.567090e-03  8.708711e-01  1.567147e-03  8.147894e-01  1.375695e-03  
   1.5196300  8.740376e-01  1.601414e-03  8.740398e-01  1.601474e-03  8.175705e-01  1.405203e-03  
   1.5406300  8.774397e-01  1.638246e-03  8.774422e-01  1.638308e-03  8.205548e-01  1.436836e-03  
   1.5616300  8.809199e-01  1.675916e-03  8.809227e-01  1.675981e-03  8.236068e-01  1.469157e-03  
   1.5826300  8.844801e-01  1.714458e-03  8.844829e-01  1.714527e-03  8.267269e-01  1.502193e-03  
   1.6036299  8.881223e-01  1.753906e-03  8.881251e-01  1.753978e-03  8.299172e-01  1.535970e-03  
   1.6246300  8.918483e-01  1.794296e-03  8.918511e-01  1.794372e-03  8.331792e-01  1.570518e-03  
   1.6446300  8.954757e-01  1.833673e-03  8.954787e-01  1.833751e-03  8.363537e-01  1.604163e-03  
   1.6656300  8.993701e-01  1.876014e-03  8.993732e-01  1.876095e-03  8.397595e-01  1.640302e-03  
   1.6872300  9.034705e-01  1.920672e-03  9.034737e-01  1.920758e-03  8.433436e-01  1.678376e-03  
   1.7072300  9.073530e-01  1.963066e-03  9.073569e-01  1.963156e-03  8.467358e-01  1.714479e-03  
   1.7282300  9.115225e-01  2.008708e-03  9.115264e-01  2.008800e-03  8.503762e-01  1.753301e-03  
   1.7492300  9.157890e-01  2.055554e-03  9.157929e-01  2.055651e-03  8.540990e-01  1.793100e-03  
   1.7702301  9.201546e-01  2.103661e-03  9.201588e-01  2.103761e-03  8.579062e-01  1.833919e-03  
   1.7912300  9.246234e-01  2.153085e-03  9.246278e-01  2.153190e-03  8.618004e-01  1.875801e-03  
   1.8112299  9.289771e-01  2.201439e-03  9.289817e-01  2.201546e-03  8.655924e-01  1.916723e-03  
   1.8322300  9.336536e-01  2.253620e-03  9.336582e-01  2.253733e-03  8.696629e-01  1.960824e-03  
   1.8532300  9.384417e-01  2.307317e-03  9.384465e-01  2.307433e-03  8.738277e-01  2.006139e-03  
   1.8742300  9.433443e-01  2.362606e-03  9.433495e-01  2.362726e-03  8.780892e-01  2.052725e-03  
   1.8952301  9.483650e-01  2.419567e-03  9.483704e-01  2.419692e-03  8.824500e-01  2.100644e-03  
   1.9162300  9.535072e-01  2.478291e-03  9.535126e-01  2.478421e-03  8.869127e-01  2.149960e-03  
   1.9362299  9.585198e-01  2.535946e-03  9.585257e-01  2.536080e-03  8.912603e-01  2.198290e-03  
   1.9572300  9.639090e-01  2.598397e-03  9.639149e-01  2.598536e-03  8.959305e-01  2.250542e-03  
   1.9782300  9.694306e-01  2.662924e-03  9.694373e-01  2.663068e-03  9.007123e-01  2.304418e-03  
   1.9992300  9.750889e-01  2.729650e-03  9.750956e-01  2.729800e-03  9.056078e-01  2.360008e-03  
   2.0202301  9.808880e-01  2.798717e-03  9.808952e-01  2.798872e-03  9.106212e-01  2.417411e-03  
   2.0412300  9.868325e-01  2.870278e-03  9.868399e-01  2.870438e-03  9.157560e-01  2.476739e-03  
   2.0612299  9.926339e-01  2.940904e-03  9.926413e-01  2.941071e-03  9.207627e-01  2.535144e-03  
   2.0822301  9.988767e-01  3.017841e-03  9.988846e-01  3.018014e-03  9.261454e-01  2.598598e-03  
   2.1038301  1.005466e+00  3.100164e-03  1.005474e+00  3.100346e-03  9.318219e-01  2.666302e-03  
   2.1238301  1.011724e+00  3.179491e-03  1.011733e+00  3.179680e-03  9.372076e-01  2.731353e-03  
   2.1448300  1.018464e+00  3.266243e-03  1.018473e+00  3.266440e-03  9.430024e-01  2.802289e-03  
   2.1658299  1.025382e+00  3.356818e-03  1.025391e+00  3.357025e-03  9.489448e-01  2.876133e-03  
   2.1868300  1.032486e+00  3.451537e-03  1.032496e+00  3.451755e-03  9.550399e-01  2.953125e-03  
   2.2078300  1.039783e+00  3.550746e-03  1.039793e+00  3.550974e-03  9.612941e-01  3.033529e-03  
   2.2278299  1.046919e+00  3.649756e-03  1.046930e+00  3.649997e-03  9.674040e-01  3.113548e-03  
   2.2488301  1.054616e+00  3.758875e-03  1.054627e+00  3.759131e-03  9.739860e-01  3.201493e-03  
   2.2698300  1.062528e+00  3.873724e-03  1.062540e+00  3.873995e-03  9.807452e-01  3.293809e-03  
   2.2908299  1.070668e+00  3.994813e-03  1.070680e+00  3.995100e-03  9.876897e-01  3.390889e-03  
   2.3118300  1.079042e+00  4.122682e-03  1.079055e+00  4.122987e-03  9.948257e-01  3.493159e-03  
   2.3328300  1.087662e+00  4.257925e-03  1.087675e+00  4.258249e-03  1.002161e+00  3.601090e-03  
   2.3528299  1.096110e+00  4.394175e-03  1.096124e+00  4.394518e-03  1.009340e+00  3.709610e-03  
   2.3738301  1.105241e+00  4.545723e-03  1.105255e+00  4.546091e-03  1.017089e+00  3.830112e-03  
   2.3948300  1.114650e+00  4.706714e-03  1.114665e+00  4.707106e-03  1.025064e+00  3.957930e-03  
   2.4158299  1.124352e+00  4.877975e-03  1.124368e+00  4.878395e-03  1.033274e+00  4.093743e-03  
   2.4368300  1.134361e+00  5.060419e-03  1.134377e+00  5.060867e-03  1.041731e+00  4.238299e-03  
   2.4578300  1.144691e+00  5.255040e-03  1.144709e+00  5.255520e-03  1.050445e+00  4.392422e-03  
   2.4778299  1.154844e+00  5.452735e-03  1.154862e+00  5.453249e-03  1.058995e+00  4.548945e-03  
   2.4988301  1.165851e+00  5.674466e-03  1.165870e+00  5.675018e-03  1.068249e+00  4.724523e-03  
   2.5204301  1.177566e+00  5.919121e-03  1.177586e+00  5.919715e-03  1.078078e+00  4.918327e-03  
   2.5404301  1.188786e+00  6.162160e-03  1.188806e+00  6.162802e-03  1.087474e+00  5.110969e-03  
   2.5614300  1.200977e+00  6.436252e-03  1.200999e+00  6.436944e-03  1.097663e+00  5.328391e-03  
   2.5824299  1.213614e+00  6.731886e-03  1.213636e+00  6.732635e-03  1.108199e+00  5.563087e-03  
   2.6034300  1.226725e+00  7.051733e-03  1.226749e+00  7.052542e-03  1.119106e+00  5.817163e-03  
   2.6244299  1.240342e+00  7.399049e-03  1.240367e+00  7.399927e-03  1.130403e+00  6.093118e-03  
   2.6444299  1.253814e+00  7.759116e-03  1.253840e+00  7.760066e-03  1.141550e+00  6.379053e-03  
   2.6654301  1.268525e+00  8.172947e-03  1.268553e+00  8.173979e-03  1.153686e+00  6.707131e-03  
   2.6864300  1.283859e+00  8.630066e-03  1.283887e+00  8.631194e-03  1.166293e+00  7.068295e-03  
   2.7074299  1.299866e+00  9.139434e-03  1.299896e+00  9.140674e-03  1.179407e+00  7.468396e-03  
   2.7284300  1.316601e+00  9.713070e-03  1.316633e+00  9.714440e-03  1.193065e+00  7.914945e-03  
   2.7494299  1.334130e+00  1.036720e-02  1.334163e+00  1.036872e-02  1.207306e+00  8.417633e-03  
   2.7694299  1.351625e+00  1.108516e-02  1.351661e+00  1.108686e-02  1.221455e+00  8.960071e-03  
   2.7904301  1.370916e+00  1.196735e-02  1.370954e+00  1.196929e-02  1.236974e+00  9.612173e-03  
   2.8114300  1.391239e+00  1.302056e-02  1.391279e+00  1.302279e-02  1.253231e+00  1.036965e-02  
   2.8324299  1.412694e+00  1.429865e-02  1.412737e+00  1.430127e-02  1.270288e+00  1.125990e-02  
   2.8534300  1.435394e+00  1.587335e-02  1.435440e+00  1.587650e-02  1.288217e+00  1.231835e-02  
   2.8744299  1.459459e+00  1.783891e-02  1.459507e+00  1.784277e-02  1.307092e+00  1.359046e-02  
   2.8944299  1.483764e+00  2.018564e-02  1.483816e+00  2.019038e-02  1.326027e+00  1.505358e-02  
   2.9154301  1.510864e+00  2.329675e-02  1.510919e+00  2.330273e-02  1.347000e+00  1.692426e-02  
   2.9370301  1.540560e+00  2.738846e-02  1.540620e+00  2.739614e-02  1.369840e+00  1.930084e-02  
   2.9570301  1.569814e+00  3.220442e-02  1.569877e+00  3.221416e-02  1.392224e+00  2.201709e-02  
   2.9780300  1.602442e+00  3.859826e-02  1.602509e+00  3.861080e-02  1.417104e+00  2.553863e-02  
   2.9990301  1.637092e+00  4.668675e-02  1.637164e+00  4.670284e-02  1.443489e+00  2.991370e-02  
   3.0200300  1.673781e+00  5.684495e-02  1.673857e+00  5.686555e-02  1.471465e+00  3.534658e-02  
   3.0410299  1.712463e+00  6.948780e-02  1.712543e+00  6.951398e-02  1.501102e+00  4.207930e-02  
   3.0610299  1.751046e+00  8.424418e-02  1.751129e+00  8.427681e-02  1.530913e+00  4.995719e-02  
   3.0820301  1.793181e+00  1.030276e-01  1.793268e+00  1.030683e-01  1.563888e+00  6.007595e-02  
   3.1030300  1.836670e+00  1.256203e-01  1.836760e+00  1.256705e-01  1.598536e+00  7.243774e-02  
   3.1240301  1.881094e+00  1.524368e-01  1.881185e+00  1.524978e-01  1.634757e+00  8.743009e-02  
   3.1450300  1.925922e+00  1.838282e-01  1.926015e+00  1.839015e-01  1.672370e+00  1.054597e-01  
   3.1660299  1.970532e+00  2.200550e-01  1.970625e+00  2.201418e-01  1.711112e+00  1.269381e-01  
   3.1860299  2.012168e+00  2.591825e-01  2.012259e+00  2.592831e-01  1.748726e+00  1.509623e-01  
   3.2070301  2.054267e+00  3.051255e-01  2.054356e+00  3.052416e-01  1.788532e+00  1.802766e-01  
   3.2280300  2.093941e+00  3.558931e-01  2.094027e+00  3.560250e-01  1.828101e+00  2.140628e-01  
   3.2490301  2.130433e+00  4.111694e-01  2.130512e+00  4.113173e-01  1.866787e+00  2.525135e-01  
   3.2700300  2.163042e+00  4.704775e-01  2.163115e+00  4.706410e-01  1.903866e+00  2.956943e-01  
   3.2910299  2.191173e+00  5.331999e-01  2.191238e+00  5.333786e-01  1.938573e+00  3.435222e-01  
   3.3110299  2.213377e+00  5.954430e-01  2.213434e+00  5.956351e-01  1.968706e+00  3.931642e-01  
   3.3320301  2.231585e+00  6.626590e-01  2.231633e+00  6.628640e-01  1.996560e+00  4.491775e-01  
   3.3536301  2.244728e+00  7.329190e-01  2.244766e+00  7.331357e-01  2.020460e+00  5.103284e-01  
   3.3736300  2.251897e+00  7.982221e-01  2.251926e+00  7.984485e-01  2.037766e+00  5.694429e-01  
   3.3946300  2.254464e+00  8.663108e-01  2.254482e+00  8.665463e-01  2.050548e+00  6.332381e-01  
   3.4156301  2.252307e+00  9.332602e-01  2.252315e+00  9.335028e-01  2.057586e+00  6.978462e-01  
   3.4366300  2.245896e+00  9.985339e-01  2.245892e+00  9.987834e-01  2.058864e+00  7.622540e-01  
   3.4576299  2.235767e+00  1.061745e+00  2.235753e+00  1.061999e+00  2.054581e+00  8.254652e-01  
   3.4776299  2.223176e+00  1.119806e+00  2.223150e+00  1.120065e+00  2.045702e+00  8.837043e-01  
   3.4986300  2.207379e+00  1.178419e+00  2.207341e+00  1.178682e+00  2.031904e+00  9.420199e-01  
   3.5196300  2.189421e+00  1.234631e+00  2.189370e+00  1.234898e+00  2.014251e+00  9.967992e-01  
   3.5406301  2.169708e+00  1.288538e+00  2.169643e+00  1.288809e+00  1.993585e+00  1.047603e+00  
   3.5616300  2.148549e+00  1.340283e+00  2.148470e+00  1.340556e+00  1.970799e+00  1.094213e+00  
   3.5826299  2.126159e+00  1.390031e+00  2.126065e+00  1.390306e+00  1.946774e+00  1.136634e+00  
   3.6026299  2.103814e+00  1.435690e+00  2.103704e+00  1.435965e+00  1.923488e+00  1.173338e+00  
   3.6236300  2.079344e+00  1.481935e+00  2.079217e+00  1.482209e+00  1.899291e+00  1.208369e+00  
   3.6446300  2.053875e+00  1.526495e+00  2.053733e+00  1.526767e+00  1.875900e+00  1.240319e+00  
   3.6656301  2.027438e+00  1.569373e+00  2.027279e+00  1.569638e+00  1.853695e+00  1.269791e+00  
   3.6866300  2.000088e+00  1.610510e+00  1.999914e+00  1.610767e+00  1.832875e+00  1.297405e+00  
   3.7076299  1.971931e+00  1.649810e+00  1.971745e+00  1.650056e+00  1.813480e+00  1.323748e+00  
   3.7276299  1.944529e+00  1.685422e+00  1.944333e+00  1.685656e+00  1.796242e+00  1.348117e+00  
   3.7486300  1.915397e+00  1.720800e+00  1.915194e+00  1.721020e+00  1.779256e+00  1.373316e+00  
   3.7702301  1.885413e+00  1.754957e+00  1.885205e+00  1.755160e+00  1.762735e+00  1.399076e+00  
   3.7902300  1.858036e+00  1.784551e+00  1.857827e+00  1.784738e+00  1.748087e+00  1.422885e+00  
   3.8112299  1.830174e+00  1.813593e+00  1.829969e+00  1.813763e+00  1.733218e+00  1.447831e+00  
   3.8322301  1.803744e+00  1.840744e+00  1.803546e+00  1.840897e+00  1.718803e+00  1.472623e+00  
   3.8532300  1.779298e+00  1.866321e+00  1.779109e+00  1.866460e+00  1.704890e+00  1.497122e+00  
   3.8742299  1.757353e+00  1.890791e+00  1.757179e+00  1.890919e+00  1.691650e+00  1.521195e+00  
   3.8942299  1.739194e+00  1.913620e+00  1.739034e+00  1.913740e+00  1.679928e+00  1.543659e+00  
   3.9152300  1.723329e+00  1.937806e+00  1.723187e+00  1.937923e+00  1.668910e+00  1.566787e+00  
   3.9362299  1.710932e+00  1.963059e+00  1.710809e+00  1.963177e+00  1.659629e+00  1.589615e+00  
   3.9572301  1.702002e+00  1.990336e+00  1.701898e+00  1.990459e+00  1.652504e+00  1.612469e+00  
   3.9782300  1.696313e+00  2.020636e+00  1.696228e+00  2.020771e+00  1.647904e+00  1.635850e+00  
   3.9992299  1.693395e+00  2.054973e+00  1.693327e+00  2.055123e+00  1.646089e+00  1.660416e+00  
   4.0192299  1.692533e+00  2.092305e+00  1.692479e+00  2.092474e+00  1.647048e+00  1.685647e+00  
   4.0402298  1.692712e+00  2.137187e+00  1.692669e+00  2.137380e+00  1.650788e+00  1.714931e+00  
   4.0612302  1.692830e+00  2.188574e+00  1.692795e+00  2.188793e+00  1.657014e+00  1.748019e+00  
   4.0822301  1.691511e+00  2.246939e+00  1.691478e+00  2.247187e+00  1.665152e+00  1.785873e+00  
   4.1032300  1.687236e+00  2.312496e+00  1.687201e+00  2.312774e+00  1.674365e+00  1.829403e+00  
   4.1242299  1.678415e+00  2.385170e+00  1.678372e+00  2.385477e+00  1.683556e+00  1.879402e+00  
   4.1442299  1.664322e+00  2.460644e+00  1.664264e+00  2.460978e+00  1.691067e+00  1.933597e+00  
   4.1652298  1.642064e+00  2.545804e+00  1.641988e+00  2.546164e+00  1.696167e+00  1.997771e+00  
   4.1868300  1.609731e+00  2.638697e+00  1.609629e+00  2.639082e+00  1.696675e+00  2.071633e+00  
   4.2068300  1.570102e+00  2.728338e+00  1.569970e+00  2.728741e+00  1.691181e+00  2.146895e+00  
   4.2278299  1.517485e+00  2.824800e+00  1.517317e+00  2.825217e+00  1.677479e+00  2.232426e+00  
   4.2488298  1.452862e+00  2.922050e+00  1.452655e+00  2.922476e+00  1.653937e+00  2.323631e+00  
   4.2698302  1.375771e+00  3.018339e+00  1.375520e+00  3.018768e+00  1.618972e+00  2.419124e+00  
   4.2908301  1.286047e+00  3.111837e+00  1.285748e+00  3.112262e+00  1.571267e+00  2.517153e+00  
   4.3108301  1.188955e+00  3.196602e+00  1.188610e+00  3.197019e+00  1.513103e+00  2.610994e+00  
   4.3318300  1.075169e+00  3.279348e+00  1.074773e+00  3.279750e+00  1.438148e+00  2.707830e+00  
   4.3528299  9.499066e-01  3.353935e+00  9.494571e-01  3.354315e+00  1.348933e+00  2.800539e+00  
   4.3738298  8.140826e-01  3.418667e+00  8.135805e-01  3.419019e+00  1.245948e+00  2.886654e+00  
   4.3948302  6.688504e-01  3.471958e+00  6.682958e-01  3.472277e+00  1.130228e+00  2.963800e+00  
   4.4158301  5.156043e-01  3.512362e+00  5.149992e-01  3.512639e+00  1.003334e+00  3.029802e+00  
   4.4358301  3.636694e-01  3.537688e+00  3.630180e-01  3.537924e+00  8.739316e-01  3.080610e+00  
   4.4568300  1.995889e-01  3.549440e+00  1.988920e-01  3.549622e+00  7.313604e-01  3.119915e+00  
   4.4778299  3.280897e-02  3.545154e+00  3.207092e-02  3.545281e+00  5.845047e-01  3.143891e+00  
   4.4988298  -1.345178e-01  3.524274e+00  -1.352919e-01  3.524339e+00  4.361017e-01  3.152100e+00  
   4.5198302  -3.001176e-01  3.486560e+00  -3.009214e-01  3.486558e+00  2.888656e-01  3.144638e+00  
   4.5408301  -4.616317e-01  3.432146e+00  -4.624581e-01  3.432075e+00  1.453677e-01  3.122106e+00  
   4.5608301  -6.095018e-01  3.365279e+00  -6.103420e-01  3.365138e+00  1.428019e-02  3.087592e+00  
   4.5818300  -7.563143e-01  3.280179e+00  -7.571599e-01  3.279962e+00  -1.156315e-01  3.039000e+00  
   4.6034298  -8.960824e-01  3.178152e+00  -8.969233e-01  3.177855e+00  -2.393997e-01  2.977557e+00  
   4.6234298  -1.013577e+00  3.072229e+00  -1.014403e+00  3.071860e+00  -3.440545e-01  2.912035e+00  
   4.6444302  -1.123120e+00  2.951205e+00  -1.123921e+00  2.950759e+00  -4.429961e-01  2.836168e+00  
   4.6654301  -1.217399e+00  2.822498e+00  -1.218163e+00  2.821979e+00  -5.304489e-01  2.754937e+00  
   4.6864300  -1.295775e+00  2.688675e+00  -1.296492e+00  2.688087e+00  -6.064826e-01  2.670158e+00  
   4.7074299  -1.358114e+00  2.552371e+00  -1.358773e+00  2.551719e+00  -6.714508e-01  2.583508e+00  
   4.7274299  -1.402904e+00  2.422608e+00  -1.403499e+00  2.421901e+00  -7.235571e-01  2.500616e+00  
   4.7484298  -1.435404e+00  2.288715e+00  -1.435923e+00  2.287956e+00  -7.687024e-01  2.414440e+00  
   4.7694302  -1.454200e+00  2.159329e+00  -1.454637e+00  2.158527e+00  -8.048522e-01  2.330226e+00  
   4.7904301  -1.460783e+00  2.036232e+00  -1.461133e+00  2.035395e+00  -8.328685e-01  2.248872e+00  
   4.8114300  -1.456840e+00  1.920796e+00  -1.457098e+00  1.919930e+00  -8.536293e-01  2.171079e+00  
   4.8324299  -1.444142e+00  1.813978e+00  -1.444307e+00  1.813092e+00  -8.679983e-01  2.097372e+00  
   4.8524299  -1.425525e+00  1.720774e+00  -1.425599e+00  1.719877e+00  -8.765002e-01  2.031307e+00  
   4.8734298  -1.400734e+00  1.632059e+00  -1.400714e+00  1.631156e+00  -8.807387e-01  1.966491e+00  
   4.8944302  -1.372076e+00  1.552617e+00  -1.371965e+00  1.551715e+00  -8.808945e-01  1.906437e+00  
   4.9154301  -1.340895e+00  1.482108e+00  -1.340695e+00  1.481213e+00  -8.776397e-01  1.851142e+00  
   4.9364300  -1.308326e+00  1.420009e+00  -1.308040e+00  1.419126e+00  -8.715854e-01  1.800512e+00  
   4.9574299  -1.275294e+00  1.365678e+00  -1.274928e+00  1.364811e+00  -8.632787e-01  1.754386e+00  
   4.9774299  -1.244076e+00  1.320507e+00  -1.243638e+00  1.319659e+00  -8.537180e-01  1.714447e+00  
   4.9984298  -1.212080e+00  1.279278e+00  -1.211570e+00  1.278453e+00  -8.423553e-01  1.676459e+00  
