w Re-xx Im-xx Re-yy Im-yy Re-zz Im-zz
# Gaussian absolute broadening  0.15 [eV]
   0.0000000  7.689318e-01  8.857663e-05  7.689391e-01  8.857994e-05  7.393432e-01  8.391293e-05  
   0.0200000  7.690321e-01  9.479807e-05  7.690393e-01  9.480187e-05  7.394379e-01  8.981024e-05  
   0.0410000  7.691510e-01  1.018878e-04  7.691584e-01  1.018921e-04  7.395507e-01  9.653072e-05  
   0.0620000  7.692869e-01  1.095846e-04  7.692941e-01  1.095895e-04  7.396792e-01  1.038268e-04  
   0.0830000  7.694409e-01  1.179225e-04  7.694482e-01  1.179281e-04  7.398251e-01  1.117310e-04  
   0.1040000  7.696154e-01  1.269310e-04  7.696227e-01  1.269373e-04  7.399908e-01  1.202711e-04  
   0.1240000  7.698029e-01  1.361554e-04  7.698102e-01  1.361625e-04  7.401686e-01  1.290162e-04  
   0.1450000  7.700241e-01  1.465335e-04  7.700311e-01  1.465413e-04  7.403780e-01  1.388552e-04  
   0.1660000  7.702724e-01  1.576273e-04  7.702795e-01  1.576359e-04  7.406132e-01  1.493733e-04  
   0.1870000  7.705498e-01  1.694334e-04  7.705572e-01  1.694428e-04  7.408763e-01  1.605673e-04  
   0.2080000  7.708586e-01  1.819374e-04  7.708659e-01  1.819475e-04  7.411692e-01  1.724235e-04  
   0.2290000  7.712005e-01  1.951139e-04  7.712078e-01  1.951247e-04  7.414930e-01  1.849182e-04  
   0.2490000  7.715583e-01  2.082560e-04  7.715659e-01  2.082673e-04  7.418322e-01  1.973811e-04  
   0.2700000  7.719693e-01  2.226359e-04  7.719766e-01  2.226479e-04  7.422217e-01  2.110189e-04  
   0.2910000  7.724169e-01  2.375614e-04  7.724243e-01  2.375738e-04  7.426459e-01  2.251754e-04  
   0.3120000  7.729026e-01  2.529788e-04  7.729099e-01  2.529916e-04  7.431063e-01  2.397996e-04  
   0.3330000  7.734263e-01  2.688328e-04  7.734336e-01  2.688459e-04  7.436030e-01  2.548398e-04  
   0.3540000  7.739888e-01  2.850697e-04  7.739962e-01  2.850832e-04  7.441360e-01  2.702452e-04  
   0.3740000  7.745603e-01  3.008441e-04  7.745677e-01  3.008577e-04  7.446778e-01  2.852138e-04  
   0.3950000  7.751980e-01  3.176905e-04  7.752054e-01  3.177043e-04  7.452824e-01  3.012021e-04  
   0.4160000  7.758741e-01  3.347895e-04  7.758816e-01  3.348036e-04  7.459235e-01  3.174326e-04  
   0.4374300  7.766042e-01  3.524672e-04  7.766120e-01  3.524813e-04  7.466157e-01  3.342157e-04  
   0.4574300  7.773216e-01  3.691507e-04  7.773292e-01  3.691650e-04  7.472961e-01  3.500580e-04  
   0.4784300  7.781119e-01  3.868442e-04  7.781197e-01  3.868585e-04  7.480456e-01  3.668630e-04  
   0.4994300  7.789407e-01  4.047058e-04  7.789487e-01  4.047203e-04  7.488317e-01  3.838315e-04  
   0.5204300  7.798080e-01  4.227282e-04  7.798158e-01  4.227429e-04  7.496540e-01  4.009573e-04  
   0.5414300  7.807138e-01  4.409084e-04  7.807214e-01  4.409233e-04  7.505131e-01  4.182374e-04  
   0.5614300  7.816125e-01  4.583692e-04  7.816203e-01  4.583842e-04  7.513657e-01  4.348384e-04  
   0.5824300  7.825941e-01  4.768589e-04  7.826019e-01  4.768742e-04  7.522971e-01  4.524233e-04  
   0.6034300  7.836146e-01  4.955114e-04  7.836225e-01  4.955268e-04  7.532654e-01  4.701684e-04  
   0.6244300  7.846751e-01  5.143325e-04  7.846831e-01  5.143481e-04  7.542716e-01  4.880801e-04  
   0.6454300  7.857753e-01  5.333275e-04  7.857833e-01  5.333432e-04  7.553155e-01  5.061635e-04  
   0.6664300  7.869155e-01  5.525026e-04  7.869236e-01  5.525186e-04  7.563982e-01  5.244259e-04  
   0.6864300  7.880390e-01  5.709384e-04  7.880471e-01  5.709546e-04  7.574643e-01  5.419906e-04  
   0.7074300  7.892589e-01  5.904856e-04  7.892669e-01  5.905020e-04  7.586225e-01  5.606223e-04  
   0.7284300  7.905197e-01  6.102340e-04  7.905279e-01  6.102507e-04  7.598197e-01  5.794539e-04  
   0.7494300  7.918224e-01  6.301917e-04  7.918307e-01  6.302086e-04  7.610569e-01  5.984942e-04  
   0.7704300  7.931670e-01  6.503658e-04  7.931754e-01  6.503831e-04  7.623338e-01  6.177510e-04  
   0.7914300  7.945546e-01  6.707652e-04  7.945629e-01  6.707831e-04  7.636521e-01  6.372334e-04  
   0.8114300  7.959153e-01  6.904104e-04  7.959238e-01  6.904286e-04  7.649451e-01  6.560052e-04  
   0.8324300  7.973870e-01  7.112742e-04  7.973954e-01  7.112929e-04  7.663433e-01  6.759539e-04  
   0.8540300  7.989470e-01  7.329971e-04  7.989556e-01  7.330163e-04  7.678260e-01  6.967372e-04  
   0.8740300  8.004329e-01  7.533572e-04  8.004419e-01  7.533770e-04  7.692388e-01  7.162298e-04  
   0.8950300  8.020377e-01  7.750001e-04  8.020464e-01  7.750204e-04  7.707646e-01  7.369659e-04  
   0.9160300  8.036879e-01  7.969243e-04  8.036966e-01  7.969452e-04  7.723337e-01  7.579875e-04  
   0.9370300  8.053845e-01  8.191412e-04  8.053933e-01  8.191627e-04  7.739478e-01  7.793077e-04  
   0.9580300  8.071279e-01  8.416613e-04  8.071370e-01  8.416834e-04  7.756065e-01  8.009389e-04  
   0.9780300  8.088325e-01  8.634025e-04  8.088418e-01  8.634252e-04  7.772294e-01  8.218415e-04  
   0.9990300  8.106700e-01  8.865494e-04  8.106794e-01  8.865732e-04  7.789785e-01  8.441188e-04  
   1.0200300  8.125563e-01  9.100348e-04  8.125656e-01  9.100592e-04  7.807747e-01  8.667483e-04  
   1.0410300  8.144923e-01  9.338718e-04  8.145017e-01  9.338972e-04  7.826189e-01  8.897462e-04  
   1.0620300  8.164793e-01  9.580727e-04  8.164889e-01  9.580991e-04  7.845126e-01  9.131290e-04  
   1.0830300  8.185174e-01  9.826504e-04  8.185269e-01  9.826783e-04  7.864553e-01  9.369158e-04  
   1.1030300  8.205066e-01  1.006421e-03  8.205163e-01  1.006450e-03  7.883522e-01  9.599645e-04  
   1.1240300  8.226470e-01  1.031775e-03  8.226569e-01  1.031807e-03  7.903943e-01  9.846039e-04  
   1.1450300  8.248411e-01  1.057549e-03  8.248509e-01  1.057582e-03  7.924883e-01  1.009721e-03  
   1.1660300  8.270896e-01  1.083757e-03  8.270997e-01  1.083793e-03  7.946356e-01  1.035352e-03  
   1.1870300  8.293937e-01  1.110417e-03  8.294039e-01  1.110455e-03  7.968370e-01  1.061542e-03  
   1.2080300  8.317541e-01  1.137545e-03  8.317645e-01  1.137587e-03  7.990935e-01  1.088350e-03  
   1.2280300  8.340552e-01  1.163835e-03  8.340657e-01  1.163880e-03  8.012947e-01  1.114526e-03  
   1.2490300  8.365285e-01  1.191936e-03  8.365389e-01  1.191984e-03  8.036616e-01  1.142783e-03  
   1.2706300  8.391348e-01  1.221395e-03  8.391455e-01  1.221446e-03  8.061581e-01  1.172807e-03  
   1.2906300  8.416048e-01  1.249198e-03  8.416156e-01  1.249252e-03  8.085257e-01  1.201632e-03  
   1.3116300  8.442587e-01  1.278964e-03  8.442697e-01  1.279023e-03  8.110721e-01  1.233166e-03  
   1.3326300  8.469754e-01  1.309354e-03  8.469863e-01  1.309415e-03  8.136806e-01  1.266259e-03  
   1.3536299  8.497563e-01  1.340407e-03  8.497677e-01  1.340472e-03  8.163534e-01  1.301244e-03  
   1.3746300  8.526027e-01  1.372177e-03  8.526141e-01  1.372246e-03  8.190920e-01  1.338518e-03  
   1.3946300  8.553764e-01  1.403157e-03  8.553880e-01  1.403229e-03  8.217629e-01  1.376573e-03  
   1.4156300  8.583551e-01  1.436518e-03  8.583669e-01  1.436594e-03  8.246347e-01  1.419733e-03  
   1.4366300  8.614041e-01  1.470826e-03  8.614159e-01  1.470906e-03  8.275766e-01  1.466769e-03  
   1.4576300  8.645247e-01  1.506198e-03  8.645367e-01  1.506282e-03  8.305907e-01  1.518346e-03  
   1.4786299  8.677186e-01  1.542780e-03  8.677310e-01  1.542868e-03  8.336784e-01  1.575173e-03  
   1.4996300  8.709871e-01  1.580748e-03  8.709995e-01  1.580840e-03  8.368413e-01  1.637990e-03  
   1.5196300  8.741707e-01  1.618391e-03  8.741833e-01  1.618488e-03  8.399246e-01  1.704080e-03  
   1.5406300  8.775899e-01  1.659717e-03  8.776030e-01  1.659818e-03  8.432382e-01  1.780779e-03  
   1.5616300  8.810890e-01  1.703172e-03  8.811020e-01  1.703278e-03  8.466315e-01  1.865691e-03  
   1.5826300  8.846697e-01  1.749083e-03  8.846830e-01  1.749195e-03  8.501059e-01  1.959536e-03  
   1.6036299  8.883340e-01  1.797808e-03  8.883473e-01  1.797923e-03  8.536627e-01  2.062993e-03  
   1.6246300  8.920834e-01  1.849724e-03  8.920971e-01  1.849844e-03  8.573035e-01  2.176686e-03  
   1.6446300  8.957349e-01  1.902478e-03  8.957487e-01  1.902603e-03  8.608505e-01  2.294986e-03  
   1.6656300  8.996561e-01  1.961692e-03  8.996703e-01  1.961821e-03  8.646593e-01  2.430149e-03  
   1.6872300  9.037841e-01  2.027005e-03  9.037985e-01  2.027139e-03  8.686704e-01  2.581185e-03  
   1.7072300  9.076939e-01  2.091687e-03  9.077082e-01  2.091824e-03  8.724695e-01  2.731990e-03  
   1.7282300  9.118916e-01  2.164087e-03  9.119062e-01  2.164228e-03  8.765482e-01  2.901534e-03  
   1.7492300  9.161864e-01  2.241091e-03  9.162012e-01  2.241235e-03  8.807208e-01  3.082117e-03  
   1.7702301  9.205800e-01  2.322570e-03  9.205953e-01  2.322718e-03  8.849894e-01  3.272997e-03  
   1.7912300  9.250751e-01  2.408257e-03  9.250906e-01  2.408408e-03  8.893567e-01  3.473154e-03  
   1.8112299  9.294531e-01  2.493423e-03  9.294690e-01  2.493578e-03  8.936111e-01  3.671305e-03  
   1.8322300  9.341542e-01  2.586132e-03  9.341703e-01  2.586292e-03  8.981810e-01  3.886104e-03  
   1.8532300  9.389653e-01  2.681716e-03  9.389818e-01  2.681881e-03  9.028611e-01  4.106848e-03  
   1.8742300  9.438902e-01  2.779719e-03  9.439067e-01  2.779892e-03  9.076577e-01  4.333121e-03  
   1.8952301  9.489323e-01  2.879809e-03  9.489493e-01  2.879991e-03  9.125768e-01  4.565421e-03  
   1.9162300  9.540967e-01  2.981859e-03  9.541140e-01  2.982051e-03  9.176249e-01  4.805516e-03  
   1.9362299  9.591312e-01  3.081015e-03  9.591488e-01  3.081219e-03  9.225591e-01  5.044472e-03  
   1.9572300  9.645451e-01  3.187665e-03  9.645630e-01  3.187883e-03  9.278806e-01  5.311069e-03  
   1.9782300  9.700945e-01  3.297752e-03  9.701130e-01  3.297987e-03  9.333531e-01  5.600480e-03  
   1.9992300  9.757832e-01  3.412492e-03  9.758019e-01  3.412745e-03  9.389811e-01  5.921182e-03  
   2.0202301  9.816180e-01  3.533424e-03  9.816369e-01  3.533696e-03  9.447695e-01  6.282937e-03  
   2.0412300  9.876013e-01  3.662328e-03  9.876211e-01  3.662620e-03  9.507195e-01  6.696243e-03  
   2.0612299  9.934431e-01  3.794269e-03  9.934632e-01  3.794583e-03  9.565356e-01  7.147457e-03  
   2.0822301  9.997317e-01  3.944311e-03  9.997521e-01  3.944646e-03  9.627980e-01  7.691178e-03  
   2.1038301  1.006370e+00  4.112829e-03  1.006391e+00  4.113186e-03  9.693989e-01  8.333895e-03  
   2.1238301  1.012674e+00  4.283188e-03  1.012696e+00  4.283566e-03  9.756488e-01  9.010362e-03  
   2.1448300  1.019461e+00  4.478116e-03  1.019482e+00  4.478511e-03  9.823459e-01  9.808389e-03  
   2.1658299  1.026421e+00  4.690310e-03  1.026444e+00  4.690723e-03  9.891717e-01  1.069695e-02  
   2.1868300  1.033563e+00  4.920182e-03  1.033586e+00  4.920611e-03  9.961187e-01  1.167373e-02  
   2.2078300  1.040890e+00  5.167675e-03  1.040913e+00  5.168117e-03  1.003180e+00  1.273344e-02  
   2.2278299  1.048044e+00  5.419367e-03  1.048068e+00  5.419822e-03  1.010005e+00  1.381271e-02  
   2.2488301  1.055749e+00  5.699696e-03  1.055773e+00  5.700166e-03  1.017276e+00  1.501009e-02  
   2.2698300  1.063657e+00  5.995508e-03  1.063682e+00  5.995995e-03  1.024652e+00  1.626221e-02  
   2.2908299  1.071777e+00  6.305745e-03  1.071803e+00  6.306248e-03  1.032139e+00  1.755721e-02  
   2.3118300  1.080118e+00  6.629367e-03  1.080144e+00  6.629891e-03  1.039743e+00  1.888306e-02  
   2.3328300  1.088690e+00  6.965477e-03  1.088717e+00  6.966026e-03  1.047474e+00  2.022805e-02  
   2.3528299  1.097078e+00  7.296592e-03  1.097106e+00  7.297167e-03  1.054968e+00  2.151687e-02  
   2.3738301  1.106133e+00  7.655497e-03  1.106161e+00  7.656110e-03  1.062988e+00  2.286900e-02  
   2.3948300  1.115454e+00  8.025932e-03  1.115483e+00  8.026583e-03  1.071182e+00  2.421153e-02  
   2.4158299  1.125054e+00  8.408282e-03  1.125084e+00  8.408984e-03  1.079569e+00  2.553741e-02  
   2.4368300  1.134949e+00  8.803359e-03  1.134980e+00  8.804114e-03  1.088168e+00  2.684104e-02  
   2.4578300  1.145155e+00  9.212323e-03  1.145187e+00  9.213134e-03  1.097003e+00  2.811842e-02  
   2.4778299  1.155179e+00  9.616121e-03  1.155211e+00  9.616985e-03  1.105658e+00  2.930850e-02  
   2.4988301  1.166040e+00  1.005693e-02  1.166074e+00  1.005786e-02  1.115021e+00  3.052990e-02  
   2.5204301  1.177594e+00  1.053063e-02  1.177629e+00  1.053162e-02  1.124972e+00  3.175776e-02  
   2.5404301  1.188656e+00  1.099002e-02  1.188692e+00  1.099106e-02  1.134503e+00  3.287242e-02  
   2.5614300  1.200671e+00  1.149680e-02  1.200708e+00  1.149789e-02  1.144863e+00  3.402572e-02  
   2.5824299  1.213120e+00  1.203205e-02  1.213158e+00  1.203320e-02  1.155612e+00  3.516980e-02  
   2.6034300  1.226033e+00  1.259992e-02  1.226072e+00  1.260112e-02  1.166785e+00  3.631554e-02  
   2.6244299  1.239438e+00  1.320526e-02  1.239478e+00  1.320650e-02  1.178409e+00  3.747600e-02  
   2.6444299  1.252695e+00  1.382197e-02  1.252736e+00  1.382326e-02  1.189931e+00  3.860882e-02  
   2.6654301  1.267164e+00  1.451850e-02  1.267207e+00  1.451983e-02  1.202534e+00  3.984364e-02  
   2.6864300  1.282237e+00  1.527368e-02  1.282281e+00  1.527506e-02  1.215691e+00  4.114335e-02  
   2.7074299  1.297961e+00  1.609823e-02  1.298007e+00  1.609967e-02  1.229438e+00  4.252816e-02  
   2.7284300  1.314388e+00  1.700570e-02  1.314435e+00  1.700722e-02  1.243816e+00  4.401980e-02  
   2.7494299  1.331575e+00  1.801345e-02  1.331624e+00  1.801505e-02  1.258866e+00  4.564184e-02  
   2.7694299  1.348712e+00  1.908707e-02  1.348763e+00  1.908876e-02  1.273866e+00  4.733161e-02  
   2.7904301  1.367584e+00  2.036228e-02  1.367637e+00  2.036412e-02  1.290365e+00  4.928641e-02  
   2.8114300  1.387435e+00  2.182730e-02  1.387491e+00  2.182933e-02  1.307689e+00  5.146001e-02  
   2.8324299  1.408360e+00  2.353351e-02  1.408419e+00  2.353576e-02  1.325898e+00  5.389395e-02  
   2.8534300  1.430461e+00  2.554847e-02  1.430522e+00  2.555106e-02  1.345064e+00  5.663962e-02  
   2.8744299  1.453846e+00  2.796040e-02  1.453909e+00  2.796344e-02  1.365262e+00  5.976127e-02  
   2.8944299  1.477417e+00  3.073019e-02  1.477484e+00  3.073383e-02  1.385535e+00  6.315779e-02  
   2.9154301  1.503644e+00  3.427251e-02  1.503715e+00  3.427698e-02  1.407995e+00  6.726584e-02  
   2.9370301  1.532319e+00  3.877849e-02  1.532395e+00  3.878415e-02  1.432443e+00  7.220043e-02  
   2.9570301  1.560501e+00  4.393392e-02  1.560581e+00  4.394107e-02  1.456380e+00  7.755495e-02  
   2.9780300  1.591859e+00  5.061578e-02  1.591945e+00  5.062497e-02  1.482937e+00  8.417059e-02  
   2.9990301  1.625079e+00  5.889419e-02  1.625170e+00  5.890609e-02  1.511018e+00  9.202196e-02  
   3.0200300  1.660164e+00  6.911088e-02  1.660261e+00  6.912621e-02  1.540664e+00  1.013673e-01  
   3.0410299  1.697061e+00  8.164288e-02  1.697165e+00  8.166258e-02  1.571886e+00  1.125025e-01  
   3.0610299  1.733772e+00  9.609858e-02  1.733883e+00  9.612340e-02  1.603054e+00  1.250743e-01  
   3.0820301  1.773768e+00  1.143202e-01  1.773885e+00  1.143515e-01  1.637194e+00  1.406860e-01  
   3.1030300  1.814948e+00  1.360574e-01  1.815072e+00  1.360964e-01  1.672619e+00  1.591420e-01  
   3.1240301  1.856919e+00  1.616864e-01  1.857049e+00  1.617344e-01  1.709082e+00  1.808315e-01  
   3.1450300  1.899181e+00  1.915266e-01  1.899317e+00  1.915848e-01  1.746241e+00  2.061321e-01  
   3.1660299  1.941152e+00  2.258171e-01  1.941293e+00  2.258866e-01  1.783657e+00  2.353905e-01  
   3.1860299  1.980255e+00  2.627341e-01  1.980400e+00  2.628154e-01  1.819034e+00  2.672007e-01  
   3.2070301  2.019726e+00  3.059769e-01  2.019874e+00  3.060710e-01  1.855309e+00  3.049424e-01  
   3.2280300  2.056862e+00  3.536754e-01  2.057013e+00  3.537829e-01  1.889990e+00  3.472248e-01  
   3.2490301  2.090965e+00  4.055481e-01  2.091115e+00  4.056688e-01  1.922322e+00  3.940101e-01  
   3.2700300  2.121387e+00  4.611635e-01  2.121535e+00  4.612970e-01  1.951521e+00  4.451021e-01  
   3.2910299  2.147577e+00  5.199586e-01  2.147722e+00  5.201042e-01  1.976822e+00  5.001380e-01  
   3.3110299  2.168195e+00  5.782951e-01  2.168336e+00  5.784506e-01  1.996656e+00  5.557339e-01  
   3.3320301  2.185039e+00  6.412895e-01  2.185175e+00  6.414538e-01  2.012429e+00  6.167868e-01  
   3.3536301  2.197118e+00  7.071322e-01  2.197247e+00  7.073036e-01  2.022791e+00  6.815895e-01  
   3.3736300  2.203613e+00  7.683194e-01  2.203735e+00  7.684951e-01  2.026834e+00  7.425379e-01  
   3.3946300  2.205798e+00  8.320928e-01  2.205912e+00  8.322706e-01  2.025279e+00  8.065589e-01  
   3.4156301  2.203592e+00  8.947590e-01  2.203699e+00  8.949363e-01  2.017945e+00  8.696355e-01  
   3.4366300  2.197470e+00  9.558018e-01  2.197568e+00  9.559766e-01  2.005211e+00  9.308276e-01  
   3.4576299  2.187972e+00  1.014848e+00  2.188062e+00  1.015019e+00  1.987654e+00  9.893016e-01  
   3.4776299  2.176314e+00  1.069020e+00  2.176397e+00  1.069185e+00  1.967127e+00  1.041836e+00  
   3.4986300  2.161865e+00  1.123648e+00  2.161940e+00  1.123806e+00  1.942397e+00  1.093198e+00  
   3.5196300  2.145654e+00  1.176000e+00  2.145723e+00  1.176149e+00  1.915315e+00  1.140372e+00  
   3.5406301  2.128120e+00  1.226200e+00  2.128182e+00  1.226341e+00  1.886803e+00  1.183265e+00  
   3.5616300  2.109600e+00  1.274428e+00  2.109654e+00  1.274561e+00  1.857725e+00  1.221981e+00  
   3.5826299  2.090339e+00  1.320887e+00  2.090385e+00  1.321013e+00  1.828858e+00  1.256800e+00  
   3.6026299  2.071446e+00  1.363661e+00  2.071486e+00  1.363780e+00  1.802137e+00  1.286711e+00  
   3.6236300  2.051119e+00  1.407170e+00  2.051151e+00  1.407283e+00  1.775352e+00  1.315184e+00  
   3.6446300  2.030336e+00  1.449329e+00  2.030361e+00  1.449437e+00  1.750185e+00  1.341176e+00  
   3.6656301  2.009132e+00  1.490166e+00  2.009147e+00  1.490270e+00  1.726799e+00  1.365217e+00  
   3.6866300  1.987561e+00  1.529649e+00  1.987569e+00  1.529750e+00  1.705229e+00  1.387792e+00  
   3.7076299  1.965728e+00  1.567709e+00  1.965728e+00  1.567809e+00  1.685405e+00  1.409314e+00  
   3.7276299  1.944843e+00  1.602557e+00  1.944837e+00  1.602656e+00  1.668029e+00  1.429129e+00  
   3.7486300  1.923052e+00  1.637614e+00  1.923039e+00  1.637712e+00  1.651208e+00  1.449447e+00  
   3.7702301  1.901115e+00  1.672016e+00  1.901098e+00  1.672116e+00  1.635265e+00  1.469987e+00  
   3.7902300  1.881589e+00  1.702433e+00  1.881567e+00  1.702535e+00  1.621611e+00  1.488767e+00  
   3.8112299  1.862305e+00  1.733051e+00  1.862279e+00  1.733156e+00  1.608346e+00  1.508293e+00  
   3.8322301  1.844689e+00  1.762607e+00  1.844660e+00  1.762716e+00  1.596156e+00  1.527662e+00  
   3.8532300  1.829143e+00  1.791531e+00  1.829113e+00  1.791646e+00  1.585082e+00  1.546928e+00  
   3.8742299  1.816006e+00  1.820387e+00  1.815974e+00  1.820510e+00  1.575216e+00  1.566189e+00  
   3.8942299  1.805950e+00  1.848428e+00  1.805918e+00  1.848561e+00  1.567063e+00  1.584670e+00  
   3.9152300  1.798062e+00  1.879212e+00  1.798030e+00  1.879357e+00  1.559956e+00  1.604445e+00  
   3.9362299  1.792847e+00  1.912208e+00  1.792815e+00  1.912364e+00  1.554493e+00  1.624917e+00  
   3.9572301  1.790046e+00  1.948301e+00  1.790014e+00  1.948473e+00  1.550806e+00  1.646508e+00  
   3.9782300  1.789192e+00  1.988369e+00  1.789159e+00  1.988557e+00  1.548974e+00  1.669736e+00  
   3.9992299  1.789607e+00  2.033234e+00  1.789573e+00  2.033439e+00  1.548992e+00  1.695212e+00  
   4.0192299  1.790377e+00  2.081084e+00  1.790341e+00  2.081305e+00  1.550623e+00  1.722199e+00  
   4.0402298  1.790555e+00  2.137258e+00  1.790515e+00  2.137499e+00  1.553777e+00  1.754110e+00  
   4.0612302  1.788883e+00  2.199898e+00  1.788838e+00  2.200156e+00  1.557977e+00  1.790441e+00  
   4.0822301  1.784023e+00  2.269173e+00  1.783970e+00  2.269447e+00  1.562592e+00  1.831941e+00  
   4.1032300  1.774561e+00  2.345008e+00  1.774501e+00  2.345295e+00  1.566779e+00  1.879290e+00  
   4.1242299  1.759072e+00  2.427063e+00  1.759002e+00  2.427361e+00  1.569480e+00  1.933041e+00  
   4.1442299  1.737440e+00  2.510441e+00  1.737358e+00  2.510746e+00  1.569526e+00  1.990517e+00  
   4.1652298  1.706254e+00  2.602654e+00  1.706158e+00  2.602964e+00  1.565562e+00  2.057574e+00  
   4.1868300  1.663918e+00  2.701352e+00  1.663806e+00  2.701662e+00  1.555611e+00  2.133523e+00  
   4.2068300  1.614527e+00  2.794996e+00  1.614399e+00  2.795300e+00  1.539608e+00  2.209654e+00  
   4.2278299  1.551386e+00  2.894218e+00  1.551239e+00  2.894513e+00  1.514279e+00  2.294728e+00  
   4.2488298  1.476185e+00  2.992768e+00  1.476018e+00  2.993050e+00  1.478820e+00  2.383809e+00  
   4.2698302  1.388676e+00  3.088941e+00  1.388489e+00  3.089204e+00  1.432021e+00  2.475276e+00  
   4.2908301  1.288888e+00  3.180964e+00  1.288680e+00  3.181204e+00  1.372980e+00  2.567192e+00  
   4.3108301  1.182710e+00  3.263131e+00  1.182482e+00  3.263345e+00  1.304886e+00  2.653167e+00  
   4.3318300  1.060071e+00  3.341973e+00  1.059821e+00  3.342158e+00  1.220845e+00  2.739575e+00  
   4.3528299  9.268267e-01  3.411540e+00  9.265566e-01  3.411695e+00  1.124326e+00  2.819701e+00  
   4.3738298  7.840603e-01  3.470244e+00  7.837711e-01  3.470365e+00  1.016188e+00  2.891256e+00  
   4.3948302  6.330895e-01  3.516621e+00  6.327826e-01  3.516709e+00  8.977497e-01  2.952127e+00  
   4.4158301  4.754640e-01  3.549375e+00  4.751418e-01  3.549429e+00  7.707574e-01  3.000486e+00  
   4.4358301  3.207460e-01  3.566899e+00  3.204114e-01  3.566922e+00  6.437647e-01  3.033581e+00  
   4.4568300  1.552995e-01  3.570115e+00  1.549556e-01  3.570105e+00  5.063187e-01  3.053750e+00  
   4.4778299  -1.119520e-02  3.557184e+00  -1.154507e-02  3.557145e+00  3.671161e-01  3.058467e+00  
   4.4988298  -1.765872e-01  3.527814e+00  -1.769384e-01  3.527747e+00  2.286850e-01  3.047720e+00  
   4.5198302  -3.386721e-01  3.482045e+00  -3.390201e-01  3.481953e+00  9.347904e-02  3.021991e+00  
   4.5408301  -4.952324e-01  3.420285e+00  -4.955729e-01  3.420172e+00  -3.621438e-02  2.982242e+00  
   4.5608301  -6.372370e-01  3.347319e+00  -6.375661e-01  3.347190e+00  -1.527633e-01  2.932596e+00  
   4.5818300  -7.769398e-01  3.256969e+00  -7.772532e-01  3.256825e+00  -2.662026e-01  2.869708e+00  
   4.6034298  -9.086936e-01  3.150956e+00  -9.089876e-01  3.150801e+00  -3.719842e-01  2.795524e+00  
   4.6234298  -1.018435e+00  3.042724e+00  -1.018709e+00  3.042564e+00  -4.592396e-01  2.720184e+00  
   4.6444302  -1.119803e+00  2.920753e+00  -1.120055e+00  2.920590e+00  -5.393286e-01  2.636242e+00  
   4.6654301  -1.206159e+00  2.792589e+00  -1.206390e+00  2.792428e+00  -6.075183e-01  2.549384e+00  
   4.6864300  -1.277113e+00  2.660716e+00  -1.277324e+00  2.660559e+00  -6.640747e-01  2.461546e+00  
   4.7074299  -1.332722e+00  2.527631e+00  -1.332917e+00  2.527482e+00  -7.095658e-01  2.374475e+00  
   4.7274299  -1.371866e+00  2.401954e+00  -1.372048e+00  2.401814e+00  -7.433385e-01  2.293639e+00  
   4.7484298  -1.399305e+00  2.273229e+00  -1.399479e+00  2.273102e+00  -7.697067e-01  2.212147e+00  
   4.7694302  -1.413941e+00  2.149705e+00  -1.414113e+00  2.149591e+00  -7.878231e-01  2.135067e+00  
   4.7904301  -1.417233e+00  2.032956e+00  -1.417407e+00  2.032855e+00  -7.988117e-01  2.063090e+00  
   4.8114300  -1.410796e+00  1.924160e+00  -1.410980e+00  1.924073e+00  -8.037899e-01  1.996650e+00  
   4.8324299  -1.396316e+00  1.824109e+00  -1.396514e+00  1.824034e+00  -8.038250e-01  1.935955e+00  
   4.8524299  -1.376568e+00  1.737335e+00  -1.376784e+00  1.737272e+00  -8.001659e-01  1.883512e+00  
   4.8734298  -1.351089e+00  1.655247e+00  -1.351328e+00  1.655194e+00  -7.932988e-01  1.833951e+00  
   4.8944302  -1.322157e+00  1.582221e+00  -1.322423e+00  1.582176e+00  -7.840975e-01  1.789790e+00  
   4.9154301  -1.291028e+00  1.517856e+00  -1.291323e+00  1.517817e+00  -7.732273e-01  1.750706e+00  
   4.9364300  -1.258763e+00  1.461590e+00  -1.259089e+00  1.461555e+00  -7.612431e-01  1.716327e+00  
   4.9574299  -1.226224e+00  1.412762e+00  -1.226583e+00  1.412728e+00  -7.485980e-01  1.686251e+00  
   4.9774299  -1.195604e+00  1.372521e+00  -1.195994e+00  1.372487e+00  -7.362732e-01  1.661236e+00  
   4.9984298  -1.164331e+00  1.336147e+00  -1.164754e+00  1.336110e+00  -7.233094e-01  1.638396e+00  
