w Re-xx Im-xx Re-yy Im-yy Re-zz Im-zz
# Gaussian absolute broadening  0.15 [eV]
   0.0000000  7.693934e-01  8.871781e-05  7.694103e-01  8.871957e-05  7.245337e-01  7.870457e-05  
   0.0200000  7.694937e-01  9.495002e-05  7.695107e-01  9.495211e-05  7.246227e-01  8.423298e-05  
   0.0410000  7.696130e-01  1.020519e-04  7.696297e-01  1.020544e-04  7.247285e-01  9.053251e-05  
   0.0620000  7.697487e-01  1.097619e-04  7.697658e-01  1.097648e-04  7.248490e-01  9.737093e-05  
   0.0830000  7.699032e-01  1.181139e-04  7.699202e-01  1.181174e-04  7.249860e-01  1.047784e-04  
   0.1040000  7.700778e-01  1.271376e-04  7.700952e-01  1.271416e-04  7.251410e-01  1.127810e-04  
   0.1240000  7.702656e-01  1.363773e-04  7.702828e-01  1.363820e-04  7.253078e-01  1.209745e-04  
   0.1450000  7.704870e-01  1.467724e-04  7.705043e-01  1.467777e-04  7.255043e-01  1.301918e-04  
   0.1660000  7.707360e-01  1.578842e-04  7.707530e-01  1.578903e-04  7.257248e-01  1.400435e-04  
   0.1870000  7.710140e-01  1.697093e-04  7.710310e-01  1.697161e-04  7.259712e-01  1.505264e-04  
   0.2080000  7.713232e-01  1.822330e-04  7.713404e-01  1.822406e-04  7.262458e-01  1.616274e-04  
   0.2290000  7.716655e-01  1.954300e-04  7.716828e-01  1.954385e-04  7.265494e-01  1.733236e-04  
   0.2490000  7.720242e-01  2.085924e-04  7.720412e-01  2.086017e-04  7.268674e-01  1.849874e-04  
   0.2700000  7.724355e-01  2.229941e-04  7.724527e-01  2.230043e-04  7.272323e-01  1.977475e-04  
   0.2910000  7.728840e-01  2.379419e-04  7.729012e-01  2.379529e-04  7.276300e-01  2.109891e-04  
   0.3120000  7.733706e-01  2.533820e-04  7.733877e-01  2.533938e-04  7.280615e-01  2.246641e-04  
   0.3330000  7.738948e-01  2.692590e-04  7.739121e-01  2.692714e-04  7.285265e-01  2.387235e-04  
   0.3540000  7.744583e-01  2.855195e-04  7.744755e-01  2.855325e-04  7.290260e-01  2.531189e-04  
   0.3740000  7.750306e-01  3.013162e-04  7.750480e-01  3.013297e-04  7.295333e-01  2.671008e-04  
   0.3950000  7.756694e-01  3.181860e-04  7.756868e-01  3.182000e-04  7.300994e-01  2.820287e-04  
   0.4160000  7.763464e-01  3.353087e-04  7.763640e-01  3.353230e-04  7.306997e-01  2.971763e-04  
   0.4374300  7.770779e-01  3.530104e-04  7.770954e-01  3.530248e-04  7.313480e-01  3.128316e-04  
   0.4574300  7.777963e-01  3.697162e-04  7.778137e-01  3.697308e-04  7.319844e-01  3.276017e-04  
   0.4784300  7.785878e-01  3.874330e-04  7.786055e-01  3.874475e-04  7.326860e-01  3.432607e-04  
   0.4994300  7.794181e-01  4.053176e-04  7.794355e-01  4.053320e-04  7.334214e-01  3.590628e-04  
   0.5204300  7.802866e-01  4.233628e-04  7.803042e-01  4.233774e-04  7.341908e-01  3.750015e-04  
   0.5414300  7.811935e-01  4.415655e-04  7.812111e-01  4.415799e-04  7.349943e-01  3.910728e-04  
   0.5614300  7.820936e-01  4.590473e-04  7.821113e-01  4.590618e-04  7.357911e-01  4.065022e-04  
   0.5824300  7.830766e-01  4.775583e-04  7.830945e-01  4.775733e-04  7.366618e-01  4.228337e-04  
   0.6034300  7.840987e-01  4.962320e-04  7.841164e-01  4.962471e-04  7.375666e-01  4.393014e-04  
   0.6244300  7.851608e-01  5.150730e-04  7.851786e-01  5.150890e-04  7.385068e-01  4.559099e-04  
   0.6454300  7.862624e-01  5.340874e-04  7.862804e-01  5.341042e-04  7.394819e-01  4.726636e-04  
   0.6664300  7.874046e-01  5.532810e-04  7.874224e-01  5.532992e-04  7.404925e-01  4.895675e-04  
   0.6864300  7.885293e-01  5.717335e-04  7.885475e-01  5.717534e-04  7.414878e-01  5.058107e-04  
   0.7074300  7.897509e-01  5.912972e-04  7.897689e-01  5.913187e-04  7.425683e-01  5.230241e-04  
   0.7284300  7.910135e-01  6.110609e-04  7.910317e-01  6.110844e-04  7.436851e-01  5.404046e-04  
   0.7494300  7.923182e-01  6.310326e-04  7.923363e-01  6.310584e-04  7.448387e-01  5.579584e-04  
   0.7704300  7.936645e-01  6.512193e-04  7.936829e-01  6.512475e-04  7.460294e-01  5.756925e-04  
   0.7914300  7.950537e-01  6.716300e-04  7.950721e-01  6.716605e-04  7.472574e-01  5.936131e-04  
   0.8114300  7.964161e-01  6.912839e-04  7.964347e-01  6.913172e-04  7.484614e-01  6.108601e-04  
   0.8324300  7.978898e-01  7.121557e-04  7.979084e-01  7.121912e-04  7.497634e-01  6.291653e-04  
   0.8540300  7.994516e-01  7.338843e-04  7.994704e-01  7.339224e-04  7.511430e-01  6.482114e-04  
   0.8740300  8.009393e-01  7.542479e-04  8.009582e-01  7.542882e-04  7.524572e-01  6.660499e-04  
   0.8950300  8.025461e-01  7.758922e-04  8.025648e-01  7.759345e-04  7.538755e-01  6.849993e-04  
   0.9160300  8.041983e-01  7.978152e-04  8.042173e-01  7.978599e-04  7.553341e-01  7.041811e-04  
   0.9370300  8.058966e-01  8.200280e-04  8.059157e-01  8.200745e-04  7.568329e-01  7.236041e-04  
   0.9580300  8.076418e-01  8.425412e-04  8.076609e-01  8.425897e-04  7.583728e-01  7.432770e-04  
   0.9780300  8.093486e-01  8.642726e-04  8.093680e-01  8.643227e-04  7.598782e-01  7.622542e-04  
   0.9990300  8.111877e-01  8.874055e-04  8.112070e-01  8.874569e-04  7.615002e-01  7.824425e-04  
   1.0200300  8.130757e-01  9.108731e-04  8.130952e-01  9.109264e-04  7.631648e-01  8.029084e-04  
   1.0410300  8.150136e-01  9.346874e-04  8.150333e-01  9.347423e-04  7.648727e-01  8.236621e-04  
   1.0620300  8.170025e-01  9.588603e-04  8.170221e-01  9.589170e-04  7.666247e-01  8.447132e-04  
   1.0830300  8.190421e-01  9.834054e-04  8.190618e-01  9.834641e-04  7.684215e-01  8.660721e-04  
   1.1030300  8.210328e-01  1.007138e-03  8.210526e-01  1.007199e-03  7.701741e-01  8.867096e-04  
   1.1240300  8.231747e-01  1.032446e-03  8.231946e-01  1.032509e-03  7.720598e-01  9.086992e-04  
   1.1450300  8.253702e-01  1.058165e-03  8.253902e-01  1.058230e-03  7.739916e-01  9.310289e-04  
   1.1660300  8.276200e-01  1.084309e-03  8.276401e-01  1.084376e-03  7.759709e-01  9.537089e-04  
   1.1870300  8.299252e-01  1.110892e-03  8.299454e-01  1.110963e-03  7.779983e-01  9.767518e-04  
   1.2080300  8.322866e-01  1.137931e-03  8.323071e-01  1.138004e-03  7.800743e-01  1.000170e-03  
   1.2280300  8.345885e-01  1.164121e-03  8.346090e-01  1.164197e-03  7.820969e-01  1.022833e-03  
   1.2490300  8.370621e-01  1.192097e-03  8.370830e-01  1.192175e-03  7.842700e-01  1.047022e-03  
   1.2706300  8.396688e-01  1.221400e-03  8.396897e-01  1.221481e-03  7.865589e-01  1.072335e-03  
   1.2906300  8.421389e-01  1.249027e-03  8.421600e-01  1.249110e-03  7.887267e-01  1.096180e-03  
   1.3116300  8.447925e-01  1.278566e-03  8.448137e-01  1.278651e-03  7.910554e-01  1.121652e-03  
   1.3326300  8.475085e-01  1.308669e-03  8.475298e-01  1.308756e-03  7.934377e-01  1.147586e-03  
   1.3536299  8.502882e-01  1.339356e-03  8.503097e-01  1.339445e-03  7.958747e-01  1.173999e-03  
   1.3746300  8.531329e-01  1.370651e-03  8.531548e-01  1.370741e-03  7.983677e-01  1.200908e-03  
   1.3946300  8.559046e-01  1.401041e-03  8.559263e-01  1.401133e-03  8.007956e-01  1.227016e-03  
   1.4156300  8.588806e-01  1.433588e-03  8.589026e-01  1.433681e-03  8.034012e-01  1.254949e-03  
   1.4366300  8.619258e-01  1.466812e-03  8.619478e-01  1.466906e-03  8.060664e-01  1.283436e-03  
   1.4576300  8.650416e-01  1.500739e-03  8.650640e-01  1.500835e-03  8.087921e-01  1.312495e-03  
   1.4786299  8.682302e-01  1.535397e-03  8.682526e-01  1.535494e-03  8.115798e-01  1.342150e-03  
   1.4996300  8.714919e-01  1.570812e-03  8.715147e-01  1.570911e-03  8.144307e-01  1.372420e-03  
   1.5196300  8.746683e-01  1.605270e-03  8.746912e-01  1.605371e-03  8.172050e-01  1.401843e-03  
   1.5406300  8.780786e-01  1.642248e-03  8.781016e-01  1.642350e-03  8.201823e-01  1.433383e-03  
   1.5616300  8.815675e-01  1.680072e-03  8.815907e-01  1.680177e-03  8.232269e-01  1.465609e-03  
   1.5826300  8.851365e-01  1.718775e-03  8.851602e-01  1.718883e-03  8.263395e-01  1.498547e-03  
   1.6036299  8.887877e-01  1.758392e-03  8.888116e-01  1.758503e-03  8.295221e-01  1.532224e-03  
   1.6246300  8.925229e-01  1.798960e-03  8.925471e-01  1.799075e-03  8.327758e-01  1.566670e-03  
   1.6446300  8.961602e-01  1.838515e-03  8.961845e-01  1.838634e-03  8.359426e-01  1.600215e-03  
   1.6656300  9.000651e-01  1.881053e-03  9.000895e-01  1.881175e-03  8.393402e-01  1.636247e-03  
   1.6872300  9.041763e-01  1.925927e-03  9.042009e-01  1.926055e-03  8.429153e-01  1.674209e-03  
   1.7072300  9.080698e-01  1.968533e-03  9.080948e-01  1.968666e-03  8.462991e-01  1.710205e-03  
   1.7282300  9.122509e-01  2.014412e-03  9.122763e-01  2.014549e-03  8.499304e-01  1.748915e-03  
   1.7492300  9.165296e-01  2.061513e-03  9.165552e-01  2.061653e-03  8.536437e-01  1.788600e-03  
   1.7702301  9.209083e-01  2.109894e-03  9.209340e-01  2.110040e-03  8.574414e-01  1.829302e-03  
   1.7912300  9.253899e-01  2.159617e-03  9.254160e-01  2.159766e-03  8.613260e-01  1.871069e-03  
   1.8112299  9.297568e-01  2.208283e-03  9.297832e-01  2.208436e-03  8.651080e-01  1.911881e-03  
   1.8322300  9.344481e-01  2.260828e-03  9.344746e-01  2.260986e-03  8.691685e-01  1.955869e-03  
   1.8532300  9.392512e-01  2.314934e-03  9.392781e-01  2.315096e-03  8.733225e-01  2.001075e-03  
   1.8742300  9.441696e-01  2.370692e-03  9.441972e-01  2.370859e-03  8.775731e-01  2.047560e-03  
   1.8952301  9.492072e-01  2.428202e-03  9.492350e-01  2.428374e-03  8.819230e-01  2.095391e-03  
   1.9162300  9.543666e-01  2.487576e-03  9.543949e-01  2.487753e-03  8.863743e-01  2.144638e-03  
   1.9362299  9.593973e-01  2.545972e-03  9.594255e-01  2.546154e-03  8.907112e-01  2.192932e-03  
   1.9572300  9.648057e-01  2.609369e-03  9.648346e-01  2.609557e-03  8.953694e-01  2.245187e-03  
   1.9782300  9.703479e-01  2.675060e-03  9.703769e-01  2.675254e-03  9.001398e-01  2.299128e-03  
   1.9992300  9.760270e-01  2.743226e-03  9.760566e-01  2.743426e-03  9.050229e-01  2.354867e-03  
   2.0202301  9.818491e-01  2.814077e-03  9.818791e-01  2.814284e-03  9.100242e-01  2.412539e-03  
   2.0412300  9.878178e-01  2.887842e-03  9.878480e-01  2.888057e-03  9.151465e-01  2.472292e-03  
   2.0612299  9.936427e-01  2.961035e-03  9.936735e-01  2.961259e-03  9.201412e-01  2.531296e-03  
   2.0822301  9.999117e-01  3.041245e-03  9.999428e-01  3.041479e-03  9.255112e-01  2.595647e-03  
   2.1038301  1.006529e+00  3.127641e-03  1.006561e+00  3.127884e-03  9.311745e-01  2.664634e-03  
   2.1238301  1.012814e+00  3.211452e-03  1.012846e+00  3.211707e-03  9.365480e-01  2.731288e-03  
   2.1448300  1.019583e+00  3.303725e-03  1.019616e+00  3.303991e-03  9.423293e-01  2.804438e-03  
   2.1658299  1.026533e+00  3.400704e-03  1.026566e+00  3.400985e-03  9.482584e-01  2.881160e-03  
   2.1868300  1.033669e+00  3.502743e-03  1.033703e+00  3.503036e-03  9.543408e-01  2.961830e-03  
   2.2078300  1.040999e+00  3.610187e-03  1.041034e+00  3.610496e-03  9.605813e-01  3.046858e-03  
   2.2278299  1.048168e+00  3.717867e-03  1.048203e+00  3.718190e-03  9.666783e-01  3.132307e-03  
   2.2488301  1.055899e+00  3.836896e-03  1.055935e+00  3.837236e-03  9.732460e-01  3.227184e-03  
   2.2698300  1.063847e+00  3.962391e-03  1.063884e+00  3.962747e-03  9.799902e-01  3.327856e-03  
   2.2908299  1.072024e+00  4.094737e-03  1.072061e+00  4.095109e-03  9.869190e-01  3.434876e-03  
   2.3118300  1.080436e+00  4.234328e-03  1.080473e+00  4.234720e-03  9.940382e-01  3.548826e-03  
   2.3328300  1.089094e+00  4.381602e-03  1.089133e+00  4.382008e-03  1.001356e+00  3.670306e-03  
   2.3528299  1.097580e+00  4.529436e-03  1.097619e+00  4.529858e-03  1.008517e+00  3.793587e-03  
   2.3738301  1.106753e+00  4.693133e-03  1.106792e+00  4.693575e-03  1.016246e+00  3.931624e-03  
   2.3948300  1.116206e+00  4.866110e-03  1.116246e+00  4.866572e-03  1.024198e+00  4.079139e-03  
   2.4158299  1.125954e+00  5.049078e-03  1.125996e+00  5.049556e-03  1.032383e+00  4.236858e-03  
   2.4368300  1.136011e+00  5.242859e-03  1.136054e+00  5.243358e-03  1.040810e+00  4.405549e-03  
   2.4578300  1.146394e+00  5.448405e-03  1.146438e+00  5.448929e-03  1.049494e+00  4.586040e-03  
   2.4778299  1.156601e+00  5.656129e-03  1.156645e+00  5.656676e-03  1.058010e+00  4.769727e-03  
   2.4988301  1.167669e+00  5.888059e-03  1.167714e+00  5.888634e-03  1.067225e+00  4.975940e-03  
   2.5204301  1.179451e+00  6.142976e-03  1.179498e+00  6.143588e-03  1.077010e+00  5.203462e-03  
   2.5404301  1.190741e+00  6.395504e-03  1.190789e+00  6.396147e-03  1.086361e+00  5.429249e-03  
   2.5614300  1.203013e+00  6.679820e-03  1.203061e+00  6.680507e-03  1.096497e+00  5.683395e-03  
   2.5824299  1.215737e+00  6.986328e-03  1.215787e+00  6.987065e-03  1.106976e+00  5.956698e-03  
   2.6034300  1.228947e+00  7.318220e-03  1.228998e+00  7.319009e-03  1.117819e+00  6.251197e-03  
   2.6244299  1.242672e+00  7.679429e-03  1.242725e+00  7.680285e-03  1.129048e+00  6.569339e-03  
   2.6444299  1.256258e+00  8.055241e-03  1.256312e+00  8.056167e-03  1.140124e+00  6.897087e-03  
   2.6654301  1.271102e+00  8.489337e-03  1.271157e+00  8.490349e-03  1.152180e+00  7.270849e-03  
   2.6864300  1.286583e+00  8.971966e-03  1.286641e+00  8.973070e-03  1.164701e+00  7.679687e-03  
   2.7074299  1.302755e+00  9.513930e-03  1.302814e+00  9.515146e-03  1.177722e+00  8.129785e-03  
   2.7284300  1.319674e+00  1.012957e-02  1.319735e+00  1.013091e-02  1.191279e+00  8.629171e-03  
   2.7494299  1.337406e+00  1.083802e-02  1.337469e+00  1.083952e-02  1.205413e+00  9.188276e-03  
   2.7694299  1.355116e+00  1.162247e-02  1.355181e+00  1.162415e-02  1.219452e+00  9.788683e-03  
   2.7904301  1.374656e+00  1.259421e-02  1.374724e+00  1.259611e-02  1.234849e+00  1.050728e-02  
   2.8114300  1.395252e+00  1.376238e-02  1.395323e+00  1.376457e-02  1.250972e+00  1.133840e-02  
   2.8324299  1.417008e+00  1.518714e-02  1.417081e+00  1.518969e-02  1.267882e+00  1.231092e-02  
   2.8534300  1.440032e+00  1.694752e-02  1.440109e+00  1.695054e-02  1.285646e+00  1.346164e-02  
   2.8744299  1.464445e+00  1.914609e-02  1.464525e+00  1.914972e-02  1.304337e+00  1.483705e-02  
   2.8944299  1.489100e+00  2.176718e-02  1.489184e+00  2.177155e-02  1.323070e+00  1.640913e-02  
   2.9154301  1.516581e+00  2.523099e-02  1.516668e+00  2.523638e-02  1.343800e+00  1.840461e-02  
   2.9370301  1.546674e+00  2.976521e-02  1.546765e+00  2.977194e-02  1.366346e+00  2.091819e-02  
   2.9570301  1.576287e+00  3.507257e-02  1.576383e+00  3.508092e-02  1.388412e+00  2.376492e-02  
   2.9780300  1.609270e+00  4.207607e-02  1.609370e+00  4.208656e-02  1.412901e+00  2.742028e-02  
   2.9990301  1.644232e+00  5.087803e-02  1.644337e+00  5.089118e-02  1.438827e+00  3.191563e-02  
   3.0200300  1.681166e+00  6.185898e-02  1.681275e+00  6.187542e-02  1.466270e+00  3.744124e-02  
   3.0410299  1.720000e+00  7.543589e-02  1.720113e+00  7.545633e-02  1.495296e+00  4.422128e-02  
   3.0610299  1.758613e+00  9.118300e-02  1.758729e+00  9.120800e-02  1.524450e+00  5.208226e-02  
   3.0820301  1.800632e+00  1.111054e-01  1.800750e+00  1.111360e-01  1.556656e+00  6.209414e-02  
   3.1030300  1.843820e+00  1.349241e-01  1.843940e+00  1.349611e-01  1.590463e+00  7.423075e-02  
   3.1240301  1.887732e+00  1.630332e-01  1.887853e+00  1.630774e-01  1.625782e+00  8.885089e-02  
   3.1450300  1.931813e+00  1.957560e-01  1.931933e+00  1.958083e-01  1.662448e+00  1.063328e-01  
   3.1660299  1.975424e+00  2.333198e-01  1.975540e+00  2.333806e-01  1.700221e+00  1.270623e-01  
   3.1860299  2.015864e+00  2.736907e-01  2.015976e+00  2.737600e-01  1.736914e+00  1.501660e-01  
   3.2070301  2.056454e+00  3.208682e-01  2.056560e+00  3.209465e-01  1.775781e+00  1.782817e-01  
   3.2280300  2.094370e+00  3.727555e-01  2.094467e+00  3.728428e-01  1.814469e+00  2.106240e-01  
   3.2490301  2.128875e+00  4.289967e-01  2.128963e+00  4.290925e-01  1.852358e+00  2.473873e-01  
   3.2700300  2.159302e+00  4.890784e-01  2.159376e+00  4.891819e-01  1.888747e+00  2.886482e-01  
   3.2910299  2.185088e+00  5.523542e-01  2.185151e+00  5.524641e-01  1.922894e+00  3.343441e-01  
   3.3110299  2.204947e+00  6.148992e-01  2.204998e+00  6.150143e-01  1.952630e+00  3.817849e-01  
   3.3320301  2.220614e+00  6.821834e-01  2.220651e+00  6.823027e-01  1.980222e+00  4.353421e-01  
   3.3536301  2.231100e+00  7.522434e-01  2.231122e+00  7.523651e-01  2.004036e+00  4.938548e-01  
   3.3736300  2.235796e+00  8.171192e-01  2.235807e+00  8.172415e-01  2.021435e+00  5.504675e-01  
   3.3946300  2.235780e+00  8.845146e-01  2.235779e+00  8.846368e-01  2.034512e+00  6.116217e-01  
   3.4156301  2.231070e+00  9.505288e-01  2.231059e+00  9.506490e-01  2.042065e+00  6.736230e-01  
   3.4366300  2.222149e+00  1.014634e+00  2.222127e+00  1.014752e+00  2.044097e+00  7.355103e-01  
   3.4576299  2.209565e+00  1.076447e+00  2.209536e+00  1.076562e+00  2.040830e+00  7.963399e-01  
   3.4776299  2.194695e+00  1.132966e+00  2.194660e+00  1.133078e+00  2.033182e+00  8.524902e-01  
   3.4986300  2.176589e+00  1.189735e+00  2.176547e+00  1.189844e+00  2.020968e+00  9.088519e-01  
   3.5196300  2.156427e+00  1.243868e+00  2.156380e+00  1.243974e+00  2.005207e+00  9.619744e-01  
   3.5406301  2.134656e+00  1.295456e+00  2.134605e+00  1.295559e+00  1.986732e+00  1.011468e+00  
   3.5616300  2.111634e+00  1.344639e+00  2.111578e+00  1.344742e+00  1.966413e+00  1.057153e+00  
   3.5826299  2.087635e+00  1.391588e+00  2.087576e+00  1.391690e+00  1.945087e+00  1.099063e+00  
   3.6026299  2.064057e+00  1.434373e+00  2.063993e+00  1.434475e+00  1.924534e+00  1.135678e+00  
   3.6236300  2.038677e+00  1.477403e+00  2.038610e+00  1.477507e+00  1.903300e+00  1.171027e+00  
   3.6446300  2.012763e+00  1.518587e+00  2.012692e+00  1.518693e+00  1.882884e+00  1.203696e+00  
   3.6656301  1.986411e+00  1.557976e+00  1.986334e+00  1.558084e+00  1.863578e+00  1.234241e+00  
   3.6866300  1.959728e+00  1.595576e+00  1.959647e+00  1.595687e+00  1.845504e+00  1.263227e+00  
   3.7076299  1.932862e+00  1.631362e+00  1.932776e+00  1.631477e+00  1.828632e+00  1.291171e+00  
   3.7276299  1.907283e+00  1.663724e+00  1.907193e+00  1.663843e+00  1.813545e+00  1.317209e+00  
   3.7486300  1.880685e+00  1.695873e+00  1.880591e+00  1.695996e+00  1.798534e+00  1.344250e+00  
   3.7702301  1.853943e+00  1.726992e+00  1.853846e+00  1.727120e+00  1.783738e+00  1.371935e+00  
   3.7902300  1.830092e+00  1.754107e+00  1.829992e+00  1.754240e+00  1.770433e+00  1.397514e+00  
   3.8112299  1.806400e+00  1.780966e+00  1.806298e+00  1.781106e+00  1.756751e+00  1.424281e+00  
   3.8322301  1.784525e+00  1.806425e+00  1.784423e+00  1.806571e+00  1.743342e+00  1.450849e+00  
   3.8532300  1.764899e+00  1.830855e+00  1.764798e+00  1.831009e+00  1.730306e+00  1.477089e+00  
   3.8742299  1.747912e+00  1.854755e+00  1.747813e+00  1.854916e+00  1.717865e+00  1.502896e+00  
   3.8942299  1.734472e+00  1.877590e+00  1.734375e+00  1.877760e+00  1.706868e+00  1.527033e+00  
   3.9152300  1.723426e+00  1.902356e+00  1.723333e+00  1.902535e+00  1.696593e+00  1.551983e+00  
   3.9362299  1.715572e+00  1.928754e+00  1.715485e+00  1.928942e+00  1.688045e+00  1.576732e+00  
   3.9572301  1.710788e+00  1.957697e+00  1.710707e+00  1.957897e+00  1.681639e+00  1.601648e+00  
   3.9782300  1.708742e+00  1.990137e+00  1.708668e+00  1.990347e+00  1.677719e+00  1.627262e+00  
   3.9992299  1.708888e+00  2.027018e+00  1.708819e+00  2.027239e+00  1.676515e+00  1.654263e+00  
   4.0192299  1.710356e+00  2.067089e+00  1.710293e+00  2.067320e+00  1.677955e+00  1.682022e+00  
   4.0402298  1.712346e+00  2.115108e+00  1.712286e+00  2.115351e+00  1.682054e+00  1.714200e+00  
   4.0612302  1.713629e+00  2.169836e+00  1.713571e+00  2.170089e+00  1.688445e+00  1.750450e+00  
   4.0822301  1.712855e+00  2.231680e+00  1.712798e+00  2.231942e+00  1.696509e+00  1.791752e+00  
   4.1032300  1.708559e+00  2.300799e+00  1.708498e+00  2.301068e+00  1.705369e+00  1.839032e+00  
   4.1242299  1.699208e+00  2.377059e+00  1.699141e+00  2.377335e+00  1.713888e+00  1.893090e+00  
   4.1442299  1.684197e+00  2.455927e+00  1.684121e+00  2.456208e+00  1.720429e+00  1.951430e+00  
   4.1652298  1.660612e+00  2.544576e+00  1.660524e+00  2.544859e+00  1.724137e+00  2.020228e+00  
   4.1868300  1.626591e+00  2.640921e+00  1.626487e+00  2.641205e+00  1.722786e+00  2.099091e+00  
   4.2068300  1.585168e+00  2.733572e+00  1.585047e+00  2.733856e+00  1.715175e+00  2.179126e+00  
   4.2278299  1.530485e+00  2.832933e+00  1.530346e+00  2.833214e+00  1.698841e+00  2.269722e+00  
   4.2488298  1.463668e+00  2.932739e+00  1.463509e+00  2.933014e+00  1.672265e+00  2.365915e+00  
   4.2698302  1.384310e+00  3.031159e+00  1.384131e+00  3.031428e+00  1.633904e+00  2.466166e+00  
   4.2908301  1.292302e+00  3.126285e+00  1.292106e+00  3.126545e+00  1.582495e+00  2.568555e+00  
   4.3108301  1.193081e+00  3.212069e+00  1.192869e+00  3.212320e+00  1.520593e+00  2.666024e+00  
   4.3318300  1.077164e+00  3.295280e+00  1.076938e+00  3.295521e+00  1.441585e+00  2.765967e+00  
   4.3528299  9.499425e-01  3.369688e+00  9.497049e-01  3.369917e+00  1.348291e+00  2.860922e+00  
   4.3738298  8.123931e-01  3.433604e+00  8.121477e-01  3.433821e+00  1.241321e+00  2.948322e+00  
   4.3948302  6.657239e-01  3.485488e+00  6.654740e-01  3.485693e+00  1.121829e+00  3.025729e+00  
   4.4158301  5.113705e-01  3.523977e+00  5.111193e-01  3.524166e+00  9.914915e-01  3.090955e+00  
   4.4358301  3.587096e-01  3.547118e+00  3.584600e-01  3.547292e+00  8.592064e-01  3.140091e+00  
   4.4568300  1.942138e-01  3.556329e+00  1.939683e-01  3.556487e+00  7.141058e-01  3.176748e+00  
   4.4778299  2.735193e-02  3.549418e+00  2.711285e-02  3.549558e+00  5.652916e-01  3.197285e+00  
   4.4988298  -1.397707e-01  3.525992e+00  -1.400015e-01  3.526111e+00  4.155382e-01  3.201429e+00  
   4.5198302  -3.049498e-01  3.485971e+00  -3.051715e-01  3.486069e+00  2.675702e-01  3.189461e+00  
   4.5408301  -4.659139e-01  3.429624e+00  -4.661259e-01  3.429698e+00  1.239445e-01  3.162184e+00  
   4.5608301  -6.132280e-01  3.361356e+00  -6.134308e-01  3.361408e+00  -6.737120e-03  3.123108e+00  
   4.5818300  -7.595165e-01  3.275300e+00  -7.597101e-01  3.275327e+00  -1.357237e-01  3.069858e+00  
   4.6034298  -8.989002e-01  3.172852e+00  -8.990855e-01  3.172853e+00  -2.580831e-01  3.003934e+00  
   4.6234298  -1.016243e+00  3.067013e+00  -1.016422e+00  3.066992e+00  -3.610986e-01  2.934666e+00  
   4.6444302  -1.125882e+00  2.946498e+00  -1.126056e+00  2.946454e+00  -4.580597e-01  2.855372e+00  
   4.6654301  -1.220532e+00  2.818628e+00  -1.220702e+00  2.818563e+00  -5.433574e-01  2.771287e+00  
   4.6864300  -1.299537e+00  2.685853e+00  -1.299707e+00  2.685766e+00  -6.171512e-01  2.684248e+00  
   4.7074299  -1.362721e+00  2.550686e+00  -1.362892e+00  2.550578e+00  -6.798782e-01  2.595913e+00  
   4.7274299  -1.408458e+00  2.421987e+00  -1.408633e+00  2.421861e+00  -7.299181e-01  2.511909e+00  
   4.7484298  -1.442031e+00  2.289109e+00  -1.442211e+00  2.288963e+00  -7.730281e-01  2.425025e+00  
   4.7694302  -1.461903e+00  2.160571e+00  -1.462091e+00  2.160407e+00  -8.073332e-01  2.340493e+00  
   4.7904301  -1.469495e+00  2.038122e+00  -1.469692e+00  2.037938e+00  -8.337379e-01  2.259132e+00  
   4.8114300  -1.466432e+00  1.923131e+00  -1.466639e+00  1.922925e+00  -8.531519e-01  2.181560e+00  
   4.8324299  -1.454447e+00  1.816575e+00  -1.454666e+00  1.816346e+00  -8.664587e-01  2.108229e+00  
   4.8524299  -1.436331e+00  1.723482e+00  -1.436560e+00  1.723230e+00  -8.742241e-01  2.042606e+00  
   4.8734298  -1.411878e+00  1.634784e+00  -1.412118e+00  1.634504e+00  -8.779799e-01  1.978292e+00  
   4.8944302  -1.383378e+00  1.555304e+00  -1.383628e+00  1.554995e+00  -8.779465e-01  1.918738e+00  
   4.9154301  -1.352198e+00  1.484751e+00  -1.352458e+00  1.484410e+00  -8.747854e-01  1.863909e+00  
   4.9364300  -1.319507e+00  1.422641e+00  -1.319775e+00  1.422267e+00  -8.690917e-01  1.813694e+00  
   4.9574299  -1.286270e+00  1.368366e+00  -1.286544e+00  1.367957e+00  -8.613942e-01  1.767916e+00  
   4.9774299  -1.254812e+00  1.323334e+00  -1.255090e+00  1.322890e+00  -8.526245e-01  1.728241e+00  
   4.9984298  -1.222553e+00  1.282350e+00  -1.222834e+00  1.281870e+00  -8.422916e-01  1.690458e+00  
