w Re-xx Im-xx Re-yy Im-yy Re-zz Im-zz
# Gaussian absolute broadening  0.15 [eV]
   0.0000000  7.693457e-01  8.867071e-05  7.693641e-01  8.868318e-05  7.249783e-01  7.886965e-05  
   0.0200000  7.694460e-01  9.490006e-05  7.694641e-01  9.491285e-05  7.250674e-01  8.440768e-05  
   0.0410000  7.695650e-01  1.019987e-04  7.695835e-01  1.020118e-04  7.251733e-01  9.071825e-05  
   0.0620000  7.697011e-01  1.097051e-04  7.697194e-01  1.097185e-04  7.252941e-01  9.756882e-05  
   0.0830000  7.698553e-01  1.180534e-04  7.698738e-01  1.180669e-04  7.254313e-01  1.049896e-04  
   0.1040000  7.700300e-01  1.270730e-04  7.700484e-01  1.270866e-04  7.255868e-01  1.130067e-04  
   0.1240000  7.702178e-01  1.363086e-04  7.702360e-01  1.363223e-04  7.257538e-01  1.212152e-04  
   0.1450000  7.704390e-01  1.466990e-04  7.704575e-01  1.467127e-04  7.259505e-01  1.304496e-04  
   0.1660000  7.706876e-01  1.578059e-04  7.707063e-01  1.578196e-04  7.261714e-01  1.403198e-04  
   0.1870000  7.709656e-01  1.696257e-04  7.709839e-01  1.696393e-04  7.264184e-01  1.508227e-04  
   0.2080000  7.712744e-01  1.821437e-04  7.712932e-01  1.821573e-04  7.266938e-01  1.619450e-04  
   0.2290000  7.716170e-01  1.953349e-04  7.716353e-01  1.953484e-04  7.269980e-01  1.736640e-04  
   0.2490000  7.719752e-01  2.084912e-04  7.719935e-01  2.085047e-04  7.273165e-01  1.853507e-04  
   0.2700000  7.723867e-01  2.228864e-04  7.724051e-01  2.229000e-04  7.276821e-01  1.981362e-04  
   0.2910000  7.728348e-01  2.378273e-04  7.728532e-01  2.378411e-04  7.280805e-01  2.114044e-04  
   0.3120000  7.733210e-01  2.532600e-04  7.733395e-01  2.532740e-04  7.285128e-01  2.251071e-04  
   0.3330000  7.738451e-01  2.691293e-04  7.738637e-01  2.691437e-04  7.289788e-01  2.391950e-04  
   0.3540000  7.744082e-01  2.853817e-04  7.744268e-01  2.853967e-04  7.294791e-01  2.536200e-04  
   0.3740000  7.749804e-01  3.011705e-04  7.749990e-01  3.011861e-04  7.299875e-01  2.676306e-04  
   0.3950000  7.756187e-01  3.180317e-04  7.756373e-01  3.180483e-04  7.305547e-01  2.825894e-04  
   0.4160000  7.762957e-01  3.351454e-04  7.763143e-01  3.351630e-04  7.311562e-01  2.977683e-04  
   0.4374300  7.770267e-01  3.528374e-04  7.770454e-01  3.528565e-04  7.318056e-01  3.134559e-04  
   0.4574300  7.777447e-01  3.695342e-04  7.777632e-01  3.695546e-04  7.324436e-01  3.282568e-04  
   0.4784300  7.785358e-01  3.872410e-04  7.785547e-01  3.872630e-04  7.331465e-01  3.439483e-04  
   0.4994300  7.793658e-01  4.051155e-04  7.793844e-01  4.051391e-04  7.338832e-01  3.597831e-04  
   0.5204300  7.802339e-01  4.231505e-04  7.802525e-01  4.231759e-04  7.346542e-01  3.757548e-04  
   0.5414300  7.811403e-01  4.413426e-04  7.811593e-01  4.413697e-04  7.354591e-01  3.918597e-04  
   0.5614300  7.820400e-01  4.588144e-04  7.820588e-01  4.588431e-04  7.362577e-01  4.073212e-04  
   0.5824300  7.830226e-01  4.773148e-04  7.830415e-01  4.773452e-04  7.371302e-01  4.236869e-04  
   0.6034300  7.840440e-01  4.959771e-04  7.840632e-01  4.960094e-04  7.380371e-01  4.401892e-04  
   0.6244300  7.851054e-01  5.148072e-04  7.851247e-01  5.148412e-04  7.389787e-01  4.568329e-04  
   0.6454300  7.862067e-01  5.338104e-04  7.862258e-01  5.338458e-04  7.399558e-01  4.736223e-04  
   0.6664300  7.873481e-01  5.529926e-04  7.873674e-01  5.530295e-04  7.409686e-01  4.905626e-04  
   0.6864300  7.884726e-01  5.714340e-04  7.884917e-01  5.714722e-04  7.419659e-01  5.068413e-04  
   0.7074300  7.896933e-01  5.909860e-04  7.897127e-01  5.910255e-04  7.430487e-01  5.240925e-04  
   0.7284300  7.909554e-01  6.107375e-04  7.909747e-01  6.107782e-04  7.441676e-01  5.415114e-04  
   0.7494300  7.922592e-01  6.306967e-04  7.922786e-01  6.307386e-04  7.453237e-01  5.591051e-04  
   0.7704300  7.936049e-01  6.508708e-04  7.936243e-01  6.509137e-04  7.465165e-01  5.768789e-04  
   0.7914300  7.949934e-01  6.712684e-04  7.950131e-01  6.713123e-04  7.477469e-01  5.948404e-04  
   0.8114300  7.963550e-01  6.909096e-04  7.963747e-01  6.909547e-04  7.489536e-01  6.121271e-04  
   0.8324300  7.978277e-01  7.117674e-04  7.978476e-01  7.118135e-04  7.502582e-01  6.304748e-04  
   0.8540300  7.993889e-01  7.334814e-04  7.994089e-01  7.335287e-04  7.516408e-01  6.495648e-04  
   0.8740300  8.008759e-01  7.538308e-04  8.008959e-01  7.538793e-04  7.529576e-01  6.674454e-04  
   0.8950300  8.024817e-01  7.754596e-04  8.025016e-01  7.755092e-04  7.543792e-01  6.864392e-04  
   0.9160300  8.041329e-01  7.973671e-04  8.041530e-01  7.974180e-04  7.558406e-01  7.056664e-04  
   0.9370300  8.058304e-01  8.195637e-04  8.058506e-01  8.196158e-04  7.573428e-01  7.251355e-04  
   0.9580300  8.075746e-01  8.420603e-04  8.075949e-01  8.421134e-04  7.588859e-01  7.448556e-04  
   0.9780300  8.092805e-01  8.637749e-04  8.093008e-01  8.638293e-04  7.603945e-01  7.638788e-04  
   0.9990300  8.111184e-01  8.868900e-04  8.111390e-01  8.869458e-04  7.620201e-01  7.841160e-04  
   1.0200300  8.130054e-01  9.103391e-04  8.130260e-01  9.103962e-04  7.636880e-01  8.046326e-04  
   1.0410300  8.149422e-01  9.341342e-04  8.149628e-01  9.341929e-04  7.653997e-01  8.254380e-04  
   1.0620300  8.169298e-01  9.582880e-04  8.169506e-01  9.583479e-04  7.671556e-01  8.465427e-04  
   1.0830300  8.189681e-01  9.828128e-04  8.189889e-01  9.828741e-04  7.689563e-01  8.679567e-04  
   1.1030300  8.209575e-01  1.006526e-03  8.209786e-01  1.006589e-03  7.707130e-01  8.886480e-04  
   1.1240300  8.230982e-01  1.031812e-03  8.231192e-01  1.031877e-03  7.726026e-01  9.106965e-04  
   1.1450300  8.252924e-01  1.057508e-03  8.253136e-01  1.057575e-03  7.745387e-01  9.330864e-04  
   1.1660300  8.275408e-01  1.083630e-03  8.275620e-01  1.083698e-03  7.765224e-01  9.558289e-04  
   1.1870300  8.298445e-01  1.110190e-03  8.298660e-01  1.110260e-03  7.785543e-01  9.789364e-04  
   1.2080300  8.322045e-01  1.137204e-03  8.322262e-01  1.137276e-03  7.806351e-01  1.002421e-03  
   1.2280300  8.345049e-01  1.163369e-03  8.345266e-01  1.163443e-03  7.826622e-01  1.025150e-03  
   1.2490300  8.369767e-01  1.191319e-03  8.369988e-01  1.191394e-03  7.848403e-01  1.049409e-03  
   1.2706300  8.395818e-01  1.220594e-03  8.396038e-01  1.220671e-03  7.871344e-01  1.074798e-03  
   1.2906300  8.420502e-01  1.248192e-03  8.420722e-01  1.248271e-03  7.893077e-01  1.098713e-03  
   1.3116300  8.447021e-01  1.277701e-03  8.447244e-01  1.277781e-03  7.916415e-01  1.124263e-03  
   1.3326300  8.474161e-01  1.307771e-03  8.474385e-01  1.307854e-03  7.940291e-01  1.150276e-03  
   1.3536299  8.501940e-01  1.338425e-03  8.502166e-01  1.338509e-03  7.964720e-01  1.176771e-03  
   1.3746300  8.530368e-01  1.369684e-03  8.530596e-01  1.369770e-03  7.989708e-01  1.203764e-03  
   1.3946300  8.558062e-01  1.400038e-03  8.558291e-01  1.400125e-03  8.014046e-01  1.229954e-03  
   1.4156300  8.587801e-01  1.432545e-03  8.588032e-01  1.432635e-03  8.040166e-01  1.257977e-03  
   1.4366300  8.618230e-01  1.465728e-03  8.618463e-01  1.465820e-03  8.066883e-01  1.286554e-03  
   1.4576300  8.649367e-01  1.499612e-03  8.649601e-01  1.499706e-03  8.094203e-01  1.315709e-03  
   1.4786299  8.681226e-01  1.534224e-03  8.681462e-01  1.534320e-03  8.122149e-01  1.345461e-03  
   1.4996300  8.713819e-01  1.569590e-03  8.714060e-01  1.569689e-03  8.150728e-01  1.375831e-03  
   1.5196300  8.745557e-01  1.604001e-03  8.745798e-01  1.604102e-03  8.178540e-01  1.405353e-03  
   1.5406300  8.779633e-01  1.640925e-03  8.779876e-01  1.641029e-03  8.208392e-01  1.436999e-03  
   1.5616300  8.814492e-01  1.678693e-03  8.814737e-01  1.678800e-03  8.238912e-01  1.469336e-03  
   1.5826300  8.850153e-01  1.717336e-03  8.850400e-01  1.717447e-03  8.270116e-01  1.502387e-03  
   1.6036299  8.886638e-01  1.756890e-03  8.886884e-01  1.757005e-03  8.302025e-01  1.536181e-03  
   1.6246300  8.923957e-01  1.797392e-03  8.924208e-01  1.797510e-03  8.334649e-01  1.570747e-03  
   1.6446300  8.960296e-01  1.836879e-03  8.960550e-01  1.837001e-03  8.366395e-01  1.604410e-03  
   1.6656300  8.999310e-01  1.879341e-03  8.999566e-01  1.879467e-03  8.400462e-01  1.640570e-03  
   1.6872300  9.040384e-01  1.924131e-03  9.040643e-01  1.924261e-03  8.436310e-01  1.678668e-03  
   1.7072300  9.079284e-01  1.966652e-03  9.079546e-01  1.966785e-03  8.470237e-01  1.714793e-03  
   1.7282300  9.121056e-01  2.012432e-03  9.121318e-01  2.012569e-03  8.506646e-01  1.753643e-03  
   1.7492300  9.163797e-01  2.059423e-03  9.164067e-01  2.059566e-03  8.543883e-01  1.793472e-03  
   1.7702301  9.207541e-01  2.107679e-03  9.207810e-01  2.107827e-03  8.581963e-01  1.834321e-03  
   1.7912300  9.252314e-01  2.157259e-03  9.252585e-01  2.157410e-03  8.620914e-01  1.876240e-03  
   1.8112299  9.295934e-01  2.205767e-03  9.296210e-01  2.205921e-03  8.658839e-01  1.917198e-03  
   1.8322300  9.342797e-01  2.258113e-03  9.343076e-01  2.258272e-03  8.699557e-01  1.961343e-03  
   1.8532300  9.390774e-01  2.311982e-03  9.391056e-01  2.312145e-03  8.741216e-01  2.006705e-03  
   1.8742300  9.439903e-01  2.367448e-03  9.440189e-01  2.367615e-03  8.783842e-01  2.053346e-03  
   1.8952301  9.490218e-01  2.424596e-03  9.490508e-01  2.424768e-03  8.827466e-01  2.101327e-03  
   1.9162300  9.541753e-01  2.483517e-03  9.542044e-01  2.483695e-03  8.872107e-01  2.150715e-03  
   1.9362299  9.591990e-01  2.541376e-03  9.592289e-01  2.541558e-03  8.915598e-01  2.199125e-03  
   1.9572300  9.646012e-01  2.604066e-03  9.646311e-01  2.604255e-03  8.962317e-01  2.251476e-03  
   1.9782300  9.701356e-01  2.668872e-03  9.701662e-01  2.669066e-03  9.010154e-01  2.305469e-03  
   1.9992300  9.758075e-01  2.735937e-03  9.758385e-01  2.736137e-03  9.059133e-01  2.361200e-03  
   2.0202301  9.816220e-01  2.805428e-03  9.816529e-01  2.805636e-03  9.109290e-01  2.418776e-03  
   2.0412300  9.875817e-01  2.877538e-03  9.876136e-01  2.877751e-03  9.160663e-01  2.478313e-03  
   2.0612299  9.933988e-01  2.948848e-03  9.934306e-01  2.949069e-03  9.210754e-01  2.536962e-03  
   2.0822301  9.996590e-01  3.026733e-03  9.996914e-01  3.026963e-03  9.264614e-01  2.600729e-03  
   2.1038301  1.006267e+00  3.110359e-03  1.006300e+00  3.110599e-03  9.321411e-01  2.668828e-03  
   2.1238301  1.012544e+00  3.191277e-03  1.012577e+00  3.191527e-03  9.375305e-01  2.734330e-03  
   2.1448300  1.019305e+00  3.280210e-03  1.019338e+00  3.280472e-03  9.433291e-01  2.805840e-03  
   2.1658299  1.026245e+00  3.373621e-03  1.026279e+00  3.373895e-03  9.492754e-01  2.880390e-03  
   2.1868300  1.033373e+00  3.471978e-03  1.033408e+00  3.472266e-03  9.553760e-01  2.958242e-03  
   2.2078300  1.040694e+00  3.575789e-03  1.040730e+00  3.576091e-03  9.616356e-01  3.039693e-03  
   2.2278299  1.047855e+00  3.680237e-03  1.047891e+00  3.680555e-03  9.677512e-01  3.120912e-03  
   2.2488301  1.055578e+00  3.796343e-03  1.055615e+00  3.796675e-03  9.743397e-01  3.210373e-03  
   2.2698300  1.063520e+00  3.919652e-03  1.063557e+00  3.920003e-03  9.811057e-01  3.304512e-03  
   2.2908299  1.071689e+00  4.050831e-03  1.071726e+00  4.051199e-03  9.880581e-01  3.403773e-03  
   2.3118300  1.080094e+00  4.190552e-03  1.080132e+00  4.190939e-03  9.952023e-01  3.508645e-03  
   2.3328300  1.088744e+00  4.339504e-03  1.088783e+00  4.339910e-03  1.002547e+00  3.619664e-03  
   2.3528299  1.097222e+00  4.490584e-03  1.097262e+00  4.491006e-03  1.009736e+00  3.731648e-03  
   2.3738301  1.106385e+00  4.659571e-03  1.106425e+00  4.660015e-03  1.017496e+00  3.856424e-03  
   2.3948300  1.115827e+00  4.839857e-03  1.115868e+00  4.840321e-03  1.025483e+00  3.989265e-03  
   2.4158299  1.125562e+00  5.032165e-03  1.125604e+00  5.032650e-03  1.033706e+00  4.130961e-03  
   2.4368300  1.135603e+00  5.237241e-03  1.135646e+00  5.237747e-03  1.042176e+00  4.282387e-03  
   2.4578300  1.145966e+00  5.455880e-03  1.146010e+00  5.456412e-03  1.050906e+00  4.444518e-03  
   2.4778299  1.156150e+00  5.677521e-03  1.156194e+00  5.678079e-03  1.059471e+00  4.609874e-03  
   2.4988301  1.167190e+00  5.925292e-03  1.167236e+00  5.925878e-03  1.068742e+00  4.796172e-03  
   2.5204301  1.178938e+00  6.197438e-03  1.178985e+00  6.198058e-03  1.078589e+00  5.002777e-03  
   2.5404301  1.190190e+00  6.466379e-03  1.190238e+00  6.467032e-03  1.088003e+00  5.209106e-03  
   2.5614300  1.202416e+00  6.767973e-03  1.202464e+00  6.768668e-03  1.098212e+00  5.443061e-03  
   2.5824299  1.215087e+00  7.091342e-03  1.215137e+00  7.092081e-03  1.108770e+00  5.696818e-03  
   2.6034300  1.228236e+00  7.439151e-03  1.228287e+00  7.439943e-03  1.119699e+00  5.972842e-03  
   2.6244299  1.241892e+00  7.814761e-03  1.241945e+00  7.815612e-03  1.131020e+00  6.274034e-03  
   2.6444299  1.255404e+00  8.202271e-03  1.255458e+00  8.203185e-03  1.142191e+00  6.587487e-03  
   2.6654301  1.270160e+00  8.645768e-03  1.270216e+00  8.646757e-03  1.154353e+00  6.948620e-03  
   2.6864300  1.285543e+00  9.133865e-03  1.285600e+00  9.134945e-03  1.166989e+00  7.347691e-03  
   2.7074299  1.301604e+00  9.676103e-03  1.301663e+00  9.677289e-03  1.180132e+00  7.791267e-03  
   2.7284300  1.318400e+00  1.028522e-02  1.318461e+00  1.028653e-02  1.193820e+00  8.287665e-03  
   2.7494299  1.335995e+00  1.097829e-02  1.336059e+00  1.097975e-02  1.208094e+00  8.847556e-03  
   2.7694299  1.353561e+00  1.173743e-02  1.353627e+00  1.173907e-02  1.222275e+00  9.452342e-03  
   2.7904301  1.372935e+00  1.266819e-02  1.373003e+00  1.267007e-02  1.237831e+00  1.017947e-02  
   2.8114300  1.393349e+00  1.377657e-02  1.393419e+00  1.377875e-02  1.254124e+00  1.102326e-02  
   2.8324299  1.414906e+00  1.511759e-02  1.414979e+00  1.512017e-02  1.271219e+00  1.201287e-02  
   2.8534300  1.437719e+00  1.676410e-02  1.437796e+00  1.676720e-02  1.289184e+00  1.318565e-02  
   2.8744299  1.461907e+00  1.881125e-02  1.461987e+00  1.881505e-02  1.308095e+00  1.458907e-02  
   2.8944299  1.486341e+00  2.124527e-02  1.486424e+00  2.124994e-02  1.327060e+00  1.619489e-02  
   2.9154301  1.513586e+00  2.445806e-02  1.513673e+00  2.446394e-02  1.348060e+00  1.823565e-02  
   2.9370301  1.543441e+00  2.866419e-02  1.543534e+00  2.867170e-02  1.370919e+00  2.081021e-02  
   2.9570301  1.572850e+00  3.359325e-02  1.572947e+00  3.360272e-02  1.393311e+00  2.373114e-02  
   2.9780300  1.605647e+00  4.011026e-02  1.605749e+00  4.012233e-02  1.418184e+00  2.748917e-02  
   2.9990301  1.640468e+00  4.832208e-02  1.640575e+00  4.833744e-02  1.444541e+00  3.212076e-02  
   3.0200300  1.677323e+00  5.859819e-02  1.677436e+00  5.861763e-02  1.472462e+00  3.782610e-02  
   3.0410299  1.716164e+00  7.134699e-02  1.716283e+00  7.137141e-02  1.502013e+00  4.484087e-02  
   3.0610299  1.754881e+00  8.618680e-02  1.755006e+00  8.621686e-02  1.531707e+00  5.298810e-02  
   3.0820301  1.797132e+00  1.050331e-01  1.797263e+00  1.050702e-01  1.564512e+00  6.337924e-02  
   3.1030300  1.840699e+00  1.276585e-01  1.840836e+00  1.277035e-01  1.598937e+00  7.598861e-02  
   3.1240301  1.885153e+00  1.544749e-01  1.885294e+00  1.545290e-01  1.634872e+00  9.118707e-02  
   3.1450300  1.929946e+00  1.858346e-01  1.930093e+00  1.858987e-01  1.672130e+00  1.093626e-01  
   3.1660299  1.974441e+00  2.220044e-01  1.974592e+00  2.220792e-01  1.710437e+00  1.309069e-01  
   3.1860299  2.015881e+00  2.610642e-01  2.016034e+00  2.611498e-01  1.747554e+00  1.549005e-01  
   3.2070301  2.057665e+00  3.069379e-01  2.057818e+00  3.070352e-01  1.786742e+00  1.840655e-01  
   3.2280300  2.096898e+00  3.576586e-01  2.097052e+00  3.577676e-01  1.825592e+00  2.175636e-01  
   3.2490301  2.132808e+00  4.129344e-01  2.132959e+00  4.130549e-01  1.863446e+00  2.555702e-01  
   3.2700300  2.164680e+00  4.723122e-01  2.164827e+00  4.724436e-01  1.899579e+00  2.981369e-01  
   3.2910299  2.191911e+00  5.351972e-01  2.192050e+00  5.353387e-01  1.933223e+00  3.451689e-01  
   3.3110299  2.213102e+00  5.976964e-01  2.213233e+00  5.978467e-01  1.962244e+00  3.938775e-01  
   3.3320301  2.230081e+00  6.652956e-01  2.230203e+00  6.654544e-01  1.988834e+00  4.487230e-01  
   3.3536301  2.241795e+00  7.360685e-01  2.241903e+00  7.362347e-01  2.011356e+00  5.084738e-01  
   3.3736300  2.247502e+00  8.019410e-01  2.247597e+00  8.021134e-01  2.027344e+00  5.661182e-01  
   3.3946300  2.248411e+00  8.706976e-01  2.248492e+00  8.708755e-01  2.038737e+00  6.282040e-01  
   3.4156301  2.244500e+00  9.383469e-01  2.244565e+00  9.385301e-01  2.044436e+00  6.909536e-01  
   3.4366300  2.236277e+00  1.004305e+00  2.236326e+00  1.004493e+00  2.044481e+00  7.533838e-01  
   3.4576299  2.224325e+00  1.068128e+00  2.224358e+00  1.068321e+00  2.039136e+00  8.145378e-01  
   3.4776299  2.210033e+00  1.126653e+00  2.210052e+00  1.126851e+00  2.029463e+00  8.707889e-01  
   3.4986300  2.192543e+00  1.185578e+00  2.192548e+00  1.185783e+00  2.015121e+00  9.270430e-01  
   3.5196300  2.173044e+00  1.241879e+00  2.173035e+00  1.242090e+00  1.997269e+00  9.798516e-01  
   3.5406301  2.152001e+00  1.295617e+00  2.151981e+00  1.295837e+00  1.976789e+00  1.028845e+00  
   3.5616300  2.129778e+00  1.346920e+00  2.129748e+00  1.347148e+00  1.954587e+00  1.073875e+00  
   3.5826299  2.106642e+00  1.395952e+00  2.106604e+00  1.396189e+00  1.931545e+00  1.115010e+00  
   3.6026299  2.083912e+00  1.440692e+00  2.083867e+00  1.440938e+00  1.909541e+00  1.150812e+00  
   3.6236300  2.059404e+00  1.485752e+00  2.059355e+00  1.486008e+00  1.887010e+00  1.185275e+00  
   3.6446300  2.034283e+00  1.528950e+00  2.034231e+00  1.529215e+00  1.865550e+00  1.217066e+00  
   3.6656301  2.008564e+00  1.570339e+00  2.008512e+00  1.570613e+00  1.845470e+00  1.246786e+00  
   3.6866300  1.982277e+00  1.609917e+00  1.982224e+00  1.610199e+00  1.826894e+00  1.275038e+00  
   3.7076299  1.955478e+00  1.647640e+00  1.955427e+00  1.647929e+00  1.809785e+00  1.302367e+00  
   3.7276299  1.929589e+00  1.681774e+00  1.929542e+00  1.682068e+00  1.794705e+00  1.327948e+00  
   3.7486300  1.902206e+00  1.715656e+00  1.902164e+00  1.715954e+00  1.779913e+00  1.354644e+00  
   3.7702301  1.874112e+00  1.748351e+00  1.874077e+00  1.748651e+00  1.765531e+00  1.382113e+00  
   3.7902300  1.848492e+00  1.776663e+00  1.848464e+00  1.776964e+00  1.752736e+00  1.407593e+00  
   3.8112299  1.822410e+00  1.804425e+00  1.822391e+00  1.804726e+00  1.739671e+00  1.434325e+00  
   3.8322301  1.797631e+00  1.830341e+00  1.797623e+00  1.830639e+00  1.726915e+00  1.460885e+00  
   3.8532300  1.774652e+00  1.854702e+00  1.774655e+00  1.854998e+00  1.714519e+00  1.487092e+00  
   3.8742299  1.753956e+00  1.877953e+00  1.753971e+00  1.878245e+00  1.702664e+00  1.512787e+00  
   3.8942299  1.736764e+00  1.899598e+00  1.736792e+00  1.899886e+00  1.692141e+00  1.536701e+00  
   3.9152300  1.721680e+00  1.922508e+00  1.721722e+00  1.922791e+00  1.682251e+00  1.561243e+00  
   3.9362299  1.709837e+00  1.946457e+00  1.709891e+00  1.946736e+00  1.673957e+00  1.585368e+00  
   3.9572301  1.701263e+00  1.972419e+00  1.701329e+00  1.972693e+00  1.667668e+00  1.609411e+00  
   3.9782300  1.695770e+00  2.001431e+00  1.695848e+00  2.001701e+00  1.663732e+00  1.633874e+00  
   3.9992299  1.692935e+00  2.034549e+00  1.693023e+00  2.034816e+00  1.662391e+00  1.659426e+00  
   4.0192299  1.692094e+00  2.070839e+00  1.692187e+00  2.071103e+00  1.663611e+00  1.685517e+00  
   4.0402298  1.692280e+00  2.114806e+00  1.692377e+00  2.115067e+00  1.667413e+00  1.715634e+00  
   4.0612302  1.692437e+00  2.165519e+00  1.692532e+00  2.165778e+00  1.673475e+00  1.749505e+00  
   4.0822301  1.691222e+00  2.223505e+00  1.691313e+00  2.223761e+00  1.681224e+00  1.788118e+00  
   4.1032300  1.687149e+00  2.289015e+00  1.687228e+00  2.289267e+00  1.689827e+00  1.832416e+00  
   4.1242299  1.678638e+00  2.361999e+00  1.678702e+00  2.362247e+00  1.698198e+00  1.883223e+00  
   4.1442299  1.664943e+00  2.438111e+00  1.664988e+00  2.438355e+00  1.704744e+00  1.938261e+00  
   4.1652298  1.643207e+00  2.524291e+00  1.643227e+00  2.524528e+00  1.708655e+00  2.003427e+00  
   4.1868300  1.611502e+00  2.618583e+00  1.611492e+00  2.618813e+00  1.707767e+00  2.078457e+00  
   4.2068300  1.572517e+00  2.709798e+00  1.572476e+00  2.710017e+00  1.700843e+00  2.154948e+00  
   4.2278299  1.520622e+00  2.808146e+00  1.520545e+00  2.808354e+00  1.685521e+00  2.241929e+00  
   4.2488298  1.456750e+00  2.907464e+00  1.456635e+00  2.907658e+00  1.660260e+00  2.334737e+00  
   4.2698302  1.380427e+00  3.005935e+00  1.380273e+00  3.006114e+00  1.623512e+00  2.431965e+00  
   4.2908301  1.291484e+00  3.101663e+00  1.291292e+00  3.101826e+00  1.573998e+00  2.531823e+00  
   4.3108301  1.195158e+00  3.188540e+00  1.194930e+00  3.188685e+00  1.514133e+00  2.627451e+00  
   4.3318300  1.082207e+00  3.273438e+00  1.081944e+00  3.273565e+00  1.437465e+00  2.726162e+00  
   4.3528299  9.578286e-01  3.350068e+00  9.575322e-01  3.350175e+00  1.346669e+00  2.820688e+00  
   4.3738298  8.229473e-01  3.416703e+00  8.226235e-01  3.416790e+00  1.242299e+00  2.908512e+00  
   4.3948302  6.787216e-01  3.471741e+00  6.783752e-01  3.471809e+00  1.125446e+00  2.987209e+00  
   4.4158301  5.265350e-01  3.513730e+00  5.261727e-01  3.513778e+00  9.977250e-01  3.054561e+00  
   4.4358301  3.756340e-01  3.540423e+00  3.752631e-01  3.540452e+00  8.678544e-01  3.106432e+00  
   4.4568300  2.126212e-01  3.553465e+00  2.122488e-01  3.553474e+00  7.251508e-01  3.146595e+00  
   4.4778299  4.682953e-02  3.550337e+00  4.646393e-02  3.550326e+00  5.785378e-01  3.171137e+00  
   4.4988298  -1.196628e-01  3.530488e+00  -1.200138e-01  3.530459e+00  4.307391e-01  3.179596e+00  
   4.5198302  -2.846624e-01  3.493684e+00  -2.849909e-01  3.493638e+00  2.844363e-01  3.172052e+00  
   4.5408301  -4.458871e-01  3.440053e+00  -4.461865e-01  3.439991e+00  1.421527e-01  3.149093e+00  
   4.5608301  -5.938291e-01  3.373803e+00  -5.940956e-01  3.373729e+00  1.242628e-02  3.113844e+00  
   4.5818300  -7.411236e-01  3.289197e+00  -7.413519e-01  3.289113e+00  -1.159092e-01  3.064139e+00  
   4.6034298  -8.818371e-01  3.187494e+00  -8.820241e-01  3.187404e+00  -2.379747e-01  3.001200e+00  
   4.6234298  -1.000598e+00  3.081685e+00  -1.000747e+00  3.081594e+00  -3.410461e-01  2.934000e+00  
   4.6444302  -1.111829e+00  2.960578e+00  -1.111941e+00  2.960493e+00  -4.383810e-01  2.856105e+00  
   4.6654301  -1.208087e+00  2.831578e+00  -1.208166e+00  2.831504e+00  -5.243384e-01  2.772627e+00  
   4.6864300  -1.288634e+00  2.697264e+00  -1.288687e+00  2.697207e+00  -5.990316e-01  2.685449e+00  
   4.7074299  -1.353225e+00  2.560295e+00  -1.353259e+00  2.560261e+00  -6.628435e-01  2.596318e+00  
   4.7274299  -1.400130e+00  2.429772e+00  -1.400155e+00  2.429765e+00  -7.140359e-01  2.511053e+00  
   4.7484298  -1.434716e+00  2.294996e+00  -1.434742e+00  2.295019e+00  -7.584248e-01  2.422444e+00  
   4.7694302  -1.455372e+00  2.164690e+00  -1.455409e+00  2.164749e+00  -7.940230e-01  2.335918e+00  
   4.7904301  -1.463517e+00  2.040694e+00  -1.463572e+00  2.040788e+00  -8.216831e-01  2.252423e+00  
   4.8114300  -1.460788e+00  1.924427e+00  -1.460871e+00  1.924557e+00  -8.422685e-01  2.172694e+00  
   4.8324299  -1.448936e+00  1.816894e+00  -1.449053e+00  1.817060e+00  -8.566255e-01  2.097279e+00  
   4.8524299  -1.430778e+00  1.723150e+00  -1.430932e+00  1.723346e+00  -8.652509e-01  2.029802e+00  
   4.8734298  -1.406123e+00  1.634036e+00  -1.406321e+00  1.634263e+00  -8.697429e-01  1.963724e+00  
   4.8944302  -1.377277e+00  1.554382e+00  -1.377521e+00  1.554635e+00  -8.702615e-01  1.902617e+00  
   4.9154301  -1.345622e+00  1.483852e+00  -1.345912e+00  1.484127e+00  -8.674624e-01  1.846455e+00  
   4.9364300  -1.312336e+00  1.421917e+00  -1.312672e+00  1.422209e+00  -8.619409e-01  1.795119e+00  
   4.9574299  -1.278392e+00  1.367922e+00  -1.278772e+00  1.368228e+00  -8.542303e-01  1.748420e+00  
   4.9774299  -1.246159e+00  1.323220e+00  -1.246580e+00  1.323535e+00  -8.452847e-01  1.708033e+00  
   4.9984298  -1.212985e+00  1.282617e+00  -1.213445e+00  1.282939e+00  -8.346061e-01  1.669655e+00  
