w Re-xx Im-xx Re-yy Im-yy Re-zz Im-zz
# Gaussian absolute broadening  0.15 [eV]
   0.0000000  7.690017e-01  8.860922e-05  7.690343e-01  8.861033e-05  7.399913e-01  8.424334e-05  
   0.0200000  7.691020e-01  9.483344e-05  7.691346e-01  9.483484e-05  7.400866e-01  9.016313e-05  
   0.0410000  7.692212e-01  1.019262e-04  7.692536e-01  1.019280e-04  7.401999e-01  9.690913e-05  
   0.0620000  7.693566e-01  1.096263e-04  7.693893e-01  1.096286e-04  7.403288e-01  1.042331e-04  
   0.0830000  7.695109e-01  1.179677e-04  7.695435e-01  1.179706e-04  7.404752e-01  1.121672e-04  
   0.1040000  7.696857e-01  1.269799e-04  7.697182e-01  1.269834e-04  7.406414e-01  1.207399e-04  
   0.1240000  7.698733e-01  1.362079e-04  7.699057e-01  1.362123e-04  7.408195e-01  1.295182e-04  
   0.1450000  7.700942e-01  1.465899e-04  7.701268e-01  1.465952e-04  7.410303e-01  1.393946e-04  
   0.1660000  7.703426e-01  1.576878e-04  7.703754e-01  1.576942e-04  7.412662e-01  1.499528e-04  
   0.1870000  7.706203e-01  1.694980e-04  7.706531e-01  1.695057e-04  7.415302e-01  1.611894e-04  
   0.2080000  7.709290e-01  1.820062e-04  7.709618e-01  1.820154e-04  7.418242e-01  1.730909e-04  
   0.2290000  7.712713e-01  1.951870e-04  7.713038e-01  1.951978e-04  7.421494e-01  1.856334e-04  
   0.2490000  7.716292e-01  2.083331e-04  7.716618e-01  2.083456e-04  7.424899e-01  1.981441e-04  
   0.2700000  7.720402e-01  2.227174e-04  7.720729e-01  2.227318e-04  7.428807e-01  2.118346e-04  
   0.2910000  7.724881e-01  2.376471e-04  7.725209e-01  2.376635e-04  7.433068e-01  2.260459e-04  
   0.3120000  7.729737e-01  2.530690e-04  7.730066e-01  2.530874e-04  7.437690e-01  2.407274e-04  
   0.3330000  7.734978e-01  2.689273e-04  7.735305e-01  2.689479e-04  7.442673e-01  2.558268e-04  
   0.3540000  7.740605e-01  2.851690e-04  7.740933e-01  2.851918e-04  7.448025e-01  2.712937e-04  
   0.3740000  7.746321e-01  3.009480e-04  7.746650e-01  3.009726e-04  7.453465e-01  2.863224e-04  
   0.3950000  7.752699e-01  3.177991e-04  7.753029e-01  3.178259e-04  7.459534e-01  3.023756e-04  
   0.4160000  7.759466e-01  3.349035e-04  7.759794e-01  3.349322e-04  7.465968e-01  3.186730e-04  
   0.4374300  7.766769e-01  3.525867e-04  7.767100e-01  3.526174e-04  7.472920e-01  3.355262e-04  
   0.4574300  7.773944e-01  3.692757e-04  7.774274e-01  3.693082e-04  7.479749e-01  3.514355e-04  
   0.4784300  7.781854e-01  3.869753e-04  7.782184e-01  3.870095e-04  7.487275e-01  3.683125e-04  
   0.4994300  7.790142e-01  4.048431e-04  7.790475e-01  4.048790e-04  7.495167e-01  3.853549e-04  
   0.5204300  7.798817e-01  4.228723e-04  7.799149e-01  4.229098e-04  7.503424e-01  4.025561e-04  
   0.5414300  7.807878e-01  4.410596e-04  7.808211e-01  4.410986e-04  7.512048e-01  4.199135e-04  
   0.5614300  7.816868e-01  4.585277e-04  7.817201e-01  4.585678e-04  7.520607e-01  4.365898e-04  
   0.5824300  7.826690e-01  4.770247e-04  7.827023e-01  4.770663e-04  7.529958e-01  4.542549e-04  
   0.6034300  7.836897e-01  4.956853e-04  7.837231e-01  4.957283e-04  7.539682e-01  4.720821e-04  
   0.6244300  7.847506e-01  5.145146e-04  7.847841e-01  5.145586e-04  7.549785e-01  4.900777e-04  
   0.6454300  7.858513e-01  5.335180e-04  7.858848e-01  5.335630e-04  7.560267e-01  5.082468e-04  
   0.6664300  7.869920e-01  5.527020e-04  7.870256e-01  5.527479e-04  7.571136e-01  5.265968e-04  
   0.6864300  7.881159e-01  5.711463e-04  7.881497e-01  5.711931e-04  7.581843e-01  5.442468e-04  
   0.7074300  7.893361e-01  5.907029e-04  7.893700e-01  5.907502e-04  7.593473e-01  5.629699e-04  
   0.7284300  7.905976e-01  6.104609e-04  7.906315e-01  6.105086e-04  7.605494e-01  5.818955e-04  
   0.7494300  7.919009e-01  6.304282e-04  7.919348e-01  6.304764e-04  7.617921e-01  6.010322e-04  
   0.7704300  7.932460e-01  6.506126e-04  7.932799e-01  6.506611e-04  7.630745e-01  6.203881e-04  
   0.7914300  7.946340e-01  6.710227e-04  7.946681e-01  6.710713e-04  7.643979e-01  6.399726e-04  
   0.8114300  7.959953e-01  6.906780e-04  7.960294e-01  6.907267e-04  7.656966e-01  6.588448e-04  
   0.8324300  7.974674e-01  7.115531e-04  7.975016e-01  7.116018e-04  7.671012e-01  6.789019e-04  
   0.8540300  7.990282e-01  7.332876e-04  7.990626e-01  7.333364e-04  7.685903e-01  6.998010e-04  
   0.8740300  8.005148e-01  7.536590e-04  8.005491e-01  7.537080e-04  7.700093e-01  7.194048e-04  
   0.8950300  8.021202e-01  7.753138e-04  8.021547e-01  7.753632e-04  7.715417e-01  7.402609e-04  
   0.9160300  8.037713e-01  7.972507e-04  8.038058e-01  7.973003e-04  7.731184e-01  7.614081e-04  
   0.9370300  8.054684e-01  8.194800e-04  8.055030e-01  8.195306e-04  7.747394e-01  7.828588e-04  
   0.9580300  8.072125e-01  8.420134e-04  8.072473e-01  8.420650e-04  7.764058e-01  8.046253e-04  
   0.9780300  8.089183e-01  8.637675e-04  8.089532e-01  8.638203e-04  7.780363e-01  8.256625e-04  
   0.9990300  8.107561e-01  8.869290e-04  8.107913e-01  8.869831e-04  7.797936e-01  8.480872e-04  
   1.0200300  8.126435e-01  9.104291e-04  8.126786e-01  9.104849e-04  7.815982e-01  8.708706e-04  
   1.0410300  8.145804e-01  9.342817e-04  8.146157e-01  9.343395e-04  7.834514e-01  8.940306e-04  
   1.0620300  8.165684e-01  9.584989e-04  8.166037e-01  9.585592e-04  7.853540e-01  9.175843e-04  
   1.0830300  8.186073e-01  9.830944e-04  8.186426e-01  9.831573e-04  7.873063e-01  9.415528e-04  
   1.1030300  8.205974e-01  1.006883e-03  8.206329e-01  1.006948e-03  7.892128e-01  9.647860e-04  
   1.1240300  8.227388e-01  1.032257e-03  8.227744e-01  1.032325e-03  7.912649e-01  9.896350e-04  
   1.1450300  8.249339e-01  1.058053e-03  8.249697e-01  1.058123e-03  7.933698e-01  1.014982e-03  
   1.1660300  8.271837e-01  1.084285e-03  8.272197e-01  1.084358e-03  7.955281e-01  1.040871e-03  
   1.1870300  8.294888e-01  1.110971e-03  8.295249e-01  1.111046e-03  7.977411e-01  1.067355e-03  
   1.2080300  8.318505e-01  1.138127e-03  8.318869e-01  1.138205e-03  8.000098e-01  1.094505e-03  
   1.2280300  8.341529e-01  1.164447e-03  8.341893e-01  1.164527e-03  8.022227e-01  1.121065e-03  
   1.2490300  8.366274e-01  1.192583e-03  8.366641e-01  1.192666e-03  8.046030e-01  1.149808e-03  
   1.2706300  8.392351e-01  1.222083e-03  8.392717e-01  1.222168e-03  8.071134e-01  1.180444e-03  
   1.2906300  8.417066e-01  1.249930e-03  8.417434e-01  1.250018e-03  8.094953e-01  1.209965e-03  
   1.3116300  8.443621e-01  1.279754e-03  8.443993e-01  1.279843e-03  8.120561e-01  1.242395e-03  
   1.3326300  8.470805e-01  1.310212e-03  8.471177e-01  1.310304e-03  8.146804e-01  1.276593e-03  
   1.3536299  8.498632e-01  1.341357e-03  8.499006e-01  1.341450e-03  8.173696e-01  1.312929e-03  
   1.3746300  8.527116e-01  1.373245e-03  8.527493e-01  1.373341e-03  8.201255e-01  1.351840e-03  
   1.3946300  8.554872e-01  1.404376e-03  8.555249e-01  1.404476e-03  8.228135e-01  1.391756e-03  
   1.4156300  8.584685e-01  1.437955e-03  8.585064e-01  1.438057e-03  8.257036e-01  1.437217e-03  
   1.4366300  8.615199e-01  1.472563e-03  8.615578e-01  1.472668e-03  8.286651e-01  1.486935e-03  
   1.4576300  8.646430e-01  1.508352e-03  8.646814e-01  1.508460e-03  8.316996e-01  1.541594e-03  
   1.4786299  8.678399e-01  1.545508e-03  8.678783e-01  1.545619e-03  8.348085e-01  1.601914e-03  
   1.4996300  8.711113e-01  1.584259e-03  8.711500e-01  1.584373e-03  8.379935e-01  1.668643e-03  
   1.5196300  8.742981e-01  1.622898e-03  8.743371e-01  1.623015e-03  8.410983e-01  1.738845e-03  
   1.5406300  8.777209e-01  1.665598e-03  8.777602e-01  1.665718e-03  8.444357e-01  1.820268e-03  
   1.5616300  8.812237e-01  1.710835e-03  8.812632e-01  1.710960e-03  8.478533e-01  1.910313e-03  
   1.5826300  8.848084e-01  1.759011e-03  8.848479e-01  1.759139e-03  8.513527e-01  2.009690e-03  
   1.6036299  8.884765e-01  1.810546e-03  8.885162e-01  1.810678e-03  8.549358e-01  2.119046e-03  
   1.6246300  8.922302e-01  1.865864e-03  8.922703e-01  1.866000e-03  8.586032e-01  2.238954e-03  
   1.6446300  8.958851e-01  1.922425e-03  8.959254e-01  1.922565e-03  8.621759e-01  2.363369e-03  
   1.6656300  8.998096e-01  1.986208e-03  8.998500e-01  1.986351e-03  8.660126e-01  2.505003e-03  
   1.6872300  9.039407e-01  2.056754e-03  9.039813e-01  2.056900e-03  8.700523e-01  2.662501e-03  
   1.7072300  9.078521e-01  2.126641e-03  9.078933e-01  2.126790e-03  8.738784e-01  2.818808e-03  
   1.7282300  9.120513e-01  2.204693e-03  9.120924e-01  2.204845e-03  8.779860e-01  2.993260e-03  
   1.7492300  9.163460e-01  2.287301e-03  9.163874e-01  2.287454e-03  8.821882e-01  3.177446e-03  
   1.7702301  9.207388e-01  2.374050e-03  9.207805e-01  2.374205e-03  8.864880e-01  3.370243e-03  
   1.7912300  9.252319e-01  2.464372e-03  9.252739e-01  2.464529e-03  8.908883e-01  3.570365e-03  
   1.8112299  9.296072e-01  2.553092e-03  9.296492e-01  2.553248e-03  8.951766e-01  3.766632e-03  
   1.8322300  9.343035e-01  2.648383e-03  9.343464e-01  2.648539e-03  8.997860e-01  3.977780e-03  
   1.8532300  9.391102e-01  2.745188e-03  9.391533e-01  2.745345e-03  9.045101e-01  4.193851e-03  
   1.8742300  9.440300e-01  2.842964e-03  9.440735e-01  2.843122e-03  9.093565e-01  4.415603e-03  
   1.8952301  9.490670e-01  2.941408e-03  9.491113e-01  2.941568e-03  9.143317e-01  4.645191e-03  
   1.9162300  9.542267e-01  3.040542e-03  9.542708e-01  3.040704e-03  9.194423e-01  4.886456e-03  
   1.9362299  9.592572e-01  3.135974e-03  9.593018e-01  3.136140e-03  9.244420e-01  5.132282e-03  
   1.9572300  9.646676e-01  3.238047e-03  9.647124e-01  3.238219e-03  9.298366e-01  5.414442e-03  
   1.9782300  9.702145e-01  3.343257e-03  9.702600e-01  3.343438e-03  9.353848e-01  5.730172e-03  
   1.9992300  9.759018e-01  3.453201e-03  9.759476e-01  3.453394e-03  9.410889e-01  6.089695e-03  
   2.0202301  9.817353e-01  3.569756e-03  9.817812e-01  3.569962e-03  9.469507e-01  6.503809e-03  
   2.0412300  9.877182e-01  3.694938e-03  9.877648e-01  3.695164e-03  9.529669e-01  6.983067e-03  
   2.0612299  9.935604e-01  3.824048e-03  9.936072e-01  3.824293e-03  9.588371e-01  7.508805e-03  
   2.0822301  9.998488e-01  3.971825e-03  9.998963e-01  3.972092e-03  9.651423e-01  8.141041e-03  
   2.1038301  1.006487e+00  4.138581e-03  1.006535e+00  4.138874e-03  9.717714e-01  8.882528e-03  
   2.1238301  1.012789e+00  4.307532e-03  1.012838e+00  4.307847e-03  9.780313e-01  9.653771e-03  
   2.1448300  1.019574e+00  4.500803e-03  1.019623e+00  4.501144e-03  9.847230e-01  1.055048e-02  
   2.1658299  1.026533e+00  4.710716e-03  1.026582e+00  4.711085e-03  9.915287e-01  1.153244e-02  
   2.1868300  1.033672e+00  4.937232e-03  1.033722e+00  4.937624e-03  9.984437e-01  1.259315e-02  
   2.2078300  1.040996e+00  5.179896e-03  1.041046e+00  5.180312e-03  1.005465e+00  1.372379e-02  
   2.2278299  1.048148e+00  5.425361e-03  1.048199e+00  5.425795e-03  1.012251e+00  1.485622e-02  
   2.2488301  1.055852e+00  5.697295e-03  1.055904e+00  5.697748e-03  1.019485e+00  1.609300e-02  
   2.2698300  1.063760e+00  5.982826e-03  1.063813e+00  5.983296e-03  1.026834e+00  1.736758e-02  
   2.2908299  1.071884e+00  6.281072e-03  1.071937e+00  6.281555e-03  1.034308e+00  1.866916e-02  
   2.3118300  1.080231e+00  6.591329e-03  1.080285e+00  6.591823e-03  1.041919e+00  1.998783e-02  
   2.3328300  1.088812e+00  6.913161e-03  1.088867e+00  6.913667e-03  1.049680e+00  2.131473e-02  
   2.3528299  1.097214e+00  7.230334e-03  1.097269e+00  7.230851e-03  1.057224e+00  2.257921e-02  
   2.3738301  1.106286e+00  7.574814e-03  1.106342e+00  7.575342e-03  1.065319e+00  2.390158e-02  
   2.3948300  1.115629e+00  7.931601e-03  1.115686e+00  7.932148e-03  1.073609e+00  2.521332e-02  
   2.4158299  1.125256e+00  8.301618e-03  1.125313e+00  8.302184e-03  1.082111e+00  2.651028e-02  
   2.4368300  1.135181e+00  8.686078e-03  1.135239e+00  8.686670e-03  1.090842e+00  2.778934e-02  
   2.4578300  1.145421e+00  9.086401e-03  1.145480e+00  9.087020e-03  1.099821e+00  2.904848e-02  
   2.4778299  1.155479e+00  9.483899e-03  1.155539e+00  9.484550e-03  1.108620e+00  3.022834e-02  
   2.4988301  1.166380e+00  9.920040e-03  1.166441e+00  9.920728e-03  1.118140e+00  3.144754e-02  
   2.5204301  1.177976e+00  1.039077e-02  1.178038e+00  1.039150e-02  1.128257e+00  3.268282e-02  
   2.5404301  1.189079e+00  1.084872e-02  1.189142e+00  1.084950e-02  1.137941e+00  3.381347e-02  
   2.5614300  1.201139e+00  1.135498e-02  1.201203e+00  1.135580e-02  1.148461e+00  3.499296e-02  
   2.5824299  1.213634e+00  1.189036e-02  1.213700e+00  1.189124e-02  1.159370e+00  3.617258e-02  
   2.6034300  1.226597e+00  1.245879e-02  1.226663e+00  1.245973e-02  1.170701e+00  3.736267e-02  
   2.6244299  1.240055e+00  1.306523e-02  1.240123e+00  1.306623e-02  1.182484e+00  3.857543e-02  
   2.6444299  1.253367e+00  1.368396e-02  1.253436e+00  1.368503e-02  1.194160e+00  3.976468e-02  
   2.6654301  1.267901e+00  1.438470e-02  1.267971e+00  1.438584e-02  1.206931e+00  4.106493e-02  
   2.6864300  1.283047e+00  1.514804e-02  1.283118e+00  1.514928e-02  1.220268e+00  4.243594e-02  
   2.7074299  1.298854e+00  1.598743e-02  1.298927e+00  1.598878e-02  1.234213e+00  4.389856e-02  
   2.7284300  1.315375e+00  1.692007e-02  1.315450e+00  1.692156e-02  1.248814e+00  4.547651e-02  
   2.7494299  1.332669e+00  1.796798e-02  1.332746e+00  1.796963e-02  1.264124e+00  4.719748e-02  
   2.7694299  1.349919e+00  1.909892e-02  1.349998e+00  1.910076e-02  1.279415e+00  4.899952e-02  
   2.7904301  1.368920e+00  2.046049e-02  1.369002e+00  2.046259e-02  1.296277e+00  5.110083e-02  
   2.8114300  1.388910e+00  2.204555e-02  1.388995e+00  2.204797e-02  1.314028e+00  5.346381e-02  
   2.8324299  1.409977e+00  2.391260e-02  1.410064e+00  2.391543e-02  1.332744e+00  5.614763e-02  
   2.8534300  1.432216e+00  2.613617e-02  1.432305e+00  2.613952e-02  1.352499e+00  5.922516e-02  
   2.8744299  1.455727e+00  2.881048e-02  1.455820e+00  2.881451e-02  1.373374e+00  6.278561e-02  
   2.8944299  1.479397e+00  3.188441e-02  1.479493e+00  3.188929e-02  1.394368e+00  6.672493e-02  
   2.9154301  1.505692e+00  3.580543e-02  1.505791e+00  3.581146e-02  1.417658e+00  7.156280e-02  
   2.9370301  1.534384e+00  4.076410e-02  1.534488e+00  4.077167e-02  1.443022e+00  7.745054e-02  
   2.9570301  1.562520e+00  4.639247e-02  1.562627e+00  4.640187e-02  1.467838e+00  8.389852e-02  
   2.9780300  1.593750e+00  5.361932e-02  1.593862e+00  5.363114e-02  1.495319e+00  9.190680e-02  
   2.9990301  1.626745e+00  6.248083e-02  1.626862e+00  6.249567e-02  1.524279e+00  1.014231e-01  
   3.0200300  1.661497e+00  7.330252e-02  1.661620e+00  7.332113e-02  1.554710e+00  1.127203e-01  
   3.0410299  1.697944e+00  8.644075e-02  1.698072e+00  8.646395e-02  1.586557e+00  1.260988e-01  
   3.0610299  1.734111e+00  1.014520e-01  1.734244e+00  1.014804e-01  1.618108e+00  1.410701e-01  
   3.0820301  1.773415e+00  1.202061e-01  1.773554e+00  1.202409e-01  1.652359e+00  1.594542e-01  
   3.1030300  1.813788e+00  1.423921e-01  1.813932e+00  1.424344e-01  1.687521e+00  1.809003e-01  
   3.1240301  1.854851e+00  1.683518e-01  1.854999e+00  1.684024e-01  1.723283e+00  2.057357e-01  
   3.1450300  1.896128e+00  1.983694e-01  1.896281e+00  1.984293e-01  1.759239e+00  2.342565e-01  
   3.1660299  1.937070e+00  2.326503e-01  1.937227e+00  2.327203e-01  1.794908e+00  2.667091e-01  
   3.1860299  1.975193e+00  2.693568e-01  1.975352e+00  2.694370e-01  1.828101e+00  3.014309e-01  
   3.2070301  2.013683e+00  3.121443e-01  2.013843e+00  3.122355e-01  1.861538e+00  3.419721e-01  
   3.2280300  2.049947e+00  3.591337e-01  2.050109e+00  3.592362e-01  1.892861e+00  3.866626e-01  
   3.2490301  2.083347e+00  4.100414e-01  2.083509e+00  4.101551e-01  1.921380e+00  4.353392e-01  
   3.2700300  2.113303e+00  4.644494e-01  2.113464e+00  4.645742e-01  1.946411e+00  4.876944e-01  
   3.2910299  2.139326e+00  5.218247e-01  2.139484e+00  5.219595e-01  1.967314e+00  5.432757e-01  
   3.3110299  2.160108e+00  5.786547e-01  2.160265e+00  5.787987e-01  1.982866e+00  5.986682e-01  
   3.3320301  2.177502e+00  6.399651e-01  2.177655e+00  6.401179e-01  1.994195e+00  6.587237e-01  
   3.3536301  2.190565e+00  7.040466e-01  2.190715e+00  7.042071e-01  2.000190e+00  7.216743e-01  
   3.3736300  2.198349e+00  7.636551e-01  2.198495e+00  7.638217e-01  2.000506e+00  7.802045e-01  
   3.3946300  2.202244e+00  8.259096e-01  2.202387e+00  8.260817e-01  1.995473e+00  8.410364e-01  
   3.4156301  2.202059e+00  8.872797e-01  2.202197e+00  8.874560e-01  1.985196e+00  9.003626e-01  
   3.4366300  2.198181e+00  9.473205e-01  2.198316e+00  9.474998e-01  1.970114e+00  9.573690e-01  
   3.4576299  2.191057e+00  1.005712e+00  2.191189e+00  1.005894e+00  1.950833e+00  1.011355e+00  
   3.4776299  2.181673e+00  1.059611e+00  2.181801e+00  1.059794e+00  1.929243e+00  1.059460e+00  
   3.4986300  2.169513e+00  1.114326e+00  2.169635e+00  1.114510e+00  1.903981e+00  1.106131e+00  
   3.5196300  2.155380e+00  1.167125e+00  2.155499e+00  1.167309e+00  1.876924e+00  1.148690e+00  
   3.5406301  2.139612e+00  1.218089e+00  2.139726e+00  1.218272e+00  1.848935e+00  1.187145e+00  
   3.5616300  2.122466e+00  1.267333e+00  2.122576e+00  1.267515e+00  1.820819e+00  1.221687e+00  
   3.5826299  2.104133e+00  1.314980e+00  2.104239e+00  1.315159e+00  1.793279e+00  1.252661e+00  
   3.6026299  2.085685e+00  1.358966e+00  2.085785e+00  1.359143e+00  1.768104e+00  1.279268e+00  
   3.6236300  2.065360e+00  1.403749e+00  2.065454e+00  1.403923e+00  1.743170e+00  1.304682e+00  
   3.6446300  2.044127e+00  1.447102e+00  2.044217e+00  1.447272e+00  1.720024e+00  1.328066e+00  
   3.6656301  2.022063e+00  1.488981e+00  2.022150e+00  1.489146e+00  1.698764e+00  1.349966e+00  
   3.6866300  1.999288e+00  1.529297e+00  1.999371e+00  1.529456e+00  1.679363e+00  1.370871e+00  
   3.7076299  1.975972e+00  1.567935e+00  1.976053e+00  1.568088e+00  1.661693e+00  1.391191e+00  
   3.7276299  1.953486e+00  1.603072e+00  1.953565e+00  1.603220e+00  1.646304e+00  1.410283e+00  
   3.7486300  1.929888e+00  1.638150e+00  1.929968e+00  1.638291e+00  1.631457e+00  1.430260e+00  
   3.7702301  1.906036e+00  1.672279e+00  1.906119e+00  1.672414e+00  1.617391e+00  1.450858e+00  
   3.7902300  1.884750e+00  1.702199e+00  1.884835e+00  1.702329e+00  1.605314e+00  1.470025e+00  
   3.8112299  1.863690e+00  1.732080e+00  1.863779e+00  1.732205e+00  1.593533e+00  1.490257e+00  
   3.8322301  1.844428e+00  1.760736e+00  1.844522e+00  1.760855e+00  1.582659e+00  1.510599e+00  
   3.8532300  1.827411e+00  1.788664e+00  1.827509e+00  1.788780e+00  1.572749e+00  1.531068e+00  
   3.8742299  1.813015e+00  1.816512e+00  1.813116e+00  1.816626e+00  1.563922e+00  1.551737e+00  
   3.8942299  1.801984e+00  1.843667e+00  1.802087e+00  1.843781e+00  1.556665e+00  1.571735e+00  
   3.9152300  1.793325e+00  1.873691e+00  1.793428e+00  1.873804e+00  1.550414e+00  1.593282e+00  
   3.9362299  1.787602e+00  1.906196e+00  1.787702e+00  1.906312e+00  1.545718e+00  1.615712e+00  
   3.9572301  1.784551e+00  1.942162e+00  1.784645e+00  1.942284e+00  1.542687e+00  1.639446e+00  
   3.9782300  1.783687e+00  1.982547e+00  1.783771e+00  1.982674e+00  1.541348e+00  1.664993e+00  
   3.9992299  1.784302e+00  2.028232e+00  1.784370e+00  2.028367e+00  1.541626e+00  1.692929e+00  
   4.0192299  1.785414e+00  2.077364e+00  1.785463e+00  2.077509e+00  1.543203e+00  1.722329e+00  
   4.0402298  1.786058e+00  2.135415e+00  1.786082e+00  2.135572e+00  1.545891e+00  1.756747e+00  
   4.0612302  1.784901e+00  2.200448e+00  1.784897e+00  2.200617e+00  1.549117e+00  1.795414e+00  
   4.0822301  1.780538e+00  2.272567e+00  1.780502e+00  2.272749e+00  1.552181e+00  1.838891e+00  
   4.1032300  1.771491e+00  2.351603e+00  1.771418e+00  2.351799e+00  1.554208e+00  1.887641e+00  
   4.1242299  1.756270e+00  2.437092e+00  1.756158e+00  2.437301e+00  1.554162e+00  1.941982e+00  
   4.1442299  1.734712e+00  2.523821e+00  1.734561e+00  2.524043e+00  1.551114e+00  1.999056e+00  
   4.1652298  1.703373e+00  2.619485e+00  1.703180e+00  2.619717e+00  1.543532e+00  2.064487e+00  
   4.1868300  1.660609e+00  2.721484e+00  1.660373e+00  2.721725e+00  1.529668e+00  2.137320e+00  
   4.2068300  1.610570e+00  2.817811e+00  1.610296e+00  2.818058e+00  1.510095e+00  2.209192e+00  
   4.2278299  1.546496e+00  2.919321e+00  1.546183e+00  2.919571e+00  1.481339e+00  2.288388e+00  
   4.2488298  1.470128e+00  3.019496e+00  1.469780e+00  3.019745e+00  1.443060e+00  2.370270e+00  
   4.2698302  1.381253e+00  3.116537e+00  1.380874e+00  3.116781e+00  1.394319e+00  2.453442e+00  
   4.2908301  1.279944e+00  3.208615e+00  1.279539e+00  3.208851e+00  1.334453e+00  2.536292e+00  
   4.3108301  1.172220e+00  3.290060e+00  1.171794e+00  3.290283e+00  1.266774e+00  2.613291e+00  
   4.3318300  1.047903e+00  3.367345e+00  1.047460e+00  3.367551e+00  1.184531e+00  2.690354e+00  
   4.3528299  9.129775e-01  3.434590e+00  9.125227e-01  3.434773e+00  1.091229e+00  2.761701e+00  
   4.3738298  7.685754e-01  3.490283e+00  7.681143e-01  3.490440e+00  9.876593e-01  2.825516e+00  
   4.3948302  6.160647e-01  3.533067e+00  6.156015e-01  3.533193e+00  8.749918e-01  2.880121e+00  
   4.4158301  4.570438e-01  3.561766e+00  4.565834e-01  3.561859e+00  7.547451e-01  2.924037e+00  
   4.4358301  3.011773e-01  3.575126e+00  3.007237e-01  3.575184e+00  6.348224e-01  2.954826e+00  
   4.4568300  1.347669e-01  3.573781e+00  1.343236e-01  3.573797e+00  5.051675e-01  2.974711e+00  
   4.4778299  -3.238879e-02  3.556236e+00  -3.281834e-02  3.556211e+00  3.738026e-01  2.981331e+00  
   4.4988298  -1.980805e-01  3.522334e+00  -1.984932e-01  3.522267e+00  2.429275e-01  2.974538e+00  
   4.5198302  -3.600479e-01  3.472246e+00  -3.604411e-01  3.472137e+00  1.147004e-01  2.954571e+00  
   4.5408301  -5.160255e-01  3.406503e+00  -5.163966e-01  3.406352e+00  -8.838671e-03  2.922046e+00  
   4.5608301  -6.570112e-01  3.330153e+00  -6.573592e-01  3.329964e+00  -1.204602e-01  2.880269e+00  
   4.5818300  -7.951444e-01  3.236770e+00  -7.954662e-01  3.236543e+00  -2.298162e-01  2.826260e+00  
   4.6034298  -9.247640e-01  3.128269e+00  -9.250567e-01  3.128009e+00  -3.326065e-01  2.761410e+00  
   4.6234298  -1.032100e+00  3.018357e+00  -1.032364e+00  3.018068e+00  -4.181612e-01  2.694511e+00  
   4.6444302  -1.130571e+00  2.895290e+00  -1.130803e+00  2.894978e+00  -4.974888e-01  2.618875e+00  
   4.6654301  -1.213748e+00  2.766718e+00  -1.213947e+00  2.766387e+00  -5.658370e-01  2.539468e+00  
   4.6864300  -1.281363e+00  2.635097e+00  -1.281529e+00  2.634753e+00  -6.233091e-01  2.458017e+00  
   4.7074299  -1.333607e+00  2.502876e+00  -1.333738e+00  2.502522e+00  -6.702918e-01  2.376144e+00  
   4.7274299  -1.369641e+00  2.378515e+00  -1.369740e+00  2.378158e+00  -7.058535e-01  2.299108e+00  
   4.7484298  -1.394031e+00  2.251608e+00  -1.394097e+00  2.251250e+00  -7.343181e-01  2.220412e+00  
   4.7694302  -1.405941e+00  2.130240e+00  -1.405975e+00  2.129886e+00  -7.546002e-01  2.144974e+00  
   4.7904301  -1.406904e+00  2.015880e+00  -1.406907e+00  2.015532e+00  -7.676901e-01  2.073594e+00  
   4.8114300  -1.398583e+00  1.909599e+00  -1.398557e+00  1.909259e+00  -7.745996e-01  2.006835e+00  
   4.8324299  -1.382678e+00  1.812089e+00  -1.382625e+00  1.811759e+00  -7.763170e-01  1.945049e+00  
   4.8524299  -1.361990e+00  1.727682e+00  -1.361914e+00  1.727364e+00  -7.739795e-01  1.890975e+00  
   4.8734298  -1.335931e+00  1.647958e+00  -1.335832e+00  1.647652e+00  -7.681744e-01  1.839211e+00  
   4.8944302  -1.306791e+00  1.577117e+00  -1.306672e+00  1.576824e+00  -7.596887e-01  1.792460e+00  
   4.9154301  -1.275769e+00  1.514724e+00  -1.275630e+00  1.514442e+00  -7.491876e-01  1.750507e+00  
   4.9364300  -1.243860e+00  1.460194e+00  -1.243706e+00  1.459925e+00  -7.372370e-01  1.713065e+00  
   4.9574299  -1.211869e+00  1.412859e+00  -1.211700e+00  1.412602e+00  -7.243080e-01  1.679806e+00  
   4.9774299  -1.181894e+00  1.373819e+00  -1.181712e+00  1.373572e+00  -7.114382e-01  1.651703e+00  
   4.9984298  -1.151381e+00  1.338481e+00  -1.151186e+00  1.338245e+00  -6.976370e-01  1.625606e+00  
