w Re-xx Im-xx Re-yy Im-yy Re-zz Im-zz
# Gaussian absolute broadening  0.15 [eV]
   0.0000000  7.683954e-01  8.837230e-05  7.683973e-01  8.837332e-05  7.246696e-01  7.880640e-05  
   0.0200000  7.684952e-01  9.457945e-05  7.684972e-01  9.458076e-05  7.247585e-01  8.434163e-05  
   0.0410000  7.686141e-01  1.016526e-04  7.686163e-01  1.016542e-04  7.248642e-01  9.064883e-05  
   0.0620000  7.687492e-01  1.093311e-04  7.687512e-01  1.093332e-04  7.249851e-01  9.749550e-05  
   0.0830000  7.689030e-01  1.176489e-04  7.689051e-01  1.176515e-04  7.251220e-01  1.049117e-04  
   0.1040000  7.690773e-01  1.266353e-04  7.690795e-01  1.266387e-04  7.252777e-01  1.129236e-04  
   0.1240000  7.692640e-01  1.358368e-04  7.692661e-01  1.358409e-04  7.254443e-01  1.211266e-04  
   0.1450000  7.694849e-01  1.461886e-04  7.694867e-01  1.461936e-04  7.256410e-01  1.303543e-04  
   0.1660000  7.697325e-01  1.572539e-04  7.697345e-01  1.572600e-04  7.258620e-01  1.402171e-04  
   0.1870000  7.700094e-01  1.690293e-04  7.700115e-01  1.690365e-04  7.261088e-01  1.507117e-04  
   0.2080000  7.703173e-01  1.815002e-04  7.703194e-01  1.815087e-04  7.263835e-01  1.618250e-04  
   0.2290000  7.706582e-01  1.946414e-04  7.706606e-01  1.946513e-04  7.266878e-01  1.735342e-04  
   0.2490000  7.710155e-01  2.077478e-04  7.710177e-01  2.077592e-04  7.270058e-01  1.852107e-04  
   0.2700000  7.714253e-01  2.220882e-04  7.714274e-01  2.221011e-04  7.273711e-01  1.979849e-04  
   0.2910000  7.718719e-01  2.369722e-04  7.718740e-01  2.369867e-04  7.277693e-01  2.112411e-04  
   0.3120000  7.723562e-01  2.523462e-04  7.723585e-01  2.523622e-04  7.282013e-01  2.249315e-04  
   0.3330000  7.728785e-01  2.681551e-04  7.728807e-01  2.681725e-04  7.286670e-01  2.390064e-04  
   0.3540000  7.734397e-01  2.843455e-04  7.734418e-01  2.843641e-04  7.291667e-01  2.534181e-04  
   0.3740000  7.740095e-01  3.000743e-04  7.740121e-01  3.000939e-04  7.296749e-01  2.674159e-04  
   0.3950000  7.746456e-01  3.168712e-04  7.746481e-01  3.168918e-04  7.302417e-01  2.823611e-04  
   0.4160000  7.753202e-01  3.339198e-04  7.753224e-01  3.339410e-04  7.308426e-01  2.975263e-04  
   0.4374300  7.760483e-01  3.515445e-04  7.760508e-01  3.515662e-04  7.314916e-01  3.132000e-04  
   0.4574300  7.767636e-01  3.681774e-04  7.767661e-01  3.681995e-04  7.321289e-01  3.279876e-04  
   0.4784300  7.775523e-01  3.858164e-04  7.775545e-01  3.858387e-04  7.328313e-01  3.436653e-04  
   0.4994300  7.783790e-01  4.036223e-04  7.783814e-01  4.036445e-04  7.335675e-01  3.594864e-04  
   0.5204300  7.792436e-01  4.215878e-04  7.792463e-01  4.216100e-04  7.343376e-01  3.754442e-04  
   0.5414300  7.801469e-01  4.397092e-04  7.801494e-01  4.397311e-04  7.351420e-01  3.915351e-04  
   0.5614300  7.810432e-01  4.571127e-04  7.810457e-01  4.571344e-04  7.359401e-01  4.069832e-04  
   0.5824300  7.820221e-01  4.755403e-04  7.820247e-01  4.755617e-04  7.368116e-01  4.233348e-04  
   0.6034300  7.830399e-01  4.941289e-04  7.830426e-01  4.941502e-04  7.377174e-01  4.398227e-04  
   0.6244300  7.840973e-01  5.128835e-04  7.841001e-01  5.129048e-04  7.386590e-01  4.564517e-04  
   0.6454300  7.851945e-01  5.318099e-04  7.851971e-01  5.318312e-04  7.396349e-01  4.732261e-04  
   0.6664300  7.863316e-01  5.509141e-04  7.863343e-01  5.509357e-04  7.406468e-01  4.901511e-04  
   0.6864300  7.874517e-01  5.692797e-04  7.874545e-01  5.693015e-04  7.416435e-01  5.064149e-04  
   0.7074300  7.886679e-01  5.887502e-04  7.886708e-01  5.887725e-04  7.427250e-01  5.236500e-04  
   0.7284300  7.899250e-01  6.084189e-04  7.899281e-01  6.084421e-04  7.438431e-01  5.410525e-04  
   0.7494300  7.912239e-01  6.282936e-04  7.912270e-01  6.283178e-04  7.449982e-01  5.586297e-04  
   0.7704300  7.925646e-01  6.483815e-04  7.925676e-01  6.484066e-04  7.461901e-01  5.763868e-04  
   0.7914300  7.939476e-01  6.686908e-04  7.939507e-01  6.687174e-04  7.474196e-01  5.943311e-04  
   0.8114300  7.953042e-01  6.882463e-04  7.953074e-01  6.882743e-04  7.486253e-01  6.116010e-04  
   0.8324300  7.967713e-01  7.090124e-04  7.967745e-01  7.090417e-04  7.499288e-01  6.299310e-04  
   0.8540300  7.983263e-01  7.306301e-04  7.983294e-01  7.306610e-04  7.513101e-01  6.490025e-04  
   0.8740300  7.998076e-01  7.508883e-04  7.998109e-01  7.509210e-04  7.526258e-01  6.668656e-04  
   0.8950300  8.014069e-01  7.724194e-04  8.014104e-01  7.724537e-04  7.540461e-01  6.858408e-04  
   0.9160300  8.030517e-01  7.942268e-04  8.030552e-01  7.942629e-04  7.555063e-01  7.050487e-04  
   0.9370300  8.047425e-01  8.163212e-04  8.047460e-01  8.163590e-04  7.570072e-01  7.244982e-04  
   0.9580300  8.064798e-01  8.387127e-04  8.064836e-01  8.387524e-04  7.585490e-01  7.441981e-04  
   0.9780300  8.081787e-01  8.603254e-04  8.081826e-01  8.603667e-04  7.600561e-01  7.632013e-04  
   0.9990300  8.100094e-01  8.833308e-04  8.100134e-01  8.833739e-04  7.616802e-01  7.834175e-04  
   1.0200300  8.118889e-01  9.066671e-04  8.118927e-01  9.067117e-04  7.633468e-01  8.039118e-04  
   1.0410300  8.138177e-01  9.303470e-04  8.138217e-01  9.303929e-04  7.650568e-01  8.246942e-04  
   1.0620300  8.157972e-01  9.543819e-04  8.158013e-01  9.544293e-04  7.668111e-01  8.457751e-04  
   1.0830300  8.178272e-01  9.787851e-04  8.178315e-01  9.788338e-04  7.686098e-01  8.671641e-04  
   1.1030300  8.198085e-01  1.002379e-03  8.198128e-01  1.002429e-03  7.703649e-01  8.878311e-04  
   1.1240300  8.219404e-01  1.027536e-03  8.219447e-01  1.027588e-03  7.722532e-01  9.098525e-04  
   1.1450300  8.241253e-01  1.053100e-03  8.241296e-01  1.053153e-03  7.741874e-01  9.322147e-04  
   1.1660300  8.263646e-01  1.079085e-03  8.263689e-01  1.079138e-03  7.761691e-01  9.549284e-04  
   1.1870300  8.286586e-01  1.105504e-03  8.286632e-01  1.105558e-03  7.781990e-01  9.780052e-04  
   1.2080300  8.310084e-01  1.132374e-03  8.310133e-01  1.132430e-03  7.802777e-01  1.001459e-03  
   1.2280300  8.332989e-01  1.158396e-03  8.333037e-01  1.158453e-03  7.823030e-01  1.024156e-03  
   1.2490300  8.357603e-01  1.186191e-03  8.357654e-01  1.186249e-03  7.844790e-01  1.048382e-03  
   1.2706300  8.383542e-01  1.215302e-03  8.383592e-01  1.215361e-03  7.867709e-01  1.073735e-03  
   1.2906300  8.408117e-01  1.242744e-03  8.408169e-01  1.242804e-03  7.889417e-01  1.097616e-03  
   1.3116300  8.434519e-01  1.272083e-03  8.434575e-01  1.272145e-03  7.912733e-01  1.123128e-03  
   1.3326300  8.461542e-01  1.301978e-03  8.461595e-01  1.302041e-03  7.936586e-01  1.149102e-03  
   1.3536299  8.489196e-01  1.332450e-03  8.489254e-01  1.332515e-03  7.960990e-01  1.175557e-03  
   1.3746300  8.517497e-01  1.363521e-03  8.517553e-01  1.363587e-03  7.985954e-01  1.202509e-03  
   1.3946300  8.545066e-01  1.393691e-03  8.545125e-01  1.393758e-03  8.010264e-01  1.228658e-03  
   1.4156300  8.574669e-01  1.425998e-03  8.574730e-01  1.426067e-03  8.036357e-01  1.256636e-03  
   1.4366300  8.604958e-01  1.458974e-03  8.605021e-01  1.459045e-03  8.063045e-01  1.285169e-03  
   1.4576300  8.635951e-01  1.492643e-03  8.636016e-01  1.492715e-03  8.090339e-01  1.314275e-03  
   1.4786299  8.667662e-01  1.527031e-03  8.667727e-01  1.527106e-03  8.118253e-01  1.343978e-03  
   1.4996300  8.700103e-01  1.562167e-03  8.700169e-01  1.562244e-03  8.146799e-01  1.374297e-03  
   1.5196300  8.731688e-01  1.596349e-03  8.731756e-01  1.596428e-03  8.174582e-01  1.403768e-03  
   1.5406300  8.765603e-01  1.633025e-03  8.765672e-01  1.633106e-03  8.204399e-01  1.435360e-03  
   1.5616300  8.800293e-01  1.670535e-03  8.800365e-01  1.670618e-03  8.234885e-01  1.467638e-03  
   1.5826300  8.835781e-01  1.708910e-03  8.835856e-01  1.708995e-03  8.266052e-01  1.500630e-03  
   1.6036299  8.872083e-01  1.748184e-03  8.872157e-01  1.748273e-03  8.297921e-01  1.534362e-03  
   1.6246300  8.909219e-01  1.788393e-03  8.909295e-01  1.788485e-03  8.330510e-01  1.568862e-03  
   1.6446300  8.945374e-01  1.827592e-03  8.945455e-01  1.827685e-03  8.362219e-01  1.602462e-03  
   1.6656300  8.984191e-01  1.869736e-03  8.984275e-01  1.869833e-03  8.396242e-01  1.638550e-03  
   1.6872300  9.025055e-01  1.914183e-03  9.025137e-01  1.914283e-03  8.432043e-01  1.676572e-03  
   1.7072300  9.063751e-01  1.956373e-03  9.063838e-01  1.956476e-03  8.465930e-01  1.712624e-03  
   1.7282300  9.105301e-01  2.001788e-03  9.105391e-01  2.001895e-03  8.502294e-01  1.751393e-03  
   1.7492300  9.147818e-01  2.048395e-03  9.147910e-01  2.048506e-03  8.539480e-01  1.791139e-03  
   1.7702301  9.191325e-01  2.096247e-03  9.191420e-01  2.096361e-03  8.577511e-01  1.831903e-03  
   1.7912300  9.235853e-01  2.145401e-03  9.235948e-01  2.145520e-03  8.616409e-01  1.873730e-03  
   1.8112299  9.279233e-01  2.193480e-03  9.279332e-01  2.193603e-03  8.654284e-01  1.914602e-03  
   1.8322300  9.325833e-01  2.245352e-03  9.325930e-01  2.245477e-03  8.694945e-01  1.958650e-03  
   1.8532300  9.373537e-01  2.298711e-03  9.373640e-01  2.298842e-03  8.736545e-01  2.003916e-03  
   1.8742300  9.422385e-01  2.353632e-03  9.422492e-01  2.353767e-03  8.779110e-01  2.050457e-03  
   1.8952301  9.472399e-01  2.410192e-03  9.472510e-01  2.410333e-03  8.822668e-01  2.098335e-03  
   1.9162300  9.523630e-01  2.468473e-03  9.523740e-01  2.468618e-03  8.867241e-01  2.147620e-03  
   1.9362299  9.573564e-01  2.525661e-03  9.573679e-01  2.525811e-03  8.910667e-01  2.195929e-03  
   1.9572300  9.627246e-01  2.587570e-03  9.627367e-01  2.587726e-03  8.957314e-01  2.248172e-03  
   1.9782300  9.682251e-01  2.651490e-03  9.682371e-01  2.651652e-03  9.005075e-01  2.302056e-03  
   1.9992300  9.738607e-01  2.717541e-03  9.738731e-01  2.717709e-03  9.053970e-01  2.357673e-03  
   2.0202301  9.796368e-01  2.785851e-03  9.796497e-01  2.786025e-03  9.104045e-01  2.415133e-03  
   2.0412300  9.855572e-01  2.856562e-03  9.855703e-01  2.856743e-03  9.155330e-01  2.474548e-03  
   2.0612299  9.913347e-01  2.926283e-03  9.913481e-01  2.926472e-03  9.205332e-01  2.533073e-03  
   2.0822301  9.975510e-01  3.002158e-03  9.975650e-01  3.002354e-03  9.259091e-01  2.596702e-03  
   2.1038301  1.004113e+00  3.083254e-03  1.004127e+00  3.083458e-03  9.315784e-01  2.664643e-03  
   2.1238301  1.010344e+00  3.161305e-03  1.010358e+00  3.161518e-03  9.369571e-01  2.729977e-03  
   2.1448300  1.017054e+00  3.246556e-03  1.017069e+00  3.246779e-03  9.427446e-01  2.801285e-03  
   2.1658299  1.023941e+00  3.335444e-03  1.023957e+00  3.335679e-03  9.486786e-01  2.875587e-03  
   2.1868300  1.031013e+00  3.428265e-03  1.031030e+00  3.428512e-03  9.547657e-01  2.953139e-03  
   2.2078300  1.038277e+00  3.525335e-03  1.038294e+00  3.525595e-03  9.610116e-01  3.034207e-03  
   2.2278299  1.045381e+00  3.622053e-03  1.045398e+00  3.622329e-03  9.671129e-01  3.114966e-03  
   2.2488301  1.053041e+00  3.728464e-03  1.053059e+00  3.728753e-03  9.736855e-01  3.203807e-03  
   2.2698300  1.060916e+00  3.840247e-03  1.060935e+00  3.840554e-03  9.804345e-01  3.297142e-03  
   2.2908299  1.069016e+00  3.957867e-03  1.069034e+00  3.958190e-03  9.873680e-01  3.395362e-03  
   2.3118300  1.077349e+00  4.081804e-03  1.077368e+00  4.082149e-03  9.944931e-01  3.498894e-03  
   2.3328300  1.085925e+00  4.212591e-03  1.085946e+00  4.212956e-03  1.001817e+00  3.608193e-03  
   2.3528299  1.094330e+00  4.344044e-03  1.094351e+00  4.344429e-03  1.008984e+00  3.718110e-03  
   2.3738301  1.103413e+00  4.489899e-03  1.103435e+00  4.490307e-03  1.016720e+00  3.840161e-03  
   2.3948300  1.112773e+00  4.644438e-03  1.112796e+00  4.644872e-03  1.024681e+00  3.969593e-03  
   2.4158299  1.122424e+00  4.808397e-03  1.122447e+00  4.808857e-03  1.032876e+00  4.107062e-03  
   2.4368300  1.132378e+00  4.982578e-03  1.132402e+00  4.983067e-03  1.041317e+00  4.253292e-03  
   2.4578300  1.142652e+00  5.167870e-03  1.142676e+00  5.168390e-03  1.050014e+00  4.409085e-03  
   2.4778299  1.152748e+00  5.355569e-03  1.152773e+00  5.356121e-03  1.058547e+00  4.567167e-03  
   2.4988301  1.163693e+00  5.565516e-03  1.163719e+00  5.566105e-03  1.067782e+00  4.744319e-03  
   2.5204301  1.175339e+00  5.796523e-03  1.175367e+00  5.797152e-03  1.077589e+00  4.939643e-03  
   2.5404301  1.186494e+00  6.025404e-03  1.186523e+00  6.026075e-03  1.086964e+00  5.133572e-03  
   2.5614300  1.198614e+00  6.282900e-03  1.198643e+00  6.283617e-03  1.097129e+00  5.352176e-03  
   2.5824299  1.211175e+00  6.559989e-03  1.211206e+00  6.560760e-03  1.107641e+00  5.587833e-03  
   2.6034300  1.224207e+00  6.859156e-03  1.224239e+00  6.859984e-03  1.118520e+00  5.842584e-03  
   2.6244299  1.237741e+00  7.183445e-03  1.237774e+00  7.184337e-03  1.129789e+00  6.118848e-03  
   2.6444299  1.251129e+00  7.519172e-03  1.251164e+00  7.520130e-03  1.140906e+00  6.404633e-03  
   2.6654301  1.265748e+00  7.904626e-03  1.265784e+00  7.905661e-03  1.153009e+00  6.731950e-03  
   2.6864300  1.280984e+00  8.330118e-03  1.281021e+00  8.331238e-03  1.165582e+00  7.091525e-03  
   2.7074299  1.296888e+00  8.804113e-03  1.296927e+00  8.805333e-03  1.178658e+00  7.488949e-03  
   2.7284300  1.313514e+00  9.337978e-03  1.313555e+00  9.339317e-03  1.192275e+00  7.931355e-03  
   2.7494299  1.330927e+00  9.947088e-03  1.330970e+00  9.948559e-03  1.206472e+00  8.427940e-03  
   2.7694299  1.348305e+00  1.061622e-02  1.348350e+00  1.061785e-02  1.220576e+00  8.962122e-03  
   2.7904301  1.367465e+00  1.143945e-02  1.367512e+00  1.144129e-02  1.236046e+00  9.602163e-03  
   2.8114300  1.387647e+00  1.242384e-02  1.387697e+00  1.242594e-02  1.252248e+00  1.034298e-02  
   2.8324299  1.408954e+00  1.362071e-02  1.409006e+00  1.362316e-02  1.269247e+00  1.121054e-02  
   2.8534300  1.431494e+00  1.509855e-02  1.431550e+00  1.510147e-02  1.287112e+00  1.223850e-02  
   2.8744299  1.455388e+00  1.694763e-02  1.455447e+00  1.695115e-02  1.305920e+00  1.347013e-02  
   2.8944299  1.479519e+00  1.916076e-02  1.479581e+00  1.916506e-02  1.324787e+00  1.488310e-02  
   2.9154301  1.506425e+00  2.210238e-02  1.506491e+00  2.210773e-02  1.345685e+00  1.668606e-02  
   2.9370301  1.535908e+00  2.598183e-02  1.535978e+00  2.598864e-02  1.368445e+00  1.897342e-02  
   2.9570301  1.564953e+00  3.056028e-02  1.565027e+00  3.056884e-02  1.390752e+00  2.158589e-02  
   2.9780300  1.597350e+00  3.665502e-02  1.597428e+00  3.666591e-02  1.415550e+00  2.497267e-02  
   2.9990301  1.631758e+00  4.438587e-02  1.631842e+00  4.439976e-02  1.441854e+00  2.918230e-02  
   3.0200300  1.668195e+00  5.412065e-02  1.668283e+00  5.413825e-02  1.469749e+00  3.441448e-02  
   3.0410299  1.706618e+00  6.626797e-02  1.706712e+00  6.629014e-02  1.499307e+00  4.090647e-02  
   3.0610299  1.744949e+00  8.048110e-02  1.745047e+00  8.050849e-02  1.529046e+00  4.851329e-02  
   3.0820301  1.786818e+00  9.861695e-02  1.786921e+00  9.865075e-02  1.561946e+00  5.829848e-02  
   3.1030300  1.830041e+00  1.204838e-01  1.830148e+00  1.205251e-01  1.596519e+00  7.027119e-02  
   3.1240301  1.874201e+00  1.465008e-01  1.874311e+00  1.465504e-01  1.632663e+00  8.481333e-02  
   3.1450300  1.918770e+00  1.770276e-01  1.918882e+00  1.770865e-01  1.670193e+00  1.023260e-01  
   3.1660299  1.963124e+00  2.123378e-01  1.963238e+00  2.124067e-01  1.708839e+00  1.232157e-01  
   3.1860299  2.004521e+00  2.505600e-01  2.004635e+00  2.506388e-01  1.746345e+00  1.466083e-01  
   3.2070301  2.046369e+00  2.955385e-01  2.046483e+00  2.956278e-01  1.786013e+00  1.751827e-01  
   3.2280300  2.085790e+00  3.453504e-01  2.085901e+00  3.454501e-01  1.825415e+00  2.081497e-01  
   3.2490301  2.122018e+00  3.997048e-01  2.122126e+00  3.998145e-01  1.863899e+00  2.457053e-01  
   3.2700300  2.154345e+00  4.581491e-01  2.154449e+00  4.582678e-01  1.900736e+00  2.879226e-01  
   3.2910299  2.182167e+00  5.200885e-01  2.182263e+00  5.202148e-01  1.935160e+00  3.347310e-01  
   3.3110299  2.204042e+00  5.816779e-01  2.204131e+00  5.818100e-01  1.964989e+00  3.833673e-01  
   3.3320301  2.221860e+00  6.483169e-01  2.221941e+00  6.484534e-01  1.992489e+00  4.383108e-01  
   3.3536301  2.234549e+00  7.181071e-01  2.234620e+00  7.182463e-01  2.016000e+00  4.983767e-01  
   3.3736300  2.241244e+00  7.830881e-01  2.241304e+00  7.832279e-01  2.032926e+00  5.565313e-01  
   3.3946300  2.243262e+00  8.509484e-01  2.243312e+00  8.510869e-01  2.045304e+00  6.193980e-01  
   3.4156301  2.240508e+00  9.177684e-01  2.240548e+00  9.179040e-01  2.051943e+00  6.831910e-01  
   3.4366300  2.233468e+00  9.829944e-01  2.233497e+00  9.831265e-01  2.052838e+00  7.469282e-01  
   3.4576299  2.222701e+00  1.046217e+00  2.222719e+00  1.046344e+00  2.048198e+00  8.096359e-01  
   3.4776299  2.209516e+00  1.104323e+00  2.209524e+00  1.104445e+00  2.039010e+00  8.675650e-01  
   3.4986300  2.193146e+00  1.162994e+00  2.193144e+00  1.163112e+00  2.024929e+00  9.257370e-01  
   3.5196300  2.174703e+00  1.219254e+00  2.174690e+00  1.219367e+00  2.007040e+00  9.805529e-01  
   3.5406301  2.154632e+00  1.273176e+00  2.154608e+00  1.273285e+00  1.986189e+00  1.031557e+00  
   3.5616300  2.133284e+00  1.324886e+00  2.133248e+00  1.324992e+00  1.963271e+00  1.078501e+00  
   3.5826299  2.110909e+00  1.374533e+00  2.110864e+00  1.374638e+00  1.939174e+00  1.121360e+00  
   3.6026299  2.088799e+00  1.420027e+00  2.088743e+00  1.420131e+00  1.915879e+00  1.158540e+00  
   3.6236300  2.064833e+00  1.466018e+00  2.064767e+00  1.466123e+00  1.891743e+00  1.194098e+00  
   3.6446300  2.040152e+00  1.510248e+00  2.040078e+00  1.510354e+00  1.868493e+00  1.226568e+00  
   3.6656301  2.014796e+00  1.552723e+00  2.014714e+00  1.552830e+00  1.846521e+00  1.256526e+00  
   3.6866300  1.988822e+00  1.593400e+00  1.988733e+00  1.593509e+00  1.826042e+00  1.284576e+00  
   3.7076299  1.962330e+00  1.632205e+00  1.962236e+00  1.632317e+00  1.807109e+00  1.311300e+00  
   3.7276299  1.936769e+00  1.667339e+00  1.936671e+00  1.667454e+00  1.790432e+00  1.335984e+00  
   3.7486300  1.909812e+00  1.702243e+00  1.909713e+00  1.702360e+00  1.774173e+00  1.361483e+00  
   3.7702301  1.882292e+00  1.735979e+00  1.882192e+00  1.736099e+00  1.758549e+00  1.387546e+00  
   3.7902300  1.857362e+00  1.765282e+00  1.857263e+00  1.765404e+00  1.744861e+00  1.411660e+00  
   3.8112299  1.832192e+00  1.794160e+00  1.832097e+00  1.794285e+00  1.731121e+00  1.436985e+00  
   3.8322301  1.808530e+00  1.821322e+00  1.808438e+00  1.821451e+00  1.717932e+00  1.462245e+00  
   3.8532300  1.786863e+00  1.847112e+00  1.786776e+00  1.847245e+00  1.705305e+00  1.487326e+00  
   3.8742299  1.767645e+00  1.872012e+00  1.767563e+00  1.872151e+00  1.693368e+00  1.512108e+00  
   3.8942299  1.751975e+00  1.895456e+00  1.751899e+00  1.895602e+00  1.682850e+00  1.535367e+00  
   3.9152300  1.738553e+00  1.920494e+00  1.738483e+00  1.920649e+00  1.673002e+00  1.559447e+00  
   3.9362299  1.728368e+00  1.946793e+00  1.728303e+00  1.946959e+00  1.664735e+00  1.583320e+00  
   3.9572301  1.721375e+00  1.975280e+00  1.721316e+00  1.975457e+00  1.658414e+00  1.607285e+00  
   3.9782300  1.717317e+00  2.006922e+00  1.717263e+00  2.007112e+00  1.654355e+00  1.631799e+00  
   3.9992299  1.715709e+00  2.042692e+00  1.715658e+00  2.042898e+00  1.652781e+00  1.657484e+00  
   4.0192299  1.715793e+00  2.081449e+00  1.715743e+00  2.081670e+00  1.653666e+00  1.683728e+00  
   4.0402298  1.716663e+00  2.127859e+00  1.716613e+00  2.128097e+00  1.656999e+00  1.713991e+00  
   4.0612302  1.717185e+00  2.180789e+00  1.717132e+00  2.181043e+00  1.662483e+00  1.747947e+00  
   4.0822301  1.716013e+00  2.240703e+00  1.715955e+00  2.240974e+00  1.669564e+00  1.786548e+00  
   4.1032300  1.711664e+00  2.307819e+00  1.711598e+00  2.308106e+00  1.677435e+00  1.830702e+00  
   4.1242299  1.702578e+00  2.382074e+00  1.702500e+00  2.382375e+00  1.685042e+00  1.881214e+00  
   4.1442299  1.688077e+00  2.459095e+00  1.687984e+00  2.459407e+00  1.690864e+00  1.935815e+00  
   4.1652298  1.665247e+00  2.545944e+00  1.665135e+00  2.546265e+00  1.694055e+00  2.000356e+00  
   4.1868300  1.632177e+00  2.640671e+00  1.632042e+00  2.640997e+00  1.692512e+00  2.074569e+00  
   4.2068300  1.591736e+00  2.732116e+00  1.591576e+00  2.732443e+00  1.685093e+00  2.150155e+00  
   4.2278299  1.538128e+00  2.830592e+00  1.537939e+00  2.830914e+00  1.669403e+00  2.236057e+00  
   4.2488298  1.472376e+00  2.929977e+00  1.472155e+00  2.930291e+00  1.643957e+00  2.327682e+00  
   4.2698302  1.394020e+00  3.028511e+00  1.393766e+00  3.028814e+00  1.607227e+00  2.423657e+00  
   4.2908301  1.302910e+00  3.124333e+00  1.302622e+00  3.124619e+00  1.557946e+00  2.522225e+00  
   4.3108301  1.204416e+00  3.211345e+00  1.204093e+00  3.211613e+00  1.498498e+00  2.616629e+00  
   4.3318300  1.089110e+00  3.296436e+00  1.088751e+00  3.296683e+00  1.422464e+00  2.714082e+00  
   4.3528299  9.623325e-01  3.373291e+00  9.619376e-01  3.373515e+00  1.332480e+00  2.807407e+00  
   4.3738298  8.250624e-01  3.440149e+00  8.246327e-01  3.440351e+00  1.229065e+00  2.894107e+00  
   4.3948302  6.785181e-01  3.495364e+00  6.780561e-01  3.495542e+00  1.113273e+00  2.971769e+00  
   4.4158301  5.241538e-01  3.537426e+00  5.236624e-01  3.537582e+00  9.866781e-01  3.038188e+00  
   4.4358301  3.713756e-01  3.564046e+00  3.708596e-01  3.564182e+00  8.579004e-01  3.089271e+00  
   4.4568300  2.066672e-01  3.576815e+00  2.061293e-01  3.576934e+00  7.163289e-01  3.128724e+00  
   4.4778299  3.952186e-02  3.573179e+00  3.896709e-02  3.573282e+00  5.707974e-01  3.152690e+00  
   4.4988298  -1.279372e-01  3.552571e+00  -1.285033e-01  3.552660e+00  4.240011e-01  3.160732e+00  
   4.5198302  -2.934931e-01  3.514755e+00  -2.940647e-01  3.514833e+00  2.785999e-01  3.152953e+00  
   4.5408301  -4.548677e-01  3.459881e+00  -4.554392e-01  3.459949e+00  1.371004e-01  3.129979e+00  
   4.5608301  -6.026031e-01  3.392267e+00  -6.031693e-01  3.392330e+00  8.001496e-03  3.094951e+00  
   4.5818300  -7.493694e-01  3.306087e+00  -7.499246e-01  3.306145e+00  -1.198077e-01  3.045751e+00  
   4.6034298  -8.892894e-01  3.202676e+00  -8.898290e-01  3.202730e+00  -2.414805e-01  2.983646e+00  
   4.6234298  -1.007178e+00  3.095258e+00  -1.007700e+00  3.095311e+00  -3.443285e-01  2.917507e+00  
   4.6444302  -1.117448e+00  2.972487e+00  -1.117948e+00  2.972538e+00  -4.415811e-01  2.841015e+00  
   4.6654301  -1.212797e+00  2.841892e+00  -1.213273e+00  2.841942e+00  -5.276200e-01  2.759206e+00  
   4.6864300  -1.292572e+00  2.706081e+00  -1.293025e+00  2.706131e+00  -6.025669e-01  2.673909e+00  
   4.7074299  -1.356600e+00  2.567732e+00  -1.357028e+00  2.567782e+00  -6.668119e-01  2.586809e+00  
   4.7274299  -1.403205e+00  2.436004e+00  -1.403612e+00  2.436054e+00  -7.185887e-01  2.503550e+00  
   4.7484298  -1.437750e+00  2.300072e+00  -1.438135e+00  2.300122e+00  -7.637726e-01  2.417048e+00  
   4.7694302  -1.458647e+00  2.168706e+00  -1.459010e+00  2.168756e+00  -8.003479e-01  2.332553e+00  
   4.7904301  -1.467299e+00  2.043727e+00  -1.467643e+00  2.043774e+00  -8.291581e-01  2.250951e+00  
   4.8114300  -1.465315e+00  1.926536e+00  -1.465642e+00  1.926580e+00  -8.510517e-01  2.172924e+00  
   4.8324299  -1.454408e+00  1.818119e+00  -1.454719e+00  1.818158e+00  -8.668554e-01  2.098981e+00  
   4.8524299  -1.437300e+00  1.723556e+00  -1.437596e+00  1.723589e+00  -8.769664e-01  2.032676e+00  
   4.8734298  -1.413866e+00  1.633601e+00  -1.414146e+00  1.633626e+00  -8.831071e-01  1.967580e+00  
   4.8944302  -1.386325e+00  1.553120e+00  -1.386591e+00  1.553135e+00  -8.853410e-01  1.907206e+00  
   4.9154301  -1.356030e+00  1.481776e+00  -1.356281e+00  1.481780e+00  -8.842986e-01  1.851547e+00  
   4.9364300  -1.324136e+00  1.419043e+00  -1.324371e+00  1.419034e+00  -8.805534e-01  1.800503e+00  
   4.9574299  -1.291596e+00  1.364273e+00  -1.291814e+00  1.364250e+00  -8.746196e-01  1.753911e+00  
   4.9774299  -1.260703e+00  1.318856e+00  -1.260905e+00  1.318818e+00  -8.673519e-01  1.713482e+00  
   4.9984298  -1.228930e+00  1.277534e+00  -1.229113e+00  1.277481e+00  -8.584082e-01  1.674929e+00  
