w Re-xx Im-xx Re-yy Im-yy Re-zz Im-zz
# Gaussian absolute broadening  0.15 [eV]
   0.0000000  7.681176e-01  8.826311e-05  7.681216e-01  8.826377e-05  7.253556e-01  7.902868e-05  
   0.0200000  7.682176e-01  9.446307e-05  7.682214e-01  9.446389e-05  7.254450e-01  8.457957e-05  
   0.0410000  7.683363e-01  1.015281e-04  7.683399e-01  1.015291e-04  7.255512e-01  9.090469e-05  
   0.0620000  7.684715e-01  1.091980e-04  7.684750e-01  1.091993e-04  7.256721e-01  9.777101e-05  
   0.0830000  7.686247e-01  1.175067e-04  7.686284e-01  1.175082e-04  7.258098e-01  1.052087e-04  
   0.1040000  7.687989e-01  1.264834e-04  7.688026e-01  1.264853e-04  7.259657e-01  1.132439e-04  
   0.1240000  7.689857e-01  1.356751e-04  7.689895e-01  1.356773e-04  7.261329e-01  1.214709e-04  
   0.1450000  7.692059e-01  1.460160e-04  7.692098e-01  1.460186e-04  7.263300e-01  1.307257e-04  
   0.1660000  7.694533e-01  1.570698e-04  7.694573e-01  1.570728e-04  7.265514e-01  1.406178e-04  
   0.1870000  7.697298e-01  1.688329e-04  7.697336e-01  1.688365e-04  7.267992e-01  1.511436e-04  
   0.2080000  7.700375e-01  1.812909e-04  7.700414e-01  1.812951e-04  7.270746e-01  1.622900e-04  
   0.2290000  7.703784e-01  1.944187e-04  7.703820e-01  1.944235e-04  7.273797e-01  1.740343e-04  
   0.2490000  7.707350e-01  2.075118e-04  7.707387e-01  2.075171e-04  7.276987e-01  1.857460e-04  
   0.2700000  7.711442e-01  2.218375e-04  7.711481e-01  2.218434e-04  7.280651e-01  1.985587e-04  
   0.2910000  7.715905e-01  2.367063e-04  7.715942e-01  2.367128e-04  7.284644e-01  2.118550e-04  
   0.3120000  7.720743e-01  2.520643e-04  7.720782e-01  2.520715e-04  7.288977e-01  2.255867e-04  
   0.3330000  7.725961e-01  2.678566e-04  7.725999e-01  2.678645e-04  7.293646e-01  2.397044e-04  
   0.3540000  7.731563e-01  2.840298e-04  7.731603e-01  2.840385e-04  7.298661e-01  2.541600e-04  
   0.3740000  7.737259e-01  2.997417e-04  7.737298e-01  2.997510e-04  7.303755e-01  2.682004e-04  
   0.3950000  7.743613e-01  3.165203e-04  7.743652e-01  3.165303e-04  7.309440e-01  2.831913e-04  
   0.4160000  7.750349e-01  3.335500e-04  7.750389e-01  3.335607e-04  7.315467e-01  2.984028e-04  
   0.4374300  7.757623e-01  3.511550e-04  7.757665e-01  3.511666e-04  7.321977e-01  3.141247e-04  
   0.4574300  7.764769e-01  3.677690e-04  7.764810e-01  3.677814e-04  7.328368e-01  3.289580e-04  
   0.4784300  7.772644e-01  3.853877e-04  7.772686e-01  3.854011e-04  7.335411e-01  3.446844e-04  
   0.4994300  7.780903e-01  4.031727e-04  7.780945e-01  4.031871e-04  7.342798e-01  3.605550e-04  
   0.5204300  7.789542e-01  4.211167e-04  7.789585e-01  4.211322e-04  7.350522e-01  3.765628e-04  
   0.5414300  7.798564e-01  4.392164e-04  7.798607e-01  4.392331e-04  7.358589e-01  3.927046e-04  
   0.5614300  7.807514e-01  4.565988e-04  7.807557e-01  4.566165e-04  7.366594e-01  4.082019e-04  
   0.5824300  7.817294e-01  4.750037e-04  7.817338e-01  4.750227e-04  7.375333e-01  4.246057e-04  
   0.6034300  7.827458e-01  4.935692e-04  7.827504e-01  4.935895e-04  7.384422e-01  4.411470e-04  
   0.6244300  7.838023e-01  5.123006e-04  7.838066e-01  5.123222e-04  7.393861e-01  4.578298e-04  
   0.6454300  7.848981e-01  5.312032e-04  7.849025e-01  5.312259e-04  7.403653e-01  4.746592e-04  
   0.6664300  7.860340e-01  5.502836e-04  7.860383e-01  5.503071e-04  7.413804e-01  4.916401e-04  
   0.6864300  7.871529e-01  5.686260e-04  7.871575e-01  5.686504e-04  7.423800e-01  5.079578e-04  
   0.7074300  7.883679e-01  5.880721e-04  7.883723e-01  5.880973e-04  7.434648e-01  5.252507e-04  
   0.7284300  7.896234e-01  6.077160e-04  7.896280e-01  6.077416e-04  7.445863e-01  5.427122e-04  
   0.7494300  7.909208e-01  6.275655e-04  7.909256e-01  6.275914e-04  7.457447e-01  5.603491e-04  
   0.7704300  7.922597e-01  6.476282e-04  7.922644e-01  6.476543e-04  7.469404e-01  5.781673e-04  
   0.7914300  7.936411e-01  6.679117e-04  7.936462e-01  6.679382e-04  7.481737e-01  5.961739e-04  
   0.8114300  7.949963e-01  6.874424e-04  7.950011e-01  6.874690e-04  7.493833e-01  6.135043e-04  
   0.8324300  7.964616e-01  7.081819e-04  7.964666e-01  7.082087e-04  7.506908e-01  6.318992e-04  
   0.8540300  7.980146e-01  7.297719e-04  7.980196e-01  7.297986e-04  7.520764e-01  6.510386e-04  
   0.8740300  7.994944e-01  7.500036e-04  7.994995e-01  7.500308e-04  7.533963e-01  6.689659e-04  
   0.8950300  8.010917e-01  7.715066e-04  8.010969e-01  7.715344e-04  7.548209e-01  6.880098e-04  
   0.9160300  8.027344e-01  7.932850e-04  8.027394e-01  7.933137e-04  7.562857e-01  7.072883e-04  
   0.9370300  8.044233e-01  8.153493e-04  8.044286e-01  8.153794e-04  7.577914e-01  7.268098e-04  
   0.9580300  8.061585e-01  8.377105e-04  8.061639e-01  8.377419e-04  7.593380e-01  7.465831e-04  
   0.9780300  8.078555e-01  8.592932e-04  8.078609e-01  8.593265e-04  7.608501e-01  7.656582e-04  
   0.9990300  8.096842e-01  8.822660e-04  8.096895e-01  8.823015e-04  7.624792e-01  7.859509e-04  
   1.0200300  8.115610e-01  9.055695e-04  8.115668e-01  9.056071e-04  7.641512e-01  8.065233e-04  
   1.0410300  8.134878e-01  9.292146e-04  8.134934e-01  9.292550e-04  7.658668e-01  8.273862e-04  
   1.0620300  8.154647e-01  9.532144e-04  8.154703e-01  9.532573e-04  7.676267e-01  8.485494e-04  
   1.0830300  8.174924e-01  9.775814e-04  8.174982e-01  9.776264e-04  7.694317e-01  8.700229e-04  
   1.1030300  8.194712e-01  1.001140e-03  8.194773e-01  1.001188e-03  7.711924e-01  8.907718e-04  
   1.1240300  8.216003e-01  1.026260e-03  8.216063e-01  1.026310e-03  7.730868e-01  9.128824e-04  
   1.1450300  8.237827e-01  1.051785e-03  8.237888e-01  1.051837e-03  7.750277e-01  9.353356e-04  
   1.1660300  8.260188e-01  1.077729e-03  8.260251e-01  1.077784e-03  7.770159e-01  9.581430e-04  
   1.1870300  8.283101e-01  1.104108e-03  8.283163e-01  1.104164e-03  7.790529e-01  9.813171e-04  
   1.2080300  8.306570e-01  1.130936e-03  8.306633e-01  1.130993e-03  7.811386e-01  1.004870e-03  
   1.2280300  8.329446e-01  1.156918e-03  8.329510e-01  1.156976e-03  7.831708e-01  1.027666e-03  
   1.2490300  8.354027e-01  1.184669e-03  8.354095e-01  1.184728e-03  7.853541e-01  1.051998e-03  
   1.2706300  8.379933e-01  1.213733e-03  8.380000e-01  1.213793e-03  7.876540e-01  1.077463e-03  
   1.2906300  8.404476e-01  1.241131e-03  8.404545e-01  1.241193e-03  7.898327e-01  1.101452e-03  
   1.3116300  8.430846e-01  1.270423e-03  8.430915e-01  1.270485e-03  7.921723e-01  1.127081e-03  
   1.3326300  8.457830e-01  1.300269e-03  8.457901e-01  1.300331e-03  7.945659e-01  1.153176e-03  
   1.3536299  8.485450e-01  1.330690e-03  8.485522e-01  1.330754e-03  7.970147e-01  1.179755e-03  
   1.3746300  8.513714e-01  1.361709e-03  8.513786e-01  1.361774e-03  7.995202e-01  1.206836e-03  
   1.3946300  8.541244e-01  1.391828e-03  8.541321e-01  1.391894e-03  8.019601e-01  1.233112e-03  
   1.4156300  8.570809e-01  1.424080e-03  8.570885e-01  1.424147e-03  8.045787e-01  1.261228e-03  
   1.4366300  8.601057e-01  1.456998e-03  8.601134e-01  1.457066e-03  8.072572e-01  1.289902e-03  
   1.4576300  8.632008e-01  1.490607e-03  8.632087e-01  1.490678e-03  8.099968e-01  1.319155e-03  
   1.4786299  8.663675e-01  1.524934e-03  8.663755e-01  1.525007e-03  8.127986e-01  1.349009e-03  
   1.4996300  8.696071e-01  1.560006e-03  8.696153e-01  1.560081e-03  8.156641e-01  1.379486e-03  
   1.5196300  8.727614e-01  1.594124e-03  8.727698e-01  1.594202e-03  8.184531e-01  1.409111e-03  
   1.5406300  8.761477e-01  1.630732e-03  8.761564e-01  1.630812e-03  8.214459e-01  1.440870e-03  
   1.5616300  8.796120e-01  1.668171e-03  8.796209e-01  1.668253e-03  8.245062e-01  1.473323e-03  
   1.5826300  8.831556e-01  1.706472e-03  8.831645e-01  1.706556e-03  8.276351e-01  1.506495e-03  
   1.6036299  8.867809e-01  1.745670e-03  8.867902e-01  1.745757e-03  8.308349e-01  1.540414e-03  
   1.6246300  8.904889e-01  1.785801e-03  8.904983e-01  1.785890e-03  8.341060e-01  1.575110e-03  
   1.6446300  8.940991e-01  1.824920e-03  8.941086e-01  1.825012e-03  8.372899e-01  1.608902e-03  
   1.6656300  8.979749e-01  1.866982e-03  8.979846e-01  1.867075e-03  8.407060e-01  1.645201e-03  
   1.6872300  9.020551e-01  1.911341e-03  9.020649e-01  1.911436e-03  8.443006e-01  1.683448e-03  
   1.7072300  9.059191e-01  1.953445e-03  9.059293e-01  1.953542e-03  8.477032e-01  1.719719e-03  
   1.7282300  9.100680e-01  1.998770e-03  9.100784e-01  1.998869e-03  8.513550e-01  1.758727e-03  
   1.7492300  9.143134e-01  2.045284e-03  9.143239e-01  2.045385e-03  8.550892e-01  1.798723e-03  
   1.7702301  9.186571e-01  2.093041e-03  9.186678e-01  2.093145e-03  8.589085e-01  1.839748e-03  
   1.7912300  9.231029e-01  2.142099e-03  9.231140e-01  2.142206e-03  8.628150e-01  1.881851e-03  
   1.8112299  9.274344e-01  2.190085e-03  9.274456e-01  2.190194e-03  8.666193e-01  1.922996e-03  
   1.8322300  9.320868e-01  2.241858e-03  9.320983e-01  2.241970e-03  8.707032e-01  1.967348e-03  
   1.8532300  9.368495e-01  2.295119e-03  9.368616e-01  2.295235e-03  8.748817e-01  2.012934e-03  
   1.8742300  9.417264e-01  2.349943e-03  9.417382e-01  2.350062e-03  8.791576e-01  2.059816e-03  
   1.8952301  9.467199e-01  2.406404e-03  9.467325e-01  2.406529e-03  8.835335e-01  2.108059e-03  
   1.9162300  9.518344e-01  2.464588e-03  9.518471e-01  2.464717e-03  8.880117e-01  2.157734e-03  
   1.9362299  9.568198e-01  2.521683e-03  9.568328e-01  2.521817e-03  8.923747e-01  2.206446e-03  
   1.9572300  9.621788e-01  2.583495e-03  9.621920e-01  2.583635e-03  8.970621e-01  2.259149e-03  
   1.9782300  9.676697e-01  2.647315e-03  9.676835e-01  2.647462e-03  9.018610e-01  2.313541e-03  
   1.9992300  9.732949e-01  2.713262e-03  9.733091e-01  2.713416e-03  9.067748e-01  2.369723e-03  
   2.0202301  9.790615e-01  2.781464e-03  9.790758e-01  2.781625e-03  9.118077e-01  2.427817e-03  
   2.0412300  9.849716e-01  2.852057e-03  9.849864e-01  2.852228e-03  9.169621e-01  2.487951e-03  
   2.0612299  9.907381e-01  2.921657e-03  9.907531e-01  2.921836e-03  9.219885e-01  2.547255e-03  
   2.0822301  9.969435e-01  2.997388e-03  9.969591e-01  2.997575e-03  9.273934e-01  2.611819e-03  
   2.1038301  1.003493e+00  3.078317e-03  1.003509e+00  3.078514e-03  9.330932e-01  2.680872e-03  
   2.1238301  1.009712e+00  3.156190e-03  1.009729e+00  3.156399e-03  9.385017e-01  2.747397e-03  
   2.1448300  1.016410e+00  3.241230e-03  1.016426e+00  3.241450e-03  9.443212e-01  2.820150e-03  
   2.1658299  1.023284e+00  3.329879e-03  1.023301e+00  3.330112e-03  9.502891e-01  2.896130e-03  
   2.1868300  1.030343e+00  3.422432e-03  1.030360e+00  3.422676e-03  9.564117e-01  2.975626e-03  
   2.2078300  1.037592e+00  3.519203e-03  1.037610e+00  3.519459e-03  9.626944e-01  3.058953e-03  
   2.2278299  1.044681e+00  3.615614e-03  1.044700e+00  3.615884e-03  9.688327e-01  3.142195e-03  
   2.2488301  1.052326e+00  3.721675e-03  1.052345e+00  3.721963e-03  9.754464e-01  3.234039e-03  
   2.2698300  1.060185e+00  3.833101e-03  1.060205e+00  3.833405e-03  9.822380e-01  3.330842e-03  
   2.2908299  1.068268e+00  3.950357e-03  1.068288e+00  3.950680e-03  9.892165e-01  3.433058e-03  
   2.3118300  1.076584e+00  4.073950e-03  1.076604e+00  4.074291e-03  9.963883e-01  3.541181e-03  
   2.3328300  1.085142e+00  4.204427e-03  1.085164e+00  4.204789e-03  1.003761e+00  3.655746e-03  
   2.3528299  1.093529e+00  4.335640e-03  1.093551e+00  4.336022e-03  1.010977e+00  3.771381e-03  
   2.3738301  1.102592e+00  4.481342e-03  1.102615e+00  4.481747e-03  1.018767e+00  3.900265e-03  
   2.3948300  1.111932e+00  4.635865e-03  1.111956e+00  4.636296e-03  1.026784e+00  4.037485e-03  
   2.4158299  1.121561e+00  4.799994e-03  1.121585e+00  4.800453e-03  1.035038e+00  4.183824e-03  
   2.4368300  1.131493e+00  4.974592e-03  1.131518e+00  4.975079e-03  1.043541e+00  4.340137e-03  
   2.4578300  1.141743e+00  5.160612e-03  1.141769e+00  5.161130e-03  1.052303e+00  4.507391e-03  
   2.4778299  1.151816e+00  5.349365e-03  1.151843e+00  5.349918e-03  1.060900e+00  4.677834e-03  
   2.4988301  1.162735e+00  5.560878e-03  1.162762e+00  5.561470e-03  1.070205e+00  4.869686e-03  
   2.5204301  1.174354e+00  5.794081e-03  1.174382e+00  5.794716e-03  1.080089e+00  5.082204e-03  
   2.5404301  1.185481e+00  6.025612e-03  1.185511e+00  6.026291e-03  1.089538e+00  5.294170e-03  
   2.5614300  1.197570e+00  6.286620e-03  1.197601e+00  6.287351e-03  1.099783e+00  5.534168e-03  
   2.5824299  1.210098e+00  6.568067e-03  1.210130e+00  6.568856e-03  1.110379e+00  5.794018e-03  
   2.6034300  1.223095e+00  6.872521e-03  1.223128e+00  6.873371e-03  1.121346e+00  6.076051e-03  
   2.6244299  1.236590e+00  7.203097e-03  1.236624e+00  7.204016e-03  1.132705e+00  6.382976e-03  
   2.6444299  1.249939e+00  7.545794e-03  1.249974e+00  7.546787e-03  1.143914e+00  6.701359e-03  
   2.6654301  1.264513e+00  7.939629e-03  1.264550e+00  7.940706e-03  1.156115e+00  7.066726e-03  
   2.6864300  1.279699e+00  8.374576e-03  1.279738e+00  8.375746e-03  1.168791e+00  7.468523e-03  
   2.7074299  1.295548e+00  8.859044e-03  1.295588e+00  8.860317e-03  1.181974e+00  7.912591e-03  
   2.7284300  1.312114e+00  9.404280e-03  1.312156e+00  9.405674e-03  1.195702e+00  8.406349e-03  
   2.7494299  1.329459e+00  1.002542e-02  1.329503e+00  1.002696e-02  1.210017e+00  8.959314e-03  
   2.7694299  1.346766e+00  1.070633e-02  1.346812e+00  1.070802e-02  1.224238e+00  9.552274e-03  
   2.7904301  1.365841e+00  1.154173e-02  1.365889e+00  1.154363e-02  1.239837e+00  1.025991e-02  
   2.8114300  1.385929e+00  1.253736e-02  1.385979e+00  1.253949e-02  1.256178e+00  1.107515e-02  
   2.8324299  1.407127e+00  1.374342e-02  1.407180e+00  1.374587e-02  1.273325e+00  1.202504e-02  
   2.8534300  1.429545e+00  1.522688e-02  1.429601e+00  1.522976e-02  1.291349e+00  1.314465e-02  
   2.8744299  1.453300e+00  1.707594e-02  1.453359e+00  1.707937e-02  1.310331e+00  1.447916e-02  
   2.8944299  1.477282e+00  1.928127e-02  1.477344e+00  1.928538e-02  1.329377e+00  1.600267e-02  
   2.9154301  1.504009e+00  2.220306e-02  1.504074e+00  2.220812e-02  1.350482e+00  1.793764e-02  
   2.9370301  1.533284e+00  2.604498e-02  1.533354e+00  2.605133e-02  1.373475e+00  2.038136e-02  
   2.9570301  1.562111e+00  3.056796e-02  1.562185e+00  3.057587e-02  1.396021e+00  2.316092e-02  
   2.9780300  1.594254e+00  3.657660e-02  1.594332e+00  3.658660e-02  1.421095e+00  2.675057e-02  
   2.9990301  1.628379e+00  4.418535e-02  1.628463e+00  4.419801e-02  1.447700e+00  3.119605e-02  
   3.0200300  1.664506e+00  5.375369e-02  1.664595e+00  5.376971e-02  1.475926e+00  3.670242e-02  
   3.0410299  1.702594e+00  6.568156e-02  1.702690e+00  6.570170e-02  1.505843e+00  4.351243e-02  
   3.0610299  1.740588e+00  7.962862e-02  1.740688e+00  7.965351e-02  1.535950e+00  5.146806e-02  
   3.0820301  1.782090e+00  9.741791e-02  1.782196e+00  9.744865e-02  1.569261e+00  6.167280e-02  
   3.1030300  1.824945e+00  1.188636e-01  1.825055e+00  1.189013e-01  1.604267e+00  7.412436e-02  
   3.1240301  1.868748e+00  1.443818e-01  1.868864e+00  1.444272e-01  1.640861e+00  8.920855e-02  
   3.1450300  1.912990e+00  1.743327e-01  1.913109e+00  1.743868e-01  1.678848e+00  1.073289e-01  
   3.1660299  1.957067e+00  2.089947e-01  1.957189e+00  2.090584e-01  1.717950e+00  1.288925e-01  
   3.1860299  1.998265e+00  2.465412e-01  1.998389e+00  2.466146e-01  1.755879e+00  1.529874e-01  
   3.2070301  2.039994e+00  2.907631e-01  2.040118e+00  2.908473e-01  1.795963e+00  1.823587e-01  
   3.2280300  2.079410e+00  3.397890e-01  2.079533e+00  3.398841e-01  1.835741e+00  2.161778e-01  
   3.2490301  2.115764e+00  3.933507e-01  2.115886e+00  3.934567e-01  1.874541e+00  2.546320e-01  
   3.2700300  2.148367e+00  4.510200e-01  2.148485e+00  4.511367e-01  1.911619e+00  2.977841e-01  
   3.2910299  2.176621e+00  5.122276e-01  2.176733e+00  5.123546e-01  1.946194e+00  3.455515e-01  
   3.3110299  2.199058e+00  5.731809e-01  2.199164e+00  5.733172e-01  1.976070e+00  3.951120e-01  
   3.3320301  2.217620e+00  6.392348e-01  2.217719e+00  6.393799e-01  2.003504e+00  4.510251e-01  
   3.3536301  2.231228e+00  7.085266e-01  2.231318e+00  7.086797e-01  2.026813e+00  5.120743e-01  
   3.3736300  2.238898e+00  7.731457e-01  2.238979e+00  7.733055e-01  2.043429e+00  5.711156e-01  
   3.3946300  2.242047e+00  8.407304e-01  2.242120e+00  8.408965e-01  2.055346e+00  6.348786e-01  
   3.4156301  2.240511e+00  9.073762e-01  2.240575e+00  9.075476e-01  2.061390e+00  6.995234e-01  
   3.4366300  2.234751e+00  9.725195e-01  2.234806e+00  9.726958e-01  2.061563e+00  7.640572e-01  
   3.4576299  2.225297e+00  1.035736e+00  2.225344e+00  1.035918e+00  2.056081e+00  8.274977e-01  
   3.4776299  2.213377e+00  1.093897e+00  2.213417e+00  1.094083e+00  2.045997e+00  8.860561e-01  
   3.4986300  2.198325e+00  1.152678e+00  2.198357e+00  1.152869e+00  2.030892e+00  9.448059e-01  
   3.5196300  2.181170e+00  1.209093e+00  2.181196e+00  1.209289e+00  2.011914e+00  1.000102e+00  
   3.5406301  2.162343e+00  1.263213e+00  2.162362e+00  1.263415e+00  1.989936e+00  1.051476e+00  
   3.5616300  2.142175e+00  1.315167e+00  2.142190e+00  1.315375e+00  1.965877e+00  1.098663e+00  
   3.5826299  2.120909e+00  1.365111e+00  2.120917e+00  1.365325e+00  1.940649e+00  1.141623e+00  
   3.6026299  2.099773e+00  1.410948e+00  2.099774e+00  1.411167e+00  1.916309e+00  1.178752e+00  
   3.6236300  2.076730e+00  1.457374e+00  2.076725e+00  1.457598e+00  1.891127e+00  1.214089e+00  
   3.6446300  2.052860e+00  1.502123e+00  2.052848e+00  1.502352e+00  1.866900e+00  1.246155e+00  
   3.6656301  2.028187e+00  1.545210e+00  2.028168e+00  1.545442e+00  1.844030e+00  1.275515e+00  
   3.6866300  2.002754e+00  1.586592e+00  2.002729e+00  1.586827e+00  1.822735e+00  1.302769e+00  
   3.7076299  1.976651e+00  1.626189e+00  1.976618e+00  1.626424e+00  1.803064e+00  1.328494e+00  
   3.7276299  1.951306e+00  1.662146e+00  1.951267e+00  1.662380e+00  1.785753e+00  1.352045e+00  
   3.7486300  1.924410e+00  1.697970e+00  1.924365e+00  1.698200e+00  1.768883e+00  1.376173e+00  
   3.7702301  1.896765e+00  1.732686e+00  1.896715e+00  1.732912e+00  1.752674e+00  1.400645e+00  
   3.7902300  1.871550e+00  1.762903e+00  1.871497e+00  1.763123e+00  1.738469e+00  1.423143e+00  
   3.8112299  1.845912e+00  1.792722e+00  1.845856e+00  1.792934e+00  1.724195e+00  1.446647e+00  
   3.8322301  1.821614e+00  1.820780e+00  1.821556e+00  1.820985e+00  1.710471e+00  1.469991e+00  
   3.8532300  1.799161e+00  1.847402e+00  1.799103e+00  1.847597e+00  1.697301e+00  1.493091e+00  
   3.8742299  1.779032e+00  1.873048e+00  1.778976e+00  1.873235e+00  1.684812e+00  1.515865e+00  
   3.8942299  1.762407e+00  1.897113e+00  1.762353e+00  1.897295e+00  1.673767e+00  1.537217e+00  
   3.9152300  1.747926e+00  1.922698e+00  1.747875e+00  1.922874e+00  1.663377e+00  1.559333e+00  
   3.9362299  1.736666e+00  1.949431e+00  1.736620e+00  1.949605e+00  1.654598e+00  1.581312e+00  
   3.9572301  1.728628e+00  1.978235e+00  1.728587e+00  1.978410e+00  1.647817e+00  1.603480e+00  
   3.9782300  1.723601e+00  2.010082e+00  1.723565e+00  2.010260e+00  1.643378e+00  1.626319e+00  
   3.9992299  1.721140e+00  2.045942e+00  1.721109e+00  2.046129e+00  1.641525e+00  1.650465e+00  
   4.0192299  1.720552e+00  2.084682e+00  1.720524e+00  2.084880e+00  1.642261e+00  1.675384e+00  
   4.0402298  1.720886e+00  2.130970e+00  1.720862e+00  2.131184e+00  1.645578e+00  1.704405e+00  
   4.0612302  1.721061e+00  2.183675e+00  1.721038e+00  2.183909e+00  1.651201e+00  1.737275e+00  
   4.0822301  1.719733e+00  2.243270e+00  1.719708e+00  2.243524e+00  1.658583e+00  1.774942e+00  
   4.1032300  1.715406e+00  2.309977e+00  1.715378e+00  2.310254e+00  1.666917e+00  1.818304e+00  
   4.1242299  1.706501e+00  2.383745e+00  1.706465e+00  2.384044e+00  1.675139e+00  1.868158e+00  
   4.1442299  1.692292e+00  2.460238e+00  1.692248e+00  2.460559e+00  1.681675e+00  1.922241e+00  
   4.1652298  1.669865e+00  2.546483e+00  1.669807e+00  2.546823e+00  1.685731e+00  1.986340e+00  
   4.1868300  1.637276e+00  2.640554e+00  1.637201e+00  2.640908e+00  1.685174e+00  2.060188e+00  
   4.2068300  1.597305e+00  2.731375e+00  1.597210e+00  2.731738e+00  1.678728e+00  2.135507e+00  
   4.2278299  1.544188e+00  2.829197e+00  1.544070e+00  2.829566e+00  1.664088e+00  2.221185e+00  
   4.2488298  1.478894e+00  2.927951e+00  1.478749e+00  2.928319e+00  1.639691e+00  2.312632e+00  
   4.2698302  1.400941e+00  3.025890e+00  1.400767e+00  3.026250e+00  1.603976e+00  2.408462e+00  
   4.2908301  1.310159e+00  3.121164e+00  1.309954e+00  3.121511e+00  1.555642e+00  2.506906e+00  
   4.3108301  1.211891e+00  3.207705e+00  1.211655e+00  3.208035e+00  1.497011e+00  2.601198e+00  
   4.3318300  1.096720e+00  3.292354e+00  1.096451e+00  3.292662e+00  1.421722e+00  2.698535e+00  
   4.3528299  9.699601e-01  3.368817e+00  9.696591e-01  3.369100e+00  1.332353e+00  2.791735e+00  
   4.3738298  8.325813e-01  3.435322e+00  8.322482e-01  3.435577e+00  1.229415e+00  2.878293e+00  
   4.3948302  6.857936e-01  3.490209e+00  6.854309e-01  3.490436e+00  1.113962e+00  2.955792e+00  
   4.4158301  5.310462e-01  3.531960e+00  5.306562e-01  3.532158e+00  9.875693e-01  3.022025e+00  
   4.4358301  3.777714e-01  3.558287e+00  3.773589e-01  3.558460e+00  8.588697e-01  3.072914e+00  
   4.4568300  2.124064e-01  3.570748e+00  2.119744e-01  3.570895e+00  7.172736e-01  3.112149e+00  
   4.4778299  4.447601e-02  3.566803e+00  4.402923e-02  3.566925e+00  5.716263e-01  3.135895e+00  
   4.4988298  -1.238787e-01  3.545889e+00  -1.243355e-01  3.545987e+00  4.246443e-01  3.143730e+00  
   4.5198302  -2.904157e-01  3.507783e+00  -2.908774e-01  3.507860e+00  2.790082e-01  3.135779e+00  
   4.5408301  -4.528229e-01  3.452653e+00  -4.532847e-01  3.452710e+00  1.372476e-01  3.112684e+00  
   4.5608301  -6.015535e-01  3.384843e+00  -6.020111e-01  3.384883e+00  7.896642e-03  3.077611e+00  
   4.5818300  -7.493339e-01  3.298531e+00  -7.497832e-01  3.298555e+00  -1.201591e-01  3.028459e+00  
   4.6034298  -8.902177e-01  3.195081e+00  -8.906546e-01  3.195089e+00  -2.420427e-01  2.966528e+00  
   4.6234298  -1.008886e+00  3.087731e+00  -1.009309e+00  3.087726e+00  -3.450280e-01  2.900680e+00  
   4.6444302  -1.119824e+00  2.965147e+00  -1.120232e+00  2.965132e+00  -4.423468e-01  2.824640e+00  
   4.6654301  -1.215658e+00  2.834866e+00  -1.216048e+00  2.834840e+00  -5.283578e-01  2.743440e+00  
   4.6864300  -1.295723e+00  2.699492e+00  -1.296096e+00  2.699457e+00  -6.031741e-01  2.658913e+00  
   4.7074299  -1.359841e+00  2.561692e+00  -1.360197e+00  2.561652e+00  -6.671841e-01  2.572735e+00  
   4.7274299  -1.406358e+00  2.430583e+00  -1.406700e+00  2.430536e+00  -7.186452e-01  2.490482e+00  
   4.7484298  -1.440649e+00  2.295377e+00  -1.440976e+00  2.295326e+00  -7.634145e-01  2.405151e+00  
   4.7694302  -1.461157e+00  2.164799e+00  -1.461471e+00  2.164743e+00  -7.995101e-01  2.321917e+00  
   4.7904301  -1.469322e+00  2.040641e+00  -1.469624e+00  2.040582e+00  -8.278010e-01  2.241630e+00  
   4.8114300  -1.466792e+00  1.924284e+00  -1.467083e+00  1.924220e+00  -8.491645e-01  2.164937e+00  
   4.8324299  -1.455317e+00  1.816693e+00  -1.455597e+00  1.816624e+00  -8.644573e-01  2.092307e+00  
   4.8524299  -1.437676e+00  1.722890e+00  -1.437948e+00  1.722815e+00  -8.741246e-01  2.027201e+00  
   4.8734298  -1.413720e+00  1.633690e+00  -1.413981e+00  1.633608e+00  -8.798686e-01  1.963276e+00  
   4.8944302  -1.385714e+00  1.553907e+00  -1.385966e+00  1.553817e+00  -8.817953e-01  1.903956e+00  
   4.9154301  -1.355026e+00  1.483196e+00  -1.355266e+00  1.483096e+00  -8.805494e-01  1.849206e+00  
   4.9364300  -1.322817e+00  1.421023e+00  -1.323046e+00  1.420913e+00  -8.767121e-01  1.798913e+00  
   4.9574299  -1.290043e+00  1.366739e+00  -1.290259e+00  1.366617e+00  -8.708001e-01  1.752903e+00  
   4.9774299  -1.259000e+00  1.321716e+00  -1.259202e+00  1.321582e+00  -8.636566e-01  1.712864e+00  
   4.9984298  -1.227139e+00  1.280737e+00  -1.227327e+00  1.280591e+00  -8.549462e-01  1.674551e+00  
