w Re-xx Im-xx Re-yy Im-yy Re-zz Im-zz
# Gaussian absolute broadening  0.15 [eV]
   0.0000000  7.681199e-01  8.826377e-05  7.681194e-01  8.826468e-05  7.252428e-01  7.899896e-05  
   0.0200000  7.682199e-01  9.446389e-05  7.682193e-01  9.446500e-05  7.253320e-01  8.454628e-05  
   0.0410000  7.683386e-01  1.015291e-04  7.683381e-01  1.015305e-04  7.254382e-01  9.086726e-05  
   0.0620000  7.684736e-01  1.091993e-04  7.684731e-01  1.092009e-04  7.255590e-01  9.772912e-05  
   0.0830000  7.686270e-01  1.175082e-04  7.686265e-01  1.175102e-04  7.256966e-01  1.051619e-04  
   0.1040000  7.688012e-01  1.264853e-04  7.688007e-01  1.264876e-04  7.258523e-01  1.131918e-04  
   0.1240000  7.689881e-01  1.356773e-04  7.689875e-01  1.356800e-04  7.260195e-01  1.214134e-04  
   0.1450000  7.692083e-01  1.460186e-04  7.692078e-01  1.460218e-04  7.262166e-01  1.306621e-04  
   0.1660000  7.694559e-01  1.570728e-04  7.694553e-01  1.570766e-04  7.264382e-01  1.405477e-04  
   0.1870000  7.697322e-01  1.688365e-04  7.697316e-01  1.688409e-04  7.266855e-01  1.510667e-04  
   0.2080000  7.700399e-01  1.812951e-04  7.700394e-01  1.813000e-04  7.269610e-01  1.622059e-04  
   0.2290000  7.703807e-01  1.944235e-04  7.703802e-01  1.944290e-04  7.272656e-01  1.739427e-04  
   0.2490000  7.707373e-01  2.075171e-04  7.707368e-01  2.075232e-04  7.275846e-01  1.856469e-04  
   0.2700000  7.711465e-01  2.218434e-04  7.711461e-01  2.218501e-04  7.279508e-01  1.984515e-04  
   0.2910000  7.715929e-01  2.367128e-04  7.715924e-01  2.367201e-04  7.283501e-01  2.117395e-04  
   0.3120000  7.720768e-01  2.520715e-04  7.720762e-01  2.520793e-04  7.287830e-01  2.254627e-04  
   0.3330000  7.725985e-01  2.678645e-04  7.725980e-01  2.678727e-04  7.292496e-01  2.395716e-04  
   0.3540000  7.731588e-01  2.840385e-04  7.731584e-01  2.840471e-04  7.297508e-01  2.540181e-04  
   0.3740000  7.737283e-01  2.997510e-04  7.737279e-01  2.997600e-04  7.302600e-01  2.680499e-04  
   0.3950000  7.743638e-01  3.165303e-04  7.743633e-01  3.165397e-04  7.308282e-01  2.830313e-04  
   0.4160000  7.750375e-01  3.335607e-04  7.750372e-01  3.335704e-04  7.314304e-01  2.982334e-04  
   0.4374300  7.757649e-01  3.511666e-04  7.757647e-01  3.511764e-04  7.320810e-01  3.139454e-04  
   0.4574300  7.764795e-01  3.677814e-04  7.764793e-01  3.677915e-04  7.327199e-01  3.287694e-04  
   0.4784300  7.772673e-01  3.854011e-04  7.772669e-01  3.854112e-04  7.334239e-01  3.444858e-04  
   0.4994300  7.780929e-01  4.031871e-04  7.780927e-01  4.031977e-04  7.341618e-01  3.603461e-04  
   0.5204300  7.789569e-01  4.211322e-04  7.789567e-01  4.211430e-04  7.349340e-01  3.763439e-04  
   0.5414300  7.798591e-01  4.392331e-04  7.798589e-01  4.392444e-04  7.357402e-01  3.924756e-04  
   0.5614300  7.807543e-01  4.566165e-04  7.807540e-01  4.566283e-04  7.365401e-01  4.079630e-04  
   0.5824300  7.817323e-01  4.750227e-04  7.817321e-01  4.750353e-04  7.374136e-01  4.243565e-04  
   0.6034300  7.827489e-01  4.935895e-04  7.827489e-01  4.936029e-04  7.383221e-01  4.408873e-04  
   0.6244300  7.838051e-01  5.123222e-04  7.838050e-01  5.123369e-04  7.392656e-01  4.575599e-04  
   0.6454300  7.849011e-01  5.312259e-04  7.849011e-01  5.312423e-04  7.402441e-01  4.743786e-04  
   0.6664300  7.860370e-01  5.503071e-04  7.860370e-01  5.503252e-04  7.412585e-01  4.913490e-04  
   0.6864300  7.871559e-01  5.686504e-04  7.871561e-01  5.686704e-04  7.422575e-01  5.076566e-04  
   0.7074300  7.883708e-01  5.880973e-04  7.883710e-01  5.881197e-04  7.433419e-01  5.249386e-04  
   0.7284300  7.896263e-01  6.077417e-04  7.896266e-01  6.077667e-04  7.444628e-01  5.423890e-04  
   0.7494300  7.909240e-01  6.275916e-04  7.909244e-01  6.276193e-04  7.456206e-01  5.600141e-04  
   0.7704300  7.922628e-01  6.476545e-04  7.922632e-01  6.476850e-04  7.468154e-01  5.778203e-04  
   0.7914300  7.936447e-01  6.679383e-04  7.936450e-01  6.679717e-04  7.480481e-01  5.958144e-04  
   0.8114300  7.949997e-01  6.874693e-04  7.950001e-01  6.875053e-04  7.492567e-01  6.131327e-04  
   0.8324300  7.964650e-01  7.082091e-04  7.964656e-01  7.082477e-04  7.505633e-01  6.315139e-04  
   0.8540300  7.980182e-01  7.297992e-04  7.980188e-01  7.298402e-04  7.519484e-01  6.506394e-04  
   0.8740300  7.994978e-01  7.500315e-04  7.994986e-01  7.500743e-04  7.532672e-01  6.685530e-04  
   0.8950300  8.010952e-01  7.715354e-04  8.010961e-01  7.715800e-04  7.546912e-01  6.875824e-04  
   0.9160300  8.027380e-01  7.933151e-04  8.027387e-01  7.933608e-04  7.561553e-01  7.068457e-04  
   0.9370300  8.044270e-01  8.153812e-04  8.044280e-01  8.154277e-04  7.576597e-01  7.263518e-04  
   0.9580300  8.061624e-01  8.377443e-04  8.061633e-01  8.377909e-04  7.592056e-01  7.461096e-04  
   0.9780300  8.078594e-01  8.593293e-04  8.078604e-01  8.593758e-04  7.607167e-01  7.651693e-04  
   0.9990300  8.096880e-01  8.823051e-04  8.096890e-01  8.823505e-04  7.623446e-01  7.854459e-04  
   1.0200300  8.115653e-01  9.056115e-04  8.115664e-01  9.056566e-04  7.640154e-01  8.060024e-04  
   1.0410300  8.134920e-01  9.292604e-04  8.134931e-01  9.293039e-04  7.657302e-01  8.268485e-04  
   1.0620300  8.154690e-01  9.532635e-04  8.154702e-01  9.533063e-04  7.674890e-01  8.479950e-04  
   1.0830300  8.174967e-01  9.776341e-04  8.174981e-01  9.776757e-04  7.692927e-01  8.694514e-04  
   1.1030300  8.194757e-01  1.001196e-03  8.194771e-01  1.001236e-03  7.710524e-01  8.901838e-04  
   1.1240300  8.216050e-01  1.026320e-03  8.216065e-01  1.026359e-03  7.729454e-01  9.122765e-04  
   1.1450300  8.237874e-01  1.051848e-03  8.237889e-01  1.051887e-03  7.748850e-01  9.347113e-04  
   1.1660300  8.260236e-01  1.077796e-03  8.260254e-01  1.077834e-03  7.768720e-01  9.575001e-04  
   1.1870300  8.283148e-01  1.104178e-03  8.283167e-01  1.104216e-03  7.789074e-01  9.806541e-04  
   1.2080300  8.306620e-01  1.131009e-03  8.306638e-01  1.131047e-03  7.809917e-01  1.004187e-03  
   1.2280300  8.329497e-01  1.156993e-03  8.329517e-01  1.157033e-03  7.830228e-01  1.026963e-03  
   1.2490300  8.354082e-01  1.184747e-03  8.354103e-01  1.184787e-03  7.852041e-01  1.051272e-03  
   1.2706300  8.379988e-01  1.213814e-03  8.380010e-01  1.213856e-03  7.875026e-01  1.076713e-03  
   1.2906300  8.404533e-01  1.241214e-03  8.404557e-01  1.241258e-03  7.896795e-01  1.100679e-03  
   1.3116300  8.430903e-01  1.270508e-03  8.430927e-01  1.270554e-03  7.920178e-01  1.126281e-03  
   1.3326300  8.457888e-01  1.300356e-03  8.457916e-01  1.300404e-03  7.944096e-01  1.152350e-03  
   1.3536299  8.485509e-01  1.330780e-03  8.485538e-01  1.330830e-03  7.968569e-01  1.178900e-03  
   1.3746300  8.513774e-01  1.361801e-03  8.513803e-01  1.361854e-03  7.993604e-01  1.205952e-03  
   1.3946300  8.541308e-01  1.391922e-03  8.541338e-01  1.391978e-03  8.017983e-01  1.232198e-03  
   1.4156300  8.570873e-01  1.424176e-03  8.570904e-01  1.424234e-03  8.044152e-01  1.260281e-03  
   1.4366300  8.601124e-01  1.457097e-03  8.601156e-01  1.457158e-03  8.070914e-01  1.288922e-03  
   1.4576300  8.632078e-01  1.490709e-03  8.632113e-01  1.490773e-03  8.098289e-01  1.318140e-03  
   1.4786299  8.663747e-01  1.525040e-03  8.663782e-01  1.525106e-03  8.126287e-01  1.347958e-03  
   1.4996300  8.696146e-01  1.560115e-03  8.696182e-01  1.560184e-03  8.154920e-01  1.378397e-03  
   1.5196300  8.727689e-01  1.594237e-03  8.727728e-01  1.594309e-03  8.182783e-01  1.407984e-03  
   1.5406300  8.761557e-01  1.630848e-03  8.761597e-01  1.630923e-03  8.212688e-01  1.439703e-03  
   1.5616300  8.796203e-01  1.668291e-03  8.796244e-01  1.668369e-03  8.243266e-01  1.472113e-03  
   1.5826300  8.831639e-01  1.706597e-03  8.831686e-01  1.706677e-03  8.274531e-01  1.505241e-03  
   1.6036299  8.867895e-01  1.745800e-03  8.867940e-01  1.745883e-03  8.306499e-01  1.539113e-03  
   1.6246300  8.904979e-01  1.785937e-03  8.905028e-01  1.786023e-03  8.339185e-01  1.573760e-03  
   1.6446300  8.941084e-01  1.825063e-03  8.941134e-01  1.825151e-03  8.370997e-01  1.607502e-03  
   1.6656300  8.979843e-01  1.867130e-03  8.979897e-01  1.867221e-03  8.405125e-01  1.643748e-03  
   1.6872300  9.020652e-01  1.911497e-03  9.020706e-01  1.911588e-03  8.441042e-01  1.681938e-03  
   1.7072300  9.059296e-01  1.953609e-03  9.059349e-01  1.953703e-03  8.475035e-01  1.718151e-03  
   1.7282300  9.100787e-01  1.998942e-03  9.100846e-01  1.999038e-03  8.511520e-01  1.757096e-03  
   1.7492300  9.143244e-01  2.045467e-03  9.143303e-01  2.045564e-03  8.548830e-01  1.797023e-03  
   1.7702301  9.186685e-01  2.093236e-03  9.186749e-01  2.093335e-03  8.586984e-01  1.837977e-03  
   1.7912300  9.231149e-01  2.142307e-03  9.231218e-01  2.142409e-03  8.626013e-01  1.880002e-03  
   1.8112299  9.274470e-01  2.190307e-03  9.274533e-01  2.190410e-03  8.664017e-01  1.921067e-03  
   1.8322300  9.320998e-01  2.242099e-03  9.321067e-01  2.242203e-03  8.704816e-01  1.965328e-03  
   1.8532300  9.368631e-01  2.295382e-03  9.368704e-01  2.295489e-03  8.746558e-01  2.010814e-03  
   1.8742300  9.417406e-01  2.350231e-03  9.417480e-01  2.350341e-03  8.789274e-01  2.057584e-03  
   1.8952301  9.467347e-01  2.406726e-03  9.467426e-01  2.406840e-03  8.832986e-01  2.105703e-03  
   1.9162300  9.518501e-01  2.464952e-03  9.518582e-01  2.465069e-03  8.877718e-01  2.155238e-03  
   1.9362299  9.568356e-01  2.522098e-03  9.568441e-01  2.522219e-03  8.921303e-01  2.203801e-03  
   1.9572300  9.621953e-01  2.583978e-03  9.622042e-01  2.584103e-03  8.968121e-01  2.256327e-03  
   1.9782300  9.676872e-01  2.647886e-03  9.676960e-01  2.648019e-03  9.016061e-01  2.310517e-03  
   1.9992300  9.733136e-01  2.713946e-03  9.733232e-01  2.714084e-03  9.065141e-01  2.366475e-03  
   2.0202301  9.790809e-01  2.782289e-03  9.790905e-01  2.782434e-03  9.115410e-01  2.424313e-03  
   2.0412300  9.849917e-01  2.853062e-03  9.850018e-01  2.853216e-03  9.166892e-01  2.484164e-03  
   2.0612299  9.907596e-01  2.922875e-03  9.907698e-01  2.923037e-03  9.217095e-01  2.543170e-03  
   2.0822301  9.969661e-01  2.998881e-03  9.969770e-01  2.999053e-03  9.271076e-01  2.607396e-03  
   2.1038301  1.003516e+00  3.080159e-03  1.003528e+00  3.080340e-03  9.327999e-01  2.676078e-03  
   2.1238301  1.009737e+00  3.158423e-03  1.009749e+00  3.158616e-03  9.382014e-01  2.742245e-03  
   2.1448300  1.016436e+00  3.243955e-03  1.016448e+00  3.244159e-03  9.440135e-01  2.814615e-03  
   2.1658299  1.023311e+00  3.333188e-03  1.023324e+00  3.333405e-03  9.499733e-01  2.890219e-03  
   2.1868300  1.030372e+00  3.426429e-03  1.030385e+00  3.426659e-03  9.560875e-01  2.969361e-03  
   2.2078300  1.037622e+00  3.524002e-03  1.037636e+00  3.524246e-03  9.623615e-01  3.052371e-03  
   2.2278299  1.044713e+00  3.621296e-03  1.044727e+00  3.621557e-03  9.684907e-01  3.135365e-03  
   2.2488301  1.052359e+00  3.728419e-03  1.052374e+00  3.728693e-03  9.750942e-01  3.227022e-03  
   2.2698300  1.060220e+00  3.841052e-03  1.060235e+00  3.841344e-03  9.818760e-01  3.323732e-03  
   2.2908299  1.068304e+00  3.959668e-03  1.068320e+00  3.959980e-03  9.888428e-01  3.425966e-03  
   2.3118300  1.076622e+00  4.084780e-03  1.076638e+00  4.085111e-03  9.960027e-01  3.534230e-03  
   2.3328300  1.085181e+00  4.216938e-03  1.085199e+00  4.217288e-03  1.003363e+00  3.649067e-03  
   2.3528299  1.093569e+00  4.349899e-03  1.093587e+00  4.350269e-03  1.010566e+00  3.765081e-03  
   2.3738301  1.102634e+00  4.497576e-03  1.102652e+00  4.497969e-03  1.018341e+00  3.894477e-03  
   2.3948300  1.111974e+00  4.654199e-03  1.111994e+00  4.654617e-03  1.026343e+00  4.032298e-03  
   2.4158299  1.121604e+00  4.820523e-03  1.121624e+00  4.820963e-03  1.034580e+00  4.179270e-03  
   2.4368300  1.131536e+00  4.997361e-03  1.131557e+00  4.997827e-03  1.043064e+00  4.336188e-03  
   2.4578300  1.141786e+00  5.185610e-03  1.141808e+00  5.186104e-03  1.051806e+00  4.503908e-03  
   2.4778299  1.151859e+00  5.376407e-03  1.151881e+00  5.376928e-03  1.060382e+00  4.674545e-03  
   2.4988301  1.162777e+00  5.589894e-03  1.162800e+00  5.590446e-03  1.069663e+00  4.866173e-03  
   2.5204301  1.174394e+00  5.824835e-03  1.174418e+00  5.825419e-03  1.079520e+00  5.077789e-03  
   2.5404301  1.185520e+00  6.057595e-03  1.185545e+00  6.058215e-03  1.088942e+00  5.288082e-03  
   2.5614300  1.197606e+00  6.319381e-03  1.197632e+00  6.320038e-03  1.099158e+00  5.525187e-03  
   2.5824299  1.210131e+00  6.600934e-03  1.210159e+00  6.601637e-03  1.109721e+00  5.780666e-03  
   2.6034300  1.223125e+00  6.904683e-03  1.223154e+00  6.905432e-03  1.120653e+00  6.056529e-03  
   2.6244299  1.236617e+00  7.233593e-03  1.236647e+00  7.234394e-03  1.131976e+00  6.355129e-03  
   2.6444299  1.249963e+00  7.573674e-03  1.249994e+00  7.574530e-03  1.143146e+00  6.663260e-03  
   2.6654301  1.264533e+00  7.963527e-03  1.264565e+00  7.964450e-03  1.155307e+00  7.015067e-03  
   2.6864300  1.279717e+00  8.393085e-03  1.279751e+00  8.394083e-03  1.167938e+00  7.400081e-03  
   2.7074299  1.295564e+00  8.870604e-03  1.295600e+00  8.871689e-03  1.181076e+00  7.823760e-03  
   2.7284300  1.312129e+00  9.407169e-03  1.312167e+00  9.408357e-03  1.194756e+00  8.293089e-03  
   2.7494299  1.329475e+00  1.001779e-02  1.329514e+00  1.001910e-02  1.209020e+00  8.817110e-03  
   2.7694299  1.346784e+00  1.068680e-02  1.346825e+00  1.068826e-02  1.223191e+00  9.377772e-03  
   2.7904301  1.365864e+00  1.150765e-02  1.365908e+00  1.150930e-02  1.238735e+00  1.004584e-02  
   2.8114300  1.385961e+00  1.248654e-02  1.386007e+00  1.248844e-02  1.255017e+00  1.081480e-02  
   2.8324299  1.407172e+00  1.367373e-02  1.407220e+00  1.367593e-02  1.272102e+00  1.171055e-02  
   2.8534300  1.429607e+00  1.513636e-02  1.429659e+00  1.513896e-02  1.290062e+00  1.276672e-02  
   2.8744299  1.453386e+00  1.696300e-02  1.453440e+00  1.696614e-02  1.308976e+00  1.402669e-02  
   2.8944299  1.477395e+00  1.914619e-02  1.477453e+00  1.915000e-02  1.327954e+00  1.546692e-02  
   2.9154301  1.504159e+00  2.204505e-02  1.504220e+00  2.204978e-02  1.348984e+00  1.729917e-02  
   2.9370301  1.533480e+00  2.586553e-02  1.533545e+00  2.587148e-02  1.371897e+00  1.961791e-02  
   2.9570301  1.562357e+00  3.037296e-02  1.562427e+00  3.038038e-02  1.394367e+00  2.226130e-02  
   2.9780300  1.594559e+00  3.637288e-02  1.594633e+00  3.638228e-02  1.419358e+00  2.568350e-02  
   2.9990301  1.628753e+00  4.398495e-02  1.628832e+00  4.399685e-02  1.445880e+00  2.993293e-02  
   3.0200300  1.664955e+00  5.357379e-02  1.665038e+00  5.358885e-02  1.474021e+00  3.521104e-02  
   3.0410299  1.703123e+00  6.554539e-02  1.703210e+00  6.556429e-02  1.503854e+00  4.175723e-02  
   3.0610299  1.741194e+00  7.956167e-02  1.741285e+00  7.958503e-02  1.533881e+00  4.942577e-02  
   3.0820301  1.782777e+00  9.745928e-02  1.782871e+00  9.748816e-02  1.567110e+00  5.928930e-02  
   3.1030300  1.825706e+00  1.190562e-01  1.825804e+00  1.190915e-01  1.602037e+00  7.135772e-02  
   3.1240301  1.869574e+00  1.447738e-01  1.869674e+00  1.448166e-01  1.638555e+00  8.601708e-02  
   3.1450300  1.913866e+00  1.749763e-01  1.913966e+00  1.750274e-01  1.676471e+00  1.036731e-01  
   3.1660299  1.957972e+00  2.099432e-01  1.958072e+00  2.100036e-01  1.715508e+00  1.247373e-01  
   3.1860299  1.999174e+00  2.478278e-01  1.999272e+00  2.478977e-01  1.753382e+00  1.483304e-01  
   3.2070301  2.040881e+00  2.924493e-01  2.040974e+00  2.925299e-01  1.793417e+00  1.771564e-01  
   3.2280300  2.080243e+00  3.419111e-01  2.080329e+00  3.420027e-01  1.833156e+00  2.104232e-01  
   3.2490301  2.116510e+00  3.959318e-01  2.116589e+00  3.960348e-01  1.871928e+00  2.483326e-01  
   3.2700300  2.148994e+00  4.540678e-01  2.149063e+00  4.541822e-01  1.908992e+00  2.909627e-01  
   3.2910299  2.177097e+00  5.157314e-01  2.177155e+00  5.158569e-01  1.943563e+00  3.382472e-01  
   3.3110299  2.199366e+00  5.770927e-01  2.199413e+00  5.772285e-01  1.973444e+00  3.873982e-01  
   3.3320301  2.217727e+00  6.435308e-01  2.217761e+00  6.436768e-01  2.000890e+00  4.429473e-01  
   3.3536301  2.231107e+00  7.131550e-01  2.231128e+00  7.133111e-01  2.024216e+00  5.037029e-01  
   3.3736300  2.238551e+00  7.780150e-01  2.238560e+00  7.781796e-01  2.040845e+00  5.625513e-01  
   3.3946300  2.241447e+00  8.457761e-01  2.241444e+00  8.459491e-01  2.052769e+00  6.261942e-01  
   3.4156301  2.239643e+00  9.125172e-01  2.239628e+00  9.126983e-01  2.058814e+00  6.907998e-01  
   3.4366300  2.233598e+00  9.776753e-01  2.233572e+00  9.778638e-01  2.058973e+00  7.553680e-01  
   3.4576299  2.223838e+00  1.040832e+00  2.223802e+00  1.041028e+00  2.053465e+00  8.189041e-01  
   3.4776299  2.211598e+00  1.098868e+00  2.211554e+00  1.099070e+00  2.043344e+00  8.775982e-01  
   3.4986300  2.196173e+00  1.157456e+00  2.196122e+00  1.157665e+00  2.028191e+00  9.365245e-01  
   3.5196300  2.178602e+00  1.213614e+00  2.178545e+00  1.213830e+00  2.009160e+00  9.920192e-01  
   3.5406301  2.159307e+00  1.267418e+00  2.159243e+00  1.267639e+00  1.987130e+00  1.043602e+00  
   3.5616300  2.138618e+00  1.318994e+00  2.138549e+00  1.319221e+00  1.963025e+00  1.091005e+00  
   3.5826299  2.116774e+00  1.368496e+00  2.116701e+00  1.368727e+00  1.937766e+00  1.134182e+00  
   3.6026299  2.095043e+00  1.413847e+00  2.094966e+00  1.414081e+00  1.913416e+00  1.171524e+00  
   3.6236300  2.071344e+00  1.459690e+00  2.071265e+00  1.459927e+00  1.888247e+00  1.207093e+00  
   3.6446300  2.046805e+00  1.503780e+00  2.046723e+00  1.504017e+00  1.864060e+00  1.239410e+00  
   3.6656301  2.021482e+00  1.546128e+00  2.021398e+00  1.546365e+00  1.841261e+00  1.269051e+00  
   3.6866300  1.995457e+00  1.586700e+00  1.995372e+00  1.586934e+00  1.820071e+00  1.296625e+00  
   3.7076299  1.968864e+00  1.625424e+00  1.968780e+00  1.625653e+00  1.800540e+00  1.322724e+00  
   3.7276299  1.943195e+00  1.660509e+00  1.943112e+00  1.660731e+00  1.783396e+00  1.346687e+00  
   3.7486300  1.916153e+00  1.695393e+00  1.916073e+00  1.695608e+00  1.766739e+00  1.371313e+00  
   3.7702301  1.888619e+00  1.729151e+00  1.888543e+00  1.729357e+00  1.750796e+00  1.396374e+00  
   3.7902300  1.863780e+00  1.758519e+00  1.863710e+00  1.758717e+00  1.736879e+00  1.419486e+00  
   3.8112299  1.838845e+00  1.787520e+00  1.838781e+00  1.787711e+00  1.722955e+00  1.443706e+00  
   3.8322301  1.815580e+00  1.814871e+00  1.815524e+00  1.815055e+00  1.709629e+00  1.467834e+00  
   3.8532300  1.794479e+00  1.840929e+00  1.794434e+00  1.841109e+00  1.696905e+00  1.491778e+00  
   3.8742299  1.775994e+00  1.866184e+00  1.775958e+00  1.866364e+00  1.684902e+00  1.515447e+00  
   3.8942299  1.761158e+00  1.890057e+00  1.761133e+00  1.890240e+00  1.674352e+00  1.537690e+00  
   3.9152300  1.748720e+00  1.915643e+00  1.748707e+00  1.915830e+00  1.664501e+00  1.560764e+00  
   3.9362299  1.739589e+00  1.942585e+00  1.739587e+00  1.942783e+00  1.656268e+00  1.583714e+00  
   3.9572301  1.733669e+00  1.971803e+00  1.733677e+00  1.972015e+00  1.650020e+00  1.606845e+00  
   3.9782300  1.730648e+00  2.004247e+00  1.730665e+00  2.004478e+00  1.646080e+00  1.630622e+00  
   3.9992299  1.729986e+00  2.040870e+00  1.730011e+00  2.041121e+00  1.644677e+00  1.655664e+00  
   4.0192299  1.730845e+00  2.080458e+00  1.730876e+00  2.080732e+00  1.645778e+00  1.681378e+00  
   4.0402298  1.732358e+00  2.127733e+00  1.732392e+00  2.128033e+00  1.649399e+00  1.711160e+00  
   4.0612302  1.733320e+00  2.181489e+00  1.733355e+00  2.181815e+00  1.655239e+00  1.744701e+00  
   4.0822301  1.732371e+00  2.242163e+00  1.732403e+00  2.242515e+00  1.662743e+00  1.782934e+00  
   4.1032300  1.728025e+00  2.309947e+00  1.728049e+00  2.310323e+00  1.671109e+00  1.826757e+00  
   4.1242299  1.718729e+00  2.384756e+00  1.718742e+00  2.385155e+00  1.679281e+00  1.876959e+00  
   4.1442299  1.703847e+00  2.462190e+00  1.703846e+00  2.462606e+00  1.685703e+00  1.931274e+00  
   4.1652298  1.680452e+00  2.549344e+00  1.680431e+00  2.549775e+00  1.689584e+00  1.995516e+00  
   4.1868300  1.646655e+00  2.644252e+00  1.646610e+00  2.644691e+00  1.688805e+00  2.069417e+00  
   4.2068300  1.605432e+00  2.735747e+00  1.605361e+00  2.736188e+00  1.682133e+00  2.144712e+00  
   4.2278299  1.550920e+00  2.834164e+00  1.550818e+00  2.834604e+00  1.667249e+00  2.230302e+00  
   4.2488298  1.484195e+00  2.933392e+00  1.484059e+00  2.933821e+00  1.642609e+00  2.321616e+00  
   4.2698302  1.404813e+00  3.031679e+00  1.404642e+00  3.032093e+00  1.606663e+00  2.417284e+00  
   4.2908301  1.312631e+00  3.127177e+00  1.312423e+00  3.127571e+00  1.558112e+00  2.515554e+00  
   4.3108301  1.213073e+00  3.213824e+00  1.212829e+00  3.214193e+00  1.499285e+00  2.609684e+00  
   4.3318300  1.096600e+00  3.298473e+00  1.096318e+00  3.298812e+00  1.423797e+00  2.706867e+00  
   4.3528299  9.685990e-01  3.374836e+00  9.682795e-01  3.375143e+00  1.334221e+00  2.799943e+00  
   4.3738298  8.300412e-01  3.441158e+00  8.296862e-01  3.441428e+00  1.231059e+00  2.886410e+00  
   4.3948302  6.821416e-01  3.495792e+00  6.817537e-01  3.496025e+00  1.115346e+00  2.963857e+00  
   4.4158301  5.263557e-01  3.537239e+00  5.259374e-01  3.537433e+00  9.886472e-01  3.030075e+00  
   4.4358301  3.721701e-01  3.563243e+00  3.717268e-01  3.563403e+00  8.596017e-01  3.080977e+00  
   4.4568300  2.059439e-01  3.575348e+00  2.054791e-01  3.575472e+00  7.175798e-01  3.120240e+00  
   4.4778299  3.726528e-02  3.571045e+00  3.678421e-02  3.571134e+00  5.714416e-01  3.144015e+00  
   4.4988298  -1.317095e-01  3.549783e+00  -1.322012e-01  3.549840e+00  4.239085e-01  3.151858e+00  
   4.5198302  -2.987256e-01  3.511354e+00  -2.992215e-01  3.511381e+00  2.776741e-01  3.143871e+00  
   4.5408301  -4.614628e-01  3.455933e+00  -4.619564e-01  3.455931e+00  1.352850e-01  3.120676e+00  
   4.5608301  -6.103678e-01  3.387884e+00  -6.108534e-01  3.387859e+00  5.326583e-03  3.085432e+00  
   4.5818300  -7.581912e-01  3.301364e+00  -7.586622e-01  3.301316e+00  -1.233538e-01  3.036004e+00  
   4.6034298  -8.989835e-01  3.197747e+00  -8.994336e-01  3.197679e+00  -2.458425e-01  2.973680e+00  
   4.6234298  -1.017465e+00  3.090291e+00  -1.017891e+00  3.090205e+00  -3.493346e-01  2.907367e+00  
   4.6444302  -1.128125e+00  2.967642e+00  -1.128521e+00  2.967541e+00  -4.471144e-01  2.830742e+00  
   4.6654301  -1.223625e+00  2.837339e+00  -1.223988e+00  2.837223e+00  -5.335029e-01  2.748873e+00  
   4.6864300  -1.303329e+00  2.701986e+00  -1.303655e+00  2.701854e+00  -6.086077e-01  2.663613e+00  
   4.7074299  -1.367082e+00  2.564242e+00  -1.367371e+00  2.564098e+00  -6.728179e-01  2.576664e+00  
   4.7274299  -1.413268e+00  2.433213e+00  -1.413520e+00  2.433056e+00  -7.243927e-01  2.493668e+00  
   4.7484298  -1.447243e+00  2.298114e+00  -1.447456e+00  2.297947e+00  -7.692098e-01  2.407576e+00  
   4.7694302  -1.467474e+00  2.167662e+00  -1.467649e+00  2.167484e+00  -8.052925e-01  2.323626e+00  
   4.7904301  -1.475406e+00  2.043644e+00  -1.475544e+00  2.043455e+00  -8.335239e-01  2.242695e+00  
   4.8114300  -1.472686e+00  1.927435e+00  -1.472789e+00  1.927236e+00  -8.547959e-01  2.165449e+00  
   4.8324299  -1.461060e+00  1.819998e+00  -1.461128e+00  1.819789e+00  -8.699788e-01  2.092373e+00  
   4.8524299  -1.443305e+00  1.726346e+00  -1.443342e+00  1.726128e+00  -8.795362e-01  2.026947e+00  
   4.8734298  -1.419255e+00  1.637307e+00  -1.419260e+00  1.637079e+00  -8.851701e-01  1.962802e+00  
   4.8944302  -1.391176e+00  1.557686e+00  -1.391151e+00  1.557449e+00  -8.870010e-01  1.903377e+00  
   4.9154301  -1.360428e+00  1.487138e+00  -1.360375e+00  1.486891e+00  -8.856813e-01  1.848632e+00  
   4.9364300  -1.328171e+00  1.425128e+00  -1.328091e+00  1.424873e+00  -8.817981e-01  1.798443e+00  
   4.9574299  -1.295357e+00  1.371006e+00  -1.295250e+00  1.370742e+00  -8.758716e-01  1.752624e+00  
   4.9774299  -1.264281e+00  1.326136e+00  -1.264151e+00  1.325864e+00  -8.687462e-01  1.712835e+00  
   4.9984298  -1.232393e+00  1.285316e+00  -1.232238e+00  1.285037e+00  -8.600895e-01  1.674843e+00  
