w Re-xx Im-xx Re-yy Im-yy Re-zz Im-zz
# Gaussian absolute broadening  0.15 [eV]
   0.0000000  7.683709e-01  8.835687e-05  7.683733e-01  8.836266e-05  7.247545e-01  7.885132e-05  
   0.0200000  7.684709e-01  9.456384e-05  7.684731e-01  9.456992e-05  7.248436e-01  8.438798e-05  
   0.0410000  7.685897e-01  1.016368e-04  7.685921e-01  1.016432e-04  7.249495e-01  9.069702e-05  
   0.0620000  7.687249e-01  1.093152e-04  7.687274e-01  1.093219e-04  7.250702e-01  9.754595e-05  
   0.0830000  7.688786e-01  1.176329e-04  7.688809e-01  1.176398e-04  7.252073e-01  1.049649e-04  
   0.1040000  7.690527e-01  1.266193e-04  7.690551e-01  1.266264e-04  7.253629e-01  1.129800e-04  
   0.1240000  7.692396e-01  1.358208e-04  7.692421e-01  1.358281e-04  7.255296e-01  1.211866e-04  
   0.1450000  7.694604e-01  1.461726e-04  7.694628e-01  1.461800e-04  7.257265e-01  1.304186e-04  
   0.1660000  7.697082e-01  1.572379e-04  7.697104e-01  1.572454e-04  7.259475e-01  1.402864e-04  
   0.1870000  7.699849e-01  1.690131e-04  7.699873e-01  1.690209e-04  7.261944e-01  1.507866e-04  
   0.2080000  7.702929e-01  1.814839e-04  7.702952e-01  1.814918e-04  7.264693e-01  1.619060e-04  
   0.2290000  7.706338e-01  1.946248e-04  7.706364e-01  1.946330e-04  7.267736e-01  1.736219e-04  
   0.2490000  7.709908e-01  2.077310e-04  7.709934e-01  2.077394e-04  7.270920e-01  1.853053e-04  
   0.2700000  7.714007e-01  2.220709e-04  7.714031e-01  2.220797e-04  7.274576e-01  1.980872e-04  
   0.2910000  7.718471e-01  2.369542e-04  7.718498e-01  2.369636e-04  7.278557e-01  2.113515e-04  
   0.3120000  7.723317e-01  2.523274e-04  7.723341e-01  2.523374e-04  7.282878e-01  2.250501e-04  
   0.3330000  7.728539e-01  2.681353e-04  7.728565e-01  2.681460e-04  7.287539e-01  2.391335e-04  
   0.3540000  7.734149e-01  2.843243e-04  7.734174e-01  2.843361e-04  7.292539e-01  2.535538e-04  
   0.3740000  7.739849e-01  3.000518e-04  7.739874e-01  3.000645e-04  7.297623e-01  2.675596e-04  
   0.3950000  7.746208e-01  3.168471e-04  7.746235e-01  3.168611e-04  7.303293e-01  2.825132e-04  
   0.4160000  7.752950e-01  3.338937e-04  7.752978e-01  3.339092e-04  7.309306e-01  2.976864e-04  
   0.4374300  7.760236e-01  3.515163e-04  7.760264e-01  3.515334e-04  7.315800e-01  3.133684e-04  
   0.4574300  7.767386e-01  3.681470e-04  7.767414e-01  3.681657e-04  7.322175e-01  3.281634e-04  
   0.4784300  7.775270e-01  3.857836e-04  7.775298e-01  3.858040e-04  7.329202e-01  3.438487e-04  
   0.4994300  7.783538e-01  4.035868e-04  7.783565e-01  4.036090e-04  7.336568e-01  3.596771e-04  
   0.5204300  7.792185e-01  4.215495e-04  7.792214e-01  4.215736e-04  7.344273e-01  3.756422e-04  
   0.5414300  7.801217e-01  4.396683e-04  7.801244e-01  4.396940e-04  7.352322e-01  3.917403e-04  
   0.5614300  7.810177e-01  4.570688e-04  7.810208e-01  4.570962e-04  7.360305e-01  4.071954e-04  
   0.5824300  7.819968e-01  4.754936e-04  7.819996e-01  4.755226e-04  7.369027e-01  4.235539e-04  
   0.6034300  7.830142e-01  4.940793e-04  7.830173e-01  4.941098e-04  7.378091e-01  4.400492e-04  
   0.6244300  7.840718e-01  5.128314e-04  7.840748e-01  5.128628e-04  7.387508e-01  4.566858e-04  
   0.6454300  7.851688e-01  5.317552e-04  7.851719e-01  5.317874e-04  7.397274e-01  4.734678e-04  
   0.6664300  7.863057e-01  5.508567e-04  7.863089e-01  5.508897e-04  7.407397e-01  4.904008e-04  
   0.6864300  7.874256e-01  5.692201e-04  7.874290e-01  5.692536e-04  7.417368e-01  5.066725e-04  
   0.7074300  7.886419e-01  5.886889e-04  7.886451e-01  5.887225e-04  7.428191e-01  5.239164e-04  
   0.7284300  7.898990e-01  6.083556e-04  7.899022e-01  6.083892e-04  7.439378e-01  5.413282e-04  
   0.7494300  7.911977e-01  6.282286e-04  7.912011e-01  6.282621e-04  7.450935e-01  5.589149e-04  
   0.7704300  7.925379e-01  6.483148e-04  7.925416e-01  6.483482e-04  7.462859e-01  5.766821e-04  
   0.7914300  7.939211e-01  6.686228e-04  7.939247e-01  6.686559e-04  7.475161e-01  5.946367e-04  
   0.8114300  7.952776e-01  6.881772e-04  7.952809e-01  6.882097e-04  7.487223e-01  6.119168e-04  
   0.8324300  7.967445e-01  7.089420e-04  7.967480e-01  7.089743e-04  7.500265e-01  6.302580e-04  
   0.8540300  7.982994e-01  7.305582e-04  7.983030e-01  7.305904e-04  7.514088e-01  6.493415e-04  
   0.8740300  7.997806e-01  7.508152e-04  7.997843e-01  7.508474e-04  7.527251e-01  6.672158e-04  
   0.8950300  8.013797e-01  7.723447e-04  8.013834e-01  7.723771e-04  7.541461e-01  6.862033e-04  
   0.9160300  8.030244e-01  7.941505e-04  8.030283e-01  7.941836e-04  7.556070e-01  7.054238e-04  
   0.9370300  8.047147e-01  8.162427e-04  8.047188e-01  8.162767e-04  7.571086e-01  7.248862e-04  
   0.9580300  8.064520e-01  8.386323e-04  8.064561e-01  8.386676e-04  7.586513e-01  7.445993e-04  
   0.9780300  8.081509e-01  8.602428e-04  8.081549e-01  8.602797e-04  7.601594e-01  7.636154e-04  
   0.9990300  8.099815e-01  8.832451e-04  8.099855e-01  8.832842e-04  7.617843e-01  7.838451e-04  
   1.0200300  8.118606e-01  9.065789e-04  8.118650e-01  9.066201e-04  7.634516e-01  8.043531e-04  
   1.0410300  8.137894e-01  9.302556e-04  8.137938e-01  9.302993e-04  7.651627e-01  8.251498e-04  
   1.0620300  8.157685e-01  9.542871e-04  8.157730e-01  9.543338e-04  7.669181e-01  8.462454e-04  
   1.0830300  8.177987e-01  9.786865e-04  8.178030e-01  9.787356e-04  7.687178e-01  8.676488e-04  
   1.1030300  8.197797e-01  1.002276e-03  8.197843e-01  1.002329e-03  7.704741e-01  8.883303e-04  
   1.1240300  8.219113e-01  1.027430e-03  8.219158e-01  1.027485e-03  7.723629e-01  9.103671e-04  
   1.1450300  8.240958e-01  1.052991e-03  8.241006e-01  1.053048e-03  7.742984e-01  9.327446e-04  
   1.1660300  8.263348e-01  1.078971e-03  8.263397e-01  1.079032e-03  7.762812e-01  9.554744e-04  
   1.1870300  8.286287e-01  1.105386e-03  8.286336e-01  1.105449e-03  7.783124e-01  9.785680e-04  
   1.2080300  8.309783e-01  1.132253e-03  8.309836e-01  1.132317e-03  7.803922e-01  1.002038e-03  
   1.2280300  8.332687e-01  1.158272e-03  8.332739e-01  1.158338e-03  7.824185e-01  1.024752e-03  
   1.2490300  8.357298e-01  1.186063e-03  8.357351e-01  1.186131e-03  7.845959e-01  1.048996e-03  
   1.2706300  8.383234e-01  1.215170e-03  8.383287e-01  1.215239e-03  7.868890e-01  1.074367e-03  
   1.2906300  8.407807e-01  1.242609e-03  8.407863e-01  1.242678e-03  7.890611e-01  1.098267e-03  
   1.3116300  8.434207e-01  1.271945e-03  8.434261e-01  1.272014e-03  7.913943e-01  1.123798e-03  
   1.3326300  8.461223e-01  1.301836e-03  8.461283e-01  1.301905e-03  7.937811e-01  1.149793e-03  
   1.3536299  8.488874e-01  1.332304e-03  8.488935e-01  1.332373e-03  7.962227e-01  1.176268e-03  
   1.3746300  8.517173e-01  1.363372e-03  8.517236e-01  1.363441e-03  7.987207e-01  1.203242e-03  
   1.3946300  8.544741e-01  1.393538e-03  8.544803e-01  1.393607e-03  8.011533e-01  1.229411e-03  
   1.4156300  8.574340e-01  1.425841e-03  8.574404e-01  1.425910e-03  8.037640e-01  1.257412e-03  
   1.4366300  8.604625e-01  1.458812e-03  8.604690e-01  1.458881e-03  8.064345e-01  1.285968e-03  
   1.4576300  8.635615e-01  1.492476e-03  8.635683e-01  1.492546e-03  8.091657e-01  1.315099e-03  
   1.4786299  8.667322e-01  1.526859e-03  8.667389e-01  1.526930e-03  8.119589e-01  1.344826e-03  
   1.4996300  8.699760e-01  1.561990e-03  8.699830e-01  1.562061e-03  8.148155e-01  1.375171e-03  
   1.5196300  8.731341e-01  1.596165e-03  8.731412e-01  1.596238e-03  8.175953e-01  1.404667e-03  
   1.5406300  8.765251e-01  1.632834e-03  8.765324e-01  1.632908e-03  8.205788e-01  1.436286e-03  
   1.5616300  8.799937e-01  1.670336e-03  8.800013e-01  1.670412e-03  8.236293e-01  1.468593e-03  
   1.5826300  8.835419e-01  1.708703e-03  8.835497e-01  1.708781e-03  8.267482e-01  1.501614e-03  
   1.6036299  8.871718e-01  1.747968e-03  8.871799e-01  1.748049e-03  8.299374e-01  1.535376e-03  
   1.6246300  8.908850e-01  1.788169e-03  8.908928e-01  1.788252e-03  8.331981e-01  1.569908e-03  
   1.6446300  8.945002e-01  1.827358e-03  8.945083e-01  1.827443e-03  8.363714e-01  1.603538e-03  
   1.6656300  8.983811e-01  1.869493e-03  8.983898e-01  1.869581e-03  8.397760e-01  1.639660e-03  
   1.6872300  9.024669e-01  1.913929e-03  9.024757e-01  1.914021e-03  8.433585e-01  1.677718e-03  
   1.7072300  9.063362e-01  1.956110e-03  9.063454e-01  1.956204e-03  8.467495e-01  1.713805e-03  
   1.7282300  9.104907e-01  2.001514e-03  9.104999e-01  2.001612e-03  8.503884e-01  1.752611e-03  
   1.7492300  9.147417e-01  2.048111e-03  9.147511e-01  2.048212e-03  8.541098e-01  1.792395e-03  
   1.7702301  9.190921e-01  2.095953e-03  9.191017e-01  2.096057e-03  8.579155e-01  1.833200e-03  
   1.7912300  9.235440e-01  2.145097e-03  9.235539e-01  2.145206e-03  8.618083e-01  1.875069e-03  
   1.8112299  9.278817e-01  2.193165e-03  9.278915e-01  2.193278e-03  8.655984e-01  1.915981e-03  
   1.8322300  9.325404e-01  2.245026e-03  9.325508e-01  2.245143e-03  8.696674e-01  1.960074e-03  
   1.8532300  9.373103e-01  2.298375e-03  9.373209e-01  2.298497e-03  8.738305e-01  2.005386e-03  
   1.8742300  9.421943e-01  2.353285e-03  9.422050e-01  2.353413e-03  8.780903e-01  2.051974e-03  
   1.8952301  9.471952e-01  2.409834e-03  9.472064e-01  2.409968e-03  8.824494e-01  2.099901e-03  
   1.9162300  9.523172e-01  2.468103e-03  9.523288e-01  2.468243e-03  8.869103e-01  2.149233e-03  
   1.9362299  9.573100e-01  2.525280e-03  9.573219e-01  2.525425e-03  8.912563e-01  2.197590e-03  
   1.9572300  9.626773e-01  2.587175e-03  9.626895e-01  2.587328e-03  8.959243e-01  2.249883e-03  
   1.9782300  9.681767e-01  2.651079e-03  9.681894e-01  2.651239e-03  9.007042e-01  2.303816e-03  
   1.9992300  9.738110e-01  2.717110e-03  9.738243e-01  2.717278e-03  9.055977e-01  2.359482e-03  
   2.0202301  9.795865e-01  2.785395e-03  9.795997e-01  2.785571e-03  9.106094e-01  2.416987e-03  
   2.0412300  9.855058e-01  2.856073e-03  9.855192e-01  2.856258e-03  9.157419e-01  2.476446e-03  
   2.0612299  9.912817e-01  2.925756e-03  9.912956e-01  2.925948e-03  9.207464e-01  2.535008e-03  
   2.0822301  9.974973e-01  3.001577e-03  9.975114e-01  3.001778e-03  9.261273e-01  2.598670e-03  
   2.1038301  1.004057e+00  3.082600e-03  1.004073e+00  3.082811e-03  9.318013e-01  2.666639e-03  
   2.1238301  1.010287e+00  3.160565e-03  1.010303e+00  3.160785e-03  9.371848e-01  2.731991e-03  
   2.1448300  1.016996e+00  3.245704e-03  1.017012e+00  3.245934e-03  9.429767e-01  2.803309e-03  
   2.1658299  1.023882e+00  3.334453e-03  1.023898e+00  3.334693e-03  9.489166e-01  2.877612e-03  
   2.1868300  1.030953e+00  3.427106e-03  1.030970e+00  3.427358e-03  9.550095e-01  2.955151e-03  
   2.2078300  1.038215e+00  3.523976e-03  1.038232e+00  3.524239e-03  9.612612e-01  3.036200e-03  
   2.2278299  1.045317e+00  3.620477e-03  1.045334e+00  3.620752e-03  9.673683e-01  3.116932e-03  
   2.2488301  1.052976e+00  3.726627e-03  1.052994e+00  3.726915e-03  9.739472e-01  3.205740e-03  
   2.2698300  1.060849e+00  3.838129e-03  1.060868e+00  3.838430e-03  9.807034e-01  3.299044e-03  
   2.2908299  1.068946e+00  3.955445e-03  1.068966e+00  3.955764e-03  9.876444e-01  3.397242e-03  
   2.3118300  1.077278e+00  4.079074e-03  1.077298e+00  4.079408e-03  9.947765e-01  3.500770e-03  
   2.3328300  1.085852e+00  4.209553e-03  1.085873e+00  4.209904e-03  1.002108e+00  3.610101e-03  
   2.3528299  1.094255e+00  4.340729e-03  1.094277e+00  4.341101e-03  1.009284e+00  3.720090e-03  
   2.3738301  1.103336e+00  4.486334e-03  1.103358e+00  4.486725e-03  1.017028e+00  3.842284e-03  
   2.3948300  1.112695e+00  4.640678e-03  1.112718e+00  4.641094e-03  1.024998e+00  3.971949e-03  
   2.4158299  1.122343e+00  4.804519e-03  1.122366e+00  4.804961e-03  1.033203e+00  4.109773e-03  
   2.4368300  1.132295e+00  4.978685e-03  1.132319e+00  4.979154e-03  1.041654e+00  4.256505e-03  
   2.4578300  1.142567e+00  5.164084e-03  1.142592e+00  5.164582e-03  1.050362e+00  4.412983e-03  
   2.4778299  1.152660e+00  5.352020e-03  1.152686e+00  5.352550e-03  1.058906e+00  4.571914e-03  
   2.4988301  1.163602e+00  5.562376e-03  1.163629e+00  5.562940e-03  1.068153e+00  4.750208e-03  
   2.5204301  1.175247e+00  5.793994e-03  1.175275e+00  5.794601e-03  1.077974e+00  4.947007e-03  
   2.5404301  1.186399e+00  6.023620e-03  1.186428e+00  6.024271e-03  1.087361e+00  5.142615e-03  
   2.5614300  1.198516e+00  6.282101e-03  1.198545e+00  6.282800e-03  1.097540e+00  5.363339e-03  
   2.5824299  1.211073e+00  6.560387e-03  1.211104e+00  6.561144e-03  1.108067e+00  5.601516e-03  
   2.6034300  1.224101e+00  6.860964e-03  1.224133e+00  6.861779e-03  1.118962e+00  5.859226e-03  
   2.6244299  1.237630e+00  7.186873e-03  1.237664e+00  7.187755e-03  1.130247e+00  6.138912e-03  
   2.6444299  1.251013e+00  7.524318e-03  1.251048e+00  7.525270e-03  1.141382e+00  6.428414e-03  
   2.6654301  1.265627e+00  7.911747e-03  1.265663e+00  7.912781e-03  1.153503e+00  6.760127e-03  
   2.6864300  1.280855e+00  8.339352e-03  1.280894e+00  8.340477e-03  1.166095e+00  7.124616e-03  
   2.7074299  1.296752e+00  8.815540e-03  1.296791e+00  8.816767e-03  1.179192e+00  7.527476e-03  
   2.7284300  1.313369e+00  9.351615e-03  1.313411e+00  9.352956e-03  1.192830e+00  7.975836e-03  
   2.7494299  1.330771e+00  9.962821e-03  1.330814e+00  9.964304e-03  1.207050e+00  8.478871e-03  
   2.7694299  1.348137e+00  1.063372e-02  1.348183e+00  1.063537e-02  1.221178e+00  9.019658e-03  
   2.7904301  1.367283e+00  1.145836e-02  1.367331e+00  1.146021e-02  1.236673e+00  9.667091e-03  
   2.8114300  1.387449e+00  1.244343e-02  1.387499e+00  1.244554e-02  1.252902e+00  1.041576e-02  
   2.8324299  1.408736e+00  1.363986e-02  1.408789e+00  1.364233e-02  1.269930e+00  1.129166e-02  
   2.8534300  1.431255e+00  1.511568e-02  1.431311e+00  1.511861e-02  1.287826e+00  1.232842e-02  
   2.8744299  1.455124e+00  1.696050e-02  1.455183e+00  1.696405e-02  1.306667e+00  1.356940e-02  
   2.8944299  1.479228e+00  1.916678e-02  1.479291e+00  1.917111e-02  1.325569e+00  1.499185e-02  
   2.9154301  1.506102e+00  2.209734e-02  1.506169e+00  2.210277e-02  1.346506e+00  1.680548e-02  
   2.9370301  1.535550e+00  2.596011e-02  1.535621e+00  2.596703e-02  1.369307e+00  1.910474e-02  
   2.9570301  1.564559e+00  3.051708e-02  1.564634e+00  3.052580e-02  1.391657e+00  2.172927e-02  
   2.9780300  1.596916e+00  3.658155e-02  1.596995e+00  3.659271e-02  1.416503e+00  2.512999e-02  
   2.9990301  1.631282e+00  4.427272e-02  1.631366e+00  4.428701e-02  1.442856e+00  2.935514e-02  
   3.0200300  1.667678e+00  5.395685e-02  1.667767e+00  5.397505e-02  1.470803e+00  3.460473e-02  
   3.0410299  1.706060e+00  6.604108e-02  1.706155e+00  6.606409e-02  1.500413e+00  4.111635e-02  
   3.0610299  1.744356e+00  8.018143e-02  1.744455e+00  8.020995e-02  1.530201e+00  4.874429e-02  
   3.0820301  1.786195e+00  9.822690e-02  1.786298e+00  9.826223e-02  1.563151e+00  5.855452e-02  
   3.1030300  1.829396e+00  1.199889e-01  1.829503e+00  1.200321e-01  1.597769e+00  7.055573e-02  
   3.1240301  1.873547e+00  1.458872e-01  1.873658e+00  1.459395e-01  1.633950e+00  8.513026e-02  
   3.1450300  1.918123e+00  1.762833e-01  1.918237e+00  1.763456e-01  1.671505e+00  1.026798e-01  
   3.1660299  1.962503e+00  2.114536e-01  1.962619e+00  2.115266e-01  1.710163e+00  1.236113e-01  
   3.1860299  2.003946e+00  2.495375e-01  2.004062e+00  2.496213e-01  1.747664e+00  1.470490e-01  
   3.2070301  2.045868e+00  2.943703e-01  2.045983e+00  2.944658e-01  1.787307e+00  1.756766e-01  
   3.2280300  2.085389e+00  3.440419e-01  2.085501e+00  3.441491e-01  1.826658e+00  2.087038e-01  
   3.2490301  2.121746e+00  3.982682e-01  2.121853e+00  3.983864e-01  1.865064e+00  2.463269e-01  
   3.2700300  2.154232e+00  4.566035e-01  2.154333e+00  4.567320e-01  1.901794e+00  2.886198e-01  
   3.2910299  2.182241e+00  5.184600e-01  2.182334e+00  5.185975e-01  1.936079e+00  3.355123e-01  
   3.3110299  2.204323e+00  5.800006e-01  2.204408e+00  5.801454e-01  1.965747e+00  3.842372e-01  
   3.3320301  2.222385e+00  6.466258e-01  2.222461e+00  6.467766e-01  1.993046e+00  4.392833e-01  
   3.3536301  2.235354e+00  7.164462e-01  2.235417e+00  7.166013e-01  2.016315e+00  4.994647e-01  
   3.3736300  2.242334e+00  7.814979e-01  2.242386e+00  7.816552e-01  2.032989e+00  5.577352e-01  
   3.3946300  2.244675e+00  8.494783e-01  2.244715e+00  8.496360e-01  2.045071e+00  6.207323e-01  
   3.4156301  2.242270e+00  9.164645e-01  2.242296e+00  9.166217e-01  2.051387e+00  6.846642e-01  
   3.4366300  2.235602e+00  9.819027e-01  2.235615e+00  9.820582e-01  2.051934e+00  7.485461e-01  
   3.4576299  2.225227e+00  1.045378e+00  2.225228e+00  1.045531e+00  2.046925e+00  8.114015e-01  
   3.4776299  2.212435e+00  1.103759e+00  2.212424e+00  1.103910e+00  2.037369e+00  8.694710e-01  
   3.4986300  2.196492e+00  1.162753e+00  2.196468e+00  1.162902e+00  2.022892e+00  9.277850e-01  
   3.5196300  2.178486e+00  1.219362e+00  2.178450e+00  1.219510e+00  2.004603e+00  9.827316e-01  
   3.5406301  2.158856e+00  1.273655e+00  2.158809e+00  1.273802e+00  1.983356e+00  1.033849e+00  
   3.5616300  2.137943e+00  1.325752e+00  2.137884e+00  1.325899e+00  1.960054e+00  1.080883e+00  
   3.5826299  2.115988e+00  1.375797e+00  2.115918e+00  1.375945e+00  1.935595e+00  1.123801e+00  
   3.6026299  2.094251e+00  1.421674e+00  2.094171e+00  1.421824e+00  1.911982e+00  1.161003e+00  
   3.6236300  2.070636e+00  1.468069e+00  2.070546e+00  1.468221e+00  1.887545e+00  1.196545e+00  
   3.6446300  2.046249e+00  1.512696e+00  2.046151e+00  1.512852e+00  1.864031e+00  1.228959e+00  
   3.6656301  2.021116e+00  1.555560e+00  2.021009e+00  1.555719e+00  1.841836e+00  1.258818e+00  
   3.6866300  1.995281e+00  1.596612e+00  1.995167e+00  1.596774e+00  1.821172e+00  1.286729e+00  
   3.7076299  1.968831e+00  1.635774e+00  1.968711e+00  1.635938e+00  1.802085e+00  1.313279e+00  
   3.7276299  1.943211e+00  1.671229e+00  1.943085e+00  1.671394e+00  1.785287e+00  1.337771e+00  
   3.7486300  1.916081e+00  1.706443e+00  1.915953e+00  1.706608e+00  1.768915e+00  1.363050e+00  
   3.7702301  1.888262e+00  1.740465e+00  1.888133e+00  1.740629e+00  1.753182e+00  1.388875e+00  
   3.7902300  1.862947e+00  1.769999e+00  1.862819e+00  1.770162e+00  1.739390e+00  1.412767e+00  
   3.8112299  1.837268e+00  1.799079e+00  1.837141e+00  1.799241e+00  1.725530e+00  1.437866e+00  
   3.8322301  1.812995e+00  1.826398e+00  1.812870e+00  1.826555e+00  1.712207e+00  1.462916e+00  
   3.8532300  1.790631e+00  1.852295e+00  1.790511e+00  1.852450e+00  1.699428e+00  1.487807e+00  
   3.8742299  1.770650e+00  1.877244e+00  1.770536e+00  1.877398e+00  1.687323e+00  1.512423e+00  
   3.8942299  1.754211e+00  1.900685e+00  1.754103e+00  1.900838e+00  1.676639e+00  1.535545e+00  
   3.9152300  1.739961e+00  1.925660e+00  1.739859e+00  1.925812e+00  1.666615e+00  1.559502e+00  
   3.9362299  1.728953e+00  1.951838e+00  1.728859e+00  1.951993e+00  1.658182e+00  1.583267e+00  
   3.9572301  1.721170e+00  1.980146e+00  1.721083e+00  1.980305e+00  1.651716e+00  1.607130e+00  
   3.9782300  1.716380e+00  2.011559e+00  1.716300e+00  2.011724e+00  1.647546e+00  1.631541e+00  
   3.9992299  1.714121e+00  2.047056e+00  1.714047e+00  2.047230e+00  1.645903e+00  1.657109e+00  
   4.0192299  1.713679e+00  2.085517e+00  1.713610e+00  2.085703e+00  1.646770e+00  1.683221e+00  
   4.0402298  1.714109e+00  2.131590e+00  1.714042e+00  2.131789e+00  1.650138e+00  1.713314e+00  
   4.0612302  1.714313e+00  2.184160e+00  1.714246e+00  2.184375e+00  1.655717e+00  1.747060e+00  
   4.0822301  1.712947e+00  2.243704e+00  1.712878e+00  2.243935e+00  1.662950e+00  1.785403e+00  
   4.1032300  1.708523e+00  2.310443e+00  1.708449e+00  2.310691e+00  1.671032e+00  1.829252e+00  
   4.1242299  1.699472e+00  2.384318e+00  1.699387e+00  2.384581e+00  1.678906e+00  1.879412e+00  
   4.1442299  1.685091e+00  2.460974e+00  1.684993e+00  2.461252e+00  1.685031e+00  1.933638e+00  
   4.1652298  1.662461e+00  2.547442e+00  1.662346e+00  2.547732e+00  1.688588e+00  1.997750e+00  
   4.1868300  1.629655e+00  2.641779e+00  1.629519e+00  2.642078e+00  1.687472e+00  2.071498e+00  
   4.2068300  1.589491e+00  2.732864e+00  1.589331e+00  2.733168e+00  1.680489e+00  2.146644e+00  
   4.2278299  1.536191e+00  2.830967e+00  1.536003e+00  2.831270e+00  1.665296e+00  2.232092e+00  
   4.2488298  1.470744e+00  2.929988e+00  1.470526e+00  2.930287e+00  1.640381e+00  2.323285e+00  
   4.2698302  1.392678e+00  3.028172e+00  1.392427e+00  3.028462e+00  1.604209e+00  2.418867e+00  
   4.2908301  1.301831e+00  3.123667e+00  1.301546e+00  3.123943e+00  1.555501e+00  2.517097e+00  
   4.3108301  1.203554e+00  3.210400e+00  1.203236e+00  3.210659e+00  1.496604e+00  2.611237e+00  
   4.3318300  1.088436e+00  3.295239e+00  1.088082e+00  3.295476e+00  1.421137e+00  2.708487e+00  
   4.3528299  9.618051e-01  3.371895e+00  9.614155e-01  3.372109e+00  1.331691e+00  2.801688e+00  
   4.3738298  8.246381e-01  3.438617e+00  8.242139e-01  3.438808e+00  1.228769e+00  2.888344e+00  
   4.3948302  6.781555e-01  3.493763e+00  6.776981e-01  3.493930e+00  1.113404e+00  2.966042e+00  
   4.4158301  5.238144e-01  3.535828e+00  5.233265e-01  3.535972e+00  9.871538e-01  3.032568e+00  
   4.4358301  3.710267e-01  3.562516e+00  3.705120e-01  3.562640e+00  8.586134e-01  3.083814e+00  
   4.4568300  2.062789e-01  3.575418e+00  2.057397e-01  3.575522e+00  7.171854e-01  3.123490e+00  
   4.4778299  3.907099e-02  3.571970e+00  3.851125e-02  3.572060e+00  5.716822e-01  3.147725e+00  
   4.4988298  -1.284670e-01  3.551590e+00  -1.290428e-01  3.551668e+00  4.247982e-01  3.156070e+00  
   4.5198302  -2.941103e-01  3.514031e+00  -2.946975e-01  3.514100e+00  2.791981e-01  3.148619e+00  
   4.5408301  -4.555721e-01  3.459428e+00  -4.561656e-01  3.459488e+00  1.373990e-01  3.125987e+00  
   4.5608301  -6.033819e-01  3.392067e+00  -6.039771e-01  3.392125e+00  7.936289e-03  3.091291e+00  
   4.5818300  -7.502084e-01  3.306140e+00  -7.508012e-01  3.306196e+00  -1.203180e-01  3.042439e+00  
   4.6034298  -8.901637e-01  3.202961e+00  -8.907495e-01  3.203017e+00  -2.424916e-01  2.980688e+00  
   4.6234298  -1.008055e+00  3.095731e+00  -1.008631e+00  3.095788e+00  -3.458194e-01  2.914868e+00  
   4.6444302  -1.118293e+00  2.973123e+00  -1.118858e+00  2.973182e+00  -4.435691e-01  2.838702e+00  
   4.6654301  -1.213574e+00  2.842658e+00  -1.214123e+00  2.842720e+00  -5.300771e-01  2.757205e+00  
   4.6864300  -1.293248e+00  2.706947e+00  -1.293782e+00  2.707012e+00  -6.054474e-01  2.672210e+00  
   4.7074299  -1.357146e+00  2.568676e+00  -1.357664e+00  2.568743e+00  -6.700580e-01  2.585402e+00  
   4.7274299  -1.403610e+00  2.437007e+00  -1.404112e+00  2.437076e+00  -7.221226e-01  2.502412e+00  
   4.7484298  -1.437996e+00  2.301127e+00  -1.438482e+00  2.301197e+00  -7.675446e-01  2.416185e+00  
   4.7694302  -1.458733e+00  2.169811e+00  -1.459204e+00  2.169881e+00  -8.042958e-01  2.331962e+00  
   4.7904301  -1.467235e+00  2.044882e+00  -1.467691e+00  2.044950e+00  -8.332279e-01  2.250628e+00  
   4.8114300  -1.465119e+00  1.927745e+00  -1.465561e+00  1.927810e+00  -8.552001e-01  2.172868e+00  
   4.8324299  -1.454107e+00  1.819389e+00  -1.454534e+00  1.819448e+00  -8.710510e-01  2.099191e+00  
   4.8524299  -1.436925e+00  1.724889e+00  -1.437340e+00  1.724941e+00  -8.811892e-01  2.033138e+00  
   4.8734298  -1.413447e+00  1.635004e+00  -1.413846e+00  1.635046e+00  -8.873512e-01  1.968304e+00  
   4.8944302  -1.385895e+00  1.554593e+00  -1.386279e+00  1.554625e+00  -8.896081e-01  1.908191e+00  
   4.9154301  -1.355621e+00  1.483318e+00  -1.355989e+00  1.483337e+00  -8.885992e-01  1.852786e+00  
   4.9364300  -1.323776e+00  1.420648e+00  -1.324128e+00  1.420653e+00  -8.849035e-01  1.801990e+00  
   4.9574299  -1.291312e+00  1.365933e+00  -1.291646e+00  1.365922e+00  -8.790389e-01  1.755638e+00  
   4.9774299  -1.260512e+00  1.320559e+00  -1.260827e+00  1.320533e+00  -8.718571e-01  1.715426e+00  
   4.9984298  -1.228852e+00  1.279270e+00  -1.229147e+00  1.279228e+00  -8.630256e-01  1.677091e+00  
