w Re-xx Im-xx Re-yy Im-yy Re-zz Im-zz
# Gaussian absolute broadening  0.15 [eV]
   0.0000000  7.681099e-01  8.826312e-05  7.681158e-01  8.826466e-05  7.253293e-01  7.902175e-05  
   0.0200000  7.682096e-01  9.446310e-05  7.682155e-01  9.446497e-05  7.254188e-01  8.457167e-05  
   0.0410000  7.683287e-01  1.015281e-04  7.683343e-01  1.015304e-04  7.255249e-01  9.089569e-05  
   0.0620000  7.684634e-01  1.091981e-04  7.684692e-01  1.092009e-04  7.256458e-01  9.776087e-05  
   0.0830000  7.686169e-01  1.175067e-04  7.686226e-01  1.175101e-04  7.257833e-01  1.051973e-04  
   0.1040000  7.687911e-01  1.264835e-04  7.687970e-01  1.264875e-04  7.259394e-01  1.132311e-04  
   0.1240000  7.689777e-01  1.356752e-04  7.689835e-01  1.356798e-04  7.261064e-01  1.214567e-04  
   0.1450000  7.691982e-01  1.460161e-04  7.692038e-01  1.460216e-04  7.263037e-01  1.307101e-04  
   0.1660000  7.694455e-01  1.570700e-04  7.694514e-01  1.570762e-04  7.265251e-01  1.406006e-04  
   0.1870000  7.697220e-01  1.688332e-04  7.697276e-01  1.688404e-04  7.267727e-01  1.511248e-04  
   0.2080000  7.700298e-01  1.812913e-04  7.700356e-01  1.812993e-04  7.270482e-01  1.622696e-04  
   0.2290000  7.703705e-01  1.944192e-04  7.703763e-01  1.944281e-04  7.273532e-01  1.740121e-04  
   0.2490000  7.707271e-01  2.075124e-04  7.707329e-01  2.075220e-04  7.276721e-01  1.857221e-04  
   0.2700000  7.711365e-01  2.218383e-04  7.711422e-01  2.218487e-04  7.280384e-01  1.985329e-04  
   0.2910000  7.715827e-01  2.367074e-04  7.715886e-01  2.367183e-04  7.284378e-01  2.118274e-04  
   0.3120000  7.720665e-01  2.520657e-04  7.720724e-01  2.520771e-04  7.288708e-01  2.255571e-04  
   0.3330000  7.725883e-01  2.678583e-04  7.725942e-01  2.678701e-04  7.293380e-01  2.396726e-04  
   0.3540000  7.731487e-01  2.840320e-04  7.731544e-01  2.840440e-04  7.298391e-01  2.541258e-04  
   0.3740000  7.737182e-01  2.997442e-04  7.737241e-01  2.997564e-04  7.303485e-01  2.681637e-04  
   0.3950000  7.743535e-01  3.165233e-04  7.743593e-01  3.165356e-04  7.309171e-01  2.831520e-04  
   0.4160000  7.750271e-01  3.335535e-04  7.750329e-01  3.335656e-04  7.315195e-01  2.983605e-04  
   0.4374300  7.757547e-01  3.511590e-04  7.757607e-01  3.511712e-04  7.321703e-01  3.140791e-04  
   0.4574300  7.764691e-01  3.677733e-04  7.764752e-01  3.677857e-04  7.328092e-01  3.289091e-04  
   0.4784300  7.772567e-01  3.853925e-04  7.772627e-01  3.854050e-04  7.335137e-01  3.446318e-04  
   0.4994300  7.780826e-01  4.031777e-04  7.780887e-01  4.031907e-04  7.342522e-01  3.604984e-04  
   0.5204300  7.789465e-01  4.211220e-04  7.789528e-01  4.211357e-04  7.350244e-01  3.765024e-04  
   0.5414300  7.798488e-01  4.392219e-04  7.798549e-01  4.392365e-04  7.358311e-01  3.926404e-04  
   0.5614300  7.807438e-01  4.566043e-04  7.807501e-01  4.566198e-04  7.366313e-01  4.081339e-04  
   0.5824300  7.817218e-01  4.750092e-04  7.817279e-01  4.750262e-04  7.375054e-01  4.245338e-04  
   0.6034300  7.827383e-01  4.935745e-04  7.827446e-01  4.935931e-04  7.384139e-01  4.410712e-04  
   0.6244300  7.837945e-01  5.123057e-04  7.838010e-01  5.123262e-04  7.393578e-01  4.577505e-04  
   0.6454300  7.848904e-01  5.312079e-04  7.848970e-01  5.312304e-04  7.403368e-01  4.745762e-04  
   0.6664300  7.860264e-01  5.502880e-04  7.860329e-01  5.503122e-04  7.413515e-01  4.915535e-04  
   0.6864300  7.871452e-01  5.686301e-04  7.871518e-01  5.686562e-04  7.423509e-01  5.078681e-04  
   0.7074300  7.883601e-01  5.880756e-04  7.883670e-01  5.881038e-04  7.434359e-01  5.251575e-04  
   0.7284300  7.896157e-01  6.077191e-04  7.896225e-01  6.077491e-04  7.445573e-01  5.426155e-04  
   0.7494300  7.909132e-01  6.275682e-04  7.909200e-01  6.276000e-04  7.457156e-01  5.602487e-04  
   0.7704300  7.922520e-01  6.476305e-04  7.922588e-01  6.476638e-04  7.469108e-01  5.780630e-04  
   0.7914300  7.936336e-01  6.679137e-04  7.936405e-01  6.679486e-04  7.481440e-01  5.960656e-04  
   0.8114300  7.949886e-01  6.874443e-04  7.949957e-01  6.874804e-04  7.493532e-01  6.133919e-04  
   0.8324300  7.964540e-01  7.081838e-04  7.964611e-01  7.082211e-04  7.506603e-01  6.317820e-04  
   0.8540300  7.980072e-01  7.297737e-04  7.980141e-01  7.298118e-04  7.520459e-01  6.509169e-04  
   0.8740300  7.994868e-01  7.500055e-04  7.994940e-01  7.500449e-04  7.533656e-01  6.688394e-04  
   0.8950300  8.010842e-01  7.715087e-04  8.010913e-01  7.715493e-04  7.547900e-01  6.878787e-04  
   0.9160300  8.027269e-01  7.932875e-04  8.027341e-01  7.933292e-04  7.562546e-01  7.071520e-04  
   0.9370300  8.044158e-01  8.153524e-04  8.044232e-01  8.153956e-04  7.577599e-01  7.266683e-04  
   0.9580300  8.061511e-01  8.377138e-04  8.061585e-01  8.377585e-04  7.593063e-01  7.464370e-04  
   0.9780300  8.078481e-01  8.592973e-04  8.078557e-01  8.593434e-04  7.608182e-01  7.655073e-04  
   0.9990300  8.096769e-01  8.822710e-04  8.096843e-01  8.823186e-04  7.624471e-01  7.857956e-04  
   1.0200300  8.115538e-01  9.055753e-04  8.115615e-01  9.056244e-04  7.641187e-01  8.063638e-04  
   1.0410300  8.134804e-01  9.292215e-04  8.134882e-01  9.292724e-04  7.658340e-01  8.272224e-04  
   1.0620300  8.154573e-01  9.532222e-04  8.154653e-01  9.532747e-04  7.675938e-01  8.483814e-04  
   1.0830300  8.174852e-01  9.775902e-04  8.174930e-01  9.776442e-04  7.693982e-01  8.698507e-04  
   1.1030300  8.194640e-01  1.001150e-03  8.194721e-01  1.001205e-03  7.711588e-01  8.905963e-04  
   1.1240300  8.215929e-01  1.026270e-03  8.216012e-01  1.026328e-03  7.730528e-01  9.127031e-04  
   1.1450300  8.237754e-01  1.051797e-03  8.237838e-01  1.051855e-03  7.749931e-01  9.351528e-04  
   1.1660300  8.260116e-01  1.077743e-03  8.260200e-01  1.077802e-03  7.769812e-01  9.579568e-04  
   1.1870300  8.283029e-01  1.104123e-03  8.283113e-01  1.104182e-03  7.790177e-01  9.811266e-04  
   1.2080300  8.306499e-01  1.130952e-03  8.306584e-01  1.131013e-03  7.811030e-01  1.004675e-03  
   1.2280300  8.329374e-01  1.156935e-03  8.329461e-01  1.156997e-03  7.831347e-01  1.027467e-03  
   1.2490300  8.353959e-01  1.184687e-03  8.354047e-01  1.184749e-03  7.853177e-01  1.051794e-03  
   1.2706300  8.379863e-01  1.213752e-03  8.379952e-01  1.213816e-03  7.876170e-01  1.077254e-03  
   1.2906300  8.404407e-01  1.241152e-03  8.404497e-01  1.241216e-03  7.897953e-01  1.101237e-03  
   1.3116300  8.430776e-01  1.270444e-03  8.430867e-01  1.270509e-03  7.921346e-01  1.126860e-03  
   1.3326300  8.457763e-01  1.300291e-03  8.457855e-01  1.300357e-03  7.945278e-01  1.152949e-03  
   1.3536299  8.485380e-01  1.330714e-03  8.485476e-01  1.330780e-03  7.969764e-01  1.179520e-03  
   1.3746300  8.513647e-01  1.361734e-03  8.513741e-01  1.361802e-03  7.994812e-01  1.206594e-03  
   1.3946300  8.541178e-01  1.391854e-03  8.541277e-01  1.391922e-03  8.019204e-01  1.232862e-03  
   1.4156300  8.570743e-01  1.424106e-03  8.570842e-01  1.424176e-03  8.045384e-01  1.260969e-03  
   1.4366300  8.600994e-01  1.457025e-03  8.601093e-01  1.457097e-03  8.072165e-01  1.289634e-03  
   1.4576300  8.631944e-01  1.490636e-03  8.632046e-01  1.490709e-03  8.099556e-01  1.318878e-03  
   1.4786299  8.663612e-01  1.524964e-03  8.663715e-01  1.525039e-03  8.127570e-01  1.348723e-03  
   1.4996300  8.696007e-01  1.560037e-03  8.696112e-01  1.560114e-03  8.156218e-01  1.379190e-03  
   1.5196300  8.727553e-01  1.594157e-03  8.727657e-01  1.594236e-03  8.184100e-01  1.408807e-03  
   1.5406300  8.761417e-01  1.630766e-03  8.761525e-01  1.630847e-03  8.214023e-01  1.440557e-03  
   1.5616300  8.796061e-01  1.668206e-03  8.796171e-01  1.668289e-03  8.244619e-01  1.473001e-03  
   1.5826300  8.831497e-01  1.706508e-03  8.831609e-01  1.706595e-03  8.275901e-01  1.506165e-03  
   1.6036299  8.867749e-01  1.745709e-03  8.867865e-01  1.745797e-03  8.307889e-01  1.540076e-03  
   1.6246300  8.904833e-01  1.785841e-03  8.904950e-01  1.785932e-03  8.340596e-01  1.574766e-03  
   1.6446300  8.940933e-01  1.824963e-03  8.941052e-01  1.825055e-03  8.372427e-01  1.608554e-03  
   1.6656300  8.979693e-01  1.867025e-03  8.979815e-01  1.867120e-03  8.406580e-01  1.644852e-03  
   1.6872300  9.020495e-01  1.911386e-03  9.020619e-01  1.911483e-03  8.442520e-01  1.683102e-03  
   1.7072300  9.059139e-01  1.953491e-03  9.059266e-01  1.953591e-03  8.476537e-01  1.719381e-03  
   1.7282300  9.100630e-01  1.998815e-03  9.100756e-01  1.998917e-03  8.513047e-01  1.758405e-03  
   1.7492300  9.143084e-01  2.045329e-03  9.143214e-01  2.045432e-03  8.550381e-01  1.798426e-03  
   1.7702301  9.186522e-01  2.093083e-03  9.186653e-01  2.093190e-03  8.588564e-01  1.839489e-03  
   1.7912300  9.230983e-01  2.142137e-03  9.231117e-01  2.142246e-03  8.627623e-01  1.881646e-03  
   1.8112299  9.274297e-01  2.190116e-03  9.274435e-01  2.190227e-03  8.665655e-01  1.922859e-03  
   1.8322300  9.320825e-01  2.241877e-03  9.320966e-01  2.241991e-03  8.706486e-01  1.967304e-03  
   1.8532300  9.368455e-01  2.295123e-03  9.368597e-01  2.295241e-03  8.748261e-01  2.013010e-03  
   1.8742300  9.417226e-01  2.349926e-03  9.417372e-01  2.350047e-03  8.791010e-01  2.060040e-03  
   1.8952301  9.467166e-01  2.406362e-03  9.467313e-01  2.406487e-03  8.834758e-01  2.108464e-03  
   1.9162300  9.518309e-01  2.464513e-03  9.518462e-01  2.464643e-03  8.879528e-01  2.158355e-03  
   1.9362299  9.568164e-01  2.521572e-03  9.568317e-01  2.521707e-03  8.923149e-01  2.207309e-03  
   1.9572300  9.621759e-01  2.583340e-03  9.621915e-01  2.583481e-03  8.970008e-01  2.260305e-03  
   1.9782300  9.676673e-01  2.647114e-03  9.676835e-01  2.647261e-03  9.017984e-01  2.315031e-03  
   1.9992300  9.732931e-01  2.713012e-03  9.733095e-01  2.713166e-03  9.067112e-01  2.371591e-03  
   2.0202301  9.790597e-01  2.781165e-03  9.790767e-01  2.781325e-03  9.117426e-01  2.430105e-03  
   2.0412300  9.849703e-01  2.851715e-03  9.849876e-01  2.851883e-03  9.168956e-01  2.490704e-03  
   2.0612299  9.907373e-01  2.921281e-03  9.907550e-01  2.921458e-03  9.219204e-01  2.550495e-03  
   2.0822301  9.969433e-01  2.996994e-03  9.969614e-01  2.997180e-03  9.273233e-01  2.615616e-03  
   2.1038301  1.003493e+00  3.077927e-03  1.003512e+00  3.078123e-03  9.330214e-01  2.685299e-03  
   2.1238301  1.009713e+00  3.155835e-03  1.009732e+00  3.156040e-03  9.384282e-01  2.752459e-03  
   2.1448300  1.016412e+00  3.240951e-03  1.016431e+00  3.241166e-03  9.442451e-01  2.825941e-03  
   2.1658299  1.023287e+00  3.329727e-03  1.023306e+00  3.329956e-03  9.502112e-01  2.902718e-03  
   2.1868300  1.030347e+00  3.422471e-03  1.030367e+00  3.422710e-03  9.563312e-01  2.983088e-03  
   2.2078300  1.037596e+00  3.519507e-03  1.037617e+00  3.519760e-03  9.626116e-01  3.067370e-03  
   2.2278299  1.044687e+00  3.616255e-03  1.044708e+00  3.616521e-03  9.687468e-01  3.151603e-03  
   2.2488301  1.052333e+00  3.722771e-03  1.052354e+00  3.723052e-03  9.753570e-01  3.244583e-03  
   2.2698300  1.060192e+00  3.834769e-03  1.060215e+00  3.835066e-03  9.821452e-01  3.342623e-03  
   2.2908299  1.068277e+00  3.952736e-03  1.068299e+00  3.953049e-03  9.891199e-01  3.446188e-03  
   2.3118300  1.076594e+00  4.077186e-03  1.076617e+00  4.077516e-03  9.962879e-01  3.555776e-03  
   2.3328300  1.085153e+00  4.208686e-03  1.085178e+00  4.209035e-03  1.003656e+00  3.671935e-03  
   2.3528299  1.093541e+00  4.341041e-03  1.093565e+00  4.341410e-03  1.010868e+00  3.789216e-03  
   2.3738301  1.102605e+00  4.488125e-03  1.102631e+00  4.488513e-03  1.018652e+00  3.919970e-03  
   2.3948300  1.111946e+00  4.644225e-03  1.111972e+00  4.644638e-03  1.026664e+00  4.059209e-03  
   2.4158299  1.121576e+00  4.810126e-03  1.121603e+00  4.810562e-03  1.034912e+00  4.207708e-03  
   2.4368300  1.131509e+00  4.986686e-03  1.131537e+00  4.987146e-03  1.043407e+00  4.366318e-03  
   2.4578300  1.141760e+00  5.174836e-03  1.141788e+00  5.175329e-03  1.052162e+00  4.535968e-03  
   2.4778299  1.151832e+00  5.365756e-03  1.151862e+00  5.366278e-03  1.060751e+00  4.708743e-03  
   2.4988301  1.162752e+00  5.579653e-03  1.162782e+00  5.580210e-03  1.070048e+00  4.903020e-03  
   2.5204301  1.174370e+00  5.815374e-03  1.174401e+00  5.815972e-03  1.079921e+00  5.117917e-03  
   2.5404301  1.185497e+00  6.049240e-03  1.185529e+00  6.049879e-03  1.089359e+00  5.331867e-03  
   2.5614300  1.197585e+00  6.312646e-03  1.197618e+00  6.313333e-03  1.099593e+00  5.573582e-03  
   2.5824299  1.210111e+00  6.596357e-03  1.210146e+00  6.597094e-03  1.110175e+00  5.834616e-03  
   2.6034300  1.223106e+00  6.902853e-03  1.223142e+00  6.903651e-03  1.121128e+00  6.117150e-03  
   2.6244299  1.236599e+00  7.235167e-03  1.236636e+00  7.236030e-03  1.132473e+00  6.423711e-03  
   2.6444299  1.249945e+00  7.579140e-03  1.249984e+00  7.580076e-03  1.143665e+00  6.740808e-03  
   2.6654301  1.264516e+00  7.973820e-03  1.264556e+00  7.974832e-03  1.155850e+00  7.103689e-03  
   2.6864300  1.279699e+00  8.408988e-03  1.279741e+00  8.410098e-03  1.168507e+00  7.501686e-03  
   2.7074299  1.295545e+00  8.892943e-03  1.295588e+00  8.894155e-03  1.181671e+00  7.940505e-03  
   2.7284300  1.312108e+00  9.436771e-03  1.312153e+00  9.438109e-03  1.195379e+00  8.427393e-03  
   2.7494299  1.329450e+00  1.005548e-02  1.329497e+00  1.005697e-02  1.209672e+00  8.971683e-03  
   2.7694299  1.346754e+00  1.073295e-02  1.346803e+00  1.073459e-02  1.223871e+00  9.554476e-03  
   2.7904301  1.365828e+00  1.156338e-02  1.365879e+00  1.156523e-02  1.239447e+00  1.024913e-02  
   2.8114300  1.385914e+00  1.255242e-02  1.385968e+00  1.255454e-02  1.255762e+00  1.104859e-02  
   2.8324299  1.407112e+00  1.375009e-02  1.407169e+00  1.375253e-02  1.272881e+00  1.197936e-02  
   2.8534300  1.429531e+00  1.522315e-02  1.429591e+00  1.522601e-02  1.290876e+00  1.307582e-02  
   2.8744299  1.453288e+00  1.705959e-02  1.453350e+00  1.706299e-02  1.309825e+00  1.438226e-02  
   2.8944299  1.477271e+00  1.925077e-02  1.477337e+00  1.925483e-02  1.328838e+00  1.587355e-02  
   2.9154301  1.504000e+00  2.215549e-02  1.504069e+00  2.216045e-02  1.349905e+00  1.776781e-02  
   2.9370301  1.533276e+00  2.597772e-02  1.533350e+00  2.598388e-02  1.372855e+00  2.016097e-02  
   2.9570301  1.562103e+00  3.048105e-02  1.562181e+00  3.048862e-02  1.395358e+00  2.288456e-02  
   2.9780300  1.594241e+00  3.646837e-02  1.594324e+00  3.647784e-02  1.420382e+00  2.640455e-02  
   2.9990301  1.628357e+00  4.405645e-02  1.628444e+00  4.406829e-02  1.446934e+00  3.076778e-02  
   3.0200300  1.664467e+00  5.360652e-02  1.664559e+00  5.362130e-02  1.475101e+00  3.617789e-02  
   3.0410299  1.702527e+00  6.552078e-02  1.702625e+00  6.553914e-02  1.504956e+00  4.287639e-02  
   3.0610299  1.740481e+00  7.946160e-02  1.740584e+00  7.948407e-02  1.534999e+00  5.071066e-02  
   3.0820301  1.781925e+00  9.725421e-02  1.782032e+00  9.728170e-02  1.568239e+00  6.077139e-02  
   3.1030300  1.824699e+00  1.187161e-01  1.824811e+00  1.187495e-01  1.603171e+00  7.306172e-02  
   3.1240301  1.868398e+00  1.442657e-01  1.868514e+00  1.443057e-01  1.639688e+00  8.796777e-02  
   3.1450300  1.912508e+00  1.742647e-01  1.912627e+00  1.743120e-01  1.677599e+00  1.058943e-01  
   3.1660299  1.956424e+00  2.089917e-01  1.956544e+00  2.090470e-01  1.716628e+00  1.272505e-01  
   3.1860299  1.997439e+00  2.466140e-01  1.997559e+00  2.466773e-01  1.754491e+00  1.511380e-01  
   3.2070301  2.038950e+00  2.909258e-01  2.039069e+00  2.909980e-01  1.794518e+00  1.802847e-01  
   3.2280300  2.078120e+00  3.400454e-01  2.078236e+00  3.401266e-01  1.834255e+00  2.138769e-01  
   3.2490301  2.114211e+00  3.936947e-01  2.114324e+00  3.937849e-01  1.873037e+00  2.521068e-01  
   3.2700300  2.146538e+00  4.514340e-01  2.146646e+00  4.515327e-01  1.910130e+00  2.950426e-01  
   3.2910299  2.174517e+00  5.126790e-01  2.174617e+00  5.127864e-01  1.944754e+00  3.426057e-01  
   3.3110299  2.196702e+00  5.736250e-01  2.196795e+00  5.737400e-01  1.974719e+00  3.919861e-01  
   3.3320301  2.215026e+00  6.396121e-01  2.215110e+00  6.397342e-01  2.002297e+00  4.477273e-01  
   3.3536301  2.228429e+00  7.087587e-01  2.228505e+00  7.088877e-01  2.025811e+00  5.086178e-01  
   3.3736300  2.235960e+00  7.731664e-01  2.236028e+00  7.733011e-01  2.042671e+00  5.675262e-01  
   3.3946300  2.239023e+00  8.404446e-01  2.239082e+00  8.405848e-01  2.054901e+00  6.311601e-01  
   3.4156301  2.237470e+00  9.066989e-01  2.237522e+00  9.068447e-01  2.061316e+00  6.956811e-01  
   3.4366300  2.231760e+00  9.713737e-01  2.231806e+00  9.715242e-01  2.061908e+00  7.600906e-01  
   3.4576299  2.222422e+00  1.034060e+00  2.222463e+00  1.034216e+00  2.056888e+00  8.233999e-01  
   3.4776299  2.210661e+00  1.091674e+00  2.210698e+00  1.091835e+00  2.047268e+00  8.818234e-01  
   3.4986300  2.195812e+00  1.149863e+00  2.195847e+00  1.150029e+00  2.032665e+00  9.404199e-01  
   3.5196300  2.178877e+00  1.205692e+00  2.178909e+00  1.205863e+00  2.014187e+00  9.955522e-01  
   3.5406301  2.160261e+00  1.259259e+00  2.160292e+00  1.259437e+00  1.992686e+00  1.046756e+00  
   3.5616300  2.140272e+00  1.310720e+00  2.140301e+00  1.310904e+00  1.969065e+00  1.093778e+00  
   3.5826299  2.119129e+00  1.360253e+00  2.119155e+00  1.360443e+00  1.944219e+00  1.136587e+00  
   3.6026299  2.098037e+00  1.405789e+00  2.098061e+00  1.405983e+00  1.920179e+00  1.173601e+00  
   3.6236300  2.074957e+00  1.452005e+00  2.074978e+00  1.452204e+00  1.895235e+00  1.208861e+00  
   3.6446300  2.050953e+00  1.496657e+00  2.050970e+00  1.496860e+00  1.871159e+00  1.240910e+00  
   3.6656301  2.026056e+00  1.539757e+00  2.026067e+00  1.539961e+00  1.848356e+00  1.270327e+00  
   3.6866300  2.000322e+00  1.581251e+00  2.000327e+00  1.581456e+00  1.827052e+00  1.297724e+00  
   3.7076299  1.973861e+00  1.621045e+00  1.973860e+00  1.621249e+00  1.807303e+00  1.323687e+00  
   3.7276299  1.948151e+00  1.657255e+00  1.948145e+00  1.657456e+00  1.789867e+00  1.347555e+00  
   3.7486300  1.920879e+00  1.693389e+00  1.920866e+00  1.693586e+00  1.772832e+00  1.372111e+00  
   3.7702301  1.892898e+00  1.728453e+00  1.892878e+00  1.728644e+00  1.756434e+00  1.397120e+00  
   3.7902300  1.867452e+00  1.758999e+00  1.867428e+00  1.759185e+00  1.742056e+00  1.420193e+00  
   3.8112299  1.841686e+00  1.789152e+00  1.841660e+00  1.789332e+00  1.727616e+00  1.444369e+00  
   3.8322301  1.817409e+00  1.817521e+00  1.817381e+00  1.817695e+00  1.713754e+00  1.468436e+00  
   3.8532300  1.795141e+00  1.844416e+00  1.795112e+00  1.844587e+00  1.700483e+00  1.492291e+00  
   3.8742299  1.775365e+00  1.870296e+00  1.775338e+00  1.870463e+00  1.687934e+00  1.515827e+00  
   3.8942299  1.759223e+00  1.894542e+00  1.759200e+00  1.894709e+00  1.676872e+00  1.537892e+00  
   3.9152300  1.745380e+00  1.920280e+00  1.745361e+00  1.920448e+00  1.666501e+00  1.560719e+00  
   3.9362299  1.734856e+00  1.947134e+00  1.734843e+00  1.947306e+00  1.657775e+00  1.583352e+00  
   3.9572301  1.727603e+00  1.976039e+00  1.727595e+00  1.976218e+00  1.651074e+00  1.606098e+00  
   3.9782300  1.723350e+00  2.007981e+00  1.723348e+00  2.008170e+00  1.646734e+00  1.629423e+00  
   3.9992299  1.721594e+00  2.043956e+00  1.721599e+00  2.044158e+00  1.644996e+00  1.653958e+00  
   4.0192299  1.721563e+00  2.082839e+00  1.721571e+00  2.083055e+00  1.645850e+00  1.679153e+00  
   4.0402298  1.722311e+00  2.129336e+00  1.722321e+00  2.129568e+00  1.649301e+00  1.708369e+00  
   4.0612302  1.722687e+00  2.182334e+00  1.722695e+00  2.182581e+00  1.655069e+00  1.741345e+00  
   4.0822301  1.721320e+00  2.242324e+00  1.721322e+00  2.242587e+00  1.662607e+00  1.779043e+00  
   4.1032300  1.716705e+00  2.309546e+00  1.716698e+00  2.309824e+00  1.671117e+00  1.822380e+00  
   4.1242299  1.707268e+00  2.383957e+00  1.707246e+00  2.384244e+00  1.679540e+00  1.872170e+00  
   4.1442299  1.692344e+00  2.461185e+00  1.692302e+00  2.461479e+00  1.686298e+00  1.926180e+00  
   4.1652298  1.668975e+00  2.548320e+00  1.668908e+00  2.548619e+00  1.690624e+00  1.990204e+00  
   4.1868300  1.635255e+00  2.643415e+00  1.635157e+00  2.643712e+00  1.690387e+00  2.064001e+00  
   4.2068300  1.594129e+00  2.735257e+00  1.593998e+00  2.735547e+00  1.684273e+00  2.139307e+00  
   4.2278299  1.539731e+00  2.834192e+00  1.539563e+00  2.834468e+00  1.670012e+00  2.225023e+00  
   4.2488298  1.473127e+00  2.934057e+00  1.472918e+00  2.934314e+00  1.646007e+00  2.316566e+00  
   4.2698302  1.393874e+00  3.033056e+00  1.393621e+00  3.033287e+00  1.610672e+00  2.412550e+00  
   4.2908301  1.301832e+00  3.129291e+00  1.301537e+00  3.129494e+00  1.562677e+00  2.511211e+00  
   4.3108301  1.202430e+00  3.216618e+00  1.202094e+00  3.216790e+00  1.504293e+00  2.605762e+00  
   4.3318300  1.086159e+00  3.301919e+00  1.085782e+00  3.302058e+00  1.429143e+00  2.703417e+00  
   4.3528299  9.584172e-01  3.378831e+00  9.580026e-01  3.378937e+00  1.339745e+00  2.796972e+00  
   4.3738298  8.201973e-01  3.445573e+00  8.197480e-01  3.445644e+00  1.236569e+00  2.883906e+00  
   4.3948302  6.727321e-01  3.500484e+00  6.722533e-01  3.500523e+00  1.120632e+00  2.961787e+00  
   4.4158301  5.174949e-01  3.542061e+00  5.169919e-01  3.542071e+00  9.934868e-01  3.028388e+00  
   4.4358301  3.639499e-01  3.568063e+00  3.634293e-01  3.568049e+00  8.638126e-01  3.079593e+00  
   4.4568300  1.985268e-01  3.580047e+00  1.979940e-01  3.580011e+00  7.209296e-01  3.119101e+00  
   4.4778299  3.078443e-02  3.575526e+00  3.024602e-02  3.575475e+00  5.737513e-01  3.143037e+00  
   4.4988298  -1.371302e-01  3.553977e+00  -1.376671e-01  3.553915e+00  4.250380e-01  3.150954e+00  
   4.5198302  -3.029796e-01  3.515220e+00  -3.035084e-01  3.515150e+00  2.775316e-01  3.142953e+00  
   4.5408301  -4.644700e-01  3.459450e+00  -4.649838e-01  3.459376e+00  1.338342e-01  3.119659e+00  
   4.5608301  -6.121431e-01  3.391065e+00  -6.126369e-01  3.390989e+00  2.649929e-03  3.084244e+00  
   4.5818300  -7.586614e-01  3.304200e+00  -7.591287e-01  3.304125e+00  -1.272407e-01  3.034563e+00  
   4.6034298  -8.981400e-01  3.200238e+00  -8.985747e-01  3.200164e+00  -2.508358e-01  2.971905e+00  
   4.6234298  -1.015465e+00  3.092465e+00  -1.015866e+00  3.092395e+00  -3.551842e-01  2.905225e+00  
   4.6444302  -1.125006e+00  2.969484e+00  -1.125368e+00  2.969415e+00  -4.536543e-01  2.828164e+00  
   4.6654301  -1.219509e+00  2.838837e+00  -1.219830e+00  2.838771e+00  -5.404965e-01  2.745813e+00  
   4.6864300  -1.298356e+00  2.703120e+00  -1.298633e+00  2.703053e+00  -6.158087e-01  2.660035e+00  
   4.7074299  -1.361399e+00  2.564988e+00  -1.361635e+00  2.564921e+00  -6.799842e-01  2.572541e+00  
   4.7274299  -1.407046e+00  2.433563e+00  -1.407243e+00  2.433493e+00  -7.313150e-01  2.489009e+00  
   4.7484298  -1.440589e+00  2.298023e+00  -1.440747e+00  2.297949e+00  -7.756787e-01  2.402343e+00  
   4.7694302  -1.460513e+00  2.167107e+00  -1.460633e+00  2.167028e+00  -8.111374e-01  2.317819e+00  
   4.7904301  -1.468242e+00  2.042610e+00  -1.468328e+00  2.042526e+00  -8.386104e-01  2.236319e+00  
   4.8114300  -1.465402e+00  1.925918e+00  -1.465458e+00  1.925825e+00  -8.590261e-01  2.158518e+00  
   4.8324299  -1.453715e+00  1.818001e+00  -1.453743e+00  1.817900e+00  -8.732896e-01  2.084905e+00  
   4.8524299  -1.435940e+00  1.723904e+00  -1.435945e+00  1.723794e+00  -8.819415e-01  2.018991e+00  
   4.8734298  -1.411888e+00  1.634417e+00  -1.411872e+00  1.634298e+00  -8.866180e-01  1.954360e+00  
   4.8944302  -1.383812e+00  1.554375e+00  -1.383777e+00  1.554246e+00  -8.875049e-01  1.894478e+00  
   4.9154301  -1.353058e+00  1.483435e+00  -1.353007e+00  1.483296e+00  -8.852696e-01  1.839310e+00  
   4.9364300  -1.320775e+00  1.421068e+00  -1.320710e+00  1.420919e+00  -8.805083e-01  1.788733e+00  
   4.9574299  -1.287906e+00  1.366622e+00  -1.287829e+00  1.366462e+00  -8.737466e-01  1.742558e+00  
   4.9774299  -1.256748e+00  1.321474e+00  -1.256660e+00  1.321306e+00  -8.658670e-01  1.702465e+00  
   4.9984298  -1.224736e+00  1.280395e+00  -1.224639e+00  1.280217e+00  -8.564612e-01  1.664186e+00  
