w Re-xx Im-xx Re-yy Im-yy Re-zz Im-zz
# Gaussian absolute broadening  0.15 [eV]
   0.0000000  7.692564e-01  8.866128e-05  7.692525e-01  8.866327e-05  7.243673e-01  7.867905e-05  
   0.0200000  7.693567e-01  9.489014e-05  7.693529e-01  9.489257e-05  7.244561e-01  8.420469e-05  
   0.0410000  7.694758e-01  1.019882e-04  7.694719e-01  1.019912e-04  7.245619e-01  9.050105e-05  
   0.0620000  7.696116e-01  1.096941e-04  7.696079e-01  1.096977e-04  7.246824e-01  9.733599e-05  
   0.0830000  7.697660e-01  1.180418e-04  7.697620e-01  1.180461e-04  7.248194e-01  1.047397e-04  
   0.1040000  7.699407e-01  1.270607e-04  7.699366e-01  1.270659e-04  7.249743e-01  1.127381e-04  
   0.1240000  7.701283e-01  1.362958e-04  7.701244e-01  1.363018e-04  7.251408e-01  1.209274e-04  
   0.1450000  7.703499e-01  1.466854e-04  7.703459e-01  1.466925e-04  7.253371e-01  1.301398e-04  
   0.1660000  7.705982e-01  1.577917e-04  7.705944e-01  1.577999e-04  7.255579e-01  1.399864e-04  
   0.1870000  7.708759e-01  1.696106e-04  7.708721e-01  1.696201e-04  7.258042e-01  1.504638e-04  
   0.2080000  7.711852e-01  1.821279e-04  7.711814e-01  1.821386e-04  7.260785e-01  1.615591e-04  
   0.2290000  7.715274e-01  1.953182e-04  7.715235e-01  1.953303e-04  7.263821e-01  1.732492e-04  
   0.2490000  7.718857e-01  2.084738e-04  7.718820e-01  2.084870e-04  7.266998e-01  1.849069e-04  
   0.2700000  7.722970e-01  2.228681e-04  7.722933e-01  2.228827e-04  7.270645e-01  1.976605e-04  
   0.2910000  7.727451e-01  2.378082e-04  7.727413e-01  2.378241e-04  7.274619e-01  2.108953e-04  
   0.3120000  7.732314e-01  2.532403e-04  7.732276e-01  2.532572e-04  7.278929e-01  2.245632e-04  
   0.3330000  7.737554e-01  2.691088e-04  7.737519e-01  2.691268e-04  7.283581e-01  2.386151e-04  
   0.3540000  7.743186e-01  2.853606e-04  7.743149e-01  2.853795e-04  7.288571e-01  2.530030e-04  
   0.3740000  7.748907e-01  3.011487e-04  7.748868e-01  3.011683e-04  7.293643e-01  2.669774e-04  
   0.3950000  7.755290e-01  3.180093e-04  7.755254e-01  3.180295e-04  7.299302e-01  2.818973e-04  
   0.4160000  7.762058e-01  3.351225e-04  7.762023e-01  3.351430e-04  7.305302e-01  2.970365e-04  
   0.4374300  7.769370e-01  3.528142e-04  7.769333e-01  3.528348e-04  7.311781e-01  3.126830e-04  
   0.4574300  7.776546e-01  3.695104e-04  7.776512e-01  3.695312e-04  7.318143e-01  3.274448e-04  
   0.4784300  7.784460e-01  3.872167e-04  7.784425e-01  3.872374e-04  7.325156e-01  3.430946e-04  
   0.4994300  7.792757e-01  4.050908e-04  7.792723e-01  4.051111e-04  7.332506e-01  3.588873e-04  
   0.5204300  7.801436e-01  4.231253e-04  7.801402e-01  4.231451e-04  7.340195e-01  3.748164e-04  
   0.5414300  7.810501e-01  4.413168e-04  7.810465e-01  4.413360e-04  7.348224e-01  3.908781e-04  
   0.5614300  7.819497e-01  4.587881e-04  7.819463e-01  4.588066e-04  7.356191e-01  4.062981e-04  
   0.5824300  7.829323e-01  4.772879e-04  7.829289e-01  4.773056e-04  7.364892e-01  4.226197e-04  
   0.6034300  7.839537e-01  4.959498e-04  7.839504e-01  4.959665e-04  7.373937e-01  4.390776e-04  
   0.6244300  7.850149e-01  5.147794e-04  7.850116e-01  5.147950e-04  7.383333e-01  4.556763e-04  
   0.6454300  7.861162e-01  5.337821e-04  7.861130e-01  5.337966e-04  7.393081e-01  4.724201e-04  
   0.6664300  7.872576e-01  5.529638e-04  7.872544e-01  5.529774e-04  7.403182e-01  4.893143e-04  
   0.6864300  7.883818e-01  5.714048e-04  7.883788e-01  5.714176e-04  7.413129e-01  5.055486e-04  
   0.7074300  7.896025e-01  5.909565e-04  7.895995e-01  5.909684e-04  7.423928e-01  5.227524e-04  
   0.7284300  7.908645e-01  6.107077e-04  7.908614e-01  6.107190e-04  7.435091e-01  5.401236e-04  
   0.7494300  7.921683e-01  6.306669e-04  7.921652e-01  6.306774e-04  7.446619e-01  5.576686e-04  
   0.7704300  7.935138e-01  6.508410e-04  7.935112e-01  6.508513e-04  7.458519e-01  5.753931e-04  
   0.7914300  7.949023e-01  6.712387e-04  7.948993e-01  6.712489e-04  7.470791e-01  5.933046e-04  
   0.8114300  7.962639e-01  6.908801e-04  7.962613e-01  6.908905e-04  7.482828e-01  6.105427e-04  
   0.8324300  7.977366e-01  7.117382e-04  7.977338e-01  7.117491e-04  7.495840e-01  6.288385e-04  
   0.8540300  7.992977e-01  7.334528e-04  7.992951e-01  7.334645e-04  7.509630e-01  6.478745e-04  
   0.8740300  8.007845e-01  7.538029e-04  8.007821e-01  7.538156e-04  7.522765e-01  6.657037e-04  
   0.8950300  8.023901e-01  7.754323e-04  8.023877e-01  7.754466e-04  7.536942e-01  6.846427e-04  
   0.9160300  8.040413e-01  7.973408e-04  8.040389e-01  7.973567e-04  7.551519e-01  7.038138e-04  
   0.9370300  8.057387e-01  8.195383e-04  8.057365e-01  8.195562e-04  7.566500e-01  7.232258e-04  
   0.9580300  8.074830e-01  8.420359e-04  8.074808e-01  8.420558e-04  7.581890e-01  7.428874e-04  
   0.9780300  8.091886e-01  8.637516e-04  8.091866e-01  8.637738e-04  7.596937e-01  7.618537e-04  
   0.9990300  8.110266e-01  8.868679e-04  8.110245e-01  8.868927e-04  7.613147e-01  7.820296e-04  
   1.0200300  8.129135e-01  9.103181e-04  8.129116e-01  9.103458e-04  7.629785e-01  8.024834e-04  
   1.0410300  8.148503e-01  9.341146e-04  8.148485e-01  9.341455e-04  7.646856e-01  8.232242e-04  
   1.0620300  8.168378e-01  9.582697e-04  8.168358e-01  9.583035e-04  7.664366e-01  8.442626e-04  
   1.0830300  8.188761e-01  9.827957e-04  8.188745e-01  9.828330e-04  7.682322e-01  8.656085e-04  
   1.1030300  8.208656e-01  1.006510e-03  8.208638e-01  1.006551e-03  7.699842e-01  8.862329e-04  
   1.1240300  8.230061e-01  1.031797e-03  8.230045e-01  1.031842e-03  7.718689e-01  9.082095e-04  
   1.1450300  8.252000e-01  1.057495e-03  8.251987e-01  1.057543e-03  7.737998e-01  9.305257e-04  
   1.1660300  8.274486e-01  1.083618e-03  8.274472e-01  1.083669e-03  7.757779e-01  9.531925e-04  
   1.1870300  8.297523e-01  1.110180e-03  8.297511e-01  1.110234e-03  7.778041e-01  9.762222e-04  
   1.2080300  8.321122e-01  1.137196e-03  8.321111e-01  1.137254e-03  7.798790e-01  9.996273e-04  
   1.2280300  8.344124e-01  1.163364e-03  8.344114e-01  1.163424e-03  7.819005e-01  1.022278e-03  
   1.2490300  8.368845e-01  1.191315e-03  8.368838e-01  1.191378e-03  7.840723e-01  1.046453e-03  
   1.2706300  8.394895e-01  1.220593e-03  8.394886e-01  1.220659e-03  7.863600e-01  1.071753e-03  
   1.2906300  8.419577e-01  1.248194e-03  8.419572e-01  1.248263e-03  7.885271e-01  1.095584e-03  
   1.3116300  8.446097e-01  1.277706e-03  8.446091e-01  1.277777e-03  7.908543e-01  1.121043e-03  
   1.3326300  8.473235e-01  1.307781e-03  8.473232e-01  1.307853e-03  7.932351e-01  1.146963e-03  
   1.3536299  8.501017e-01  1.338439e-03  8.501012e-01  1.338513e-03  7.956710e-01  1.173362e-03  
   1.3746300  8.529444e-01  1.369703e-03  8.529444e-01  1.369779e-03  7.981626e-01  1.200258e-03  
   1.3946300  8.557141e-01  1.400063e-03  8.557139e-01  1.400140e-03  8.005889e-01  1.226351e-03  
   1.4156300  8.586878e-01  1.432577e-03  8.586882e-01  1.432656e-03  8.031933e-01  1.254271e-03  
   1.4366300  8.617308e-01  1.465768e-03  8.617312e-01  1.465847e-03  8.058571e-01  1.282743e-03  
   1.4576300  8.648446e-01  1.499660e-03  8.648450e-01  1.499741e-03  8.085814e-01  1.311788e-03  
   1.4786299  8.680305e-01  1.534281e-03  8.680311e-01  1.534363e-03  8.113676e-01  1.341428e-03  
   1.4996300  8.712901e-01  1.569658e-03  8.712911e-01  1.569741e-03  8.142169e-01  1.371684e-03  
   1.5196300  8.744642e-01  1.604079e-03  8.744652e-01  1.604164e-03  8.169895e-01  1.401093e-03  
   1.5406300  8.778718e-01  1.641016e-03  8.778729e-01  1.641102e-03  8.199654e-01  1.432618e-03  
   1.5616300  8.813579e-01  1.678798e-03  8.813593e-01  1.678885e-03  8.230082e-01  1.464831e-03  
   1.5826300  8.849244e-01  1.717457e-03  8.849259e-01  1.717547e-03  8.261192e-01  1.497756e-03  
   1.6036299  8.885731e-01  1.757028e-03  8.885749e-01  1.757119e-03  8.293001e-01  1.531421e-03  
   1.6246300  8.923052e-01  1.797549e-03  8.923072e-01  1.797643e-03  8.325525e-01  1.565855e-03  
   1.6446300  8.959396e-01  1.837056e-03  8.959417e-01  1.837154e-03  8.357172e-01  1.599393e-03  
   1.6656300  8.998412e-01  1.879543e-03  8.998435e-01  1.879643e-03  8.391133e-01  1.635420e-03  
   1.6872300  9.039489e-01  1.924362e-03  9.039518e-01  1.924465e-03  8.426864e-01  1.673381e-03  
   1.7072300  9.078394e-01  1.966915e-03  9.078424e-01  1.967021e-03  8.460685e-01  1.709383e-03  
   1.7282300  9.120172e-01  2.012734e-03  9.120201e-01  2.012843e-03  8.496980e-01  1.748106e-03  
   1.7492300  9.162921e-01  2.059771e-03  9.162955e-01  2.059884e-03  8.534096e-01  1.787817e-03  
   1.7702301  9.206672e-01  2.108085e-03  9.206706e-01  2.108203e-03  8.572055e-01  1.828560e-03  
   1.7912300  9.251448e-01  2.157737e-03  9.251486e-01  2.157858e-03  8.610885e-01  1.870388e-03  
   1.8112299  9.295077e-01  2.206329e-03  9.295121e-01  2.206455e-03  8.648688e-01  1.911283e-03  
   1.8322300  9.341948e-01  2.258789e-03  9.341993e-01  2.258920e-03  8.689275e-01  1.955394e-03  
   1.8532300  9.389938e-01  2.312801e-03  9.389985e-01  2.312937e-03  8.730798e-01  2.000768e-03  
   1.8742300  9.439075e-01  2.368452e-03  9.439126e-01  2.368593e-03  8.773288e-01  2.047479e-03  
   1.8952301  9.489405e-01  2.425837e-03  9.489458e-01  2.425985e-03  8.816770e-01  2.095611e-03  
   1.9162300  9.540951e-01  2.485065e-03  9.541007e-01  2.485219e-03  8.861272e-01  2.145256e-03  
   1.9362299  9.591204e-01  2.543299e-03  9.591265e-01  2.543457e-03  8.904623e-01  2.194036e-03  
   1.9572300  9.645235e-01  2.606490e-03  9.645298e-01  2.606657e-03  8.951197e-01  2.246951e-03  
   1.9782300  9.700605e-01  2.671933e-03  9.700669e-01  2.672107e-03  8.998885e-01  2.301738e-03  
   1.9992300  9.757339e-01  2.739804e-03  9.757408e-01  2.739985e-03  9.047707e-01  2.358560e-03  
   2.0202301  9.815499e-01  2.810303e-03  9.815573e-01  2.810492e-03  9.097712e-01  2.417610e-03  
   2.0412300  9.875119e-01  2.883652e-03  9.875194e-01  2.883851e-03  9.148930e-01  2.479110e-03  
   2.0612299  9.933304e-01  2.956389e-03  9.933386e-01  2.956597e-03  9.198872e-01  2.540198e-03  
   2.0822301  9.995930e-01  3.036055e-03  9.996015e-01  3.036273e-03  9.252569e-01  2.607274e-03  
   2.1038301  1.006203e+00  3.121830e-03  1.006212e+00  3.122059e-03  9.309201e-01  2.679760e-03  
   2.1238301  1.012482e+00  3.205021e-03  1.012491e+00  3.205261e-03  9.362938e-01  2.750407e-03  
   2.1448300  1.019243e+00  3.296613e-03  1.019253e+00  3.296865e-03  9.420753e-01  2.828662e-03  
   2.1658299  1.026185e+00  3.392907e-03  1.026195e+00  3.393172e-03  9.480043e-01  2.911569e-03  
   2.1868300  1.033313e+00  3.494286e-03  1.033324e+00  3.494565e-03  9.540859e-01  2.999651e-03  
   2.2078300  1.040634e+00  3.601134e-03  1.040646e+00  3.601426e-03  9.603261e-01  3.093453e-03  
   2.2278299  1.047795e+00  3.708336e-03  1.047806e+00  3.708642e-03  9.664220e-01  3.188634e-03  
   2.2488301  1.055516e+00  3.826989e-03  1.055529e+00  3.827311e-03  9.729875e-01  3.295265e-03  
   2.2698300  1.063455e+00  3.952263e-03  1.063468e+00  3.952600e-03  9.797285e-01  3.409310e-03  
   2.2908299  1.071621e+00  4.084550e-03  1.071634e+00  4.084901e-03  9.866528e-01  3.531336e-03  
   2.3118300  1.080022e+00  4.224242e-03  1.080036e+00  4.224609e-03  9.937664e-01  3.661875e-03  
   2.3328300  1.088669e+00  4.371735e-03  1.088684e+00  4.372122e-03  1.001075e+00  3.801425e-03  
   2.3528299  1.097142e+00  4.519845e-03  1.097158e+00  4.520249e-03  1.008226e+00  3.943140e-03  
   2.3738301  1.106301e+00  4.683824e-03  1.106318e+00  4.684245e-03  1.015941e+00  4.101606e-03  
   2.3948300  1.115740e+00  4.856960e-03  1.115757e+00  4.857400e-03  1.023876e+00  4.270381e-03  
   2.4158299  1.125472e+00  5.039831e-03  1.125491e+00  5.040292e-03  1.032041e+00  4.449850e-03  
   2.4368300  1.135513e+00  5.233113e-03  1.135532e+00  5.233597e-03  1.040446e+00  4.640414e-03  
   2.4578300  1.145878e+00  5.437599e-03  1.145898e+00  5.438112e-03  1.049102e+00  4.842480e-03  
   2.4778299  1.156065e+00  5.643636e-03  1.156085e+00  5.644178e-03  1.057590e+00  5.046028e-03  
   2.4988301  1.167112e+00  5.872934e-03  1.167134e+00  5.873507e-03  1.066770e+00  5.271923e-03  
   2.5204301  1.178871e+00  6.124061e-03  1.178894e+00  6.124675e-03  1.076515e+00  5.517935e-03  
   2.5404301  1.190138e+00  6.371974e-03  1.190162e+00  6.372625e-03  1.085826e+00  5.758811e-03  
   2.5614300  1.202383e+00  6.650174e-03  1.202409e+00  6.650874e-03  1.095915e+00  6.026241e-03  
   2.5824299  1.215080e+00  6.949158e-03  1.215107e+00  6.949909e-03  1.106345e+00  6.309791e-03  
   2.6034300  1.228261e+00  7.272001e-03  1.228288e+00  7.272810e-03  1.117136e+00  6.611116e-03  
   2.6244299  1.241955e+00  7.622517e-03  1.241984e+00  7.623392e-03  1.128308e+00  6.932351e-03  
   2.6444299  1.255510e+00  7.986493e-03  1.255540e+00  7.987438e-03  1.139328e+00  7.259361e-03  
   2.6654301  1.270320e+00  8.406252e-03  1.270352e+00  8.407282e-03  1.151322e+00  7.628336e-03  
   2.6864300  1.285765e+00  8.872363e-03  1.285799e+00  8.873489e-03  1.163779e+00  8.028201e-03  
   2.7074299  1.301898e+00  9.395324e-03  1.301934e+00  9.396562e-03  1.176734e+00  8.465117e-03  
   2.7284300  1.318779e+00  9.989092e-03  1.318816e+00  9.990466e-03  1.190223e+00  8.947110e-03  
   2.7494299  1.336470e+00  1.067235e-02  1.336509e+00  1.067389e-02  1.204287e+00  9.484572e-03  
   2.7694299  1.354141e+00  1.142919e-02  1.354182e+00  1.143092e-02  1.218257e+00  1.006029e-02  
   2.7904301  1.373638e+00  1.236753e-02  1.373682e+00  1.236952e-02  1.233579e+00  1.074839e-02  
   2.8114300  1.394193e+00  1.349709e-02  1.394239e+00  1.349942e-02  1.249624e+00  1.154377e-02  
   2.8324299  1.415908e+00  1.487728e-02  1.415957e+00  1.488005e-02  1.266453e+00  1.247442e-02  
   2.8534300  1.438896e+00  1.658635e-02  1.438948e+00  1.658969e-02  1.284134e+00  1.357587e-02  
   2.8744299  1.463277e+00  1.872605e-02  1.463333e+00  1.873017e-02  1.302738e+00  1.489290e-02  
   2.8944299  1.487908e+00  2.128333e-02  1.487967e+00  2.128844e-02  1.321388e+00  1.639898e-02  
   2.9154301  1.515375e+00  2.467127e-02  1.515437e+00  2.467773e-02  1.342029e+00  1.831181e-02  
   2.9370301  1.545467e+00  2.911716e-02  1.545534e+00  2.912546e-02  1.364485e+00  2.072322e-02  
   2.9570301  1.575097e+00  3.433271e-02  1.575167e+00  3.434322e-02  1.386470e+00  2.345707e-02  
   2.9780300  1.608120e+00  4.122861e-02  1.608194e+00  4.124209e-02  1.410882e+00  2.697213e-02  
   2.9990301  1.643150e+00  4.991057e-02  1.643228e+00  4.992782e-02  1.436742e+00  3.130236e-02  
   3.0200300  1.680184e+00  6.075807e-02  1.680266e+00  6.078000e-02  1.464135e+00  3.663596e-02  
   3.0410299  1.719157e+00  7.418685e-02  1.719243e+00  7.421448e-02  1.493133e+00  4.319606e-02  
   3.0610299  1.757943e+00  8.977795e-02  1.758031e+00  8.981211e-02  1.522286e+00  5.082182e-02  
   3.0820301  1.800188e+00  1.095193e-01  1.800279e+00  1.095614e-01  1.554527e+00  6.056154e-02  
   3.1030300  1.843653e+00  1.331376e-01  1.843743e+00  1.331890e-01  1.588410e+00  7.240394e-02  
   3.1240301  1.887891e+00  1.610255e-01  1.887982e+00  1.610873e-01  1.623856e+00  8.671394e-02  
   3.1450300  1.932348e+00  1.935053e-01  1.932437e+00  1.935784e-01  1.660709e+00  1.038785e-01  
   3.1660299  1.976378e+00  2.308038e-01  1.976464e+00  2.308891e-01  1.698734e+00  1.242942e-01  
   3.1860299  2.017255e+00  2.709020e-01  2.017336e+00  2.709994e-01  1.735737e+00  1.471147e-01  
   3.2070301  2.058332e+00  3.177747e-01  2.058408e+00  3.178850e-01  1.775007e+00  1.749638e-01  
   3.2280300  2.096755e+00  3.693431e-01  2.096823e+00  3.694660e-01  1.814187e+00  2.070872e-01  
   3.2490301  2.131773e+00  4.252581e-01  2.131831e+00  4.253928e-01  1.852658e+00  2.436956e-01  
   3.2700300  2.162704e+00  4.850165e-01  2.162753e+00  4.851619e-01  1.889722e+00  2.848815e-01  
   3.2910299  2.188976e+00  5.479839e-01  2.189014e+00  5.481386e-01  1.924632e+00  3.305961e-01  
   3.3110299  2.209266e+00  6.102632e-01  2.209293e+00  6.104249e-01  1.955174e+00  3.781516e-01  
   3.3320301  2.225339e+00  6.773144e-01  2.225356e+00  6.774814e-01  1.983684e+00  4.319369e-01  
   3.3536301  2.236184e+00  7.472014e-01  2.236189e+00  7.473713e-01  2.008502e+00  4.907999e-01  
   3.3736300  2.241153e+00  8.119937e-01  2.241148e+00  8.121644e-01  2.026863e+00  5.478380e-01  
   3.3946300  2.241353e+00  8.793961e-01  2.241338e+00  8.795657e-01  2.040954e+00  6.095325e-01  
   3.4156301  2.236786e+00  9.455250e-01  2.236760e+00  9.456918e-01  2.049501e+00  6.721559e-01  
   3.4366300  2.227932e+00  1.009861e+00  2.227898e+00  1.010023e+00  2.052470e+00  7.347263e-01  
   3.4576299  2.215344e+00  1.072020e+00  2.215300e+00  1.072178e+00  2.050049e+00  7.962786e-01  
   3.4776299  2.200408e+00  1.128971e+00  2.200355e+00  1.129123e+00  2.043095e+00  8.531315e-01  
   3.4986300  2.182171e+00  1.186287e+00  2.182110e+00  1.186433e+00  2.031468e+00  9.102256e-01  
   3.5196300  2.161834e+00  1.241044e+00  2.161764e+00  1.241184e+00  2.016124e+00  9.640563e-01  
   3.5406301  2.139853e+00  1.293303e+00  2.139774e+00  1.293439e+00  1.997888e+00  1.014216e+00  
   3.5616300  2.116607e+00  1.343177e+00  2.116520e+00  1.343310e+00  1.977623e+00  1.060516e+00  
   3.5826299  2.092394e+00  1.390800e+00  2.092298e+00  1.390931e+00  1.956175e+00  1.102987e+00  
   3.6026299  2.068639e+00  1.434185e+00  2.068535e+00  1.434315e+00  1.935355e+00  1.140083e+00  
   3.6236300  2.043124e+00  1.477771e+00  2.043014e+00  1.477901e+00  1.913707e+00  1.175888e+00  
   3.6446300  2.017151e+00  1.519414e+00  2.017035e+00  1.519547e+00  1.892764e+00  1.208967e+00  
   3.6656301  1.990830e+00  1.559150e+00  1.990710e+00  1.559288e+00  1.872854e+00  1.239887e+00  
   3.6866300  1.964285e+00  1.596981e+00  1.964162e+00  1.597123e+00  1.854129e+00  1.269221e+00  
   3.7076299  1.937665e+00  1.632887e+00  1.937541e+00  1.633036e+00  1.836591e+00  1.297492e+00  
   3.7276299  1.912420e+00  1.665273e+00  1.912296e+00  1.665428e+00  1.820880e+00  1.323826e+00  
   3.7486300  1.886260e+00  1.697372e+00  1.886140e+00  1.697535e+00  1.805247e+00  1.351159e+00  
   3.7702301  1.860039e+00  1.728389e+00  1.859923e+00  1.728559e+00  1.789865e+00  1.379127e+00  
   3.7902300  1.836706e+00  1.755390e+00  1.836596e+00  1.755569e+00  1.776070e+00  1.404945e+00  
   3.8112299  1.813561e+00  1.782138e+00  1.813458e+00  1.782327e+00  1.761935e+00  1.431930e+00  
   3.8322301  1.792199e+00  1.807522e+00  1.792104e+00  1.807721e+00  1.748132e+00  1.458678e+00  
   3.8532300  1.773018e+00  1.831934e+00  1.772931e+00  1.832141e+00  1.734756e+00  1.485054e+00  
   3.8742299  1.756377e+00  1.855884e+00  1.756299e+00  1.856101e+00  1.722019e+00  1.510945e+00  
   3.8942299  1.743156e+00  1.878838e+00  1.743087e+00  1.879065e+00  1.710769e+00  1.535114e+00  
   3.9152300  1.732216e+00  1.903795e+00  1.732157e+00  1.904032e+00  1.700249e+00  1.560043e+00  
   3.9362299  1.724347e+00  1.930439e+00  1.724298e+00  1.930688e+00  1.691465e+00  1.584717e+00  
   3.9572301  1.719443e+00  1.959662e+00  1.719401e+00  1.959922e+00  1.684822e+00  1.609501e+00  
   3.9782300  1.717203e+00  1.992383e+00  1.717170e+00  1.992654e+00  1.680656e+00  1.634925e+00  
   3.9992299  1.717118e+00  2.029509e+00  1.717093e+00  2.029794e+00  1.679189e+00  1.661670e+00  
   4.0192299  1.718377e+00  2.069744e+00  1.718357e+00  2.070044e+00  1.680361e+00  1.689112e+00  
   4.0402298  1.720201e+00  2.117825e+00  1.720186e+00  2.118141e+00  1.684163e+00  1.720868e+00  
   4.0612302  1.721417e+00  2.172458e+00  1.721404e+00  2.172790e+00  1.690246e+00  1.756579e+00  
   4.0822301  1.720713e+00  2.234015e+00  1.720702e+00  2.234367e+00  1.698007e+00  1.797202e+00  
   4.1032300  1.716649e+00  2.302626e+00  1.716638e+00  2.302997e+00  1.706589e+00  1.843633e+00  
   4.1242299  1.707710e+00  2.378138e+00  1.707697e+00  2.378529e+00  1.714883e+00  1.896646e+00  
   4.1442299  1.693261e+00  2.456063e+00  1.693245e+00  2.456473e+00  1.721292e+00  1.953793e+00  
   4.1652298  1.670434e+00  2.543487e+00  1.670412e+00  2.543918e+00  1.724983e+00  2.021119e+00  
   4.1868300  1.637353e+00  2.638350e+00  1.637324e+00  2.638801e+00  1.723792e+00  2.098239e+00  
   4.2068300  1.596919e+00  2.729470e+00  1.596882e+00  2.729939e+00  1.716526e+00  2.176477e+00  
   4.2278299  1.543369e+00  2.827120e+00  1.543322e+00  2.827605e+00  1.700796e+00  2.265034e+00  
   4.2488298  1.477750e+00  2.925189e+00  1.477694e+00  2.925689e+00  1.675099e+00  2.359095e+00  
   4.2698302  1.399630e+00  3.021938e+00  1.399561e+00  3.022450e+00  1.637904e+00  2.457201e+00  
   4.2908301  1.308876e+00  3.115562e+00  1.308796e+00  3.116084e+00  1.587951e+00  2.557523e+00  
   4.3108301  1.210848e+00  3.200165e+00  1.210756e+00  3.200695e+00  1.527682e+00  2.653189e+00  
   4.3318300  1.096174e+00  3.282486e+00  1.096069e+00  3.283024e+00  1.450611e+00  2.751503e+00  
   4.3528299  9.701805e-01  3.356440e+00  9.700611e-01  3.356984e+00  1.359421e+00  2.845190e+00  
   4.3738298  8.338403e-01  3.420391e+00  8.337050e-01  3.420940e+00  1.254649e+00  2.931751e+00  
   4.3948302  6.883596e-01  3.472820e+00  6.882064e-01  3.473373e+00  1.137359e+00  3.008792e+00  
   4.4158301  5.351677e-01  3.512351e+00  5.349950e-01  3.512908e+00  1.009134e+00  3.074136e+00  
   4.4358301  3.835773e-01  3.536905e+00  3.833844e-01  3.537467e+00  8.786905e-01  3.123815e+00  
   4.4568300  2.201505e-01  3.547966e+00  2.199344e-01  3.548529e+00  7.352640e-01  3.161437e+00  
   4.4778299  5.427484e-02  3.543177e+00  5.403386e-02  3.543741e+00  5.877875e-01  3.183261e+00  
   4.4988298  -1.119782e-01  3.522027e+00  -1.122456e-01  3.522591e+00  4.389841e-01  3.188905e+00  
   4.5198302  -2.764445e-01  3.484313e+00  -2.767394e-01  3.484870e+00  2.915516e-01  3.178525e+00  
   4.5408301  -4.368951e-01  3.430183e+00  -4.372179e-01  3.430730e+00  1.480467e-01  3.152797e+00  
   4.5608301  -5.839439e-01  3.363846e+00  -5.842934e-01  3.364379e+00  1.711601e-02  3.115054e+00  
   4.5818300  -7.302245e-01  3.279555e+00  -7.306017e-01  3.280066e+00  -1.124706e-01  3.062956e+00  
   4.6034298  -8.699192e-01  3.178586e+00  -8.703236e-01  3.179067e+00  -2.357441e-01  2.997879e+00  
   4.6234298  -9.878547e-01  3.073793e+00  -9.882829e-01  3.074239e+00  -3.398061e-01  2.929048e+00  
   4.6444302  -1.098433e+00  2.954046e+00  -1.098885e+00  2.954450e+00  -4.379990e-01  2.849844e+00  
   4.6654301  -1.194335e+00  2.826641e+00  -1.194808e+00  2.826995e+00  -5.245915e-01  2.765499e+00  
   4.6864300  -1.274879e+00  2.694074e+00  -1.275371e+00  2.694373e+00  -5.996765e-01  2.677894e+00  
   4.7074299  -1.339847e+00  2.558920e+00  -1.340357e+00  2.559161e+00  -6.636361e-01  2.588762e+00  
   4.7274299  -1.387466e+00  2.430111e+00  -1.387990e+00  2.430294e+00  -7.147573e-01  2.503859e+00  
   4.7484298  -1.423153e+00  2.297047e+00  -1.423689e+00  2.297167e+00  -7.588782e-01  2.415962e+00  
   4.7694302  -1.445223e+00  2.168301e+00  -1.445769e+00  2.168360e+00  -7.940516e-01  2.330431e+00  
   4.7904301  -1.455037e+00  2.045667e+00  -1.455593e+00  2.045666e+00  -8.211771e-01  2.248150e+00  
   4.8114300  -1.454171e+00  1.930539e+00  -1.454733e+00  1.930478e+00  -8.411670e-01  2.169793e+00  
   4.8324299  -1.444311e+00  1.823911e+00  -1.444878e+00  1.823795e+00  -8.549137e-01  2.095850e+00  
   4.8524299  -1.428120e+00  1.730817e+00  -1.428688e+00  1.730651e+00  -8.629820e-01  2.029825e+00  
   4.8734298  -1.405556e+00  1.642184e+00  -1.406125e+00  1.641971e+00  -8.669475e-01  1.965284e+00  
   4.8944302  -1.378792e+00  1.562831e+00  -1.379360e+00  1.562574e+00  -8.670260e-01  1.905698e+00  
   4.9154301  -1.349187e+00  1.492454e+00  -1.349751e+00  1.492158e+00  -8.638919e-01  1.851021e+00  
   4.9364300  -1.317906e+00  1.430559e+00  -1.318465e+00  1.430226e+00  -8.581533e-01  1.801117e+00  
   4.9574299  -1.285916e+00  1.376522e+00  -1.286469e+00  1.376157e+00  -8.503501e-01  1.755790e+00  
   4.9774299  -1.255502e+00  1.331730e+00  -1.256047e+00  1.331336e+00  -8.414328e-01  1.716653e+00  
   4.9984298  -1.224198e+00  1.291003e+00  -1.224732e+00  1.290582e+00  -8.309047e-01  1.679525e+00  
