w Re-xx Im-xx Re-yy Im-yy Re-zz Im-zz
# Gaussian absolute broadening  0.15 [eV]
   0.0000000  7.681352e-01  8.830835e-05  7.681296e-01  8.830838e-05  7.238072e-01  7.873071e-05  
   0.0200000  7.682350e-01  9.451243e-05  7.682294e-01  9.451250e-05  7.238960e-01  8.426148e-05  
   0.0410000  7.683536e-01  1.015821e-04  7.683479e-01  1.015822e-04  7.240019e-01  9.056363e-05  
   0.0620000  7.684888e-01  1.092571e-04  7.684832e-01  1.092573e-04  7.241225e-01  9.740489e-05  
   0.0830000  7.686425e-01  1.175712e-04  7.686366e-01  1.175714e-04  7.242593e-01  1.048154e-04  
   0.1040000  7.688169e-01  1.265537e-04  7.688110e-01  1.265540e-04  7.244149e-01  1.128211e-04  
   0.1240000  7.690036e-01  1.357512e-04  7.689979e-01  1.357516e-04  7.245812e-01  1.210178e-04  
   0.1450000  7.692241e-01  1.460986e-04  7.692185e-01  1.460991e-04  7.247778e-01  1.302385e-04  
   0.1660000  7.694713e-01  1.571593e-04  7.694658e-01  1.571600e-04  7.249986e-01  1.400940e-04  
   0.1870000  7.697481e-01  1.689296e-04  7.697424e-01  1.689306e-04  7.252451e-01  1.505808e-04  
   0.2080000  7.700560e-01  1.813953e-04  7.700505e-01  1.813966e-04  7.255195e-01  1.616858e-04  
   0.2290000  7.703970e-01  1.945309e-04  7.703915e-01  1.945326e-04  7.258234e-01  1.733862e-04  
   0.2490000  7.707539e-01  2.076317e-04  7.707481e-01  2.076339e-04  7.261413e-01  1.850542e-04  
   0.2700000  7.711634e-01  2.219657e-04  7.711577e-01  2.219686e-04  7.265065e-01  1.978188e-04  
   0.2910000  7.716097e-01  2.368430e-04  7.716042e-01  2.368466e-04  7.269042e-01  2.110651e-04  
   0.3120000  7.720938e-01  2.522098e-04  7.720882e-01  2.522143e-04  7.273357e-01  2.247450e-04  
   0.3330000  7.726160e-01  2.680111e-04  7.726105e-01  2.680167e-04  7.278011e-01  2.388092e-04  
   0.3540000  7.731765e-01  2.841933e-04  7.731709e-01  2.842001e-04  7.283005e-01  2.532098e-04  
   0.3740000  7.737464e-01  2.999139e-04  7.737408e-01  2.999218e-04  7.288082e-01  2.671966e-04  
   0.3950000  7.743820e-01  3.167019e-04  7.743765e-01  3.167111e-04  7.293745e-01  2.821300e-04  
   0.4160000  7.750559e-01  3.337407e-04  7.750504e-01  3.337513e-04  7.299749e-01  2.972828e-04  
   0.4374300  7.757838e-01  3.513554e-04  7.757783e-01  3.513673e-04  7.306232e-01  3.129437e-04  
   0.4574300  7.764989e-01  3.679783e-04  7.764934e-01  3.679915e-04  7.312600e-01  3.277190e-04  
   0.4784300  7.772870e-01  3.856067e-04  7.772814e-01  3.856212e-04  7.319618e-01  3.433837e-04  
   0.4994300  7.781129e-01  4.034014e-04  7.781075e-01  4.034171e-04  7.326974e-01  3.591913e-04  
   0.5204300  7.789775e-01  4.213556e-04  7.789720e-01  4.213722e-04  7.334672e-01  3.751356e-04  
   0.5414300  7.798802e-01  4.394656e-04  7.798747e-01  4.394831e-04  7.342708e-01  3.912130e-04  
   0.5614300  7.807755e-01  4.568576e-04  7.807705e-01  4.568758e-04  7.350682e-01  4.066479e-04  
   0.5824300  7.817543e-01  4.752733e-04  7.817490e-01  4.752920e-04  7.359389e-01  4.229855e-04  
   0.6034300  7.827712e-01  4.938495e-04  7.827662e-01  4.938687e-04  7.368442e-01  4.394595e-04  
   0.6244300  7.838281e-01  5.125918e-04  7.838229e-01  5.126115e-04  7.377844e-01  4.560743e-04  
   0.6454300  7.849246e-01  5.315059e-04  7.849195e-01  5.315258e-04  7.387602e-01  4.728350e-04  
   0.6664300  7.860609e-01  5.505973e-04  7.860560e-01  5.506178e-04  7.397709e-01  4.897459e-04  
   0.6864300  7.871807e-01  5.689506e-04  7.871757e-01  5.689716e-04  7.407665e-01  5.059967e-04  
   0.7074300  7.883962e-01  5.884083e-04  7.883912e-01  5.884299e-04  7.418474e-01  5.232181e-04  
   0.7284300  7.896523e-01  6.080641e-04  7.896475e-01  6.080862e-04  7.429648e-01  5.406072e-04  
   0.7494300  7.909506e-01  6.279257e-04  7.909458e-01  6.279487e-04  7.441188e-01  5.581705e-04  
   0.7704300  7.922903e-01  6.480003e-04  7.922854e-01  6.480243e-04  7.453094e-01  5.759140e-04  
   0.7914300  7.936727e-01  6.682964e-04  7.936679e-01  6.683217e-04  7.465382e-01  5.938450e-04  
   0.8114300  7.950284e-01  6.878394e-04  7.950237e-01  6.878656e-04  7.477428e-01  6.111022e-04  
   0.8324300  7.964948e-01  7.085919e-04  7.964901e-01  7.086192e-04  7.490454e-01  6.294190e-04  
   0.8540300  7.980488e-01  7.301957e-04  7.980441e-01  7.302242e-04  7.504255e-01  6.484771e-04  
   0.8740300  7.995291e-01  7.504409e-04  7.995247e-01  7.504704e-04  7.517402e-01  6.663273e-04  
   0.8950300  8.011275e-01  7.719584e-04  8.011230e-01  7.719888e-04  7.531593e-01  6.852892e-04  
   0.9160300  8.027713e-01  7.937516e-04  8.027667e-01  7.937832e-04  7.546183e-01  7.044841e-04  
   0.9370300  8.044609e-01  8.158317e-04  8.044567e-01  8.158641e-04  7.561180e-01  7.239204e-04  
   0.9580300  8.061973e-01  8.382089e-04  8.061930e-01  8.382418e-04  7.576584e-01  7.436070e-04  
   0.9780300  8.078953e-01  8.598075e-04  8.078909e-01  8.598410e-04  7.591646e-01  7.625978e-04  
   0.9990300  8.097249e-01  8.827974e-04  8.097206e-01  8.828315e-04  7.607872e-01  7.828005e-04  
   1.0200300  8.116032e-01  9.061185e-04  8.115991e-01  9.061529e-04  7.624525e-01  8.032817e-04  
   1.0410300  8.135310e-01  9.297818e-04  8.135269e-01  9.298170e-04  7.641613e-01  8.240509e-04  
   1.0620300  8.155090e-01  9.538002e-04  8.155051e-01  9.538361e-04  7.659142e-01  8.451187e-04  
   1.0830300  8.175381e-01  9.781859e-04  8.175341e-01  9.782227e-04  7.677116e-01  8.664947e-04  
   1.1030300  8.195181e-01  1.001763e-03  8.195143e-01  1.001801e-03  7.694654e-01  8.871493e-04  
   1.1240300  8.216485e-01  1.026903e-03  8.216450e-01  1.026942e-03  7.713519e-01  9.091580e-04  
   1.1450300  8.238325e-01  1.052449e-03  8.238286e-01  1.052489e-03  7.732849e-01  9.315073e-04  
   1.1660300  8.260699e-01  1.078414e-03  8.260664e-01  1.078456e-03  7.752652e-01  9.542081e-04  
   1.1870300  8.283626e-01  1.104814e-03  8.283592e-01  1.104857e-03  7.772936e-01  9.772736e-04  
   1.2080300  8.307113e-01  1.131664e-03  8.307078e-01  1.131709e-03  7.793706e-01  1.000715e-03  
   1.2280300  8.330001e-01  1.157668e-03  8.329970e-01  1.157714e-03  7.813944e-01  1.023402e-03  
   1.2490300  8.354601e-01  1.185443e-03  8.354570e-01  1.185490e-03  7.835686e-01  1.047615e-03  
   1.2706300  8.380520e-01  1.214533e-03  8.380490e-01  1.214582e-03  7.858587e-01  1.072957e-03  
   1.2906300  8.405081e-01  1.241955e-03  8.405052e-01  1.242005e-03  7.880282e-01  1.096827e-03  
   1.3116300  8.431467e-01  1.271273e-03  8.431438e-01  1.271323e-03  7.903583e-01  1.122328e-03  
   1.3326300  8.458471e-01  1.301146e-03  8.458444e-01  1.301198e-03  7.927417e-01  1.148292e-03  
   1.3536299  8.486109e-01  1.331596e-03  8.486083e-01  1.331649e-03  7.951803e-01  1.174735e-03  
   1.3746300  8.514393e-01  1.362644e-03  8.514367e-01  1.362698e-03  7.976750e-01  1.201677e-03  
   1.3946300  8.541943e-01  1.392791e-03  8.541918e-01  1.392846e-03  8.001043e-01  1.227815e-03  
   1.4156300  8.571528e-01  1.425074e-03  8.571505e-01  1.425129e-03  8.027118e-01  1.255782e-03  
   1.4366300  8.601798e-01  1.458024e-03  8.601776e-01  1.458080e-03  8.053786e-01  1.284303e-03  
   1.4576300  8.632769e-01  1.491667e-03  8.632749e-01  1.491725e-03  8.081062e-01  1.313399e-03  
   1.4786299  8.664458e-01  1.526028e-03  8.664441e-01  1.526088e-03  8.108959e-01  1.343090e-03  
   1.4996300  8.696878e-01  1.561135e-03  8.696862e-01  1.561196e-03  8.137486e-01  1.373398e-03  
   1.5196300  8.728444e-01  1.595288e-03  8.728428e-01  1.595351e-03  8.165249e-01  1.402858e-03  
   1.5406300  8.762334e-01  1.631933e-03  8.762320e-01  1.631998e-03  8.195044e-01  1.434439e-03  
   1.5616300  8.797002e-01  1.669409e-03  8.796990e-01  1.669478e-03  8.225513e-01  1.466706e-03  
   1.5826300  8.832467e-01  1.707750e-03  8.832455e-01  1.707822e-03  8.256661e-01  1.499687e-03  
   1.6036299  8.868746e-01  1.746989e-03  8.868736e-01  1.747064e-03  8.288511e-01  1.533408e-03  
   1.6246300  8.905855e-01  1.787163e-03  8.905847e-01  1.787242e-03  8.321078e-01  1.567899e-03  
   1.6446300  8.941984e-01  1.826324e-03  8.941978e-01  1.826408e-03  8.352767e-01  1.601489e-03  
   1.6656300  8.980773e-01  1.868430e-03  8.980768e-01  1.868517e-03  8.386770e-01  1.637569e-03  
   1.6872300  9.021606e-01  1.912837e-03  9.021605e-01  1.912928e-03  8.422551e-01  1.675581e-03  
   1.7072300  9.060283e-01  1.954987e-03  9.060284e-01  1.955082e-03  8.456415e-01  1.711627e-03  
   1.7282300  9.101798e-01  2.000361e-03  9.101802e-01  2.000460e-03  8.492758e-01  1.750391e-03  
   1.7492300  9.144289e-01  2.046926e-03  9.144291e-01  2.047030e-03  8.529924e-01  1.790132e-03  
   1.7702301  9.187763e-01  2.094735e-03  9.187772e-01  2.094842e-03  8.567934e-01  1.830894e-03  
   1.7912300  9.232257e-01  2.143845e-03  9.232265e-01  2.143957e-03  8.606811e-01  1.872723e-03  
   1.8112299  9.275607e-01  2.191881e-03  9.275617e-01  2.191997e-03  8.644667e-01  1.913598e-03  
   1.8322300  9.322172e-01  2.243706e-03  9.322186e-01  2.243825e-03  8.685306e-01  1.957654e-03  
   1.8532300  9.369841e-01  2.297020e-03  9.369858e-01  2.297143e-03  8.726884e-01  2.002930e-03  
   1.8742300  9.418651e-01  2.351894e-03  9.418671e-01  2.352021e-03  8.769428e-01  2.049489e-03  
   1.8952301  9.468632e-01  2.408406e-03  9.468655e-01  2.408537e-03  8.812964e-01  2.097392e-03  
   1.9162300  9.519822e-01  2.466637e-03  9.519846e-01  2.466773e-03  8.857518e-01  2.146705e-03  
   1.9362299  9.569717e-01  2.523778e-03  9.569746e-01  2.523917e-03  8.900924e-01  2.195052e-03  
   1.9572300  9.623360e-01  2.585635e-03  9.623390e-01  2.585779e-03  8.947550e-01  2.247343e-03  
   1.9782300  9.678323e-01  2.649503e-03  9.678354e-01  2.649651e-03  8.995289e-01  2.301286e-03  
   1.9992300  9.734631e-01  2.715497e-03  9.734669e-01  2.715650e-03  9.044164e-01  2.356978e-03  
   2.0202301  9.792347e-01  2.783746e-03  9.792387e-01  2.783904e-03  9.094219e-01  2.414524e-03  
   2.0412300  9.851508e-01  2.854391e-03  9.851549e-01  2.854554e-03  9.145483e-01  2.474045e-03  
   2.0612299  9.909230e-01  2.924042e-03  9.909276e-01  2.924211e-03  9.195466e-01  2.532690e-03  
   2.0822301  9.971343e-01  2.999833e-03  9.971396e-01  3.000008e-03  9.249209e-01  2.596464e-03  
   2.1038301  1.003691e+00  3.080826e-03  1.003696e+00  3.081009e-03  9.305883e-01  2.664581e-03  
   2.1238301  1.009917e+00  3.158765e-03  1.009922e+00  3.158955e-03  9.359655e-01  2.730103e-03  
   2.1448300  1.016621e+00  3.243875e-03  1.016628e+00  3.244074e-03  9.417508e-01  2.801638e-03  
   2.1658299  1.023502e+00  3.332594e-03  1.023509e+00  3.332804e-03  9.476833e-01  2.876200e-03  
   2.1868300  1.030569e+00  3.425214e-03  1.030576e+00  3.425435e-03  9.537695e-01  2.954048e-03  
   2.2078300  1.037827e+00  3.522046e-03  1.037834e+00  3.522279e-03  9.600136e-01  3.035454e-03  
   2.2278299  1.044923e+00  3.618504e-03  1.044931e+00  3.618749e-03  9.661138e-01  3.116577e-03  
   2.2488301  1.052577e+00  3.724595e-03  1.052585e+00  3.724855e-03  9.726853e-01  3.205850e-03  
   2.2698300  1.060445e+00  3.836022e-03  1.060454e+00  3.836300e-03  9.794334e-01  3.299677e-03  
   2.2908299  1.068536e+00  3.953245e-03  1.068546e+00  3.953539e-03  9.863661e-01  3.398461e-03  
   2.3118300  1.076863e+00  4.076754e-03  1.076872e+00  4.077069e-03  9.934904e-01  3.502640e-03  
   2.3328300  1.085431e+00  4.207090e-03  1.085442e+00  4.207426e-03  1.000814e+00  3.612687e-03  
   2.3528299  1.093828e+00  4.338101e-03  1.093839e+00  4.338455e-03  1.007981e+00  3.723427e-03  
   2.3738301  1.102902e+00  4.483500e-03  1.102915e+00  4.483881e-03  1.015717e+00  3.846481e-03  
   2.3948300  1.112254e+00  4.637609e-03  1.112266e+00  4.638016e-03  1.023678e+00  3.977086e-03  
   2.4158299  1.121895e+00  4.801184e-03  1.121908e+00  4.801617e-03  1.031873e+00  4.115930e-03  
   2.4368300  1.131839e+00  4.975052e-03  1.131854e+00  4.975512e-03  1.040314e+00  4.263769e-03  
   2.4578300  1.142102e+00  5.160123e-03  1.142118e+00  5.160617e-03  1.049012e+00  4.421440e-03  
   2.4778299  1.152188e+00  5.347724e-03  1.152204e+00  5.348250e-03  1.057546e+00  4.581595e-03  
   2.4988301  1.163122e+00  5.557703e-03  1.163139e+00  5.558266e-03  1.066782e+00  4.761259e-03  
   2.5204301  1.174758e+00  5.788908e-03  1.174775e+00  5.789513e-03  1.076591e+00  4.959568e-03  
   2.5404301  1.185901e+00  6.018130e-03  1.185920e+00  6.018778e-03  1.085968e+00  5.156656e-03  
   2.5614300  1.198007e+00  6.276157e-03  1.198027e+00  6.276852e-03  1.096135e+00  5.379025e-03  
   2.5824299  1.210554e+00  6.553949e-03  1.210575e+00  6.554700e-03  1.106649e+00  5.618940e-03  
   2.6034300  1.223572e+00  6.853981e-03  1.223594e+00  6.854789e-03  1.117531e+00  5.878480e-03  
   2.6244299  1.237089e+00  7.179274e-03  1.237113e+00  7.180145e-03  1.128803e+00  6.160095e-03  
   2.6444299  1.250462e+00  7.516042e-03  1.250486e+00  7.516986e-03  1.139924e+00  6.451529e-03  
   2.6654301  1.265062e+00  7.902646e-03  1.265088e+00  7.903669e-03  1.152031e+00  6.785390e-03  
   2.6864300  1.280278e+00  8.329256e-03  1.280305e+00  8.330370e-03  1.164608e+00  7.152163e-03  
   2.7074299  1.296160e+00  8.804252e-03  1.296189e+00  8.805458e-03  1.177690e+00  7.557466e-03  
   2.7284300  1.312763e+00  9.338858e-03  1.312794e+00  9.340181e-03  1.191313e+00  8.008456e-03  
   2.7494299  1.330149e+00  9.948263e-03  1.330182e+00  9.949720e-03  1.205517e+00  8.514345e-03  
   2.7694299  1.347501e+00  1.061705e-02  1.347536e+00  1.061866e-02  1.219629e+00  9.058086e-03  
   2.7904301  1.366630e+00  1.143894e-02  1.366666e+00  1.144075e-02  1.235108e+00  9.708904e-03  
   2.8114300  1.386778e+00  1.242056e-02  1.386817e+00  1.242264e-02  1.251321e+00  1.046128e-02  
   2.8324299  1.408046e+00  1.361269e-02  1.408088e+00  1.361511e-02  1.268333e+00  1.134120e-02  
   2.8534300  1.430545e+00  1.508309e-02  1.430590e+00  1.508594e-02  1.286214e+00  1.238233e-02  
   2.8744299  1.454392e+00  1.692108e-02  1.454440e+00  1.692452e-02  1.305040e+00  1.362796e-02  
   2.8944299  1.478474e+00  1.911918e-02  1.478525e+00  1.912337e-02  1.323928e+00  1.505502e-02  
   2.9154301  1.505321e+00  2.203893e-02  1.505376e+00  2.204416e-02  1.344850e+00  1.687359e-02  
   2.9370301  1.534737e+00  2.588759e-02  1.534796e+00  2.589423e-02  1.367638e+00  1.917786e-02  
   2.9570301  1.563711e+00  3.042813e-02  1.563774e+00  3.043647e-02  1.389975e+00  2.180667e-02  
   2.9780300  1.596025e+00  3.647102e-02  1.596093e+00  3.648167e-02  1.414807e+00  2.521124e-02  
   2.9990301  1.630340e+00  4.413529e-02  1.630413e+00  4.414886e-02  1.441145e+00  2.943922e-02  
   3.0200300  1.666672e+00  5.378607e-02  1.666750e+00  5.380331e-02  1.469074e+00  3.469015e-02  
   3.0410299  1.704978e+00  6.582945e-02  1.705060e+00  6.585114e-02  1.498664e+00  4.120119e-02  
   3.0610299  1.743186e+00  7.992291e-02  1.743273e+00  7.994977e-02  1.528428e+00  4.882636e-02  
   3.0820301  1.784913e+00  9.790993e-02  1.785005e+00  9.794316e-02  1.561347e+00  5.863100e-02  
   3.1030300  1.827983e+00  1.196034e-01  1.828079e+00  1.196440e-01  1.595928e+00  7.062353e-02  
   3.1240301  1.871986e+00  1.454229e-01  1.872085e+00  1.454718e-01  1.632064e+00  8.518619e-02  
   3.1450300  1.916392e+00  1.757302e-01  1.916495e+00  1.757884e-01  1.669568e+00  1.027207e-01  
   3.1660299  1.960589e+00  2.108030e-01  1.960691e+00  2.108712e-01  1.708166e+00  1.236343e-01  
   3.1860299  2.001845e+00  2.487877e-01  2.001948e+00  2.488660e-01  1.745604e+00  1.470527e-01  
   3.2070301  2.043564e+00  2.935124e-01  2.043665e+00  2.936016e-01  1.785173e+00  1.756585e-01  
   3.2280300  2.082883e+00  3.430755e-01  2.082983e+00  3.431758e-01  1.824450e+00  2.086625e-01  
   3.2490301  2.119048e+00  3.971970e-01  2.119142e+00  3.973078e-01  1.862782e+00  2.462620e-01  
   3.2700300  2.151360e+00  4.554358e-01  2.151447e+00  4.555566e-01  1.899440e+00  2.885312e-01  
   3.2910299  2.179220e+00  5.172083e-01  2.179299e+00  5.173378e-01  1.933660e+00  3.353999e-01  
   3.3110299  2.201187e+00  5.786834e-01  2.201257e+00  5.788206e-01  1.963274e+00  3.841013e-01  
   3.3320301  2.219163e+00  6.452575e-01  2.219222e+00  6.454011e-01  1.990530e+00  4.391206e-01  
   3.3536301  2.232078e+00  7.150450e-01  2.232124e+00  7.151937e-01  2.013768e+00  4.992701e-01  
   3.3736300  2.239038e+00  7.800823e-01  2.239072e+00  7.802344e-01  2.030429e+00  5.575047e-01  
   3.3946300  2.241383e+00  8.480609e-01  2.241404e+00  8.482152e-01  2.042513e+00  6.204542e-01  
   3.4156301  2.238997e+00  9.150540e-01  2.239006e+00  9.152091e-01  2.048846e+00  6.843259e-01  
   3.4366300  2.232358e+00  9.804999e-01  2.232353e+00  9.806552e-01  2.049424e+00  7.481313e-01  
   3.4576299  2.222008e+00  1.043977e+00  2.221991e+00  1.044132e+00  2.044455e+00  8.108926e-01  
   3.4776299  2.209229e+00  1.102347e+00  2.209200e+00  1.102501e+00  2.034945e+00  8.688541e-01  
   3.4986300  2.193280e+00  1.161308e+00  2.193238e+00  1.161460e+00  2.020518e+00  9.270360e-01  
   3.5196300  2.175244e+00  1.217855e+00  2.175190e+00  1.218007e+00  2.002278e+00  9.818327e-01  
   3.5406301  2.155558e+00  1.272054e+00  2.155494e+00  1.272206e+00  1.981076e+00  1.032784e+00  
   3.5616300  2.134565e+00  1.324022e+00  2.134490e+00  1.324174e+00  1.957810e+00  1.079642e+00  
   3.5826299  2.112512e+00  1.373901e+00  2.112428e+00  1.374054e+00  1.933373e+00  1.122375e+00  
   3.6026299  2.090673e+00  1.419589e+00  2.090580e+00  1.419743e+00  1.909770e+00  1.159399e+00  
   3.6236300  2.066951e+00  1.465754e+00  2.066851e+00  1.465909e+00  1.885330e+00  1.194756e+00  
   3.6446300  2.042472e+00  1.510123e+00  2.042365e+00  1.510281e+00  1.861800e+00  1.226989e+00  
   3.6656301  2.017272e+00  1.552705e+00  2.017160e+00  1.552864e+00  1.839578e+00  1.256676e+00  
   3.6866300  1.991407e+00  1.593456e+00  1.991292e+00  1.593617e+00  1.818878e+00  1.284427e+00  
   3.7076299  1.964976e+00  1.632304e+00  1.964859e+00  1.632465e+00  1.799751e+00  1.310831e+00  
   3.7276299  1.939426e+00  1.667452e+00  1.939309e+00  1.667614e+00  1.782916e+00  1.335197e+00  
   3.7486300  1.912433e+00  1.702344e+00  1.912318e+00  1.702506e+00  1.766510e+00  1.360360e+00  
   3.7702301  1.884825e+00  1.736048e+00  1.884713e+00  1.736208e+00  1.750752e+00  1.386085e+00  
   3.7902300  1.859770e+00  1.765304e+00  1.859663e+00  1.765464e+00  1.736949e+00  1.409905e+00  
   3.8112299  1.834431e+00  1.794124e+00  1.834331e+00  1.794283e+00  1.723095e+00  1.434950e+00  
   3.8322301  1.810566e+00  1.821228e+00  1.810472e+00  1.821385e+00  1.709796e+00  1.459971e+00  
   3.8532300  1.788670e+00  1.846966e+00  1.788585e+00  1.847122e+00  1.697060e+00  1.484859e+00  
   3.8742299  1.769210e+00  1.871826e+00  1.769133e+00  1.871983e+00  1.685019e+00  1.509503e+00  
   3.8942299  1.753305e+00  1.895253e+00  1.753237e+00  1.895412e+00  1.674412e+00  1.532680e+00  
   3.9152300  1.739644e+00  1.920294e+00  1.739585e+00  1.920456e+00  1.664485e+00  1.556724e+00  
   3.9362299  1.729240e+00  1.946619e+00  1.729189e+00  1.946787e+00  1.656160e+00  1.580607e+00  
   3.9572301  1.722057e+00  1.975150e+00  1.722013e+00  1.975326e+00  1.649811e+00  1.604618e+00  
   3.9782300  1.717844e+00  2.006849e+00  1.717807e+00  2.007035e+00  1.645760e+00  1.629208e+00  
   3.9992299  1.716119e+00  2.042681e+00  1.716086e+00  2.042880e+00  1.644233e+00  1.654981e+00  
   4.0192299  1.716129e+00  2.081488e+00  1.716098e+00  2.081700e+00  1.645202e+00  1.681314e+00  
   4.0402298  1.716955e+00  2.127930e+00  1.716926e+00  2.128159e+00  1.648664e+00  1.711661e+00  
   4.0612302  1.717466e+00  2.180863e+00  1.717433e+00  2.181109e+00  1.654316e+00  1.745685e+00  
   4.0822301  1.716304e+00  2.240741e+00  1.716267e+00  2.241005e+00  1.661596e+00  1.784328e+00  
   4.1032300  1.711976e+00  2.307775e+00  1.711932e+00  2.308057e+00  1.669692e+00  1.828496e+00  
   4.1242299  1.702914e+00  2.381904e+00  1.702858e+00  2.382201e+00  1.677542e+00  1.878993e+00  
   4.1442299  1.688428e+00  2.458765e+00  1.688358e+00  2.459075e+00  1.683605e+00  1.933549e+00  
   4.1652298  1.665597e+00  2.545413e+00  1.665510e+00  2.545733e+00  1.687054e+00  1.998015e+00  
   4.1868300  1.632504e+00  2.639910e+00  1.632396e+00  2.640237e+00  1.685775e+00  2.072122e+00  
   4.2068300  1.592016e+00  2.731131e+00  1.591884e+00  2.731461e+00  1.678599e+00  2.147589e+00  
   4.2278299  1.538332e+00  2.829375e+00  1.538173e+00  2.829703e+00  1.663158e+00  2.233345e+00  
   4.2488298  1.472474e+00  2.928548e+00  1.472286e+00  2.928868e+00  1.637957e+00  2.324806e+00  
   4.2698302  1.393988e+00  3.026894e+00  1.393767e+00  3.027201e+00  1.601469e+00  2.420598e+00  
   4.2908301  1.302725e+00  3.122561e+00  1.302470e+00  3.122854e+00  1.552425e+00  2.518967e+00  
   4.3108301  1.204067e+00  3.209462e+00  1.203779e+00  3.209737e+00  1.493201e+00  2.613159e+00  
   4.3318300  1.088573e+00  3.294469e+00  1.088250e+00  3.294721e+00  1.417399e+00  2.710368e+00  
   4.3528299  9.615955e-01  3.371270e+00  9.612383e-01  3.371499e+00  1.327643e+00  2.803421e+00  
   4.3738298  8.241167e-01  3.438096e+00  8.237257e-01  3.438302e+00  1.224452e+00  2.889817e+00  
   4.3948302  6.773571e-01  3.493286e+00  6.769351e-01  3.493467e+00  1.108880e+00  2.967140e+00  
   4.4158301  5.227731e-01  3.535321e+00  5.223234e-01  3.535479e+00  9.824980e-01  3.033181e+00  
   4.4358301  3.697839e-01  3.561901e+00  3.693115e-01  3.562041e+00  8.539180e-01  3.083873e+00  
   4.4568300  2.048542e-01  3.574603e+00  2.043623e-01  3.574725e+00  7.125488e-01  3.122882e+00  
   4.4778299  3.749070e-02  3.570871e+00  3.698504e-02  3.570976e+00  5.672165e-01  3.146378e+00  
   4.4988298  -1.301797e-01  3.550129e+00  -1.306935e-01  3.550225e+00  4.206189e-01  3.153938e+00  
   4.5198302  -2.959362e-01  3.512152e+00  -2.964523e-01  3.512237e+00  2.754185e-01  3.145681e+00  
   4.5408301  -4.574952e-01  3.457093e+00  -4.580079e-01  3.457170e+00  1.341233e-01  3.122252e+00  
   4.5608301  -6.053864e-01  3.389293e+00  -6.058911e-01  3.389364e+00  5.223755e-03  3.086832e+00  
   4.5818300  -7.522899e-01  3.302924e+00  -7.527820e-01  3.302990e+00  -1.223723e-01  3.037287e+00  
   4.6034298  -8.923174e-01  3.199343e+00  -8.927932e-01  3.199403e+00  -2.438252e-01  2.974925e+00  
   4.6234298  -1.010271e+00  3.091810e+00  -1.010730e+00  3.091863e+00  -3.464737e-01  2.908657e+00  
   4.6444302  -1.120573e+00  2.968978e+00  -1.121013e+00  2.969023e+00  -4.435281e-01  2.832160e+00  
   4.6654301  -1.215912e+00  2.838398e+00  -1.216335e+00  2.838433e+00  -5.293887e-01  2.750495e+00  
   4.6864300  -1.295643e+00  2.702691e+00  -1.296049e+00  2.702712e+00  -6.041862e-01  2.665499e+00  
   4.7074299  -1.359592e+00  2.564541e+00  -1.359985e+00  2.564544e+00  -6.683193e-01  2.578859e+00  
   4.7274299  -1.406099e+00  2.433090e+00  -1.406482e+00  2.433072e+00  -7.200311e-01  2.496181e+00  
   4.7484298  -1.440523e+00  2.297535e+00  -1.440899e+00  2.297491e+00  -7.651953e-01  2.410427e+00  
   4.7694302  -1.461289e+00  2.166626e+00  -1.461661e+00  2.166551e+00  -8.018037e-01  2.326807e+00  
   4.7904301  -1.469812e+00  2.042167e+00  -1.470182e+00  2.042056e+00  -8.306994e-01  2.246182e+00  
   4.8114300  -1.467708e+00  1.925543e+00  -1.468077e+00  1.925393e+00  -8.527288e-01  2.169210e+00  
   4.8324299  -1.456699e+00  1.817723e+00  -1.457067e+00  1.817529e+00  -8.687139e-01  2.096374e+00  
   4.8524299  -1.439514e+00  1.723741e+00  -1.439881e+00  1.723502e+00  -8.790343e-01  2.031146e+00  
   4.8734298  -1.416025e+00  1.634392e+00  -1.416390e+00  1.634104e+00  -8.854275e-01  1.967181e+00  
   4.8944302  -1.388460e+00  1.554501e+00  -1.388820e+00  1.554162e+00  -8.879395e-01  1.907917e+00  
   4.9154301  -1.358170e+00  1.483719e+00  -1.358521e+00  1.483328e+00  -8.871949e-01  1.853326e+00  
   4.9364300  -1.326309e+00  1.421512e+00  -1.326649e+00  1.421068e+00  -8.837608e-01  1.803295e+00  
   4.9574299  -1.293830e+00  1.367225e+00  -1.294154e+00  1.366729e+00  -8.781462e-01  1.757649e+00  
   4.9774299  -1.263017e+00  1.322226e+00  -1.263322e+00  1.321682e+00  -8.711866e-01  1.718048e+00  
   4.9984298  -1.231347e+00  1.281300e+00  -1.231629e+00  1.280706e+00  -8.625684e-01  1.680288e+00  
