w Re-xx Im-xx Re-yy Im-yy Re-zz Im-zz
# Gaussian absolute broadening  0.15 [eV]
   0.0000000  7.692559e-01  8.864855e-05  7.692501e-01  8.865523e-05  7.244017e-01  7.868660e-05  
   0.0200000  7.693562e-01  9.487625e-05  7.693504e-01  9.488313e-05  7.244906e-01  8.421302e-05  
   0.0410000  7.694752e-01  1.019730e-04  7.694695e-01  1.019801e-04  7.245963e-01  9.051024e-05  
   0.0620000  7.696110e-01  1.096775e-04  7.696055e-01  1.096847e-04  7.247170e-01  9.734608e-05  
   0.0830000  7.697654e-01  1.180237e-04  7.697595e-01  1.180310e-04  7.248535e-01  1.047507e-04  
   0.1040000  7.699400e-01  1.270411e-04  7.699343e-01  1.270485e-04  7.250088e-01  1.127500e-04  
   0.1240000  7.701275e-01  1.362745e-04  7.701219e-01  1.362820e-04  7.251753e-01  1.209402e-04  
   0.1450000  7.703490e-01  1.466626e-04  7.703433e-01  1.466700e-04  7.253718e-01  1.301536e-04  
   0.1660000  7.705976e-01  1.577669e-04  7.705917e-01  1.577744e-04  7.255921e-01  1.400012e-04  
   0.1870000  7.708753e-01  1.695841e-04  7.708696e-01  1.695915e-04  7.258387e-01  1.504795e-04  
   0.2080000  7.711843e-01  1.820996e-04  7.711788e-01  1.821071e-04  7.261132e-01  1.615757e-04  
   0.2290000  7.715266e-01  1.952880e-04  7.715207e-01  1.952956e-04  7.264166e-01  1.732669e-04  
   0.2490000  7.718849e-01  2.084417e-04  7.718790e-01  2.084495e-04  7.267343e-01  1.849257e-04  
   0.2700000  7.722962e-01  2.228341e-04  7.722905e-01  2.228422e-04  7.270992e-01  1.976805e-04  
   0.2910000  7.727443e-01  2.377723e-04  7.727384e-01  2.377808e-04  7.274966e-01  2.109166e-04  
   0.3120000  7.732303e-01  2.532024e-04  7.732248e-01  2.532114e-04  7.279280e-01  2.245861e-04  
   0.3330000  7.737545e-01  2.690691e-04  7.737489e-01  2.690788e-04  7.283930e-01  2.386396e-04  
   0.3540000  7.743176e-01  2.853188e-04  7.743118e-01  2.853295e-04  7.288922e-01  2.530295e-04  
   0.3740000  7.748895e-01  3.011053e-04  7.748839e-01  3.011168e-04  7.293993e-01  2.670059e-04  
   0.3950000  7.755278e-01  3.179641e-04  7.755221e-01  3.179768e-04  7.299652e-01  2.819280e-04  
   0.4160000  7.762046e-01  3.350754e-04  7.761990e-01  3.350895e-04  7.305653e-01  2.970698e-04  
   0.4374300  7.769355e-01  3.527652e-04  7.769298e-01  3.527806e-04  7.312133e-01  3.127190e-04  
   0.4574300  7.776533e-01  3.694598e-04  7.776478e-01  3.694766e-04  7.318497e-01  3.274834e-04  
   0.4784300  7.784444e-01  3.871644e-04  7.784390e-01  3.871827e-04  7.325508e-01  3.431361e-04  
   0.4994300  7.792740e-01  4.050366e-04  7.792686e-01  4.050564e-04  7.332859e-01  3.589317e-04  
   0.5204300  7.801419e-01  4.230692e-04  7.801365e-01  4.230904e-04  7.340549e-01  3.748637e-04  
   0.5414300  7.810482e-01  4.412589e-04  7.810429e-01  4.412815e-04  7.348582e-01  3.909282e-04  
   0.5614300  7.819479e-01  4.587283e-04  7.819425e-01  4.587521e-04  7.356548e-01  4.063507e-04  
   0.5824300  7.829301e-01  4.772260e-04  7.829249e-01  4.772510e-04  7.365250e-01  4.226747e-04  
   0.6034300  7.839516e-01  4.958858e-04  7.839462e-01  4.959118e-04  7.374296e-01  4.391349e-04  
   0.6244300  7.850128e-01  5.147131e-04  7.850075e-01  5.147401e-04  7.383694e-01  4.557355e-04  
   0.6454300  7.861139e-01  5.337132e-04  7.861086e-01  5.337409e-04  7.393440e-01  4.724812e-04  
   0.6664300  7.872549e-01  5.528925e-04  7.872497e-01  5.529206e-04  7.403542e-01  4.893771e-04  
   0.6864300  7.883793e-01  5.713310e-04  7.883741e-01  5.713595e-04  7.413492e-01  5.056126e-04  
   0.7074300  7.895999e-01  5.908796e-04  7.895948e-01  5.909087e-04  7.424293e-01  5.228179e-04  
   0.7284300  7.908615e-01  6.106276e-04  7.908565e-01  6.106572e-04  7.435455e-01  5.401902e-04  
   0.7494300  7.921652e-01  6.305834e-04  7.921602e-01  6.306134e-04  7.446987e-01  5.577364e-04  
   0.7704300  7.935107e-01  6.507541e-04  7.935057e-01  6.507844e-04  7.458887e-01  5.754622e-04  
   0.7914300  7.948987e-01  6.711481e-04  7.948941e-01  6.711790e-04  7.471162e-01  5.933748e-04  
   0.8114300  7.962603e-01  6.907858e-04  7.962556e-01  6.908173e-04  7.483199e-01  6.106143e-04  
   0.8324300  7.977329e-01  7.116402e-04  7.977281e-01  7.116724e-04  7.496214e-01  6.289118e-04  
   0.8540300  7.992937e-01  7.333506e-04  7.992890e-01  7.333836e-04  7.510005e-01  6.479495e-04  
   0.8740300  8.007804e-01  7.536968e-04  8.007758e-01  7.537309e-04  7.523141e-01  6.657806e-04  
   0.8950300  8.023857e-01  7.753223e-04  8.023812e-01  7.753575e-04  7.537320e-01  6.847218e-04  
   0.9160300  8.040368e-01  7.972262e-04  8.040324e-01  7.972628e-04  7.551899e-01  7.038952e-04  
   0.9370300  8.057340e-01  8.194192e-04  8.057297e-01  8.194573e-04  7.566881e-01  7.233096e-04  
   0.9580300  8.074781e-01  8.419121e-04  8.074735e-01  8.419518e-04  7.582273e-01  7.429738e-04  
   0.9780300  8.091834e-01  8.636236e-04  8.091789e-01  8.636647e-04  7.597322e-01  7.619424e-04  
   0.9990300  8.110212e-01  8.867350e-04  8.110170e-01  8.867778e-04  7.613535e-01  7.821212e-04  
   1.0200300  8.129078e-01  9.101806e-04  8.129036e-01  9.102246e-04  7.630174e-01  8.025775e-04  
   1.0410300  8.148443e-01  9.339722e-04  8.148401e-01  9.340179e-04  7.647246e-01  8.233211e-04  
   1.0620300  8.168313e-01  9.581224e-04  8.168274e-01  9.581689e-04  7.664759e-01  8.443620e-04  
   1.0830300  8.188694e-01  9.826439e-04  8.188655e-01  9.826911e-04  7.682718e-01  8.657104e-04  
   1.1030300  8.208587e-01  1.006354e-03  8.208549e-01  1.006401e-03  7.700240e-01  8.863375e-04  
   1.1240300  8.229988e-01  1.031636e-03  8.229952e-01  1.031684e-03  7.719089e-01  9.083168e-04  
   1.1450300  8.251926e-01  1.057329e-03  8.251889e-01  1.057377e-03  7.738399e-01  9.306354e-04  
   1.1660300  8.274407e-01  1.083446e-03  8.274370e-01  1.083495e-03  7.758183e-01  9.533043e-04  
   1.1870300  8.297441e-01  1.110003e-03  8.297406e-01  1.110050e-03  7.778447e-01  9.763358e-04  
   1.2080300  8.321034e-01  1.137014e-03  8.321002e-01  1.137061e-03  7.799197e-01  9.997429e-04  
   1.2280300  8.344035e-01  1.163175e-03  8.344003e-01  1.163222e-03  7.819415e-01  1.022395e-03  
   1.2490300  8.368751e-01  1.191120e-03  8.368720e-01  1.191166e-03  7.841138e-01  1.046572e-03  
   1.2706300  8.394796e-01  1.220391e-03  8.394766e-01  1.220436e-03  7.864018e-01  1.071874e-03  
   1.2906300  8.419475e-01  1.247986e-03  8.419446e-01  1.248031e-03  7.885689e-01  1.095707e-03  
   1.3116300  8.445989e-01  1.277490e-03  8.445962e-01  1.277535e-03  7.908965e-01  1.121166e-03  
   1.3326300  8.473123e-01  1.307556e-03  8.473099e-01  1.307601e-03  7.932774e-01  1.147088e-03  
   1.3536299  8.500900e-01  1.338205e-03  8.500874e-01  1.338251e-03  7.957136e-01  1.173488e-03  
   1.3746300  8.529323e-01  1.369459e-03  8.529298e-01  1.369506e-03  7.982053e-01  1.200384e-03  
   1.3946300  8.557012e-01  1.399809e-03  8.556989e-01  1.399857e-03  8.006320e-01  1.226479e-03  
   1.4156300  8.586748e-01  1.432312e-03  8.586726e-01  1.432362e-03  8.032368e-01  1.254398e-03  
   1.4366300  8.617170e-01  1.465490e-03  8.617149e-01  1.465544e-03  8.059006e-01  1.282870e-03  
   1.4576300  8.648303e-01  1.499370e-03  8.648284e-01  1.499426e-03  8.086253e-01  1.311915e-03  
   1.4786299  8.680155e-01  1.533977e-03  8.680139e-01  1.534036e-03  8.114117e-01  1.341554e-03  
   1.4996300  8.712744e-01  1.569339e-03  8.712729e-01  1.569402e-03  8.142611e-01  1.371810e-03  
   1.5196300  8.744478e-01  1.603745e-03  8.744463e-01  1.603812e-03  8.170343e-01  1.401216e-03  
   1.5406300  8.778547e-01  1.640666e-03  8.778535e-01  1.640737e-03  8.200105e-01  1.432740e-03  
   1.5616300  8.813401e-01  1.678430e-03  8.813391e-01  1.678506e-03  8.230535e-01  1.464949e-03  
   1.5826300  8.849056e-01  1.717071e-03  8.849047e-01  1.717152e-03  8.261647e-01  1.497869e-03  
   1.6036299  8.885534e-01  1.756624e-03  8.885525e-01  1.756709e-03  8.293459e-01  1.531528e-03  
   1.6246300  8.922848e-01  1.797127e-03  8.922842e-01  1.797216e-03  8.325983e-01  1.565955e-03  
   1.6446300  8.959184e-01  1.836615e-03  8.959180e-01  1.836710e-03  8.357632e-01  1.599482e-03  
   1.6656300  8.998190e-01  1.879082e-03  8.998187e-01  1.879181e-03  8.391596e-01  1.635494e-03  
   1.6872300  9.039258e-01  1.923882e-03  9.039259e-01  1.923986e-03  8.427328e-01  1.673436e-03  
   1.7072300  9.078155e-01  1.966417e-03  9.078156e-01  1.966526e-03  8.461151e-01  1.709413e-03  
   1.7282300  9.119920e-01  2.012220e-03  9.119925e-01  2.012333e-03  8.497446e-01  1.748103e-03  
   1.7492300  9.162657e-01  2.059247e-03  9.162663e-01  2.059363e-03  8.534564e-01  1.787770e-03  
   1.7702301  9.206395e-01  2.107552e-03  9.206403e-01  2.107673e-03  8.572522e-01  1.828456e-03  
   1.7912300  9.251159e-01  2.157201e-03  9.251172e-01  2.157326e-03  8.611349e-01  1.870207e-03  
   1.8112299  9.294775e-01  2.205798e-03  9.294789e-01  2.205926e-03  8.649153e-01  1.911007e-03  
   1.8322300  9.341630e-01  2.258270e-03  9.341648e-01  2.258402e-03  8.689737e-01  1.954986e-03  
   1.8532300  9.389605e-01  2.312302e-03  9.389625e-01  2.312438e-03  8.731261e-01  2.000190e-03  
   1.8742300  9.438727e-01  2.367982e-03  9.438750e-01  2.368122e-03  8.773745e-01  2.046680e-03  
   1.8952301  9.489037e-01  2.425403e-03  9.489065e-01  2.425548e-03  8.817224e-01  2.094525e-03  
   1.9162300  9.540563e-01  2.484669e-03  9.540591e-01  2.484817e-03  8.861715e-01  2.143801e-03  
   1.9362299  9.590797e-01  2.542931e-03  9.590826e-01  2.543084e-03  8.905060e-01  2.192139e-03  
   1.9572300  9.644805e-01  2.606137e-03  9.644839e-01  2.606294e-03  8.951625e-01  2.244463e-03  
   1.9782300  9.700148e-01  2.671560e-03  9.700185e-01  2.671722e-03  8.999299e-01  2.298501e-03  
   1.9992300  9.756856e-01  2.739351e-03  9.756894e-01  2.739520e-03  9.048108e-01  2.354377e-03  
   2.0202301  9.814987e-01  2.809681e-03  9.815028e-01  2.809856e-03  9.098096e-01  2.412232e-03  
   2.0412300  9.874573e-01  2.882733e-03  9.874621e-01  2.882915e-03  9.149299e-01  2.472230e-03  
   2.0612299  9.932725e-01  2.955026e-03  9.932775e-01  2.955215e-03  9.199217e-01  2.531533e-03  
   2.0822301  9.995310e-01  3.034002e-03  9.995362e-01  3.034201e-03  9.252893e-01  2.596281e-03  
   2.1038301  1.006137e+00  3.118767e-03  1.006143e+00  3.118976e-03  9.309498e-01  2.665783e-03  
   2.1238301  1.012411e+00  3.200692e-03  1.012417e+00  3.200909e-03  9.363205e-01  2.733021e-03  
   2.1448300  1.019168e+00  3.290546e-03  1.019175e+00  3.290775e-03  9.420990e-01  2.806910e-03  
   2.1658299  1.026105e+00  3.384620e-03  1.026112e+00  3.384862e-03  9.480246e-01  2.884507e-03  
   2.1868300  1.033228e+00  3.483239e-03  1.033236e+00  3.483494e-03  9.541035e-01  2.966194e-03  
   2.2078300  1.040545e+00  3.586738e-03  1.040553e+00  3.587008e-03  9.603403e-01  3.052381e-03  
   2.2278299  1.047701e+00  3.690177e-03  1.047709e+00  3.690463e-03  9.664335e-01  3.139051e-03  
   2.2488301  1.055419e+00  3.804265e-03  1.055427e+00  3.804568e-03  9.729971e-01  3.235319e-03  
   2.2698300  1.063353e+00  3.924363e-03  1.063363e+00  3.924684e-03  9.797360e-01  3.337459e-03  
   2.2908299  1.071515e+00  4.050910e-03  1.071526e+00  4.051247e-03  9.866593e-01  3.445984e-03  
   2.3118300  1.079913e+00  4.184374e-03  1.079924e+00  4.184733e-03  9.937729e-01  3.561416e-03  
   2.3328300  1.088558e+00  4.325269e-03  1.088569e+00  4.325651e-03  1.001085e+00  3.684291e-03  
   2.3528299  1.097030e+00  4.466883e-03  1.097042e+00  4.467286e-03  1.008239e+00  3.808751e-03  
   2.3738301  1.106188e+00  4.623982e-03  1.106200e+00  4.624408e-03  1.015960e+00  3.947793e-03  
   2.3948300  1.115626e+00  4.790372e-03  1.115639e+00  4.790826e-03  1.023904e+00  4.095992e-03  
   2.4158299  1.125359e+00  4.966849e-03  1.125373e+00  4.967329e-03  1.032080e+00  4.253992e-03  
   2.4368300  1.135400e+00  5.154300e-03  1.135415e+00  5.154813e-03  1.040500e+00  4.422490e-03  
   2.4578300  1.145766e+00  5.353732e-03  1.145781e+00  5.354278e-03  1.049172e+00  4.602244e-03  
   2.4778299  1.155954e+00  5.555853e-03  1.155971e+00  5.556435e-03  1.057680e+00  4.784680e-03  
   2.4988301  1.167003e+00  5.782145e-03  1.167020e+00  5.782766e-03  1.066885e+00  4.988964e-03  
   2.5204301  1.178762e+00  6.031498e-03  1.178781e+00  6.032163e-03  1.076659e+00  5.213821e-03  
   2.5404301  1.190029e+00  6.279035e-03  1.190049e+00  6.279744e-03  1.086000e+00  5.436531e-03  
   2.5614300  1.202274e+00  6.558193e-03  1.202295e+00  6.558958e-03  1.096125e+00  5.686815e-03  
   2.5824299  1.214969e+00  6.859502e-03  1.214991e+00  6.860322e-03  1.106594e+00  5.955635e-03  
   2.6034300  1.228146e+00  7.185963e-03  1.228168e+00  7.186849e-03  1.117426e+00  6.245058e-03  
   2.6244299  1.241834e+00  7.541258e-03  1.241859e+00  7.542216e-03  1.128644e+00  6.557551e-03  
   2.6444299  1.255381e+00  7.910684e-03  1.255407e+00  7.911719e-03  1.139709e+00  6.879404e-03  
   2.6654301  1.270180e+00  8.336842e-03  1.270207e+00  8.337969e-03  1.151753e+00  7.246434e-03  
   2.6864300  1.285611e+00  8.809685e-03  1.285640e+00  8.810910e-03  1.164262e+00  7.647942e-03  
   2.7074299  1.301726e+00  9.339219e-03  1.301756e+00  9.340566e-03  1.177271e+00  8.090048e-03  
   2.7284300  1.318583e+00  9.938749e-03  1.318614e+00  9.940230e-03  1.190817e+00  8.580638e-03  
   2.7494299  1.336244e+00  1.062610e-02  1.336278e+00  1.062774e-02  1.204938e+00  9.129948e-03  
   2.7694299  1.353881e+00  1.138425e-02  1.353917e+00  1.138608e-02  1.218966e+00  9.719839e-03  
   2.7904301  1.373335e+00  1.231983e-02  1.373374e+00  1.232190e-02  1.234350e+00  1.042579e-02  
   2.8114300  1.393837e+00  1.344052e-02  1.393878e+00  1.344290e-02  1.250460e+00  1.124215e-02  
   2.8324299  1.415490e+00  1.480333e-02  1.415534e+00  1.480609e-02  1.267358e+00  1.219722e-02  
   2.8534300  1.438403e+00  1.648350e-02  1.438450e+00  1.648677e-02  1.285112e+00  1.332714e-02  
   2.8744299  1.462697e+00  1.857919e-02  1.462748e+00  1.858314e-02  1.303794e+00  1.467767e-02  
   2.8944299  1.487232e+00  2.107659e-02  1.487286e+00  2.108135e-02  1.322522e+00  1.622155e-02  
   2.9154301  1.514583e+00  2.437807e-02  1.514640e+00  2.438396e-02  1.343250e+00  1.818199e-02  
   2.9370301  1.544540e+00  2.870427e-02  1.544601e+00  2.871167e-02  1.365798e+00  2.065319e-02  
   2.9570301  1.574029e+00  3.377585e-02  1.574095e+00  3.378506e-02  1.387873e+00  2.345469e-02  
   2.9780300  1.606891e+00  4.048094e-02  1.606962e+00  4.049252e-02  1.412379e+00  2.705666e-02  
   2.9990301  1.641746e+00  4.892655e-02  1.641822e+00  4.894112e-02  1.438330e+00  3.149369e-02  
   3.0200300  1.678598e+00  5.948845e-02  1.678679e+00  5.950671e-02  1.465807e+00  3.695823e-02  
   3.0410299  1.717384e+00  7.258070e-02  1.717469e+00  7.260347e-02  1.494875e+00  4.367813e-02  
   3.0610299  1.755993e+00  8.780518e-02  1.756082e+00  8.783302e-02  1.524078e+00  5.148774e-02  
   3.0820301  1.798063e+00  1.071180e-01  1.798157e+00  1.071520e-01  1.556344e+00  6.145917e-02  
   3.1030300  1.841374e+00  1.302729e-01  1.841471e+00  1.303141e-01  1.590216e+00  7.357886e-02  
   3.1240301  1.885492e+00  1.576770e-01  1.885592e+00  1.577262e-01  1.625603e+00  8.821779e-02  
   3.1450300  1.929875e+00  1.896732e-01  1.929974e+00  1.897312e-01  1.662339e+00  1.057688e-01  
   3.1660299  1.973886e+00  2.265129e-01  1.973985e+00  2.265805e-01  1.700180e+00  1.266337e-01  
   3.1860299  2.014812e+00  2.662238e-01  2.014908e+00  2.663009e-01  1.736934e+00  1.499439e-01  
   3.2070301  2.056015e+00  3.127711e-01  2.056107e+00  3.128584e-01  1.775856e+00  1.783743e-01  
   3.2280300  2.094649e+00  3.641267e-01  2.094733e+00  3.642242e-01  1.814593e+00  2.111475e-01  
   3.2490301  2.129963e+00  4.199679e-01  2.130039e+00  4.200756e-01  1.852520e+00  2.484709e-01  
   3.2700300  2.161274e+00  4.798114e-01  2.161340e+00  4.799287e-01  1.888939e+00  2.904306e-01  
   3.2910299  2.188002e+00  5.430332e-01  2.188056e+00  5.431593e-01  1.923104e+00  3.369671e-01  
   3.3110299  2.208786e+00  6.057110e-01  2.208828e+00  6.058446e-01  1.952853e+00  3.853377e-01  
   3.3320301  2.225430e+00  6.733305e-01  2.225457e+00  6.734710e-01  1.980451e+00  4.399959e-01  
   3.3536301  2.236897e+00  7.439337e-01  2.236912e+00  7.440801e-01  2.004263e+00  4.997550e-01  
   3.3736300  2.242464e+00  8.094722e-01  2.242464e+00  8.096232e-01  2.021654e+00  5.576003e-01  
   3.3946300  2.243300e+00  8.776978e-01  2.243288e+00  8.778523e-01  2.034710e+00  6.200973e-01  
   3.4156301  2.239373e+00  9.446391e-01  2.239347e+00  9.447968e-01  2.042227e+00  6.834527e-01  
   3.4366300  2.231157e+00  1.009724e+00  2.231121e+00  1.009884e+00  2.044200e+00  7.466632e-01  
   3.4576299  2.219203e+00  1.072522e+00  2.219157e+00  1.072684e+00  2.040847e+00  8.087400e-01  
   3.4776299  2.204874e+00  1.129943e+00  2.204820e+00  1.130107e+00  2.033087e+00  8.659682e-01  
   3.4986300  2.187277e+00  1.187586e+00  2.187217e+00  1.187752e+00  2.020721e+00  9.233089e-01  
   3.5196300  2.167586e+00  1.242489e+00  2.167520e+00  1.242656e+00  2.004773e+00  9.772202e-01  
   3.5406301  2.146254e+00  1.294721e+00  2.146183e+00  1.294891e+00  1.986088e+00  1.027288e+00  
   3.5616300  2.123648e+00  1.344417e+00  2.123575e+00  1.344589e+00  1.965544e+00  1.073317e+00  
   3.5826299  2.100048e+00  1.391748e+00  2.099973e+00  1.391923e+00  1.944003e+00  1.115341e+00  
   3.6026299  2.076827e+00  1.434787e+00  2.076751e+00  1.434965e+00  1.923276e+00  1.151854e+00  
   3.6236300  2.051785e+00  1.477988e+00  2.051710e+00  1.478170e+00  1.901922e+00  1.186898e+00  
   3.6446300  2.026155e+00  1.519270e+00  2.026082e+00  1.519454e+00  1.881480e+00  1.219082e+00  
   3.6656301  2.000008e+00  1.558709e+00  1.999937e+00  1.558895e+00  1.862274e+00  1.249001e+00  
   3.6866300  1.973425e+00  1.596337e+00  1.973356e+00  1.596525e+00  1.844449e+00  1.277256e+00  
   3.7076299  1.946520e+00  1.632153e+00  1.946456e+00  1.632341e+00  1.827992e+00  1.304403e+00  
   3.7276299  1.920756e+00  1.664558e+00  1.920697e+00  1.664745e+00  1.813462e+00  1.329652e+00  
   3.7486300  1.893783e+00  1.696774e+00  1.893730e+00  1.696960e+00  1.799193e+00  1.355860e+00  
   3.7702301  1.866445e+00  1.727986e+00  1.866400e+00  1.728168e+00  1.785313e+00  1.382710e+00  
   3.7902300  1.841847e+00  1.755198e+00  1.841809e+00  1.755375e+00  1.772962e+00  1.407544e+00  
   3.8112299  1.817171e+00  1.782155e+00  1.817142e+00  1.782328e+00  1.760350e+00  1.433565e+00  
   3.8322301  1.794119e+00  1.807687e+00  1.794101e+00  1.807855e+00  1.748032e+00  1.459423e+00  
   3.8532300  1.773151e+00  1.832140e+00  1.773141e+00  1.832304e+00  1.736056e+00  1.484981e+00  
   3.8742299  1.754684e+00  1.855989e+00  1.754684e+00  1.856149e+00  1.724588e+00  1.510121e+00  
   3.8942299  1.739747e+00  1.878693e+00  1.739758e+00  1.878850e+00  1.714393e+00  1.533628e+00  
   3.9152300  1.727082e+00  1.903218e+00  1.727101e+00  1.903374e+00  1.704790e+00  1.557902e+00  
   3.9362299  1.717607e+00  1.929265e+00  1.717635e+00  1.929422e+00  1.696708e+00  1.581949e+00  
   3.9572301  1.711249e+00  1.957753e+00  1.711284e+00  1.957912e+00  1.690543e+00  1.606119e+00  
   3.9782300  1.707722e+00  1.989643e+00  1.707761e+00  1.989807e+00  1.686635e+00  1.630923e+00  
   3.9992299  1.706512e+00  2.025903e+00  1.706554e+00  2.026074e+00  1.685220e+00  1.657032e+00  
   4.0192299  1.706836e+00  2.065339e+00  1.706877e+00  2.065518e+00  1.686272e+00  1.683847e+00  
   4.0402298  1.707792e+00  2.112679e+00  1.707828e+00  2.112867e+00  1.689800e+00  1.714917e+00  
   4.0612302  1.708220e+00  2.166743e+00  1.708246e+00  2.166940e+00  1.695495e+00  1.749924e+00  
   4.0822301  1.706768e+00  2.227974e+00  1.706781e+00  2.228180e+00  1.702790e+00  1.789839e+00  
   4.1032300  1.701959e+00  2.296560e+00  1.701952e+00  2.296772e+00  1.710865e+00  1.835589e+00  
   4.1242299  1.692246e+00  2.372398e+00  1.692214e+00  2.372616e+00  1.718643e+00  1.887986e+00  
   4.1442299  1.677020e+00  2.450993e+00  1.676959e+00  2.451210e+00  1.724570e+00  1.944653e+00  
   4.1652298  1.653333e+00  2.539511e+00  1.653236e+00  2.539728e+00  1.727781e+00  2.011643e+00  
   4.1868300  1.619338e+00  2.635916e+00  1.619199e+00  2.636126e+00  1.726124e+00  2.088661e+00  
   4.2068300  1.578061e+00  2.728820e+00  1.577880e+00  2.729018e+00  1.718447e+00  2.167080e+00  
   4.2278299  1.523675e+00  2.828672e+00  1.523445e+00  2.828857e+00  1.702291e+00  2.256164e+00  
   4.2488298  1.457322e+00  2.929223e+00  1.457042e+00  2.929390e+00  1.676154e+00  2.351130e+00  
   4.2698302  1.378626e+00  3.028664e+00  1.378292e+00  3.028812e+00  1.638491e+00  2.450542e+00  
   4.2908301  1.287504e+00  3.125106e+00  1.287119e+00  3.125233e+00  1.588023e+00  2.552564e+00  
   4.3108301  1.189354e+00  3.212429e+00  1.188921e+00  3.212537e+00  1.527218e+00  2.650189e+00  
   4.3318300  1.074810e+00  3.297559e+00  1.074329e+00  3.297647e+00  1.449540e+00  2.750868e+00  
   4.3528299  9.492083e-01  3.374183e+00  9.486822e-01  3.374251e+00  1.357717e+00  2.847160e+00  
   4.3738298  8.134947e-01  3.440584e+00  8.129301e-01  3.440636e+00  1.252315e+00  2.936479e+00  
   4.3948302  6.688271e-01  3.495173e+00  6.682296e-01  3.495212e+00  1.134439e+00  3.016334e+00  
   4.4158301  5.165693e-01  3.536513e+00  5.159459e-01  3.536540e+00  1.005713e+00  3.084454e+00  
   4.4358301  3.659114e-01  3.562423e+00  3.652702e-01  3.562442e+00  8.749167e-01  3.136657e+00  
   4.4568300  2.034353e-01  3.574488e+00  2.027832e-01  3.574503e+00  7.312844e-01  3.176742e+00  
   4.4778299  3.841390e-02  3.570264e+00  3.775886e-02  3.570272e+00  5.837973e-01  3.200783e+00  
   4.4988298  -1.271327e-01  3.549228e+00  -1.277835e-01  3.549235e+00  4.351881e-01  3.208369e+00  
   4.5198302  -2.910689e-01  3.511187e+00  -2.917084e-01  3.511191e+00  2.881455e-01  3.199654e+00  
   4.5408301  -4.511677e-01  3.456308e+00  -4.517898e-01  3.456310e+00  1.451960e-01  3.175330e+00  
   4.5608301  -5.980258e-01  3.388898e+00  -5.986267e-01  3.388898e+00  1.490411e-02  3.138710e+00  
   4.5818300  -7.442144e-01  3.303138e+00  -7.447892e-01  3.303137e+00  -1.139566e-01  3.087606e+00  
   4.6034298  -8.838681e-01  3.200351e+00  -8.844131e-01  3.200348e+00  -2.364982e-01  3.023401e+00  
   4.6234298  -1.001753e+00  3.093653e+00  -1.002269e+00  3.093649e+00  -3.399654e-01  2.955280e+00  
   4.6444302  -1.112204e+00  2.971747e+00  -1.112689e+00  2.971741e+00  -4.376855e-01  2.876752e+00  
   4.6654301  -1.207852e+00  2.842088e+00  -1.208307e+00  2.842083e+00  -5.240173e-01  2.793030e+00  
   4.6864300  -1.287982e+00  2.707247e+00  -1.288409e+00  2.707243e+00  -5.990942e-01  2.706005e+00  
   4.7074299  -1.352363e+00  2.569871e+00  -1.352765e+00  2.569869e+00  -6.633191e-01  2.617402e+00  
   4.7274299  -1.399267e+00  2.439049e+00  -1.399649e+00  2.439049e+00  -7.149474e-01  2.532943e+00  
   4.7484298  -1.434064e+00  2.304029e+00  -1.434428e+00  2.304033e+00  -7.598498e-01  2.445431e+00  
   4.7694302  -1.455139e+00  2.173530e+00  -1.455488e+00  2.173537e+00  -7.960244e-01  2.360178e+00  
   4.7904301  -1.463898e+00  2.049368e+00  -1.464236e+00  2.049376e+00  -8.243231e-01  2.278052e+00  
   4.8114300  -1.461960e+00  1.932948e+00  -1.462291e+00  1.932957e+00  -8.456029e-01  2.199712e+00  
   4.8324299  -1.451057e+00  1.825265e+00  -1.451382e+00  1.825274e+00  -8.606987e-01  2.125641e+00  
   4.8524299  -1.433931e+00  1.731376e+00  -1.434252e+00  1.731382e+00  -8.700559e-01  2.059362e+00  
   4.8734298  -1.410473e+00  1.642112e+00  -1.410792e+00  1.642112e+00  -8.753301e-01  1.994424e+00  
   4.8944302  -1.382922e+00  1.562312e+00  -1.383241e+00  1.562305e+00  -8.766296e-01  1.934323e+00  
   4.9154301  -1.352645e+00  1.491647e+00  -1.352963e+00  1.491631e+00  -8.745947e-01  1.879029e+00  
   4.9364300  -1.320809e+00  1.429596e+00  -1.321125e+00  1.429568e+00  -8.698089e-01  1.828433e+00  
   4.9574299  -1.288375e+00  1.375512e+00  -1.288690e+00  1.375471e+00  -8.627953e-01  1.782358e+00  
   4.9774299  -1.257632e+00  1.330753e+00  -1.257945e+00  1.330698e+00  -8.544715e-01  1.742477e+00  
   4.9984298  -1.226070e+00  1.290126e+00  -1.226379e+00  1.290053e+00  -8.443985e-01  1.704554e+00  
