w Re-xx Im-xx Re-yy Im-yy Re-zz Im-zz
# Gaussian absolute broadening  0.15 [eV]
   0.0000000  7.681560e-01  8.827188e-05  7.681597e-01  8.827828e-05  7.249655e-01  7.886965e-05  
   0.0200000  7.682559e-01  9.447256e-05  7.682596e-01  9.447960e-05  7.250547e-01  8.440768e-05  
   0.0410000  7.683744e-01  1.015384e-04  7.683783e-01  1.015461e-04  7.251605e-01  9.071825e-05  
   0.0620000  7.685096e-01  1.092092e-04  7.685134e-01  1.092178e-04  7.252814e-01  9.756882e-05  
   0.0830000  7.686630e-01  1.175189e-04  7.686669e-01  1.175282e-04  7.254187e-01  1.049896e-04  
   0.1040000  7.688372e-01  1.264967e-04  7.688411e-01  1.265068e-04  7.255742e-01  1.130067e-04  
   0.1240000  7.690239e-01  1.356895e-04  7.690276e-01  1.357005e-04  7.257411e-01  1.212152e-04  
   0.1450000  7.692444e-01  1.460317e-04  7.692482e-01  1.460435e-04  7.259380e-01  1.304496e-04  
   0.1660000  7.694918e-01  1.570870e-04  7.694954e-01  1.570997e-04  7.261589e-01  1.403198e-04  
   0.1870000  7.697684e-01  1.688519e-04  7.697721e-01  1.688654e-04  7.264059e-01  1.508227e-04  
   0.2080000  7.700762e-01  1.813117e-04  7.700800e-01  1.813261e-04  7.266810e-01  1.619450e-04  
   0.2290000  7.704169e-01  1.944415e-04  7.704207e-01  1.944567e-04  7.269853e-01  1.736640e-04  
   0.2490000  7.707736e-01  2.075365e-04  7.707775e-01  2.075524e-04  7.273037e-01  1.853507e-04  
   0.2700000  7.711828e-01  2.218645e-04  7.711868e-01  2.218811e-04  7.276693e-01  1.981362e-04  
   0.2910000  7.716291e-01  2.367357e-04  7.716329e-01  2.367528e-04  7.280676e-01  2.114044e-04  
   0.3120000  7.721133e-01  2.520962e-04  7.721168e-01  2.521139e-04  7.285002e-01  2.251071e-04  
   0.3330000  7.726351e-01  2.678913e-04  7.726388e-01  2.679093e-04  7.289662e-01  2.391949e-04  
   0.3540000  7.731953e-01  2.840673e-04  7.731992e-01  2.840857e-04  7.294664e-01  2.536200e-04  
   0.3740000  7.737649e-01  2.997819e-04  7.737689e-01  2.998006e-04  7.299749e-01  2.676306e-04  
   0.3950000  7.744003e-01  3.165636e-04  7.744043e-01  3.165822e-04  7.305422e-01  2.825894e-04  
   0.4160000  7.750740e-01  3.335963e-04  7.750780e-01  3.336149e-04  7.311435e-01  2.977682e-04  
   0.4374300  7.758016e-01  3.512044e-04  7.758057e-01  3.512229e-04  7.317929e-01  3.134557e-04  
   0.4574300  7.765162e-01  3.678216e-04  7.765203e-01  3.678399e-04  7.324309e-01  3.282566e-04  
   0.4784300  7.773039e-01  3.854435e-04  7.773080e-01  3.854615e-04  7.331339e-01  3.439480e-04  
   0.4994300  7.781298e-01  4.032319e-04  7.781340e-01  4.032495e-04  7.338706e-01  3.597827e-04  
   0.5204300  7.789940e-01  4.211792e-04  7.789980e-01  4.211965e-04  7.346416e-01  3.757542e-04  
   0.5414300  7.798962e-01  4.392822e-04  7.799004e-01  4.392992e-04  7.354464e-01  3.918589e-04  
   0.5614300  7.807915e-01  4.566675e-04  7.807955e-01  4.566841e-04  7.362451e-01  4.073200e-04  
   0.5824300  7.817698e-01  4.750760e-04  7.817739e-01  4.750921e-04  7.371175e-01  4.236853e-04  
   0.6034300  7.827861e-01  4.936444e-04  7.827907e-01  4.936606e-04  7.380242e-01  4.401872e-04  
   0.6244300  7.838426e-01  5.123790e-04  7.838469e-01  5.123949e-04  7.389660e-01  4.568303e-04  
   0.6454300  7.849386e-01  5.312848e-04  7.849430e-01  5.313006e-04  7.399431e-01  4.736190e-04  
   0.6664300  7.860748e-01  5.503679e-04  7.860790e-01  5.503839e-04  7.409558e-01  4.905585e-04  
   0.6864300  7.871938e-01  5.687128e-04  7.871981e-01  5.687292e-04  7.419534e-01  5.068362e-04  
   0.7074300  7.884089e-01  5.881615e-04  7.884135e-01  5.881786e-04  7.430359e-01  5.240862e-04  
   0.7284300  7.896644e-01  6.078079e-04  7.896690e-01  6.078260e-04  7.441549e-01  5.415040e-04  
   0.7494300  7.909622e-01  6.276601e-04  7.909667e-01  6.276793e-04  7.453109e-01  5.590963e-04  
   0.7704300  7.923012e-01  6.477248e-04  7.923059e-01  6.477456e-04  7.465035e-01  5.768688e-04  
   0.7914300  7.936832e-01  6.680108e-04  7.936878e-01  6.680334e-04  7.477342e-01  5.948289e-04  
   0.8114300  7.950382e-01  6.875439e-04  7.950432e-01  6.875682e-04  7.489409e-01  6.121142e-04  
   0.8324300  7.965040e-01  7.082862e-04  7.965087e-01  7.083126e-04  7.502456e-01  6.304604e-04  
   0.8540300  7.980573e-01  7.298788e-04  7.980623e-01  7.299077e-04  7.516280e-01  6.495492e-04  
   0.8740300  7.995371e-01  7.501133e-04  7.995420e-01  7.501444e-04  7.529448e-01  6.674279e-04  
   0.8950300  8.011346e-01  7.716196e-04  8.011398e-01  7.716531e-04  7.543664e-01  6.864204e-04  
   0.9160300  8.027778e-01  7.934014e-04  8.027828e-01  7.934374e-04  7.558278e-01  7.056462e-04  
   0.9370300  8.044667e-01  8.154697e-04  8.044718e-01  8.155080e-04  7.573299e-01  7.251137e-04  
   0.9580300  8.062023e-01  8.378350e-04  8.062074e-01  8.378755e-04  7.588730e-01  7.448320e-04  
   0.9780300  8.078994e-01  8.594219e-04  8.079047e-01  8.594646e-04  7.603816e-01  7.638535e-04  
   0.9990300  8.097282e-01  8.823995e-04  8.097335e-01  8.824445e-04  7.620070e-01  7.840887e-04  
   1.0200300  8.116058e-01  9.057078e-04  8.116111e-01  9.057547e-04  7.636750e-01  8.046030e-04  
   1.0410300  8.135327e-01  9.293586e-04  8.135383e-01  9.294070e-04  7.653865e-01  8.254059e-04  
   1.0620300  8.155098e-01  9.533638e-04  8.155155e-01  9.534142e-04  7.671424e-01  8.465078e-04  
   1.0830300  8.175378e-01  9.777362e-04  8.175435e-01  9.777880e-04  7.689430e-01  8.679187e-04  
   1.1030300  8.195170e-01  1.001300e-03  8.195228e-01  1.001353e-03  7.706995e-01  8.886067e-04  
   1.1240300  8.216465e-01  1.026425e-03  8.216525e-01  1.026480e-03  7.725891e-01  9.106512e-04  
   1.1450300  8.238291e-01  1.051957e-03  8.238351e-01  1.052013e-03  7.745252e-01  9.330369e-04  
   1.1660300  8.260657e-01  1.077908e-03  8.260720e-01  1.077964e-03  7.765087e-01  9.557752e-04  
   1.1870300  8.283572e-01  1.104292e-03  8.283634e-01  1.104350e-03  7.785405e-01  9.788778e-04  
   1.2080300  8.307047e-01  1.131126e-03  8.307109e-01  1.131184e-03  7.806211e-01  1.002358e-03  
   1.2280300  8.329928e-01  1.157114e-03  8.329991e-01  1.157173e-03  7.826483e-01  1.025081e-03  
   1.2490300  8.354513e-01  1.184871e-03  8.354580e-01  1.184931e-03  7.848260e-01  1.049335e-03  
   1.2706300  8.380420e-01  1.213943e-03  8.380488e-01  1.214002e-03  7.871200e-01  1.074717e-03  
   1.2906300  8.404970e-01  1.241347e-03  8.405039e-01  1.241407e-03  7.892930e-01  1.098628e-03  
   1.3116300  8.431344e-01  1.270645e-03  8.431413e-01  1.270706e-03  7.916269e-01  1.124171e-03  
   1.3326300  8.458334e-01  1.300498e-03  8.458403e-01  1.300559e-03  7.940143e-01  1.150178e-03  
   1.3536299  8.485957e-01  1.330927e-03  8.486030e-01  1.330988e-03  7.964571e-01  1.176666e-03  
   1.3746300  8.514227e-01  1.361953e-03  8.514301e-01  1.362015e-03  7.989557e-01  1.203652e-03  
   1.3946300  8.541762e-01  1.392079e-03  8.541839e-01  1.392142e-03  8.013890e-01  1.229835e-03  
   1.4156300  8.571333e-01  1.424339e-03  8.571408e-01  1.424402e-03  8.040006e-01  1.257849e-03  
   1.4366300  8.601586e-01  1.457265e-03  8.601665e-01  1.457330e-03  8.066720e-01  1.286418e-03  
   1.4576300  8.632544e-01  1.490883e-03  8.632622e-01  1.490950e-03  8.094040e-01  1.315563e-03  
   1.4786299  8.664216e-01  1.525220e-03  8.664297e-01  1.525287e-03  8.121980e-01  1.345303e-03  
   1.4996300  8.696617e-01  1.560301e-03  8.696700e-01  1.560371e-03  8.150559e-01  1.375663e-03  
   1.5196300  8.728166e-01  1.594429e-03  8.728251e-01  1.594501e-03  8.178367e-01  1.405172e-03  
   1.5406300  8.762037e-01  1.631047e-03  8.762123e-01  1.631121e-03  8.208212e-01  1.436805e-03  
   1.5616300  8.796690e-01  1.668496e-03  8.796776e-01  1.668573e-03  8.238729e-01  1.469127e-03  
   1.5826300  8.832132e-01  1.706809e-03  8.832221e-01  1.706888e-03  8.269928e-01  1.502163e-03  
   1.6036299  8.868390e-01  1.746019e-03  8.868483e-01  1.746100e-03  8.301832e-01  1.535940e-03  
   1.6246300  8.905481e-01  1.786162e-03  8.905573e-01  1.786245e-03  8.334450e-01  1.570489e-03  
   1.6446300  8.941588e-01  1.825294e-03  8.941684e-01  1.825381e-03  8.366195e-01  1.604136e-03  
   1.6656300  8.980356e-01  1.867368e-03  8.980454e-01  1.867457e-03  8.400255e-01  1.640277e-03  
   1.6872300  9.021166e-01  1.911739e-03  9.021264e-01  1.911831e-03  8.436092e-01  1.678356e-03  
   1.7072300  9.059815e-01  1.953854e-03  9.059917e-01  1.953950e-03  8.470013e-01  1.714466e-03  
   1.7282300  9.101315e-01  1.999190e-03  9.101418e-01  1.999289e-03  8.506417e-01  1.753299e-03  
   1.7492300  9.143773e-01  2.045715e-03  9.143878e-01  2.045817e-03  8.543645e-01  1.793115e-03  
   1.7702301  9.187224e-01  2.093481e-03  9.187332e-01  2.093586e-03  8.581716e-01  1.833956e-03  
   1.7912300  9.231691e-01  2.142544e-03  9.231804e-01  2.142654e-03  8.620660e-01  1.875870e-03  
   1.8112299  9.275014e-01  2.190533e-03  9.275127e-01  2.190647e-03  8.658577e-01  1.916831e-03  
   1.8322300  9.321550e-01  2.242306e-03  9.321667e-01  2.242423e-03  8.699284e-01  1.960985e-03  
   1.8532300  9.369189e-01  2.295560e-03  9.369308e-01  2.295682e-03  8.740931e-01  2.006370e-03  
   1.8742300  9.417969e-01  2.350370e-03  9.418092e-01  2.350498e-03  8.783545e-01  2.053047e-03  
   1.8952301  9.467920e-01  2.406814e-03  9.468044e-01  2.406945e-03  8.827155e-01  2.101079e-03  
   1.9162300  9.519077e-01  2.464969e-03  9.519202e-01  2.465106e-03  8.871784e-01  2.150539e-03  
   1.9362299  9.568940e-01  2.522028e-03  9.569069e-01  2.522171e-03  8.915260e-01  2.199037e-03  
   1.9572300  9.622542e-01  2.583792e-03  9.622679e-01  2.583942e-03  8.961962e-01  2.251508e-03  
   1.9782300  9.677466e-01  2.647555e-03  9.677606e-01  2.647710e-03  9.009785e-01  2.305651e-03  
   1.9992300  9.733740e-01  2.713433e-03  9.733883e-01  2.713595e-03  9.058744e-01  2.361565e-03  
   2.0202301  9.791417e-01  2.781552e-03  9.791560e-01  2.781721e-03  9.108877e-01  2.419365e-03  
   2.0412300  9.850534e-01  2.852053e-03  9.850681e-01  2.852229e-03  9.160229e-01  2.479168e-03  
   2.0612299  9.908216e-01  2.921551e-03  9.908366e-01  2.921734e-03  9.210295e-01  2.538116e-03  
   2.0822301  9.970287e-01  2.997164e-03  9.970441e-01  2.997354e-03  9.264129e-01  2.602250e-03  
   2.1038301  1.003580e+00  3.077958e-03  1.003596e+00  3.078156e-03  9.320900e-01  2.670787e-03  
   2.1238301  1.009801e+00  3.155691e-03  1.009817e+00  3.155898e-03  9.374757e-01  2.736750e-03  
   2.1448300  1.016501e+00  3.240568e-03  1.016518e+00  3.240786e-03  9.432710e-01  2.808808e-03  
   2.1658299  1.023377e+00  3.329034e-03  1.023394e+00  3.329263e-03  9.492136e-01  2.883962e-03  
   2.1868300  1.030438e+00  3.421378e-03  1.030456e+00  3.421618e-03  9.553095e-01  2.962477e-03  
   2.2078300  1.037690e+00  3.517911e-03  1.037708e+00  3.518163e-03  9.615639e-01  3.044634e-03  
   2.2278299  1.044781e+00  3.614060e-03  1.044800e+00  3.614327e-03  9.676740e-01  3.126554e-03  
   2.2488301  1.052429e+00  3.719803e-03  1.052448e+00  3.720085e-03  9.742565e-01  3.216756e-03  
   2.2698300  1.060290e+00  3.830853e-03  1.060310e+00  3.831150e-03  9.810157e-01  3.311610e-03  
   2.2908299  1.068376e+00  3.947665e-03  1.068396e+00  3.947979e-03  9.879600e-01  3.411522e-03  
   2.3118300  1.076695e+00  4.070727e-03  1.076716e+00  4.071061e-03  9.950959e-01  3.516931e-03  
   2.3328300  1.085256e+00  4.200575e-03  1.085278e+00  4.200928e-03  1.002432e+00  3.628315e-03  
   2.3528299  1.093646e+00  4.331081e-03  1.093668e+00  4.331453e-03  1.009610e+00  3.740420e-03  
   2.3738301  1.102713e+00  4.475900e-03  1.102736e+00  4.476296e-03  1.017359e+00  3.865015e-03  
   2.3948300  1.112056e+00  4.629377e-03  1.112080e+00  4.629796e-03  1.025332e+00  3.997267e-03  
   2.4158299  1.121688e+00  4.792265e-03  1.121713e+00  4.792710e-03  1.033541e+00  4.137867e-03  
   2.4368300  1.131624e+00  4.965396e-03  1.131649e+00  4.965863e-03  1.041995e+00  4.287576e-03  
   2.4578300  1.141878e+00  5.149676e-03  1.141904e+00  5.150171e-03  1.050707e+00  4.447238e-03  
   2.4778299  1.151954e+00  5.336476e-03  1.151981e+00  5.337001e-03  1.059254e+00  4.609408e-03  
   2.4988301  1.162877e+00  5.545578e-03  1.162905e+00  5.546135e-03  1.068503e+00  4.791320e-03  
   2.5204301  1.174501e+00  5.775842e-03  1.174529e+00  5.776437e-03  1.078327e+00  4.992099e-03  
   2.5404301  1.185633e+00  6.004177e-03  1.185663e+00  6.004805e-03  1.087718e+00  5.191620e-03  
   2.5614300  1.197726e+00  6.261260e-03  1.197757e+00  6.261931e-03  1.097900e+00  5.416710e-03  
   2.5824299  1.210260e+00  6.538116e-03  1.210292e+00  6.538835e-03  1.108428e+00  5.659529e-03  
   2.6034300  1.223264e+00  6.837235e-03  1.223297e+00  6.838004e-03  1.119325e+00  5.922159e-03  
   2.6244299  1.236766e+00  7.161650e-03  1.236801e+00  7.162475e-03  1.130612e+00  6.207061e-03  
   2.6444299  1.250123e+00  7.497637e-03  1.250159e+00  7.498527e-03  1.141747e+00  6.501816e-03  
   2.6654301  1.264707e+00  7.883492e-03  1.264744e+00  7.884451e-03  1.153870e+00  6.839371e-03  
   2.6864300  1.279905e+00  8.309446e-03  1.279944e+00  8.310486e-03  1.166461e+00  7.210057e-03  
   2.7074299  1.295768e+00  8.783894e-03  1.295808e+00  8.785021e-03  1.179557e+00  7.619519e-03  
   2.7284300  1.312351e+00  9.318079e-03  1.312393e+00  9.319318e-03  1.193195e+00  8.074926e-03  
   2.7494299  1.329715e+00  9.927208e-03  1.329760e+00  9.928576e-03  1.207414e+00  8.585531e-03  
   2.7694299  1.347045e+00  1.059587e-02  1.347091e+00  1.059739e-02  1.221539e+00  9.134081e-03  
   2.7904301  1.366148e+00  1.141776e-02  1.366197e+00  1.141947e-02  1.237032e+00  9.790334e-03  
   2.8114300  1.386269e+00  1.239949e-02  1.386320e+00  1.240145e-02  1.253261e+00  1.054860e-02  
   2.8324299  1.407508e+00  1.359173e-02  1.407562e+00  1.359401e-02  1.270288e+00  1.143492e-02  
   2.8534300  1.429973e+00  1.506206e-02  1.430029e+00  1.506475e-02  1.288184e+00  1.248299e-02  
   2.8744299  1.453784e+00  1.689948e-02  1.453843e+00  1.690271e-02  1.307028e+00  1.373609e-02  
   2.8944299  1.477825e+00  1.909617e-02  1.477889e+00  1.910007e-02  1.325933e+00  1.517071e-02  
   2.9154301  1.504625e+00  2.201283e-02  1.504692e+00  2.201766e-02  1.346877e+00  1.699749e-02  
   2.9370301  1.533986e+00  2.585555e-02  1.534056e+00  2.586163e-02  1.369691e+00  1.931015e-02  
   2.9570301  1.562900e+00  3.038685e-02  1.562975e+00  3.039443e-02  1.392057e+00  2.194628e-02  
   2.9780300  1.595142e+00  3.641456e-02  1.595222e+00  3.642412e-02  1.416924e+00  2.535738e-02  
   2.9990301  1.629373e+00  4.405592e-02  1.629458e+00  4.406800e-02  1.443304e+00  2.958980e-02  
   3.0200300  1.665609e+00  5.367373e-02  1.665699e+00  5.368892e-02  1.471282e+00  3.484200e-02  
   3.0410299  1.703806e+00  6.567129e-02  1.703900e+00  6.569031e-02  1.500929e+00  4.134976e-02  
   3.0610299  1.741896e+00  7.970678e-02  1.741995e+00  7.973014e-02  1.530756e+00  4.896621e-02  
   3.0820301  1.783486e+00  9.761515e-02  1.783590e+00  9.764384e-02  1.563748e+00  5.875428e-02  
   3.1030300  1.826405e+00  1.192096e-01  1.826514e+00  1.192445e-01  1.598409e+00  7.072104e-02  
   3.1240301  1.870244e+00  1.449081e-01  1.870357e+00  1.449499e-01  1.634633e+00  8.524729e-02  
   3.1450300  1.914481e+00  1.750718e-01  1.914596e+00  1.751213e-01  1.672230e+00  1.027336e-01  
   3.1660299  1.958502e+00  2.099790e-01  1.958619e+00  2.100369e-01  1.710927e+00  1.235866e-01  
   3.1860299  1.999592e+00  2.477874e-01  1.999709e+00  2.478537e-01  1.748463e+00  1.469357e-01  
   3.2070301  2.041144e+00  2.923112e-01  2.041260e+00  2.923863e-01  1.788139e+00  1.754573e-01  
   3.2280300  2.080312e+00  3.416616e-01  2.080425e+00  3.417458e-01  1.827527e+00  2.083675e-01  
   3.2490301  2.116346e+00  3.955647e-01  2.116453e+00  3.956578e-01  1.865974e+00  2.458664e-01  
   3.2700300  2.148552e+00  4.535861e-01  2.148655e+00  4.536875e-01  1.902754e+00  2.880320e-01  
   3.2910299  2.176342e+00  5.151489e-01  2.176437e+00  5.152582e-01  1.937105e+00  3.347991e-01  
   3.3110299  2.198279e+00  5.764373e-01  2.198365e+00  5.765532e-01  1.966855e+00  3.834108e-01  
   3.3320301  2.216262e+00  6.428346e-01  2.216337e+00  6.429564e-01  1.994268e+00  4.383490e-01  
   3.3536301  2.229229e+00  7.124643e-01  2.229292e+00  7.125915e-01  2.017691e+00  4.984362e-01  
   3.3736300  2.236279e+00  7.773806e-01  2.236330e+00  7.775114e-01  2.034545e+00  5.566372e-01  
   3.3946300  2.238758e+00  8.452585e-01  2.238795e+00  8.453925e-01  2.046855e+00  6.195830e-01  
   3.4156301  2.236547e+00  9.121783e-01  2.236570e+00  9.123146e-01  2.053440e+00  6.834866e-01  
   3.4366300  2.230113e+00  9.775770e-01  2.230122e+00  9.777156e-01  2.054293e+00  7.473642e-01  
   3.4576299  2.219997e+00  1.041034e+00  2.219991e+00  1.041174e+00  2.049620e+00  8.102404e-01  
   3.4776299  2.207458e+00  1.099408e+00  2.207439e+00  1.099549e+00  2.040406e+00  8.683528e-01  
   3.4986300  2.191773e+00  1.158399e+00  2.191741e+00  1.158542e+00  2.026295e+00  9.267363e-01  
   3.5196300  2.174004e+00  1.215007e+00  2.173958e+00  1.215152e+00  2.008370e+00  9.817786e-01  
   3.5406301  2.154580e+00  1.269300e+00  2.154521e+00  1.269447e+00  1.987468e+00  1.033018e+00  
   3.5616300  2.133836e+00  1.321400e+00  2.133764e+00  1.321549e+00  1.964482e+00  1.080199e+00  
   3.5826299  2.112013e+00  1.371454e+00  2.111928e+00  1.371606e+00  1.940292e+00  1.123290e+00  
   3.6026299  2.090370e+00  1.417352e+00  2.090275e+00  1.417506e+00  1.916890e+00  1.160678e+00  
   3.6236300  2.066829e+00  1.463783e+00  2.066724e+00  1.463940e+00  1.892617e+00  1.196434e+00  
   3.6446300  2.042503e+00  1.508466e+00  2.042389e+00  1.508625e+00  1.869205e+00  1.229072e+00  
   3.6656301  2.017433e+00  1.551401e+00  2.017311e+00  1.551562e+00  1.847051e+00  1.259159e+00  
   3.6866300  1.991681e+00  1.592538e+00  1.991551e+00  1.592700e+00  1.826372e+00  1.287288e+00  
   3.7076299  1.965354e+00  1.631789e+00  1.965220e+00  1.631951e+00  1.807218e+00  1.314032e+00  
   3.7276299  1.939906e+00  1.667321e+00  1.939771e+00  1.667483e+00  1.790316e+00  1.338675e+00  
   3.7486300  1.913038e+00  1.702600e+00  1.912903e+00  1.702761e+00  1.773797e+00  1.364062e+00  
   3.7702301  1.885592e+00  1.736660e+00  1.885458e+00  1.736820e+00  1.757882e+00  1.389934e+00  
   3.7902300  1.860729e+00  1.766193e+00  1.860600e+00  1.766354e+00  1.743898e+00  1.413804e+00  
   3.8112299  1.835649e+00  1.795233e+00  1.835525e+00  1.795394e+00  1.729818e+00  1.438802e+00  
   3.8322301  1.812107e+00  1.822471e+00  1.811992e+00  1.822632e+00  1.716259e+00  1.463674e+00  
   3.8532300  1.790606e+00  1.848250e+00  1.790500e+00  1.848414e+00  1.703232e+00  1.488309e+00  
   3.8742299  1.771610e+00  1.873059e+00  1.771515e+00  1.873227e+00  1.690867e+00  1.512597e+00  
   3.8942299  1.756210e+00  1.896348e+00  1.756125e+00  1.896524e+00  1.679928e+00  1.535350e+00  
   3.9152300  1.743133e+00  1.921165e+00  1.743060e+00  1.921351e+00  1.669631e+00  1.558866e+00  
   3.9362299  1.733356e+00  1.947195e+00  1.733295e+00  1.947392e+00  1.660922e+00  1.582147e+00  
   3.9572301  1.726827e+00  1.975376e+00  1.726777e+00  1.975587e+00  1.654183e+00  1.605495e+00  
   3.9782300  1.723278e+00  2.006686e+00  1.723236e+00  2.006914e+00  1.649748e+00  1.629371e+00  
   3.9992299  1.722208e+00  2.042108e+00  1.722175e+00  2.042354e+00  1.647855e+00  1.654394e+00  
   4.0192299  1.722821e+00  2.080521e+00  1.722794e+00  2.080787e+00  1.648504e+00  1.679987e+00  
   4.0402298  1.724247e+00  2.126564e+00  1.724223e+00  2.126851e+00  1.651675e+00  1.709545e+00  
   4.0612302  1.725312e+00  2.179124e+00  1.725289e+00  2.179432e+00  1.657096e+00  1.742776e+00  
   4.0822301  1.724658e+00  2.238668e+00  1.724633e+00  2.238997e+00  1.664222e+00  1.780638e+00  
   4.1032300  1.720792e+00  2.305418e+00  1.720762e+00  2.305767e+00  1.672251e+00  1.824048e+00  
   4.1242299  1.712150e+00  2.379315e+00  1.712111e+00  2.379681e+00  1.680134e+00  1.873827e+00  
   4.1442299  1.698031e+00  2.456008e+00  1.697981e+00  2.456388e+00  1.686326e+00  1.927756e+00  
   4.1652298  1.675562e+00  2.542533e+00  1.675497e+00  2.542922e+00  1.690016e+00  1.991638e+00  
   4.1868300  1.642823e+00  2.636958e+00  1.642739e+00  2.637355e+00  1.689097e+00  2.065248e+00  
   4.2068300  1.602651e+00  2.728157e+00  1.602548e+00  2.728554e+00  1.682346e+00  2.140368e+00  
   4.2278299  1.549292e+00  2.826415e+00  1.549165e+00  2.826810e+00  1.667436e+00  2.225895e+00  
   4.2488298  1.483748e+00  2.925632e+00  1.483596e+00  2.926019e+00  1.642830e+00  2.317285e+00  
   4.2698302  1.405556e+00  3.024045e+00  1.405377e+00  3.024421e+00  1.606981e+00  2.413171e+00  
   4.2908301  1.314555e+00  3.119796e+00  1.314348e+00  3.120155e+00  1.558591e+00  2.511808e+00  
   4.3108301  1.216099e+00  3.206783e+00  1.215865e+00  3.207123e+00  1.499979e+00  2.606416e+00  
   4.3318300  1.100747e+00  3.291887e+00  1.100485e+00  3.292203e+00  1.424778e+00  2.704224e+00  
   4.3528299  9.738175e-01  3.368788e+00  9.735265e-01  3.369078e+00  1.335552e+00  2.798027e+00  
   4.3738298  8.362681e-01  3.435718e+00  8.359498e-01  3.435980e+00  1.232795e+00  2.885303e+00  
   4.3948302  6.892990e-01  3.491021e+00  6.889566e-01  3.491253e+00  1.117533e+00  2.963614e+00  
   4.4158301  5.343528e-01  3.533185e+00  5.339879e-01  3.533386e+00  9.913213e-01  3.030718e+00  
   4.4358301  3.808676e-01  3.559908e+00  3.804846e-01  3.560082e+00  8.627598e-01  3.082465e+00  
   4.4568300  2.152572e-01  3.572790e+00  2.148595e-01  3.572935e+00  7.212512e-01  3.122592e+00  
   4.4778299  4.705724e-02  3.569278e+00  4.664928e-02  3.569393e+00  5.756152e-01  3.147188e+00  
   4.4988298  -1.215903e-01  3.548804e+00  -1.220034e-01  3.548893e+00  4.285564e-01  3.155795e+00  
   4.5198302  -2.884411e-01  3.511140e+00  -2.888539e-01  3.511204e+00  2.827506e-01  3.148503e+00  
   4.5408301  -4.511821e-01  3.456443e+00  -4.515890e-01  3.456483e+00  1.407301e-01  3.125928e+00  
   4.5608301  -6.002491e-01  3.389026e+00  -6.006454e-01  3.389046e+00  1.105565e-02  3.091196e+00  
   4.5818300  -7.484037e-01  3.303090e+00  -7.487844e-01  3.303091e+00  -1.174063e-01  3.042219e+00  
   4.6034298  -8.896973e-01  3.199965e+00  -8.900574e-01  3.199951e+00  -2.397605e-01  2.980260e+00  
   4.6234298  -1.008771e+00  3.092848e+00  -1.009109e+00  3.092821e+00  -3.432114e-01  2.914188e+00  
   4.6444302  -1.120161e+00  2.970423e+00  -1.120474e+00  2.970386e+00  -4.410318e-01  2.837709e+00  
   4.6654301  -1.216475e+00  2.840196e+00  -1.216761e+00  2.840151e+00  -5.275407e-01  2.755869e+00  
   4.6864300  -1.297041e+00  2.704764e+00  -1.297302e+00  2.704715e+00  -6.028368e-01  2.670510e+00  
   4.7074299  -1.361676e+00  2.566795e+00  -1.361912e+00  2.566742e+00  -6.672977e-01  2.583333e+00  
   4.7274299  -1.408689e+00  2.435418e+00  -1.408902e+00  2.435364e+00  -7.191543e-01  2.499996e+00  
   4.7484298  -1.443489e+00  2.299831e+00  -1.443681e+00  2.299778e+00  -7.642991e-01  2.413419e+00  
   4.7694302  -1.464480e+00  2.168782e+00  -1.464653e+00  2.168729e+00  -8.007278e-01  2.328867e+00  
   4.7904301  -1.473084e+00  2.044083e+00  -1.473242e+00  2.044030e+00  -8.293098e-01  2.247227e+00  
   4.8114300  -1.470936e+00  1.927134e+00  -1.471080e+00  1.927081e+00  -8.509241e-01  2.169185e+00  
   4.8324299  -1.459773e+00  1.818923e+00  -1.459905e+00  1.818867e+00  -8.664293e-01  2.095251e+00  
   4.8524299  -1.442357e+00  1.724524e+00  -1.442478e+00  1.724465e+00  -8.762666e-01  2.028973e+00  
   4.8734298  -1.418553e+00  1.634713e+00  -1.418665e+00  1.634649e+00  -8.821581e-01  1.963920e+00  
   4.8944302  -1.390615e+00  1.554351e+00  -1.390718e+00  1.554279e+00  -8.842043e-01  1.903600e+00  
   4.9154301  -1.359910e+00  1.483107e+00  -1.360004e+00  1.483025e+00  -8.830538e-01  1.847997e+00  
   4.9364300  -1.327605e+00  1.420460e+00  -1.327690e+00  1.420366e+00  -8.792913e-01  1.797008e+00  
   4.9574299  -1.294663e+00  1.365765e+00  -1.294738e+00  1.365658e+00  -8.734371e-01  1.750462e+00  
   4.9774299  -1.263400e+00  1.320414e+00  -1.263464e+00  1.320292e+00  -8.663368e-01  1.710064e+00  
   4.9984298  -1.231255e+00  1.279159e+00  -1.231308e+00  1.279020e+00  -8.576623e-01  1.671526e+00  
