w Re-xx Im-xx Re-yy Im-yy Re-zz Im-zz
# Gaussian absolute broadening  0.15 [eV]
   0.0000000  7.680939e-01  8.826311e-05  7.680919e-01  8.826377e-05  7.250283e-01  7.892363e-05  
   0.0200000  7.681938e-01  9.446307e-05  7.681919e-01  9.446389e-05  7.251174e-01  8.446543e-05  
   0.0410000  7.683125e-01  1.015281e-04  7.683104e-01  1.015291e-04  7.252234e-01  9.078018e-05  
   0.0620000  7.684476e-01  1.091980e-04  7.684454e-01  1.091993e-04  7.253443e-01  9.763517e-05  
   0.0830000  7.686009e-01  1.175067e-04  7.685990e-01  1.175082e-04  7.254817e-01  1.050606e-04  
   0.1040000  7.687751e-01  1.264834e-04  7.687731e-01  1.264853e-04  7.256373e-01  1.130826e-04  
   0.1240000  7.689617e-01  1.356751e-04  7.689598e-01  1.356773e-04  7.258043e-01  1.212960e-04  
   0.1450000  7.691823e-01  1.460160e-04  7.691802e-01  1.460186e-04  7.260014e-01  1.305357e-04  
   0.1660000  7.694294e-01  1.570698e-04  7.694275e-01  1.570728e-04  7.262222e-01  1.404117e-04  
   0.1870000  7.697061e-01  1.688329e-04  7.697042e-01  1.688365e-04  7.264696e-01  1.509203e-04  
   0.2080000  7.700137e-01  1.812909e-04  7.700118e-01  1.812951e-04  7.267447e-01  1.620487e-04  
   0.2290000  7.703544e-01  1.944187e-04  7.703525e-01  1.944235e-04  7.270493e-01  1.737740e-04  
   0.2490000  7.707112e-01  2.075118e-04  7.707093e-01  2.075171e-04  7.273678e-01  1.854669e-04  
   0.2700000  7.711205e-01  2.218375e-04  7.711185e-01  2.218434e-04  7.277337e-01  1.982591e-04  
   0.2910000  7.715666e-01  2.367063e-04  7.715647e-01  2.367128e-04  7.281325e-01  2.115341e-04  
   0.3120000  7.720504e-01  2.520643e-04  7.720487e-01  2.520715e-04  7.285649e-01  2.252440e-04  
   0.3330000  7.725724e-01  2.678566e-04  7.725704e-01  2.678645e-04  7.290311e-01  2.393392e-04  
   0.3540000  7.731325e-01  2.840298e-04  7.731305e-01  2.840385e-04  7.295318e-01  2.537718e-04  
   0.3740000  7.737021e-01  2.997417e-04  7.737004e-01  2.997510e-04  7.300406e-01  2.677898e-04  
   0.3950000  7.743373e-01  3.165203e-04  7.743354e-01  3.165303e-04  7.306082e-01  2.827568e-04  
   0.4160000  7.750111e-01  3.335500e-04  7.750092e-01  3.335607e-04  7.312099e-01  2.979439e-04  
   0.4374300  7.757384e-01  3.511550e-04  7.757369e-01  3.511666e-04  7.318599e-01  3.136404e-04  
   0.4574300  7.764531e-01  3.677690e-04  7.764513e-01  3.677814e-04  7.324981e-01  3.284498e-04  
   0.4784300  7.772407e-01  3.853877e-04  7.772390e-01  3.854011e-04  7.332015e-01  3.441505e-04  
   0.4994300  7.780663e-01  4.031727e-04  7.780647e-01  4.031870e-04  7.339386e-01  3.599949e-04  
   0.5204300  7.789303e-01  4.211167e-04  7.789287e-01  4.211322e-04  7.347100e-01  3.759763e-04  
   0.5414300  7.798324e-01  4.392164e-04  7.798308e-01  4.392331e-04  7.355154e-01  3.920914e-04  
   0.5614300  7.807275e-01  4.565988e-04  7.807260e-01  4.566165e-04  7.363147e-01  4.075627e-04  
   0.5824300  7.817057e-01  4.750037e-04  7.817041e-01  4.750227e-04  7.371875e-01  4.239389e-04  
   0.6034300  7.827220e-01  4.935692e-04  7.827206e-01  4.935894e-04  7.380946e-01  4.404521e-04  
   0.6244300  7.837783e-01  5.123006e-04  7.837768e-01  5.123219e-04  7.390372e-01  4.571070e-04  
   0.6454300  7.848741e-01  5.312032e-04  7.848728e-01  5.312257e-04  7.400149e-01  4.739076e-04  
   0.6664300  7.860100e-01  5.502836e-04  7.860087e-01  5.503068e-04  7.410281e-01  4.908594e-04  
   0.6864300  7.871290e-01  5.686260e-04  7.871276e-01  5.686499e-04  7.420261e-01  5.071492e-04  
   0.7074300  7.883437e-01  5.880721e-04  7.883425e-01  5.880966e-04  7.431093e-01  5.244121e-04  
   0.7284300  7.895994e-01  6.077160e-04  7.895982e-01  6.077408e-04  7.442291e-01  5.418429e-04  
   0.7494300  7.908967e-01  6.275655e-04  7.908957e-01  6.275904e-04  7.453857e-01  5.594483e-04  
   0.7704300  7.922356e-01  6.476282e-04  7.922345e-01  6.476529e-04  7.465792e-01  5.772346e-04  
   0.7914300  7.936173e-01  6.679117e-04  7.936162e-01  6.679364e-04  7.478105e-01  5.952083e-04  
   0.8114300  7.949725e-01  6.874424e-04  7.949715e-01  6.874669e-04  7.490181e-01  6.125064e-04  
   0.8324300  7.964376e-01  7.081819e-04  7.964368e-01  7.082063e-04  7.503234e-01  6.308664e-04  
   0.8540300  7.979906e-01  7.297719e-04  7.979898e-01  7.297957e-04  7.517068e-01  6.499692e-04  
   0.8740300  7.994702e-01  7.500036e-04  7.994695e-01  7.500274e-04  7.530244e-01  6.678616e-04  
   0.8950300  8.010678e-01  7.715066e-04  8.010670e-01  7.715307e-04  7.544466e-01  6.868679e-04  
   0.9160300  8.027104e-01  7.932850e-04  8.027099e-01  7.933096e-04  7.559092e-01  7.061077e-04  
   0.9370300  8.043991e-01  8.153494e-04  8.043985e-01  8.153751e-04  7.574123e-01  7.255891e-04  
   0.9580300  8.061343e-01  8.377105e-04  8.061339e-01  8.377373e-04  7.589563e-01  7.453215e-04  
   0.9780300  8.078313e-01  8.592932e-04  8.078310e-01  8.593218e-04  7.604657e-01  7.643568e-04  
   0.9990300  8.096601e-01  8.822661e-04  8.096595e-01  8.822969e-04  7.620921e-01  7.846064e-04  
   1.0200300  8.115370e-01  9.055697e-04  8.115367e-01  9.056029e-04  7.637611e-01  8.051347e-04  
   1.0410300  8.134637e-01  9.292148e-04  8.134634e-01  9.292512e-04  7.654738e-01  8.259522e-04  
   1.0620300  8.154406e-01  9.532148e-04  8.154404e-01  9.532538e-04  7.672308e-01  8.470691e-04  
   1.0830300  8.174683e-01  9.775816e-04  8.174684e-01  9.776240e-04  7.690324e-01  8.684945e-04  
   1.1030300  8.194472e-01  1.001140e-03  8.194471e-01  1.001186e-03  7.707901e-01  8.891971e-04  
   1.1240300  8.215762e-01  1.026260e-03  8.215763e-01  1.026309e-03  7.726811e-01  9.112568e-04  
   1.1450300  8.237585e-01  1.051786e-03  8.237587e-01  1.051837e-03  7.746181e-01  9.336582e-04  
   1.1660300  8.259947e-01  1.077731e-03  8.259951e-01  1.077786e-03  7.766030e-01  9.564122e-04  
   1.1870300  8.282859e-01  1.104110e-03  8.282865e-01  1.104167e-03  7.786362e-01  9.795310e-04  
   1.2080300  8.306330e-01  1.130938e-03  8.306336e-01  1.130998e-03  7.807179e-01  1.003027e-03  
   1.2280300  8.329206e-01  1.156921e-03  8.329211e-01  1.156982e-03  7.827467e-01  1.025766e-03  
   1.2490300  8.353789e-01  1.184672e-03  8.353795e-01  1.184735e-03  7.849257e-01  1.050037e-03  
   1.2706300  8.379693e-01  1.213738e-03  8.379701e-01  1.213802e-03  7.872211e-01  1.075437e-03  
   1.2906300  8.404236e-01  1.241137e-03  8.404245e-01  1.241202e-03  7.893957e-01  1.099364e-03  
   1.3116300  8.430605e-01  1.270429e-03  8.430615e-01  1.270496e-03  7.917308e-01  1.124925e-03  
   1.3326300  8.457591e-01  1.300276e-03  8.457603e-01  1.300343e-03  7.941201e-01  1.150949e-03  
   1.3536299  8.485210e-01  1.330699e-03  8.485223e-01  1.330767e-03  7.965642e-01  1.177455e-03  
   1.3746300  8.513476e-01  1.361719e-03  8.513490e-01  1.361788e-03  7.990646e-01  1.204460e-03  
   1.3946300  8.541006e-01  1.391839e-03  8.541021e-01  1.391908e-03  8.014995e-01  1.230660e-03  
   1.4156300  8.570570e-01  1.424092e-03  8.570588e-01  1.424161e-03  8.041130e-01  1.258694e-03  
   1.4366300  8.600819e-01  1.457011e-03  8.600836e-01  1.457082e-03  8.067860e-01  1.287283e-03  
   1.4576300  8.631771e-01  1.490621e-03  8.631791e-01  1.490693e-03  8.095199e-01  1.316448e-03  
   1.4786299  8.663435e-01  1.524950e-03  8.663459e-01  1.525023e-03  8.123160e-01  1.346210e-03  
   1.4996300  8.695833e-01  1.560022e-03  8.695856e-01  1.560098e-03  8.151757e-01  1.376591e-03  
   1.5196300  8.727377e-01  1.594142e-03  8.727401e-01  1.594219e-03  8.179585e-01  1.406121e-03  
   1.5406300  8.761241e-01  1.630750e-03  8.761269e-01  1.630830e-03  8.209449e-01  1.437777e-03  
   1.5616300  8.795886e-01  1.668190e-03  8.795914e-01  1.668272e-03  8.239986e-01  1.470122e-03  
   1.5826300  8.831322e-01  1.706492e-03  8.831351e-01  1.706577e-03  8.271210e-01  1.503183e-03  
   1.6036299  8.867575e-01  1.745690e-03  8.867605e-01  1.745779e-03  8.303134e-01  1.536986e-03  
   1.6246300  8.904653e-01  1.785822e-03  8.904688e-01  1.785914e-03  8.335775e-01  1.571560e-03  
   1.6446300  8.940758e-01  1.824942e-03  8.940794e-01  1.825037e-03  8.367540e-01  1.605233e-03  
   1.6656300  8.979518e-01  1.867003e-03  8.979556e-01  1.867102e-03  8.401622e-01  1.641401e-03  
   1.6872300  9.020320e-01  1.911362e-03  9.020358e-01  1.911466e-03  8.437486e-01  1.679508e-03  
   1.7072300  9.058958e-01  1.953465e-03  9.058996e-01  1.953574e-03  8.471432e-01  1.715644e-03  
   1.7282300  9.100451e-01  1.998789e-03  9.100493e-01  1.998902e-03  8.507861e-01  1.754504e-03  
   1.7492300  9.142905e-01  2.045301e-03  9.142948e-01  2.045419e-03  8.545113e-01  1.794345e-03  
   1.7702301  9.186344e-01  2.093057e-03  9.186391e-01  2.093179e-03  8.583212e-01  1.835210e-03  
   1.7912300  9.230800e-01  2.142111e-03  9.230852e-01  2.142238e-03  8.622181e-01  1.877145e-03  
   1.8112299  9.274117e-01  2.190091e-03  9.274172e-01  2.190224e-03  8.660128e-01  1.918122e-03  
   1.8322300  9.320645e-01  2.241857e-03  9.320700e-01  2.241996e-03  8.700860e-01  1.962290e-03  
   1.8532300  9.368272e-01  2.295109e-03  9.368329e-01  2.295253e-03  8.742537e-01  2.007681e-03  
   1.8742300  9.417043e-01  2.349922e-03  9.417105e-01  2.350071e-03  8.785181e-01  2.054356e-03  
   1.8952301  9.466980e-01  2.406371e-03  9.467043e-01  2.406525e-03  8.828821e-01  2.102376e-03  
   1.9162300  9.518124e-01  2.464539e-03  9.518192e-01  2.464700e-03  8.873479e-01  2.151808e-03  
   1.9362299  9.567979e-01  2.521621e-03  9.568050e-01  2.521786e-03  8.916990e-01  2.200267e-03  
   1.9572300  9.621572e-01  2.583415e-03  9.621645e-01  2.583586e-03  8.963724e-01  2.252673e-03  
   1.9782300  9.676482e-01  2.647219e-03  9.676561e-01  2.647396e-03  9.011579e-01  2.306729e-03  
   1.9992300  9.732741e-01  2.713150e-03  9.732819e-01  2.713332e-03  9.060570e-01  2.362524e-03  
   2.0202301  9.790406e-01  2.781335e-03  9.790490e-01  2.781523e-03  9.110743e-01  2.420168e-03  
   2.0412300  9.849512e-01  2.851914e-03  9.849597e-01  2.852109e-03  9.162126e-01  2.479775e-03  
   2.0612299  9.907177e-01  2.921500e-03  9.907267e-01  2.921701e-03  9.212231e-01  2.538485e-03  
   2.0822301  9.969233e-01  2.997219e-03  9.969329e-01  2.997427e-03  9.266102e-01  2.602314e-03  
   2.1038301  1.003473e+00  3.078132e-03  1.003483e+00  3.078348e-03  9.322908e-01  2.670462e-03  
   2.1238301  1.009693e+00  3.155988e-03  1.009703e+00  3.156212e-03  9.376810e-01  2.735993e-03  
   2.1448300  1.016390e+00  3.241001e-03  1.016401e+00  3.241235e-03  9.434800e-01  2.807508e-03  
   2.1658299  1.023265e+00  3.329610e-03  1.023276e+00  3.329853e-03  9.494267e-01  2.882020e-03  
   2.1868300  1.030324e+00  3.422102e-03  1.030336e+00  3.422356e-03  9.555269e-01  2.959781e-03  
   2.2078300  1.037573e+00  3.518785e-03  1.037586e+00  3.519052e-03  9.617859e-01  3.041065e-03  
   2.2278299  1.044663e+00  3.615080e-03  1.044676e+00  3.615359e-03  9.679004e-01  3.122034e-03  
   2.2488301  1.052308e+00  3.720973e-03  1.052321e+00  3.721267e-03  9.744876e-01  3.211104e-03  
   2.2698300  1.060167e+00  3.832174e-03  1.060181e+00  3.832483e-03  9.812514e-01  3.304685e-03  
   2.2908299  1.068250e+00  3.949136e-03  1.068265e+00  3.949462e-03  9.882011e-01  3.403178e-03  
   2.3118300  1.076567e+00  4.072352e-03  1.076581e+00  4.072697e-03  9.953422e-01  3.507022e-03  
   2.3328300  1.085126e+00  4.202353e-03  1.085141e+00  4.202718e-03  1.002683e+00  3.616692e-03  
   2.3528299  1.093512e+00  4.333010e-03  1.093528e+00  4.333394e-03  1.009867e+00  3.727031e-03  
   2.3738301  1.102576e+00  4.477991e-03  1.102593e+00  4.478397e-03  1.017622e+00  3.849631e-03  
   2.3948300  1.111916e+00  4.631632e-03  1.111934e+00  4.632063e-03  1.025602e+00  3.979751e-03  
   2.4158299  1.121546e+00  4.794690e-03  1.121564e+00  4.795145e-03  1.033817e+00  4.118086e-03  
   2.4368300  1.131478e+00  4.967986e-03  1.131497e+00  4.968466e-03  1.042279e+00  4.265405e-03  
   2.4578300  1.141728e+00  5.152430e-03  1.141748e+00  5.152939e-03  1.050997e+00  4.422554e-03  
   2.4778299  1.151801e+00  5.339387e-03  1.151821e+00  5.339921e-03  1.059552e+00  4.582224e-03  
   2.4988301  1.162720e+00  5.548639e-03  1.162742e+00  5.549203e-03  1.068810e+00  4.761405e-03  
   2.5204301  1.174339e+00  5.779053e-03  1.174361e+00  5.779649e-03  1.078643e+00  4.959257e-03  
   2.5404301  1.185467e+00  6.007517e-03  1.185490e+00  6.008145e-03  1.088042e+00  5.155968e-03  
   2.5614300  1.197555e+00  6.264735e-03  1.197580e+00  6.265400e-03  1.098233e+00  5.377994e-03  
   2.5824299  1.210084e+00  6.541728e-03  1.210110e+00  6.542433e-03  1.108771e+00  5.617618e-03  
   2.6034300  1.223082e+00  6.840993e-03  1.223109e+00  6.841741e-03  1.119678e+00  5.876899e-03  
   2.6244299  1.236579e+00  7.165568e-03  1.236607e+00  7.166367e-03  1.130975e+00  6.158255e-03  
   2.6444299  1.249929e+00  7.501728e-03  1.249959e+00  7.502580e-03  1.142121e+00  6.449400e-03  
   2.6654301  1.264506e+00  7.887764e-03  1.264537e+00  7.888676e-03  1.154254e+00  6.782844e-03  
   2.6864300  1.279697e+00  8.313891e-03  1.279729e+00  8.314874e-03  1.166858e+00  7.148982e-03  
   2.7074299  1.295552e+00  8.788458e-03  1.295586e+00  8.789526e-03  1.179966e+00  7.553320e-03  
   2.7284300  1.312127e+00  9.322652e-03  1.312163e+00  9.323822e-03  1.193616e+00  8.002852e-03  
   2.7494299  1.329482e+00  9.931585e-03  1.329520e+00  9.932875e-03  1.207849e+00  8.506614e-03  
   2.7694299  1.346802e+00  1.059976e-02  1.346842e+00  1.060119e-02  1.221988e+00  9.047507e-03  
   2.7904301  1.365896e+00  1.142066e-02  1.365937e+00  1.142228e-02  1.237496e+00  9.694231e-03  
   2.8114300  1.386005e+00  1.240074e-02  1.386049e+00  1.240260e-02  1.253740e+00  1.044108e-02  
   2.8324299  1.407231e+00  1.359044e-02  1.407277e+00  1.359260e-02  1.270785e+00  1.131369e-02  
   2.8534300  1.429681e+00  1.505710e-02  1.429731e+00  1.505966e-02  1.288700e+00  1.234531e-02  
   2.8744299  1.453476e+00  1.688958e-02  1.453529e+00  1.689267e-02  1.307564e+00  1.357877e-02  
   2.8944299  1.477501e+00  1.908019e-02  1.477557e+00  1.908395e-02  1.326491e+00  1.499125e-02  
   2.9154301  1.504281e+00  2.198906e-02  1.504341e+00  2.199372e-02  1.347461e+00  1.679077e-02  
   2.9370301  1.533618e+00  2.582247e-02  1.533683e+00  2.582835e-02  1.370305e+00  1.907071e-02  
   2.9570301  1.562510e+00  3.034442e-02  1.562578e+00  3.035177e-02  1.392704e+00  2.167205e-02  
   2.9780300  1.594726e+00  3.636241e-02  1.594799e+00  3.637173e-02  1.417613e+00  2.504188e-02  
   2.9990301  1.628929e+00  4.399551e-02  1.629007e+00  4.400733e-02  1.444043e+00  2.922832e-02  
   3.0200300  1.665138e+00  5.360840e-02  1.665220e+00  5.362334e-02  1.472084e+00  3.443028e-02  
   3.0410299  1.703305e+00  6.560688e-02  1.703392e+00  6.562565e-02  1.501807e+00  4.088431e-02  
   3.0610299  1.741369e+00  7.965123e-02  1.741459e+00  7.967442e-02  1.531722e+00  4.844748e-02  
   3.0820301  1.782935e+00  9.758051e-02  1.783030e+00  9.760914e-02  1.564826e+00  5.817897e-02  
   3.1030300  1.825834e+00  1.192109e-01  1.825932e+00  1.192459e-01  1.599623e+00  7.009066e-02  
   3.1240301  1.869661e+00  1.449631e-01  1.869761e+00  1.450054e-01  1.636008e+00  8.456593e-02  
   3.1450300  1.913895e+00  1.752007e-01  1.913995e+00  1.752512e-01  1.673793e+00  1.020085e-01  
   3.1660299  1.957927e+00  2.102026e-01  1.958026e+00  2.102621e-01  1.712705e+00  1.228287e-01  
   3.1860299  1.999043e+00  2.481198e-01  1.999142e+00  2.481886e-01  1.750468e+00  1.461606e-01  
   3.2070301  2.040645e+00  2.927743e-01  2.040739e+00  2.928533e-01  1.790403e+00  1.746831e-01  
   3.2280300  2.079888e+00  3.422678e-01  2.079976e+00  3.423574e-01  1.830064e+00  2.076185e-01  
   3.2490301  2.116030e+00  3.963189e-01  2.116109e+00  3.964193e-01  1.868783e+00  2.451722e-01  
   3.2700300  2.148382e+00  4.544840e-01  2.148453e+00  4.545954e-01  1.905828e+00  2.874272e-01  
   3.2910299  2.176359e+00  5.161767e-01  2.176418e+00  5.162986e-01  1.940418e+00  3.343235e-01  
   3.3110299  2.198516e+00  5.775660e-01  2.198562e+00  5.776976e-01  1.970352e+00  3.830992e-01  
   3.3320301  2.216776e+00  6.440352e-01  2.216809e+00  6.441762e-01  1.997897e+00  4.382562e-01  
   3.3536301  2.230078e+00  7.136930e-01  2.230097e+00  7.138436e-01  2.021367e+00  4.986199e-01  
   3.3736300  2.237478e+00  7.785867e-01  2.237484e+00  7.787457e-01  2.038167e+00  5.571240e-01  
   3.3946300  2.240364e+00  8.463858e-01  2.240355e+00  8.465524e-01  2.050306e+00  6.204341e-01  
   3.4156301  2.238586e+00  9.131660e-01  2.238564e+00  9.133405e-01  2.056593e+00  6.847440e-01  
   3.4366300  2.232604e+00  9.783633e-01  2.232570e+00  9.785452e-01  2.057014e+00  7.490621e-01  
   3.4576299  2.222943e+00  1.041555e+00  2.222897e+00  1.041744e+00  2.051780e+00  8.124012e-01  
   3.4776299  2.210826e+00  1.099620e+00  2.210771e+00  1.099815e+00  2.041919e+00  8.709626e-01  
   3.4986300  2.195557e+00  1.158226e+00  2.195493e+00  1.158427e+00  2.027030e+00  9.298113e-01  
   3.5196300  2.178159e+00  1.214387e+00  2.178087e+00  1.214596e+00  2.008246e+00  9.852957e-01  
   3.5406301  2.159048e+00  1.268174e+00  2.158971e+00  1.268389e+00  1.986438e+00  1.036937e+00  
   3.5616300  2.138548e+00  1.319710e+00  2.138465e+00  1.319930e+00  1.962529e+00  1.084465e+00  
   3.5826299  2.116891e+00  1.369145e+00  2.116807e+00  1.369372e+00  1.937438e+00  1.127835e+00  
   3.6026299  2.095334e+00  1.414407e+00  2.095246e+00  1.414638e+00  1.913225e+00  1.165419e+00  
   3.6236300  2.071807e+00  1.460131e+00  2.071716e+00  1.460365e+00  1.888183e+00  1.201300e+00  
   3.6446300  2.047427e+00  1.504075e+00  2.047335e+00  1.504311e+00  1.864112e+00  1.233982e+00  
   3.6656301  2.022244e+00  1.546257e+00  2.022154e+00  1.546494e+00  1.841429e+00  1.264032e+00  
   3.6866300  1.996342e+00  1.586647e+00  1.996253e+00  1.586881e+00  1.820364e+00  1.292055e+00  
   3.7076299  1.969850e+00  1.625176e+00  1.969763e+00  1.625407e+00  1.800974e+00  1.318632e+00  
   3.7276299  1.944254e+00  1.660070e+00  1.944171e+00  1.660296e+00  1.783983e+00  1.343071e+00  
   3.7486300  1.917262e+00  1.694754e+00  1.917185e+00  1.694975e+00  1.767509e+00  1.368210e+00  
   3.7702301  1.889750e+00  1.728312e+00  1.889679e+00  1.728525e+00  1.751772e+00  1.393805e+00  
   3.7902300  1.864902e+00  1.757501e+00  1.864839e+00  1.757708e+00  1.738059e+00  1.417412e+00  
   3.8112299  1.839929e+00  1.786327e+00  1.839874e+00  1.786528e+00  1.724351e+00  1.442140e+00  
   3.8322301  1.816596e+00  1.813519e+00  1.816550e+00  1.813713e+00  1.711231e+00  1.466759e+00  
   3.8532300  1.795404e+00  1.839432e+00  1.795369e+00  1.839623e+00  1.698689e+00  1.491168e+00  
   3.8742299  1.776808e+00  1.864562e+00  1.776784e+00  1.864752e+00  1.686835e+00  1.515266e+00  
   3.8942299  1.761855e+00  1.888331e+00  1.761840e+00  1.888523e+00  1.676385e+00  1.537874e+00  
   3.9152300  1.749287e+00  1.913829e+00  1.749284e+00  1.914026e+00  1.666590e+00  1.561279e+00  
   3.9362299  1.740028e+00  1.940709e+00  1.740036e+00  1.940915e+00  1.658357e+00  1.584491e+00  
   3.9572301  1.733988e+00  1.969889e+00  1.734004e+00  1.970109e+00  1.652060e+00  1.607808e+00  
   3.9782300  1.730861e+00  2.002328e+00  1.730884e+00  2.002563e+00  1.648026e+00  1.631684e+00  
   3.9992299  1.730109e+00  2.038978e+00  1.730139e+00  2.039232e+00  1.646496e+00  1.656728e+00  
   4.0192299  1.730903e+00  2.078625e+00  1.730935e+00  2.078900e+00  1.647456e+00  1.682349e+00  
   4.0402298  1.732366e+00  2.125999e+00  1.732398e+00  2.126300e+00  1.650925e+00  1.711930e+00  
   4.0612302  1.733300e+00  2.179897e+00  1.733330e+00  2.180222e+00  1.656624e+00  1.745162e+00  
   4.0822301  1.732343e+00  2.240752e+00  1.732366e+00  2.241102e+00  1.664017e+00  1.782990e+00  
   4.1032300  1.728007e+00  2.308756e+00  1.728019e+00  2.309131e+00  1.672312e+00  1.826314e+00  
   4.1242299  1.718740e+00  2.383825e+00  1.718737e+00  2.384223e+00  1.680468e+00  1.875947e+00  
   4.1442299  1.703902e+00  2.461536e+00  1.703880e+00  2.461953e+00  1.686933e+00  1.929674e+00  
   4.1652298  1.680568e+00  2.549013e+00  1.680522e+00  2.549444e+00  1.690925e+00  1.993275e+00  
   4.1868300  1.646849e+00  2.644276e+00  1.646774e+00  2.644718e+00  1.690332e+00  2.066528e+00  
   4.2068300  1.605709e+00  2.736117e+00  1.605604e+00  2.736562e+00  1.683892e+00  2.141264e+00  
   4.2278299  1.551293e+00  2.834906e+00  1.551153e+00  2.835350e+00  1.669307e+00  2.226347e+00  
   4.2488298  1.484667e+00  2.934505e+00  1.484491e+00  2.934942e+00  1.645015e+00  2.317268e+00  
   4.2698302  1.405385e+00  3.033154e+00  1.405170e+00  3.033578e+00  1.609451e+00  2.412684e+00  
   4.2908301  1.313295e+00  3.128998e+00  1.313040e+00  3.129402e+00  1.561302e+00  2.510870e+00  
   4.3108301  1.213812e+00  3.215941e+00  1.213519e+00  3.216323e+00  1.502861e+00  2.605087e+00  
   4.3318300  1.097399e+00  3.300864e+00  1.097067e+00  3.301217e+00  1.427764e+00  2.702541e+00  
   4.3528299  9.694355e-01  3.377450e+00  9.690669e-01  3.377770e+00  1.338553e+00  2.796061e+00  
   4.3738298  8.308921e-01  3.443934e+00  8.304887e-01  3.444219e+00  1.235709e+00  2.883133e+00  
   4.3948302  6.829846e-01  3.498666e+00  6.825491e-01  3.498914e+00  1.120257e+00  2.961315e+00  
   4.4158301  5.271720e-01  3.540139e+00  5.267089e-01  3.540351e+00  9.937498e-01  3.028363e+00  
   4.4358301  3.729502e-01  3.566106e+00  3.724643e-01  3.566282e+00  8.648135e-01  3.080105e+00  
   4.4568300  2.066807e-01  3.578105e+00  2.061762e-01  3.578245e+00  7.228222e-01  3.120266e+00  
   4.4778299  3.796085e-02  3.573637e+00  3.744353e-02  3.573742e+00  5.766259e-01  3.144912e+00  
   4.4988298  -1.310469e-01  3.552159e+00  -1.315713e-01  3.552231e+00  4.289453e-01  3.153566e+00  
   4.5198302  -2.980838e-01  3.513478e+00  -2.986089e-01  3.513519e+00  2.824759e-01  3.146296e+00  
   4.5408301  -4.608293e-01  3.457780e+00  -4.613488e-01  3.457794e+00  1.397701e-01  3.123705e+00  
   4.5608301  -6.097328e-01  3.389459e+00  -6.102415e-01  3.389449e+00  9.442033e-03  3.088915e+00  
   4.5818300  -7.575504e-01  3.302659e+00  -7.580416e-01  3.302625e+00  -1.196875e-01  3.039830e+00  
   4.6034298  -8.983407e-01  3.198770e+00  -8.988088e-01  3.198715e+00  -2.426892e-01  2.977710e+00  
   4.6234298  -1.016832e+00  3.091081e+00  -1.017275e+00  3.091010e+00  -3.466886e-01  2.911458e+00  
   4.6444302  -1.127525e+00  2.968215e+00  -1.127936e+00  2.968129e+00  -4.450187e-01  2.834766e+00  
   4.6654301  -1.223086e+00  2.837720e+00  -1.223465e+00  2.837622e+00  -5.319599e-01  2.752703e+00  
   4.6864300  -1.302886e+00  2.702197e+00  -1.303229e+00  2.702089e+00  -6.076040e-01  2.667130e+00  
   4.7074299  -1.366771e+00  2.564301e+00  -1.367079e+00  2.564184e+00  -6.723266e-01  2.579756e+00  
   4.7274299  -1.413116e+00  2.433132e+00  -1.413390e+00  2.433010e+00  -7.243537e-01  2.496262e+00  
   4.7484298  -1.447287e+00  2.297886e+00  -1.447526e+00  2.297761e+00  -7.695995e-01  2.409554e+00  
   4.7694302  -1.467737e+00  2.167277e+00  -1.467944e+00  2.167149e+00  -8.060572e-01  2.324909e+00  
   4.7904301  -1.475905e+00  2.043084e+00  -1.476081e+00  2.042955e+00  -8.346065e-01  2.243215e+00  
   4.8114300  -1.473426e+00  1.926679e+00  -1.473574e+00  1.926550e+00  -8.561380e-01  2.165152e+00  
   4.8324299  -1.462038e+00  1.819020e+00  -1.462160e+00  1.818891e+00  -8.715234e-01  2.091224e+00  
   4.8524299  -1.444501e+00  1.725133e+00  -1.444601e+00  1.725005e+00  -8.812236e-01  2.024968e+00  
   4.8734298  -1.420663e+00  1.635825e+00  -1.420740e+00  1.635697e+00  -8.869579e-01  1.959950e+00  
   4.8944302  -1.392775e+00  1.555915e+00  -1.392833e+00  1.555786e+00  -8.888434e-01  1.899668e+00  
   4.9154301  -1.362196e+00  1.485062e+00  -1.362236e+00  1.484933e+00  -8.875374e-01  1.844099e+00  
   4.9364300  -1.330082e+00  1.422738e+00  -1.330106e+00  1.422608e+00  -8.836319e-01  1.793133e+00  
   4.9574299  -1.297387e+00  1.368296e+00  -1.297396e+00  1.368165e+00  -8.776522e-01  1.746596e+00  
   4.9774299  -1.266404e+00  1.323123e+00  -1.266399e+00  1.322989e+00  -8.704512e-01  1.706187e+00  
   4.9984298  -1.234592e+00  1.281990e+00  -1.234574e+00  1.281853e+00  -8.616932e-01  1.667618e+00  
