w Re-xx Im-xx Re-yy Im-yy Re-zz Im-zz
# Gaussian absolute broadening  0.15 [eV]
   0.0000000  7.681122e-01  8.826311e-05  7.681149e-01  8.826377e-05  7.253062e-01  7.901614e-05  
   0.0200000  7.682120e-01  9.446307e-05  7.682148e-01  9.446389e-05  7.253954e-01  8.456553e-05  
   0.0410000  7.683308e-01  1.015281e-04  7.683334e-01  1.015291e-04  7.255018e-01  9.088894e-05  
   0.0620000  7.684656e-01  1.091980e-04  7.684684e-01  1.091993e-04  7.256226e-01  9.775350e-05  
   0.0830000  7.686191e-01  1.175067e-04  7.686219e-01  1.175082e-04  7.257600e-01  1.051892e-04  
   0.1040000  7.687933e-01  1.264834e-04  7.687962e-01  1.264853e-04  7.259161e-01  1.132223e-04  
   0.1240000  7.689800e-01  1.356751e-04  7.689826e-01  1.356773e-04  7.260830e-01  1.214472e-04  
   0.1450000  7.692003e-01  1.460160e-04  7.692031e-01  1.460186e-04  7.262805e-01  1.306998e-04  
   0.1660000  7.694477e-01  1.570698e-04  7.694505e-01  1.570728e-04  7.265018e-01  1.405894e-04  
   0.1870000  7.697243e-01  1.688329e-04  7.697269e-01  1.688365e-04  7.267494e-01  1.511127e-04  
   0.2080000  7.700320e-01  1.812909e-04  7.700348e-01  1.812951e-04  7.270247e-01  1.622566e-04  
   0.2290000  7.703727e-01  1.944187e-04  7.703757e-01  1.944234e-04  7.273297e-01  1.739981e-04  
   0.2490000  7.707293e-01  2.075118e-04  7.707320e-01  2.075170e-04  7.276489e-01  1.857073e-04  
   0.2700000  7.711387e-01  2.218375e-04  7.711414e-01  2.218434e-04  7.280150e-01  1.985172e-04  
   0.2910000  7.715849e-01  2.367062e-04  7.715877e-01  2.367127e-04  7.284142e-01  2.118107e-04  
   0.3120000  7.720687e-01  2.520642e-04  7.720716e-01  2.520713e-04  7.288473e-01  2.255395e-04  
   0.3330000  7.725905e-01  2.678566e-04  7.725934e-01  2.678642e-04  7.293141e-01  2.396543e-04  
   0.3540000  7.731507e-01  2.840298e-04  7.731536e-01  2.840380e-04  7.298155e-01  2.541068e-04  
   0.3740000  7.737203e-01  2.997417e-04  7.737231e-01  2.997504e-04  7.303248e-01  2.681443e-04  
   0.3950000  7.743554e-01  3.165203e-04  7.743584e-01  3.165296e-04  7.308933e-01  2.831320e-04  
   0.4160000  7.750291e-01  3.335500e-04  7.750322e-01  3.335598e-04  7.314957e-01  2.983402e-04  
   0.4374300  7.757566e-01  3.511550e-04  7.757598e-01  3.511652e-04  7.321464e-01  3.140585e-04  
   0.4574300  7.764712e-01  3.677689e-04  7.764740e-01  3.677797e-04  7.327856e-01  3.288883e-04  
   0.4784300  7.772588e-01  3.853876e-04  7.772618e-01  3.853989e-04  7.334900e-01  3.446109e-04  
   0.4994300  7.780845e-01  4.031725e-04  7.780877e-01  4.031842e-04  7.342281e-01  3.604771e-04  
   0.5204300  7.789485e-01  4.211164e-04  7.789518e-01  4.211287e-04  7.350004e-01  3.764806e-04  
   0.5414300  7.798505e-01  4.392161e-04  7.798538e-01  4.392288e-04  7.358069e-01  3.926179e-04  
   0.5614300  7.807457e-01  4.565982e-04  7.807490e-01  4.566114e-04  7.366072e-01  4.081106e-04  
   0.5824300  7.817237e-01  4.750030e-04  7.817269e-01  4.750167e-04  7.374812e-01  4.245094e-04  
   0.6034300  7.827400e-01  4.935683e-04  7.827435e-01  4.935826e-04  7.383896e-01  4.410453e-04  
   0.6244300  7.837964e-01  5.122994e-04  7.837998e-01  5.123141e-04  7.393334e-01  4.577228e-04  
   0.6454300  7.848923e-01  5.312017e-04  7.848958e-01  5.312169e-04  7.403123e-01  4.745464e-04  
   0.6664300  7.860282e-01  5.502815e-04  7.860315e-01  5.502972e-04  7.413270e-01  4.915214e-04  
   0.6864300  7.871471e-01  5.686235e-04  7.871506e-01  5.686398e-04  7.423264e-01  5.078337e-04  
   0.7074300  7.883618e-01  5.880691e-04  7.883654e-01  5.880858e-04  7.434110e-01  5.251204e-04  
   0.7284300  7.896175e-01  6.077124e-04  7.896210e-01  6.077295e-04  7.445323e-01  5.425756e-04  
   0.7494300  7.909149e-01  6.275612e-04  7.909185e-01  6.275788e-04  7.456905e-01  5.602060e-04  
   0.7704300  7.922538e-01  6.476232e-04  7.922574e-01  6.476414e-04  7.468858e-01  5.780176e-04  
   0.7914300  7.936353e-01  6.679058e-04  7.936390e-01  6.679248e-04  7.481189e-01  5.960173e-04  
   0.8114300  7.949902e-01  6.874360e-04  7.949942e-01  6.874555e-04  7.493280e-01  6.133410e-04  
   0.8324300  7.964557e-01  7.081747e-04  7.964595e-01  7.081948e-04  7.506349e-01  6.317288e-04  
   0.8540300  7.980087e-01  7.297639e-04  7.980126e-01  7.297847e-04  7.520204e-01  6.508610e-04  
   0.8740300  7.994882e-01  7.499951e-04  7.994923e-01  7.500165e-04  7.533400e-01  6.687812e-04  
   0.8950300  8.010857e-01  7.714974e-04  8.010898e-01  7.715198e-04  7.547644e-01  6.878179e-04  
   0.9160300  8.027284e-01  7.932753e-04  8.027326e-01  7.932986e-04  7.562289e-01  7.070889e-04  
   0.9370300  8.044171e-01  8.153392e-04  8.044215e-01  8.153636e-04  7.577339e-01  7.266031e-04  
   0.9580300  8.061524e-01  8.377002e-04  8.061566e-01  8.377255e-04  7.592803e-01  7.463694e-04  
   0.9780300  8.078495e-01  8.592827e-04  8.078538e-01  8.593091e-04  7.607920e-01  7.654374e-04  
   0.9990300  8.096779e-01  8.822554e-04  8.096823e-01  8.822831e-04  7.624205e-01  7.857229e-04  
   1.0200300  8.115548e-01  9.055585e-04  8.115595e-01  9.055880e-04  7.640921e-01  8.062887e-04  
   1.0410300  8.134816e-01  9.292036e-04  8.134862e-01  9.292345e-04  7.658072e-01  8.271449e-04  
   1.0620300  8.154584e-01  9.532035e-04  8.154630e-01  9.532358e-04  7.675669e-01  8.483013e-04  
   1.0830300  8.174860e-01  9.775702e-04  8.174908e-01  9.776042e-04  7.693713e-01  8.697682e-04  
   1.1030300  8.194649e-01  1.001128e-03  8.194697e-01  1.001164e-03  7.711318e-01  8.905114e-04  
   1.1240300  8.215938e-01  1.026247e-03  8.215988e-01  1.026285e-03  7.730253e-01  9.126156e-04  
   1.1450300  8.237762e-01  1.051772e-03  8.237813e-01  1.051812e-03  7.749658e-01  9.350625e-04  
   1.1660300  8.260123e-01  1.077716e-03  8.260174e-01  1.077758e-03  7.769534e-01  9.578637e-04  
   1.1870300  8.283034e-01  1.104093e-03  8.283087e-01  1.104138e-03  7.789897e-01  9.810303e-04  
   1.2080300  8.306503e-01  1.130920e-03  8.306558e-01  1.130966e-03  7.810748e-01  1.004577e-03  
   1.2280300  8.329379e-01  1.156900e-03  8.329433e-01  1.156949e-03  7.831064e-01  1.027366e-03  
   1.2490300  8.353963e-01  1.184650e-03  8.354017e-01  1.184700e-03  7.852892e-01  1.051690e-03  
   1.2706300  8.379866e-01  1.213713e-03  8.379924e-01  1.213765e-03  7.875884e-01  1.077147e-03  
   1.2906300  8.404409e-01  1.241109e-03  8.404466e-01  1.241164e-03  7.897664e-01  1.101128e-03  
   1.3116300  8.430774e-01  1.270398e-03  8.430837e-01  1.270455e-03  7.921053e-01  1.126748e-03  
   1.3326300  8.457762e-01  1.300242e-03  8.457822e-01  1.300301e-03  7.944980e-01  1.152834e-03  
   1.3536299  8.485382e-01  1.330663e-03  8.485442e-01  1.330723e-03  7.969463e-01  1.179403e-03  
   1.3746300  8.513644e-01  1.361680e-03  8.513708e-01  1.361742e-03  7.994512e-01  1.206473e-03  
   1.3946300  8.541176e-01  1.391797e-03  8.541240e-01  1.391860e-03  8.018903e-01  1.232738e-03  
   1.4156300  8.570737e-01  1.424047e-03  8.570805e-01  1.424111e-03  8.045080e-01  1.260842e-03  
   1.4366300  8.600988e-01  1.456963e-03  8.601054e-01  1.457029e-03  8.071856e-01  1.289503e-03  
   1.4576300  8.631936e-01  1.490572e-03  8.632004e-01  1.490639e-03  8.099244e-01  1.318743e-03  
   1.4786299  8.663602e-01  1.524898e-03  8.663673e-01  1.524966e-03  8.127255e-01  1.348583e-03  
   1.4996300  8.695998e-01  1.559968e-03  8.696069e-01  1.560038e-03  8.155900e-01  1.379044e-03  
   1.5196300  8.727539e-01  1.594086e-03  8.727613e-01  1.594157e-03  8.183779e-01  1.408654e-03  
   1.5406300  8.761405e-01  1.630693e-03  8.761478e-01  1.630764e-03  8.213696e-01  1.440397e-03  
   1.5616300  8.796047e-01  1.668129e-03  8.796122e-01  1.668203e-03  8.244291e-01  1.472833e-03  
   1.5826300  8.831482e-01  1.706429e-03  8.831559e-01  1.706505e-03  8.275570e-01  1.505987e-03  
   1.6036299  8.867733e-01  1.745626e-03  8.867813e-01  1.745703e-03  8.307554e-01  1.539888e-03  
   1.6246300  8.904812e-01  1.785754e-03  8.904895e-01  1.785834e-03  8.340257e-01  1.574564e-03  
   1.6446300  8.940914e-01  1.824872e-03  8.940996e-01  1.824954e-03  8.372083e-01  1.608338e-03  
   1.6656300  8.979671e-01  1.866930e-03  8.979756e-01  1.867015e-03  8.406232e-01  1.644617e-03  
   1.6872300  9.020472e-01  1.911286e-03  9.020560e-01  1.911373e-03  8.442167e-01  1.682843e-03  
   1.7072300  9.059111e-01  1.953386e-03  9.059200e-01  1.953478e-03  8.476179e-01  1.719093e-03  
   1.7282300  9.100598e-01  1.998707e-03  9.100692e-01  1.998801e-03  8.512682e-01  1.758080e-03  
   1.7492300  9.143052e-01  2.045217e-03  9.143146e-01  2.045315e-03  8.550012e-01  1.798053e-03  
   1.7702301  9.186490e-01  2.092969e-03  9.186584e-01  2.093071e-03  8.588189e-01  1.839056e-03  
   1.7912300  9.230944e-01  2.142021e-03  9.231043e-01  2.142128e-03  8.627239e-01  1.881136e-03  
   1.8112299  9.274257e-01  2.190002e-03  9.274361e-01  2.190111e-03  8.665268e-01  1.922259e-03  
   1.8322300  9.320783e-01  2.241768e-03  9.320886e-01  2.241882e-03  8.706090e-01  1.966588e-03  
   1.8532300  9.368407e-01  2.295023e-03  9.368516e-01  2.295140e-03  8.747860e-01  2.012151e-03  
   1.8742300  9.417176e-01  2.349840e-03  9.417284e-01  2.349961e-03  8.790599e-01  2.059007e-03  
   1.8952301  9.467110e-01  2.406295e-03  9.467224e-01  2.406420e-03  8.834340e-01  2.107223e-03  
   1.9162300  9.518253e-01  2.464470e-03  9.518367e-01  2.464600e-03  8.879102e-01  2.156869e-03  
   1.9362299  9.568105e-01  2.521559e-03  9.568223e-01  2.521693e-03  8.922715e-01  2.205548e-03  
   1.9572300  9.621695e-01  2.583363e-03  9.621814e-01  2.583502e-03  8.969563e-01  2.258213e-03  
   1.9782300  9.676601e-01  2.647178e-03  9.676727e-01  2.647322e-03  9.017535e-01  2.312555e-03  
   1.9992300  9.732854e-01  2.713116e-03  9.732980e-01  2.713267e-03  9.066648e-01  2.368676e-03  
   2.0202301  9.790516e-01  2.781308e-03  9.790648e-01  2.781465e-03  9.116952e-01  2.426694e-03  
   2.0412300  9.849617e-01  2.851889e-03  9.849750e-01  2.852053e-03  9.168475e-01  2.486732e-03  
   2.0612299  9.907277e-01  2.921471e-03  9.907417e-01  2.921643e-03  9.218712e-01  2.545924e-03  
   2.0822301  9.969330e-01  2.997176e-03  9.969472e-01  2.997357e-03  9.272730e-01  2.610343e-03  
   2.1038301  1.003482e+00  3.078066e-03  1.003497e+00  3.078255e-03  9.329702e-01  2.679218e-03  
   2.1238301  1.009701e+00  3.155888e-03  1.009716e+00  3.156085e-03  9.383759e-01  2.745548e-03  
   2.1448300  1.016399e+00  3.240851e-03  1.016414e+00  3.241060e-03  9.441919e-01  2.818070e-03  
   2.1658299  1.023273e+00  3.329396e-03  1.023288e+00  3.329617e-03  9.501570e-01  2.893792e-03  
   2.1868300  1.030331e+00  3.421813e-03  1.030348e+00  3.422047e-03  9.562762e-01  2.973012e-03  
   2.2078300  1.037580e+00  3.518413e-03  1.037597e+00  3.518660e-03  9.625556e-01  3.056052e-03  
   2.2278299  1.044669e+00  3.614625e-03  1.044686e+00  3.614885e-03  9.686903e-01  3.139020e-03  
   2.2488301  1.052314e+00  3.720443e-03  1.052332e+00  3.720717e-03  9.753001e-01  3.230595e-03  
   2.2698300  1.060173e+00  3.831592e-03  1.060191e+00  3.831883e-03  9.820883e-01  3.327160e-03  
   2.2908299  1.068256e+00  3.948548e-03  1.068274e+00  3.948857e-03  9.890625e-01  3.429191e-03  
   2.3118300  1.076571e+00  4.071825e-03  1.076591e+00  4.072153e-03  9.962301e-01  3.537199e-03  
   2.3328300  1.085130e+00  4.201992e-03  1.085150e+00  4.202339e-03  1.003598e+00  3.651741e-03  
   2.3528299  1.093516e+00  4.332933e-03  1.093537e+00  4.333300e-03  1.010810e+00  3.767455e-03  
   2.3738301  1.102580e+00  4.478396e-03  1.102602e+00  4.478784e-03  1.018595e+00  3.896543e-03  
   2.3948300  1.111920e+00  4.632751e-03  1.111942e+00  4.633164e-03  1.026607e+00  4.034099e-03  
   2.4158299  1.121550e+00  4.796806e-03  1.121572e+00  4.797247e-03  1.034856e+00  4.180901e-03  
   2.4368300  1.131482e+00  4.971451e-03  1.131505e+00  4.971918e-03  1.043352e+00  4.337803e-03  
   2.4578300  1.141732e+00  5.157650e-03  1.141757e+00  5.158150e-03  1.052107e+00  4.505734e-03  
   2.4778299  1.151805e+00  5.346714e-03  1.151830e+00  5.347244e-03  1.060697e+00  4.676871e-03  
   2.4988301  1.162724e+00  5.558700e-03  1.162751e+00  5.559267e-03  1.069993e+00  4.869433e-03  
   2.5204301  1.174343e+00  5.792547e-03  1.174371e+00  5.793157e-03  1.079867e+00  5.082590e-03  
   2.5404301  1.185470e+00  6.024804e-03  1.185499e+00  6.025458e-03  1.089306e+00  5.294956e-03  
   2.5614300  1.197559e+00  6.286695e-03  1.197589e+00  6.287398e-03  1.099540e+00  5.535074e-03  
   2.5824299  1.210087e+00  6.569117e-03  1.210117e+00  6.569875e-03  1.110124e+00  5.794596e-03  
   2.6034300  1.223083e+00  6.874612e-03  1.223115e+00  6.875431e-03  1.121077e+00  6.075730e-03  
   2.6244299  1.236578e+00  7.206258e-03  1.236610e+00  7.207147e-03  1.132423e+00  6.381037e-03  
   2.6444299  1.249925e+00  7.549962e-03  1.249959e+00  7.550920e-03  1.143615e+00  6.697096e-03  
   2.6654301  1.264497e+00  7.944808e-03  1.264533e+00  7.945849e-03  1.155800e+00  7.059074e-03  
   2.6864300  1.279682e+00  8.380660e-03  1.279719e+00  8.381793e-03  1.168458e+00  7.456397e-03  
   2.7074299  1.295529e+00  8.865885e-03  1.295568e+00  8.867119e-03  1.181623e+00  7.894780e-03  
   2.7284300  1.312093e+00  9.411667e-03  1.312133e+00  9.413015e-03  1.195332e+00  8.381513e-03  
   2.7494299  1.329435e+00  1.003309e-02  1.329477e+00  1.003457e-02  1.209625e+00  8.925955e-03  
   2.7694299  1.346739e+00  1.071393e-02  1.346783e+00  1.071557e-02  1.223826e+00  9.509233e-03  
   2.7904301  1.365812e+00  1.154886e-02  1.365858e+00  1.155070e-02  1.239403e+00  1.020482e-02  
   2.8114300  1.385897e+00  1.254350e-02  1.385945e+00  1.254558e-02  1.255719e+00  1.100574e-02  
   2.8324299  1.407092e+00  1.374798e-02  1.407143e+00  1.375037e-02  1.272840e+00  1.193863e-02  
   2.8534300  1.429508e+00  1.522915e-02  1.429562e+00  1.523196e-02  1.290837e+00  1.303805e-02  
   2.8744299  1.453260e+00  1.707510e-02  1.453318e+00  1.707845e-02  1.309790e+00  1.434851e-02  
   2.8944299  1.477239e+00  1.927659e-02  1.477300e+00  1.928064e-02  1.328807e+00  1.584484e-02  
   2.9154301  1.503965e+00  2.219332e-02  1.504030e+00  2.219833e-02  1.349879e+00  1.774600e-02  
   2.9370301  1.533240e+00  2.602879e-02  1.533309e+00  2.603512e-02  1.372836e+00  2.014824e-02  
   2.9570301  1.562068e+00  3.054454e-02  1.562141e+00  3.055247e-02  1.395348e+00  2.288236e-02  
   2.9780300  1.594212e+00  3.654411e-02  1.594289e+00  3.655419e-02  1.420383e+00  2.641584e-02  
   2.9990301  1.628341e+00  4.414211e-02  1.628423e+00  4.415495e-02  1.446948e+00  3.079527e-02  
   3.0200300  1.664473e+00  5.369782e-02  1.664562e+00  5.371412e-02  1.475131e+00  3.622432e-02  
   3.0410299  1.702569e+00  6.561089e-02  1.702663e+00  6.563147e-02  1.505004e+00  4.294442e-02  
   3.0610299  1.740574e+00  7.954156e-02  1.740674e+00  7.956709e-02  1.535068e+00  5.080136e-02  
   3.0820301  1.782092e+00  9.731106e-02  1.782197e+00  9.734270e-02  1.568333e+00  6.088747e-02  
   3.1030300  1.824966e+00  1.187340e-01  1.825076e+00  1.187728e-01  1.603292e+00  7.320382e-02  
   3.1240301  1.868796e+00  1.442259e-01  1.868909e+00  1.442729e-01  1.639838e+00  8.813511e-02  
   3.1450300  1.913069e+00  1.741468e-01  1.913187e+00  1.742031e-01  1.677779e+00  1.060842e-01  
   3.1660299  1.957185e+00  2.087751e-01  1.957306e+00  2.088415e-01  1.716839e+00  1.274579e-01  
   3.1860299  1.998429e+00  2.462857e-01  1.998551e+00  2.463625e-01  1.754732e+00  1.513546e-01  
   3.2070301  2.040215e+00  2.904659e-01  2.040337e+00  2.905541e-01  1.794786e+00  1.805006e-01  
   3.2280300  2.079698e+00  3.394462e-01  2.079819e+00  3.395461e-01  1.834546e+00  2.140778e-01  
   3.2490301  2.116131e+00  3.929585e-01  2.116250e+00  3.930703e-01  1.873343e+00  2.522751e-01  
   3.2700300  2.148825e+00  4.505753e-01  2.148941e+00  4.506988e-01  1.910440e+00  2.951573e-01  
   3.2910299  2.177185e+00  5.117283e-01  2.177295e+00  5.118627e-01  1.945057e+00  3.426435e-01  
   3.3110299  2.199735e+00  5.726280e-01  2.199838e+00  5.727723e-01  1.975000e+00  3.919277e-01  
   3.3320301  2.218430e+00  6.386252e-01  2.218525e+00  6.387793e-01  2.002537e+00  4.475429e-01  
   3.3536301  2.232190e+00  7.078589e-01  2.232276e+00  7.080219e-01  2.025987e+00  5.082785e-01  
   3.3736300  2.240013e+00  7.724257e-01  2.240090e+00  7.725961e-01  2.042767e+00  5.670244e-01  
   3.3946300  2.243333e+00  8.399573e-01  2.243401e+00  8.401344e-01  2.054890e+00  6.304721e-01  
   3.4156301  2.241976e+00  9.065527e-01  2.242035e+00  9.067358e-01  2.061171e+00  6.947982e-01  
   3.4366300  2.236394e+00  9.716478e-01  2.236445e+00  9.718369e-01  2.061606e+00  7.590125e-01  
   3.4576299  2.227116e+00  1.034820e+00  2.227158e+00  1.035014e+00  2.056404e+00  8.221353e-01  
   3.4776299  2.215351e+00  1.092939e+00  2.215385e+00  1.093138e+00  2.046590e+00  8.803988e-01  
   3.4986300  2.200441e+00  1.151678e+00  2.200469e+00  1.151881e+00  2.031762e+00  9.388540e-01  
   3.5196300  2.183400e+00  1.208049e+00  2.183420e+00  1.208258e+00  2.013040e+00  9.938809e-01  
   3.5406301  2.164649e+00  1.262123e+00  2.164663e+00  1.262336e+00  1.991282e+00  1.045021e+00  
   3.5616300  2.144515e+00  1.314026e+00  2.144522e+00  1.314245e+00  1.967390e+00  1.092024e+00  
   3.5826299  2.123232e+00  1.363915e+00  2.123233e+00  1.364139e+00  1.942264e+00  1.134862e+00  
   3.6026299  2.102031e+00  1.409693e+00  2.102027e+00  1.409921e+00  1.917954e+00  1.171942e+00  
   3.6236300  2.078873e+00  1.456053e+00  2.078860e+00  1.456285e+00  1.892725e+00  1.207310e+00  
   3.6446300  2.054837e+00  1.500732e+00  2.054818e+00  1.500968e+00  1.868365e+00  1.239500e+00  
   3.6656301  2.029955e+00  1.543749e+00  2.029931e+00  1.543986e+00  1.845282e+00  1.269080e+00  
   3.6866300  2.004281e+00  1.585066e+00  2.004250e+00  1.585304e+00  1.823701e+00  1.296651e+00  
   3.7076299  1.977910e+00  1.624608e+00  1.977873e+00  1.624844e+00  1.803682e+00  1.322791e+00  
   3.7276299  1.952298e+00  1.660529e+00  1.952256e+00  1.660762e+00  1.785994e+00  1.346821e+00  
   3.7486300  1.925116e+00  1.696334e+00  1.925070e+00  1.696562e+00  1.768702e+00  1.371530e+00  
   3.7702301  1.897184e+00  1.731060e+00  1.897136e+00  1.731282e+00  1.752049e+00  1.396674e+00  
   3.7902300  1.871719e+00  1.761312e+00  1.871669e+00  1.761528e+00  1.737440e+00  1.419848e+00  
   3.8112299  1.845837e+00  1.791197e+00  1.845787e+00  1.791404e+00  1.722769e+00  1.444103e+00  
   3.8322301  1.821323e+00  1.819349e+00  1.821276e+00  1.819547e+00  1.708687e+00  1.468224e+00  
   3.8532300  1.798681e+00  1.846084e+00  1.798638e+00  1.846273e+00  1.695209e+00  1.492108e+00  
   3.8742299  1.778392e+00  1.871856e+00  1.778353e+00  1.872037e+00  1.682467e+00  1.515658e+00  
   3.8942299  1.761636e+00  1.896041e+00  1.761603e+00  1.896215e+00  1.671239e+00  1.537726e+00  
   3.9152300  1.747037e+00  1.921742e+00  1.747010e+00  1.921911e+00  1.660711e+00  1.560550e+00  
   3.9362299  1.735675e+00  1.948567e+00  1.735656e+00  1.948735e+00  1.651848e+00  1.583179e+00  
   3.9572301  1.727544e+00  1.977429e+00  1.727534e+00  1.977597e+00  1.645033e+00  1.605924e+00  
   3.9782300  1.722429e+00  2.009288e+00  1.722428e+00  2.009459e+00  1.640602e+00  1.629249e+00  
   3.9992299  1.719882e+00  2.045111e+00  1.719888e+00  2.045290e+00  1.638800e+00  1.653783e+00  
   4.0192299  1.719213e+00  2.083766e+00  1.719226e+00  2.083955e+00  1.639620e+00  1.678967e+00  
   4.0402298  1.719465e+00  2.129915e+00  1.719484e+00  2.130118e+00  1.643065e+00  1.708155e+00  
   4.0612302  1.719565e+00  2.182438e+00  1.719588e+00  2.182659e+00  1.648865e+00  1.741074e+00  
   4.0822301  1.718174e+00  2.241817e+00  1.718197e+00  2.242057e+00  1.656478e+00  1.778671e+00  
   4.1032300  1.713804e+00  2.308290e+00  1.713824e+00  2.308553e+00  1.665112e+00  1.821854e+00  
   4.1242299  1.704883e+00  2.381821e+00  1.704896e+00  2.382104e+00  1.673716e+00  1.871429e+00  
   4.1442299  1.690692e+00  2.458102e+00  1.690696e+00  2.458404e+00  1.680706e+00  1.925169e+00  
   4.1652298  1.668325e+00  2.544153e+00  1.668313e+00  2.544475e+00  1.685342e+00  1.988845e+00  
   4.1868300  1.635844e+00  2.638073e+00  1.635812e+00  2.638410e+00  1.685501e+00  2.062220e+00  
   4.2068300  1.596019e+00  2.728812e+00  1.595964e+00  2.729159e+00  1.679828e+00  2.137093e+00  
   4.2278299  1.543105e+00  2.826616e+00  1.543020e+00  2.826968e+00  1.666105e+00  2.222325e+00  
   4.2488298  1.478056e+00  2.925429e+00  1.477940e+00  2.925781e+00  1.642713e+00  2.313377e+00  
   4.2698302  1.400389e+00  3.023507e+00  1.400237e+00  3.023852e+00  1.608065e+00  2.408892e+00  
   4.2908301  1.309924e+00  3.119000e+00  1.309733e+00  3.119335e+00  1.560822e+00  2.507129e+00  
   4.3108301  1.211977e+00  3.205823e+00  1.211747e+00  3.206142e+00  1.503207e+00  2.601341e+00  
   4.3318300  1.097151e+00  3.290838e+00  1.096880e+00  3.291137e+00  1.428911e+00  2.698727e+00  
   4.3528299  9.707346e-01  3.367731e+00  9.704214e-01  3.368005e+00  1.340400e+00  2.792116e+00  
   4.3738298  8.336838e-01  3.434718e+00  8.333302e-01  3.434967e+00  1.238129e+00  2.878995e+00  
   4.3948302  6.871974e-01  3.490128e+00  6.868058e-01  3.490350e+00  1.123099e+00  2.956932e+00  
   4.4158301  5.327150e-01  3.532424e+00  5.322889e-01  3.532620e+00  9.968421e-01  3.023690e+00  
   4.4358301  3.796526e-01  3.559280e+00  3.791973e-01  3.559448e+00  8.679754e-01  3.075128e+00  
   4.4568300  2.144644e-01  3.572278e+00  2.139836e-01  3.572422e+00  7.258774e-01  3.114951e+00  
   4.4778299  4.666209e-02  3.568838e+00  4.616144e-02  3.568957e+00  5.793952e-01  3.139256e+00  
   4.4988298  -1.216114e-01  3.548376e+00  -1.221258e-01  3.548473e+00  4.312656e-01  3.147577e+00  
   4.5198302  -2.881091e-01  3.510648e+00  -2.886311e-01  3.510725e+00  2.842077e-01  3.139995e+00  
   4.5408301  -4.505122e-01  3.455809e+00  -4.510356e-01  3.455867e+00  1.408050e-01  3.117120e+00  
   4.5608301  -5.992641e-01  3.388185e+00  -5.997836e-01  3.388227e+00  9.746771e-03  3.082097e+00  
   4.5818300  -7.470849e-01  3.301966e+00  -7.475953e-01  3.301994e+00  -1.201800e-01  3.032809e+00  
   4.6034298  -8.880214e-01  3.198503e+00  -8.885180e-01  3.198516e+00  -2.439900e-01  2.970535e+00  
   4.6234298  -1.006743e+00  3.091049e+00  -1.007224e+00  3.091050e+00  -3.486887e-01  2.904190e+00  
   4.6444302  -1.117738e+00  2.968275e+00  -1.118199e+00  2.968266e+00  -4.476658e-01  2.827460e+00  
   4.6654301  -1.213626e+00  2.837734e+00  -1.214068e+00  2.837716e+00  -5.351334e-01  2.745421e+00  
   4.6864300  -1.293743e+00  2.702054e+00  -1.294165e+00  2.702027e+00  -6.111597e-01  2.659940e+00  
   4.7074299  -1.357913e+00  2.563922e+00  -1.358315e+00  2.563888e+00  -6.761051e-01  2.572728e+00  
   4.7274299  -1.404482e+00  2.432489e+00  -1.404868e+00  2.432450e+00  -7.281910e-01  2.489454e+00  
   4.7484298  -1.438834e+00  2.296957e+00  -1.439203e+00  2.296911e+00  -7.733406e-01  2.403047e+00  
   4.7694302  -1.459411e+00  2.166080e+00  -1.459764e+00  2.166027e+00  -8.095507e-01  2.318770e+00  
   4.7904301  -1.467655e+00  2.041661e+00  -1.467996e+00  2.041601e+00  -8.377174e-01  2.237504e+00  
   4.8114300  -1.465214e+00  1.925086e+00  -1.465544e+00  1.925019e+00  -8.587520e-01  2.159923e+00  
   4.8324299  -1.453839e+00  1.817324e+00  -1.454159e+00  1.817248e+00  -8.735482e-01  2.086516e+00  
   4.8524299  -1.436302e+00  1.723402e+00  -1.436612e+00  1.723316e+00  -8.826215e-01  2.020784e+00  
   4.8734298  -1.412460e+00  1.634117e+00  -1.412760e+00  1.634021e+00  -8.876489e-01  1.956330e+00  
   4.8944302  -1.384571e+00  1.554285e+00  -1.384862e+00  1.554178e+00  -8.887959e-01  1.896612e+00  
   4.9154301  -1.353999e+00  1.483555e+00  -1.354278e+00  1.483435e+00  -8.867345e-01  1.841595e+00  
   4.9364300  -1.321901e+00  1.421388e+00  -1.322169e+00  1.421253e+00  -8.820688e-01  1.791158e+00  
   4.9574299  -1.289230e+00  1.367124e+00  -1.289486e+00  1.366974e+00  -8.753329e-01  1.745117e+00  
   4.9774299  -1.258276e+00  1.322129e+00  -1.258518e+00  1.321965e+00  -8.674213e-01  1.705144e+00  
   4.9984298  -1.226496e+00  1.281185e+00  -1.226724e+00  1.281006e+00  -8.579310e-01  1.666989e+00  
