w Re-xx Im-xx Re-yy Im-yy Re-zz Im-zz
# Gaussian absolute broadening  0.15 [eV]
   0.0000000  7.692375e-01  8.861029e-05  7.692312e-01  8.861296e-05  7.246697e-01  7.878414e-05  
   0.0200000  7.693377e-01  9.483477e-05  7.693314e-01  9.483779e-05  7.247587e-01  8.431846e-05  
   0.0410000  7.694565e-01  1.019279e-04  7.694505e-01  1.019313e-04  7.248644e-01  9.062465e-05  
   0.0620000  7.695926e-01  1.096284e-04  7.695865e-01  1.096323e-04  7.249852e-01  9.747028e-05  
   0.0830000  7.697466e-01  1.179703e-04  7.697404e-01  1.179745e-04  7.251220e-01  1.048854e-04  
   0.1040000  7.699213e-01  1.269831e-04  7.699151e-01  1.269878e-04  7.252777e-01  1.128961e-04  
   0.1240000  7.701088e-01  1.362118e-04  7.701027e-01  1.362169e-04  7.254443e-01  1.210981e-04  
   0.1450000  7.703302e-01  1.465946e-04  7.703239e-01  1.466001e-04  7.256411e-01  1.303246e-04  
   0.1660000  7.705786e-01  1.576933e-04  7.705725e-01  1.576992e-04  7.258619e-01  1.401863e-04  
   0.1870000  7.708561e-01  1.695045e-04  7.708499e-01  1.695108e-04  7.261087e-01  1.506798e-04  
   0.2080000  7.711650e-01  1.820136e-04  7.711589e-01  1.820204e-04  7.263833e-01  1.617920e-04  
   0.2290000  7.715072e-01  1.951953e-04  7.715010e-01  1.952024e-04  7.266876e-01  1.735001e-04  
   0.2490000  7.718650e-01  2.083423e-04  7.718590e-01  2.083498e-04  7.270057e-01  1.851758e-04  
   0.2700000  7.722763e-01  2.227274e-04  7.722701e-01  2.227352e-04  7.273708e-01  1.979491e-04  
   0.2910000  7.727240e-01  2.376577e-04  7.727180e-01  2.376659e-04  7.277688e-01  2.112046e-04  
   0.3120000  7.732100e-01  2.530798e-04  7.732038e-01  2.530884e-04  7.282009e-01  2.248941e-04  
   0.3330000  7.737338e-01  2.689382e-04  7.737278e-01  2.689472e-04  7.286665e-01  2.389684e-04  
   0.3540000  7.742965e-01  2.851792e-04  7.742904e-01  2.851888e-04  7.291663e-01  2.533794e-04  
   0.3740000  7.748684e-01  3.009571e-04  7.748622e-01  3.009672e-04  7.296744e-01  2.673765e-04  
   0.3950000  7.755063e-01  3.178067e-04  7.755002e-01  3.178174e-04  7.302411e-01  2.823209e-04  
   0.4160000  7.761828e-01  3.349085e-04  7.761768e-01  3.349198e-04  7.308419e-01  2.974853e-04  
   0.4374300  7.769131e-01  3.525884e-04  7.769071e-01  3.526005e-04  7.314909e-01  3.131582e-04  
   0.4574300  7.776306e-01  3.692736e-04  7.776245e-01  3.692864e-04  7.321281e-01  3.279449e-04  
   0.4784300  7.784214e-01  3.869680e-04  7.784154e-01  3.869815e-04  7.328305e-01  3.436217e-04  
   0.4994300  7.792506e-01  4.048299e-04  7.792446e-01  4.048442e-04  7.335665e-01  3.594419e-04  
   0.5204300  7.801181e-01  4.228523e-04  7.801121e-01  4.228673e-04  7.343366e-01  3.753989e-04  
   0.5414300  7.810240e-01  4.410316e-04  7.810181e-01  4.410472e-04  7.351408e-01  3.914891e-04  
   0.5614300  7.819228e-01  4.584905e-04  7.819170e-01  4.585067e-04  7.359388e-01  4.069365e-04  
   0.5824300  7.829049e-01  4.769774e-04  7.828991e-01  4.769940e-04  7.368103e-01  4.232875e-04  
   0.6034300  7.839255e-01  4.956261e-04  7.839199e-01  4.956432e-04  7.377161e-01  4.397751e-04  
   0.6244300  7.849863e-01  5.144421e-04  7.849807e-01  5.144594e-04  7.386572e-01  4.564038e-04  
   0.6454300  7.860867e-01  5.334308e-04  7.860812e-01  5.334482e-04  7.396333e-01  4.731782e-04  
   0.6664300  7.872273e-01  5.525980e-04  7.872215e-01  5.526157e-04  7.406451e-01  4.901033e-04  
   0.6864300  7.883509e-01  5.710252e-04  7.883453e-01  5.710428e-04  7.416416e-01  5.063674e-04  
   0.7074300  7.895711e-01  5.905612e-04  7.895653e-01  5.905788e-04  7.427232e-01  5.236026e-04  
   0.7284300  7.908319e-01  6.102968e-04  7.908263e-01  6.103144e-04  7.438412e-01  5.410058e-04  
   0.7494300  7.921348e-01  6.302397e-04  7.921294e-01  6.302572e-04  7.449962e-01  5.585832e-04  
   0.7704300  7.934796e-01  6.503970e-04  7.934741e-01  6.504144e-04  7.461879e-01  5.763408e-04  
   0.7914300  7.948670e-01  6.707773e-04  7.948616e-01  6.707949e-04  7.474173e-01  5.942855e-04  
   0.8114300  7.962278e-01  6.904018e-04  7.962224e-01  6.904194e-04  7.486229e-01  6.115558e-04  
   0.8324300  7.976995e-01  7.112417e-04  7.976941e-01  7.112594e-04  7.499264e-01  6.298859e-04  
   0.8540300  7.992594e-01  7.329370e-04  7.992541e-01  7.329548e-04  7.513077e-01  6.489580e-04  
   0.8740300  8.007452e-01  7.532688e-04  8.007401e-01  7.532869e-04  7.526232e-01  6.668215e-04  
   0.8950300  8.023498e-01  7.748785e-04  8.023446e-01  7.748971e-04  7.540434e-01  6.857973e-04  
   0.9160300  8.039998e-01  7.967662e-04  8.039948e-01  7.967855e-04  7.555036e-01  7.050063e-04  
   0.9370300  8.056958e-01  8.189424e-04  8.056909e-01  8.189624e-04  7.570044e-01  7.244567e-04  
   0.9580300  8.074387e-01  8.414180e-04  8.074337e-01  8.414391e-04  7.585460e-01  7.441581e-04  
   0.9780300  8.091434e-01  8.631121e-04  8.091385e-01  8.631344e-04  7.600532e-01  7.631631e-04  
   0.9990300  8.109800e-01  8.862047e-04  8.109752e-01  8.862285e-04  7.616772e-01  7.833815e-04  
   1.0200300  8.128654e-01  9.096304e-04  8.128607e-01  9.096562e-04  7.633438e-01  8.038784e-04  
   1.0410300  8.148008e-01  9.334019e-04  8.147958e-01  9.334296e-04  7.650537e-01  8.246641e-04  
   1.0620300  8.167867e-01  9.575299e-04  8.167821e-01  9.575608e-04  7.668080e-01  8.457489e-04  
   1.0830300  8.188233e-01  9.820288e-04  8.188187e-01  9.820625e-04  7.686068e-01  8.671422e-04  
   1.1030300  8.208112e-01  1.005716e-03  8.208069e-01  1.005753e-03  7.703618e-01  8.878143e-04  
   1.1240300  8.229502e-01  1.030975e-03  8.229458e-01  1.031014e-03  7.722499e-01  9.098414e-04  
   1.1450300  8.251425e-01  1.056642e-03  8.251382e-01  1.056686e-03  7.741843e-01  9.322099e-04  
   1.1660300  8.273891e-01  1.082733e-03  8.273848e-01  1.082780e-03  7.761659e-01  9.549308e-04  
   1.1870300  8.296908e-01  1.109261e-03  8.296868e-01  1.109313e-03  7.781960e-01  9.780162e-04  
   1.2080300  8.320489e-01  1.136244e-03  8.320450e-01  1.136300e-03  7.802745e-01  1.001478e-03  
   1.2280300  8.343472e-01  1.162377e-03  8.343433e-01  1.162437e-03  7.823001e-01  1.024185e-03  
   1.2490300  8.368171e-01  1.190292e-03  8.368133e-01  1.190355e-03  7.844759e-01  1.048421e-03  
   1.2706300  8.394198e-01  1.219530e-03  8.394161e-01  1.219598e-03  7.867681e-01  1.073786e-03  
   1.2906300  8.418859e-01  1.247094e-03  8.418823e-01  1.247164e-03  7.889391e-01  1.097679e-03  
   1.3116300  8.445358e-01  1.276565e-03  8.445321e-01  1.276639e-03  7.912709e-01  1.123204e-03  
   1.3326300  8.472474e-01  1.306597e-03  8.472439e-01  1.306673e-03  7.936563e-01  1.149192e-03  
   1.3536299  8.500226e-01  1.337210e-03  8.500193e-01  1.337289e-03  7.960968e-01  1.175661e-03  
   1.3746300  8.528630e-01  1.368427e-03  8.528599e-01  1.368509e-03  7.985935e-01  1.202630e-03  
   1.3946300  8.556300e-01  1.398741e-03  8.556268e-01  1.398825e-03  8.010246e-01  1.228794e-03  
   1.4156300  8.586010e-01  1.431205e-03  8.585980e-01  1.431291e-03  8.036342e-01  1.256790e-03  
   1.4366300  8.616411e-01  1.464343e-03  8.616384e-01  1.464429e-03  8.063031e-01  1.285340e-03  
   1.4576300  8.647518e-01  1.498180e-03  8.647491e-01  1.498268e-03  8.090332e-01  1.314467e-03  
   1.4786299  8.679346e-01  1.532743e-03  8.679321e-01  1.532832e-03  8.118250e-01  1.344189e-03  
   1.4996300  8.711910e-01  1.568060e-03  8.711885e-01  1.568149e-03  8.146801e-01  1.374531e-03  
   1.5196300  8.743618e-01  1.602421e-03  8.743594e-01  1.602512e-03  8.174589e-01  1.404023e-03  
   1.5406300  8.777660e-01  1.639292e-03  8.777639e-01  1.639383e-03  8.204410e-01  1.435639e-03  
   1.5616300  8.812484e-01  1.677005e-03  8.812466e-01  1.677097e-03  8.234903e-01  1.467944e-03  
   1.5826300  8.848111e-01  1.715592e-03  8.848093e-01  1.715684e-03  8.266078e-01  1.500964e-03  
   1.6036299  8.884556e-01  1.755088e-03  8.884537e-01  1.755180e-03  8.297955e-01  1.534726e-03  
   1.6246300  8.921837e-01  1.795529e-03  8.921824e-01  1.795622e-03  8.330551e-01  1.569259e-03  
   1.6446300  8.958138e-01  1.834958e-03  8.958125e-01  1.835051e-03  8.362268e-01  1.602891e-03  
   1.6656300  8.997112e-01  1.877357e-03  8.997101e-01  1.877450e-03  8.396301e-01  1.639017e-03  
   1.6872300  9.038142e-01  1.922081e-03  9.038134e-01  1.922176e-03  8.432114e-01  1.677080e-03  
   1.7072300  9.077001e-01  1.964542e-03  9.076992e-01  1.964636e-03  8.466010e-01  1.713173e-03  
   1.7282300  9.118726e-01  2.010260e-03  9.118720e-01  2.010356e-03  8.502386e-01  1.751987e-03  
   1.7492300  9.161422e-01  2.057192e-03  9.161418e-01  2.057289e-03  8.539587e-01  1.791780e-03  
   1.7702301  9.205118e-01  2.105394e-03  9.205116e-01  2.105493e-03  8.577632e-01  1.832594e-03  
   1.7912300  9.249839e-01  2.154928e-03  9.249840e-01  2.155029e-03  8.616545e-01  1.874475e-03  
   1.8112299  9.293409e-01  2.203401e-03  9.293414e-01  2.203504e-03  8.654441e-01  1.915397e-03  
   1.8322300  9.340217e-01  2.255728e-03  9.340222e-01  2.255832e-03  8.695116e-01  1.959502e-03  
   1.8532300  9.388137e-01  2.309593e-03  9.388144e-01  2.309701e-03  8.736737e-01  2.004824e-03  
   1.8742300  9.437209e-01  2.365082e-03  9.437218e-01  2.365194e-03  8.779324e-01  2.051421e-03  
   1.8952301  9.487461e-01  2.422283e-03  9.487475e-01  2.422399e-03  8.822905e-01  2.099357e-03  
   1.9162300  9.538932e-01  2.481295e-03  9.538946e-01  2.481415e-03  8.867508e-01  2.148697e-03  
   1.9362299  9.589105e-01  2.539278e-03  9.589123e-01  2.539403e-03  8.910959e-01  2.197061e-03  
   1.9572300  9.643053e-01  2.602147e-03  9.643075e-01  2.602278e-03  8.957633e-01  2.249361e-03  
   1.9782300  9.698328e-01  2.667182e-03  9.698353e-01  2.667319e-03  9.005430e-01  2.303306e-03  
   1.9992300  9.754972e-01  2.734531e-03  9.754996e-01  2.734676e-03  9.054362e-01  2.358990e-03  
   2.0202301  9.813030e-01  2.804362e-03  9.813059e-01  2.804515e-03  9.104477e-01  2.416526e-03  
   2.0412300  9.872544e-01  2.876859e-03  9.872578e-01  2.877021e-03  9.155806e-01  2.476038e-03  
   2.0612299  9.930623e-01  2.948576e-03  9.930660e-01  2.948748e-03  9.205855e-01  2.534680e-03  
   2.0822301  9.993133e-01  3.026913e-03  9.993173e-01  3.027096e-03  9.259669e-01  2.598470e-03  
   2.1038301  1.005911e+00  3.111006e-03  1.005915e+00  3.111200e-03  9.316420e-01  2.666639e-03  
   2.1238301  1.012178e+00  3.192324e-03  1.012182e+00  3.192531e-03  9.370270e-01  2.732262e-03  
   2.1448300  1.018926e+00  3.281603e-03  1.018932e+00  3.281824e-03  9.428207e-01  2.803982e-03  
   2.1658299  1.025854e+00  3.375228e-03  1.025860e+00  3.375464e-03  9.487625e-01  2.878842e-03  
   2.1868300  1.032969e+00  3.473599e-03  1.032975e+00  3.473852e-03  9.548581e-01  2.957139e-03  
   2.2078300  1.040277e+00  3.577144e-03  1.040283e+00  3.577416e-03  9.611131e-01  3.039198e-03  
   2.2278299  1.047423e+00  3.681001e-03  1.047431e+00  3.681289e-03  9.672238e-01  3.121182e-03  
   2.2488301  1.055132e+00  3.796034e-03  1.055139e+00  3.796341e-03  9.738079e-01  3.211676e-03  
   2.2698300  1.063056e+00  3.917718e-03  1.063064e+00  3.918048e-03  9.805685e-01  3.307122e-03  
   2.2908299  1.071207e+00  4.046622e-03  1.071216e+00  4.046973e-03  9.875153e-01  3.408005e-03  
   2.3118300  1.079594e+00  4.183344e-03  1.079603e+00  4.183720e-03  9.946542e-01  3.514854e-03  
   2.3328300  1.088227e+00  4.328508e-03  1.088237e+00  4.328908e-03  1.001994e+00  3.628246e-03  
   2.3528299  1.096686e+00  4.475214e-03  1.096696e+00  4.475641e-03  1.009177e+00  3.742896e-03  
   2.3738301  1.105829e+00  4.638809e-03  1.105840e+00  4.639262e-03  1.016931e+00  3.870921e-03  
   2.3948300  1.115250e+00  4.812917e-03  1.115262e+00  4.813400e-03  1.024911e+00  4.007504e-03  
   2.4158299  1.124964e+00  4.998336e-03  1.124977e+00  4.998850e-03  1.033127e+00  4.153456e-03  
   2.4368300  1.134984e+00  5.195933e-03  1.134997e+00  5.196477e-03  1.041589e+00  4.309658e-03  
   2.4578300  1.145325e+00  5.406645e-03  1.145339e+00  5.407223e-03  1.050310e+00  4.477081e-03  
   2.4778299  1.155488e+00  5.620481e-03  1.155502e+00  5.621093e-03  1.058867e+00  4.647941e-03  
   2.4988301  1.166505e+00  5.859962e-03  1.166520e+00  5.860612e-03  1.068127e+00  4.840469e-03  
   2.5204301  1.178228e+00  6.123667e-03  1.178244e+00  6.124360e-03  1.077964e+00  5.053901e-03  
   2.5404301  1.189456e+00  6.385021e-03  1.189474e+00  6.385758e-03  1.087367e+00  5.266855e-03  
   2.5614300  1.201655e+00  6.679013e-03  1.201673e+00  6.679801e-03  1.097563e+00  5.507983e-03  
   2.5824299  1.214298e+00  6.995220e-03  1.214317e+00  6.996063e-03  1.108108e+00  5.769012e-03  
   2.6034300  1.227416e+00  7.336319e-03  1.227436e+00  7.337223e-03  1.119022e+00  6.052252e-03  
   2.6244299  1.241038e+00  7.705596e-03  1.241060e+00  7.706568e-03  1.130327e+00  6.360426e-03  
   2.6444299  1.254514e+00  8.087265e-03  1.254537e+00  8.088311e-03  1.141481e+00  6.680123e-03  
   2.6654301  1.269229e+00  8.524554e-03  1.269254e+00  8.525687e-03  1.153624e+00  7.047156e-03  
   2.6864300  1.284566e+00  9.005960e-03  1.284592e+00  9.007191e-03  1.166239e+00  7.451201e-03  
   2.7074299  1.300576e+00  9.540445e-03  1.300603e+00  9.541794e-03  1.179361e+00  7.898509e-03  
   2.7284300  1.317314e+00  1.013999e-02  1.317343e+00  1.014147e-02  1.193025e+00  8.397067e-03  
   2.7494299  1.334844e+00  1.082069e-02  1.334875e+00  1.082234e-02  1.207273e+00  8.957130e-03  
   2.7694299  1.352341e+00  1.156433e-02  1.352374e+00  1.156617e-02  1.221428e+00  9.559833e-03  
   2.7904301  1.371633e+00  1.247353e-02  1.371668e+00  1.247561e-02  1.236956e+00  1.028189e-02  
   2.8114300  1.391957e+00  1.355312e-02  1.391995e+00  1.355552e-02  1.253219e+00  1.111712e-02  
   2.8324299  1.413414e+00  1.485612e-02  1.413455e+00  1.485892e-02  1.270283e+00  1.209401e-02  
   2.8534300  1.436118e+00  1.645301e-02  1.436161e+00  1.645635e-02  1.288217e+00  1.324918e-02  
   2.8744299  1.460188e+00  1.843642e-02  1.460234e+00  1.844047e-02  1.307098e+00  1.462940e-02  
   2.8944299  1.484501e+00  2.079418e-02  1.484551e+00  2.079914e-02  1.326035e+00  1.620727e-02  
   2.9154301  1.511614e+00  2.390811e-02  1.511669e+00  2.391433e-02  1.347007e+00  1.821191e-02  
   2.9370301  1.541332e+00  2.799006e-02  1.541390e+00  2.799803e-02  1.369839e+00  2.074164e-02  
   2.9570301  1.570614e+00  3.278204e-02  1.570676e+00  3.279217e-02  1.392207e+00  2.361405e-02  
   2.9780300  1.603284e+00  3.913119e-02  1.603352e+00  3.914423e-02  1.417058e+00  2.731423e-02  
   2.9990301  1.637991e+00  4.715051e-02  1.638064e+00  4.716734e-02  1.443397e+00  3.188198e-02  
   3.0200300  1.674755e+00  5.721046e-02  1.674833e+00  5.723209e-02  1.471303e+00  3.751948e-02  
   3.0410299  1.713534e+00  6.972157e-02  1.713618e+00  6.974925e-02  1.500840e+00  4.446544e-02  
   3.0610299  1.752231e+00  8.431812e-02  1.752321e+00  8.435278e-02  1.530524e+00  5.255020e-02  
   3.0820301  1.794511e+00  1.028952e-01  1.794606e+00  1.029388e-01  1.563322e+00  6.288429e-02  
   3.1030300  1.838171e+00  1.252417e-01  1.838271e+00  1.252957e-01  1.597741e+00  7.545216e-02  
   3.1240301  1.882789e+00  1.517738e-01  1.882896e+00  1.518401e-01  1.633675e+00  9.063278e-02  
   3.1450300  1.927831e+00  1.828474e-01  1.927942e+00  1.829275e-01  1.670934e+00  1.088231e-01  
   3.1660299  1.972666e+00  2.187306e-01  1.972781e+00  2.188261e-01  1.709248e+00  1.304245e-01  
   3.1860299  2.014517e+00  2.575165e-01  2.014634e+00  2.576282e-01  1.746382e+00  1.545206e-01  
   3.2070301  2.056827e+00  3.030986e-01  2.056945e+00  3.032282e-01  1.785601e+00  1.838527e-01  
   3.2280300  2.096678e+00  3.535174e-01  2.096796e+00  3.536655e-01  1.824500e+00  2.175870e-01  
   3.2490301  2.133289e+00  4.084725e-01  2.133407e+00  4.086394e-01  1.862429e+00  2.559060e-01  
   3.2700300  2.165937e+00  4.675016e-01  2.166052e+00  4.676871e-01  1.898672e+00  2.988659e-01  
   3.2910299  2.193998e+00  5.299998e-01  2.194108e+00  5.302029e-01  1.932467e+00  3.463748e-01  
   3.3110299  2.216013e+00  5.920885e-01  2.216118e+00  5.923072e-01  1.961674e+00  3.956154e-01  
   3.3320301  2.233872e+00  6.592087e-01  2.233970e+00  6.594418e-01  1.988509e+00  4.510984e-01  
   3.3536301  2.246477e+00  7.294392e-01  2.246566e+00  7.296851e-01  2.011330e+00  5.115829e-01  
   3.3736300  2.252974e+00  7.947721e-01  2.253054e+00  7.950273e-01  2.027632e+00  5.699680e-01  
   3.3946300  2.254652e+00  8.629397e-01  2.254721e+00  8.632019e-01  2.039380e+00  6.328809e-01  
   3.4156301  2.251423e+00  9.299993e-01  2.251482e+00  9.302667e-01  2.045434e+00  6.964889e-01  
   3.4366300  2.243772e+00  9.953979e-01  2.243819e+00  9.956669e-01  2.045805e+00  7.597851e-01  
   3.4576299  2.232258e+00  1.058725e+00  2.232294e+00  1.058994e+00  2.040725e+00  8.217817e-01  
   3.4776299  2.218244e+00  1.116869e+00  2.218268e+00  1.117136e+00  2.031214e+00  8.787808e-01  
   3.4986300  2.200881e+00  1.175524e+00  2.200893e+00  1.175788e+00  2.016906e+00  9.357228e-01  
   3.5196300  2.181327e+00  1.231712e+00  2.181327e+00  1.231972e+00  1.998921e+00  9.890767e-01  
   3.5406301  2.160036e+00  1.285517e+00  2.160025e+00  1.285773e+00  1.978113e+00  1.038428e+00  
   3.5616300  2.137369e+00  1.337074e+00  2.137346e+00  1.337325e+00  1.955378e+00  1.083583e+00  
   3.5826299  2.113591e+00  1.386547e+00  2.113555e+00  1.386791e+00  1.931597e+00  1.124576e+00  
   3.6026299  2.090076e+00  1.431865e+00  2.090029e+00  1.432103e+00  1.908715e+00  1.159971e+00  
   3.6236300  2.064579e+00  1.477675e+00  2.064519e+00  1.477908e+00  1.885107e+00  1.193708e+00  
   3.6446300  2.038325e+00  1.521742e+00  2.038253e+00  1.521967e+00  1.862455e+00  1.224472e+00  
   3.6656301  2.011371e+00  1.564083e+00  2.011287e+00  1.564301e+00  1.841118e+00  1.252890e+00  
   3.6866300  1.983790e+00  1.604666e+00  1.983695e+00  1.604877e+00  1.821276e+00  1.279602e+00  
   3.7076299  1.955695e+00  1.643421e+00  1.955589e+00  1.643622e+00  1.802940e+00  1.305215e+00  
   3.7276299  1.928621e+00  1.678546e+00  1.928506e+00  1.678739e+00  1.786770e+00  1.329058e+00  
   3.7486300  1.900099e+00  1.713473e+00  1.899973e+00  1.713657e+00  1.770945e+00  1.353894e+00  
   3.7702301  1.870997e+00  1.747252e+00  1.870864e+00  1.747426e+00  1.755641e+00  1.379489e+00  
   3.7902300  1.844630e+00  1.776589e+00  1.844491e+00  1.776753e+00  1.742121e+00  1.403335e+00  
   3.8112299  1.817986e+00  1.805468e+00  1.817843e+00  1.805622e+00  1.728423e+00  1.428510e+00  
   3.8322301  1.792885e+00  1.832563e+00  1.792740e+00  1.832711e+00  1.715144e+00  1.453718e+00  
   3.8532300  1.769823e+00  1.858188e+00  1.769678e+00  1.858328e+00  1.702311e+00  1.478802e+00  
   3.8742299  1.749267e+00  1.882792e+00  1.749124e+00  1.882927e+00  1.690075e+00  1.503610e+00  
   3.8942299  1.732387e+00  1.905812e+00  1.732249e+00  1.905945e+00  1.679215e+00  1.526888e+00  
   3.9152300  1.717782e+00  1.930239e+00  1.717650e+00  1.930373e+00  1.668980e+00  1.550963e+00  
   3.9362299  1.706525e+00  1.955754e+00  1.706400e+00  1.955891e+00  1.660330e+00  1.574797e+00  
   3.9572301  1.698593e+00  1.983288e+00  1.698476e+00  1.983431e+00  1.653664e+00  1.598687e+00  
   3.9782300  1.693747e+00  2.013823e+00  1.693638e+00  2.013976e+00  1.649328e+00  1.623100e+00  
   3.9992299  1.691514e+00  2.048359e+00  1.691414e+00  2.048525e+00  1.647567e+00  1.648672e+00  
   4.0192299  1.691165e+00  2.085842e+00  1.691072e+00  2.086023e+00  1.648373e+00  1.674816e+00  
   4.0402298  1.691748e+00  2.130843e+00  1.691663e+00  2.131040e+00  1.651739e+00  1.705001e+00  
   4.0612302  1.692154e+00  2.182311e+00  1.692072e+00  2.182527e+00  1.657379e+00  1.738926e+00  
   4.0822301  1.691027e+00  2.240733e+00  1.690947e+00  2.240966e+00  1.664737e+00  1.777558e+00  
   4.1032300  1.686877e+00  2.306332e+00  1.686797e+00  2.306584e+00  1.672999e+00  1.821818e+00  
   4.1242299  1.678142e+00  2.379049e+00  1.678057e+00  2.379318e+00  1.681101e+00  1.872515e+00  
   4.1442299  1.664116e+00  2.454577e+00  1.664024e+00  2.454858e+00  1.687481e+00  1.927359e+00  
   4.1652298  1.641944e+00  2.539817e+00  1.641842e+00  2.540111e+00  1.691334e+00  1.992214e+00  
   4.1868300  1.609741e+00  2.632834e+00  1.609625e+00  2.633134e+00  1.690538e+00  2.066792e+00  
   4.2068300  1.570293e+00  2.722634e+00  1.570162e+00  2.722939e+00  1.683857e+00  2.142731e+00  
   4.2278299  1.517954e+00  2.819316e+00  1.517803e+00  2.819621e+00  1.668973e+00  2.228986e+00  
   4.2488298  1.453716e+00  2.916851e+00  1.453544e+00  2.917153e+00  1.644349e+00  2.320915e+00  
   4.2698302  1.377131e+00  3.013497e+00  1.376937e+00  3.013791e+00  1.608446e+00  2.417115e+00  
   4.2908301  1.288042e+00  3.107428e+00  1.287824e+00  3.107713e+00  1.559981e+00  2.515804e+00  
   4.3108301  1.191678e+00  3.192683e+00  1.191436e+00  3.192957e+00  1.501292e+00  2.610204e+00  
   4.3318300  1.078777e+00  3.276026e+00  1.078510e+00  3.276287e+00  1.426025e+00  2.707526e+00  
   4.3528299  9.545085e-01  3.351296e+00  9.542168e-01  3.351543e+00  1.336769e+00  2.800587e+00  
   4.3738298  8.197646e-01  3.416790e+00  8.194484e-01  3.417026e+00  1.234043e+00  2.886906e+00  
   4.3948302  6.756678e-01  3.470915e+00  6.753283e-01  3.471136e+00  1.118896e+00  2.964091e+00  
   4.4158301  5.235766e-01  3.512204e+00  5.232143e-01  3.512413e+00  9.928982e-01  3.029967e+00  
   4.4358301  3.727212e-01  3.538406e+00  3.723390e-01  3.538605e+00  8.646442e-01  3.080501e+00  
   4.4568300  2.097113e-01  3.551076e+00  2.093099e-01  3.551265e+00  7.235729e-01  3.119376e+00  
   4.4778299  4.389441e-02  3.547684e+00  4.347596e-02  3.547864e+00  5.784855e-01  3.142792e+00  
   4.4988298  -1.226188e-01  3.527631e+00  -1.230519e-01  3.527803e+00  4.320720e-01  3.150334e+00  
   4.5198302  -2.875920e-01  3.490645e+00  -2.880375e-01  3.490809e+00  2.869836e-01  3.142123e+00  
   4.5408301  -4.486980e-01  3.436827e+00  -4.491533e-01  3.436981e+00  1.457205e-01  3.118790e+00  
   4.5608301  -5.964033e-01  3.370379e+00  -5.968659e-01  3.370524e+00  1.676903e-02  3.083491e+00  
   4.5818300  -7.432905e-01  3.285544e+00  -7.437584e-01  3.285677e+00  -1.109698e-01  3.034077e+00  
   4.6034298  -8.834022e-01  3.183594e+00  -8.838729e-01  3.183711e+00  -2.326588e-01  2.971827e+00  
   4.6234298  -1.001446e+00  3.077564e+00  -1.001918e+00  3.077663e+00  -3.355946e-01  2.905620e+00  
   4.6444302  -1.111786e+00  2.956258e+00  -1.112257e+00  2.956336e+00  -4.330002e-01  2.829127e+00  
   4.6654301  -1.207054e+00  2.827117e+00  -1.207523e+00  2.827170e+00  -5.192328e-01  2.747394e+00  
   4.6864300  -1.286572e+00  2.692740e+00  -1.287037e+00  2.692763e+00  -5.943863e-01  2.662266e+00  
   4.7074299  -1.350160e+00  2.555798e+00  -1.350620e+00  2.555786e+00  -6.588199e-01  2.575436e+00  
   4.7274299  -1.396194e+00  2.425384e+00  -1.396647e+00  2.425336e+00  -7.107296e-01  2.492539e+00  
   4.7484298  -1.430012e+00  2.290801e+00  -1.430456e+00  2.290710e+00  -7.559750e-01  2.406533e+00  
   4.7694302  -1.450098e+00  2.160750e+00  -1.450529e+00  2.160614e+00  -7.925059e-01  2.322656e+00  
   4.7904301  -1.457903e+00  2.037041e+00  -1.458320e+00  2.036857e+00  -8.211456e-01  2.241782e+00  
   4.8114300  -1.455084e+00  1.921064e+00  -1.455484e+00  1.920829e+00  -8.427302e-01  2.164578e+00  
   4.8324299  -1.443395e+00  1.813789e+00  -1.443772e+00  1.813504e+00  -8.580818e-01  2.091529e+00  
   4.8524299  -1.425616e+00  1.720231e+00  -1.425970e+00  1.719896e+00  -8.676318e-01  2.026113e+00  
   4.8734298  -1.401576e+00  1.631224e+00  -1.401901e+00  1.630839e+00  -8.730561e-01  1.961956e+00  
   4.8944302  -1.373537e+00  1.551563e+00  -1.373829e+00  1.551129e+00  -8.744560e-01  1.902496e+00  
   4.9154301  -1.342850e+00  1.480896e+00  -1.343104e+00  1.480415e+00  -8.724806e-01  1.847692e+00  
   4.9364300  -1.310660e+00  1.418685e+00  -1.310874e+00  1.418159e+00  -8.677220e-01  1.797419e+00  
   4.9574299  -1.277905e+00  1.364270e+00  -1.278076e+00  1.363704e+00  -8.607145e-01  1.751490e+00  
   4.9774299  -1.246866e+00  1.319034e+00  -1.246994e+00  1.318434e+00  -8.523857e-01  1.711578e+00  
   4.9984298  -1.214983e+00  1.277738e+00  -1.215063e+00  1.277105e+00  -8.423044e-01  1.673440e+00  
