w Re-xx Im-xx Re-yy Im-yy Re-zz Im-zz
# Gaussian absolute broadening  0.15 [eV]
   0.0000000  7.681001e-01  8.826311e-05  7.681049e-01  8.826377e-05  7.252250e-01  7.899566e-05  
   0.0200000  7.681999e-01  9.446307e-05  7.682047e-01  9.446389e-05  7.253142e-01  8.454246e-05  
   0.0410000  7.683185e-01  1.015281e-04  7.683234e-01  1.015291e-04  7.254204e-01  9.086286e-05  
   0.0620000  7.684538e-01  1.091980e-04  7.684585e-01  1.091993e-04  7.255412e-01  9.772402e-05  
   0.0830000  7.686069e-01  1.175067e-04  7.686120e-01  1.175082e-04  7.256787e-01  1.051560e-04  
   0.1040000  7.687814e-01  1.264834e-04  7.687860e-01  1.264853e-04  7.258345e-01  1.131851e-04  
   0.1240000  7.689679e-01  1.356751e-04  7.689727e-01  1.356773e-04  7.260016e-01  1.214058e-04  
   0.1450000  7.691882e-01  1.460160e-04  7.691931e-01  1.460186e-04  7.261986e-01  1.306536e-04  
   0.1660000  7.694356e-01  1.570698e-04  7.694404e-01  1.570728e-04  7.264200e-01  1.405381e-04  
   0.1870000  7.697122e-01  1.688329e-04  7.697169e-01  1.688365e-04  7.266673e-01  1.510559e-04  
   0.2080000  7.700198e-01  1.812909e-04  7.700248e-01  1.812951e-04  7.269427e-01  1.621939e-04  
   0.2290000  7.703605e-01  1.944187e-04  7.703654e-01  1.944234e-04  7.272476e-01  1.739294e-04  
   0.2490000  7.707171e-01  2.075118e-04  7.707221e-01  2.075170e-04  7.275665e-01  1.856325e-04  
   0.2700000  7.711266e-01  2.218375e-04  7.711315e-01  2.218434e-04  7.279326e-01  1.984357e-04  
   0.2910000  7.715727e-01  2.367062e-04  7.715776e-01  2.367127e-04  7.283317e-01  2.117224e-04  
   0.3120000  7.720566e-01  2.520642e-04  7.720615e-01  2.520713e-04  7.287647e-01  2.254442e-04  
   0.3330000  7.725784e-01  2.678566e-04  7.725834e-01  2.678642e-04  7.292312e-01  2.395517e-04  
   0.3540000  7.731386e-01  2.840298e-04  7.731435e-01  2.840380e-04  7.297324e-01  2.539968e-04  
   0.3740000  7.737082e-01  2.997417e-04  7.737131e-01  2.997504e-04  7.302416e-01  2.680273e-04  
   0.3950000  7.743433e-01  3.165203e-04  7.743484e-01  3.165296e-04  7.308097e-01  2.830075e-04  
   0.4160000  7.750170e-01  3.335500e-04  7.750221e-01  3.335598e-04  7.314119e-01  2.982082e-04  
   0.4374300  7.757446e-01  3.511550e-04  7.757496e-01  3.511652e-04  7.320623e-01  3.139188e-04  
   0.4574300  7.764590e-01  3.677689e-04  7.764642e-01  3.677797e-04  7.327014e-01  3.287415e-04  
   0.4784300  7.772466e-01  3.853876e-04  7.772517e-01  3.853989e-04  7.334054e-01  3.444565e-04  
   0.4994300  7.780723e-01  4.031725e-04  7.780777e-01  4.031842e-04  7.341430e-01  3.603153e-04  
   0.5204300  7.789363e-01  4.211164e-04  7.789415e-01  4.211287e-04  7.349151e-01  3.763113e-04  
   0.5414300  7.798384e-01  4.392161e-04  7.798437e-01  4.392288e-04  7.357214e-01  3.924413e-04  
   0.5614300  7.807335e-01  4.565982e-04  7.807389e-01  4.566114e-04  7.365211e-01  4.079269e-04  
   0.5824300  7.817114e-01  4.750030e-04  7.817168e-01  4.750167e-04  7.373948e-01  4.243183e-04  
   0.6034300  7.827281e-01  4.935683e-04  7.827336e-01  4.935826e-04  7.383031e-01  4.408470e-04  
   0.6244300  7.837842e-01  5.122994e-04  7.837898e-01  5.123141e-04  7.392462e-01  4.575174e-04  
   0.6454300  7.848802e-01  5.312017e-04  7.848856e-01  5.312169e-04  7.402248e-01  4.743338e-04  
   0.6664300  7.860159e-01  5.502815e-04  7.860215e-01  5.502972e-04  7.412392e-01  4.913016e-04  
   0.6864300  7.871348e-01  5.686235e-04  7.871405e-01  5.686398e-04  7.422381e-01  5.076071e-04  
   0.7074300  7.883495e-01  5.880691e-04  7.883554e-01  5.880859e-04  7.433223e-01  5.248868e-04  
   0.7284300  7.896052e-01  6.077124e-04  7.896110e-01  6.077295e-04  7.444430e-01  5.423347e-04  
   0.7494300  7.909027e-01  6.275612e-04  7.909083e-01  6.275788e-04  7.456008e-01  5.599579e-04  
   0.7704300  7.922415e-01  6.476232e-04  7.922474e-01  6.476414e-04  7.467955e-01  5.777622e-04  
   0.7914300  7.936231e-01  6.679058e-04  7.936290e-01  6.679249e-04  7.480278e-01  5.957545e-04  
   0.8114300  7.949781e-01  6.874360e-04  7.949841e-01  6.874555e-04  7.492365e-01  6.130713e-04  
   0.8324300  7.964436e-01  7.081747e-04  7.964495e-01  7.081949e-04  7.505429e-01  6.314513e-04  
   0.8540300  7.979967e-01  7.297639e-04  7.980027e-01  7.297848e-04  7.519280e-01  6.505752e-04  
   0.8740300  7.994761e-01  7.499951e-04  7.994822e-01  7.500167e-04  7.532468e-01  6.684876e-04  
   0.8950300  8.010734e-01  7.714974e-04  8.010796e-01  7.715199e-04  7.546704e-01  6.875157e-04  
   0.9160300  8.027162e-01  7.932754e-04  8.027225e-01  7.932989e-04  7.561343e-01  7.067775e-04  
   0.9370300  8.044048e-01  8.153393e-04  8.044112e-01  8.153639e-04  7.576387e-01  7.262821e-04  
   0.9580300  8.061402e-01  8.377003e-04  8.061466e-01  8.377259e-04  7.591842e-01  7.460380e-04  
   0.9780300  8.078372e-01  8.592829e-04  8.078437e-01  8.593098e-04  7.606953e-01  7.650959e-04  
   0.9990300  8.096656e-01  8.822556e-04  8.096722e-01  8.822840e-04  7.623233e-01  7.853703e-04  
   1.0200300  8.115428e-01  9.055589e-04  8.115494e-01  9.055891e-04  7.639939e-01  8.059240e-04  
   1.0410300  8.134694e-01  9.292042e-04  8.134761e-01  9.292362e-04  7.657085e-01  8.267675e-04  
   1.0620300  8.154463e-01  9.532041e-04  8.154529e-01  9.532379e-04  7.674671e-01  8.479107e-04  
   1.0830300  8.174740e-01  9.775710e-04  8.174810e-01  9.776067e-04  7.692707e-01  8.693636e-04  
   1.1030300  8.194528e-01  1.001130e-03  8.194598e-01  1.001168e-03  7.710301e-01  8.900927e-04  
   1.1240300  8.215818e-01  1.026249e-03  8.215888e-01  1.026290e-03  7.729228e-01  9.121817e-04  
   1.1450300  8.237640e-01  1.051774e-03  8.237713e-01  1.051817e-03  7.748623e-01  9.346122e-04  
   1.1660300  8.260002e-01  1.077719e-03  8.260075e-01  1.077764e-03  7.768491e-01  9.573969e-04  
   1.1870300  8.282915e-01  1.104097e-03  8.282989e-01  1.104145e-03  7.788842e-01  9.805470e-04  
   1.2080300  8.306383e-01  1.130925e-03  8.306460e-01  1.130975e-03  7.809685e-01  1.004076e-03  
   1.2280300  8.329259e-01  1.156907e-03  8.329336e-01  1.156959e-03  7.829989e-01  1.026847e-03  
   1.2490300  8.353843e-01  1.184657e-03  8.353919e-01  1.184712e-03  7.851806e-01  1.051153e-03  
   1.2706300  8.379745e-01  1.213721e-03  8.379824e-01  1.213779e-03  7.874786e-01  1.076590e-03  
   1.2906300  8.404288e-01  1.241119e-03  8.404368e-01  1.241180e-03  7.896554e-01  1.100552e-03  
   1.3116300  8.430657e-01  1.270410e-03  8.430737e-01  1.270474e-03  7.919930e-01  1.126152e-03  
   1.3326300  8.457643e-01  1.300257e-03  8.457727e-01  1.300322e-03  7.943848e-01  1.152217e-03  
   1.3536299  8.485262e-01  1.330679e-03  8.485346e-01  1.330746e-03  7.968318e-01  1.178765e-03  
   1.3746300  8.513525e-01  1.361698e-03  8.513610e-01  1.361767e-03  7.993351e-01  1.205813e-03  
   1.3946300  8.541057e-01  1.391817e-03  8.541144e-01  1.391888e-03  8.017727e-01  1.232057e-03  
   1.4156300  8.570620e-01  1.424070e-03  8.570708e-01  1.424142e-03  8.043893e-01  1.260138e-03  
   1.4366300  8.600867e-01  1.456988e-03  8.600959e-01  1.457063e-03  8.070654e-01  1.288775e-03  
   1.4576300  8.631818e-01  1.490599e-03  8.631911e-01  1.490675e-03  8.098026e-01  1.317991e-03  
   1.4786299  8.663486e-01  1.524927e-03  8.663579e-01  1.525005e-03  8.126019e-01  1.347806e-03  
   1.4996300  8.695881e-01  1.560000e-03  8.695976e-01  1.560080e-03  8.154650e-01  1.378242e-03  
   1.5196300  8.727425e-01  1.594119e-03  8.727521e-01  1.594201e-03  8.182511e-01  1.407826e-03  
   1.5406300  8.761289e-01  1.630727e-03  8.761386e-01  1.630812e-03  8.212412e-01  1.439541e-03  
   1.5616300  8.795931e-01  1.668167e-03  8.796031e-01  1.668253e-03  8.242987e-01  1.471948e-03  
   1.5826300  8.831368e-01  1.706468e-03  8.831468e-01  1.706556e-03  8.274245e-01  1.505072e-03  
   1.6036299  8.867619e-01  1.745667e-03  8.867722e-01  1.745758e-03  8.306210e-01  1.538941e-03  
   1.6246300  8.904696e-01  1.785798e-03  8.904804e-01  1.785890e-03  8.338895e-01  1.573584e-03  
   1.6446300  8.940802e-01  1.824918e-03  8.940908e-01  1.825012e-03  8.370702e-01  1.607324e-03  
   1.6656300  8.979561e-01  1.866978e-03  8.979670e-01  1.867075e-03  8.404830e-01  1.643567e-03  
   1.6872300  9.020361e-01  1.911335e-03  9.020473e-01  1.911434e-03  8.440740e-01  1.681754e-03  
   1.7072300  9.058999e-01  1.953437e-03  9.059116e-01  1.953538e-03  8.474730e-01  1.717967e-03  
   1.7282300  9.100491e-01  1.998758e-03  9.100606e-01  1.998862e-03  8.511209e-01  1.756912e-03  
   1.7492300  9.142943e-01  2.045267e-03  9.143062e-01  2.045373e-03  8.548514e-01  1.796843e-03  
   1.7702301  9.186381e-01  2.093016e-03  9.186502e-01  2.093125e-03  8.586667e-01  1.837802e-03  
   1.7912300  9.230838e-01  2.142064e-03  9.230965e-01  2.142176e-03  8.625693e-01  1.879838e-03  
   1.8112299  9.274154e-01  2.190036e-03  9.274281e-01  2.190150e-03  8.663691e-01  1.920916e-03  
   1.8322300  9.320682e-01  2.241790e-03  9.320809e-01  2.241907e-03  8.704483e-01  1.965197e-03  
   1.8532300  9.368308e-01  2.295026e-03  9.368440e-01  2.295147e-03  8.746221e-01  2.010710e-03  
   1.8742300  9.417078e-01  2.349817e-03  9.417210e-01  2.349943e-03  8.788931e-01  2.057516e-03  
   1.8952301  9.467013e-01  2.406240e-03  9.467151e-01  2.406370e-03  8.832639e-01  2.105679e-03  
   1.9162300  9.518155e-01  2.464375e-03  9.518296e-01  2.464508e-03  8.877367e-01  2.155269e-03  
   1.9362299  9.568012e-01  2.521415e-03  9.568154e-01  2.521554e-03  8.920946e-01  2.203895e-03  
   1.9572300  9.621603e-01  2.583159e-03  9.621750e-01  2.583304e-03  8.967758e-01  2.256500e-03  
   1.9782300  9.676515e-01  2.646904e-03  9.676665e-01  2.647054e-03  9.015689e-01  2.310782e-03  
   1.9992300  9.732771e-01  2.712767e-03  9.732924e-01  2.712924e-03  9.064765e-01  2.366844e-03  
   2.0202301  9.790435e-01  2.780877e-03  9.790594e-01  2.781042e-03  9.115025e-01  2.424801e-03  
   2.0412300  9.849539e-01  2.851379e-03  9.849701e-01  2.851551e-03  9.166505e-01  2.484781e-03  
   2.0612299  9.907207e-01  2.920893e-03  9.907371e-01  2.921074e-03  9.216701e-01  2.543919e-03  
   2.0822301  9.969267e-01  2.996544e-03  9.969437e-01  2.996735e-03  9.270669e-01  2.608286e-03  
   2.1038301  1.003476e+00  3.077408e-03  1.003494e+00  3.077609e-03  9.327585e-01  2.677113e-03  
   2.1238301  1.009696e+00  3.155249e-03  1.009714e+00  3.155461e-03  9.381591e-01  2.743402e-03  
   2.1448300  1.016394e+00  3.240295e-03  1.016412e+00  3.240518e-03  9.439698e-01  2.815881e-03  
   2.1658299  1.023269e+00  3.329005e-03  1.023288e+00  3.329240e-03  9.499286e-01  2.891555e-03  
   2.1868300  1.030329e+00  3.421690e-03  1.030348e+00  3.421938e-03  9.560415e-01  2.970714e-03  
   2.2078300  1.037579e+00  3.518683e-03  1.037598e+00  3.518946e-03  9.623142e-01  3.053664e-03  
   2.2278299  1.044669e+00  3.615409e-03  1.044689e+00  3.615686e-03  9.684420e-01  3.136507e-03  
   2.2488301  1.052314e+00  3.721934e-03  1.052336e+00  3.722226e-03  9.750437e-01  3.227884e-03  
   2.2698300  1.060174e+00  3.833973e-03  1.060196e+00  3.834281e-03  9.818234e-01  3.324157e-03  
   2.2908299  1.068258e+00  3.952019e-03  1.068280e+00  3.952344e-03  9.887892e-01  3.425770e-03  
   2.3118300  1.076575e+00  4.076594e-03  1.076598e+00  4.076936e-03  9.959466e-01  3.533195e-03  
   2.3328300  1.085135e+00  4.208264e-03  1.085158e+00  4.208626e-03  1.003305e+00  3.646948e-03  
   2.3528299  1.093523e+00  4.340822e-03  1.093546e+00  4.341203e-03  1.010506e+00  3.761675e-03  
   2.3738301  1.102586e+00  4.488159e-03  1.102611e+00  4.488559e-03  1.018280e+00  3.889436e-03  
   2.3948300  1.111927e+00  4.644541e-03  1.111952e+00  4.644965e-03  1.026279e+00  4.025317e-03  
   2.4158299  1.121556e+00  4.810746e-03  1.121583e+00  4.811194e-03  1.034515e+00  4.170035e-03  
   2.4368300  1.131489e+00  4.987613e-03  1.131515e+00  4.988086e-03  1.042997e+00  4.324389e-03  
   2.4578300  1.141739e+00  5.176062e-03  1.141767e+00  5.176563e-03  1.051738e+00  4.489250e-03  
   2.4778299  1.151812e+00  5.367236e-03  1.151840e+00  5.367767e-03  1.060313e+00  4.656919e-03  
   2.4988301  1.162730e+00  5.581350e-03  1.162759e+00  5.581913e-03  1.069594e+00  4.845205e-03  
   2.5204301  1.174347e+00  5.817214e-03  1.174378e+00  5.817816e-03  1.079451e+00  5.053209e-03  
   2.5404301  1.185474e+00  6.051127e-03  1.185505e+00  6.051768e-03  1.088873e+00  5.260059e-03  
   2.5614300  1.197560e+00  6.314466e-03  1.197593e+00  6.315151e-03  1.099090e+00  5.493527e-03  
   2.5824299  1.210086e+00  6.597971e-03  1.210119e+00  6.598706e-03  1.109654e+00  5.745449e-03  
   2.6034300  1.223080e+00  6.904111e-03  1.223115e+00  6.904902e-03  1.120589e+00  6.017936e-03  
   2.6244299  1.236572e+00  7.235901e-03  1.236608e+00  7.236756e-03  1.131914e+00  6.313466e-03  
   2.6444299  1.249917e+00  7.579215e-03  1.249954e+00  7.580135e-03  1.143088e+00  6.619075e-03  
   2.6654301  1.264487e+00  7.973026e-03  1.264526e+00  7.974025e-03  1.155252e+00  6.968803e-03  
   2.6864300  1.279669e+00  8.407154e-03  1.279710e+00  8.408243e-03  1.167888e+00  7.352474e-03  
   2.7074299  1.295515e+00  8.889904e-03  1.295557e+00  8.891094e-03  1.181031e+00  7.775726e-03  
   2.7284300  1.312078e+00  9.432404e-03  1.312122e+00  9.433710e-03  1.194716e+00  8.245745e-03  
   2.7494299  1.329419e+00  1.004968e-02  1.329465e+00  1.005112e-02  1.208986e+00  8.771789e-03  
   2.7694299  1.346725e+00  1.072573e-02  1.346772e+00  1.072733e-02  1.223163e+00  9.335837e-03  
   2.7904301  1.365799e+00  1.155469e-02  1.365849e+00  1.155649e-02  1.238714e+00  1.000925e-02  
   2.8114300  1.385888e+00  1.254238e-02  1.385940e+00  1.254443e-02  1.255002e+00  1.078568e-02  
   2.8324299  1.407089e+00  1.373892e-02  1.407144e+00  1.374130e-02  1.272093e+00  1.169133e-02  
   2.8534300  1.429512e+00  1.521123e-02  1.429570e+00  1.521402e-02  1.290058e+00  1.276014e-02  
   2.8744299  1.453274e+00  1.704747e-02  1.453335e+00  1.705081e-02  1.308975e+00  1.403584e-02  
   2.8944299  1.477264e+00  1.923919e-02  1.477329e+00  1.924321e-02  1.327955e+00  1.549427e-02  
   2.9154301  1.504003e+00  2.214551e-02  1.504071e+00  2.215046e-02  1.348985e+00  1.734930e-02  
   2.9370301  1.533293e+00  2.597083e-02  1.533365e+00  2.597702e-02  1.371894e+00  1.969579e-02  
   2.9570301  1.562134e+00  3.047865e-02  1.562211e+00  3.048633e-02  1.394356e+00  2.236912e-02  
   2.9780300  1.594292e+00  3.647282e-02  1.594374e+00  3.648249e-02  1.419335e+00  2.582748e-02  
   2.9990301  1.628433e+00  4.407036e-02  1.628520e+00  4.408254e-02  1.445838e+00  3.011830e-02  
   3.0200300  1.664572e+00  5.363300e-02  1.664664e+00  5.364829e-02  1.473955e+00  3.544337e-02  
   3.0410299  1.702667e+00  6.556343e-02  1.702764e+00  6.558254e-02  1.503759e+00  4.204250e-02  
   3.0610299  1.740658e+00  7.952347e-02  1.740760e+00  7.954692e-02  1.533753e+00  4.976735e-02  
   3.0820301  1.782146e+00  9.734065e-02  1.782253e+00  9.736948e-02  1.566944e+00  5.969655e-02  
   3.1030300  1.824968e+00  1.188320e-01  1.825079e+00  1.188670e-01  1.601830e+00  7.183767e-02  
   3.1240301  1.868721e+00  1.444161e-01  1.868835e+00  1.444582e-01  1.638307e+00  8.657698e-02  
   3.1450300  1.912886e+00  1.744547e-01  1.913002e+00  1.745047e-01  1.676187e+00  1.043203e-01  
   3.1660299  1.956856e+00  2.092263e-01  1.956974e+00  2.092848e-01  1.715195e+00  1.254789e-01  
   3.1860299  1.997925e+00  2.468953e-01  1.998043e+00  2.469625e-01  1.753054e+00  1.491681e-01  
   3.2070301  2.039489e+00  2.912602e-01  2.039605e+00  2.913368e-01  1.793092e+00  1.781007e-01  
   3.2280300  2.078710e+00  3.404362e-01  2.078824e+00  3.405223e-01  1.832860e+00  2.114786e-01  
   3.2490301  2.114846e+00  3.941441e-01  2.114956e+00  3.942399e-01  1.871695e+00  2.495013e-01  
   3.2700300  2.147216e+00  4.519428e-01  2.147318e+00  4.520479e-01  1.908863e+00  2.922448e-01  
   3.2910299  2.175230e+00  5.132473e-01  2.175327e+00  5.133610e-01  1.943587e+00  3.396391e-01  
   3.3110299  2.197447e+00  5.742478e-01  2.197536e+00  5.743696e-01  1.973668e+00  3.888882e-01  
   3.3320301  2.215799e+00  6.402891e-01  2.215879e+00  6.404185e-01  2.001385e+00  4.445294e-01  
   3.3536301  2.229231e+00  7.094861e-01  2.229301e+00  7.096226e-01  2.025061e+00  5.053639e-01  
   3.3736300  2.236787e+00  7.739344e-01  2.236851e+00  7.740770e-01  2.042081e+00  5.642671e-01  
   3.3946300  2.239881e+00  8.412471e-01  2.239934e+00  8.413955e-01  2.054484e+00  6.279458e-01  
   3.4156301  2.238359e+00  9.075263e-01  2.238406e+00  9.076799e-01  2.061070e+00  6.925619e-01  
   3.4366300  2.232687e+00  9.722145e-01  2.232727e+00  9.723735e-01  2.061826e+00  7.571135e-01  
   3.4576299  2.223389e+00  1.034902e+00  2.223425e+00  1.035066e+00  2.056955e+00  8.206060e-01  
   3.4776299  2.211669e+00  1.092505e+00  2.211702e+00  1.092676e+00  2.047462e+00  8.792352e-01  
   3.4986300  2.196867e+00  1.150672e+00  2.196895e+00  1.150847e+00  2.032970e+00  9.380710e-01  
   3.5196300  2.179977e+00  1.206468e+00  2.180003e+00  1.206649e+00  2.014578e+00  9.934561e-01  
   3.5406301  2.161406e+00  1.259996e+00  2.161429e+00  1.260184e+00  1.993140e+00  1.044918e+00  
   3.5616300  2.141459e+00  1.311416e+00  2.141480e+00  1.311610e+00  1.969560e+00  1.092192e+00  
   3.5826299  2.120352e+00  1.360913e+00  2.120370e+00  1.361114e+00  1.944734e+00  1.135243e+00  
   3.6026299  2.099293e+00  1.406428e+00  2.099309e+00  1.406634e+00  1.920697e+00  1.172472e+00  
   3.6236300  2.076243e+00  1.452646e+00  2.076255e+00  1.452856e+00  1.895743e+00  1.207941e+00  
   3.6446300  2.052268e+00  1.497332e+00  2.052274e+00  1.497546e+00  1.871650e+00  1.240182e+00  
   3.6656301  2.027400e+00  1.540510e+00  2.027398e+00  1.540726e+00  1.848827e+00  1.269777e+00  
   3.6866300  2.001697e+00  1.582137e+00  2.001688e+00  1.582354e+00  1.827501e+00  1.297343e+00  
   3.7076299  1.975271e+00  1.622124e+00  1.975254e+00  1.622339e+00  1.807738e+00  1.323473e+00  
   3.7276299  1.949602e+00  1.658575e+00  1.949574e+00  1.658787e+00  1.790298e+00  1.347506e+00  
   3.7486300  1.922375e+00  1.695024e+00  1.922339e+00  1.695231e+00  1.773271e+00  1.372248e+00  
   3.7702301  1.894443e+00  1.730471e+00  1.894398e+00  1.730673e+00  1.756903e+00  1.397469e+00  
   3.7902300  1.869041e+00  1.761417e+00  1.868988e+00  1.761612e+00  1.742570e+00  1.420761e+00  
   3.8112299  1.843313e+00  1.792021e+00  1.843253e+00  1.792210e+00  1.728202e+00  1.445193e+00  
   3.8322301  1.819058e+00  1.820851e+00  1.818993e+00  1.821033e+00  1.714438e+00  1.469545e+00  
   3.8532300  1.796787e+00  1.848197e+00  1.796721e+00  1.848375e+00  1.701291e+00  1.493709e+00  
   3.8742299  1.776980e+00  1.874491e+00  1.776914e+00  1.874665e+00  1.688888e+00  1.517577e+00  
   3.8942299  1.760774e+00  1.899077e+00  1.760711e+00  1.899249e+00  1.677985e+00  1.539971e+00  
   3.9152300  1.746828e+00  1.925088e+00  1.746771e+00  1.925261e+00  1.667791e+00  1.563151e+00  
   3.9362299  1.736166e+00  1.952109e+00  1.736115e+00  1.952285e+00  1.659245e+00  1.586135e+00  
   3.9572301  1.728743e+00  1.981057e+00  1.728703e+00  1.981241e+00  1.652714e+00  1.609218e+00  
   3.9782300  1.724303e+00  2.012908e+00  1.724273e+00  2.013102e+00  1.648522e+00  1.632856e+00  
   3.9992299  1.722353e+00  2.048647e+00  1.722335e+00  2.048853e+00  1.646892e+00  1.657667e+00  
   4.0192299  1.722146e+00  2.087170e+00  1.722138e+00  2.087391e+00  1.647802e+00  1.683080e+00  
   4.0402298  1.722736e+00  2.133150e+00  1.722738e+00  2.133389e+00  1.651245e+00  1.712466e+00  
   4.0612302  1.722997e+00  2.185499e+00  1.723007e+00  2.185758e+00  1.656927e+00  1.745542e+00  
   4.0822301  1.721571e+00  2.244723e+00  1.721587e+00  2.245001e+00  1.664294e+00  1.783257e+00  
   4.1032300  1.716967e+00  2.311082e+00  1.716983e+00  2.311379e+00  1.672538e+00  1.826522e+00  
   4.1242299  1.707613e+00  2.384554e+00  1.707626e+00  2.384868e+00  1.680603e+00  1.876145e+00  
   4.1442299  1.692837e+00  2.460842e+00  1.692843e+00  2.461169e+00  1.686936e+00  1.929899e+00  
   4.1652298  1.669691e+00  2.546968e+00  1.669684e+00  2.547306e+00  1.690735e+00  1.993555e+00  
   4.1868300  1.636262e+00  2.641028e+00  1.636235e+00  2.641371e+00  1.689882e+00  2.066865e+00  
   4.2068300  1.595447e+00  2.731941e+00  1.595398e+00  2.732285e+00  1.683148e+00  2.141632e+00  
   4.2278299  1.541403e+00  2.829953e+00  1.541327e+00  2.830292e+00  1.668205e+00  2.226697e+00  
   4.2488298  1.475164e+00  2.928972e+00  1.475056e+00  2.929298e+00  1.643510e+00  2.317517e+00  
   4.2698302  1.396267e+00  3.027219e+00  1.396124e+00  3.027528e+00  1.607505e+00  2.412731e+00  
   4.2908301  1.304561e+00  3.122813e+00  1.304382e+00  3.123100e+00  1.558891e+00  2.510596e+00  
   4.3108301  1.205448e+00  3.209640e+00  1.205233e+00  3.209902e+00  1.499994e+00  2.604392e+00  
   4.3318300  1.089442e+00  3.294538e+00  1.089188e+00  3.294772e+00  1.424418e+00  2.701290e+00  
   4.3528299  9.619211e-01  3.371175e+00  9.616304e-01  3.371376e+00  1.334738e+00  2.794154e+00  
   4.3738298  8.238774e-01  3.437764e+00  8.235514e-01  3.437935e+00  1.231453e+00  2.880498e+00  
   4.3948302  6.765486e-01  3.492642e+00  6.761906e-01  3.492781e+00  1.115605e+00  2.957916e+00  
   4.4158301  5.214120e-01  3.534293e+00  5.210254e-01  3.534404e+00  9.887657e-01  3.024206e+00  
   4.4358301  3.679343e-01  3.560459e+00  3.675249e-01  3.560544e+00  8.595941e-01  3.075269e+00  
   4.4568300  2.025565e-01  3.572701e+00  2.021282e-01  3.572764e+00  7.174627e-01  3.114800e+00  
   4.4778299  3.483643e-02  3.568515e+00  3.439479e-02  3.568559e+00  5.712587e-01  3.138930e+00  
   4.4988298  -1.330778e-01  3.547368e+00  -1.335267e-01  3.547396e+00  4.237229e-01  3.147206e+00  
   4.5198302  -2.989498e-01  3.509062e+00  -2.994000e-01  3.509078e+00  2.775679e-01  3.139712e+00  
   4.5408301  -4.604889e-01  3.453782e+00  -4.609344e-01  3.453792e+00  1.353550e-01  3.117052e+00  
   4.5608301  -6.082359e-01  3.385891e+00  -6.086716e-01  3.385896e+00  5.662735e-03  3.082337e+00  
   4.5818300  -7.548651e-01  3.299560e+00  -7.552857e-01  3.299564e+00  -1.226335e-01  3.033466e+00  
   4.6034298  -8.944965e-01  3.196153e+00  -8.948969e-01  3.196157e+00  -2.446217e-01  2.971702e+00  
   4.6234298  -1.012000e+00  3.088891e+00  -1.012378e+00  3.088896e+00  -3.475692e-01  2.905883e+00  
   4.6444302  -1.121765e+00  2.966430e+00  -1.122118e+00  2.966436e+00  -4.447133e-01  2.829740e+00  
   4.6654301  -1.216529e+00  2.836280e+00  -1.216854e+00  2.836287e+00  -5.304269e-01  2.748314e+00  
   4.6864300  -1.295666e+00  2.701026e+00  -1.295962e+00  2.701034e+00  -6.048453e-01  2.663455e+00  
   4.7074299  -1.359023e+00  2.563321e+00  -1.359291e+00  2.563328e+00  -6.683857e-01  2.576869e+00  
   4.7274299  -1.404980e+00  2.432262e+00  -1.405223e+00  2.432266e+00  -7.193608e-01  2.494186e+00  
   4.7484298  -1.438854e+00  2.297063e+00  -1.439071e+00  2.297063e+00  -7.636068e-01  2.408392e+00  
   4.7694302  -1.459104e+00  2.166442e+00  -1.459296e+00  2.166434e+00  -7.991915e-01  2.324718e+00  
   4.7904301  -1.467146e+00  2.042196e+00  -1.467314e+00  2.042179e+00  -8.270041e-01  2.244040e+00  
   4.8114300  -1.464597e+00  1.925711e+00  -1.464744e+00  1.925683e+00  -8.479367e-01  2.167031e+00  
   4.8324299  -1.453176e+00  1.817963e+00  -1.453305e+00  1.817921e+00  -8.628536e-01  2.094178e+00  
   4.8524299  -1.435629e+00  1.723994e+00  -1.435741e+00  1.723938e+00  -8.722171e-01  2.028952e+00  
   4.8734298  -1.411789e+00  1.634613e+00  -1.411884e+00  1.634540e+00  -8.776973e-01  1.965006e+00  
   4.8944302  -1.383897e+00  1.554651e+00  -1.383977e+00  1.554561e+00  -8.794128e-01  1.905767e+00  
   4.9154301  -1.353303e+00  1.483772e+00  -1.353368e+00  1.483663e+00  -8.780023e-01  1.851198e+00  
   4.9364300  -1.321157e+00  1.421449e+00  -1.321208e+00  1.421319e+00  -8.740407e-01  1.801174e+00  
   4.9574299  -1.288411e+00  1.367034e+00  -1.288447e+00  1.366885e+00  -8.680378e-01  1.755509e+00  
   4.9774299  -1.257358e+00  1.321908e+00  -1.257380e+00  1.321739e+00  -8.608339e-01  1.715858e+00  
   4.9984298  -1.225449e+00  1.280844e+00  -1.225457e+00  1.280655e+00  -8.520828e-01  1.678002e+00  
