w Re-xx Im-xx Re-yy Im-yy Re-zz Im-zz
# Gaussian absolute broadening  0.15 [eV]
   0.0000000  7.707859e-01  8.923588e-05  7.707900e-01  8.924276e-05  7.261220e-01  7.911042e-05  
   0.0200000  7.708867e-01  9.550486e-05  7.708908e-01  9.551223e-05  7.262115e-01  8.466625e-05  
   0.0410000  7.710068e-01  1.026487e-04  7.710109e-01  1.026566e-04  7.263177e-01  9.099716e-05  
   0.0620000  7.711435e-01  1.104043e-04  7.711477e-01  1.104126e-04  7.264390e-01  9.786979e-05  
   0.0830000  7.712986e-01  1.188058e-04  7.713028e-01  1.188147e-04  7.265763e-01  1.053144e-04  
   0.1040000  7.714746e-01  1.278830e-04  7.714788e-01  1.278923e-04  7.267328e-01  1.133574e-04  
   0.1240000  7.716634e-01  1.371778e-04  7.716674e-01  1.371875e-04  7.268999e-01  1.215925e-04  
   0.1450000  7.718863e-01  1.476349e-04  7.718904e-01  1.476450e-04  7.270975e-01  1.308567e-04  
   0.1660000  7.721364e-01  1.588133e-04  7.721406e-01  1.588235e-04  7.273192e-01  1.407589e-04  
   0.1870000  7.724161e-01  1.707092e-04  7.724203e-01  1.707197e-04  7.275671e-01  1.512958e-04  
   0.2080000  7.727271e-01  1.833084e-04  7.727316e-01  1.833190e-04  7.278429e-01  1.624543e-04  
   0.2290000  7.730716e-01  1.965852e-04  7.730759e-01  1.965959e-04  7.281482e-01  1.742114e-04  
   0.2490000  7.734324e-01  2.098274e-04  7.734365e-01  2.098381e-04  7.284677e-01  1.859361e-04  
   0.2700000  7.738461e-01  2.243169e-04  7.738504e-01  2.243274e-04  7.288344e-01  1.987632e-04  
   0.2910000  7.742974e-01  2.393562e-04  7.743016e-01  2.393665e-04  7.292342e-01  2.120748e-04  
   0.3120000  7.747867e-01  2.548911e-04  7.747908e-01  2.549011e-04  7.296678e-01  2.258221e-04  
   0.3330000  7.753145e-01  2.708661e-04  7.753187e-01  2.708758e-04  7.301351e-01  2.399560e-04  
   0.3540000  7.758811e-01  2.872273e-04  7.758853e-01  2.872367e-04  7.306373e-01  2.544281e-04  
   0.3740000  7.764568e-01  3.031225e-04  7.764610e-01  3.031316e-04  7.311472e-01  2.684845e-04  
   0.3950000  7.770995e-01  3.200980e-04  7.771039e-01  3.201069e-04  7.317164e-01  2.834923e-04  
   0.4160000  7.777809e-01  3.373284e-04  7.777851e-01  3.373371e-04  7.323198e-01  2.987211e-04  
   0.4374300  7.785165e-01  3.551421e-04  7.785209e-01  3.551506e-04  7.329714e-01  3.144606e-04  
   0.4574300  7.792391e-01  3.719544e-04  7.792436e-01  3.719628e-04  7.336114e-01  3.293103e-04  
   0.4784300  7.800358e-01  3.897845e-04  7.800402e-01  3.897930e-04  7.343164e-01  3.450542e-04  
   0.4994300  7.808707e-01  4.077845e-04  7.808754e-01  4.077930e-04  7.350558e-01  3.609422e-04  
   0.5204300  7.817448e-01  4.259470e-04  7.817492e-01  4.259557e-04  7.358291e-01  3.769678e-04  
   0.5414300  7.826574e-01  4.442688e-04  7.826620e-01  4.442778e-04  7.366366e-01  3.931276e-04  
   0.5614300  7.835627e-01  4.618659e-04  7.835675e-01  4.618753e-04  7.374380e-01  4.086427e-04  
   0.5824300  7.845522e-01  4.805004e-04  7.845567e-01  4.805100e-04  7.383131e-01  4.250655e-04  
   0.6034300  7.855803e-01  4.992995e-04  7.855850e-01  4.993096e-04  7.392228e-01  4.416262e-04  
   0.6244300  7.866489e-01  5.182688e-04  7.866539e-01  5.182793e-04  7.401679e-01  4.583293e-04  
   0.6454300  7.877577e-01  5.374137e-04  7.877626e-01  5.374247e-04  7.411481e-01  4.751796e-04  
   0.6664300  7.889066e-01  5.567407e-04  7.889114e-01  5.567522e-04  7.421642e-01  4.921818e-04  
   0.6864300  7.900387e-01  5.753230e-04  7.900437e-01  5.753348e-04  7.431650e-01  5.085208e-04  
   0.7074300  7.912679e-01  5.950254e-04  7.912729e-01  5.950377e-04  7.442512e-01  5.258365e-04  
   0.7284300  7.925385e-01  6.149313e-04  7.925436e-01  6.149441e-04  7.453738e-01  5.433213e-04  
   0.7494300  7.938512e-01  6.350480e-04  7.938563e-01  6.350612e-04  7.465338e-01  5.609822e-04  
   0.7704300  7.952065e-01  6.553835e-04  7.952115e-01  6.553973e-04  7.477307e-01  5.788246e-04  
   0.7914300  7.966046e-01  6.759462e-04  7.966096e-01  6.759606e-04  7.489653e-01  5.968561e-04  
   0.8114300  7.979761e-01  6.957483e-04  7.979811e-01  6.957633e-04  7.501762e-01  6.142103e-04  
   0.8324300  7.994590e-01  7.167789e-04  7.994643e-01  7.167944e-04  7.514853e-01  6.326307e-04  
   0.8540300  8.010310e-01  7.386753e-04  8.010362e-01  7.386919e-04  7.528725e-01  6.517971e-04  
   0.8740300  8.025287e-01  7.591980e-04  8.025342e-01  7.592152e-04  7.541940e-01  6.697497e-04  
   0.8950300  8.041458e-01  7.810132e-04  8.041512e-01  7.810314e-04  7.556203e-01  6.888206e-04  
   0.9160300  8.058088e-01  8.031118e-04  8.058141e-01  8.031308e-04  7.570868e-01  7.081265e-04  
   0.9370300  8.075187e-01  8.255045e-04  8.075241e-01  8.255246e-04  7.585940e-01  7.276764e-04  
   0.9580300  8.092754e-01  8.482022e-04  8.092812e-01  8.482236e-04  7.601429e-01  7.474787e-04  
   0.9780300  8.109937e-01  8.701143e-04  8.109995e-01  8.701364e-04  7.616568e-01  7.665820e-04  
   0.9990300  8.128452e-01  8.934416e-04  8.128511e-01  8.934654e-04  7.632876e-01  7.869052e-04  
   1.0200300  8.147462e-01  9.171091e-04  8.147522e-01  9.171344e-04  7.649618e-01  8.075098e-04  
   1.0410300  8.166975e-01  9.411290e-04  8.167033e-01  9.411558e-04  7.666795e-01  8.284056e-04  
   1.0620300  8.186999e-01  9.655145e-04  8.187059e-01  9.655430e-04  7.684416e-01  8.496025e-04  
   1.0830300  8.207536e-01  9.902769e-04  8.207598e-01  9.903077e-04  7.702489e-01  8.711115e-04  
   1.1030300  8.227585e-01  1.014224e-03  8.227646e-01  1.014257e-03  7.720119e-01  8.918956e-04  
   1.1240300  8.249153e-01  1.039763e-03  8.249215e-01  1.039797e-03  7.739084e-01  9.140441e-04  
   1.1450300  8.271263e-01  1.065721e-03  8.271327e-01  1.065757e-03  7.758515e-01  9.365367e-04  
   1.1660300  8.293925e-01  1.092112e-03  8.293988e-01  1.092150e-03  7.778427e-01  9.593852e-04  
   1.1870300  8.317144e-01  1.118950e-03  8.317208e-01  1.118991e-03  7.798823e-01  9.826017e-04  
   1.2080300  8.340930e-01  1.146252e-03  8.340996e-01  1.146296e-03  7.819705e-01  1.006199e-03  
   1.2280300  8.364117e-01  1.172701e-03  8.364183e-01  1.172747e-03  7.840055e-01  1.029038e-03  
   1.2490300  8.389036e-01  1.200958e-03  8.389105e-01  1.201006e-03  7.861919e-01  1.053417e-03  
   1.2706300  8.415296e-01  1.230561e-03  8.415367e-01  1.230612e-03  7.884948e-01  1.078934e-03  
   1.2906300  8.440183e-01  1.258474e-03  8.440253e-01  1.258528e-03  7.906762e-01  1.102972e-03  
   1.3116300  8.466921e-01  1.288326e-03  8.466993e-01  1.288382e-03  7.930194e-01  1.128654e-03  
   1.3326300  8.494288e-01  1.318753e-03  8.494361e-01  1.318811e-03  7.954162e-01  1.154806e-03  
   1.3536299  8.522301e-01  1.349776e-03  8.522374e-01  1.349837e-03  7.978686e-01  1.181444e-03  
   1.3746300  8.550972e-01  1.381420e-03  8.551047e-01  1.381484e-03  8.003777e-01  1.208587e-03  
   1.3946300  8.578904e-01  1.412156e-03  8.578982e-01  1.412222e-03  8.028211e-01  1.234923e-03  
   1.4156300  8.608901e-01  1.445080e-03  8.608980e-01  1.445148e-03  8.054436e-01  1.263107e-03  
   1.4366300  8.639597e-01  1.478698e-03  8.639678e-01  1.478769e-03  8.081261e-01  1.291852e-03  
   1.4576300  8.671013e-01  1.513036e-03  8.671093e-01  1.513109e-03  8.108698e-01  1.321181e-03  
   1.4786299  8.703158e-01  1.548122e-03  8.703242e-01  1.548197e-03  8.136759e-01  1.351115e-03  
   1.4996300  8.736049e-01  1.583985e-03  8.736133e-01  1.584062e-03  8.165460e-01  1.381676e-03  
   1.5196300  8.768079e-01  1.618889e-03  8.768166e-01  1.618969e-03  8.193392e-01  1.411385e-03  
   1.5406300  8.802474e-01  1.656356e-03  8.802559e-01  1.656439e-03  8.223368e-01  1.443239e-03  
   1.5616300  8.837663e-01  1.694694e-03  8.837752e-01  1.694779e-03  8.254023e-01  1.475793e-03  
   1.5826300  8.873668e-01  1.733938e-03  8.873758e-01  1.734025e-03  8.285366e-01  1.509073e-03  
   1.6036299  8.910506e-01  1.774125e-03  8.910598e-01  1.774215e-03  8.317416e-01  1.543107e-03  
   1.6246300  8.948193e-01  1.815295e-03  8.948287e-01  1.815388e-03  8.350190e-01  1.577926e-03  
   1.6446300  8.984897e-01  1.855458e-03  8.984991e-01  1.855553e-03  8.382084e-01  1.611843e-03  
   1.6656300  9.024310e-01  1.898674e-03  9.024404e-01  1.898772e-03  8.416308e-01  1.648285e-03  
   1.6872300  9.065803e-01  1.944297e-03  9.065905e-01  1.944398e-03  8.452324e-01  1.686690e-03  
   1.7072300  9.105114e-01  1.987651e-03  9.105217e-01  1.987754e-03  8.486414e-01  1.723120e-03  
   1.7282300  9.147329e-01  2.034383e-03  9.147436e-01  2.034489e-03  8.523004e-01  1.762310e-03  
   1.7492300  9.190539e-01  2.082424e-03  9.190646e-01  2.082534e-03  8.560424e-01  1.802504e-03  
   1.7702301  9.234771e-01  2.131851e-03  9.234879e-01  2.131965e-03  8.598698e-01  1.843751e-03  
   1.7912300  9.280047e-01  2.182754e-03  9.280158e-01  2.182872e-03  8.637848e-01  1.886100e-03  
   1.8112299  9.324175e-01  2.232702e-03  9.324285e-01  2.232823e-03  8.675976e-01  1.927508e-03  
   1.8322300  9.371585e-01  2.286798e-03  9.371703e-01  2.286924e-03  8.716909e-01  1.972170e-03  
   1.8532300  9.420140e-01  2.342720e-03  9.420260e-01  2.342851e-03  8.758797e-01  2.018112e-03  
   1.8742300  9.469875e-01  2.400622e-03  9.469999e-01  2.400758e-03  8.801661e-01  2.065403e-03  
   1.8952301  9.520830e-01  2.460680e-03  9.520953e-01  2.460822e-03  8.845534e-01  2.114123e-03  
   1.9162300  9.573022e-01  2.523092e-03  9.573150e-01  2.523241e-03  8.890439e-01  2.164360e-03  
   1.9362299  9.623922e-01  2.584926e-03  9.624055e-01  2.585082e-03  8.934190e-01  2.213703e-03  
   1.9572300  9.678670e-01  2.652606e-03  9.678804e-01  2.652771e-03  8.981199e-01  2.267198e-03  
   1.9782300  9.734778e-01  2.723380e-03  9.734920e-01  2.723555e-03  9.029338e-01  2.322546e-03  
   1.9992300  9.792299e-01  2.797545e-03  9.792442e-01  2.797729e-03  9.078639e-01  2.379895e-03  
   2.0202301  9.851274e-01  2.875428e-03  9.851420e-01  2.875625e-03  9.129130e-01  2.439419e-03  
   2.0412300  9.911756e-01  2.957380e-03  9.911906e-01  2.957590e-03  9.180863e-01  2.501320e-03  
   2.0612299  9.970799e-01  3.039556e-03  9.970951e-01  3.039779e-03  9.231313e-01  2.562699e-03  
   2.0822301  1.003436e+00  3.130559e-03  1.003452e+00  3.130798e-03  9.285573e-01  2.629957e-03  
   2.1038301  1.010148e+00  3.229652e-03  1.010164e+00  3.229909e-03  9.342806e-01  2.702472e-03  
   2.1238301  1.016524e+00  3.326808e-03  1.016541e+00  3.327083e-03  9.397128e-01  2.772972e-03  
   2.1448300  1.023395e+00  3.434909e-03  1.023412e+00  3.435204e-03  9.455589e-01  2.850876e-03  
   2.1658299  1.030449e+00  3.549804e-03  1.030467e+00  3.550119e-03  9.515560e-01  2.933221e-03  
   2.1868300  1.037697e+00  3.672133e-03  1.037715e+00  3.672471e-03  9.577101e-01  3.020547e-03  
   2.2078300  1.045144e+00  3.802605e-03  1.045162e+00  3.802969e-03  9.640259e-01  3.113445e-03  
   2.2278299  1.052430e+00  3.935189e-03  1.052449e+00  3.935576e-03  9.701981e-01  3.207707e-03  
   2.2488301  1.060291e+00  4.084023e-03  1.060310e+00  4.084434e-03  9.768496e-01  3.313447e-03  
   2.2698300  1.068376e+00  4.243726e-03  1.068396e+00  4.244170e-03  9.836820e-01  3.426889e-03  
   2.2908299  1.076696e+00  4.415459e-03  1.076716e+00  4.415930e-03  9.907035e-01  3.548878e-03  
   2.3118300  1.085259e+00  4.600490e-03  1.085280e+00  4.600994e-03  9.979210e-01  3.680324e-03  
   2.3328300  1.094077e+00  4.800193e-03  1.094099e+00  4.800729e-03  1.005342e+00  3.822190e-03  
   2.3528299  1.102721e+00  5.005366e-03  1.102743e+00  5.005936e-03  1.012606e+00  3.967938e-03  
   2.3738301  1.112066e+00  5.237994e-03  1.112089e+00  5.238602e-03  1.020449e+00  4.133199e-03  
   2.3948300  1.121700e+00  5.489776e-03  1.121724e+00  5.490423e-03  1.028522e+00  4.312133e-03  
   2.4158299  1.131635e+00  5.762291e-03  1.131660e+00  5.762982e-03  1.036833e+00  4.505993e-03  
   2.4368300  1.141885e+00  6.057114e-03  1.141910e+00  6.057848e-03  1.045395e+00  4.716123e-03  
   2.4578300  1.152466e+00  6.375785e-03  1.152492e+00  6.376564e-03  1.054219e+00  4.943959e-03  
   2.4778299  1.162865e+00  6.702850e-03  1.162892e+00  6.703678e-03  1.062878e+00  5.178846e-03  
   2.4988301  1.174140e+00  7.072505e-03  1.174168e+00  7.073380e-03  1.072249e+00  5.445919e-03  
   2.5204301  1.186140e+00  7.482421e-03  1.186169e+00  7.483356e-03  1.082204e+00  5.744429e-03  
   2.5404301  1.197634e+00  7.890480e-03  1.197664e+00  7.891464e-03  1.091720e+00  6.044336e-03  
   2.5614300  1.210125e+00  8.350447e-03  1.210156e+00  8.351500e-03  1.102039e+00  6.385895e-03  
   2.5824299  1.223074e+00  8.845238e-03  1.223106e+00  8.846355e-03  1.112711e+00  6.757482e-03  
   2.6034300  1.236513e+00  9.378207e-03  1.236547e+00  9.379396e-03  1.123758e+00  7.162349e-03  
   2.6244299  1.250477e+00  9.953827e-03  1.250512e+00  9.955106e-03  1.135201e+00  7.604351e-03  
   2.6444299  1.264299e+00  1.054726e-02  1.264335e+00  1.054863e-02  1.146492e+00  8.064119e-03  
   2.6654301  1.279403e+00  1.122574e-02  1.279441e+00  1.122722e-02  1.158785e+00  8.593154e-03  
   2.6864300  1.295159e+00  1.197180e-02  1.295199e+00  1.197342e-02  1.171556e+00  9.176623e-03  
   2.7074299  1.311623e+00  1.280028e-02  1.311664e+00  1.280208e-02  1.184839e+00  9.823496e-03  
   2.7284300  1.328854e+00  1.373088e-02  1.328897e+00  1.373288e-02  1.198671e+00  1.054510e-02  
   2.7494299  1.346917e+00  1.478957e-02  1.346962e+00  1.479183e-02  1.213092e+00  1.135574e-02  
   2.7694299  1.364962e+00  1.594790e-02  1.365009e+00  1.595047e-02  1.227416e+00  1.222704e-02  
   2.7904301  1.384871e+00  1.736374e-02  1.384920e+00  1.736672e-02  1.243121e+00  1.326781e-02  
   2.8114300  1.405850e+00  1.903917e-02  1.405902e+00  1.904267e-02  1.259559e+00  1.446522e-02  
   2.8324299  1.427994e+00  2.104540e-02  1.428049e+00  2.104958e-02  1.276788e+00  1.585408e-02  
   2.8534300  1.451403e+00  2.347242e-02  1.451462e+00  2.347747e-02  1.294869e+00  1.747722e-02  
   2.8744299  1.476181e+00  2.643260e-02  1.476242e+00  2.643879e-02  1.313869e+00  1.938698e-02  
   2.8944299  1.501145e+00  2.987443e-02  1.501211e+00  2.988199e-02  1.332881e+00  2.153028e-02  
   2.9154301  1.528891e+00  3.430439e-02  1.528960e+00  3.431377e-02  1.353876e+00  2.419486e-02  
   2.9370301  1.559164e+00  3.994367e-02  1.559237e+00  3.995543e-02  1.376654e+00  2.747313e-02  
   2.9570301  1.588831e+00  4.636918e-02  1.588909e+00  4.638370e-02  1.398885e+00  3.109702e-02  
   2.9780300  1.621727e+00  5.463248e-02  1.621809e+00  5.465060e-02  1.423476e+00  3.563704e-02  
   2.9990301  1.656423e+00  6.476177e-02  1.656510e+00  6.478427e-02  1.449419e+00  4.108119e-02  
   3.0200300  1.692887e+00  7.710920e-02  1.692979e+00  7.713705e-02  1.476773e+00  4.760951e-02  
   3.0410299  1.731027e+00  9.205585e-02  1.731123e+00  9.209006e-02  1.505584e+00  5.543199e-02  
   3.0610299  1.768759e+00  1.090719e-01  1.768859e+00  1.091133e-01  1.534402e+00  6.430580e-02  
   3.0820301  1.809620e+00  1.302447e-01  1.809724e+00  1.302947e-01  1.566102e+00  7.538055e-02  
   3.1030300  1.851427e+00  1.551823e-01  1.851534e+00  1.552423e-01  1.599229e+00  8.855297e-02  
   3.1240301  1.893760e+00  1.842322e-01  1.893867e+00  1.843034e-01  1.633682e+00  1.041512e-01  
   3.1450300  1.936104e+00  2.176765e-01  1.936211e+00  2.177600e-01  1.669288e+00  1.225189e-01  
   3.1660299  1.977871e+00  2.557098e-01  1.977977e+00  2.558066e-01  1.705802e+00  1.440036e-01  
   3.1860299  2.016518e+00  2.962748e-01  2.016620e+00  2.963854e-01  1.741115e+00  1.676675e-01  
   3.2070301  2.055247e+00  3.433847e-01  2.055344e+00  3.435104e-01  1.778348e+00  1.961621e-01  
   3.2280300  2.091393e+00  3.949359e-01  2.091484e+00  3.950772e-01  1.815230e+00  2.286245e-01  
   3.2490301  2.124284e+00  4.505973e-01  2.124367e+00  4.507542e-01  1.851168e+00  2.652038e-01  
   3.2700300  2.153300e+00  5.098940e-01  2.153373e+00  5.100665e-01  1.885499e+00  3.059346e-01  
   3.2910299  2.177920e+00  5.722286e-01  2.177983e+00  5.724158e-01  1.917524e+00  3.507169e-01  
   3.3110299  2.196912e+00  6.337826e-01  2.196964e+00  6.339829e-01  1.945235e+00  3.969069e-01  
   3.3320301  2.211922e+00  6.999817e-01  2.211965e+00  7.001949e-01  1.970761e+00  4.487374e-01  
   3.3536301  2.221989e+00  7.689327e-01  2.222020e+00  7.691574e-01  1.992589e+00  5.050375e-01  
   3.3736300  2.226499e+00  8.328326e-01  2.226519e+00  8.330660e-01  2.008353e+00  5.592320e-01  
   3.3946300  2.226457e+00  8.992918e-01  2.226466e+00  8.995326e-01  2.019995e+00  6.175147e-01  
   3.4156301  2.221851e+00  9.644845e-01  2.221852e+00  9.647306e-01  2.026478e+00  6.763818e-01  
   3.4366300  2.213122e+00  1.027898e+00  2.213116e+00  1.028147e+00  2.027865e+00  7.349752e-01  
   3.4576299  2.200781e+00  1.089153e+00  2.200766e+00  1.089404e+00  2.024427e+00  7.924765e-01  
   3.4776299  2.186163e+00  1.145261e+00  2.186142e+00  1.145512e+00  2.017081e+00  8.455520e-01  
   3.4986300  2.168319e+00  1.201719e+00  2.168293e+00  1.201969e+00  2.005668e+00  8.989259e-01  
   3.5196300  2.148409e+00  1.255655e+00  2.148377e+00  1.255903e+00  1.991176e+00  9.494459e-01  
   3.5406301  2.126865e+00  1.307152e+00  2.126828e+00  1.307397e+00  1.974385e+00  9.968471e-01  
   3.5616300  2.104035e+00  1.356344e+00  2.103994e+00  1.356585e+00  1.956082e+00  1.041048e+00  
   3.5826299  2.080182e+00  1.403398e+00  2.080137e+00  1.403635e+00  1.937007e+00  1.082147e+00  
   3.6026299  2.056678e+00  1.446373e+00  2.056630e+00  1.446606e+00  1.918716e+00  1.118634e+00  
   3.6236300  2.031281e+00  1.489700e+00  2.031230e+00  1.489928e+00  1.899876e+00  1.154508e+00  
   3.6446300  2.005213e+00  1.531280e+00  2.005159e+00  1.531503e+00  1.881769e+00  1.188316e+00  
   3.6656301  1.978521e+00  1.571162e+00  1.978465e+00  1.571379e+00  1.864599e+00  1.220521e+00  
   3.6866300  1.951262e+00  1.609340e+00  1.951203e+00  1.609551e+00  1.848421e+00  1.251568e+00  
   3.7076299  1.923525e+00  1.645769e+00  1.923465e+00  1.645975e+00  1.833156e+00  1.281842e+00  
   3.7276299  1.896800e+00  1.678775e+00  1.896739e+00  1.678974e+00  1.819316e+00  1.310224e+00  
   3.7486300  1.868629e+00  1.711583e+00  1.868568e+00  1.711776e+00  1.805310e+00  1.339734e+00  
   3.7702301  1.839849e+00  1.743299e+00  1.839787e+00  1.743486e+00  1.791241e+00  1.369851e+00  
   3.7902300  1.813728e+00  1.770823e+00  1.813668e+00  1.771003e+00  1.778352e+00  1.397498e+00  
   3.8112299  1.787285e+00  1.797882e+00  1.787226e+00  1.798057e+00  1.764870e+00  1.426176e+00  
   3.8322301  1.762333e+00  1.823225e+00  1.762276e+00  1.823393e+00  1.751451e+00  1.454346e+00  
   3.8532300  1.739384e+00  1.847138e+00  1.739331e+00  1.847301e+00  1.738225e+00  1.481851e+00  
   3.8742299  1.718934e+00  1.870060e+00  1.718884e+00  1.870218e+00  1.725447e+00  1.508573e+00  
   3.8942299  1.702181e+00  1.891495e+00  1.702135e+00  1.891649e+00  1.714017e+00  1.533264e+00  
   3.9152300  1.687772e+00  1.914277e+00  1.687731e+00  1.914430e+00  1.703208e+00  1.558468e+00  
   3.9362299  1.676814e+00  1.938181e+00  1.676777e+00  1.938333e+00  1.694082e+00  1.583158e+00  
   3.9572301  1.669318e+00  1.964161e+00  1.669285e+00  1.964314e+00  1.687096e+00  1.607728e+00  
   3.9782300  1.665072e+00  1.993236e+00  1.665044e+00  1.993392e+00  1.682645e+00  1.632741e+00  
   3.9992299  1.663626e+00  2.026442e+00  1.663600e+00  2.026603e+00  1.681010e+00  1.658924e+00  
   4.0192299  1.664206e+00  2.062812e+00  1.664180e+00  2.062979e+00  1.682177e+00  1.685746e+00  
   4.0402298  1.665960e+00  2.106836e+00  1.665931e+00  2.107013e+00  1.686177e+00  1.716829e+00  
   4.0612302  1.667734e+00  2.157550e+00  1.667699e+00  2.157738e+00  1.692696e+00  1.751929e+00  
   4.0822301  1.668165e+00  2.215450e+00  1.668121e+00  2.215651e+00  1.701138e+00  1.792101e+00  
   4.1032300  1.665758e+00  2.280764e+00  1.665699e+00  2.280979e+00  1.710631e+00  1.838343e+00  
   4.1242299  1.658939e+00  2.353419e+00  1.658861e+00  2.353649e+00  1.720030e+00  1.891535e+00  
   4.1442299  1.646893e+00  2.429080e+00  1.646793e+00  2.429324e+00  1.727612e+00  1.949280e+00  
   4.1652298  1.626954e+00  2.514638e+00  1.626826e+00  2.514898e+00  1.732589e+00  2.017762e+00  
   4.1868300  1.597200e+00  2.608141e+00  1.597041e+00  2.608414e+00  1.732682e+00  2.096688e+00  
   4.2068300  1.560146e+00  2.698508e+00  1.559953e+00  2.698793e+00  1.726479e+00  2.177173e+00  
   4.2278299  1.510431e+00  2.795882e+00  1.510201e+00  2.796178e+00  1.711645e+00  2.268665e+00  
   4.2488298  1.448909e+00  2.894181e+00  1.448640e+00  2.894486e+00  1.686538e+00  2.366182e+00  
   4.2698302  1.375101e+00  2.991646e+00  1.374793e+00  2.991955e+00  1.649566e+00  2.468162e+00  
   4.2908301  1.288814e+00  3.086432e+00  1.288468e+00  3.086744e+00  1.599433e+00  2.572624e+00  
   4.3108301  1.195107e+00  3.172528e+00  1.194725e+00  3.172837e+00  1.538612e+00  2.672323e+00  
   4.3318300  1.084942e+00  3.256767e+00  1.084525e+00  3.257071e+00  1.460579e+00  2.774782e+00  
   4.3528299  9.633150e-01  3.332943e+00  9.628654e-01  3.333237e+00  1.368081e+00  2.872333e+00  
   4.3738298  8.310771e-01  3.399351e+00  8.305994e-01  3.399632e+00  1.261717e+00  2.962292e+00  
   4.3948302  6.893157e-01  3.454399e+00  6.888131e-01  3.454664e+00  1.142629e+00  3.042113e+00  
   4.4158301  5.393542e-01  3.496632e+00  5.388313e-01  3.496875e+00  1.012475e+00  3.109501e+00  
   4.4358301  3.903094e-01  3.523762e+00  3.897716e-01  3.523982e+00  8.801445e-01  3.160376e+00  
   4.4568300  2.289459e-01  3.537458e+00  2.283975e-01  3.537651e+00  7.347429e-01  3.198444e+00  
   4.4778299  6.448977e-02  3.535166e+00  6.393607e-02  3.535327e+00  5.853468e-01  3.219907e+00  
   4.4988298  -1.009710e-01  3.516313e+00  -1.015246e-01  3.516442e+00  4.347131e-01  3.224447e+00  
   4.5198302  -2.652216e-01  3.480651e+00  -2.657696e-01  3.480744e+00  2.855592e-01  3.212319e+00  
   4.5408301  -4.259522e-01  3.428296e+00  -4.264895e-01  3.428354e+00  1.404520e-01  3.184323e+00  
   4.5608301  -5.736346e-01  3.363380e+00  -5.741569e-01  3.363405e+00  8.111498e-03  3.144059e+00  
   4.5818300  -7.208537e-01  3.280294e+00  -7.213560e-01  3.280285e+00  -1.228271e-01  3.089068e+00  
   4.6034298  -8.616810e-01  3.180273e+00  -8.621592e-01  3.180233e+00  -2.473414e-01  3.020889e+00  
   4.6234298  -9.807095e-01  3.076118e+00  -9.811630e-01  3.076051e+00  -3.523982e-01  2.949185e+00  
   4.6444302  -1.092385e+00  2.956827e+00  -1.092811e+00  2.956735e+00  -4.514492e-01  2.867067e+00  
   4.6654301  -1.189253e+00  2.829691e+00  -1.189653e+00  2.829581e+00  -5.386754e-01  2.779990e+00  
   4.6864300  -1.270578e+00  2.697252e+00  -1.270951e+00  2.697127e+00  -6.141346e-01  2.689904e+00  
   4.7074299  -1.336112e+00  2.562121e+00  -1.336463e+00  2.561989e+00  -6.781751e-01  2.598583e+00  
   4.7274299  -1.384066e+00  2.433268e+00  -1.384399e+00  2.433132e+00  -7.290771e-01  2.511888e+00  
   4.7484298  -1.419901e+00  2.300111e+00  -1.420220e+00  2.299977e+00  -7.726429e-01  2.422427e+00  
   4.7694302  -1.441940e+00  2.171245e+00  -1.442251e+00  2.171116e+00  -8.069247e-01  2.335644e+00  
   4.7904301  -1.451581e+00  2.048467e+00  -1.451891e+00  2.048346e+00  -8.328332e-01  2.252407e+00  
   4.8114300  -1.450437e+00  1.933174e+00  -1.450750e+00  1.933062e+00  -8.513020e-01  2.173360e+00  
   4.8324299  -1.440230e+00  1.826353e+00  -1.440554e+00  1.826252e+00  -8.632538e-01  2.098956e+00  
   4.8524299  -1.423670e+00  1.733039e+00  -1.424009e+00  1.732949e+00  -8.693908e-01  2.032670e+00  
   4.8734298  -1.400702e+00  1.644126e+00  -1.401062e+00  1.644045e+00  -8.711320e-01  1.968008e+00  
   4.8944302  -1.373530e+00  1.564428e+00  -1.373913e+00  1.564355e+00  -8.688207e-01  1.908419e+00  
   4.9154301  -1.343516e+00  1.493631e+00  -1.343925e+00  1.493565e+00  -8.631660e-01  1.853824e+00  
   4.9364300  -1.311823e+00  1.431231e+00  -1.312262e+00  1.431170e+00  -8.548054e-01  1.804063e+00  
   4.9574299  -1.279415e+00  1.376602e+00  -1.279883e+00  1.376543e+00  -8.443034e-01  1.758917e+00  
   4.9774299  -1.248585e+00  1.331161e+00  -1.249082e+00  1.331102e+00  -8.327632e-01  1.719973e+00  
   4.9984298  -1.216815e+00  1.289669e+00  -1.217342e+00  1.289606e+00  -8.194409e-01  1.683062e+00  
