w Re-xx Im-xx Re-yy Im-yy Re-zz Im-zz
# Gaussian absolute broadening  0.15 [eV]
   0.0000000  7.676655e-01  8.813812e-05  7.676700e-01  8.813815e-05  7.286562e-01  7.988983e-05  
   0.0200000  7.677649e-01  9.432977e-05  7.677696e-01  9.432981e-05  7.287464e-01  8.550216e-05  
   0.0410000  7.678836e-01  1.013853e-04  7.678884e-01  1.013854e-04  7.288538e-01  9.189724e-05  
   0.0620000  7.680185e-01  1.090450e-04  7.680231e-01  1.090451e-04  7.289761e-01  9.883939e-05  
   0.0830000  7.681719e-01  1.173424e-04  7.681764e-01  1.173425e-04  7.291151e-01  1.063592e-04  
   0.1040000  7.683457e-01  1.263070e-04  7.683502e-01  1.263072e-04  7.292727e-01  1.144830e-04  
   0.1240000  7.685320e-01  1.354861e-04  7.685369e-01  1.354865e-04  7.294418e-01  1.228007e-04  
   0.1450000  7.687522e-01  1.458129e-04  7.687569e-01  1.458134e-04  7.296412e-01  1.321575e-04  
   0.1660000  7.689992e-01  1.568516e-04  7.690039e-01  1.568523e-04  7.298650e-01  1.421586e-04  
   0.1870000  7.692754e-01  1.685987e-04  7.692801e-01  1.685996e-04  7.301155e-01  1.528004e-04  
   0.2080000  7.695828e-01  1.810396e-04  7.695875e-01  1.810407e-04  7.303939e-01  1.640697e-04  
   0.2290000  7.699228e-01  1.941491e-04  7.699274e-01  1.941507e-04  7.307023e-01  1.759436e-04  
   0.2490000  7.702790e-01  2.072239e-04  7.702838e-01  2.072260e-04  7.310249e-01  1.877846e-04  
   0.2700000  7.706878e-01  2.215296e-04  7.706925e-01  2.215323e-04  7.313954e-01  2.007389e-04  
   0.2910000  7.711332e-01  2.363772e-04  7.711380e-01  2.363807e-04  7.317989e-01  2.141823e-04  
   0.3120000  7.716165e-01  2.517135e-04  7.716212e-01  2.517179e-04  7.322369e-01  2.280663e-04  
   0.3330000  7.721378e-01  2.674832e-04  7.721424e-01  2.674887e-04  7.327089e-01  2.423408e-04  
   0.3540000  7.726970e-01  2.836332e-04  7.727020e-01  2.836401e-04  7.332159e-01  2.569572e-04  
   0.3740000  7.732657e-01  2.993222e-04  7.732705e-01  2.993304e-04  7.337309e-01  2.711542e-04  
   0.3950000  7.739002e-01  3.160766e-04  7.739052e-01  3.160864e-04  7.343060e-01  2.863127e-04  
   0.4160000  7.745730e-01  3.330814e-04  7.745777e-01  3.330930e-04  7.349152e-01  3.016948e-04  
   0.4374300  7.752994e-01  3.506605e-04  7.753043e-01  3.506739e-04  7.355733e-01  3.175935e-04  
   0.4574300  7.760130e-01  3.672504e-04  7.760180e-01  3.672656e-04  7.362198e-01  3.325942e-04  
   0.4784300  7.767996e-01  3.848434e-04  7.768044e-01  3.848604e-04  7.369317e-01  3.484985e-04  
   0.4994300  7.776239e-01  4.026029e-04  7.776290e-01  4.026216e-04  7.376782e-01  3.645493e-04  
   0.5204300  7.784867e-01  4.205213e-04  7.784918e-01  4.205418e-04  7.384593e-01  3.807399e-04  
   0.5414300  7.793878e-01  4.385954e-04  7.793927e-01  4.386173e-04  7.392752e-01  3.970666e-04  
   0.5614300  7.802815e-01  4.559536e-04  7.802868e-01  4.559767e-04  7.400847e-01  4.127424e-04  
   0.5824300  7.812582e-01  4.743334e-04  7.812634e-01  4.743574e-04  7.409685e-01  4.293359e-04  
   0.6034300  7.822732e-01  4.928735e-04  7.822785e-01  4.928982e-04  7.418874e-01  4.460697e-04  
   0.6244300  7.833279e-01  5.115800e-04  7.833332e-01  5.116051e-04  7.428420e-01  4.629479e-04  
   0.6454300  7.844223e-01  5.304575e-04  7.844276e-01  5.304828e-04  7.438323e-01  4.799753e-04  
   0.6664300  7.855567e-01  5.495127e-04  7.855623e-01  5.495378e-04  7.448584e-01  4.971572e-04  
   0.6864300  7.866740e-01  5.678313e-04  7.866794e-01  5.678560e-04  7.458692e-01  5.136695e-04  
   0.7074300  7.878871e-01  5.872521e-04  7.878926e-01  5.872764e-04  7.469665e-01  5.311697e-04  
   0.7284300  7.891409e-01  6.068705e-04  7.891465e-01  6.068941e-04  7.481009e-01  5.488416e-04  
   0.7494300  7.904366e-01  6.266944e-04  7.904421e-01  6.267176e-04  7.492723e-01  5.666924e-04  
   0.7704300  7.917738e-01  6.467304e-04  7.917793e-01  6.467533e-04  7.504814e-01  5.847279e-04  
   0.7914300  7.931532e-01  6.669878e-04  7.931591e-01  6.670102e-04  7.517288e-01  6.029558e-04  
   0.8114300  7.945065e-01  6.864929e-04  7.945125e-01  6.865150e-04  7.529521e-01  6.205000e-04  
   0.8324300  7.959698e-01  7.072052e-04  7.959756e-01  7.072273e-04  7.542745e-01  6.391232e-04  
   0.8540300  7.975207e-01  7.287664e-04  7.975267e-01  7.287887e-04  7.556762e-01  6.585016e-04  
   0.8740300  7.989984e-01  7.489715e-04  7.990043e-01  7.489942e-04  7.570111e-01  6.766538e-04  
   0.8950300  8.005937e-01  7.704461e-04  8.005996e-01  7.704693e-04  7.584523e-01  6.959385e-04  
   0.9160300  8.022342e-01  7.921960e-04  8.022401e-01  7.922201e-04  7.599340e-01  7.154617e-04  
   0.9370300  8.039204e-01  8.142316e-04  8.039266e-01  8.142565e-04  7.614568e-01  7.352327e-04  
   0.9580300  8.056535e-01  8.365642e-04  8.056597e-01  8.365900e-04  7.630215e-01  7.552601e-04  
   0.9780300  8.073480e-01  8.581196e-04  8.073544e-01  8.581464e-04  7.645513e-01  7.745818e-04  
   0.9990300  8.091739e-01  8.810635e-04  8.091804e-01  8.810917e-04  7.661995e-01  7.951388e-04  
   1.0200300  8.110486e-01  9.043381e-04  8.110552e-01  9.043673e-04  7.678912e-01  8.159808e-04  
   1.0410300  8.129724e-01  9.279548e-04  8.129793e-01  9.279854e-04  7.696270e-01  8.371188e-04  
   1.0620300  8.149467e-01  9.519260e-04  8.149535e-01  9.519574e-04  7.714075e-01  8.585630e-04  
   1.0830300  8.169717e-01  9.762641e-04  8.169785e-01  9.762963e-04  7.732338e-01  8.803239e-04  
   1.1030300  8.189480e-01  9.997956e-04  8.189549e-01  9.998290e-04  7.750155e-01  9.013526e-04  
   1.1240300  8.210741e-01  1.024887e-03  8.210812e-01  1.024921e-03  7.769320e-01  9.237632e-04  
   1.1450300  8.232535e-01  1.050383e-03  8.232607e-01  1.050419e-03  7.788962e-01  9.465234e-04  
   1.1660300  8.254868e-01  1.076300e-03  8.254942e-01  1.076336e-03  7.809085e-01  9.696449e-04  
   1.1870300  8.277749e-01  1.102650e-03  8.277822e-01  1.102688e-03  7.829698e-01  9.931411e-04  
   1.2080300  8.301187e-01  1.129450e-03  8.301262e-01  1.129488e-03  7.850807e-01  1.017024e-03  
   1.2280300  8.324034e-01  1.155405e-03  8.324108e-01  1.155445e-03  7.871376e-01  1.040142e-03  
   1.2490300  8.348584e-01  1.183129e-03  8.348661e-01  1.183169e-03  7.893474e-01  1.064819e-03  
   1.2706300  8.374456e-01  1.212165e-03  8.374534e-01  1.212208e-03  7.916755e-01  1.090650e-03  
   1.2906300  8.398967e-01  1.239537e-03  8.399046e-01  1.239581e-03  7.938807e-01  1.114987e-03  
   1.3116300  8.425301e-01  1.268802e-03  8.425381e-01  1.268849e-03  7.962492e-01  1.140989e-03  
   1.3326300  8.452253e-01  1.298622e-03  8.452334e-01  1.298671e-03  7.986723e-01  1.167469e-03  
   1.3536299  8.479836e-01  1.329018e-03  8.479920e-01  1.329070e-03  8.011519e-01  1.194442e-03  
   1.3746300  8.508064e-01  1.360012e-03  8.508149e-01  1.360067e-03  8.036885e-01  1.221929e-03  
   1.3946300  8.535563e-01  1.390108e-03  8.535649e-01  1.390167e-03  8.061588e-01  1.248602e-03  
   1.4156300  8.565090e-01  1.422338e-03  8.565176e-01  1.422400e-03  8.088104e-01  1.277145e-03  
   1.4366300  8.595301e-01  1.455235e-03  8.595391e-01  1.455301e-03  8.115229e-01  1.306260e-03  
   1.4576300  8.626213e-01  1.488826e-03  8.626304e-01  1.488896e-03  8.142971e-01  1.335968e-03  
   1.4786299  8.657844e-01  1.523137e-03  8.657935e-01  1.523212e-03  8.171351e-01  1.366291e-03  
   1.4996300  8.690203e-01  1.558196e-03  8.690295e-01  1.558276e-03  8.200371e-01  1.397250e-03  
   1.5196300  8.721707e-01  1.592308e-03  8.721803e-01  1.592392e-03  8.228620e-01  1.427349e-03  
   1.5406300  8.755534e-01  1.628913e-03  8.755631e-01  1.629001e-03  8.258936e-01  1.459622e-03  
   1.5616300  8.790138e-01  1.666356e-03  8.790237e-01  1.666450e-03  8.289937e-01  1.492605e-03  
   1.5826300  8.825536e-01  1.704672e-03  8.825638e-01  1.704770e-03  8.321639e-01  1.526326e-03  
   1.6036299  8.861749e-01  1.743898e-03  8.861850e-01  1.744000e-03  8.354056e-01  1.560813e-03  
   1.6246300  8.898792e-01  1.784073e-03  8.898896e-01  1.784179e-03  8.387206e-01  1.596097e-03  
   1.6446300  8.934859e-01  1.823254e-03  8.934965e-01  1.823364e-03  8.419467e-01  1.630471e-03  
   1.6656300  8.973579e-01  1.865405e-03  8.973685e-01  1.865518e-03  8.454087e-01  1.667404e-03  
   1.6872300  9.014343e-01  1.909893e-03  9.014455e-01  1.910009e-03  8.490523e-01  1.706331e-03  
   1.7072300  9.052948e-01  1.952157e-03  9.053063e-01  1.952277e-03  8.525010e-01  1.743259e-03  
   1.7282300  9.094405e-01  1.997701e-03  9.094519e-01  1.997825e-03  8.562028e-01  1.782989e-03  
   1.7492300  9.136821e-01  2.044504e-03  9.136938e-01  2.044631e-03  8.599886e-01  1.823741e-03  
   1.7702301  9.180228e-01  2.092635e-03  9.180344e-01  2.092764e-03  8.638610e-01  1.865566e-03  
   1.7912300  9.224654e-01  2.142168e-03  9.224776e-01  2.142301e-03  8.678225e-01  1.908516e-03  
   1.8112299  9.267940e-01  2.190724e-03  9.268063e-01  2.190859e-03  8.716801e-01  1.950518e-03  
   1.8322300  9.314436e-01  2.243244e-03  9.314565e-01  2.243381e-03  8.758224e-01  1.995831e-03  
   1.8532300  9.362043e-01  2.297434e-03  9.362173e-01  2.297575e-03  8.800607e-01  2.042451e-03  
   1.8742300  9.410787e-01  2.353403e-03  9.410921e-01  2.353546e-03  8.843985e-01  2.090450e-03  
   1.8952301  9.460706e-01  2.411270e-03  9.460837e-01  2.411416e-03  8.888381e-01  2.139908e-03  
   1.9162300  9.511831e-01  2.471162e-03  9.511968e-01  2.471311e-03  8.933824e-01  2.190911e-03  
   1.9362299  9.561669e-01  2.530216e-03  9.561810e-01  2.530368e-03  8.978102e-01  2.241008e-03  
   1.9572300  9.615251e-01  2.594487e-03  9.615398e-01  2.594643e-03  9.025677e-01  2.295311e-03  
   1.9782300  9.670157e-01  2.661252e-03  9.670306e-01  2.661411e-03  9.074394e-01  2.351475e-03  
   1.9992300  9.726415e-01  2.730696e-03  9.726564e-01  2.730859e-03  9.124284e-01  2.409629e-03  
   2.0202301  9.784077e-01  2.803035e-03  9.784232e-01  2.803204e-03  9.175389e-01  2.469923e-03  
   2.0412300  9.843188e-01  2.878500e-03  9.843347e-01  2.878676e-03  9.227742e-01  2.532524e-03  
   2.0612299  9.900863e-01  2.953517e-03  9.901028e-01  2.953698e-03  9.278794e-01  2.594462e-03  
   2.0822301  9.962939e-01  3.035861e-03  9.963104e-01  3.036050e-03  9.333705e-01  2.662142e-03  
   2.1038301  1.002845e+00  3.124708e-03  1.002863e+00  3.124905e-03  9.391620e-01  2.734838e-03  
   2.1238301  1.009068e+00  3.211047e-03  1.009085e+00  3.211253e-03  9.446586e-01  2.805195e-03  
   2.1448300  1.015769e+00  3.306283e-03  1.015787e+00  3.306502e-03  9.505739e-01  2.882530e-03  
   2.1658299  1.022647e+00  3.406619e-03  1.022665e+00  3.406848e-03  9.566419e-01  2.963757e-03  
   2.1868300  1.029710e+00  3.512500e-03  1.029729e+00  3.512743e-03  9.628682e-01  3.049276e-03  
   2.2078300  1.036964e+00  3.624409e-03  1.036983e+00  3.624664e-03  9.692576e-01  3.139519e-03  
   2.2278299  1.044057e+00  3.737068e-03  1.044078e+00  3.737338e-03  9.755017e-01  3.230306e-03  
   2.2488301  1.051708e+00  3.862294e-03  1.051728e+00  3.862578e-03  9.822301e-01  3.331221e-03  
   2.2698300  1.059572e+00  3.995210e-03  1.059594e+00  3.995512e-03  9.891417e-01  3.438431e-03  
   2.2908299  1.067661e+00  4.136486e-03  1.067683e+00  4.136805e-03  9.962440e-01  3.552564e-03  
   2.3118300  1.075983e+00  4.286834e-03  1.076005e+00  4.287172e-03  1.003545e+00  3.674305e-03  
   2.3328300  1.084547e+00  4.447032e-03  1.084570e+00  4.447392e-03  1.011051e+00  3.804389e-03  
   2.3528299  1.092939e+00  4.609535e-03  1.092962e+00  4.609913e-03  1.018400e+00  3.936774e-03  
   2.3738301  1.102008e+00  4.791481e-03  1.102032e+00  4.791882e-03  1.026335e+00  4.085538e-03  
   2.3948300  1.111352e+00  4.986020e-03  1.111377e+00  4.986444e-03  1.034501e+00  4.245231e-03  
   2.4158299  1.120985e+00  5.194254e-03  1.121011e+00  5.194703e-03  1.042911e+00  4.416904e-03  
   2.4368300  1.130921e+00  5.417399e-03  1.130947e+00  5.417875e-03  1.051574e+00  4.601701e-03  
   2.4578300  1.141173e+00  5.656786e-03  1.141200e+00  5.657291e-03  1.060504e+00  4.800880e-03  
   2.4778299  1.151245e+00  5.901200e-03  1.151273e+00  5.901734e-03  1.069266e+00  5.005213e-03  
   2.4988301  1.162162e+00  6.176624e-03  1.162191e+00  6.177192e-03  1.078750e+00  5.236604e-03  
   2.5204301  1.173775e+00  6.481820e-03  1.173805e+00  6.482425e-03  1.088825e+00  5.494342e-03  
   2.5404301  1.184895e+00  6.786034e-03  1.184926e+00  6.786676e-03  1.098457e+00  5.752568e-03  
   2.5614300  1.196971e+00  7.129951e-03  1.197003e+00  7.130636e-03  1.108901e+00  6.045948e-03  
   2.5824299  1.209481e+00  7.501382e-03  1.209514e+00  7.502115e-03  1.119701e+00  6.364351e-03  
   2.6034300  1.222455e+00  7.903188e-03  1.222490e+00  7.903972e-03  1.130880e+00  6.710340e-03  
   2.6244299  1.235920e+00  8.338722e-03  1.235956e+00  8.339563e-03  1.142458e+00  7.086799e-03  
   2.6444299  1.249234e+00  8.788630e-03  1.249271e+00  8.789529e-03  1.153880e+00  7.476757e-03  
   2.6654301  1.263762e+00  9.302801e-03  1.263801e+00  9.303767e-03  1.166315e+00  7.923022e-03  
   2.6864300  1.278895e+00  9.866158e-03  1.278935e+00  9.867202e-03  1.179230e+00  8.411715e-03  
   2.7074299  1.294680e+00  1.048724e-02  1.294722e+00  1.048837e-02  1.192661e+00  8.948766e-03  
   2.7284300  1.311172e+00  1.117745e-02  1.311216e+00  1.117868e-02  1.206644e+00  9.541623e-03  
   2.7494299  1.328432e+00  1.195212e-02  1.328477e+00  1.195348e-02  1.221223e+00  1.019976e-02  
   2.7694299  1.345646e+00  1.278749e-02  1.345693e+00  1.278899e-02  1.235703e+00  1.089840e-02  
   2.7904301  1.364611e+00  1.379411e-02  1.364661e+00  1.379580e-02  1.251584e+00  1.172251e-02  
   2.8114300  1.384574e+00  1.497075e-02  1.384626e+00  1.497268e-02  1.268216e+00  1.265938e-02  
   2.8324299  1.405632e+00  1.636831e-02  1.405687e+00  1.637058e-02  1.285664e+00  1.373539e-02  
   2.8534300  1.427892e+00  1.805458e-02  1.427950e+00  1.805727e-02  1.304002e+00  1.498478e-02  
   2.8744299  1.451469e+00  2.011853e-02  1.451530e+00  2.012179e-02  1.323311e+00  1.645182e-02  
   2.8944299  1.475258e+00  2.254049e-02  1.475322e+00  2.254447e-02  1.342683e+00  1.810334e-02  
   2.9154301  1.501756e+00  2.570285e-02  1.501824e+00  2.570781e-02  1.364148e+00  2.017425e-02  
   2.9370301  1.530762e+00  2.980633e-02  1.530834e+00  2.981262e-02  1.387534e+00  2.275972e-02  
   2.9570301  1.559302e+00  3.458377e-02  1.559379e+00  3.459163e-02  1.410468e+00  2.567373e-02  
   2.9780300  1.591097e+00  4.087068e-02  1.591179e+00  4.088064e-02  1.435978e+00  2.941106e-02  
   2.9990301  1.624819e+00  4.876621e-02  1.624906e+00  4.877881e-02  1.463053e+00  3.401648e-02  
   3.0200300  1.660477e+00  5.862514e-02  1.660570e+00  5.864099e-02  1.491786e+00  3.970363e-02  
   3.0410299  1.698018e+00  7.084060e-02  1.698118e+00  7.086039e-02  1.522249e+00  4.672739e-02  
   3.0610299  1.735410e+00  8.505031e-02  1.735515e+00  8.507458e-02  1.552912e+00  5.493171e-02  
   3.0820301  1.776183e+00  1.030923e-01  1.776294e+00  1.031220e-01  1.586843e+00  6.546385e-02  
   3.1030300  1.818198e+00  1.247526e-01  1.818315e+00  1.247886e-01  1.622499e+00  7.833356e-02  
   3.1240301  1.861047e+00  1.504302e-01  1.861171e+00  1.504731e-01  1.659760e+00  9.395268e-02  
   3.1450300  1.904215e+00  1.804656e-01  1.904342e+00  1.805162e-01  1.698418e+00  1.127525e-01  
   3.1660299  1.947098e+00  2.151163e-01  1.947229e+00  2.151751e-01  1.738172e+00  1.351677e-01  
   3.1860299  1.987053e+00  2.525427e-01  1.987188e+00  2.526095e-01  1.776678e+00  1.602568e-01  
   3.2070301  2.027381e+00  2.965023e-01  2.027517e+00  2.965778e-01  1.817296e+00  1.908835e-01  
   3.2280300  2.065313e+00  3.451066e-01  2.065449e+00  3.451905e-01  1.857498e+00  2.261868e-01  
   3.2490301  2.100130e+00  3.980695e-01  2.100265e+00  3.981615e-01  1.896572e+00  2.663554e-01  
   3.2700300  2.131172e+00  4.549497e-01  2.131304e+00  4.550490e-01  1.933742e+00  3.114400e-01  
   3.2910299  2.157877e+00  5.151690e-01  2.158004e+00  5.152750e-01  1.968186e+00  3.613310e-01  
   3.3110299  2.178885e+00  5.749947e-01  2.179007e+00  5.751054e-01  1.997699e+00  4.130526e-01  
   3.3320301  2.196033e+00  6.396719e-01  2.196147e+00  6.397868e-01  2.024482e+00  4.713247e-01  
   3.3536301  2.208314e+00  7.073523e-01  2.208420e+00  7.074698e-01  2.046812e+00  5.348247e-01  
   3.3736300  2.214902e+00  7.703176e-01  2.215000e+00  7.704362e-01  2.062238e+00  5.960839e-01  
   3.3946300  2.217089e+00  8.360167e-01  2.217177e+00  8.361353e-01  2.072620e+00  6.620438e-01  
   3.4156301  2.214791e+00  9.006457e-01  2.214868e+00  9.007632e-01  2.076860e+00  7.286752e-01  
   3.4366300  2.208474e+00  9.636652e-01  2.208543e+00  9.637798e-01  2.074995e+00  7.949190e-01  
   3.4576299  2.198678e+00  1.024673e+00  2.198737e+00  1.024785e+00  2.067292e+00  8.597425e-01  
   3.4776299  2.186627e+00  1.080670e+00  2.186678e+00  1.080779e+00  2.054973e+00  9.192888e-01  
   3.4986300  2.171637e+00  1.137135e+00  2.171680e+00  1.137239e+00  2.037453e+00  9.787254e-01  
   3.5196300  2.154742e+00  1.191202e+00  2.154777e+00  1.191303e+00  2.016053e+00  1.034368e+00  
   3.5406301  2.136358e+00  1.242955e+00  2.136385e+00  1.243053e+00  1.991696e+00  1.085785e+00  
   3.5616300  2.116814e+00  1.292533e+00  2.116835e+00  1.292627e+00  1.965346e+00  1.132767e+00  
   3.5826299  2.096341e+00  1.340100e+00  2.096355e+00  1.340191e+00  1.937939e+00  1.175331e+00  
   3.6026299  2.076118e+00  1.383674e+00  2.076125e+00  1.383763e+00  1.911640e+00  1.211960e+00  
   3.6236300  2.054204e+00  1.427729e+00  2.054204e+00  1.427817e+00  1.884518e+00  1.246687e+00  
   3.6446300  2.031644e+00  1.470117e+00  2.031641e+00  1.470202e+00  1.858454e+00  1.278085e+00  
   3.6656301  2.008487e+00  1.510854e+00  2.008478e+00  1.510938e+00  1.833829e+00  1.306733e+00  
   3.6866300  1.984810e+00  1.549905e+00  1.984795e+00  1.549988e+00  1.810839e+00  1.333222e+00  
   3.7076299  1.960741e+00  1.587203e+00  1.960724e+00  1.587284e+00  1.789518e+00  1.358110e+00  
   3.7276299  1.937645e+00  1.621019e+00  1.937625e+00  1.621100e+00  1.770675e+00  1.380766e+00  
   3.7486300  1.913492e+00  1.654678e+00  1.913471e+00  1.654761e+00  1.752250e+00  1.403826e+00  
   3.7702301  1.889145e+00  1.687314e+00  1.889122e+00  1.687397e+00  1.734530e+00  1.427047e+00  
   3.7902300  1.867463e+00  1.715801e+00  1.867441e+00  1.715887e+00  1.719044e+00  1.448252e+00  
   3.8112299  1.846069e+00  1.744096e+00  1.846049e+00  1.744186e+00  1.703596e+00  1.470287e+00  
   3.8322301  1.826573e+00  1.771036e+00  1.826557e+00  1.771133e+00  1.688921e+00  1.492102e+00  
   3.8532300  1.809455e+00  1.797068e+00  1.809443e+00  1.797173e+00  1.675063e+00  1.513694e+00  
   3.8742299  1.795120e+00  1.822780e+00  1.795115e+00  1.822896e+00  1.662170e+00  1.535079e+00  
   3.8942299  1.784327e+00  1.847627e+00  1.784329e+00  1.847754e+00  1.651011e+00  1.555315e+00  
   3.9152300  1.776135e+00  1.874885e+00  1.776145e+00  1.875029e+00  1.640762e+00  1.576575e+00  
   3.9362299  1.771122e+00  1.904234e+00  1.771140e+00  1.904395e+00  1.632346e+00  1.598107e+00  
   3.9572301  1.769043e+00  1.936620e+00  1.769071e+00  1.936802e+00  1.626090e+00  1.620296e+00  
   3.9782300  1.769430e+00  1.972988e+00  1.769466e+00  1.973192e+00  1.622260e+00  1.643653e+00  
   3.9992299  1.771587e+00  2.014230e+00  1.771631e+00  2.014458e+00  1.621027e+00  1.668809e+00  
   4.0192299  1.774457e+00  2.058765e+00  1.774507e+00  2.059016e+00  1.622294e+00  1.695109e+00  
   4.0402298  1.777274e+00  2.111667e+00  1.777330e+00  2.111943e+00  1.626058e+00  1.725963e+00  
   4.0612302  1.778654e+00  2.171309e+00  1.778712e+00  2.171612e+00  1.631977e+00  1.760977e+00  
   4.0822301  1.777226e+00  2.237923e+00  1.777284e+00  2.238251e+00  1.639493e+00  1.801017e+00  
   4.1032300  1.771549e+00  2.311491e+00  1.771603e+00  2.311844e+00  1.647810e+00  1.846905e+00  
   4.1242299  1.760170e+00  2.391728e+00  1.760217e+00  2.392104e+00  1.655896e+00  1.899378e+00  
   4.1442299  1.742731e+00  2.473838e+00  1.742768e+00  2.474233e+00  1.662231e+00  1.956007e+00  
   4.1652298  1.716213e+00  2.565252e+00  1.716237e+00  2.565666e+00  1.666045e+00  2.022816e+00  
   4.1868300  1.678925e+00  2.663747e+00  1.678931e+00  2.664176e+00  1.665248e+00  2.099498e+00  
   4.2068300  1.634387e+00  2.757798e+00  1.634373e+00  2.758239e+00  1.658615e+00  2.177498e+00  
   4.2278299  1.576462e+00  2.858100e+00  1.576427e+00  2.858550e+00  1.643824e+00  2.266066e+00  
   4.2488298  1.506522e+00  2.958425e+00  1.506462e+00  2.958878e+00  1.619307e+00  2.360487e+00  
   4.2698302  1.424212e+00  3.057078e+00  1.424126e+00  3.057531e+00  1.583469e+00  2.459362e+00  
   4.2908301  1.329437e+00  3.152287e+00  1.329323e+00  3.152735e+00  1.534956e+00  2.560883e+00  
   4.3108301  1.227724e+00  3.238124e+00  1.227584e+00  3.238563e+00  1.476041e+00  2.658068e+00  
   4.3318300  1.109297e+00  3.321445e+00  1.109129e+00  3.321869e+00  1.400269e+00  2.758303e+00  
   4.3528299  9.796100e-01  3.396064e+00  9.794154e-01  3.396472e+00  1.310161e+00  2.854128e+00  
   4.3738298  8.395789e-01  3.460299e+00  8.393587e-01  3.460681e+00  1.206176e+00  2.942890e+00  
   4.3948302  6.903648e-01  3.512562e+00  6.901200e-01  3.512917e+00  1.089332e+00  3.022017e+00  
   4.4158301  5.333828e-01  3.551411e+00  5.331160e-01  3.551735e+00  9.611939e-01  3.089153e+00  
   4.4358301  3.781504e-01  3.574785e+00  3.778648e-01  3.575075e+00  8.305140e-01  3.140111e+00  
   4.4568300  2.109254e-01  3.584015e+00  2.106230e-01  3.584268e+00  6.865412e-01  3.178493e+00  
   4.4778299  4.137531e-02  3.576792e+00  4.106050e-02  3.577002e+00  5.382721e-01  3.200382e+00  
   4.4988298  -1.283008e-01  3.552640e+00  -1.286241e-01  3.552809e+00  3.885015e-01  3.205342e+00  
   4.5198302  -2.957971e-01  3.511440e+00  -2.961237e-01  3.511564e+00  2.400046e-01  3.193529e+00  
   4.5408301  -4.587432e-01  3.453464e+00  -4.590681e-01  3.453545e+00  9.541544e-02  3.165665e+00  
   4.5608301  -6.075593e-01  3.383274e+00  -6.078773e-01  3.383316e+00  -3.649755e-02  3.125314e+00  
   4.5818300  -7.549665e-01  3.294909e+00  -7.552724e-01  3.294911e+00  -1.669962e-01  3.069994e+00  
   4.6034298  -8.949901e-01  3.189914e+00  -8.952783e-01  3.189879e+00  -2.910130e-01  3.001234e+00  
   4.6234298  -1.012479e+00  3.081714e+00  -1.012747e+00  3.081650e+00  -3.955318e-01  2.928808e+00  
   4.6444302  -1.121859e+00  2.958879e+00  -1.122101e+00  2.958789e+00  -4.939123e-01  2.845797e+00  
   4.6654301  -1.215903e+00  2.829010e+00  -1.216118e+00  2.828899e+00  -5.803475e-01  2.757759e+00  
   4.6864300  -1.294059e+00  2.694688e+00  -1.294244e+00  2.694561e+00  -6.548930e-01  2.666721e+00  
   4.7074299  -1.356257e+00  2.558525e+00  -1.356412e+00  2.558389e+00  -7.179060e-01  2.574531e+00  
   4.7274299  -1.401025e+00  2.429438e+00  -1.401152e+00  2.429298e+00  -7.677385e-01  2.487153e+00  
   4.7484298  -1.433639e+00  2.296744e+00  -1.433739e+00  2.296607e+00  -8.101080e-01  2.397180e+00  
   4.7694302  -1.452687e+00  2.168964e+00  -1.452762e+00  2.168835e+00  -8.431474e-01  2.310141e+00  
   4.7904301  -1.459638e+00  2.047774e+00  -1.459691e+00  2.047656e+00  -8.677996e-01  2.226932e+00  
   4.8114300  -1.456145e+00  1.934443e+00  -1.456180e+00  1.934341e+00  -8.850340e-01  2.148207e+00  
   4.8324299  -1.443941e+00  1.829840e+00  -1.443961e+00  1.829755e+00  -8.958095e-01  2.074414e+00  
   4.8524299  -1.425796e+00  1.738772e+00  -1.425805e+00  1.738706e+00  -9.009122e-01  2.008961e+00  
   4.8734298  -1.401469e+00  1.652272e+00  -1.401471e+00  1.652227e+00  -9.016877e-01  1.945407e+00  
   4.8944302  -1.373213e+00  1.574969e+00  -1.373210e+00  1.574945e+00  -8.985617e-01  1.887127e+00  
   4.9154301  -1.342349e+00  1.506493e+00  -1.342343e+00  1.506490e+00  -8.922638e-01  1.833999e+00  
   4.9364300  -1.309998e+00  1.446303e+00  -1.309992e+00  1.446320e+00  -8.834468e-01  1.785818e+00  
   4.9574299  -1.277081e+00  1.393749e+00  -1.277078e+00  1.393785e+00  -8.726826e-01  1.742318e+00  
   4.9774299  -1.245876e+00  1.350150e+00  -1.245876e+00  1.350204e+00  -8.610746e-01  1.704967e+00  
   4.9984298  -1.213799e+00  1.310450e+00  -1.213803e+00  1.310521e+00  -8.478672e-01  1.669716e+00  
