w Re-xx Im-xx Re-yy Im-yy Re-zz Im-zz
# Gaussian absolute broadening  0.15 [eV]
   0.0000000  7.685008e-01  8.837164e-05  7.685109e-01  8.837332e-05  7.258517e-01  7.897379e-05  
   0.0200000  7.686008e-01  9.457864e-05  7.686108e-01  9.458076e-05  7.259409e-01  8.452032e-05  
   0.0410000  7.687196e-01  1.016515e-04  7.687299e-01  1.016542e-04  7.260470e-01  9.084048e-05  
   0.0620000  7.688546e-01  1.093298e-04  7.688650e-01  1.093332e-04  7.261679e-01  9.770141e-05  
   0.0830000  7.690085e-01  1.176473e-04  7.690188e-01  1.176515e-04  7.263053e-01  1.051332e-04  
   0.1040000  7.691829e-01  1.266335e-04  7.691928e-01  1.266387e-04  7.264612e-01  1.131621e-04  
   0.1240000  7.693697e-01  1.358346e-04  7.693799e-01  1.358409e-04  7.266281e-01  1.213827e-04  
   0.1450000  7.695901e-01  1.461860e-04  7.696004e-01  1.461936e-04  7.268254e-01  1.306304e-04  
   0.1660000  7.698380e-01  1.572508e-04  7.698482e-01  1.572599e-04  7.270467e-01  1.405148e-04  
   0.1870000  7.701148e-01  1.690257e-04  7.701252e-01  1.690364e-04  7.272940e-01  1.510325e-04  
   0.2080000  7.704228e-01  1.814961e-04  7.704331e-01  1.815086e-04  7.275694e-01  1.621705e-04  
   0.2290000  7.707638e-01  1.946366e-04  7.707741e-01  1.946511e-04  7.278742e-01  1.739058e-04  
   0.2490000  7.711208e-01  2.077425e-04  7.711312e-01  2.077589e-04  7.281928e-01  1.856086e-04  
   0.2700000  7.715306e-01  2.220823e-04  7.715409e-01  2.221008e-04  7.285591e-01  1.984116e-04  
   0.2910000  7.719772e-01  2.369658e-04  7.719876e-01  2.369862e-04  7.289582e-01  2.116978e-04  
   0.3120000  7.724617e-01  2.523392e-04  7.724721e-01  2.523615e-04  7.293910e-01  2.254189e-04  
   0.3330000  7.729840e-01  2.681475e-04  7.729945e-01  2.681716e-04  7.298576e-01  2.395255e-04  
   0.3540000  7.735449e-01  2.843373e-04  7.735554e-01  2.843630e-04  7.303588e-01  2.539696e-04  
   0.3740000  7.741150e-01  3.000656e-04  7.741255e-01  3.000925e-04  7.308678e-01  2.679987e-04  
   0.3950000  7.747511e-01  3.168620e-04  7.747617e-01  3.168900e-04  7.314359e-01  2.829770e-04  
   0.4160000  7.754257e-01  3.339100e-04  7.754362e-01  3.339388e-04  7.320380e-01  2.981756e-04  
   0.4374300  7.761539e-01  3.515342e-04  7.761645e-01  3.515636e-04  7.326885e-01  3.138834e-04  
   0.4574300  7.768691e-01  3.681666e-04  7.768796e-01  3.681963e-04  7.333272e-01  3.287031e-04  
   0.4784300  7.776575e-01  3.858051e-04  7.776682e-01  3.858350e-04  7.340308e-01  3.444145e-04  
   0.4994300  7.784842e-01  4.036103e-04  7.784948e-01  4.036403e-04  7.347685e-01  3.602692e-04  
   0.5204300  7.793491e-01  4.215751e-04  7.793596e-01  4.216051e-04  7.355406e-01  3.762606e-04  
   0.5414300  7.802524e-01  4.396958e-04  7.802629e-01  4.397257e-04  7.363468e-01  3.923856e-04  
   0.5614300  7.811486e-01  4.570984e-04  7.811593e-01  4.571284e-04  7.371463e-01  4.078661e-04  
   0.5824300  7.821274e-01  4.755252e-04  7.821382e-01  4.755552e-04  7.380198e-01  4.242519e-04  
   0.6034300  7.831451e-01  4.941129e-04  7.831561e-01  4.941432e-04  7.389278e-01  4.407746e-04  
   0.6244300  7.842026e-01  5.128664e-04  7.842135e-01  5.128972e-04  7.398708e-01  4.574388e-04  
   0.6454300  7.852995e-01  5.317916e-04  7.853106e-01  5.318231e-04  7.408492e-01  4.742485e-04  
   0.6664300  7.864366e-01  5.508944e-04  7.864479e-01  5.509270e-04  7.418634e-01  4.912094e-04  
   0.6864300  7.875569e-01  5.692588e-04  7.875680e-01  5.692925e-04  7.428622e-01  5.075080e-04  
   0.7074300  7.887732e-01  5.887282e-04  7.887840e-01  5.887630e-04  7.439462e-01  5.247804e-04  
   0.7284300  7.900303e-01  6.083955e-04  7.900413e-01  6.084318e-04  7.450668e-01  5.422206e-04  
   0.7494300  7.913290e-01  6.282687e-04  7.913402e-01  6.283068e-04  7.462241e-01  5.598358e-04  
   0.7704300  7.926694e-01  6.483551e-04  7.926807e-01  6.483949e-04  7.474186e-01  5.776318e-04  
   0.7914300  7.940525e-01  6.686631e-04  7.940640e-01  6.687049e-04  7.486507e-01  5.956156e-04  
   0.8114300  7.954091e-01  6.882172e-04  7.954205e-01  6.882608e-04  7.498592e-01  6.129238e-04  
   0.8324300  7.968761e-01  7.089819e-04  7.968876e-01  7.090273e-04  7.511654e-01  6.312942e-04  
   0.8540300  7.984311e-01  7.305982e-04  7.984426e-01  7.306453e-04  7.525498e-01  6.504082e-04  
   0.8740300  7.999123e-01  7.508552e-04  7.999241e-01  7.509037e-04  7.538684e-01  6.683110e-04  
   0.8950300  8.015115e-01  7.723849e-04  8.015233e-01  7.724351e-04  7.552916e-01  6.873285e-04  
   0.9160300  8.031561e-01  7.941914e-04  8.031682e-01  7.942424e-04  7.567552e-01  7.065800e-04  
   0.9370300  8.048469e-01  8.162844e-04  8.048589e-01  8.163365e-04  7.582592e-01  7.260733e-04  
   0.9580300  8.065841e-01  8.386752e-04  8.065963e-01  8.387277e-04  7.598044e-01  7.458180e-04  
   0.9780300  8.082833e-01  8.602869e-04  8.082952e-01  8.603398e-04  7.613151e-01  7.648649e-04  
   0.9990300  8.101137e-01  8.832911e-04  8.101261e-01  8.833445e-04  7.629422e-01  7.851273e-04  
   1.0200300  8.119930e-01  9.066267e-04  8.120054e-01  9.066797e-04  7.646127e-01  8.056685e-04  
   1.0410300  8.139218e-01  9.303054e-04  8.139343e-01  9.303587e-04  7.663265e-01  8.264993e-04  
   1.0620300  8.159011e-01  9.543393e-04  8.159136e-01  9.543922e-04  7.680848e-01  8.476290e-04  
   1.0830300  8.179313e-01  9.787407e-04  8.179438e-01  9.787937e-04  7.698875e-01  8.690677e-04  
   1.1030300  8.199126e-01  1.002333e-03  8.199254e-01  1.002386e-03  7.716466e-01  8.897830e-04  
   1.1240300  8.220442e-01  1.027489e-03  8.220571e-01  1.027542e-03  7.735385e-01  9.118564e-04  
   1.1450300  8.242290e-01  1.053051e-03  8.242419e-01  1.053105e-03  7.754770e-01  9.342709e-04  
   1.1660300  8.264681e-01  1.079033e-03  8.264811e-01  1.079088e-03  7.774633e-01  9.570384e-04  
   1.1870300  8.287620e-01  1.105450e-03  8.287752e-01  1.105506e-03  7.794977e-01  9.801707e-04  
   1.2080300  8.311120e-01  1.132316e-03  8.311253e-01  1.132374e-03  7.815810e-01  1.003679e-03  
   1.2280300  8.334022e-01  1.158336e-03  8.334156e-01  1.158395e-03  7.836108e-01  1.026432e-03  
   1.2490300  8.358635e-01  1.186127e-03  8.358771e-01  1.186188e-03  7.857915e-01  1.050715e-03  
   1.2706300  8.384571e-01  1.215234e-03  8.384706e-01  1.215297e-03  7.880886e-01  1.076129e-03  
   1.2906300  8.409146e-01  1.242672e-03  8.409283e-01  1.242738e-03  7.902646e-01  1.100068e-03  
   1.3116300  8.435546e-01  1.272007e-03  8.435684e-01  1.272075e-03  7.926012e-01  1.125641e-03  
   1.3326300  8.462567e-01  1.301897e-03  8.462707e-01  1.301968e-03  7.949920e-01  1.151679e-03  
   1.3536299  8.490219e-01  1.332363e-03  8.490360e-01  1.332437e-03  7.974374e-01  1.178198e-03  
   1.3746300  8.518518e-01  1.363430e-03  8.518661e-01  1.363506e-03  7.999395e-01  1.205216e-03  
   1.3946300  8.546085e-01  1.393595e-03  8.546231e-01  1.393673e-03  8.023761e-01  1.231429e-03  
   1.4156300  8.575686e-01  1.425896e-03  8.575833e-01  1.425977e-03  8.049911e-01  1.259476e-03  
   1.4366300  8.605976e-01  1.458866e-03  8.606124e-01  1.458950e-03  8.076659e-01  1.288078e-03  
   1.4576300  8.636965e-01  1.492529e-03  8.637114e-01  1.492616e-03  8.104016e-01  1.317257e-03  
   1.4786299  8.668674e-01  1.526912e-03  8.668824e-01  1.527001e-03  8.131994e-01  1.347033e-03  
   1.4996300  8.701109e-01  1.562041e-03  8.701265e-01  1.562132e-03  8.160605e-01  1.377427e-03  
   1.5196300  8.732694e-01  1.596217e-03  8.732850e-01  1.596310e-03  8.188452e-01  1.406970e-03  
   1.5406300  8.766604e-01  1.632886e-03  8.766763e-01  1.632981e-03  8.218334e-01  1.438640e-03  
   1.5616300  8.801294e-01  1.670388e-03  8.801452e-01  1.670485e-03  8.248890e-01  1.470999e-03  
   1.5826300  8.836778e-01  1.708755e-03  8.836938e-01  1.708855e-03  8.280131e-01  1.504073e-03  
   1.6036299  8.873075e-01  1.748021e-03  8.873239e-01  1.748124e-03  8.312074e-01  1.537890e-03  
   1.6246300  8.910208e-01  1.788222e-03  8.910374e-01  1.788327e-03  8.344733e-01  1.572477e-03  
   1.6446300  8.946365e-01  1.827411e-03  8.946531e-01  1.827518e-03  8.376518e-01  1.606161e-03  
   1.6656300  8.985173e-01  1.869546e-03  8.985340e-01  1.869655e-03  8.410621e-01  1.642341e-03  
   1.6872300  9.026031e-01  1.913982e-03  9.026203e-01  1.914095e-03  8.446503e-01  1.680459e-03  
   1.7072300  9.064726e-01  1.956162e-03  9.064900e-01  1.956277e-03  8.480469e-01  1.716604e-03  
   1.7282300  9.106270e-01  2.001566e-03  9.106449e-01  2.001684e-03  8.516917e-01  1.755472e-03  
   1.7492300  9.148784e-01  2.048159e-03  9.148962e-01  2.048282e-03  8.554191e-01  1.795320e-03  
   1.7702301  9.192284e-01  2.095999e-03  9.192467e-01  2.096125e-03  8.592311e-01  1.836188e-03  
   1.7912300  9.236808e-01  2.145140e-03  9.236992e-01  2.145269e-03  8.631300e-01  1.878124e-03  
   1.8112299  9.280182e-01  2.193205e-03  9.280371e-01  2.193339e-03  8.669266e-01  1.919101e-03  
   1.8322300  9.326774e-01  2.245060e-03  9.326966e-01  2.245197e-03  8.710021e-01  1.963264e-03  
   1.8532300  9.374475e-01  2.298402e-03  9.374666e-01  2.298544e-03  8.751720e-01  2.008648e-03  
   1.8742300  9.423317e-01  2.353304e-03  9.423510e-01  2.353451e-03  8.794385e-01  2.055309e-03  
   1.8952301  9.473324e-01  2.409841e-03  9.473526e-01  2.409995e-03  8.838047e-01  2.103312e-03  
   1.9162300  9.524544e-01  2.468099e-03  9.524747e-01  2.468256e-03  8.882726e-01  2.152723e-03  
   1.9362299  9.574475e-01  2.525258e-03  9.574679e-01  2.525422e-03  8.926256e-01  2.201155e-03  
   1.9572300  9.628149e-01  2.587134e-03  9.628357e-01  2.587304e-03  8.973016e-01  2.253531e-03  
   1.9782300  9.683142e-01  2.651015e-03  9.683354e-01  2.651190e-03  9.020890e-01  2.307550e-03  
   1.9992300  9.739486e-01  2.717017e-03  9.739702e-01  2.717200e-03  9.069905e-01  2.363305e-03  
   2.0202301  9.797242e-01  2.785268e-03  9.797461e-01  2.785457e-03  9.120103e-01  2.420904e-03  
   2.0412300  9.856436e-01  2.855908e-03  9.856659e-01  2.856103e-03  9.171511e-01  2.480458e-03  
   2.0612299  9.914197e-01  2.925547e-03  9.914426e-01  2.925749e-03  9.221635e-01  2.539115e-03  
   2.0822301  9.976350e-01  3.001316e-03  9.976583e-01  3.001525e-03  9.275531e-01  2.602881e-03  
   2.1038301  1.004196e+00  3.082280e-03  1.004219e+00  3.082498e-03  9.332359e-01  2.670963e-03  
   2.1238301  1.010426e+00  3.160183e-03  1.010449e+00  3.160408e-03  9.386280e-01  2.736423e-03  
   2.1448300  1.017134e+00  3.245251e-03  1.017159e+00  3.245485e-03  9.444296e-01  2.807860e-03  
   2.1658299  1.024020e+00  3.333926e-03  1.024045e+00  3.334170e-03  9.503788e-01  2.882286e-03  
   2.1868300  1.031091e+00  3.426501e-03  1.031117e+00  3.426756e-03  9.564815e-01  2.959954e-03  
   2.2078300  1.038353e+00  3.523291e-03  1.038380e+00  3.523558e-03  9.627427e-01  3.041137e-03  
   2.2278299  1.045455e+00  3.619716e-03  1.045482e+00  3.619995e-03  9.688595e-01  3.122001e-03  
   2.2488301  1.053114e+00  3.725789e-03  1.053141e+00  3.726081e-03  9.754494e-01  3.210952e-03  
   2.2698300  1.060987e+00  3.837219e-03  1.061015e+00  3.837526e-03  9.822160e-01  3.304404e-03  
   2.2908299  1.069085e+00  3.954473e-03  1.069113e+00  3.954797e-03  9.891677e-01  3.402754e-03  
   2.3118300  1.077417e+00  4.078052e-03  1.077446e+00  4.078393e-03  9.963111e-01  3.506440e-03  
   2.3328300  1.085991e+00  4.208498e-03  1.086021e+00  4.208858e-03  1.003655e+00  3.615933e-03  
   2.3528299  1.094394e+00  4.339659e-03  1.094424e+00  4.340036e-03  1.010841e+00  3.726085e-03  
   2.3738301  1.103475e+00  4.485270e-03  1.103507e+00  4.485669e-03  1.018598e+00  3.848462e-03  
   2.3948300  1.112834e+00  4.639644e-03  1.112866e+00  4.640069e-03  1.026580e+00  3.978324e-03  
   2.4158299  1.122482e+00  4.803544e-03  1.122515e+00  4.803995e-03  1.034798e+00  4.116362e-03  
   2.4368300  1.132434e+00  4.977798e-03  1.132468e+00  4.978274e-03  1.043262e+00  4.263334e-03  
   2.4578300  1.142706e+00  5.163317e-03  1.142740e+00  5.163827e-03  1.051983e+00  4.420076e-03  
   2.4778299  1.152799e+00  5.351402e-03  1.152834e+00  5.351943e-03  1.060540e+00  4.579299e-03  
   2.4988301  1.163742e+00  5.561954e-03  1.163778e+00  5.562531e-03  1.069801e+00  4.757935e-03  
   2.5204301  1.175386e+00  5.793821e-03  1.175423e+00  5.794440e-03  1.079636e+00  4.955147e-03  
   2.5404301  1.186539e+00  6.023729e-03  1.186576e+00  6.024390e-03  1.089038e+00  5.151186e-03  
   2.5614300  1.198654e+00  6.282567e-03  1.198693e+00  6.283275e-03  1.099233e+00  5.372426e-03  
   2.5824299  1.211211e+00  6.561283e-03  1.211252e+00  6.562047e-03  1.109775e+00  5.611191e-03  
   2.6034300  1.224240e+00  6.862382e-03  1.224281e+00  6.863205e-03  1.120686e+00  5.869554e-03  
   2.6244299  1.237768e+00  7.188917e-03  1.237811e+00  7.189801e-03  1.131987e+00  6.149966e-03  
   2.6444299  1.251151e+00  7.527077e-03  1.251196e+00  7.528031e-03  1.143137e+00  6.440219e-03  
   2.6654301  1.265764e+00  7.915404e-03  1.265810e+00  7.916432e-03  1.155276e+00  6.772778e-03  
   2.6864300  1.280992e+00  8.344066e-03  1.281039e+00  8.345179e-03  1.167886e+00  7.138163e-03  
   2.7074299  1.296888e+00  8.821495e-03  1.296937e+00  8.822712e-03  1.181000e+00  7.541948e-03  
   2.7284300  1.313505e+00  9.358999e-03  1.313555e+00  9.360328e-03  1.194657e+00  7.991223e-03  
   2.7494299  1.330905e+00  9.971830e-03  1.330958e+00  9.973294e-03  1.208897e+00  8.495117e-03  
   2.7694299  1.348272e+00  1.064443e-02  1.348327e+00  1.064605e-02  1.223043e+00  9.036609e-03  
   2.7904301  1.367416e+00  1.147097e-02  1.367473e+00  1.147280e-02  1.238559e+00  9.684574e-03  
   2.8114300  1.387581e+00  1.245798e-02  1.387641e+00  1.246007e-02  1.254810e+00  1.043344e-02  
   2.8324299  1.408868e+00  1.365627e-02  1.408930e+00  1.365871e-02  1.271860e+00  1.130902e-02  
   2.8534300  1.431386e+00  1.513368e-02  1.431451e+00  1.513657e-02  1.289780e+00  1.234474e-02  
   2.8744299  1.455254e+00  1.697955e-02  1.455322e+00  1.698305e-02  1.308647e+00  1.358372e-02  
   2.8944299  1.479356e+00  1.918603e-02  1.479428e+00  1.919031e-02  1.327574e+00  1.500307e-02  
   2.9154301  1.506229e+00  2.211555e-02  1.506305e+00  2.212090e-02  1.348540e+00  1.681193e-02  
   2.9370301  1.535675e+00  2.597535e-02  1.535755e+00  2.598219e-02  1.371374e+00  1.910426e-02  
   2.9570301  1.564680e+00  3.052729e-02  1.564765e+00  3.053591e-02  1.393758e+00  2.172024e-02  
   2.9780300  1.597035e+00  3.658346e-02  1.597124e+00  3.659448e-02  1.418643e+00  2.510947e-02  
   2.9990301  1.631398e+00  4.426251e-02  1.631493e+00  4.427659e-02  1.445040e+00  2.932030e-02  
   3.0200300  1.667790e+00  5.392987e-02  1.667890e+00  5.394777e-02  1.473034e+00  3.455249e-02  
   3.0410299  1.706169e+00  6.599191e-02  1.706275e+00  6.601452e-02  1.502699e+00  4.104351e-02  
   3.0610299  1.744462e+00  8.010549e-02  1.744571e+00  8.013348e-02  1.532544e+00  4.864877e-02  
   3.0820301  1.786296e+00  9.811629e-02  1.786411e+00  9.815090e-02  1.565559e+00  5.843198e-02  
   3.1030300  1.829493e+00  1.198365e-01  1.829612e+00  1.198788e-01  1.600250e+00  7.040282e-02  
   3.1240301  1.873639e+00  1.456856e-01  1.873763e+00  1.457365e-01  1.636509e+00  8.494372e-02  
   3.1450300  1.918210e+00  1.760249e-01  1.918338e+00  1.760855e-01  1.674151e+00  1.024564e-01  
   3.1660299  1.962584e+00  2.111312e-01  1.962714e+00  2.112021e-01  1.712900e+00  1.233478e-01  
   3.1860299  2.004020e+00  2.491476e-01  2.004152e+00  2.492288e-01  1.750494e+00  1.467445e-01  
   3.2070301  2.045930e+00  2.939034e-01  2.046062e+00  2.939957e-01  1.790238e+00  1.753263e-01  
   3.2280300  2.085438e+00  3.434926e-01  2.085568e+00  3.435958e-01  1.829698e+00  2.083054e-01  
   3.2490301  2.121775e+00  3.976318e-01  2.121902e+00  3.977455e-01  1.868217e+00  2.458791e-01  
   3.2700300  2.154238e+00  4.558768e-01  2.154359e+00  4.560002e-01  1.905064e+00  2.881225e-01  
   3.2910299  2.182217e+00  5.176417e-01  2.182332e+00  5.177733e-01  1.939471e+00  3.349679e-01  
   3.3110299  2.204261e+00  5.790953e-01  2.204370e+00  5.792334e-01  1.969257e+00  3.836526e-01  
   3.3320301  2.222279e+00  6.456316e-01  2.222378e+00  6.457749e-01  1.996684e+00  4.386645e-01  
   3.3536301  2.235191e+00  7.153665e-01  2.235281e+00  7.155132e-01  2.020087e+00  4.988243e-01  
   3.3736300  2.242113e+00  7.803479e-01  2.242192e+00  7.804964e-01  2.036885e+00  5.570911e-01  
   3.3946300  2.244388e+00  8.482671e-01  2.244455e+00  8.484157e-01  2.049098e+00  6.201060e-01  
   3.4156301  2.241910e+00  9.152107e-01  2.241966e+00  9.153578e-01  2.055543e+00  6.840827e-01  
   3.4366300  2.235168e+00  9.806290e-01  2.235210e+00  9.807734e-01  2.056216e+00  7.480401e-01  
   3.4576299  2.224717e+00  1.044113e+00  2.224746e+00  1.044255e+00  2.051326e+00  8.110053e-01  
   3.4776299  2.211856e+00  1.102534e+00  2.211871e+00  1.102673e+00  2.041882e+00  8.692128e-01  
   3.4986300  2.195844e+00  1.161606e+00  2.195845e+00  1.161743e+00  2.027515e+00  9.277078e-01  
   3.5196300  2.177773e+00  1.218334e+00  2.177760e+00  1.218469e+00  2.009332e+00  9.828709e-01  
   3.5406301  2.158088e+00  1.272790e+00  2.158062e+00  1.272924e+00  1.988188e+00  1.034238e+00  
   3.5616300  2.137131e+00  1.325093e+00  2.137089e+00  1.325226e+00  1.964989e+00  1.081551e+00  
   3.5826299  2.115143e+00  1.375384e+00  2.115086e+00  1.375518e+00  1.940634e+00  1.124772e+00  
   3.6026299  2.093388e+00  1.421530e+00  2.093316e+00  1.421666e+00  1.917126e+00  1.162281e+00  
   3.6236300  2.069768e+00  1.468239e+00  2.069683e+00  1.468377e+00  1.892807e+00  1.198156e+00  
   3.6446300  2.045395e+00  1.513204e+00  2.045295e+00  1.513345e+00  1.869421e+00  1.230905e+00  
   3.6656301  2.020292e+00  1.556419e+00  2.020181e+00  1.556564e+00  1.847361e+00  1.261096e+00  
   3.6866300  1.994505e+00  1.597829e+00  1.994383e+00  1.597976e+00  1.826840e+00  1.289326e+00  
   3.7076299  1.968124e+00  1.637341e+00  1.967992e+00  1.637491e+00  1.807897e+00  1.316175e+00  
   3.7276299  1.942588e+00  1.673115e+00  1.942448e+00  1.673266e+00  1.791234e+00  1.340925e+00  
   3.7486300  1.915566e+00  1.708640e+00  1.915421e+00  1.708792e+00  1.774993e+00  1.366440e+00  
   3.7702301  1.887880e+00  1.742948e+00  1.887731e+00  1.743100e+00  1.759375e+00  1.392465e+00  
   3.7902300  1.862707e+00  1.772708e+00  1.862556e+00  1.772859e+00  1.745665e+00  1.416502e+00  
   3.8112299  1.837195e+00  1.801980e+00  1.837044e+00  1.802130e+00  1.731860e+00  1.441704e+00  
   3.8322301  1.813107e+00  1.829439e+00  1.812958e+00  1.829589e+00  1.718555e+00  1.466810e+00  
   3.8532300  1.790945e+00  1.855422e+00  1.790799e+00  1.855572e+00  1.705761e+00  1.491707e+00  
   3.8742299  1.771180e+00  1.880405e+00  1.771041e+00  1.880555e+00  1.693609e+00  1.516285e+00  
   3.8942299  1.754959e+00  1.903824e+00  1.754826e+00  1.903975e+00  1.682857e+00  1.539332e+00  
   3.9152300  1.740949e+00  1.928726e+00  1.740824e+00  1.928880e+00  1.672752e+00  1.563173e+00  
   3.9362299  1.730191e+00  1.954781e+00  1.730075e+00  1.954940e+00  1.664242e+00  1.586790e+00  
   3.9572301  1.722668e+00  1.982924e+00  1.722559e+00  1.983089e+00  1.657720e+00  1.610477e+00  
   3.9782300  1.718146e+00  2.014135e+00  1.718045e+00  2.014308e+00  1.653535e+00  1.634688e+00  
   3.9992299  1.716163e+00  2.049404e+00  1.716069e+00  2.049589e+00  1.651938e+00  1.660039e+00  
   4.0192299  1.715993e+00  2.087633e+00  1.715905e+00  2.087831e+00  1.652918e+00  1.685932e+00  
   4.0402298  1.716717e+00  2.133461e+00  1.716632e+00  2.133673e+00  1.656497e+00  1.715785e+00  
   4.0612302  1.717227e+00  2.185796e+00  1.717145e+00  2.186027e+00  1.662389e+00  1.749288e+00  
   4.0822301  1.716183e+00  2.245131e+00  1.716098e+00  2.245378e+00  1.670044e+00  1.787390e+00  
   4.1032300  1.712096e+00  2.311699e+00  1.712005e+00  2.311963e+00  1.678654e+00  1.831008e+00  
   4.1242299  1.703397e+00  2.385453e+00  1.703296e+00  2.385735e+00  1.687155e+00  1.880955e+00  
   4.1442299  1.689368e+00  2.462052e+00  1.689253e+00  2.462349e+00  1.693957e+00  1.935004e+00  
   4.1652298  1.667122e+00  2.548523e+00  1.666990e+00  2.548833e+00  1.698289e+00  1.998968e+00  
   4.1868300  1.634725e+00  2.642936e+00  1.634570e+00  2.643257e+00  1.698008e+00  2.072615e+00  
   4.2068300  1.594945e+00  2.734156e+00  1.594764e+00  2.734483e+00  1.691805e+00  2.147725e+00  
   4.2278299  1.542045e+00  2.832461e+00  1.541835e+00  2.832790e+00  1.677400e+00  2.233201e+00  
   4.2488298  1.476985e+00  2.931738e+00  1.476743e+00  2.932065e+00  1.653208e+00  2.324499e+00  
   4.2698302  1.399279e+00  3.030218e+00  1.399001e+00  3.030537e+00  1.617655e+00  2.420264e+00  
   4.2908301  1.308749e+00  3.126033e+00  1.308433e+00  3.126341e+00  1.569430e+00  2.518755e+00  
   4.3108301  1.210719e+00  3.213078e+00  1.210368e+00  3.213371e+00  1.510839e+00  2.613213e+00  
   4.3318300  1.095787e+00  3.298236e+00  1.095399e+00  3.298509e+00  1.435509e+00  2.710859e+00  
   4.3528299  9.692534e-01  3.375188e+00  9.688274e-01  3.375438e+00  1.345995e+00  2.804506e+00  
   4.3738298  8.320829e-01  3.442166e+00  8.316219e-01  3.442392e+00  1.242794e+00  2.891645e+00  
   4.3948302  6.854885e-01  3.497518e+00  6.849948e-01  3.497719e+00  1.126941e+00  2.969840e+00  
   4.4158301  5.309233e-01  3.539735e+00  5.304004e-01  3.539909e+00  1.000000e+00  3.036860e+00  
   4.4358301  3.778198e-01  3.566510e+00  3.772728e-01  3.566661e+00  8.706328e-01  3.088551e+00  
   4.4568300  2.126395e-01  3.579448e+00  2.120723e-01  3.579573e+00  7.281812e-01  3.128650e+00  
   4.4778299  4.490786e-02  3.575982e+00  4.432628e-02  3.576085e+00  5.815268e-01  3.153239e+00  
   4.4988298  -1.232280e-01  3.555540e+00  -1.238176e-01  3.555619e+00  4.334011e-01  3.161854e+00  
   4.5198302  -2.895228e-01  3.517878e+00  -2.901134e-01  3.517937e+00  2.865103e-01  3.154572e+00  
   4.5408301  -4.516657e-01  3.463142e+00  -4.522502e-01  3.463181e+00  1.434174e-01  3.131993e+00  
   4.5608301  -6.001288e-01  3.395635e+00  -6.007007e-01  3.395658e+00  1.276249e-02  3.097235e+00  
   4.5818300  -7.476218e-01  3.309540e+00  -7.481734e-01  3.309546e+00  -1.166555e-01  3.048195e+00  
   4.6034298  -8.882157e-01  3.206175e+00  -8.887401e-01  3.206165e+00  -2.398840e-01  2.986118e+00  
   4.6234298  -1.006635e+00  3.098762e+00  -1.007128e+00  3.098737e+00  -3.440205e-01  2.919883e+00  
   4.6444302  -1.117344e+00  2.975949e+00  -1.117801e+00  2.975912e+00  -4.424106e-01  2.843172e+00  
   4.6654301  -1.212995e+00  2.845265e+00  -1.213412e+00  2.845215e+00  -5.293190e-01  2.761032e+00  
   4.6864300  -1.292930e+00  2.709317e+00  -1.293305e+00  2.709255e+00  -6.048340e-01  2.675315e+00  
   4.7074299  -1.356975e+00  2.570785e+00  -1.357307e+00  2.570713e+00  -6.693299e-01  2.587721e+00  
   4.7274299  -1.403474e+00  2.438845e+00  -1.403766e+00  2.438765e+00  -7.210529e-01  2.503945e+00  
   4.7484298  -1.437792e+00  2.302654e+00  -1.438044e+00  2.302565e+00  -7.658920e-01  2.416869e+00  
   4.7694302  -1.458365e+00  2.171001e+00  -1.458578e+00  2.170905e+00  -8.018619e-01  2.331790e+00  
   4.7904301  -1.466621e+00  2.045710e+00  -1.466799e+00  2.045609e+00  -8.298526e-01  2.249608e+00  
   4.8114300  -1.464193e+00  1.928192e+00  -1.464338e+00  1.928086e+00  -8.507671e-01  2.171019e+00  
   4.8324299  -1.452819e+00  1.819440e+00  -1.452934e+00  1.819329e+00  -8.654888e-01  2.096541e+00  
   4.8524299  -1.435261e+00  1.724555e+00  -1.435351e+00  1.724440e+00  -8.745244e-01  2.029757e+00  
   4.8734298  -1.411369e+00  1.634263e+00  -1.411436e+00  1.634143e+00  -8.795376e-01  1.964192e+00  
   4.8944302  -1.383400e+00  1.553448e+00  -1.383446e+00  1.553324e+00  -8.806881e-01  1.903384e+00  
   4.9154301  -1.352715e+00  1.481777e+00  -1.352742e+00  1.481648e+00  -8.786412e-01  1.847323e+00  
   4.9364300  -1.320475e+00  1.418724e+00  -1.320486e+00  1.418590e+00  -8.739952e-01  1.795906e+00  
   4.9574299  -1.287638e+00  1.363641e+00  -1.287632e+00  1.363502e+00  -8.672804e-01  1.748966e+00  
   4.9774299  -1.256506e+00  1.317932e+00  -1.256486e+00  1.317788e+00  -8.593878e-01  1.708224e+00  
   4.9984298  -1.224526e+00  1.276311e+00  -1.224492e+00  1.276162e+00  -8.499143e-01  1.669359e+00  
