w Re-xx Im-xx Re-yy Im-yy Re-zz Im-zz
# Gaussian absolute broadening  0.15 [eV]
   0.0000000  7.676679e-01  8.816410e-05  7.676718e-01  8.816410e-05  7.260163e-01  7.919635e-05  
   0.0200000  7.677674e-01  9.435675e-05  7.677714e-01  9.435676e-05  7.261059e-01  8.475731e-05  
   0.0410000  7.678860e-01  1.014135e-04  7.678900e-01  1.014135e-04  7.262121e-01  9.109393e-05  
   0.0620000  7.680211e-01  1.090742e-04  7.680250e-01  1.090742e-04  7.263334e-01  9.797262e-05  
   0.0830000  7.681744e-01  1.173728e-04  7.681783e-01  1.173728e-04  7.264713e-01  1.054238e-04  
   0.1040000  7.683481e-01  1.263385e-04  7.683523e-01  1.263386e-04  7.266278e-01  1.134735e-04  
   0.1240000  7.685348e-01  1.355189e-04  7.685385e-01  1.355189e-04  7.267950e-01  1.217155e-04  
   0.1450000  7.687548e-01  1.458469e-04  7.687590e-01  1.458470e-04  7.269927e-01  1.309874e-04  
   0.1660000  7.690020e-01  1.568869e-04  7.690058e-01  1.568871e-04  7.272145e-01  1.408977e-04  
   0.1870000  7.692782e-01  1.686354e-04  7.692822e-01  1.686356e-04  7.274628e-01  1.514432e-04  
   0.2080000  7.695856e-01  1.810777e-04  7.695895e-01  1.810780e-04  7.277389e-01  1.626107e-04  
   0.2290000  7.699257e-01  1.941889e-04  7.699296e-01  1.941893e-04  7.280443e-01  1.743773e-04  
   0.2490000  7.702820e-01  2.072654e-04  7.702860e-01  2.072659e-04  7.283641e-01  1.861116e-04  
   0.2700000  7.706909e-01  2.215729e-04  7.706948e-01  2.215736e-04  7.287313e-01  1.989493e-04  
   0.2910000  7.711365e-01  2.364227e-04  7.711405e-01  2.364238e-04  7.291313e-01  2.122719e-04  
   0.3120000  7.716197e-01  2.517612e-04  7.716236e-01  2.517626e-04  7.295654e-01  2.260309e-04  
   0.3330000  7.721409e-01  2.675334e-04  7.721450e-01  2.675354e-04  7.300333e-01  2.401768e-04  
   0.3540000  7.727004e-01  2.836861e-04  7.727044e-01  2.836886e-04  7.305357e-01  2.546615e-04  
   0.3740000  7.732694e-01  2.993778e-04  7.732735e-01  2.993811e-04  7.310461e-01  2.687304e-04  
   0.3950000  7.739039e-01  3.161353e-04  7.739081e-01  3.161395e-04  7.316158e-01  2.837518e-04  
   0.4160000  7.745766e-01  3.331430e-04  7.745808e-01  3.331483e-04  7.322194e-01  2.989942e-04  
   0.4374300  7.753032e-01  3.507255e-04  7.753077e-01  3.507321e-04  7.328718e-01  3.147481e-04  
   0.4574300  7.760170e-01  3.673183e-04  7.760213e-01  3.673262e-04  7.335121e-01  3.296114e-04  
   0.4784300  7.768035e-01  3.849144e-04  7.768079e-01  3.849239e-04  7.342180e-01  3.453695e-04  
   0.4994300  7.776282e-01  4.026767e-04  7.776325e-01  4.026878e-04  7.349579e-01  3.612719e-04  
   0.5204300  7.784911e-01  4.205979e-04  7.784956e-01  4.206108e-04  7.357320e-01  3.773118e-04  
   0.5414300  7.793922e-01  4.386745e-04  7.793968e-01  4.386891e-04  7.365404e-01  3.934858e-04  
   0.5614300  7.802863e-01  4.560350e-04  7.802910e-01  4.560511e-04  7.373425e-01  4.090139e-04  
   0.5824300  7.812631e-01  4.744167e-04  7.812676e-01  4.744343e-04  7.382182e-01  4.254503e-04  
   0.6034300  7.822783e-01  4.929588e-04  7.822830e-01  4.929780e-04  7.391288e-01  4.420243e-04  
   0.6244300  7.833333e-01  5.116667e-04  7.833379e-01  5.116874e-04  7.400746e-01  4.587404e-04  
   0.6454300  7.844276e-01  5.305458e-04  7.844324e-01  5.305674e-04  7.410559e-01  4.756031e-04  
   0.6664300  7.855623e-01  5.496020e-04  7.855672e-01  5.496244e-04  7.420726e-01  4.926177e-04  
   0.6864300  7.866799e-01  5.679215e-04  7.866846e-01  5.679448e-04  7.430742e-01  5.089680e-04  
   0.7074300  7.878931e-01  5.873431e-04  7.878980e-01  5.873668e-04  7.441616e-01  5.262952e-04  
   0.7284300  7.891472e-01  6.069622e-04  7.891521e-01  6.069862e-04  7.452853e-01  5.437917e-04  
   0.7494300  7.904429e-01  6.267866e-04  7.904478e-01  6.268109e-04  7.464460e-01  5.614636e-04  
   0.7704300  7.917802e-01  6.468233e-04  7.917854e-01  6.468477e-04  7.476439e-01  5.793172e-04  
   0.7914300  7.931601e-01  6.670807e-04  7.931650e-01  6.671055e-04  7.488796e-01  5.973592e-04  
   0.8114300  7.945135e-01  6.865858e-04  7.945186e-01  6.866109e-04  7.500914e-01  6.147241e-04  
   0.8324300  7.959770e-01  7.072978e-04  7.959820e-01  7.073233e-04  7.514016e-01  6.331551e-04  
   0.8540300  7.975281e-01  7.288584e-04  7.975335e-01  7.288846e-04  7.527900e-01  6.523323e-04  
   0.8740300  7.990060e-01  7.490630e-04  7.990112e-01  7.490899e-04  7.541126e-01  6.702949e-04  
   0.8950300  8.006014e-01  7.705365e-04  8.006070e-01  7.705643e-04  7.555400e-01  6.893764e-04  
   0.9160300  8.022420e-01  7.922851e-04  8.022473e-01  7.923140e-04  7.570078e-01  7.086928e-04  
   0.9370300  8.039287e-01  8.143188e-04  8.039342e-01  8.143491e-04  7.585163e-01  7.282529e-04  
   0.9580300  8.056616e-01  8.366487e-04  8.056673e-01  8.366806e-04  7.600661e-01  7.480655e-04  
   0.9780300  8.073566e-01  8.582016e-04  8.073623e-01  8.582345e-04  7.615812e-01  7.671786e-04  
   0.9990300  8.091826e-01  8.811422e-04  8.091884e-01  8.811767e-04  7.632134e-01  7.875117e-04  
   1.0200300  8.110573e-01  9.044129e-04  8.110633e-01  9.044490e-04  7.648888e-01  8.081258e-04  
   1.0410300  8.129815e-01  9.280255e-04  8.129875e-01  9.280628e-04  7.666081e-01  8.290310e-04  
   1.0620300  8.149559e-01  9.519914e-04  8.149620e-01  9.520302e-04  7.683716e-01  8.502366e-04  
   1.0830300  8.169810e-01  9.763231e-04  8.169871e-01  9.763634e-04  7.701800e-01  8.717538e-04  
   1.1030300  8.189573e-01  9.998487e-04  8.189635e-01  9.998897e-04  7.719445e-01  8.925451e-04  
   1.1240300  8.210836e-01  1.024932e-03  8.210899e-01  1.024975e-03  7.738423e-01  9.147006e-04  
   1.1450300  8.232630e-01  1.050420e-03  8.232695e-01  1.050464e-03  7.757870e-01  9.371998e-04  
   1.1660300  8.254965e-01  1.076328e-03  8.255029e-01  1.076372e-03  7.777796e-01  9.600536e-04  
   1.1870300  8.277847e-01  1.102667e-03  8.277913e-01  1.102713e-03  7.798204e-01  9.832743e-04  
   1.2080300  8.301286e-01  1.129455e-03  8.301352e-01  1.129503e-03  7.819102e-01  1.006876e-03  
   1.2280300  8.324131e-01  1.155398e-03  8.324200e-01  1.155447e-03  7.839466e-01  1.029717e-03  
   1.2490300  8.348682e-01  1.183107e-03  8.348750e-01  1.183158e-03  7.861343e-01  1.054098e-03  
   1.2706300  8.374552e-01  1.212127e-03  8.374621e-01  1.212180e-03  7.884387e-01  1.079615e-03  
   1.2906300  8.399062e-01  1.239482e-03  8.399134e-01  1.239538e-03  7.906215e-01  1.103652e-03  
   1.3116300  8.425397e-01  1.268728e-03  8.425469e-01  1.268786e-03  7.929662e-01  1.129333e-03  
   1.3326300  8.452345e-01  1.298526e-03  8.452420e-01  1.298587e-03  7.953646e-01  1.155481e-03  
   1.3536299  8.479926e-01  1.328900e-03  8.480003e-01  1.328963e-03  7.978184e-01  1.182115e-03  
   1.3746300  8.508154e-01  1.359869e-03  8.508231e-01  1.359936e-03  8.003289e-01  1.209251e-03  
   1.3946300  8.535649e-01  1.389939e-03  8.535728e-01  1.390008e-03  8.027734e-01  1.235581e-03  
   1.4156300  8.565171e-01  1.422138e-03  8.565254e-01  1.422211e-03  8.053976e-01  1.263754e-03  
   1.4366300  8.595379e-01  1.455002e-03  8.595462e-01  1.455078e-03  8.080816e-01  1.292489e-03  
   1.4576300  8.626288e-01  1.488557e-03  8.626372e-01  1.488636e-03  8.108265e-01  1.321804e-03  
   1.4786299  8.657910e-01  1.522827e-03  8.657998e-01  1.522909e-03  8.136342e-01  1.351721e-03  
   1.4996300  8.690262e-01  1.557841e-03  8.690349e-01  1.557926e-03  8.165054e-01  1.382264e-03  
   1.5196300  8.721762e-01  1.591904e-03  8.721851e-01  1.591991e-03  8.192998e-01  1.411954e-03  
   1.5406300  8.755580e-01  1.628449e-03  8.755670e-01  1.628540e-03  8.222987e-01  1.443785e-03  
   1.5616300  8.790172e-01  1.665825e-03  8.790267e-01  1.665919e-03  8.253651e-01  1.476313e-03  
   1.5826300  8.825560e-01  1.704061e-03  8.825656e-01  1.704157e-03  8.285005e-01  1.509564e-03  
   1.6036299  8.861761e-01  1.743192e-03  8.861856e-01  1.743291e-03  8.317066e-01  1.543568e-03  
   1.6246300  8.898790e-01  1.783253e-03  8.898888e-01  1.783356e-03  8.349847e-01  1.578355e-03  
   1.6446300  8.934840e-01  1.822305e-03  8.934943e-01  1.822410e-03  8.381749e-01  1.612243e-03  
   1.6656300  8.973544e-01  1.864291e-03  8.973648e-01  1.864399e-03  8.415983e-01  1.648656e-03  
   1.6872300  9.014288e-01  1.908569e-03  9.014395e-01  1.908681e-03  8.452004e-01  1.687037e-03  
   1.7072300  9.052870e-01  1.950597e-03  9.052980e-01  1.950712e-03  8.486100e-01  1.723453e-03  
   1.7282300  9.094301e-01  1.995837e-03  9.094414e-01  1.995955e-03  8.522691e-01  1.762643e-03  
   1.7492300  9.136691e-01  2.042262e-03  9.136803e-01  2.042384e-03  8.560114e-01  1.802858e-03  
   1.7702301  9.180065e-01  2.089928e-03  9.180180e-01  2.090054e-03  8.598386e-01  1.844155e-03  
   1.7912300  9.224458e-01  2.138887e-03  9.224576e-01  2.139017e-03  8.637536e-01  1.886594e-03  
   1.8112299  9.267704e-01  2.186774e-03  9.267828e-01  2.186909e-03  8.675659e-01  1.928134e-03  
   1.8322300  9.314162e-01  2.238435e-03  9.314287e-01  2.238575e-03  8.716585e-01  1.973001e-03  
   1.8532300  9.361719e-01  2.291578e-03  9.361846e-01  2.291723e-03  8.758460e-01  2.019225e-03  
   1.8742300  9.410414e-01  2.346275e-03  9.410545e-01  2.346424e-03  8.801312e-01  2.066892e-03  
   1.8952301  9.460273e-01  2.402599e-03  9.460408e-01  2.402755e-03  8.845168e-01  2.116095e-03  
   1.9162300  9.511339e-01  2.460634e-03  9.511474e-01  2.460796e-03  8.890049e-01  2.166935e-03  
   1.9362299  9.561117e-01  2.517577e-03  9.561255e-01  2.517744e-03  8.933776e-01  2.216975e-03  
   1.9572300  9.614622e-01  2.579213e-03  9.614764e-01  2.579386e-03  8.980749e-01  2.271333e-03  
   1.9782300  9.669445e-01  2.642842e-03  9.669591e-01  2.643024e-03  9.028845e-01  2.327678e-03  
   1.9992300  9.725617e-01  2.708580e-03  9.725764e-01  2.708766e-03  9.078092e-01  2.386148e-03  
   2.0202301  9.783181e-01  2.776550e-03  9.783334e-01  2.776745e-03  9.128527e-01  2.446899e-03  
   2.0412300  9.842188e-01  2.846889e-03  9.842346e-01  2.847091e-03  9.180182e-01  2.510101e-03  
   2.0612299  9.899761e-01  2.916218e-03  9.899924e-01  2.916427e-03  9.230548e-01  2.572741e-03  
   2.0822301  9.961715e-01  2.991630e-03  9.961879e-01  2.991847e-03  9.284708e-01  2.641285e-03  
   2.1038301  1.002710e+00  3.072186e-03  1.002727e+00  3.072411e-03  9.341817e-01  2.714985e-03  
   2.1238301  1.008919e+00  3.149663e-03  1.008937e+00  3.149898e-03  9.395999e-01  2.786352e-03  
   2.1448300  1.015605e+00  3.234220e-03  1.015623e+00  3.234464e-03  9.454298e-01  2.864785e-03  
   2.1658299  1.022468e+00  3.322300e-03  1.022486e+00  3.322552e-03  9.514076e-01  2.947090e-03  
   2.1868300  1.029514e+00  3.414175e-03  1.029533e+00  3.414437e-03  9.575400e-01  3.033578e-03  
   2.2078300  1.036751e+00  3.510131e-03  1.036770e+00  3.510404e-03  9.638315e-01  3.124574e-03  
   2.2278299  1.043828e+00  3.605612e-03  1.043847e+00  3.605896e-03  9.699771e-01  3.215741e-03  
   2.2488301  1.051459e+00  3.710500e-03  1.051479e+00  3.710794e-03  9.765977e-01  3.316533e-03  
   2.2698300  1.059304e+00  3.820505e-03  1.059324e+00  3.820812e-03  9.833951e-01  3.422868e-03  
   2.2908299  1.067372e+00  3.936055e-03  1.067393e+00  3.936372e-03  9.903781e-01  3.535120e-03  
   2.3118300  1.075672e+00  4.057604e-03  1.075694e+00  4.057937e-03  9.975525e-01  3.653677e-03  
   2.3328300  1.084216e+00  4.185653e-03  1.084238e+00  4.185999e-03  1.004927e+00  3.778933e-03  
   2.3528299  1.092586e+00  4.314160e-03  1.092609e+00  4.314520e-03  1.012143e+00  3.904842e-03  
   2.3738301  1.101633e+00  4.456554e-03  1.101657e+00  4.456932e-03  1.019932e+00  4.044429e-03  
   2.3948300  1.110956e+00  4.607262e-03  1.110980e+00  4.607656e-03  1.027945e+00  4.192060e-03  
   2.4158299  1.120567e+00  4.767032e-03  1.120592e+00  4.767444e-03  1.036194e+00  4.348274e-03  
   2.4368300  1.130481e+00  4.936706e-03  1.130507e+00  4.937137e-03  1.044688e+00  4.513674e-03  
   2.4578300  1.140713e+00  5.117221e-03  1.140740e+00  5.117674e-03  1.053441e+00  4.688928e-03  
   2.4778299  1.150768e+00  5.300194e-03  1.150796e+00  5.300671e-03  1.062027e+00  4.865693e-03  
   2.4988301  1.161668e+00  5.505090e-03  1.161697e+00  5.505594e-03  1.071318e+00  5.062468e-03  
   2.5204301  1.173267e+00  5.730927e-03  1.173297e+00  5.731462e-03  1.081186e+00  5.277827e-03  
   2.5404301  1.184377e+00  5.955175e-03  1.184408e+00  5.955742e-03  1.090617e+00  5.490002e-03  
   2.5614300  1.196446e+00  6.208122e-03  1.196478e+00  6.208725e-03  1.100843e+00  5.727267e-03  
   2.5824299  1.208955e+00  6.481152e-03  1.208988e+00  6.481797e-03  1.111415e+00  5.980861e-03  
   2.6034300  1.221933e+00  6.776923e-03  1.221968e+00  6.777619e-03  1.122359e+00  6.252595e-03  
   2.6244299  1.235410e+00  7.098658e-03  1.235445e+00  7.099406e-03  1.133692e+00  6.544614e-03  
   2.6444299  1.248741e+00  7.432881e-03  1.248778e+00  7.433690e-03  1.144873e+00  6.844002e-03  
   2.6654301  1.263297e+00  7.817873e-03  1.263335e+00  7.818752e-03  1.157045e+00  7.183811e-03  
   2.6864300  1.278466e+00  8.244149e-03  1.278506e+00  8.245103e-03  1.169690e+00  7.553701e-03  
   2.7074299  1.294298e+00  8.720225e-03  1.294340e+00  8.721271e-03  1.182840e+00  7.958870e-03  
   2.7284300  1.310847e+00  9.257464e-03  1.310891e+00  9.258620e-03  1.196535e+00  8.406046e-03  
   2.7494299  1.328175e+00  9.871123e-03  1.328220e+00  9.872405e-03  1.210816e+00  8.903987e-03  
   2.7694299  1.345466e+00  1.054548e-02  1.345514e+00  1.054690e-02  1.225003e+00  9.435895e-03  
   2.7904301  1.364525e+00  1.137473e-02  1.364574e+00  1.137634e-02  1.240568e+00  1.006938e-02  
   2.8114300  1.384595e+00  1.236511e-02  1.384647e+00  1.236694e-02  1.256872e+00  1.079899e-02  
   2.8324299  1.405776e+00  1.356702e-02  1.405830e+00  1.356913e-02  1.273983e+00  1.165040e-02  
   2.8534300  1.428173e+00  1.504766e-02  1.428231e+00  1.505013e-02  1.291972e+00  1.265706e-02  
   2.8744299  1.451905e+00  1.689546e-02  1.451966e+00  1.689840e-02  1.310920e+00  1.386231e-02  
   2.8944299  1.475860e+00  1.910134e-02  1.475924e+00  1.910486e-02  1.329935e+00  1.524571e-02  
   2.9154301  1.502553e+00  2.202584e-02  1.502621e+00  2.203013e-02  1.351012e+00  1.701369e-02  
   2.9370301  1.531785e+00  2.587309e-02  1.531857e+00  2.587841e-02  1.373981e+00  1.926218e-02  
   2.9570301  1.560561e+00  3.040348e-02  1.560637e+00  3.041001e-02  1.396514e+00  2.183785e-02  
   2.9780300  1.592635e+00  3.642241e-02  1.592716e+00  3.643056e-02  1.421585e+00  2.518779e-02  
   2.9990301  1.626676e+00  4.404376e-02  1.626762e+00  4.405394e-02  1.448204e+00  2.936606e-02  
   3.0200300  1.662698e+00  5.362638e-02  1.662789e+00  5.363907e-02  1.476464e+00  3.457709e-02  
   3.0410299  1.700659e+00  6.556909e-02  1.700755e+00  6.558486e-02  1.506444e+00  4.106410e-02  
   3.0610299  1.738508e+00  7.952932e-02  1.738608e+00  7.954856e-02  1.536642e+00  4.868779e-02  
   3.0820301  1.779832e+00  9.732950e-02  1.779937e+00  9.735302e-02  1.570092e+00  5.852146e-02  
   3.1030300  1.822482e+00  1.187806e-01  1.822591e+00  1.188090e-01  1.605289e+00  7.058369e-02  
   3.1240301  1.866056e+00  1.442954e-01  1.866169e+00  1.443294e-01  1.642132e+00  8.526706e-02  
   3.1450300  1.910047e+00  1.742311e-01  1.910161e+00  1.742712e-01  1.680439e+00  1.029842e-01  
   3.1660299  1.953852e+00  2.088629e-01  1.953970e+00  2.089097e-01  1.719940e+00  1.241532e-01  
   3.1860299  1.994781e+00  2.463635e-01  1.994899e+00  2.464170e-01  1.758328e+00  1.478923e-01  
   3.2070301  2.036221e+00  2.905162e-01  2.036337e+00  2.905768e-01  1.798983e+00  1.769243e-01  
   3.2280300  2.075346e+00  3.394485e-01  2.075460e+00  3.395163e-01  1.839422e+00  2.104540e-01  
   3.2490301  2.111415e+00  3.928890e-01  2.111524e+00  3.929639e-01  1.878974e+00  2.486825e-01  
   3.2700300  2.143739e+00  4.504075e-01  2.143842e+00  4.504890e-01  1.916888e+00  2.916844e-01  
   3.2910299  2.171724e+00  5.114309e-01  2.171819e+00  5.115182e-01  1.952369e+00  3.393852e-01  
   3.3110299  2.193913e+00  5.721747e-01  2.194000e+00  5.722671e-01  1.983157e+00  3.889630e-01  
   3.3320301  2.212221e+00  6.379691e-01  2.212298e+00  6.380661e-01  2.011581e+00  4.449761e-01  
   3.3536301  2.225570e+00  7.069459e-01  2.225636e+00  7.070463e-01  2.035914e+00  5.062055e-01  
   3.3736300  2.232997e+00  7.712252e-01  2.233053e+00  7.713283e-01  2.053455e+00  5.654684e-01  
   3.3946300  2.235882e+00  8.383971e-01  2.235926e+00  8.385023e-01  2.066294e+00  6.294996e-01  
   3.4156301  2.234066e+00  9.045672e-01  2.234099e+00  9.046740e-01  2.073179e+00  6.944236e-01  
   3.4366300  2.228005e+00  9.691677e-01  2.228027e+00  9.692756e-01  2.074087e+00  7.592214e-01  
   3.4576299  2.218228e+00  1.031772e+00  2.218239e+00  1.031881e+00  2.069216e+00  8.228861e-01  
   3.4776299  2.205976e+00  1.089285e+00  2.205978e+00  1.089395e+00  2.059582e+00  8.816032e-01  
   3.4986300  2.190555e+00  1.147324e+00  2.190547e+00  1.147435e+00  2.044802e+00  9.404505e-01  
   3.5196300  2.173014e+00  1.202940e+00  2.172997e+00  1.203053e+00  2.025997e+00  9.957726e-01  
   3.5406301  2.153787e+00  1.256219e+00  2.153763e+00  1.256334e+00  2.004040e+00  1.047107e+00  
   3.5616300  2.133219e+00  1.307307e+00  2.133188e+00  1.307424e+00  1.979855e+00  1.094213e+00  
   3.5826299  2.111557e+00  1.356381e+00  2.111519e+00  1.356500e+00  1.954364e+00  1.137075e+00  
   3.6026299  2.090057e+00  1.401404e+00  2.090014e+00  1.401524e+00  1.929657e+00  1.174129e+00  
   3.6236300  2.066659e+00  1.447012e+00  2.066610e+00  1.447134e+00  1.903975e+00  1.209440e+00  
   3.6446300  2.042465e+00  1.490999e+00  2.042412e+00  1.491121e+00  1.879142e+00  1.241570e+00  
   3.6656301  2.017514e+00  1.533392e+00  2.017457e+00  1.533515e+00  1.855571e+00  1.271115e+00  
   3.6866300  1.991861e+00  1.574160e+00  1.991801e+00  1.574280e+00  1.833491e+00  1.298694e+00  
   3.7076299  1.965607e+00  1.613220e+00  1.965546e+00  1.613338e+00  1.812963e+00  1.324901e+00  
   3.7276299  1.940202e+00  1.648739e+00  1.940139e+00  1.648853e+00  1.794776e+00  1.349053e+00  
   3.7486300  1.913344e+00  1.684165e+00  1.913282e+00  1.684275e+00  1.776943e+00  1.373948e+00  
   3.7702301  1.885874e+00  1.718533e+00  1.885813e+00  1.718638e+00  1.759710e+00  1.399338e+00  
   3.7902300  1.860964e+00  1.748471e+00  1.860906e+00  1.748572e+00  1.744547e+00  1.422775e+00  
   3.8112299  1.835815e+00  1.778034e+00  1.835760e+00  1.778131e+00  1.729278e+00  1.447329e+00  
   3.8322301  1.812200e+00  1.805871e+00  1.812150e+00  1.805965e+00  1.714597e+00  1.471759e+00  
   3.8532300  1.790634e+00  1.832311e+00  1.790589e+00  1.832405e+00  1.700533e+00  1.495957e+00  
   3.8742299  1.771601e+00  1.857828e+00  1.771561e+00  1.857924e+00  1.687241e+00  1.519823e+00  
   3.8942299  1.756203e+00  1.881834e+00  1.756169e+00  1.881934e+00  1.675546e+00  1.542203e+00  
   3.9152300  1.743184e+00  1.907449e+00  1.743154e+00  1.907556e+00  1.664618e+00  1.565388e+00  
   3.9362299  1.733529e+00  1.934332e+00  1.733504e+00  1.934450e+00  1.655474e+00  1.588432e+00  
   3.9572301  1.727195e+00  1.963434e+00  1.727173e+00  1.963566e+00  1.648526e+00  1.611678e+00  
   3.9782300  1.723916e+00  1.995745e+00  1.723896e+00  1.995896e+00  1.644136e+00  1.635625e+00  
   3.9992299  1.723191e+00  2.032257e+00  1.723170e+00  2.032428e+00  1.642566e+00  1.660926e+00  
   4.0192299  1.724199e+00  2.071793e+00  1.724175e+00  2.071985e+00  1.643796e+00  1.687005e+00  
   4.0402298  1.726103e+00  2.119097e+00  1.726074e+00  2.119315e+00  1.647871e+00  1.717317e+00  
   4.0612302  1.727704e+00  2.172991e+00  1.727667e+00  2.173234e+00  1.654499e+00  1.751557e+00  
   4.0822301  1.727635e+00  2.233916e+00  1.727588e+00  2.234183e+00  1.663120e+00  1.790672e+00  
   4.1032300  1.724394e+00  2.302062e+00  1.724333e+00  2.302354e+00  1.672910e+00  1.835557e+00  
   4.1242299  1.716400e+00  2.377333e+00  1.716324e+00  2.377646e+00  1.682780e+00  1.887001e+00  
   4.1442299  1.702907e+00  2.455276e+00  1.702815e+00  2.455608e+00  1.691029e+00  1.942651e+00  
   4.1652298  1.681083e+00  2.543012e+00  1.680973e+00  2.543360e+00  1.696988e+00  2.008440e+00  
   4.1868300  1.648969e+00  2.638538e+00  1.648838e+00  2.638896e+00  1.698442e+00  2.084071e+00  
   4.2068300  1.609311e+00  2.730595e+00  1.609161e+00  2.730958e+00  1.693841e+00  2.161071e+00  
   4.2278299  1.556389e+00  2.829566e+00  1.556219e+00  2.829928e+00  1.681050e+00  2.248532e+00  
   4.2488298  1.491142e+00  2.929291e+00  1.490952e+00  2.929648e+00  1.658325e+00  2.341770e+00  
   4.2698302  1.413068e+00  3.028009e+00  1.412858e+00  3.028353e+00  1.624022e+00  2.439377e+00  
   4.2908301  1.321969e+00  3.123873e+00  1.321739e+00  3.124198e+00  1.576756e+00  2.539557e+00  
   4.3108301  1.223195e+00  3.210811e+00  1.222946e+00  3.211114e+00  1.518753e+00  2.635427e+00  
   4.3318300  1.107253e+00  3.295732e+00  1.106984e+00  3.296004e+00  1.443652e+00  2.734293e+00  
   4.3528299  9.794638e-01  3.372354e+00  9.791762e-01  3.372590e+00  1.353937e+00  2.828833e+00  
   4.3738298  8.407965e-01  3.438954e+00  8.404894e-01  3.439149e+00  1.250095e+00  2.916477e+00  
   4.3948302  6.924745e-01  3.493924e+00  6.921481e-01  3.494076e+00  1.133173e+00  2.994741e+00  
   4.4158301  5.359764e-01  3.535797e+00  5.356314e-01  3.535903e+00  1.004773e+00  3.061349e+00  
   4.4358301  3.808742e-01  3.562323e+00  3.805127e-01  3.562381e+00  8.737056e-01  3.112184e+00  
   4.4568300  2.134753e-01  3.575112e+00  2.130976e-01  3.575118e+00  7.292141e-01  3.150890e+00  
   4.4778299  4.345349e-02  3.571643e+00  4.306220e-02  3.571599e+00  5.803450e-01  3.173603e+00  
   4.4988298  -1.269869e-01  3.551364e+00  -1.273885e-01  3.551269e+00  4.299226e-01  3.179901e+00  
   4.5198302  -2.955442e-01  3.514043e+00  -2.959518e-01  3.513901e+00  2.807474e-01  3.169933e+00  
   4.5408301  -4.598537e-01  3.459820e+00  -4.602624e-01  3.459633e+00  1.354703e-01  3.144393e+00  
   4.5608301  -6.102468e-01  3.392954e+00  -6.106514e-01  3.392727e+00  2.900480e-03  3.106656e+00  
   4.5818300  -7.595859e-01  3.307660e+00  -7.599802e-01  3.307397e+00  -1.282922e-01  3.054436e+00  
   4.6034298  -9.018497e-01  3.205223e+00  -9.022272e-01  3.204928e+00  -2.530417e-01  2.989159e+00  
   4.6234298  -1.021582e+00  3.098719e+00  -1.021938e+00  3.098401e+00  -3.582783e-01  2.920134e+00  
   4.6444302  -1.133408e+00  2.976871e+00  -1.133738e+00  2.976534e+00  -4.574842e-01  2.840768e+00  
   4.6654301  -1.229892e+00  2.847111e+00  -1.230191e+00  2.846764e+00  -5.448534e-01  2.756342e+00  
   4.6864300  -1.310370e+00  2.712008e+00  -1.310634e+00  2.711655e+00  -6.204775e-01  2.668760e+00  
   4.7074299  -1.374663e+00  2.574205e+00  -1.374892e+00  2.573853e+00  -6.847444e-01  2.579761e+00  
   4.7274299  -1.421130e+00  2.442829e+00  -1.421324e+00  2.442482e+00  -7.359541e-01  2.495080e+00  
   4.7484298  -1.455143e+00  2.307081e+00  -1.455300e+00  2.306745e+00  -7.799714e-01  2.407495e+00  
   4.7694302  -1.475149e+00  2.175717e+00  -1.475271e+00  2.175396e+00  -8.148617e-01  2.322324e+00  
   4.7904301  -1.482599e+00  2.050572e+00  -1.482688e+00  2.050269e+00  -8.415524e-01  2.240419e+00  
   4.8114300  -1.479155e+00  1.933073e+00  -1.479214e+00  1.932789e+00  -8.609858e-01  2.162419e+00  
   4.8324299  -1.466587e+00  1.824238e+00  -1.466617e+00  1.823973e+00  -8.740861e-01  2.088777e+00  
   4.8524299  -1.447759e+00  1.729202e+00  -1.447764e+00  1.728955e+00  -8.814844e-01  2.022962e+00  
   4.8734298  -1.422426e+00  1.638701e+00  -1.422408e+00  1.638473e+00  -8.847179e-01  1.958540e+00  
   4.8944302  -1.392939e+00  1.557650e+00  -1.392900e+00  1.557440e+00  -8.840615e-01  1.898951e+00  
   4.9154301  -1.360691e+00  1.485737e+00  -1.360633e+00  1.485542e+00  -8.802124e-01  1.844138e+00  
   4.9364300  -1.326869e+00  1.422449e+00  -1.326794e+00  1.422268e+00  -8.737962e-01  1.793964e+00  
   4.9574299  -1.292456e+00  1.367150e+00  -1.292364e+00  1.366981e+00  -8.653650e-01  1.748232e+00  
   4.9774299  -1.259845e+00  1.321260e+00  -1.259739e+00  1.321100e+00  -8.559029e-01  1.708587e+00  
   4.9984298  -1.226350e+00  1.279476e+00  -1.226229e+00  1.279323e+00  -8.448616e-01  1.670806e+00  
