w Re-xx Im-xx Re-yy Im-yy Re-zz Im-zz
# Gaussian absolute broadening  0.15 [eV]
   0.0000000  7.685795e-01  8.840657e-05  7.685869e-01  8.840950e-05  7.246966e-01  7.883690e-05  
   0.0200000  7.686796e-01  9.461765e-05  7.686868e-01  9.462114e-05  7.247857e-01  8.437157e-05  
   0.0410000  7.687986e-01  1.016954e-04  7.688057e-01  1.016995e-04  7.248917e-01  9.067827e-05  
   0.0620000  7.689338e-01  1.093790e-04  7.689410e-01  1.093839e-04  7.250125e-01  9.752453e-05  
   0.0830000  7.690875e-01  1.177024e-04  7.690948e-01  1.177082e-04  7.251495e-01  1.049405e-04  
   0.1040000  7.692619e-01  1.266951e-04  7.692694e-01  1.267018e-04  7.253051e-01  1.129524e-04  
   0.1240000  7.694491e-01  1.359030e-04  7.694566e-01  1.359107e-04  7.254716e-01  1.211555e-04  
   0.1450000  7.696696e-01  1.462622e-04  7.696769e-01  1.462711e-04  7.256685e-01  1.303836e-04  
   0.1660000  7.699175e-01  1.573355e-04  7.699248e-01  1.573457e-04  7.258893e-01  1.402471e-04  
   0.1870000  7.701946e-01  1.691194e-04  7.702020e-01  1.691310e-04  7.261362e-01  1.507426e-04  
   0.2080000  7.705028e-01  1.815995e-04  7.705101e-01  1.816125e-04  7.264110e-01  1.618570e-04  
   0.2290000  7.708440e-01  1.947505e-04  7.708516e-01  1.947650e-04  7.267150e-01  1.735675e-04  
   0.2490000  7.712016e-01  2.078667e-04  7.712088e-01  2.078827e-04  7.270331e-01  1.852455e-04  
   0.2700000  7.716115e-01  2.222179e-04  7.716190e-01  2.222354e-04  7.273988e-01  1.980213e-04  
   0.2910000  7.720584e-01  2.371133e-04  7.720658e-01  2.371322e-04  7.277969e-01  2.112792e-04  
   0.3120000  7.725431e-01  2.524989e-04  7.725504e-01  2.525192e-04  7.282289e-01  2.249712e-04  
   0.3330000  7.730658e-01  2.683199e-04  7.730734e-01  2.683415e-04  7.286946e-01  2.390478e-04  
   0.3540000  7.736273e-01  2.845227e-04  7.736347e-01  2.845456e-04  7.291947e-01  2.534610e-04  
   0.3740000  7.741976e-01  3.002634e-04  7.742051e-01  3.002873e-04  7.297028e-01  2.674599e-04  
   0.3950000  7.748343e-01  3.170732e-04  7.748418e-01  3.170981e-04  7.302697e-01  2.824062e-04  
   0.4160000  7.755090e-01  3.341345e-04  7.755166e-01  3.341603e-04  7.308706e-01  2.975722e-04  
   0.4374300  7.762377e-01  3.517726e-04  7.762456e-01  3.517992e-04  7.315195e-01  3.132464e-04  
   0.4574300  7.769536e-01  3.684179e-04  7.769613e-01  3.684452e-04  7.321570e-01  3.280345e-04  
   0.4784300  7.777423e-01  3.860701e-04  7.777501e-01  3.860980e-04  7.328597e-01  3.437127e-04  
   0.4994300  7.785698e-01  4.038890e-04  7.785773e-01  4.039175e-04  7.335957e-01  3.595339e-04  
   0.5204300  7.794352e-01  4.218674e-04  7.794428e-01  4.218964e-04  7.343661e-01  3.754920e-04  
   0.5414300  7.803389e-01  4.400020e-04  7.803466e-01  4.400317e-04  7.351704e-01  3.915835e-04  
   0.5614300  7.812359e-01  4.574177e-04  7.812436e-01  4.574479e-04  7.359686e-01  4.070322e-04  
   0.5824300  7.822154e-01  4.758584e-04  7.822233e-01  4.758892e-04  7.368402e-01  4.233844e-04  
   0.6034300  7.832338e-01  4.944600e-04  7.832418e-01  4.944913e-04  7.377465e-01  4.398737e-04  
   0.6244300  7.842921e-01  5.132278e-04  7.842999e-01  5.132598e-04  7.386878e-01  4.565043e-04  
   0.6454300  7.853899e-01  5.321674e-04  7.853978e-01  5.321999e-04  7.396640e-01  4.732805e-04  
   0.6664300  7.865275e-01  5.512850e-04  7.865358e-01  5.513182e-04  7.406762e-01  4.902080e-04  
   0.6864300  7.876485e-01  5.696635e-04  7.876568e-01  5.696974e-04  7.416728e-01  5.064745e-04  
   0.7074300  7.888657e-01  5.891483e-04  7.888737e-01  5.891827e-04  7.427546e-01  5.237127e-04  
   0.7284300  7.901238e-01  6.088313e-04  7.901319e-01  6.088663e-04  7.438729e-01  5.411193e-04  
   0.7494300  7.914234e-01  6.287207e-04  7.914317e-01  6.287565e-04  7.450281e-01  5.586999e-04  
   0.7704300  7.927648e-01  6.488239e-04  7.927733e-01  6.488601e-04  7.462201e-01  5.764613e-04  
   0.7914300  7.941490e-01  6.691493e-04  7.941574e-01  6.691862e-04  7.474499e-01  5.944100e-04  
   0.8114300  7.955067e-01  6.887202e-04  7.955151e-01  6.887575e-04  7.486557e-01  6.116842e-04  
   0.8324300  7.969745e-01  7.095028e-04  7.969832e-01  7.095408e-04  7.499593e-01  6.300187e-04  
   0.8540300  7.985305e-01  7.311380e-04  7.985392e-01  7.311768e-04  7.513408e-01  6.490952e-04  
   0.8740300  8.000129e-01  7.514129e-04  8.000216e-01  7.514523e-04  7.526568e-01  6.669625e-04  
   0.8950300  8.016133e-01  7.729619e-04  8.016221e-01  7.730020e-04  7.540775e-01  6.859425e-04  
   0.9160300  8.032591e-01  7.947878e-04  8.032680e-01  7.948283e-04  7.555377e-01  7.051551e-04  
   0.9370300  8.049513e-01  8.169009e-04  8.049600e-01  8.169420e-04  7.570388e-01  7.246091e-04  
   0.9580300  8.066899e-01  8.393115e-04  8.066989e-01  8.393534e-04  7.585808e-01  7.443137e-04  
   0.9780300  8.083901e-01  8.609428e-04  8.083991e-01  8.609851e-04  7.600883e-01  7.633215e-04  
   0.9990300  8.102219e-01  8.839676e-04  8.102311e-01  8.840106e-04  7.617125e-01  7.835422e-04  
   1.0200300  8.121027e-01  9.073243e-04  8.121119e-01  9.073679e-04  7.633795e-01  8.040410e-04  
   1.0410300  8.140330e-01  9.310241e-04  8.140423e-01  9.310685e-04  7.650898e-01  8.248282e-04  
   1.0620300  8.160136e-01  9.550800e-04  8.160232e-01  9.551250e-04  7.668444e-01  8.459139e-04  
   1.0830300  8.180454e-01  9.795040e-04  8.180549e-01  9.795497e-04  7.686436e-01  8.673082e-04  
   1.1030300  8.200281e-01  1.003118e-03  8.200378e-01  1.003165e-03  7.703990e-01  8.879802e-04  
   1.1240300  8.221615e-01  1.028298e-03  8.221712e-01  1.028346e-03  7.722871e-01  9.100073e-04  
   1.1450300  8.243482e-01  1.053884e-03  8.243579e-01  1.053933e-03  7.742219e-01  9.323754e-04  
   1.1660300  8.265887e-01  1.079891e-03  8.265987e-01  1.079942e-03  7.762040e-01  9.550955e-04  
   1.1870300  8.288846e-01  1.106334e-03  8.288947e-01  1.106386e-03  7.782342e-01  9.781797e-04  
   1.2080300  8.312361e-01  1.133227e-03  8.312463e-01  1.133282e-03  7.803133e-01  1.001641e-03  
   1.2280300  8.335284e-01  1.159273e-03  8.335388e-01  1.159330e-03  7.823389e-01  1.024346e-03  
   1.2490300  8.359917e-01  1.187093e-03  8.360021e-01  1.187152e-03  7.845153e-01  1.048580e-03  
   1.2706300  8.385875e-01  1.216231e-03  8.385980e-01  1.216292e-03  7.868077e-01  1.073941e-03  
   1.2906300  8.410470e-01  1.243698e-03  8.410577e-01  1.243762e-03  7.889791e-01  1.097831e-03  
   1.3116300  8.436891e-01  1.273064e-03  8.436999e-01  1.273130e-03  7.913110e-01  1.123353e-03  
   1.3326300  8.463934e-01  1.302987e-03  8.464043e-01  1.303056e-03  7.936969e-01  1.149337e-03  
   1.3536299  8.491611e-01  1.333488e-03  8.491721e-01  1.333560e-03  7.961377e-01  1.175802e-03  
   1.3746300  8.519933e-01  1.364589e-03  8.520045e-01  1.364664e-03  7.986346e-01  1.202766e-03  
   1.3946300  8.547525e-01  1.394788e-03  8.547638e-01  1.394866e-03  8.010660e-01  1.228925e-03  
   1.4156300  8.577151e-01  1.427127e-03  8.577266e-01  1.427208e-03  8.036759e-01  1.256914e-03  
   1.4366300  8.607465e-01  1.460135e-03  8.607581e-01  1.460219e-03  8.063451e-01  1.285458e-03  
   1.4576300  8.638481e-01  1.493838e-03  8.638600e-01  1.493925e-03  8.090753e-01  1.314577e-03  
   1.4786299  8.670217e-01  1.528263e-03  8.670339e-01  1.528352e-03  8.118673e-01  1.344292e-03  
   1.4996300  8.702686e-01  1.563435e-03  8.702806e-01  1.563527e-03  8.147229e-01  1.374625e-03  
   1.5196300  8.734297e-01  1.597653e-03  8.734422e-01  1.597747e-03  8.175017e-01  1.404108e-03  
   1.5406300  8.768240e-01  1.634368e-03  8.768363e-01  1.634465e-03  8.204839e-01  1.435713e-03  
   1.5616300  8.802958e-01  1.671919e-03  8.803086e-01  1.672018e-03  8.235332e-01  1.468007e-03  
   1.5826300  8.838477e-01  1.710336e-03  8.838604e-01  1.710438e-03  8.266510e-01  1.501014e-03  
   1.6036299  8.874807e-01  1.749653e-03  8.874938e-01  1.749759e-03  8.298387e-01  1.534761e-03  
   1.6246300  8.911974e-01  1.789909e-03  8.912109e-01  1.790017e-03  8.330982e-01  1.569279e-03  
   1.6446300  8.948162e-01  1.829151e-03  8.948298e-01  1.829262e-03  8.362700e-01  1.602894e-03  
   1.6656300  8.987011e-01  1.871345e-03  8.987148e-01  1.871459e-03  8.396733e-01  1.639001e-03  
   1.6872300  9.027908e-01  1.915845e-03  9.028049e-01  1.915963e-03  8.432543e-01  1.677042e-03  
   1.7072300  9.066643e-01  1.958086e-03  9.066785e-01  1.958206e-03  8.466440e-01  1.713114e-03  
   1.7282300  9.108229e-01  2.003557e-03  9.108375e-01  2.003681e-03  8.502815e-01  1.751904e-03  
   1.7492300  9.150780e-01  2.050223e-03  9.150928e-01  2.050351e-03  8.540012e-01  1.791671e-03  
   1.7702301  9.194328e-01  2.098137e-03  9.194479e-01  2.098268e-03  8.578055e-01  1.832459e-03  
   1.7912300  9.238899e-01  2.147355e-03  9.239050e-01  2.147490e-03  8.616964e-01  1.874312e-03  
   1.8112299  9.282318e-01  2.195497e-03  9.282472e-01  2.195637e-03  8.654854e-01  1.915208e-03  
   1.8322300  9.328960e-01  2.247437e-03  9.329117e-01  2.247581e-03  8.695526e-01  1.959286e-03  
   1.8532300  9.376712e-01  2.300869e-03  9.376875e-01  2.301018e-03  8.737139e-01  2.004581e-03  
   1.8742300  9.425601e-01  2.355866e-03  9.425765e-01  2.356019e-03  8.779719e-01  2.051154e-03  
   1.8952301  9.475670e-01  2.412504e-03  9.475838e-01  2.412662e-03  8.823292e-01  2.099068e-03  
   1.9162300  9.526944e-01  2.470867e-03  9.527118e-01  2.471029e-03  8.867883e-01  2.148388e-03  
   1.9362299  9.576930e-01  2.528135e-03  9.577104e-01  2.528302e-03  8.911323e-01  2.196737e-03  
   1.9572300  9.630664e-01  2.590132e-03  9.630843e-01  2.590304e-03  8.957987e-01  2.249022e-03  
   1.9782300  9.685727e-01  2.654145e-03  9.685907e-01  2.654323e-03  9.005769e-01  2.302950e-03  
   1.9992300  9.742137e-01  2.720291e-03  9.742323e-01  2.720474e-03  9.054685e-01  2.358614e-03  
   2.0202301  9.799960e-01  2.788702e-03  9.800149e-01  2.788891e-03  9.104785e-01  2.416122e-03  
   2.0412300  9.859227e-01  2.859522e-03  9.859417e-01  2.859716e-03  9.156088e-01  2.475589e-03  
   2.0612299  9.917059e-01  2.929357e-03  9.917254e-01  2.929557e-03  9.206113e-01  2.534161e-03  
   2.0822301  9.979297e-01  3.005364e-03  9.979495e-01  3.005570e-03  9.259897e-01  2.597840e-03  
   2.1038301  1.004498e+00  3.086615e-03  1.004519e+00  3.086828e-03  9.316620e-01  2.665831e-03  
   2.1238301  1.010736e+00  3.164834e-03  1.010757e+00  3.165055e-03  9.370432e-01  2.731214e-03  
   2.1448300  1.017454e+00  3.250295e-03  1.017476e+00  3.250525e-03  9.428335e-01  2.802575e-03  
   2.1658299  1.024350e+00  3.339442e-03  1.024372e+00  3.339680e-03  9.487710e-01  2.876937e-03  
   2.1868300  1.031431e+00  3.432583e-03  1.031453e+00  3.432830e-03  9.548616e-01  2.954557e-03  
   2.2078300  1.038703e+00  3.530050e-03  1.038726e+00  3.530308e-03  9.611112e-01  3.035715e-03  
   2.2278299  1.045816e+00  3.627241e-03  1.045839e+00  3.627511e-03  9.672161e-01  3.116590e-03  
   2.2488301  1.053486e+00  3.734265e-03  1.053509e+00  3.734549e-03  9.737931e-01  3.205596e-03  
   2.2698300  1.061371e+00  3.846816e-03  1.061395e+00  3.847114e-03  9.805467e-01  3.299160e-03  
   2.2908299  1.069481e+00  3.965383e-03  1.069506e+00  3.965698e-03  9.874855e-01  3.397698e-03  
   2.3118300  1.077825e+00  4.090488e-03  1.077851e+00  4.090821e-03  9.946152e-01  3.501663e-03  
   2.3328300  1.086414e+00  4.222696e-03  1.086440e+00  4.223049e-03  1.001945e+00  3.611539e-03  
   2.3528299  1.094830e+00  4.355773e-03  1.094857e+00  4.356145e-03  1.009118e+00  3.722170e-03  
   2.3738301  1.103926e+00  4.503665e-03  1.103954e+00  4.504058e-03  1.016860e+00  3.845180e-03  
   2.3948300  1.113300e+00  4.660623e-03  1.113328e+00  4.661039e-03  1.024829e+00  3.975822e-03  
   2.4158299  1.122964e+00  4.827427e-03  1.122993e+00  4.827868e-03  1.033031e+00  4.114793e-03  
   2.4368300  1.132932e+00  5.004926e-03  1.132962e+00  5.005393e-03  1.041480e+00  4.262857e-03  
   2.4578300  1.143220e+00  5.194055e-03  1.143251e+00  5.194546e-03  1.050186e+00  4.420857e-03  
   2.4778299  1.153330e+00  5.385928e-03  1.153362e+00  5.386449e-03  1.058727e+00  4.581429e-03  
   2.4988301  1.164291e+00  5.600842e-03  1.164324e+00  5.601395e-03  1.067971e+00  4.761641e-03  
   2.5204301  1.175954e+00  5.837618e-03  1.175988e+00  5.838204e-03  1.077790e+00  4.960639e-03  
   2.5404301  1.187125e+00  6.072457e-03  1.187159e+00  6.073076e-03  1.087175e+00  5.158488e-03  
   2.5614300  1.199261e+00  6.336861e-03  1.199297e+00  6.337520e-03  1.097351e+00  5.381797e-03  
   2.5824299  1.211839e+00  6.621533e-03  1.211876e+00  6.622237e-03  1.107875e+00  5.622826e-03  
   2.6034300  1.224889e+00  6.928949e-03  1.224927e+00  6.929700e-03  1.118768e+00  5.883679e-03  
   2.6244299  1.238441e+00  7.262128e-03  1.238481e+00  7.262935e-03  1.130050e+00  6.166861e-03  
   2.6444299  1.251847e+00  7.606886e-03  1.251888e+00  7.607751e-03  1.141181e+00  6.460080e-03  
   2.6654301  1.266486e+00  8.002387e-03  1.266528e+00  8.003323e-03  1.153300e+00  6.796208e-03  
   2.6864300  1.281742e+00  8.438445e-03  1.281786e+00  8.439461e-03  1.165889e+00  7.165760e-03  
   2.7074299  1.297667e+00  8.923477e-03  1.297713e+00  8.924591e-03  1.178983e+00  7.574510e-03  
   2.7284300  1.314317e+00  9.468817e-03  1.314364e+00  9.470047e-03  1.192618e+00  8.029796e-03  
   2.7494299  1.331753e+00  1.008979e-02  1.331802e+00  1.009117e-02  1.206835e+00  8.541072e-03  
   2.7694299  1.349156e+00  1.077057e-02  1.349208e+00  1.077212e-02  1.220959e+00  9.091238e-03  
   2.7904301  1.368343e+00  1.160638e-02  1.368397e+00  1.160814e-02  1.236451e+00  9.750533e-03  
   2.8114300  1.388556e+00  1.260370e-02  1.388612e+00  1.260574e-02  1.252677e+00  1.051362e-02  
   2.8324299  1.409895e+00  1.381382e-02  1.409954e+00  1.381623e-02  1.269702e+00  1.140708e-02  
   2.8534300  1.432472e+00  1.530519e-02  1.432534e+00  1.530810e-02  1.287595e+00  1.246529e-02  
   2.8744299  1.456407e+00  1.716794e-02  1.456473e+00  1.717151e-02  1.306432e+00  1.373241e-02  
   2.8944299  1.480583e+00  1.939401e-02  1.480652e+00  1.939842e-02  1.325329e+00  1.518497e-02  
   2.9154301  1.507543e+00  2.234874e-02  1.507616e+00  2.235432e-02  1.346262e+00  1.703672e-02  
   2.9370301  1.537094e+00  2.624048e-02  1.537171e+00  2.624766e-02  1.369058e+00  1.938328e-02  
   2.9570301  1.566212e+00  3.082834e-02  1.566293e+00  3.083748e-02  1.391403e+00  2.205998e-02  
   2.9780300  1.598702e+00  3.692964e-02  1.598788e+00  3.694143e-02  1.416244e+00  2.552527e-02  
   2.9990301  1.633224e+00  4.466201e-02  1.633314e+00  4.467719e-02  1.442593e+00  2.982604e-02  
   3.0200300  1.669798e+00  5.439121e-02  1.669894e+00  5.441063e-02  1.470538e+00  3.516317e-02  
   3.0410299  1.708388e+00  6.652344e-02  1.708490e+00  6.654811e-02  1.500149e+00  4.177485e-02  
   3.0610299  1.746910e+00  8.071104e-02  1.747016e+00  8.074175e-02  1.529942e+00  4.950983e-02  
   3.0820301  1.789017e+00  9.880581e-02  1.789129e+00  9.884404e-02  1.562904e+00  5.944448e-02  
   3.1030300  1.832520e+00  1.206147e-01  1.832636e+00  1.206617e-01  1.597544e+00  7.158121e-02  
   3.1240301  1.877005e+00  1.465548e-01  1.877127e+00  1.466117e-01  1.633758e+00  8.630040e-02  
   3.1450300  1.921946e+00  1.769845e-01  1.922071e+00  1.770526e-01  1.671362e+00  1.040005e-01  
   3.1660299  1.966716e+00  2.121773e-01  1.966844e+00  2.122574e-01  1.710084e+00  1.250838e-01  
   3.1860299  2.008543e+00  2.502694e-01  2.008674e+00  2.503614e-01  1.747660e+00  1.486618e-01  
   3.2070301  2.050876e+00  2.950937e-01  2.051008e+00  2.951987e-01  1.787397e+00  1.774246e-01  
   3.2280300  2.090798e+00  3.447363e-01  2.090931e+00  3.448541e-01  1.826857e+00  2.105648e-01  
   3.2490301  2.127530e+00  3.989099e-01  2.127663e+00  3.990400e-01  1.865382e+00  2.482675e-01  
   3.2700300  2.160348e+00  4.571660e-01  2.160479e+00  4.573072e-01  1.902235e+00  2.905935e-01  
   3.2910299  2.188621e+00  5.189142e-01  2.188751e+00  5.190648e-01  1.936644e+00  3.374583e-01  
   3.3110299  2.210873e+00  5.803230e-01  2.211000e+00  5.804807e-01  1.966423e+00  3.860869e-01  
   3.3320301  2.229010e+00  6.467779e-01  2.229132e+00  6.469407e-01  1.993826e+00  4.409445e-01  
   3.3536301  2.241921e+00  7.163890e-01  2.242039e+00  7.165543e-01  2.017186e+00  5.008261e-01  
   3.3736300  2.248711e+00  7.812173e-01  2.248825e+00  7.813823e-01  2.033925e+00  5.587139e-01  
   3.3946300  2.250701e+00  8.489356e-01  2.250811e+00  8.490975e-01  2.046058e+00  6.211962e-01  
   3.4156301  2.247779e+00  9.156375e-01  2.247883e+00  9.157943e-01  2.052409e+00  6.844969e-01  
   3.4366300  2.240428e+00  9.807777e-01  2.240528e+00  9.809269e-01  2.052979e+00  7.476391e-01  
   3.4576299  2.229208e+00  1.043954e+00  2.229301e+00  1.044094e+00  2.047990e+00  8.096601e-01  
   3.4776299  2.215467e+00  1.102062e+00  2.215554e+00  1.102192e+00  2.038459e+00  8.668661e-01  
   3.4986300  2.198393e+00  1.160799e+00  2.198472e+00  1.160918e+00  2.024018e+00  9.242278e-01  
   3.5196300  2.179140e+00  1.217199e+00  2.179209e+00  1.217307e+00  2.005781e+00  9.782067e-01  
   3.5406301  2.158172e+00  1.271351e+00  2.158231e+00  1.271447e+00  1.984605e+00  1.028376e+00  
   3.5616300  2.135863e+00  1.323391e+00  2.135909e+00  1.323477e+00  1.961391e+00  1.074518e+00  
   3.5826299  2.112488e+00  1.373481e+00  2.112521e+00  1.373558e+00  1.937030e+00  1.116634e+00  
   3.6026299  2.089408e+00  1.419504e+00  2.089427e+00  1.419574e+00  1.913515e+00  1.153185e+00  
   3.6236300  2.064430e+00  1.466166e+00  2.064431e+00  1.466229e+00  1.889171e+00  1.188183e+00  
   3.6446300  2.038757e+00  1.511175e+00  2.038742e+00  1.511234e+00  1.865729e+00  1.220213e+00  
   3.6656301  2.012443e+00  1.554524e+00  2.012409e+00  1.554578e+00  1.843571e+00  1.249857e+00  
   3.6866300  1.985551e+00  1.596145e+00  1.985500e+00  1.596196e+00  1.822898e+00  1.277720e+00  
   3.7076299  1.958180e+00  1.635930e+00  1.958112e+00  1.635980e+00  1.803751e+00  1.304378e+00  
   3.7276299  1.931810e+00  1.671997e+00  1.931726e+00  1.672044e+00  1.786841e+00  1.329104e+00  
   3.7486300  1.904018e+00  1.707832e+00  1.903921e+00  1.707878e+00  1.770301e+00  1.354743e+00  
   3.7702301  1.875636e+00  1.742425e+00  1.875527e+00  1.742469e+00  1.754345e+00  1.381032e+00  
   3.7902300  1.849885e+00  1.772380e+00  1.849768e+00  1.772423e+00  1.740313e+00  1.405413e+00  
   3.8112299  1.823813e+00  1.801751e+00  1.823690e+00  1.801793e+00  1.726180e+00  1.431057e+00  
   3.8322301  1.799190e+00  1.829168e+00  1.799067e+00  1.829208e+00  1.712580e+00  1.456658e+00  
   3.8532300  1.776496e+00  1.854944e+00  1.776375e+00  1.854983e+00  1.699537e+00  1.482082e+00  
   3.8742299  1.756193e+00  1.879541e+00  1.756078e+00  1.879578e+00  1.687199e+00  1.507197e+00  
   3.8942299  1.739447e+00  1.902424e+00  1.739342e+00  1.902462e+00  1.676333e+00  1.530751e+00  
   3.9152300  1.724876e+00  1.926600e+00  1.724784e+00  1.926639e+00  1.666174e+00  1.555111e+00  
   3.9362299  1.713562e+00  1.951785e+00  1.713484e+00  1.951826e+00  1.657671e+00  1.579229e+00  
   3.9572301  1.705501e+00  1.978948e+00  1.705441e+00  1.978992e+00  1.651204e+00  1.603404e+00  
   3.9782300  1.700485e+00  2.009115e+00  1.700442e+00  2.009164e+00  1.647105e+00  1.628100e+00  
   3.9992299  1.698071e+00  2.043321e+00  1.698045e+00  2.043376e+00  1.645600e+00  1.653944e+00  
   4.0192299  1.697568e+00  2.080565e+00  1.697558e+00  2.080629e+00  1.646658e+00  1.680331e+00  
   4.0402298  1.698041e+00  2.125427e+00  1.698044e+00  2.125501e+00  1.650282e+00  1.710745e+00  
   4.0612302  1.698409e+00  2.176906e+00  1.698421e+00  2.176993e+00  1.656166e+00  1.744869e+00  
   4.0822301  1.697331e+00  2.235518e+00  1.697350e+00  2.235618e+00  1.663745e+00  1.783669e+00  
   4.1032300  1.693320e+00  2.301516e+00  1.693341e+00  2.301630e+00  1.672198e+00  1.828068e+00  
   4.1242299  1.684796e+00  2.374855e+00  1.684813e+00  2.374984e+00  1.680458e+00  1.878882e+00  
   4.1442299  1.671014e+00  2.451200e+00  1.671023e+00  2.451342e+00  1.686954e+00  1.933829e+00  
   4.1652298  1.649103e+00  2.537541e+00  1.649096e+00  2.537695e+00  1.690890e+00  1.998800e+00  
   4.1868300  1.617117e+00  2.631946e+00  1.617090e+00  2.632110e+00  1.690139e+00  2.073527e+00  
   4.2068300  1.577771e+00  2.723253e+00  1.577722e+00  2.723422e+00  1.683462e+00  2.149652e+00  
   4.2278299  1.525383e+00  2.821724e+00  1.525306e+00  2.821897e+00  1.668544e+00  2.236175e+00  
   4.2488298  1.460895e+00  2.921228e+00  1.460786e+00  2.921401e+00  1.643854e+00  2.328466e+00  
   4.2698302  1.383830e+00  3.019982e+00  1.383686e+00  3.020150e+00  1.607852e+00  2.425140e+00  
   4.2908301  1.294023e+00  3.116106e+00  1.293842e+00  3.116267e+00  1.559260e+00  2.524425e+00  
   4.3108301  1.196772e+00  3.203475e+00  1.196555e+00  3.203628e+00  1.500429e+00  2.619511e+00  
   4.3318300  1.082765e+00  3.289008e+00  1.082509e+00  3.289147e+00  1.424992e+00  2.717670e+00  
   4.3528299  9.572732e-01  3.366368e+00  9.569795e-01  3.366494e+00  1.335551e+00  2.811677e+00  
   4.3738298  8.212661e-01  3.433793e+00  8.209355e-01  3.433906e+00  1.232621e+00  2.899026e+00  
   4.3948302  6.759496e-01  3.489634e+00  6.755841e-01  3.489736e+00  1.117257e+00  2.977298e+00  
   4.4158301  5.227608e-01  3.532381e+00  5.223634e-01  3.532470e+00  9.910279e-01  3.044283e+00  
   4.4358301  3.710360e-01  3.559696e+00  3.706119e-01  3.559777e+00  8.625447e-01  3.095860e+00  
   4.4568300  2.073432e-01  3.573225e+00  2.068952e-01  3.573299e+00  7.212257e-01  3.135784e+00  
   4.4778299  4.110000e-02  3.570365e+00  4.063303e-02  3.570436e+00  5.758907e-01  3.160164e+00  
   4.4988298  -1.255890e-01  3.550524e+00  -1.260695e-01  3.550590e+00  4.292372e-01  3.168560e+00  
   4.5198302  -2.905205e-01  3.513437e+00  -2.910092e-01  3.513504e+00  2.839286e-01  3.161067e+00  
   4.5408301  -4.514219e-01  3.459229e+00  -4.519141e-01  3.459297e+00  1.424760e-01  3.138296e+00  
   4.5608301  -5.988451e-01  3.392164e+00  -5.993364e-01  3.392234e+00  1.338354e-02  3.103375e+00  
   4.5818300  -7.454168e-01  3.306453e+00  -7.459041e-01  3.306524e+00  -1.144534e-01  3.054183e+00  
   4.6034298  -8.852588e-01  3.203387e+00  -8.857396e-01  3.203460e+00  -2.361841e-01  2.991966e+00  
   4.6234298  -1.003159e+00  3.096163e+00  -1.003634e+00  3.096236e+00  -3.391045e-01  2.925609e+00  
   4.6444302  -1.113501e+00  2.973461e+00  -1.113970e+00  2.973533e+00  -4.364432e-01  2.848769e+00  
   4.6654301  -1.208948e+00  2.842809e+00  -1.209412e+00  2.842877e+00  -5.225684e-01  2.766495e+00  
   4.6864300  -1.288821e+00  2.706834e+00  -1.289285e+00  2.706895e+00  -5.975901e-01  2.680634e+00  
   4.7074299  -1.352919e+00  2.568233e+00  -1.353386e+00  2.568286e+00  -6.618873e-01  2.592888e+00  
   4.7274299  -1.399549e+00  2.436213e+00  -1.400022e+00  2.436254e+00  -7.136819e-01  2.508961e+00  
   4.7484298  -1.434063e+00  2.299942e+00  -1.434548e+00  2.299968e+00  -7.588414e-01  2.421728e+00  
   4.7694302  -1.454867e+00  2.168233e+00  -1.455367e+00  2.168241e+00  -7.953389e-01  2.336501e+00  
   4.7904301  -1.463364e+00  2.042929e+00  -1.463882e+00  2.042915e+00  -8.240103e-01  2.254190e+00  
   4.8114300  -1.461170e+00  1.925452e+00  -1.461709e+00  1.925412e+00  -8.456994e-01  2.175499e+00  
   4.8324299  -1.450007e+00  1.816801e+00  -1.450566e+00  1.816734e+00  -8.612296e-01  2.100954e+00  
   4.8524299  -1.432622e+00  1.722073e+00  -1.433199e+00  1.721977e+00  -8.710151e-01  2.034141e+00  
   4.8734298  -1.408871e+00  1.632008e+00  -1.409466e+00  1.631880e+00  -8.767478e-01  1.968586e+00  
   4.8944302  -1.380997e+00  1.551481e+00  -1.381608e+00  1.551319e+00  -8.785080e-01  1.907832e+00  
   4.9154301  -1.350361e+00  1.480152e+00  -1.350983e+00  1.479954e+00  -8.769310e-01  1.851863e+00  
   4.9364300  -1.318122e+00  1.417488e+00  -1.318752e+00  1.417256e+00  -8.725951e-01  1.800577e+00  
   4.9574299  -1.285238e+00  1.362835e+00  -1.285871e+00  1.362567e+00  -8.660204e-01  1.753802e+00  
   4.9774299  -1.254021e+00  1.317567e+00  -1.254653e+00  1.317266e+00  -8.581014e-01  1.713243e+00  
   4.9984298  -1.221910e+00  1.276433e+00  -1.222537e+00  1.276098e+00  -8.484367e-01  1.674595e+00  
