w Re-xx Im-xx Re-yy Im-yy Re-zz Im-zz
# Gaussian absolute broadening  0.15 [eV]
   0.0000000  7.678953e-01  8.817471e-05  7.679064e-01  8.817876e-05  7.271137e-01  7.959829e-05  
   0.0200000  7.679951e-01  9.436934e-05  7.680061e-01  9.437375e-05  7.272035e-01  8.518890e-05  
   0.0410000  7.681135e-01  1.014285e-04  7.681246e-01  1.014332e-04  7.273104e-01  9.155944e-05  
   0.0620000  7.682484e-01  1.090919e-04  7.682597e-01  1.090970e-04  7.274325e-01  9.847519e-05  
   0.0830000  7.684020e-01  1.173936e-04  7.684132e-01  1.173991e-04  7.275709e-01  1.059665e-04  
   0.1040000  7.685760e-01  1.263630e-04  7.685873e-01  1.263688e-04  7.277281e-01  1.140599e-04  
   0.1240000  7.687626e-01  1.355471e-04  7.687737e-01  1.355532e-04  7.278961e-01  1.223466e-04  
   0.1450000  7.689825e-01  1.458795e-04  7.689939e-01  1.458859e-04  7.280951e-01  1.316690e-04  
   0.1660000  7.692299e-01  1.569244e-04  7.692411e-01  1.569310e-04  7.283181e-01  1.416335e-04  
   0.1870000  7.695061e-01  1.686782e-04  7.695171e-01  1.686849e-04  7.285676e-01  1.522366e-04  
   0.2080000  7.698135e-01  1.811262e-04  7.698247e-01  1.811331e-04  7.288451e-01  1.634653e-04  
   0.2290000  7.701538e-01  1.942434e-04  7.701650e-01  1.942504e-04  7.291521e-01  1.752966e-04  
   0.2490000  7.705103e-01  2.073259e-04  7.705214e-01  2.073330e-04  7.294737e-01  1.870954e-04  
   0.2700000  7.709194e-01  2.216401e-04  7.709305e-01  2.216472e-04  7.298428e-01  2.000039e-04  
   0.2910000  7.713650e-01  2.364967e-04  7.713763e-01  2.365040e-04  7.302452e-01  2.133999e-04  
   0.3120000  7.718483e-01  2.518423e-04  7.718597e-01  2.518496e-04  7.306814e-01  2.272350e-04  
   0.3330000  7.723699e-01  2.676216e-04  7.723809e-01  2.676290e-04  7.311519e-01  2.414593e-04  
   0.3540000  7.729297e-01  2.837815e-04  7.729409e-01  2.837892e-04  7.316568e-01  2.560244e-04  
   0.3740000  7.734987e-01  2.994802e-04  7.735099e-01  2.994880e-04  7.321702e-01  2.701716e-04  
   0.3950000  7.741334e-01  3.162448e-04  7.741449e-01  3.162530e-04  7.327428e-01  2.852770e-04  
   0.4160000  7.748065e-01  3.332599e-04  7.748177e-01  3.332684e-04  7.333500e-01  3.006051e-04  
   0.4374300  7.755334e-01  3.508496e-04  7.755448e-01  3.508587e-04  7.340056e-01  3.164481e-04  
   0.4574300  7.762472e-01  3.674492e-04  7.762587e-01  3.674588e-04  7.346495e-01  3.313961e-04  
   0.4784300  7.770343e-01  3.850523e-04  7.770456e-01  3.850625e-04  7.353593e-01  3.472447e-04  
   0.4994300  7.778592e-01  4.028215e-04  7.778707e-01  4.028325e-04  7.361031e-01  3.632393e-04  
   0.5204300  7.787222e-01  4.207495e-04  7.787340e-01  4.207613e-04  7.368815e-01  3.793731e-04  
   0.5414300  7.796236e-01  4.388329e-04  7.796354e-01  4.388456e-04  7.376941e-01  3.956430e-04  
   0.5614300  7.805182e-01  4.561995e-04  7.805297e-01  4.562130e-04  7.385008e-01  4.112641e-04  
   0.5824300  7.814953e-01  4.745877e-04  7.815069e-01  4.746024e-04  7.393813e-01  4.278002e-04  
   0.6034300  7.825109e-01  4.931358e-04  7.825228e-01  4.931517e-04  7.402970e-01  4.444761e-04  
   0.6244300  7.835662e-01  5.118498e-04  7.835780e-01  5.118669e-04  7.412480e-01  4.612961e-04  
   0.6454300  7.846608e-01  5.307352e-04  7.846727e-01  5.307536e-04  7.422347e-01  4.782650e-04  
   0.6664300  7.857961e-01  5.497973e-04  7.858079e-01  5.498171e-04  7.432574e-01  4.953881e-04  
   0.6864300  7.869138e-01  5.681224e-04  7.869257e-01  5.681435e-04  7.442646e-01  5.118440e-04  
   0.7074300  7.881275e-01  5.875501e-04  7.881394e-01  5.875726e-04  7.453580e-01  5.292847e-04  
   0.7284300  7.893821e-01  6.071751e-04  7.893941e-01  6.071990e-04  7.464882e-01  5.468968e-04  
   0.7494300  7.906782e-01  6.270056e-04  7.906902e-01  6.270310e-04  7.476557e-01  5.646867e-04  
   0.7704300  7.920161e-01  6.470486e-04  7.920282e-01  6.470754e-04  7.488604e-01  5.826616e-04  
   0.7914300  7.933965e-01  6.673125e-04  7.934087e-01  6.673409e-04  7.501034e-01  6.008277e-04  
   0.8114300  7.947503e-01  6.868241e-04  7.947627e-01  6.868537e-04  7.513220e-01  6.183129e-04  
   0.8324300  7.962145e-01  7.075436e-04  7.962268e-01  7.075743e-04  7.526402e-01  6.368734e-04  
   0.8540300  7.977660e-01  7.291122e-04  7.977785e-01  7.291443e-04  7.540367e-01  6.561871e-04  
   0.8740300  7.992442e-01  7.493240e-04  7.992568e-01  7.493572e-04  7.553670e-01  6.742790e-04  
   0.8950300  8.008403e-01  7.708059e-04  8.008527e-01  7.708400e-04  7.568033e-01  6.934999e-04  
   0.9160300  8.024816e-01  7.925630e-04  8.024940e-01  7.925982e-04  7.582794e-01  7.129592e-04  
   0.9370300  8.041688e-01  8.146058e-04  8.041815e-01  8.146419e-04  7.597972e-01  7.326660e-04  
   0.9580300  8.059025e-01  8.369448e-04  8.059153e-01  8.369820e-04  7.613564e-01  7.526295e-04  
   0.9780300  8.075979e-01  8.585064e-04  8.076107e-01  8.585446e-04  7.628809e-01  7.718900e-04  
   0.9990300  8.094248e-01  8.814567e-04  8.094376e-01  8.814963e-04  7.645231e-01  7.923823e-04  
   1.0200300  8.113000e-01  9.047369e-04  8.113130e-01  9.047777e-04  7.662087e-01  8.131604e-04  
   1.0410300  8.132250e-01  9.283590e-04  8.132380e-01  9.284011e-04  7.679387e-01  8.342345e-04  
   1.0620300  8.152001e-01  9.523350e-04  8.152134e-01  9.523789e-04  7.697136e-01  8.556147e-04  
   1.0830300  8.172258e-01  9.766773e-04  8.172392e-01  9.767228e-04  7.715334e-01  8.773112e-04  
   1.1030300  8.192028e-01  1.000212e-03  8.192164e-01  1.000259e-03  7.733092e-01  8.982794e-04  
   1.1240300  8.213300e-01  1.025306e-03  8.213435e-01  1.025356e-03  7.752190e-01  9.206260e-04  
   1.1450300  8.235103e-01  1.050805e-03  8.235238e-01  1.050857e-03  7.771766e-01  9.433227e-04  
   1.1660300  8.257445e-01  1.076723e-03  8.257581e-01  1.076778e-03  7.791820e-01  9.663809e-04  
   1.1870300  8.280336e-01  1.103074e-03  8.280475e-01  1.103131e-03  7.812366e-01  9.898137e-04  
   1.2080300  8.303783e-01  1.129874e-03  8.303921e-01  1.129934e-03  7.833402e-01  1.013633e-03  
   1.2280300  8.326639e-01  1.155829e-03  8.326778e-01  1.155891e-03  7.853901e-01  1.036691e-03  
   1.2490300  8.351197e-01  1.183551e-03  8.351340e-01  1.183615e-03  7.875929e-01  1.061306e-03  
   1.2706300  8.377078e-01  1.212585e-03  8.377219e-01  1.212652e-03  7.899131e-01  1.087073e-03  
   1.2906300  8.401597e-01  1.239955e-03  8.401741e-01  1.240024e-03  7.921111e-01  1.111350e-03  
   1.3116300  8.427942e-01  1.269216e-03  8.428086e-01  1.269286e-03  7.944720e-01  1.137292e-03  
   1.3326300  8.454903e-01  1.299030e-03  8.455048e-01  1.299103e-03  7.968875e-01  1.163710e-03  
   1.3536299  8.482494e-01  1.329420e-03  8.482641e-01  1.329494e-03  7.993588e-01  1.190625e-03  
   1.3746300  8.510733e-01  1.360408e-03  8.510880e-01  1.360482e-03  8.018873e-01  1.218053e-03  
   1.3946300  8.538237e-01  1.390495e-03  8.538387e-01  1.390571e-03  8.043501e-01  1.244672e-03  
   1.4156300  8.567773e-01  1.422714e-03  8.567923e-01  1.422790e-03  8.069932e-01  1.273162e-03  
   1.4366300  8.597995e-01  1.455599e-03  8.598146e-01  1.455676e-03  8.096973e-01  1.302225e-03  
   1.4576300  8.628914e-01  1.489176e-03  8.629067e-01  1.489253e-03  8.124630e-01  1.331884e-03  
   1.4786299  8.660551e-01  1.523469e-03  8.660705e-01  1.523547e-03  8.152923e-01  1.362160e-03  
   1.4996300  8.692915e-01  1.558507e-03  8.693074e-01  1.558586e-03  8.181857e-01  1.393079e-03  
   1.5196300  8.724428e-01  1.592594e-03  8.724587e-01  1.592674e-03  8.210019e-01  1.423145e-03  
   1.5406300  8.758260e-01  1.629167e-03  8.758418e-01  1.629248e-03  8.240247e-01  1.455389e-03  
   1.5616300  8.792871e-01  1.666573e-03  8.793033e-01  1.666656e-03  8.271160e-01  1.488354e-03  
   1.5826300  8.828272e-01  1.704843e-03  8.828437e-01  1.704927e-03  8.302773e-01  1.522067e-03  
   1.6036299  8.864490e-01  1.744011e-03  8.864655e-01  1.744098e-03  8.335096e-01  1.556564e-03  
   1.6246300  8.901536e-01  1.784115e-03  8.901704e-01  1.784203e-03  8.368155e-01  1.591876e-03  
   1.6446300  8.937604e-01  1.823212e-03  8.937773e-01  1.823304e-03  8.400331e-01  1.626301e-03  
   1.6656300  8.976324e-01  1.865255e-03  8.976496e-01  1.865349e-03  8.434860e-01  1.663319e-03  
   1.6872300  9.017087e-01  1.909604e-03  9.017261e-01  1.909702e-03  8.471200e-01  1.702376e-03  
   1.7072300  9.055691e-01  1.951709e-03  9.055867e-01  1.951810e-03  8.505601e-01  1.739469e-03  
   1.7282300  9.097142e-01  1.997047e-03  9.097321e-01  1.997152e-03  8.542525e-01  1.779434e-03  
   1.7492300  9.139556e-01  2.043594e-03  9.139736e-01  2.043703e-03  8.580297e-01  1.820496e-03  
   1.7702301  9.182951e-01  2.091408e-03  9.183135e-01  2.091521e-03  8.618931e-01  1.862718e-03  
   1.7912300  9.227371e-01  2.140552e-03  9.227557e-01  2.140669e-03  8.658458e-01  1.906169e-03  
   1.8112299  9.270647e-01  2.188655e-03  9.270833e-01  2.188777e-03  8.696954e-01  1.948763e-03  
   1.8322300  9.317128e-01  2.240595e-03  9.317319e-01  2.240721e-03  8.738289e-01  1.994838e-03  
   1.8532300  9.364714e-01  2.294079e-03  9.364907e-01  2.294210e-03  8.780592e-01  2.042388e-03  
   1.8742300  9.413443e-01  2.349190e-03  9.413637e-01  2.349327e-03  8.823889e-01  2.091515e-03  
   1.8952301  9.463333e-01  2.406019e-03  9.463532e-01  2.406161e-03  8.868209e-01  2.142336e-03  
   1.9162300  9.514432e-01  2.464661e-03  9.514637e-01  2.464809e-03  8.913582e-01  2.194987e-03  
   1.9362299  9.564241e-01  2.522294e-03  9.564446e-01  2.522447e-03  8.957793e-01  2.246975e-03  
   1.9572300  9.617790e-01  2.584790e-03  9.617996e-01  2.584949e-03  9.005309e-01  2.303674e-03  
   1.9782300  9.672652e-01  2.649441e-03  9.672863e-01  2.649607e-03  9.053966e-01  2.362747e-03  
   1.9992300  9.728866e-01  2.716384e-03  9.729077e-01  2.716557e-03  9.103805e-01  2.424442e-03  
   2.0202301  9.786478e-01  2.785774e-03  9.786693e-01  2.785955e-03  9.154864e-01  2.489047e-03  
   2.0412300  9.845530e-01  2.857778e-03  9.845752e-01  2.857966e-03  9.207183e-01  2.556886e-03  
   2.0612299  9.903150e-01  2.928956e-03  9.903377e-01  2.929151e-03  9.258209e-01  2.624844e-03  
   2.0822301  9.965157e-01  3.006627e-03  9.965384e-01  3.006831e-03  9.313093e-01  2.700111e-03  
   2.1038301  1.003060e+00  3.089892e-03  1.003083e+00  3.090105e-03  9.370994e-01  2.782179e-03  
   2.1238301  1.009274e+00  3.170279e-03  1.009298e+00  3.170501e-03  9.425949e-01  2.862829e-03  
   2.1448300  1.015967e+00  3.258362e-03  1.015991e+00  3.258595e-03  9.485102e-01  2.952844e-03  
   2.1658299  1.022835e+00  3.350511e-03  1.022860e+00  3.350754e-03  9.545779e-01  3.048862e-03  
   2.1868300  1.029888e+00  3.447061e-03  1.029913e+00  3.447316e-03  9.608042e-01  3.151457e-03  
   2.2078300  1.037132e+00  3.548366e-03  1.037157e+00  3.548632e-03  9.671943e-01  3.261223e-03  
   2.2278299  1.044215e+00  3.649620e-03  1.044241e+00  3.649900e-03  9.734385e-01  3.372986e-03  
   2.2488301  1.051853e+00  3.761345e-03  1.051879e+00  3.761640e-03  9.801665e-01  3.498518e-03  
   2.2698300  1.059704e+00  3.879035e-03  1.059731e+00  3.879346e-03  9.870773e-01  3.633052e-03  
   2.2908299  1.067779e+00  4.003159e-03  1.067807e+00  4.003488e-03  9.941778e-01  3.777233e-03  
   2.3118300  1.076087e+00  4.134216e-03  1.076115e+00  4.134562e-03  1.001476e+00  3.931717e-03  
   2.3328300  1.084636e+00  4.272740e-03  1.084666e+00  4.273107e-03  1.008978e+00  4.097184e-03  
   2.3528299  1.093013e+00  4.412141e-03  1.093043e+00  4.412528e-03  1.016320e+00  4.265626e-03  
   2.3738301  1.102066e+00  4.566975e-03  1.102097e+00  4.567384e-03  1.024247e+00  4.454616e-03  
   2.3948300  1.111395e+00  4.731175e-03  1.111426e+00  4.731607e-03  1.032403e+00  4.656820e-03  
   2.4158299  1.121012e+00  4.905539e-03  1.121044e+00  4.905995e-03  1.040801e+00  4.873144e-03  
   2.4368300  1.130931e+00  5.090972e-03  1.130964e+00  5.091455e-03  1.049450e+00  5.104601e-03  
   2.4578300  1.141168e+00  5.288512e-03  1.141202e+00  5.289025e-03  1.058363e+00  5.352351e-03  
   2.4778299  1.151228e+00  5.488993e-03  1.151262e+00  5.489533e-03  1.067107e+00  5.604678e-03  
   2.4988301  1.162132e+00  5.713784e-03  1.162167e+00  5.714361e-03  1.076572e+00  5.888305e-03  
   2.5204301  1.173736e+00  5.961932e-03  1.173771e+00  5.962544e-03  1.086625e+00  6.201859e-03  
   2.5404301  1.184848e+00  6.208736e-03  1.184885e+00  6.209385e-03  1.096235e+00  6.513842e-03  
   2.5614300  1.196920e+00  6.487620e-03  1.196958e+00  6.488313e-03  1.106656e+00  6.866114e-03  
   2.5824299  1.209431e+00  6.789228e-03  1.209470e+00  6.789970e-03  1.117433e+00  7.246290e-03  
   2.6034300  1.222410e+00  7.116591e-03  1.222450e+00  7.117382e-03  1.128587e+00  7.657375e-03  
   2.6244299  1.235886e+00  7.473327e-03  1.235927e+00  7.474181e-03  1.140141e+00  8.102734e-03  
   2.6444299  1.249214e+00  7.844465e-03  1.249256e+00  7.845378e-03  1.151539e+00  8.562286e-03  
   2.6654301  1.263764e+00  8.272418e-03  1.263808e+00  8.273408e-03  1.163948e+00  9.086236e-03  
   2.6864300  1.278924e+00  8.746448e-03  1.278969e+00  8.747525e-03  1.176837e+00  9.657749e-03  
   2.7074299  1.294743e+00  9.275622e-03  1.294790e+00  9.276794e-03  1.190242e+00  1.028317e-02  
   2.7284300  1.311275e+00  9.871860e-03  1.311324e+00  9.873153e-03  1.204198e+00  1.097039e-02  
   2.7494299  1.328578e+00  1.055104e-02  1.328629e+00  1.055247e-02  1.218750e+00  1.172949e-02  
   2.7694299  1.345839e+00  1.129443e-02  1.345892e+00  1.129601e-02  1.233205e+00  1.253123e-02  
   2.7904301  1.364857e+00  1.220370e-02  1.364912e+00  1.220550e-02  1.249062e+00  1.347217e-02  
   2.8114300  1.384876e+00  1.328233e-02  1.384934e+00  1.328440e-02  1.265670e+00  1.453665e-02  
   2.8324299  1.405992e+00  1.458108e-02  1.406052e+00  1.458351e-02  1.283097e+00  1.575394e-02  
   2.8534300  1.428310e+00  1.616716e-02  1.428373e+00  1.617005e-02  1.301417e+00  1.716228e-02  
   2.8744299  1.451944e+00  1.812853e-02  1.452010e+00  1.813204e-02  1.320710e+00  1.881111e-02  
   2.8944299  1.475787e+00  2.044901e-02  1.475856e+00  2.045331e-02  1.340069e+00  2.066292e-02  
   2.9154301  1.502340e+00  2.349845e-02  1.502413e+00  2.350386e-02  1.361518e+00  2.297992e-02  
   2.9370301  1.531401e+00  2.747549e-02  1.531479e+00  2.748240e-02  1.384882e+00  2.586575e-02  
   2.9570301  1.559994e+00  3.212234e-02  1.560076e+00  3.213108e-02  1.407787e+00  2.910923e-02  
   2.9780300  1.591849e+00  3.825281e-02  1.591935e+00  3.826404e-02  1.433249e+00  3.325482e-02  
   2.9990301  1.625641e+00  4.596562e-02  1.625733e+00  4.598004e-02  1.460251e+00  3.834112e-02  
   3.0200300  1.661388e+00  5.560807e-02  1.661485e+00  5.562649e-02  1.488871e+00  4.458940e-02  
   3.0410299  1.699048e+00  6.756527e-02  1.699152e+00  6.758866e-02  1.519173e+00  5.225992e-02  
   3.0610299  1.736593e+00  8.148286e-02  1.736703e+00  8.151200e-02  1.549623e+00  6.116173e-02  
   3.0820301  1.777587e+00  9.916259e-02  1.777704e+00  9.919891e-02  1.583255e+00  7.250972e-02  
   3.1030300  1.819902e+00  1.203986e-01  1.820026e+00  1.204432e-01  1.618521e+00  8.627320e-02  
   3.1240301  1.863152e+00  1.455867e-01  1.863282e+00  1.456410e-01  1.655291e+00  1.028500e-01  
   3.1450300  1.906841e+00  1.750693e-01  1.906976e+00  1.751343e-01  1.693344e+00  1.226499e-01  
   3.1660299  1.950383e+00  2.091101e-01  1.950524e+00  2.091869e-01  1.732374e+00  1.460785e-01  
   3.1860299  1.991110e+00  2.459141e-01  1.991256e+00  2.460027e-01  1.770080e+00  1.721113e-01  
   3.2070301  2.032406e+00  2.891951e-01  2.032556e+00  2.892966e-01  1.809740e+00  2.036650e-01  
   3.2280300  2.071470e+00  3.371196e-01  2.071623e+00  3.372342e-01  1.848876e+00  2.397817e-01  
   3.2490301  2.107573e+00  3.894332e-01  2.107727e+00  3.895602e-01  1.886794e+00  2.805984e-01  
   3.2700300  2.140034e+00  4.457293e-01  2.140189e+00  4.458679e-01  1.922735e+00  3.261141e-01  
   3.2910299  2.168260e+00  5.054679e-01  2.168413e+00  5.056167e-01  1.955907e+00  3.761711e-01  
   3.3110299  2.190770e+00  5.649646e-01  2.190922e+00  5.651216e-01  1.984198e+00  4.277661e-01  
   3.3320301  2.209503e+00  6.294654e-01  2.209652e+00  6.296287e-01  2.009713e+00  4.855774e-01  
   3.3536301  2.223363e+00  6.971735e-01  2.223506e+00  6.973411e-01  2.030789e+00  5.482339e-01  
   3.3736300  2.231309e+00  7.603738e-01  2.231447e+00  7.605423e-01  2.045120e+00  6.083749e-01  
   3.3946300  2.234760e+00  8.265471e-01  2.234891e+00  8.267139e-01  2.054441e+00  6.728241e-01  
   3.4156301  2.233507e+00  8.918865e-01  2.233631e+00  8.920491e-01  2.057718e+00  7.376249e-01  
   3.4366300  2.227978e+00  9.558458e-01  2.228095e+00  9.560019e-01  2.054986e+00  8.017568e-01  
   3.4576299  2.218686e+00  1.018014e+00  2.218794e+00  1.018161e+00  2.046504e+00  8.642353e-01  
   3.4776299  2.206842e+00  1.075303e+00  2.206941e+00  1.075440e+00  2.033514e+00  9.213809e-01  
   3.4986300  2.191788e+00  1.133308e+00  2.191877e+00  1.133433e+00  2.015348e+00  9.781780e-01  
   3.5196300  2.174561e+00  1.189087e+00  2.174642e+00  1.189199e+00  1.993346e+00  1.031117e+00  
   3.5406301  2.155619e+00  1.242713e+00  2.155690e+00  1.242813e+00  1.968424e+00  1.079828e+00  
   3.5616300  2.135328e+00  1.294318e+00  2.135389e+00  1.294405e+00  1.941545e+00  1.124161e+00  
   3.5826299  2.113974e+00  1.344067e+00  2.114025e+00  1.344141e+00  1.913663e+00  1.164193e+00  
   3.6026299  2.092824e+00  1.389866e+00  2.092866e+00  1.389930e+00  1.886979e+00  1.198574e+00  
   3.6236300  2.069887e+00  1.436422e+00  2.069919e+00  1.436474e+00  1.859556e+00  1.231169e+00  
   3.6446300  2.046278e+00  1.481481e+00  2.046299e+00  1.481524e+00  1.833339e+00  1.260729e+00  
   3.6656301  2.022053e+00  1.525067e+00  2.022063e+00  1.525102e+00  1.808743e+00  1.287886e+00  
   3.6866300  1.997273e+00  1.567140e+00  1.997272e+00  1.567168e+00  1.786001e+00  1.313280e+00  
   3.7076299  1.972032e+00  1.607616e+00  1.972021e+00  1.607638e+00  1.765170e+00  1.337506e+00  
   3.7276299  1.947703e+00  1.644578e+00  1.947683e+00  1.644594e+00  1.747028e+00  1.359952e+00  
   3.7486300  1.922064e+00  1.681617e+00  1.922033e+00  1.681630e+00  1.729579e+00  1.383235e+00  
   3.7702301  1.895896e+00  1.717739e+00  1.895856e+00  1.717750e+00  1.713095e+00  1.407133e+00  
   3.7902300  1.872191e+00  1.749382e+00  1.872144e+00  1.749391e+00  1.698927e+00  1.429323e+00  
   3.8112299  1.848254e+00  1.780810e+00  1.848201e+00  1.780819e+00  1.684995e+00  1.452690e+00  
   3.8322301  1.825745e+00  1.810580e+00  1.825685e+00  1.810591e+00  1.671919e+00  1.476052e+00  
   3.8532300  1.805128e+00  1.839005e+00  1.805064e+00  1.839019e+00  1.659694e+00  1.499298e+00  
   3.8742299  1.786847e+00  1.866539e+00  1.786781e+00  1.866560e+00  1.648429e+00  1.522332e+00  
   3.8942299  1.771949e+00  1.892480e+00  1.771882e+00  1.892509e+00  1.638787e+00  1.544036e+00  
   3.9152300  1.759208e+00  1.920111e+00  1.759141e+00  1.920152e+00  1.630082e+00  1.566639e+00  
   3.9362299  1.749568e+00  1.948961e+00  1.749501e+00  1.949018e+00  1.623165e+00  1.589241e+00  
   3.9572301  1.742985e+00  1.979939e+00  1.742920e+00  1.980015e+00  1.618374e+00  1.612184e+00  
   3.9782300  1.739205e+00  2.013993e+00  1.739141e+00  2.014093e+00  1.615992e+00  1.635963e+00  
   3.9992299  1.737744e+00  2.052066e+00  1.737682e+00  2.052193e+00  1.616207e+00  1.661222e+00  
   4.0192299  1.737854e+00  2.092876e+00  1.737791e+00  2.093034e+00  1.618861e+00  1.687357e+00  
   4.0402298  1.738631e+00  2.141254e+00  1.738567e+00  2.141446e+00  1.624076e+00  1.717804e+00  
   4.0612302  1.738942e+00  2.195907e+00  1.738874e+00  2.196134e+00  1.631417e+00  1.752222e+00  
   4.0822301  1.737442e+00  2.257247e+00  1.737369e+00  2.257513e+00  1.640271e+00  1.791514e+00  
   4.1032300  1.732647e+00  2.325445e+00  1.732567e+00  2.325748e+00  1.649774e+00  1.836529e+00  
   4.1242299  1.722997e+00  2.400398e+00  1.722907e+00  2.400736e+00  1.658809e+00  1.887997e+00  
   4.1442299  1.707849e+00  2.477703e+00  1.707746e+00  2.478070e+00  1.665749e+00  1.943522e+00  
   4.1652298  1.684222e+00  2.564441e+00  1.684103e+00  2.564836e+00  1.669809e+00  2.008971e+00  
   4.1868300  1.650204e+00  2.658624e+00  1.650065e+00  2.659040e+00  1.668791e+00  2.083964e+00  
   4.2068300  1.608761e+00  2.749200e+00  1.608601e+00  2.749628e+00  1.661500e+00  2.160067e+00  
   4.2278299  1.553971e+00  2.846423e+00  1.553786e+00  2.846855e+00  1.645560e+00  2.246232e+00  
   4.2488298  1.486891e+00  2.944260e+00  1.486680e+00  2.944689e+00  1.619485e+00  2.337775e+00  
   4.2698302  1.407054e+00  3.041008e+00  1.406814e+00  3.041424e+00  1.581784e+00  2.433276e+00  
   4.2908301  1.314296e+00  3.134869e+00  1.314027e+00  3.135264e+00  1.531248e+00  2.530945e+00  
   4.3108301  1.214070e+00  3.219907e+00  1.213772e+00  3.220275e+00  1.470420e+00  2.624066e+00  
   4.3318300  1.096768e+00  3.302868e+00  1.096440e+00  3.303199e+00  1.392841e+00  2.719719e+00  
   4.3528299  9.678146e-01  3.377582e+00  9.674560e-01  3.377870e+00  1.301328e+00  2.810771e+00  
   4.3738298  8.281966e-01  3.442329e+00  8.278100e-01  3.442570e+00  1.196527e+00  2.894737e+00  
   4.3948302  6.791559e-01  3.495495e+00  6.787435e-01  3.495684e+00  1.079609e+00  2.969229e+00  
   4.4158301  5.221833e-01  3.535600e+00  5.217475e-01  3.535735e+00  9.522544e-01  3.032080e+00  
   4.4358301  3.668639e-01  3.560462e+00  3.664097e-01  3.560544e+00  8.231754e-01  3.079447e+00  
   4.4568300  1.994915e-01  3.571512e+00  1.990212e-01  3.571538e+00  6.817836e-01  3.114730e+00  
   4.4778299  2.976316e-02  3.566312e+00  2.928187e-02  3.566282e+00  5.369651e-01  3.134337e+00  
   4.4988298  -1.401111e-01  3.544311e+00  -1.405985e-01  3.544226e+00  3.914071e-01  3.137930e+00  
   4.5198302  -3.078259e-01  3.505294e+00  -3.083142e-01  3.505156e+00  2.477309e-01  3.125725e+00  
   4.5408301  -4.710171e-01  3.449431e+00  -4.715008e-01  3.449245e+00  1.083811e-01  3.098459e+00  
   4.5608301  -6.200962e-01  3.381093e+00  -6.205705e-01  3.380863e+00  -1.834616e-02  3.059580e+00  
   4.5818300  -7.678108e-01  3.294399e+00  -7.682701e-01  3.294129e+00  -1.434046e-01  3.006692e+00  
   4.6034298  -9.081740e-01  3.190737e+00  -9.086131e-01  3.190429e+00  -2.620522e-01  2.941292e+00  
   4.6234298  -1.025981e+00  3.083350e+00  -1.026397e+00  3.083014e+00  -3.619874e-01  2.872638e+00  
   4.6444302  -1.135672e+00  2.960891e+00  -1.136061e+00  2.960530e+00  -4.561197e-01  2.794134e+00  
   4.6654301  -1.229975e+00  2.830890e+00  -1.230335e+00  2.830510e+00  -5.390146e-01  2.711015e+00  
   4.6864300  -1.308305e+00  2.695950e+00  -1.308634e+00  2.695557e+00  -6.108202e-01  2.625139e+00  
   4.7074299  -1.370567e+00  2.558730e+00  -1.370864e+00  2.558329e+00  -6.719446e-01  2.538196e+00  
   4.7274299  -1.415276e+00  2.428297e+00  -1.415545e+00  2.427893e+00  -7.207795e-01  2.455746e+00  
   4.7484298  -1.447699e+00  2.293925e+00  -1.447940e+00  2.293521e+00  -7.629189e-01  2.370737e+00  
   4.7694302  -1.466429e+00  2.164289e+00  -1.466643e+00  2.163890e+00  -7.965115e-01  2.288323e+00  
   4.7904301  -1.472953e+00  2.041166e+00  -1.473143e+00  2.040773e+00  -8.224224e-01  2.209294e+00  
   4.8114300  -1.468950e+00  1.925915e+00  -1.469119e+00  1.925530e+00  -8.415276e-01  2.134226e+00  
   4.8324299  -1.456184e+00  1.819480e+00  -1.456336e+00  1.819104e+00  -8.546851e-01  2.063512e+00  
   4.8524299  -1.437487e+00  1.726804e+00  -1.437626e+00  1.726436e+00  -8.624376e-01  2.000427e+00  
   4.8734298  -1.412595e+00  1.638794e+00  -1.412722e+00  1.638434e+00  -8.663014e-01  1.938762e+00  
   4.8944302  -1.383816e+00  1.560185e+00  -1.383934e+00  1.559832e+00  -8.664883e-01  1.881771e+00  
   4.9154301  -1.352496e+00  1.490614e+00  -1.352606e+00  1.490267e+00  -8.636484e-01  1.829359e+00  
   4.9364300  -1.319772e+00  1.429533e+00  -1.319876e+00  1.429190e+00  -8.583666e-01  1.781362e+00  
   4.9574299  -1.286577e+00  1.376276e+00  -1.286676e+00  1.375936e+00  -8.511604e-01  1.737562e+00  
   4.9774299  -1.255198e+00  1.332165e+00  -1.255293e+00  1.331826e+00  -8.429221e-01  1.699523e+00  
   4.9984298  -1.223033e+00  1.292066e+00  -1.223125e+00  1.291728e+00  -8.332020e-01  1.663176e+00  
