w Re-xx Im-xx Re-yy Im-yy Re-zz Im-zz
# Gaussian absolute broadening  0.15 [eV]
   0.0000000  7.684847e-01  8.838716e-05  7.684900e-01  8.839221e-05  7.246939e-01  7.885064e-05  
   0.0200000  7.685847e-01  9.459686e-05  7.685900e-01  9.460229e-05  7.247830e-01  8.438712e-05  
   0.0410000  7.687036e-01  1.016731e-04  7.687088e-01  1.016789e-04  7.248890e-01  9.069595e-05  
   0.0620000  7.688390e-01  1.093552e-04  7.688441e-01  1.093614e-04  7.250096e-01  9.754462e-05  
   0.0830000  7.689927e-01  1.176770e-04  7.689978e-01  1.176836e-04  7.251469e-01  1.049633e-04  
   0.1040000  7.691669e-01  1.266679e-04  7.691722e-01  1.266750e-04  7.253022e-01  1.129780e-04  
   0.1240000  7.693540e-01  1.358742e-04  7.693591e-01  1.358817e-04  7.254691e-01  1.211841e-04  
   0.1450000  7.695747e-01  1.462315e-04  7.695797e-01  1.462395e-04  7.256660e-01  1.304157e-04  
   0.1660000  7.698224e-01  1.573028e-04  7.698277e-01  1.573113e-04  7.258868e-01  1.402829e-04  
   0.1870000  7.700995e-01  1.690847e-04  7.701048e-01  1.690936e-04  7.261339e-01  1.507824e-04  
   0.2080000  7.704077e-01  1.815625e-04  7.704129e-01  1.815720e-04  7.264087e-01  1.619011e-04  
   0.2290000  7.707487e-01  1.947110e-04  7.707539e-01  1.947211e-04  7.267129e-01  1.736162e-04  
   0.2490000  7.711060e-01  2.078247e-04  7.711111e-01  2.078355e-04  7.270311e-01  1.852988e-04  
   0.2700000  7.715160e-01  2.221730e-04  7.715211e-01  2.221845e-04  7.273967e-01  1.980798e-04  
   0.2910000  7.719626e-01  2.370650e-04  7.719680e-01  2.370775e-04  7.277951e-01  2.113431e-04  
   0.3120000  7.724473e-01  2.524470e-04  7.724526e-01  2.524605e-04  7.282272e-01  2.250408e-04  
   0.3330000  7.729699e-01  2.682640e-04  7.729753e-01  2.682786e-04  7.286932e-01  2.391232e-04  
   0.3540000  7.735312e-01  2.844624e-04  7.735365e-01  2.844782e-04  7.291932e-01  2.535426e-04  
   0.3740000  7.741014e-01  3.001985e-04  7.741067e-01  3.002156e-04  7.297015e-01  2.675476e-04  
   0.3950000  7.747380e-01  3.170032e-04  7.747433e-01  3.170217e-04  7.302687e-01  2.825003e-04  
   0.4160000  7.754125e-01  3.340592e-04  7.754181e-01  3.340792e-04  7.308698e-01  2.976729e-04  
   0.4374300  7.761413e-01  3.516914e-04  7.761468e-01  3.517129e-04  7.315190e-01  3.133541e-04  
   0.4574300  7.768568e-01  3.683313e-04  7.768620e-01  3.683541e-04  7.321566e-01  3.281487e-04  
   0.4784300  7.776456e-01  3.859776e-04  7.776510e-01  3.860017e-04  7.328595e-01  3.438337e-04  
   0.4994300  7.784724e-01  4.037904e-04  7.784781e-01  4.038159e-04  7.335958e-01  3.596618e-04  
   0.5204300  7.793378e-01  4.217630e-04  7.793434e-01  4.217897e-04  7.343664e-01  3.756267e-04  
   0.5414300  7.802413e-01  4.398916e-04  7.802470e-01  4.399194e-04  7.351713e-01  3.917248e-04  
   0.5614300  7.811380e-01  4.573016e-04  7.811435e-01  4.573305e-04  7.359695e-01  4.071798e-04  
   0.5824300  7.821173e-01  4.757369e-04  7.821230e-01  4.757665e-04  7.368414e-01  4.235383e-04  
   0.6034300  7.831357e-01  4.943330e-04  7.831413e-01  4.943634e-04  7.377478e-01  4.400335e-04  
   0.6244300  7.841934e-01  5.130955e-04  7.841992e-01  5.131265e-04  7.386895e-01  4.566698e-04  
   0.6454300  7.852908e-01  5.320299e-04  7.852969e-01  5.320613e-04  7.396660e-01  4.734515e-04  
   0.6664300  7.864286e-01  5.511422e-04  7.864347e-01  5.511740e-04  7.406786e-01  4.903839e-04  
   0.6864300  7.875491e-01  5.695160e-04  7.875552e-01  5.695481e-04  7.416755e-01  5.066548e-04  
   0.7074300  7.887658e-01  5.889956e-04  7.887720e-01  5.890279e-04  7.427577e-01  5.238974e-04  
   0.7284300  7.900236e-01  6.086735e-04  7.900298e-01  6.087059e-04  7.438765e-01  5.413077e-04  
   0.7494300  7.913232e-01  6.285576e-04  7.913292e-01  6.285902e-04  7.450318e-01  5.588923e-04  
   0.7704300  7.926642e-01  6.486551e-04  7.926704e-01  6.486878e-04  7.462244e-01  5.766574e-04  
   0.7914300  7.940480e-01  6.689748e-04  7.940542e-01  6.690075e-04  7.474543e-01  5.946096e-04  
   0.8114300  7.954051e-01  6.885403e-04  7.954115e-01  6.885730e-04  7.486606e-01  6.118873e-04  
   0.8324300  7.968727e-01  7.093168e-04  7.968790e-01  7.093495e-04  7.499647e-01  6.302257e-04  
   0.8540300  7.984284e-01  7.309457e-04  7.984348e-01  7.309786e-04  7.513467e-01  6.493063e-04  
   0.8740300  7.999105e-01  7.512143e-04  7.999172e-01  7.512475e-04  7.526630e-01  6.671780e-04  
   0.8950300  8.015104e-01  7.727566e-04  8.015170e-01  7.727899e-04  7.540841e-01  6.861626e-04  
   0.9160300  8.031557e-01  7.945754e-04  8.031626e-01  7.946090e-04  7.555450e-01  7.053803e-04  
   0.9370300  8.048474e-01  8.166812e-04  8.048542e-01  8.167152e-04  7.570465e-01  7.248403e-04  
   0.9580300  8.065856e-01  8.390846e-04  8.065924e-01  8.391195e-04  7.585890e-01  7.445510e-04  
   0.9780300  8.082853e-01  8.607086e-04  8.082922e-01  8.607440e-04  7.600971e-01  7.635652e-04  
   0.9990300  8.101168e-01  8.837258e-04  8.101239e-01  8.837622e-04  7.617218e-01  7.837929e-04  
   1.0200300  8.119969e-01  9.070740e-04  8.120041e-01  9.071117e-04  7.633891e-01  8.042995e-04  
   1.0410300  8.139268e-01  9.307666e-04  8.139340e-01  9.308053e-04  7.651001e-01  8.250946e-04  
   1.0620300  8.159071e-01  9.548135e-04  8.159145e-01  9.548540e-04  7.668554e-01  8.461886e-04  
   1.0830300  8.179380e-01  9.792289e-04  8.179457e-01  9.792710e-04  7.686552e-01  8.675911e-04  
   1.1030300  8.199205e-01  1.002835e-03  8.199279e-01  1.002879e-03  7.704111e-01  8.882715e-04  
   1.1240300  8.220532e-01  1.028005e-03  8.220607e-01  1.028051e-03  7.723001e-01  9.103077e-04  
   1.1450300  8.242391e-01  1.053583e-03  8.242467e-01  1.053631e-03  7.742354e-01  9.326848e-04  
   1.1660300  8.264792e-01  1.079581e-03  8.264871e-01  1.079631e-03  7.762181e-01  9.554137e-04  
   1.1870300  8.287746e-01  1.106014e-03  8.287825e-01  1.106067e-03  7.782491e-01  9.785070e-04  
   1.2080300  8.311253e-01  1.132898e-03  8.311334e-01  1.132954e-03  7.803290e-01  1.001977e-03  
   1.2280300  8.334169e-01  1.158935e-03  8.334252e-01  1.158993e-03  7.823552e-01  1.024691e-03  
   1.2490300  8.358796e-01  1.186746e-03  8.358879e-01  1.186806e-03  7.845322e-01  1.048934e-03  
   1.2706300  8.384745e-01  1.215873e-03  8.384827e-01  1.215936e-03  7.868257e-01  1.074306e-03  
   1.2906300  8.409333e-01  1.243330e-03  8.409420e-01  1.243395e-03  7.889974e-01  1.098205e-03  
   1.3116300  8.435747e-01  1.272686e-03  8.435836e-01  1.272753e-03  7.913304e-01  1.123736e-03  
   1.3326300  8.462781e-01  1.302599e-03  8.462870e-01  1.302668e-03  7.937169e-01  1.149731e-03  
   1.3536299  8.490450e-01  1.333089e-03  8.490540e-01  1.333161e-03  7.961587e-01  1.176206e-03  
   1.3746300  8.518764e-01  1.364179e-03  8.518856e-01  1.364252e-03  7.986564e-01  1.203179e-03  
   1.3946300  8.546348e-01  1.394367e-03  8.546439e-01  1.394442e-03  8.010888e-01  1.229349e-03  
   1.4156300  8.575968e-01  1.426694e-03  8.576059e-01  1.426770e-03  8.036994e-01  1.257349e-03  
   1.4366300  8.606270e-01  1.459689e-03  8.606367e-01  1.459768e-03  8.063695e-01  1.285903e-03  
   1.4576300  8.637277e-01  1.493379e-03  8.637375e-01  1.493460e-03  8.091008e-01  1.315032e-03  
   1.4786299  8.669004e-01  1.527789e-03  8.669103e-01  1.527872e-03  8.118939e-01  1.344758e-03  
   1.4996300  8.701462e-01  1.562946e-03  8.701560e-01  1.563031e-03  8.147503e-01  1.375101e-03  
   1.5196300  8.733062e-01  1.597149e-03  8.733166e-01  1.597236e-03  8.175300e-01  1.404595e-03  
   1.5406300  8.766992e-01  1.633847e-03  8.767096e-01  1.633937e-03  8.205131e-01  1.436211e-03  
   1.5616300  8.801703e-01  1.671380e-03  8.801808e-01  1.671472e-03  8.235636e-01  1.468515e-03  
   1.5826300  8.837207e-01  1.709779e-03  8.837315e-01  1.709874e-03  8.266824e-01  1.501533e-03  
   1.6036299  8.873528e-01  1.749077e-03  8.873638e-01  1.749176e-03  8.298715e-01  1.535292e-03  
   1.6246300  8.910685e-01  1.789313e-03  8.910797e-01  1.789415e-03  8.331321e-01  1.569821e-03  
   1.6446300  8.946858e-01  1.828536e-03  8.946971e-01  1.828641e-03  8.363052e-01  1.603447e-03  
   1.6656300  8.985693e-01  1.870708e-03  8.985808e-01  1.870816e-03  8.397094e-01  1.639566e-03  
   1.6872300  9.026578e-01  1.915184e-03  9.026696e-01  1.915298e-03  8.432918e-01  1.677620e-03  
   1.7072300  9.065298e-01  1.957402e-03  9.065419e-01  1.957521e-03  8.466825e-01  1.713702e-03  
   1.7282300  9.106871e-01  2.002849e-03  9.106994e-01  2.002972e-03  8.503213e-01  1.752504e-03  
   1.7492300  9.149405e-01  2.049490e-03  9.149531e-01  2.049618e-03  8.540422e-01  1.792282e-03  
   1.7702301  9.192938e-01  2.097378e-03  9.193067e-01  2.097511e-03  8.578480e-01  1.833080e-03  
   1.7912300  9.237491e-01  2.146571e-03  9.237621e-01  2.146709e-03  8.617404e-01  1.874943e-03  
   1.8112299  9.280896e-01  2.194689e-03  9.281029e-01  2.194831e-03  8.655303e-01  1.915847e-03  
   1.8322300  9.327521e-01  2.246604e-03  9.327651e-01  2.246753e-03  8.695991e-01  1.959929e-03  
   1.8532300  9.375252e-01  2.300012e-03  9.375392e-01  2.300165e-03  8.737620e-01  2.005227e-03  
   1.8742300  9.424126e-01  2.354985e-03  9.424266e-01  2.355143e-03  8.780212e-01  2.051799e-03  
   1.8952301  9.474174e-01  2.411602e-03  9.474316e-01  2.411766e-03  8.823801e-01  2.099707e-03  
   1.9162300  9.525431e-01  2.469946e-03  9.525576e-01  2.470115e-03  8.868408e-01  2.149015e-03  
   1.9362299  9.575395e-01  2.527199e-03  9.575543e-01  2.527372e-03  8.911862e-01  2.197343e-03  
   1.9572300  9.629104e-01  2.589182e-03  9.629260e-01  2.589361e-03  8.958539e-01  2.249599e-03  
   1.9782300  9.684139e-01  2.653185e-03  9.684300e-01  2.653368e-03  9.006336e-01  2.303486e-03  
   1.9992300  9.740530e-01  2.719322e-03  9.740690e-01  2.719511e-03  9.055266e-01  2.359096e-03  
   2.0202301  9.798326e-01  2.787727e-03  9.798492e-01  2.787921e-03  9.105381e-01  2.416533e-03  
   2.0412300  9.857566e-01  2.858539e-03  9.857737e-01  2.858738e-03  9.156703e-01  2.475908e-03  
   2.0612299  9.915372e-01  2.928362e-03  9.915545e-01  2.928567e-03  9.206740e-01  2.534375e-03  
   2.0822301  9.977574e-01  3.004350e-03  9.977754e-01  3.004561e-03  9.260544e-01  2.597916e-03  
   2.1038301  1.004323e+00  3.085565e-03  1.004342e+00  3.085783e-03  9.317279e-01  2.665737e-03  
   2.1238301  1.010558e+00  3.163730e-03  1.010577e+00  3.163956e-03  9.371111e-01  2.730925e-03  
   2.1448300  1.017273e+00  3.249105e-03  1.017292e+00  3.249340e-03  9.429027e-01  2.802043e-03  
   2.1658299  1.024165e+00  3.338120e-03  1.024184e+00  3.338366e-03  9.488418e-01  2.876111e-03  
   2.1868300  1.031242e+00  3.431074e-03  1.031262e+00  3.431330e-03  9.549342e-01  2.953379e-03  
   2.2078300  1.038510e+00  3.528283e-03  1.038530e+00  3.528551e-03  9.611853e-01  3.034115e-03  
   2.2278299  1.045618e+00  3.625148e-03  1.045639e+00  3.625429e-03  9.672915e-01  3.114507e-03  
   2.2488301  1.053283e+00  3.731725e-03  1.053305e+00  3.732022e-03  9.738701e-01  3.202913e-03  
   2.2698300  1.061164e+00  3.843709e-03  1.061185e+00  3.844020e-03  9.806256e-01  3.295760e-03  
   2.2908299  1.069269e+00  3.961562e-03  1.069291e+00  3.961891e-03  9.875659e-01  3.393448e-03  
   2.3118300  1.077608e+00  4.085789e-03  1.077631e+00  4.086135e-03  9.946975e-01  3.496405e-03  
   2.3328300  1.086191e+00  4.216934e-03  1.086215e+00  4.217303e-03  1.002029e+00  3.605098e-03  
   2.3528299  1.094601e+00  4.348811e-03  1.094626e+00  4.349198e-03  1.009204e+00  3.714414e-03  
   2.3738301  1.103691e+00  4.495225e-03  1.103717e+00  4.495632e-03  1.016948e+00  3.835827e-03  
   2.3948300  1.113059e+00  4.650457e-03  1.113085e+00  4.650890e-03  1.024917e+00  3.964625e-03  
   2.4158299  1.122716e+00  4.815273e-03  1.122743e+00  4.815734e-03  1.033122e+00  4.101488e-03  
   2.4368300  1.132679e+00  4.990508e-03  1.132707e+00  4.990994e-03  1.041572e+00  4.247155e-03  
   2.4578300  1.142961e+00  5.177071e-03  1.142990e+00  5.177591e-03  1.050280e+00  4.402450e-03  
   2.4778299  1.153065e+00  5.366220e-03  1.153094e+00  5.366774e-03  1.058824e+00  4.560144e-03  
   2.4988301  1.164019e+00  5.577968e-03  1.164049e+00  5.578558e-03  1.068070e+00  4.737011e-03  
   2.5204301  1.175675e+00  5.811153e-03  1.175707e+00  5.811786e-03  1.077890e+00  4.932201e-03  
   2.5404301  1.186840e+00  6.042375e-03  1.186872e+00  6.043054e-03  1.087279e+00  5.126180e-03  
   2.5614300  1.198969e+00  6.302696e-03  1.199003e+00  6.303424e-03  1.097458e+00  5.345056e-03  
   2.5824299  1.211540e+00  6.583011e-03  1.211575e+00  6.583796e-03  1.107985e+00  5.581247e-03  
   2.6034300  1.224584e+00  6.885833e-03  1.224620e+00  6.886680e-03  1.118880e+00  5.836835e-03  
   2.6244299  1.238128e+00  7.214233e-03  1.238166e+00  7.215148e-03  1.130166e+00  6.114283e-03  
   2.6444299  1.251527e+00  7.554327e-03  1.251566e+00  7.555314e-03  1.141301e+00  6.401563e-03  
   2.6654301  1.266158e+00  7.944871e-03  1.266198e+00  7.945943e-03  1.153423e+00  6.730876e-03  
   2.6864300  1.281405e+00  8.375998e-03  1.281447e+00  8.377165e-03  1.166016e+00  7.092947e-03  
   2.7074299  1.297321e+00  8.856228e-03  1.297364e+00  8.857498e-03  1.179115e+00  7.493425e-03  
   2.7284300  1.313959e+00  9.396976e-03  1.314005e+00  9.398369e-03  1.192754e+00  7.939531e-03  
   2.7494299  1.331384e+00  1.001369e-02  1.331431e+00  1.001522e-02  1.206976e+00  8.440543e-03  
   2.7694299  1.348773e+00  1.069082e-02  1.348823e+00  1.069251e-02  1.221106e+00  8.979755e-03  
   2.7904301  1.367945e+00  1.152334e-02  1.367996e+00  1.152525e-02  1.236603e+00  9.626084e-03  
   2.8114300  1.388139e+00  1.251807e-02  1.388194e+00  1.252025e-02  1.252835e+00  1.037445e-02  
   2.8324299  1.409458e+00  1.372651e-02  1.409515e+00  1.372905e-02  1.269865e+00  1.125110e-02  
   2.8534300  1.432012e+00  1.521734e-02  1.432072e+00  1.522036e-02  1.287764e+00  1.229004e-02  
   2.8744299  1.455920e+00  1.708103e-02  1.455983e+00  1.708468e-02  1.306609e+00  1.353497e-02  
   2.8944299  1.480066e+00  1.930981e-02  1.480132e+00  1.931426e-02  1.325514e+00  1.496321e-02  
   2.9154301  1.506991e+00  2.226986e-02  1.507061e+00  2.227542e-02  1.346456e+00  1.678545e-02  
   2.9370301  1.536498e+00  2.617063e-02  1.536572e+00  2.617772e-02  1.369264e+00  1.909668e-02  
   2.9570301  1.565569e+00  3.077108e-02  1.565648e+00  3.078003e-02  1.391621e+00  2.173541e-02  
   2.9780300  1.598002e+00  3.689133e-02  1.598084e+00  3.690279e-02  1.416477e+00  2.515451e-02  
   2.9990301  1.632455e+00  4.465015e-02  1.632542e+00  4.466483e-02  1.442843e+00  2.940170e-02  
   3.0200300  1.668950e+00  5.441525e-02  1.669041e+00  5.443397e-02  1.470806e+00  3.467692e-02  
   3.0410299  1.707445e+00  6.659500e-02  1.707541e+00  6.661870e-02  1.500436e+00  4.121754e-02  
   3.0610299  1.745860e+00  8.084064e-02  1.745961e+00  8.087011e-02  1.530249e+00  4.887579e-02  
   3.0820301  1.787835e+00  9.901209e-02  1.787940e+00  9.904859e-02  1.563230e+00  5.872017e-02  
   3.1030300  1.831185e+00  1.209155e-01  1.831293e+00  1.209602e-01  1.597884e+00  7.075714e-02  
   3.1240301  1.875493e+00  1.469695e-01  1.875604e+00  1.470236e-01  1.634107e+00  8.536834e-02  
   3.1450300  1.920230e+00  1.775335e-01  1.920343e+00  1.775980e-01  1.671711e+00  1.029547e-01  
   3.1660299  1.964770e+00  2.128810e-01  1.964883e+00  2.129567e-01  1.710422e+00  1.239227e-01  
   3.1860299  2.006359e+00  2.511386e-01  2.006471e+00  2.512256e-01  1.747975e+00  1.473945e-01  
   3.2070301  2.048421e+00  2.961547e-01  2.048530e+00  2.962537e-01  1.787672e+00  1.760572e-01  
   3.2280300  2.088062e+00  3.460050e-01  2.088167e+00  3.461159e-01  1.827076e+00  2.091190e-01  
   3.2490301  2.124510e+00  4.003995e-01  2.124609e+00  4.005218e-01  1.865527e+00  2.467769e-01  
   3.2700300  2.157057e+00  4.588867e-01  2.157147e+00  4.590193e-01  1.902294e+00  2.891057e-01  
   3.2910299  2.185089e+00  5.208733e-01  2.185171e+00  5.210149e-01  1.936602e+00  3.360363e-01  
   3.3110299  2.207157e+00  5.825124e-01  2.207228e+00  5.826613e-01  1.966275e+00  3.848004e-01  
   3.3320301  2.225169e+00  6.492108e-01  2.225229e+00  6.493649e-01  1.993562e+00  4.398912e-01  
   3.3536301  2.238052e+00  7.190700e-01  2.238098e+00  7.192280e-01  2.016796e+00  5.001234e-01  
   3.3736300  2.244926e+00  7.841236e-01  2.244961e+00  7.842831e-01  2.033422e+00  5.584443e-01  
   3.3946300  2.247139e+00  8.520688e-01  2.247160e+00  8.522283e-01  2.045434e+00  6.214970e-01  
   3.4156301  2.244599e+00  9.189841e-01  2.244606e+00  9.191420e-01  2.051666e+00  6.854849e-01  
   3.4366300  2.237798e+00  9.843155e-01  2.237793e+00  9.844709e-01  2.052117e+00  7.494204e-01  
   3.4576299  2.227305e+00  1.047653e+00  2.227288e+00  1.047805e+00  2.047004e+00  8.123229e-01  
   3.4776299  2.214424e+00  1.105876e+00  2.214395e+00  1.106026e+00  2.037348e+00  8.704271e-01  
   3.4986300  2.198416e+00  1.164682e+00  2.198375e+00  1.164830e+00  2.022765e+00  9.287632e-01  
   3.5196300  2.180378e+00  1.221087e+00  2.180326e+00  1.221233e+00  2.004371e+00  9.837129e-01  
   3.5406301  2.160750e+00  1.275166e+00  2.160689e+00  1.275312e+00  1.983023e+00  1.034811e+00  
   3.5616300  2.139868e+00  1.327047e+00  2.139797e+00  1.327195e+00  1.959622e+00  1.081805e+00  
   3.5826299  2.117965e+00  1.376883e+00  2.117885e+00  1.377034e+00  1.935060e+00  1.124660e+00  
   3.6026299  2.096286e+00  1.422576e+00  2.096197e+00  1.422731e+00  1.911346e+00  1.161785e+00  
   3.6236300  2.072727e+00  1.468801e+00  2.072630e+00  1.468960e+00  1.886791e+00  1.197234e+00  
   3.6446300  2.048375e+00  1.513291e+00  2.048271e+00  1.513455e+00  1.863145e+00  1.229548e+00  
   3.6656301  2.023238e+00  1.556055e+00  2.023126e+00  1.556225e+00  1.840796e+00  1.259310e+00  
   3.6866300  1.997342e+00  1.597052e+00  1.997225e+00  1.597224e+00  1.819953e+00  1.287135e+00  
   3.7076299  1.970763e+00  1.636202e+00  1.970641e+00  1.636378e+00  1.800662e+00  1.313618e+00  
   3.7276299  1.944943e+00  1.671685e+00  1.944818e+00  1.671861e+00  1.783646e+00  1.338070e+00  
   3.7486300  1.917519e+00  1.706967e+00  1.917390e+00  1.707142e+00  1.767022e+00  1.363337e+00  
   3.7702301  1.889300e+00  1.741091e+00  1.889170e+00  1.741263e+00  1.751013e+00  1.389182e+00  
   3.7902300  1.863528e+00  1.770739e+00  1.863398e+00  1.770906e+00  1.736956e+00  1.413123e+00  
   3.8112299  1.837286e+00  1.799945e+00  1.837158e+00  1.800105e+00  1.722819e+00  1.438299e+00  
   3.8322301  1.812379e+00  1.827385e+00  1.812254e+00  1.827537e+00  1.709227e+00  1.463447e+00  
   3.8532300  1.789323e+00  1.853384e+00  1.789203e+00  1.853528e+00  1.696200e+00  1.488447e+00  
   3.8742299  1.768612e+00  1.878407e+00  1.768499e+00  1.878543e+00  1.683877e+00  1.513175e+00  
   3.8942299  1.751464e+00  1.901881e+00  1.751358e+00  1.902010e+00  1.673021e+00  1.536400e+00  
   3.9152300  1.736476e+00  1.926852e+00  1.736379e+00  1.926975e+00  1.662859e+00  1.560450e+00  
   3.9362299  1.724762e+00  1.952983e+00  1.724675e+00  1.953102e+00  1.654338e+00  1.584290e+00  
   3.9572301  1.716327e+00  1.981205e+00  1.716250e+00  1.981324e+00  1.647834e+00  1.608205e+00  
   3.9782300  1.710959e+00  2.012502e+00  1.710893e+00  2.012623e+00  1.643677e+00  1.632641e+00  
   3.9992299  1.708214e+00  2.047864e+00  1.708157e+00  2.047991e+00  1.642092e+00  1.658208e+00  
   4.0192299  1.707405e+00  2.086186e+00  1.707356e+00  2.086322e+00  1.643053e+00  1.684297e+00  
   4.0402298  1.707558e+00  2.132113e+00  1.707514e+00  2.132262e+00  1.646552e+00  1.714342e+00  
   4.0612302  1.707598e+00  2.184545e+00  1.707559e+00  2.184710e+00  1.652288e+00  1.748022e+00  
   4.0822301  1.706180e+00  2.243958e+00  1.706141e+00  2.244141e+00  1.659696e+00  1.786281e+00  
   4.1032300  1.701807e+00  2.310572e+00  1.701764e+00  2.310776e+00  1.667962e+00  1.830032e+00  
   4.1242299  1.692896e+00  2.384319e+00  1.692845e+00  2.384542e+00  1.676021e+00  1.880083e+00  
   4.1442299  1.678719e+00  2.460841e+00  1.678657e+00  2.461082e+00  1.682317e+00  1.934191e+00  
   4.1652298  1.656358e+00  2.547134e+00  1.656281e+00  2.547393e+00  1.686047e+00  1.998171e+00  
   4.1868300  1.623872e+00  2.641238e+00  1.623774e+00  2.641511e+00  1.685095e+00  2.071769e+00  
   4.2068300  1.584020e+00  2.732046e+00  1.583902e+00  2.732327e+00  1.678255e+00  2.146765e+00  
   4.2278299  1.531052e+00  2.829778e+00  1.530908e+00  2.830065e+00  1.663203e+00  2.232042e+00  
   4.2488298  1.465922e+00  2.928343e+00  1.465752e+00  2.928628e+00  1.638425e+00  2.323052e+00  
   4.2698302  1.388148e+00  3.025986e+00  1.387949e+00  3.026265e+00  1.602390e+00  2.418439e+00  
   4.2908301  1.297557e+00  3.120869e+00  1.297328e+00  3.121135e+00  1.553824e+00  2.516466e+00  
   4.3108301  1.199486e+00  3.206967e+00  1.199229e+00  3.207217e+00  1.495070e+00  2.610409e+00  
   4.3318300  1.084541e+00  3.291116e+00  1.084253e+00  3.291345e+00  1.419766e+00  2.707455e+00  
   4.3528299  9.580361e-01  3.367092e+00  9.577193e-01  3.367296e+00  1.330495e+00  2.800460e+00  
   4.3738298  8.209540e-01  3.433177e+00  8.206075e-01  3.433357e+00  1.227757e+00  2.886936e+00  
   4.3948302  6.745178e-01  3.487766e+00  6.741428e-01  3.487921e+00  1.112585e+00  2.964482e+00  
   4.4158301  5.201901e-01  3.529387e+00  5.197881e-01  3.529517e+00  9.865277e-01  3.030887e+00  
   4.4358301  3.673909e-01  3.555782e+00  3.669650e-01  3.555892e+00  8.581648e-01  3.082058e+00  
   4.4568300  2.026146e-01  3.568526e+00  2.021653e-01  3.568618e+00  7.169089e-01  3.121701e+00  
   4.4778299  3.537016e-02  3.565085e+00  3.489992e-02  3.565162e+00  5.715561e-01  3.145953e+00  
   4.4988298  -1.322019e-01  3.544873e+00  -1.326899e-01  3.544940e+00  4.247944e-01  3.154365e+00  
   4.5198302  -2.978650e-01  3.507630e+00  -2.983677e-01  3.507689e+00  2.792835e-01  3.147031e+00  
   4.5408301  -4.593210e-01  3.453469e+00  -4.598349e-01  3.453526e+00  1.375392e-01  3.124561e+00  
   4.5608301  -6.070912e-01  3.386626e+00  -6.076123e-01  3.386682e+00  8.096530e-03  3.090056e+00  
   4.5818300  -7.538305e-01  3.301314e+00  -7.543557e-01  3.301372e+00  -1.201673e-01  3.041437e+00  
   4.6034298  -8.936394e-01  3.198812e+00  -8.941652e-01  3.198872e+00  -2.423781e-01  2.979950e+00  
   4.6234298  -1.011339e+00  3.092220e+00  -1.011862e+00  3.092283e+00  -3.457582e-01  2.914391e+00  
   4.6444302  -1.121317e+00  2.970270e+00  -1.121834e+00  2.970334e+00  -4.435725e-01  2.838501e+00  
   4.6654301  -1.216279e+00  2.840430e+00  -1.216788e+00  2.840495e+00  -5.301459e-01  2.757282e+00  
   4.6864300  -1.295585e+00  2.705297e+00  -1.296083e+00  2.705360e+00  -6.055719e-01  2.672559e+00  
   4.7074299  -1.359074e+00  2.567545e+00  -1.359560e+00  2.567603e+00  -6.702185e-01  2.586009e+00  
   4.7274299  -1.405123e+00  2.436314e+00  -1.405596e+00  2.436364e+00  -7.222908e-01  2.503252e+00  
   4.7484298  -1.439062e+00  2.300833e+00  -1.439520e+00  2.300871e+00  -7.676847e-01  2.417253e+00  
   4.7694302  -1.459354e+00  2.169860e+00  -1.459795e+00  2.169883e+00  -8.043642e-01  2.333240e+00  
   4.7904301  -1.467426e+00  2.045221e+00  -1.467850e+00  2.045226e+00  -8.331758e-01  2.252099e+00  
   4.8114300  -1.464909e+00  1.928332e+00  -1.465314e+00  1.928315e+00  -8.549754e-01  2.174517e+00  
   4.8324299  -1.453531e+00  1.820185e+00  -1.453915e+00  1.820145e+00  -8.706009e-01  2.101004e+00  
   4.8524299  -1.436042e+00  1.725857e+00  -1.436405e+00  1.725793e+00  -8.804759e-01  2.035097e+00  
   4.8734298  -1.412284e+00  1.636129e+00  -1.412624e+00  1.636039e+00  -8.863131e-01  1.970409e+00  
   4.8944302  -1.384499e+00  1.555856e+00  -1.384815e+00  1.555739e+00  -8.881993e-01  1.910435e+00  
   4.9154301  -1.354037e+00  1.484701e+00  -1.354326e+00  1.484558e+00  -8.867785e-01  1.855165e+00  
   4.9364300  -1.322046e+00  1.422139e+00  -1.322308e+00  1.421971e+00  -8.826355e-01  1.804501e+00  
   4.9574299  -1.289472e+00  1.367518e+00  -1.289706e+00  1.367326e+00  -8.762942e-01  1.758280e+00  
   4.9774299  -1.258597e+00  1.322222e+00  -1.258803e+00  1.322009e+00  -8.686367e-01  1.718194e+00  
   4.9984298  -1.226886e+00  1.281005e+00  -1.227062e+00  1.280772e+00  -8.592883e-01  1.679991e+00  
