w Re-xx Im-xx Re-yy Im-yy Re-zz Im-zz
# Gaussian absolute broadening  0.15 [eV]
   0.0000000  7.678661e-01  8.817460e-05  7.678713e-01  8.817872e-05  7.269754e-01  7.955588e-05  
   0.0200000  7.679659e-01  9.436920e-05  7.679709e-01  9.437369e-05  7.270651e-01  8.514310e-05  
   0.0410000  7.680847e-01  1.014283e-04  7.680895e-01  1.014332e-04  7.271720e-01  9.150973e-05  
   0.0620000  7.682194e-01  1.090916e-04  7.682244e-01  1.090969e-04  7.272940e-01  9.842121e-05  
   0.0830000  7.683729e-01  1.173933e-04  7.683778e-01  1.173990e-04  7.274323e-01  1.059079e-04  
   0.1040000  7.685469e-01  1.263625e-04  7.685519e-01  1.263686e-04  7.275893e-01  1.139962e-04  
   0.1240000  7.687334e-01  1.355464e-04  7.687384e-01  1.355529e-04  7.277573e-01  1.222777e-04  
   0.1450000  7.689536e-01  1.458787e-04  7.689584e-01  1.458855e-04  7.279562e-01  1.315941e-04  
   0.1660000  7.692007e-01  1.569233e-04  7.692056e-01  1.569305e-04  7.281790e-01  1.415520e-04  
   0.1870000  7.694772e-01  1.686767e-04  7.694822e-01  1.686842e-04  7.284284e-01  1.521483e-04  
   0.2080000  7.697846e-01  1.811243e-04  7.697896e-01  1.811322e-04  7.287056e-01  1.633695e-04  
   0.2290000  7.701250e-01  1.942410e-04  7.701300e-01  1.942493e-04  7.290127e-01  1.751928e-04  
   0.2490000  7.704811e-01  2.073230e-04  7.704862e-01  2.073315e-04  7.293339e-01  1.869836e-04  
   0.2700000  7.708901e-01  2.216366e-04  7.708953e-01  2.216454e-04  7.297027e-01  1.998830e-04  
   0.2910000  7.713358e-01  2.364925e-04  7.713411e-01  2.365018e-04  7.301048e-01  2.132697e-04  
   0.3120000  7.718192e-01  2.518374e-04  7.718244e-01  2.518470e-04  7.305409e-01  2.270949e-04  
   0.3330000  7.723408e-01  2.676159e-04  7.723458e-01  2.676259e-04  7.310110e-01  2.413091e-04  
   0.3540000  7.729004e-01  2.837750e-04  7.729057e-01  2.837855e-04  7.315157e-01  2.558637e-04  
   0.3740000  7.734694e-01  2.994728e-04  7.734746e-01  2.994839e-04  7.320288e-01  2.700007e-04  
   0.3950000  7.741042e-01  3.162367e-04  7.741094e-01  3.162483e-04  7.326010e-01  2.850950e-04  
   0.4160000  7.747774e-01  3.332511e-04  7.747825e-01  3.332632e-04  7.332076e-01  3.004121e-04  
   0.4374300  7.755042e-01  3.508402e-04  7.755094e-01  3.508529e-04  7.338629e-01  3.162434e-04  
   0.4574300  7.762181e-01  3.674393e-04  7.762232e-01  3.674526e-04  7.345063e-01  3.311804e-04  
   0.4784300  7.770051e-01  3.850421e-04  7.770104e-01  3.850560e-04  7.352156e-01  3.470173e-04  
   0.4994300  7.778298e-01  4.028110e-04  7.778353e-01  4.028256e-04  7.359591e-01  3.630001e-04  
   0.5204300  7.786933e-01  4.207391e-04  7.786986e-01  4.207541e-04  7.367367e-01  3.791218e-04  
   0.5414300  7.795945e-01  4.388227e-04  7.796000e-01  4.388381e-04  7.375489e-01  3.953794e-04  
   0.5614300  7.804890e-01  4.561896e-04  7.804944e-01  4.562054e-04  7.383552e-01  4.109886e-04  
   0.5824300  7.814659e-01  4.745784e-04  7.814716e-01  4.745947e-04  7.392350e-01  4.275118e-04  
   0.6034300  7.824817e-01  4.931270e-04  7.824872e-01  4.931438e-04  7.401500e-01  4.441746e-04  
   0.6244300  7.835370e-01  5.118418e-04  7.835426e-01  5.118591e-04  7.411007e-01  4.609815e-04  
   0.6454300  7.846318e-01  5.307279e-04  7.846375e-01  5.307458e-04  7.420866e-01  4.779371e-04  
   0.6664300  7.857667e-01  5.497908e-04  7.857724e-01  5.498093e-04  7.431083e-01  4.950463e-04  
   0.6864300  7.868845e-01  5.681168e-04  7.868903e-01  5.681359e-04  7.441149e-01  5.114890e-04  
   0.7074300  7.880983e-01  5.875452e-04  7.881039e-01  5.875651e-04  7.452077e-01  5.289153e-04  
   0.7284300  7.893529e-01  6.071711e-04  7.893587e-01  6.071918e-04  7.463368e-01  5.465128e-04  
   0.7494300  7.906489e-01  6.270022e-04  7.906550e-01  6.270241e-04  7.475036e-01  5.642884e-04  
   0.7704300  7.919868e-01  6.470458e-04  7.919928e-01  6.470688e-04  7.487074e-01  5.822483e-04  
   0.7914300  7.933672e-01  6.673104e-04  7.933733e-01  6.673347e-04  7.499496e-01  6.003993e-04  
   0.8114300  7.947209e-01  6.868223e-04  7.947270e-01  6.868480e-04  7.511676e-01  6.178699e-04  
   0.8324300  7.961851e-01  7.075423e-04  7.961912e-01  7.075691e-04  7.524846e-01  6.364149e-04  
   0.8540300  7.977368e-01  7.291113e-04  7.977430e-01  7.291396e-04  7.538802e-01  6.557120e-04  
   0.8740300  7.992149e-01  7.493232e-04  7.992212e-01  7.493531e-04  7.552095e-01  6.737887e-04  
   0.8950300  8.008110e-01  7.708053e-04  8.008173e-01  7.708364e-04  7.566445e-01  6.929928e-04  
   0.9160300  8.024523e-01  7.925627e-04  8.024585e-01  7.925952e-04  7.581201e-01  7.124349e-04  
   0.9370300  8.041393e-01  8.146056e-04  8.041458e-01  8.146393e-04  7.596364e-01  7.321240e-04  
   0.9580300  8.058731e-01  8.369446e-04  8.058798e-01  8.369799e-04  7.611945e-01  7.520692e-04  
   0.9780300  8.075686e-01  8.585063e-04  8.075753e-01  8.585429e-04  7.627179e-01  7.713117e-04  
   0.9990300  8.093953e-01  8.814567e-04  8.094020e-01  8.814950e-04  7.643589e-01  7.917846e-04  
   1.0200300  8.112708e-01  9.047369e-04  8.112776e-01  9.047768e-04  7.660436e-01  8.125425e-04  
   1.0410300  8.131957e-01  9.283591e-04  8.132024e-01  9.284004e-04  7.677719e-01  8.335956e-04  
   1.0620300  8.151708e-01  9.523352e-04  8.151777e-01  9.523784e-04  7.695454e-01  8.549544e-04  
   1.0830300  8.171964e-01  9.766775e-04  8.172037e-01  9.767226e-04  7.713637e-01  8.766291e-04  
   1.1030300  8.191735e-01  1.000212e-03  8.191807e-01  1.000260e-03  7.731382e-01  8.975753e-04  
   1.1240300  8.213006e-01  1.025307e-03  8.213078e-01  1.025356e-03  7.750467e-01  9.198987e-04  
   1.1450300  8.234809e-01  1.050806e-03  8.234881e-01  1.050858e-03  7.770024e-01  9.425718e-04  
   1.1660300  8.257148e-01  1.076725e-03  8.257227e-01  1.076779e-03  7.790065e-01  9.656053e-04  
   1.1870300  8.280042e-01  1.103076e-03  8.280117e-01  1.103133e-03  7.810591e-01  9.890127e-04  
   1.2080300  8.303489e-01  1.129876e-03  8.303566e-01  1.129936e-03  7.831612e-01  1.012806e-03  
   1.2280300  8.326344e-01  1.155832e-03  8.326423e-01  1.155894e-03  7.852097e-01  1.035839e-03  
   1.2490300  8.350905e-01  1.183555e-03  8.350983e-01  1.183620e-03  7.874106e-01  1.060426e-03  
   1.2706300  8.376782e-01  1.212590e-03  8.376864e-01  1.212657e-03  7.897288e-01  1.086164e-03  
   1.2906300  8.401303e-01  1.239961e-03  8.401385e-01  1.240030e-03  7.919250e-01  1.110413e-03  
   1.3116300  8.427646e-01  1.269223e-03  8.427731e-01  1.269295e-03  7.942837e-01  1.136325e-03  
   1.3326300  8.454608e-01  1.299040e-03  8.454691e-01  1.299113e-03  7.966971e-01  1.162712e-03  
   1.3536299  8.482201e-01  1.329432e-03  8.482287e-01  1.329507e-03  7.991664e-01  1.189594e-03  
   1.3746300  8.510439e-01  1.360422e-03  8.510525e-01  1.360497e-03  8.016928e-01  1.216989e-03  
   1.3946300  8.537943e-01  1.390512e-03  8.538032e-01  1.390588e-03  8.041533e-01  1.243575e-03  
   1.4156300  8.567480e-01  1.422733e-03  8.567570e-01  1.422810e-03  8.067942e-01  1.272028e-03  
   1.4366300  8.597701e-01  1.455621e-03  8.597792e-01  1.455699e-03  8.094957e-01  1.301054e-03  
   1.4576300  8.628621e-01  1.489199e-03  8.628715e-01  1.489278e-03  8.122591e-01  1.330675e-03  
   1.4786299  8.660259e-01  1.523495e-03  8.660353e-01  1.523575e-03  8.150856e-01  1.360912e-03  
   1.4996300  8.692624e-01  1.558536e-03  8.692722e-01  1.558616e-03  8.179764e-01  1.391790e-03  
   1.5196300  8.724137e-01  1.592624e-03  8.724235e-01  1.592706e-03  8.207901e-01  1.421817e-03  
   1.5406300  8.757970e-01  1.629200e-03  8.758069e-01  1.629284e-03  8.238100e-01  1.454020e-03  
   1.5616300  8.792580e-01  1.666607e-03  8.792683e-01  1.666693e-03  8.268985e-01  1.486945e-03  
   1.5826300  8.827981e-01  1.704877e-03  8.828086e-01  1.704965e-03  8.300565e-01  1.520622e-03  
   1.6036299  8.864200e-01  1.744045e-03  8.864306e-01  1.744136e-03  8.332859e-01  1.555085e-03  
   1.6246300  8.901246e-01  1.784148e-03  8.901355e-01  1.784242e-03  8.365886e-01  1.590371e-03  
   1.6446300  8.937314e-01  1.823243e-03  8.937426e-01  1.823341e-03  8.398029e-01  1.624779e-03  
   1.6656300  8.976038e-01  1.865282e-03  8.976149e-01  1.865383e-03  8.432522e-01  1.661794e-03  
   1.6872300  9.016803e-01  1.909623e-03  9.016914e-01  1.909730e-03  8.468825e-01  1.700867e-03  
   1.7072300  9.055405e-01  1.951720e-03  9.055521e-01  1.951830e-03  8.503191e-01  1.738000e-03  
   1.7282300  9.096860e-01  1.997044e-03  9.096978e-01  1.997160e-03  8.540080e-01  1.778036e-03  
   1.7492300  9.139272e-01  2.043573e-03  9.139392e-01  2.043694e-03  8.577809e-01  1.819210e-03  
   1.7702301  9.182671e-01  2.091362e-03  9.182793e-01  2.091489e-03  8.616403e-01  1.861593e-03  
   1.7912300  9.227088e-01  2.140474e-03  9.227213e-01  2.140605e-03  8.655888e-01  1.905264e-03  
   1.8112299  9.270367e-01  2.188536e-03  9.270492e-01  2.188673e-03  8.694343e-01  1.948129e-03  
   1.8322300  9.316849e-01  2.240423e-03  9.316979e-01  2.240566e-03  8.735631e-01  1.994565e-03  
   1.8532300  9.364439e-01  2.293843e-03  9.364574e-01  2.293990e-03  8.777885e-01  2.042557e-03  
   1.8742300  9.413165e-01  2.348875e-03  9.413302e-01  2.349028e-03  8.821133e-01  2.092219e-03  
   1.8952301  9.463060e-01  2.405612e-03  9.463203e-01  2.405770e-03  8.865396e-01  2.143668e-03  
   1.9162300  9.514163e-01  2.464148e-03  9.514307e-01  2.464312e-03  8.910709e-01  2.197039e-03  
   1.9362299  9.563975e-01  2.521668e-03  9.564119e-01  2.521835e-03  8.954865e-01  2.249796e-03  
   1.9572300  9.617522e-01  2.584036e-03  9.617672e-01  2.584208e-03  9.002310e-01  2.307380e-03  
   1.9782300  9.672393e-01  2.648552e-03  9.672546e-01  2.648728e-03  9.050899e-01  2.367405e-03  
   1.9992300  9.728609e-01  2.715355e-03  9.728765e-01  2.715538e-03  9.100658e-01  2.430094e-03  
   2.0202301  9.786230e-01  2.784608e-03  9.786388e-01  2.784794e-03  9.151639e-01  2.495708e-03  
   2.0412300  9.845287e-01  2.856481e-03  9.845449e-01  2.856674e-03  9.203866e-01  2.564540e-03  
   2.0612299  9.902915e-01  2.927548e-03  9.903082e-01  2.927746e-03  9.254800e-01  2.633381e-03  
   2.0822301  9.964930e-01  3.005122e-03  9.965100e-01  3.005326e-03  9.309584e-01  2.709466e-03  
   2.1038301  1.003038e+00  3.088317e-03  1.003055e+00  3.088528e-03  9.367379e-01  2.792195e-03  
   2.1238301  1.009254e+00  3.168675e-03  1.009272e+00  3.168893e-03  9.422225e-01  2.873233e-03  
   2.1448300  1.015947e+00  3.256773e-03  1.015966e+00  3.256999e-03  9.481258e-01  2.963362e-03  
   2.1658299  1.022818e+00  3.348998e-03  1.022836e+00  3.349234e-03  9.541808e-01  3.059134e-03  
   2.1868300  1.029873e+00  3.445707e-03  1.029891e+00  3.445954e-03  9.603945e-01  3.161074e-03  
   2.2078300  1.037117e+00  3.547277e-03  1.037137e+00  3.547537e-03  9.667712e-01  3.269737e-03  
   2.2278299  1.044203e+00  3.648921e-03  1.044223e+00  3.649194e-03  9.730027e-01  3.380024e-03  
   2.2488301  1.051843e+00  3.761241e-03  1.051864e+00  3.761529e-03  9.797167e-01  3.503580e-03  
   2.2698300  1.059697e+00  3.879783e-03  1.059719e+00  3.880085e-03  9.866131e-01  3.635745e-03  
   2.2908299  1.067775e+00  4.005086e-03  1.067797e+00  4.005407e-03  9.936996e-01  3.777256e-03  
   2.3118300  1.076086e+00  4.137742e-03  1.076109e+00  4.138080e-03  1.000983e+00  3.928895e-03  
   2.3328300  1.084639e+00  4.278381e-03  1.084663e+00  4.278740e-03  1.008470e+00  4.091481e-03  
   2.3528299  1.093020e+00  4.420377e-03  1.093043e+00  4.420753e-03  1.015798e+00  4.257299e-03  
   2.3738301  1.102076e+00  4.578645e-03  1.102101e+00  4.579044e-03  1.023709e+00  4.443804e-03  
   2.3948300  1.111408e+00  4.747101e-03  1.111434e+00  4.747523e-03  1.031849e+00  4.643939e-03  
   2.4158299  1.121029e+00  4.926626e-03  1.121055e+00  4.927070e-03  1.040229e+00  4.858695e-03  
   2.4368300  1.130951e+00  5.118184e-03  1.130978e+00  5.118651e-03  1.048858e+00  5.089101e-03  
   2.4578300  1.141190e+00  5.322828e-03  1.141218e+00  5.323319e-03  1.057750e+00  5.336245e-03  
   2.4778299  1.151251e+00  5.530964e-03  1.151279e+00  5.531479e-03  1.066472e+00  5.588241e-03  
   2.4988301  1.162155e+00  5.764662e-03  1.162185e+00  5.765202e-03  1.075910e+00  5.871512e-03  
   2.5204301  1.173757e+00  6.022758e-03  1.173787e+00  6.023327e-03  1.085932e+00  6.184276e-03  
   2.5404301  1.184867e+00  6.279319e-03  1.184898e+00  6.279917e-03  1.095511e+00  6.494688e-03  
   2.5614300  1.196934e+00  6.568766e-03  1.196967e+00  6.569399e-03  1.105894e+00  6.843891e-03  
   2.5824299  1.209439e+00  6.880964e-03  1.209472e+00  6.881633e-03  1.116629e+00  7.218964e-03  
   2.6034300  1.222408e+00  7.218570e-03  1.222443e+00  7.219279e-03  1.127738e+00  7.622317e-03  
   2.6244299  1.235873e+00  7.584778e-03  1.235909e+00  7.585530e-03  1.139241e+00  8.056741e-03  
   2.6444299  1.249188e+00  7.963754e-03  1.249225e+00  7.964559e-03  1.150589e+00  8.502442e-03  
   2.6654301  1.263723e+00  8.398169e-03  1.263761e+00  8.399035e-03  1.162941e+00  9.007827e-03  
   2.6864300  1.278865e+00  8.876228e-03  1.278906e+00  8.877166e-03  1.175770e+00  9.556307e-03  
   2.7074299  1.294665e+00  9.406320e-03  1.294707e+00  9.407341e-03  1.189112e+00  1.015393e-02  
   2.7284300  1.311176e+00  9.999623e-03  1.311219e+00  1.000075e-02  1.203004e+00  1.080830e-02  
   2.7494299  1.328459e+00  1.067121e-02  1.328504e+00  1.067246e-02  1.217487e+00  1.152917e-02  
   2.7694299  1.345700e+00  1.140231e-02  1.345748e+00  1.140370e-02  1.231876e+00  1.228905e-02  
   2.7904301  1.364699e+00  1.229259e-02  1.364749e+00  1.229418e-02  1.247659e+00  1.317972e-02  
   2.8114300  1.384703e+00  1.334523e-02  1.384754e+00  1.334709e-02  1.264193e+00  1.418649e-02  
   2.8324299  1.405808e+00  1.461037e-02  1.405862e+00  1.461256e-02  1.281543e+00  1.533731e-02  
   2.8534300  1.428124e+00  1.615480e-02  1.428181e+00  1.615744e-02  1.299784e+00  1.666868e-02  
   2.8744299  1.451766e+00  1.806637e-02  1.451827e+00  1.806961e-02  1.318995e+00  1.822780e-02  
   2.8944299  1.475630e+00  2.033218e-02  1.475693e+00  2.033618e-02  1.338275e+00  1.997984e-02  
   2.9154301  1.502223e+00  2.331757e-02  1.502290e+00  2.332264e-02  1.359640e+00  2.217400e-02  
   2.9370301  1.531346e+00  2.722348e-02  1.531417e+00  2.723001e-02  1.382918e+00  2.491033e-02  
   2.9570301  1.560020e+00  3.180237e-02  1.560097e+00  3.181069e-02  1.405743e+00  2.799070e-02  
   2.9780300  1.591990e+00  3.786320e-02  1.592070e+00  3.787395e-02  1.431123e+00  3.193520e-02  
   2.9990301  1.625928e+00  4.551337e-02  1.626015e+00  4.552722e-02  1.458045e+00  3.678536e-02  
   3.0200300  1.661857e+00  5.510691e-02  1.661949e+00  5.512472e-02  1.486590e+00  4.275781e-02  
   3.0410299  1.699736e+00  6.703702e-02  1.699833e+00  6.705973e-02  1.516820e+00  5.010833e-02  
   3.0610299  1.737520e+00  8.095748e-02  1.737623e+00  8.098591e-02  1.547208e+00  5.866066e-02  
   3.0820301  1.778799e+00  9.867983e-02  1.778908e+00  9.871542e-02  1.580782e+00  6.959172e-02  
   3.1030300  1.821426e+00  1.200086e-01  1.821541e+00  1.200526e-01  1.615999e+00  8.288553e-02  
   3.1240301  1.865005e+00  1.453487e-01  1.865126e+00  1.454024e-01  1.652729e+00  9.894026e-02  
   3.1450300  1.909030e+00  1.750492e-01  1.909156e+00  1.751139e-01  1.690755e+00  1.181690e-01  
   3.1660299  1.952900e+00  2.093776e-01  1.953031e+00  2.094544e-01  1.729774e+00  1.409847e-01  
   3.1860299  1.993918e+00  2.465194e-01  1.994052e+00  2.466084e-01  1.767484e+00  1.664052e-01  
   3.2070301  2.035475e+00  2.902161e-01  2.035612e+00  2.903184e-01  1.807171e+00  1.973018e-01  
   3.2280300  2.074739e+00  3.386063e-01  2.074879e+00  3.387221e-01  1.846356e+00  2.327680e-01  
   3.2490301  2.110963e+00  3.914167e-01  2.111104e+00  3.915457e-01  1.884349e+00  2.729670e-01  
   3.2700300  2.143452e+00  4.482163e-01  2.143592e+00  4.483579e-01  1.920391e+00  3.179285e-01  
   3.2910299  2.171604e+00  5.084356e-01  2.171742e+00  5.085884e-01  1.953690e+00  3.675278e-01  
   3.3110299  2.193949e+00  5.683411e-01  2.194086e+00  5.685026e-01  1.982125e+00  4.188078e-01  
   3.3320301  2.212412e+00  6.331889e-01  2.212545e+00  6.333578e-01  2.007814e+00  4.764461e-01  
   3.3536301  2.225907e+00  7.011381e-01  2.226036e+00  7.013124e-01  2.029088e+00  5.391222e-01  
   3.3736300  2.233459e+00  7.644357e-01  2.233583e+00  7.646124e-01  2.043622e+00  5.994797e-01  
   3.3946300  2.236461e+00  8.305684e-01  2.236581e+00  8.307453e-01  2.053172e+00  6.643726e-01  
   3.4156301  2.234757e+00  8.957183e-01  2.234873e+00  8.958929e-01  2.056699e+00  7.298391e-01  
   3.4366300  2.228809e+00  9.593464e-01  2.228920e+00  9.595168e-01  2.054245e+00  7.948465e-01  
   3.4576299  2.219157e+00  1.021057e+00  2.219261e+00  1.021222e+00  2.046077e+00  8.583854e-01  
   3.4776299  2.207044e+00  1.077817e+00  2.207144e+00  1.077975e+00  2.033430e+00  9.166787e-01  
   3.4986300  2.191806e+00  1.135195e+00  2.191898e+00  1.135345e+00  2.015683e+00  9.747797e-01  
   3.5196300  2.174496e+00  1.190301e+00  2.174582e+00  1.190444e+00  1.994174e+00  1.029070e+00  
   3.5406301  2.155564e+00  1.243236e+00  2.155642e+00  1.243371e+00  1.969831e+00  1.079119e+00  
   3.5616300  2.135363e+00  1.294150e+00  2.135433e+00  1.294278e+00  1.943625e+00  1.124717e+00  
   3.5826299  2.114148e+00  1.343217e+00  2.114211e+00  1.343339e+00  1.916508e+00  1.165883e+00  
   3.6026299  2.093155e+00  1.388379e+00  2.093211e+00  1.388495e+00  1.890637e+00  1.201175e+00  
   3.6236300  2.070375e+00  1.434266e+00  2.070423e+00  1.434378e+00  1.864144e+00  1.234510e+00  
   3.6446300  2.046888e+00  1.478645e+00  2.046928e+00  1.478754e+00  1.838914e+00  1.264561e+00  
   3.6656301  2.022727e+00  1.521517e+00  2.022760e+00  1.521623e+00  1.815339e+00  1.291942e+00  
   3.6866300  1.997942e+00  1.562822e+00  1.997969e+00  1.562926e+00  1.793621e+00  1.317293e+00  
   3.7076299  1.972625e+00  1.602457e+00  1.972647e+00  1.602558e+00  1.773785e+00  1.341220e+00  
   3.7276299  1.948163e+00  1.638538e+00  1.948183e+00  1.638638e+00  1.756533e+00  1.363168e+00  
   3.7486300  1.922338e+00  1.674568e+00  1.922358e+00  1.674667e+00  1.739930e+00  1.385732e+00  
   3.7702301  1.895957e+00  1.709571e+00  1.895976e+00  1.709668e+00  1.724193e+00  1.408722e+00  
   3.7902300  1.872057e+00  1.740120e+00  1.872079e+00  1.740217e+00  1.710587e+00  1.429959e+00  
   3.8112299  1.847946e+00  1.770371e+00  1.847971e+00  1.770467e+00  1.697098e+00  1.452249e+00  
   3.8322301  1.825312e+00  1.798972e+00  1.825343e+00  1.799068e+00  1.684310e+00  1.474496e+00  
   3.8532300  1.804639e+00  1.826281e+00  1.804676e+00  1.826378e+00  1.672216e+00  1.496621e+00  
   3.8742299  1.786368e+00  1.852804e+00  1.786412e+00  1.852902e+00  1.660932e+00  1.518554e+00  
   3.8942299  1.771537e+00  1.877919e+00  1.771590e+00  1.878019e+00  1.651146e+00  1.539253e+00  
   3.9152300  1.758906e+00  1.904869e+00  1.758965e+00  1.904974e+00  1.642174e+00  1.560855e+00  
   3.9362299  1.749390e+00  1.933267e+00  1.749455e+00  1.933377e+00  1.634892e+00  1.582521e+00  
   3.9572301  1.742910e+00  1.964048e+00  1.742978e+00  1.964164e+00  1.629660e+00  1.604598e+00  
   3.9782300  1.739172e+00  1.998176e+00  1.739242e+00  1.998301e+00  1.626791e+00  1.627580e+00  
   3.9992299  1.737658e+00  2.036600e+00  1.737727e+00  2.036736e+00  1.626499e+00  1.652112e+00  
   4.0192299  1.737603e+00  2.077998e+00  1.737666e+00  2.078145e+00  1.628681e+00  1.677619e+00  
   4.0402298  1.738068e+00  2.127248e+00  1.738122e+00  2.127407e+00  1.633445e+00  1.707484e+00  
   4.0612302  1.737919e+00  2.183012e+00  1.737960e+00  2.183184e+00  1.640414e+00  1.741409e+00  
   4.0822301  1.735819e+00  2.245679e+00  1.735842e+00  2.245865e+00  1.649016e+00  1.780317e+00  
   4.1032300  1.730311e+00  2.315393e+00  1.730312e+00  2.315590e+00  1.658424e+00  1.825084e+00  
   4.1242299  1.719869e+00  2.392018e+00  1.719843e+00  2.392226e+00  1.667561e+00  1.876479e+00  
   4.1442299  1.703936e+00  2.471032e+00  1.703879e+00  2.471248e+00  1.674815e+00  1.932133e+00  
   4.1652298  1.679502e+00  2.559653e+00  1.679411e+00  2.559874e+00  1.679458e+00  1.997968e+00  
   4.1868300  1.644731e+00  2.655828e+00  1.644601e+00  2.656049e+00  1.679331e+00  2.073674e+00  
   4.2068300  1.602710e+00  2.748257e+00  1.602543e+00  2.748475e+00  1.673128e+00  2.150754e+00  
   4.2278299  1.547480e+00  2.847386e+00  1.547271e+00  2.847595e+00  1.658588e+00  2.238303e+00  
   4.2488298  1.480166e+00  2.947034e+00  1.479917e+00  2.947231e+00  1.634136e+00  2.331612e+00  
   4.2698302  1.400328e+00  3.045436e+00  1.400038e+00  3.045617e+00  1.598213e+00  2.429257e+00  
   4.2908301  1.307815e+00  3.140736e+00  1.307485e+00  3.140897e+00  1.549522e+00  2.529421e+00  
   4.3108301  1.208051e+00  3.226890e+00  1.207686e+00  3.227030e+00  1.490412e+00  2.625210e+00  
   4.3318300  1.091464e+00  3.310706e+00  1.091065e+00  3.310822e+00  1.414475e+00  2.723904e+00  
   4.3528299  9.634426e-01  3.385919e+00  9.630134e-01  3.386008e+00  1.324309e+00  2.818163e+00  
   4.3738298  8.249515e-01  3.450789e+00  8.244951e-01  3.450852e+00  1.220434e+00  2.905403e+00  
   4.3948302  6.772019e-01  3.503712e+00  6.767228e-01  3.503747e+00  1.103913e+00  2.983123e+00  
   4.4158301  5.216547e-01  3.543243e+00  5.211564e-01  3.543248e+00  9.763443e-01  3.049037e+00  
   4.4358301  3.677895e-01  3.567303e+00  3.672763e-01  3.567283e+00  8.464515e-01  3.099061e+00  
   4.4568300  2.020139e-01  3.577325e+00  2.014883e-01  3.577276e+00  7.035649e-01  3.136749e+00  
   4.4778299  3.392261e-02  3.571000e+00  3.338747e-02  3.570920e+00  5.566397e-01  3.158261e+00  
   4.4988298  -1.343082e-01  3.547878e+00  -1.348500e-01  3.547767e+00  4.084530e-01  3.163169e+00  
   4.5198302  -3.004073e-01  3.507847e+00  -3.009535e-01  3.507705e+00  2.617542e-01  3.151622e+00  
   4.5408301  -4.620471e-01  3.451163e+00  -4.625948e-01  3.450989e+00  1.191455e-01  3.124315e+00  
   4.5608301  -6.097413e-01  3.382280e+00  -6.102880e-01  3.382074e+00  -1.074714e-02  3.084734e+00  
   4.5818300  -7.561325e-01  3.295298e+00  -7.566755e-01  3.295058e+00  -1.390269e-01  3.030433e+00  
   4.6034298  -8.953077e-01  3.191646e+00  -8.958434e-01  3.191370e+00  -2.607118e-01  2.962905e+00  
   4.6234298  -1.012195e+00  3.084523e+00  -1.012721e+00  3.084214e+00  -3.630832e-01  2.891746e+00  
   4.6444302  -1.121125e+00  2.962549e+00  -1.121636e+00  2.962209e+00  -4.592873e-01  2.810160e+00  
   4.6654301  -1.214884e+00  2.833184e+00  -1.215375e+00  2.832814e+00  -5.436987e-01  2.723612e+00  
   4.6864300  -1.292881e+00  2.698948e+00  -1.293349e+00  2.698550e+00  -6.164499e-01  2.634098e+00  
   4.7074299  -1.355010e+00  2.562420e+00  -1.355449e+00  2.562000e+00  -6.779730e-01  2.543437e+00  
   4.7274299  -1.399756e+00  2.432570e+00  -1.400165e+00  2.432133e+00  -7.267327e-01  2.457493e+00  
   4.7484298  -1.432357e+00  2.298673e+00  -1.432730e+00  2.298223e+00  -7.683949e-01  2.368974e+00  
   4.7694302  -1.451375e+00  2.169336e+00  -1.451708e+00  2.168880e+00  -8.011982e-01  2.283305e+00  
   4.7904301  -1.458259e+00  2.046313e+00  -1.458550e+00  2.045858e+00  -8.261111e-01  2.201348e+00  
   4.8114300  -1.454652e+00  1.930962e+00  -1.454900e+00  1.930514e+00  -8.441088e-01  2.123726e+00  
   4.8324299  -1.442287e+00  1.824239e+00  -1.442490e+00  1.823805e+00  -8.561382e-01  2.050858e+00  
   4.8524299  -1.423950e+00  1.731135e+00  -1.424111e+00  1.730720e+00  -8.628648e-01  1.986094e+00  
   4.8734298  -1.399393e+00  1.642542e+00  -1.399510e+00  1.642153e+00  -8.657573e-01  1.923041e+00  
   4.8944302  -1.370890e+00  1.563249e+00  -1.370965e+00  1.562889e+00  -8.651196e-01  1.865023e+00  
   4.9154301  -1.339776e+00  1.492920e+00  -1.339812e+00  1.492595e+00  -8.616260e-01  1.811907e+00  
   4.9364300  -1.307184e+00  1.431038e+00  -1.307183e+00  1.430752e+00  -8.558702e-01  1.763485e+00  
   4.9574299  -1.274045e+00  1.376963e+00  -1.274010e+00  1.376717e+00  -8.483673e-01  1.719499e+00  
   4.9774299  -1.242651e+00  1.332074e+00  -1.242586e+00  1.331868e+00  -8.400018e-01  1.681465e+00  
   4.9984298  -1.210402e+00  1.291176e+00  -1.210309e+00  1.291014e+00  -8.302956e-01  1.645280e+00  
