w Re-xx Im-xx Re-yy Im-yy Re-zz Im-zz
# Gaussian absolute broadening  0.15 [eV]
   0.0000000  7.707919e-01  8.919386e-05  7.708106e-01  8.919562e-05  7.265208e-01  7.923397e-05  
   0.0200000  7.708927e-01  9.545963e-05  7.709115e-01  9.546179e-05  7.266106e-01  8.479891e-05  
   0.0410000  7.710126e-01  1.025998e-04  7.710312e-01  1.026025e-04  7.267169e-01  9.114004e-05  
   0.0620000  7.711493e-01  1.103515e-04  7.711679e-01  1.103548e-04  7.268383e-01  9.802363e-05  
   0.0830000  7.713042e-01  1.187488e-04  7.713230e-01  1.187528e-04  7.269760e-01  1.054800e-04  
   0.1040000  7.714803e-01  1.278215e-04  7.714990e-01  1.278264e-04  7.271327e-01  1.135353e-04  
   0.1240000  7.716688e-01  1.371117e-04  7.716879e-01  1.371174e-04  7.273000e-01  1.217829e-04  
   0.1450000  7.718917e-01  1.475637e-04  7.719105e-01  1.475704e-04  7.274978e-01  1.310609e-04  
   0.1660000  7.721416e-01  1.587365e-04  7.721606e-01  1.587444e-04  7.277198e-01  1.409777e-04  
   0.1870000  7.724212e-01  1.706268e-04  7.724400e-01  1.706358e-04  7.279680e-01  1.515298e-04  
   0.2080000  7.727323e-01  1.832198e-04  7.727512e-01  1.832302e-04  7.282444e-01  1.627041e-04  
   0.2290000  7.730764e-01  1.964903e-04  7.730954e-01  1.965019e-04  7.285500e-01  1.744778e-04  
   0.2490000  7.734371e-01  2.097262e-04  7.734559e-01  2.097391e-04  7.288698e-01  1.862188e-04  
   0.2700000  7.738507e-01  2.242089e-04  7.738698e-01  2.242230e-04  7.292373e-01  1.990636e-04  
   0.2910000  7.743018e-01  2.392412e-04  7.743205e-01  2.392565e-04  7.296375e-01  2.123934e-04  
   0.3120000  7.747906e-01  2.547689e-04  7.748094e-01  2.547853e-04  7.300720e-01  2.261598e-04  
   0.3330000  7.753183e-01  2.707367e-04  7.753372e-01  2.707540e-04  7.305399e-01  2.403132e-04  
   0.3540000  7.758846e-01  2.870905e-04  7.759034e-01  2.871085e-04  7.310427e-01  2.548053e-04  
   0.3740000  7.764601e-01  3.029785e-04  7.764791e-01  3.029971e-04  7.315535e-01  2.688815e-04  
   0.3950000  7.771025e-01  3.199464e-04  7.771215e-01  3.199654e-04  7.321236e-01  2.839106e-04  
   0.4160000  7.777835e-01  3.371690e-04  7.778026e-01  3.371885e-04  7.327276e-01  2.991613e-04  
   0.4374300  7.785190e-01  3.549746e-04  7.785379e-01  3.549944e-04  7.333802e-01  3.149237e-04  
   0.4574300  7.792411e-01  3.717793e-04  7.792602e-01  3.717993e-04  7.340212e-01  3.297954e-04  
   0.4784300  7.800375e-01  3.896012e-04  7.800567e-01  3.896216e-04  7.347273e-01  3.455628e-04  
   0.4994300  7.808722e-01  4.075926e-04  7.808914e-01  4.076134e-04  7.354674e-01  3.614748e-04  
   0.5204300  7.817456e-01  4.257463e-04  7.817648e-01  4.257677e-04  7.362421e-01  3.775249e-04  
   0.5414300  7.826578e-01  4.440587e-04  7.826771e-01  4.440809e-04  7.370509e-01  3.937096e-04  
   0.5614300  7.835627e-01  4.616468e-04  7.835820e-01  4.616697e-04  7.378533e-01  4.092483e-04  
   0.5824300  7.845514e-01  4.802713e-04  7.845709e-01  4.802952e-04  7.387298e-01  4.256962e-04  
   0.6034300  7.855793e-01  4.990601e-04  7.855987e-01  4.990852e-04  7.396409e-01  4.422823e-04  
   0.6244300  7.866474e-01  5.180184e-04  7.866670e-01  5.180450e-04  7.405873e-01  4.590107e-04  
   0.6454300  7.877555e-01  5.371520e-04  7.877752e-01  5.371799e-04  7.415691e-01  4.758861e-04  
   0.6664300  7.889040e-01  5.564673e-04  7.889236e-01  5.564965e-04  7.425863e-01  4.929138e-04  
   0.6864300  7.900355e-01  5.750378e-04  7.900551e-01  5.750683e-04  7.435886e-01  5.092769e-04  
   0.7074300  7.912641e-01  5.947280e-04  7.912837e-01  5.947601e-04  7.446766e-01  5.266177e-04  
   0.7284300  7.925342e-01  6.146208e-04  7.925538e-01  6.146542e-04  7.458009e-01  5.441278e-04  
   0.7494300  7.938462e-01  6.347242e-04  7.938660e-01  6.347590e-04  7.469626e-01  5.618138e-04  
   0.7704300  7.952006e-01  6.550463e-04  7.952206e-01  6.550823e-04  7.481612e-01  5.796818e-04  
   0.7914300  7.965979e-01  6.755952e-04  7.966178e-01  6.756326e-04  7.493977e-01  5.977387e-04  
   0.8114300  7.979688e-01  6.953841e-04  7.979888e-01  6.954225e-04  7.506103e-01  6.151176e-04  
   0.8324300  7.994508e-01  7.164007e-04  7.994710e-01  7.164403e-04  7.519212e-01  6.335640e-04  
   0.8540300  8.010221e-01  7.382825e-04  8.010423e-01  7.383232e-04  7.533107e-01  6.527575e-04  
   0.8740300  8.025190e-01  7.587909e-04  8.025392e-01  7.588327e-04  7.546341e-01  6.707352e-04  
   0.8950300  8.041353e-01  7.805915e-04  8.041556e-01  7.806345e-04  7.560625e-01  6.898333e-04  
   0.9160300  8.057975e-01  8.026750e-04  8.058178e-01  8.027192e-04  7.575312e-01  7.091668e-04  
   0.9370300  8.075063e-01  8.250523e-04  8.075268e-01  8.250978e-04  7.590408e-01  7.287441e-04  
   0.9580300  8.092623e-01  8.477345e-04  8.092827e-01  8.477814e-04  7.605917e-01  7.485749e-04  
   0.9780300  8.109796e-01  8.696307e-04  8.110001e-01  8.696792e-04  7.621078e-01  7.677057e-04  
   0.9990300  8.128301e-01  8.929418e-04  8.128508e-01  8.929918e-04  7.637414e-01  7.880582e-04  
   1.0200300  8.147301e-01  9.165925e-04  8.147509e-01  9.166439e-04  7.654179e-01  8.086924e-04  
   1.0410300  8.166802e-01  9.405950e-04  8.167011e-01  9.406483e-04  7.671381e-01  8.296182e-04  
   1.0620300  8.186816e-01  9.649622e-04  8.187025e-01  9.650172e-04  7.689030e-01  8.508459e-04  
   1.0830300  8.207341e-01  9.897066e-04  8.207551e-01  9.897634e-04  7.707128e-01  8.723861e-04  
   1.1030300  8.227376e-01  1.013636e-03  8.227589e-01  1.013694e-03  7.724786e-01  8.932003e-04  
   1.1240300  8.248934e-01  1.039156e-03  8.249147e-01  1.039215e-03  7.743776e-01  9.153807e-04  
   1.1450300  8.271033e-01  1.065093e-03  8.271245e-01  1.065155e-03  7.763240e-01  9.379061e-04  
   1.1660300  8.293679e-01  1.091463e-03  8.293894e-01  1.091526e-03  7.783181e-01  9.607878e-04  
   1.1870300  8.316885e-01  1.118280e-03  8.317101e-01  1.118345e-03  7.803605e-01  9.840378e-04  
   1.2080300  8.340657e-01  1.145561e-03  8.340876e-01  1.145628e-03  7.824519e-01  1.007669e-03  
   1.2280300  8.363830e-01  1.171988e-03  8.364048e-01  1.172056e-03  7.844899e-01  1.030542e-03  
   1.2490300  8.388734e-01  1.200222e-03  8.388953e-01  1.200291e-03  7.866793e-01  1.054956e-03  
   1.2706300  8.414980e-01  1.229800e-03  8.415202e-01  1.229871e-03  7.889859e-01  1.080509e-03  
   1.2906300  8.439849e-01  1.257690e-03  8.440072e-01  1.257762e-03  7.911705e-01  1.104581e-03  
   1.3116300  8.466573e-01  1.287516e-03  8.466796e-01  1.287590e-03  7.935169e-01  1.130300e-03  
   1.3326300  8.493922e-01  1.317917e-03  8.494146e-01  1.317992e-03  7.959176e-01  1.156488e-03  
   1.3536299  8.521914e-01  1.348913e-03  8.522142e-01  1.348989e-03  7.983735e-01  1.183162e-03  
   1.3746300  8.550569e-01  1.380529e-03  8.550797e-01  1.380606e-03  8.008863e-01  1.210342e-03  
   1.3946300  8.578482e-01  1.411236e-03  8.578714e-01  1.411315e-03  8.033331e-01  1.236715e-03  
   1.4156300  8.608459e-01  1.444131e-03  8.608692e-01  1.444210e-03  8.059596e-01  1.264935e-03  
   1.4366300  8.639137e-01  1.477717e-03  8.639370e-01  1.477798e-03  8.086459e-01  1.293717e-03  
   1.4576300  8.670531e-01  1.512022e-03  8.670764e-01  1.512105e-03  8.113936e-01  1.323084e-03  
   1.4786299  8.702656e-01  1.547074e-03  8.702890e-01  1.547158e-03  8.142039e-01  1.353054e-03  
   1.4996300  8.735523e-01  1.582901e-03  8.735762e-01  1.582986e-03  8.170780e-01  1.383651e-03  
   1.5196300  8.767530e-01  1.617770e-03  8.767772e-01  1.617857e-03  8.198752e-01  1.413395e-03  
   1.5406300  8.801901e-01  1.655198e-03  8.802142e-01  1.655287e-03  8.228772e-01  1.445284e-03  
   1.5616300  8.837066e-01  1.693496e-03  8.837309e-01  1.693586e-03  8.259469e-01  1.477870e-03  
   1.5826300  8.873044e-01  1.732696e-03  8.873288e-01  1.732788e-03  8.290856e-01  1.511181e-03  
   1.6036299  8.909851e-01  1.772837e-03  8.910100e-01  1.772931e-03  8.322951e-01  1.545244e-03  
   1.6246300  8.947515e-01  1.813958e-03  8.947765e-01  1.814054e-03  8.355771e-01  1.580090e-03  
   1.6446300  8.984194e-01  1.854069e-03  8.984443e-01  1.854168e-03  8.387708e-01  1.614029e-03  
   1.6656300  9.023571e-01  1.897225e-03  9.023827e-01  1.897326e-03  8.421977e-01  1.650490e-03  
   1.6872300  9.065040e-01  1.942777e-03  9.065295e-01  1.942881e-03  8.458040e-01  1.688909e-03  
   1.7072300  9.104319e-01  1.986054e-03  9.104577e-01  1.986161e-03  8.492177e-01  1.725345e-03  
   1.7282300  9.146502e-01  2.032688e-03  9.146764e-01  2.032798e-03  8.528813e-01  1.764534e-03  
   1.7492300  9.189681e-01  2.080608e-03  9.189945e-01  2.080722e-03  8.566281e-01  1.804716e-03  
   1.7702301  9.233874e-01  2.129885e-03  9.234142e-01  2.130002e-03  8.604602e-01  1.845935e-03  
   1.7912300  9.279113e-01  2.180598e-03  9.279384e-01  2.180720e-03  8.643801e-01  1.888240e-03  
   1.8112299  9.323207e-01  2.230317e-03  9.323478e-01  2.230444e-03  8.681973e-01  1.929582e-03  
   1.8322300  9.370582e-01  2.284116e-03  9.370854e-01  2.284250e-03  8.722953e-01  1.974148e-03  
   1.8532300  9.419100e-01  2.339672e-03  9.419377e-01  2.339811e-03  8.764886e-01  2.019955e-03  
   1.8742300  9.468793e-01  2.397134e-03  9.469075e-01  2.397280e-03  8.807796e-01  2.067063e-03  
   1.8952301  9.519709e-01  2.456680e-03  9.519993e-01  2.456834e-03  8.851711e-01  2.115536e-03  
   1.9162300  9.571868e-01  2.518526e-03  9.572153e-01  2.518689e-03  8.896659e-01  2.165445e-03  
   1.9362299  9.622733e-01  2.579803e-03  9.623024e-01  2.579974e-03  8.940450e-01  2.214381e-03  
   1.9572300  9.677448e-01  2.646940e-03  9.677741e-01  2.647121e-03  8.987501e-01  2.267323e-03  
   1.9782300  9.733526e-01  2.717312e-03  9.733823e-01  2.717505e-03  9.035673e-01  2.321952e-03  
   1.9992300  9.791019e-01  2.791362e-03  9.791321e-01  2.791567e-03  9.085002e-01  2.378374e-03  
   2.0202301  9.849979e-01  2.869619e-03  9.850282e-01  2.869837e-03  9.135530e-01  2.436710e-03  
   2.0412300  9.910440e-01  2.952686e-03  9.910749e-01  2.952918e-03  9.187286e-01  2.497093e-03  
   2.0612299  9.969468e-01  3.036904e-03  9.969782e-01  3.037149e-03  9.237754e-01  2.556644e-03  
   2.0822301  1.003302e+00  3.131434e-03  1.003334e+00  3.131694e-03  9.292030e-01  2.621490e-03  
   2.1038301  1.010013e+00  3.236056e-03  1.010045e+00  3.236332e-03  9.349275e-01  2.690873e-03  
   2.1238301  1.016388e+00  3.340440e-03  1.016421e+00  3.340730e-03  9.403594e-01  2.757760e-03  
   2.1448300  1.023256e+00  3.458699e-03  1.023289e+00  3.459006e-03  9.462058e-01  2.830981e-03  
   2.1658299  1.030307e+00  3.586712e-03  1.030341e+00  3.587033e-03  9.522014e-01  2.907556e-03  
   2.1868300  1.037549e+00  3.725331e-03  1.037583e+00  3.725669e-03  9.583535e-01  2.987826e-03  
   2.2078300  1.044988e+00  3.875310e-03  1.045022e+00  3.875664e-03  9.646669e-01  3.072162e-03  
   2.2278299  1.052261e+00  4.029289e-03  1.052297e+00  4.029657e-03  9.708366e-01  3.156654e-03  
   2.2488301  1.060105e+00  4.203110e-03  1.060141e+00  4.203493e-03  9.774842e-01  3.250198e-03  
   2.2698300  1.068166e+00  4.389652e-03  1.068203e+00  4.390050e-03  9.843131e-01  3.349195e-03  
   2.2908299  1.076456e+00  4.589023e-03  1.076493e+00  4.589435e-03  9.913301e-01  3.454217e-03  
   2.3118300  1.084982e+00  4.801153e-03  1.085020e+00  4.801584e-03  9.985434e-01  3.565891e-03  
   2.3328300  1.093755e+00  5.025863e-03  1.093793e+00  5.026311e-03  1.005960e+00  3.684900e-03  
   2.3528299  1.102349e+00  5.251349e-03  1.102388e+00  5.251818e-03  1.013221e+00  3.805753e-03  
   2.3738301  1.111636e+00  5.499977e-03  1.111676e+00  5.500470e-03  1.021061e+00  3.941328e-03  
   2.3948300  1.121205e+00  5.760701e-03  1.121245e+00  5.761222e-03  1.029131e+00  4.086687e-03  
   2.4158299  1.131071e+00  6.033723e-03  1.131112e+00  6.034279e-03  1.037442e+00  4.242840e-03  
   2.4368300  1.141250e+00  6.319622e-03  1.141292e+00  6.320220e-03  1.046005e+00  4.410901e-03  
   2.4578300  1.151759e+00  6.619444e-03  1.151802e+00  6.620088e-03  1.054833e+00  4.592123e-03  
   2.4778299  1.162091e+00  6.919404e-03  1.162135e+00  6.920103e-03  1.063496e+00  4.778234e-03  
   2.4988301  1.173299e+00  7.251650e-03  1.173344e+00  7.252412e-03  1.072876e+00  4.989379e-03  
   2.5204301  1.185234e+00  7.614874e-03  1.185280e+00  7.615714e-03  1.082843e+00  5.225238e-03  
   2.5404301  1.196675e+00  7.973993e-03  1.196722e+00  7.974911e-03  1.092374e+00  5.462464e-03  
   2.5614300  1.209116e+00  8.378857e-03  1.209164e+00  8.379870e-03  1.102713e+00  5.733380e-03  
   2.5824299  1.222021e+00  8.817176e-03  1.222070e+00  8.818296e-03  1.113410e+00  6.029416e-03  
   2.6034300  1.235423e+00  9.294823e-03  1.235473e+00  9.296062e-03  1.124487e+00  6.353888e-03  
   2.6244299  1.249352e+00  9.818547e-03  1.249404e+00  9.819925e-03  1.135966e+00  6.710729e-03  
   2.6444299  1.263144e+00  1.036738e-02  1.263197e+00  1.036891e-02  1.147296e+00  7.085026e-03  
   2.6654301  1.278213e+00  1.100508e-02  1.278268e+00  1.100677e-02  1.159638e+00  7.519768e-03  
   2.6864300  1.293929e+00  1.171657e-02  1.293985e+00  1.171846e-02  1.172465e+00  8.004244e-03  
   2.7074299  1.310343e+00  1.251550e-02  1.310401e+00  1.251760e-02  1.185811e+00  8.547282e-03  
   2.7284300  1.327510e+00  1.341895e-02  1.327569e+00  1.342131e-02  1.199715e+00  9.159907e-03  
   2.7494299  1.345492e+00  1.444886e-02  1.345554e+00  1.445149e-02  1.214218e+00  9.855915e-03  
   2.7694299  1.363442e+00  1.557322e-02  1.363506e+00  1.557617e-02  1.228627e+00  1.061214e-02  
   2.7904301  1.383229e+00  1.694003e-02  1.383295e+00  1.694335e-02  1.244433e+00  1.152496e-02  
   2.8114300  1.404065e+00  1.854507e-02  1.404134e+00  1.854884e-02  1.260985e+00  1.258598e-02  
   2.8324299  1.426046e+00  2.045123e-02  1.426119e+00  2.045553e-02  1.278341e+00  1.382872e-02  
   2.8534300  1.449280e+00  2.274004e-02  1.449355e+00  2.274499e-02  1.296570e+00  1.529479e-02  
   2.8744299  1.473876e+00  2.551605e-02  1.473954e+00  2.552180e-02  1.315738e+00  1.703556e-02  
   2.8944299  1.498673e+00  2.873377e-02  1.498755e+00  2.874046e-02  1.334938e+00  1.900659e-02  
   2.9154301  1.526261e+00  3.287294e-02  1.526348e+00  3.288085e-02  1.356165e+00  2.147914e-02  
   2.9370301  1.556411e+00  3.815205e-02  1.556502e+00  3.816156e-02  1.379227e+00  2.455057e-02  
   2.9570301  1.586017e+00  4.419038e-02  1.586112e+00  4.420178e-02  1.401771e+00  2.797899e-02  
   2.9780300  1.618920e+00  5.199684e-02  1.619021e+00  5.201068e-02  1.426757e+00  3.231721e-02  
   2.9990301  1.653720e+00  6.162713e-02  1.653825e+00  6.164404e-02  1.453169e+00  3.757413e-02  
   3.0200300  1.690399e+00  7.344688e-02  1.690510e+00  7.346756e-02  1.481080e+00  4.394512e-02  
   3.0410299  1.728880e+00  8.785428e-02  1.728996e+00  8.787956e-02  1.510546e+00  5.165965e-02  
   3.0610299  1.767062e+00  1.043645e-01  1.767183e+00  1.043950e-01  1.540082e+00  6.049830e-02  
   3.0820301  1.808530e+00  1.250354e-01  1.808656e+00  1.250724e-01  1.572638e+00  7.163350e-02  
   3.1030300  1.851074e+00  1.495242e-01  1.851202e+00  1.495686e-01  1.606722e+00  8.499600e-02  
   3.1240301  1.894259e+00  1.782010e-01  1.894390e+00  1.782539e-01  1.642223e+00  1.009458e-01  
   3.1450300  1.937546e+00  2.113695e-01  1.937680e+00  2.114319e-01  1.678951e+00  1.198585e-01  
   3.1660299  1.980316e+00  2.492430e-01  1.980449e+00  2.493159e-01  1.716635e+00  1.421111e-01  
   3.1860299  2.019938e+00  2.897778e-01  2.020070e+00  2.898613e-01  1.753075e+00  1.667368e-01  
   3.2070301  2.059669e+00  3.369941e-01  2.059798e+00  3.370892e-01  1.791470e+00  1.965011e-01  
   3.2280300  2.096751e+00  3.887992e-01  2.096876e+00  3.889062e-01  1.829447e+00  2.305088e-01  
   3.2490301  2.130466e+00  4.448624e-01  2.130586e+00  4.449814e-01  1.866364e+00  2.689083e-01  
   3.2700300  2.160160e+00  5.047044e-01  2.160272e+00  5.048353e-01  1.901508e+00  3.117203e-01  
   3.2910299  2.185276e+00  5.677194e-01  2.185379e+00  5.678611e-01  1.934133e+00  3.588189e-01  
   3.3110299  2.204554e+00  6.300346e-01  2.204648e+00  6.301863e-01  1.962180e+00  4.073973e-01  
   3.3320301  2.219659e+00  6.971371e-01  2.219743e+00  6.972978e-01  1.987773e+00  4.618779e-01  
   3.3536301  2.229604e+00  7.671093e-01  2.229676e+00  7.672778e-01  2.009338e+00  5.209915e-01  
   3.3736300  2.233819e+00  8.320192e-01  2.233880e+00  8.321939e-01  2.024542e+00  5.778058e-01  
   3.3946300  2.233301e+00  8.995871e-01  2.233350e+00  8.997663e-01  2.035263e+00  6.387816e-01  
   3.4156301  2.228082e+00  9.659189e-01  2.228118e+00  9.661017e-01  2.040488e+00  7.002087e-01  
   3.4366300  2.218639e+00  1.030484e+00  2.218664e+00  1.030669e+00  2.040301e+00  7.611564e-01  
   3.4576299  2.205523e+00  1.092887e+00  2.205536e+00  1.093072e+00  2.034994e+00  8.207399e-01  
   3.4776299  2.190150e+00  1.150072e+00  2.190150e+00  1.150257e+00  2.025627e+00  8.754947e-01  
   3.4986300  2.171527e+00  1.207629e+00  2.171515e+00  1.207813e+00  2.011881e+00  9.302716e-01  
   3.5196300  2.150883e+00  1.262619e+00  2.150860e+00  1.262800e+00  1.994881e+00  9.817976e-01  
   3.5406301  2.128678e+00  1.315108e+00  2.128644e+00  1.315287e+00  1.975453e+00  1.029796e+00  
   3.5616300  2.105279e+00  1.365217e+00  2.105234e+00  1.365393e+00  1.954429e+00  1.074189e+00  
   3.5826299  2.080961e+00  1.413093e+00  2.080906e+00  1.413267e+00  1.932592e+00  1.115091e+00  
   3.6026299  2.057116e+00  1.456746e+00  2.057052e+00  1.456917e+00  1.911667e+00  1.151054e+00  
   3.6236300  2.031469e+00  1.500654e+00  2.031396e+00  1.500822e+00  1.890090e+00  1.186060e+00  
   3.6446300  2.005257e+00  1.542663e+00  2.005178e+00  1.542828e+00  1.869304e+00  1.218711e+00  
   3.6656301  1.978519e+00  1.582801e+00  1.978437e+00  1.582963e+00  1.849541e+00  1.249511e+00  
   3.6866300  1.951301e+00  1.621051e+00  1.951216e+00  1.621210e+00  1.830873e+00  1.278943e+00  
   3.7076299  1.923678e+00  1.657361e+00  1.923592e+00  1.657517e+00  1.813248e+00  1.307420e+00  
   3.7276299  1.897114e+00  1.690075e+00  1.897029e+00  1.690230e+00  1.797294e+00  1.333951e+00  
   3.7486300  1.869147e+00  1.722404e+00  1.869066e+00  1.722558e+00  1.781230e+00  1.361389e+00  
   3.7702301  1.840598e+00  1.753461e+00  1.840522e+00  1.753614e+00  1.765242e+00  1.389261e+00  
   3.7902300  1.814697e+00  1.780252e+00  1.814627e+00  1.780403e+00  1.750775e+00  1.414746e+00  
   3.8112299  1.788472e+00  1.806447e+00  1.788408e+00  1.806599e+00  1.735862e+00  1.441089e+00  
   3.8322301  1.763716e+00  1.830865e+00  1.763660e+00  1.831018e+00  1.721263e+00  1.466881e+00  
   3.8532300  1.740932e+00  1.853832e+00  1.740883e+00  1.853989e+00  1.707125e+00  1.491997e+00  
   3.8742299  1.720614e+00  1.875819e+00  1.720573e+00  1.875979e+00  1.693715e+00  1.516357e+00  
   3.8942299  1.703958e+00  1.896397e+00  1.703923e+00  1.896565e+00  1.681948e+00  1.538856e+00  
   3.9152300  1.689626e+00  1.918340e+00  1.689596e+00  1.918514e+00  1.671056e+00  1.561860e+00  
   3.9362299  1.678730e+00  1.941476e+00  1.678703e+00  1.941658e+00  1.662112e+00  1.584492e+00  
   3.9572301  1.671292e+00  1.966765e+00  1.671265e+00  1.966958e+00  1.655551e+00  1.607177e+00  
   3.9782300  1.667111e+00  1.995225e+00  1.667083e+00  1.995430e+00  1.651737e+00  1.630503e+00  
   3.9992299  1.665745e+00  2.027890e+00  1.665712e+00  2.028108e+00  1.650913e+00  1.655210e+00  
   4.0192299  1.666422e+00  2.063814e+00  1.666381e+00  2.064044e+00  1.652975e+00  1.680818e+00  
   4.0402298  1.668298e+00  2.107440e+00  1.668246e+00  2.107683e+00  1.658004e+00  1.710816e+00  
   4.0612302  1.670205e+00  2.157830e+00  1.670136e+00  2.158086e+00  1.665596e+00  1.744998e+00  
   4.0822301  1.670764e+00  2.215486e+00  1.670676e+00  2.215754e+00  1.675117e+00  1.784374e+00  
   4.1032300  1.668452e+00  2.280645e+00  1.668339e+00  2.280922e+00  1.685655e+00  1.829894e+00  
   4.1242299  1.661661e+00  2.353239e+00  1.661521e+00  2.353523e+00  1.696035e+00  1.882382e+00  
   4.1442299  1.649548e+00  2.428933e+00  1.649379e+00  2.429220e+00  1.704472e+00  1.939421e+00  
   4.1652298  1.629403e+00  2.514614e+00  1.629201e+00  2.514902e+00  1.710246e+00  2.007071e+00  
   4.1868300  1.599259e+00  2.608320e+00  1.599020e+00  2.608606e+00  1.711046e+00  2.085000e+00  
   4.2068300  1.561658e+00  2.698920e+00  1.561386e+00  2.699198e+00  1.705392e+00  2.164403e+00  
   4.2278299  1.511173e+00  2.796541e+00  1.510865e+00  2.796810e+00  1.691030e+00  2.254581e+00  
   4.2488298  1.448688e+00  2.895041e+00  1.448346e+00  2.895297e+00  1.666295e+00  2.350610e+00  
   4.2698302  1.373759e+00  2.992602e+00  1.373385e+00  2.992843e+00  1.629603e+00  2.450954e+00  
   4.2908301  1.286245e+00  3.087328e+00  1.285842e+00  3.087552e+00  1.579665e+00  2.553688e+00  
   4.3108301  1.191334e+00  3.173174e+00  1.190908e+00  3.173379e+00  1.518954e+00  2.651715e+00  
   4.3318300  1.079948e+00  3.256926e+00  1.079501e+00  3.257112e+00  1.440958e+00  2.752476e+00  
   4.3528299  9.572246e-01  3.332373e+00  9.567629e-01  3.332539e+00  1.348417e+00  2.848476e+00  
   4.3738298  8.240931e-01  3.397830e+00  8.236215e-01  3.397977e+00  1.241927e+00  2.937131e+00  
   4.3948302  6.817009e-01  3.451749e+00  6.812248e-01  3.451875e+00  1.122628e+00  3.015976e+00  
   4.4158301  5.314099e-01  3.492737e+00  5.309353e-01  3.492845e+00  9.921847e-01  3.082792e+00  
   4.4358301  3.823406e-01  3.518652e+00  3.818720e-01  3.518742e+00  8.595117e-01  3.133542e+00  
   4.4568300  2.212374e-01  3.531124e+00  2.207799e-01  3.531196e+00  7.136996e-01  3.171940e+00  
   4.4778299  5.729102e-02  3.527741e+00  5.684922e-02  3.527796e+00  5.638689e-01  3.194200e+00  
   4.4988298  -1.074741e-01  3.508005e+00  -1.078960e-01  3.508042e+00  4.128147e-01  3.199965e+00  
   4.5198302  -2.709164e-01  3.471712e+00  -2.713150e-01  3.471734e+00  2.633008e-01  3.189430e+00  
   4.5408301  -4.307992e-01  3.419005e+00  -4.311719e-01  3.419013e+00  1.179456e-01  3.163308e+00  
   4.5608301  -5.776956e-01  3.354009e+00  -5.780418e-01  3.354002e+00  -1.447986e-02  3.125003e+00  
   4.5818300  -7.241560e-01  3.271082e+00  -7.244731e-01  3.271059e+00  -1.453028e-01  3.072152e+00  
   4.6034298  -8.642991e-01  3.171437e+00  -8.645863e-01  3.171400e+00  -2.694398e-01  3.006165e+00  
   4.6234298  -9.827824e-01  3.067771e+00  -9.830418e-01  3.067724e+00  -3.738904e-01  2.936399e+00  
   4.6444302  -1.093957e+00  2.949088e+00  -1.094190e+00  2.949032e+00  -4.720315e-01  2.856159e+00  
   4.6654301  -1.190366e+00  2.822613e+00  -1.190574e+00  2.822550e+00  -5.580790e-01  2.770758e+00  
   4.6864300  -1.271231e+00  2.690850e+00  -1.271418e+00  2.690782e+00  -6.321210e-01  2.682126e+00  
   4.7074299  -1.336266e+00  2.556392e+00  -1.336435e+00  2.556324e+00  -6.945539e-01  2.592041e+00  
   4.7274299  -1.383676e+00  2.428175e+00  -1.383832e+00  2.428106e+00  -7.438053e-01  2.506348e+00  
   4.7484298  -1.418849e+00  2.295690e+00  -1.418997e+00  2.295622e+00  -7.855817e-01  2.417788e+00  
   4.7694302  -1.440126e+00  2.167518e+00  -1.440270e+00  2.167453e+00  -8.180931e-01  2.331805e+00  
   4.7904301  -1.448914e+00  2.045479e+00  -1.449059e+00  2.045418e+00  -8.423277e-01  2.249313e+00  
   4.8114300  -1.446846e+00  1.930994e+00  -1.446997e+00  1.930936e+00  -8.592914e-01  2.171007e+00  
   4.8324299  -1.435674e+00  1.825069e+00  -1.435835e+00  1.825014e+00  -8.699704e-01  2.097379e+00  
   4.8524299  -1.418191e+00  1.732701e+00  -1.418365e+00  1.732646e+00  -8.751580e-01  2.031892e+00  
   4.8734298  -1.394281e+00  1.644883e+00  -1.394472e+00  1.644827e+00  -8.762142e-01  1.968149e+00  
   4.8944302  -1.366230e+00  1.566383e+00  -1.366438e+00  1.566324e+00  -8.735610e-01  1.909570e+00  
   4.9154301  -1.335426e+00  1.496877e+00  -1.335655e+00  1.496813e+00  -8.679169e-01  1.856075e+00  
   4.9364300  -1.303057e+00  1.435848e+00  -1.303307e+00  1.435776e+00  -8.599170e-01  1.807494e+00  
   4.9574299  -1.270099e+00  1.382652e+00  -1.270370e+00  1.382571e+00  -8.501122e-01  1.763593e+00  
   4.9774299  -1.238869e+00  1.338619e+00  -1.239160e+00  1.338527e+00  -8.395296e-01  1.725879e+00  
   4.9984298  -1.206811e+00  1.298630e+00  -1.207122e+00  1.298525e+00  -8.274943e-01  1.690284e+00  
