w Re-xx Im-xx Re-yy Im-yy Re-zz Im-zz
# Gaussian absolute broadening  0.15 [eV]
   0.0000000  7.710353e-01  8.934523e-05  7.710653e-01  8.934546e-05  7.263860e-01  7.919822e-05  
   0.0200000  7.711366e-01  9.562235e-05  7.711666e-01  9.562263e-05  7.264755e-01  8.475955e-05  
   0.0410000  7.712566e-01  1.027753e-04  7.712864e-01  1.027757e-04  7.265817e-01  9.109663e-05  
   0.0620000  7.713934e-01  1.105408e-04  7.714233e-01  1.105413e-04  7.267032e-01  9.797588e-05  
   0.0830000  7.715487e-01  1.189529e-04  7.715787e-01  1.189537e-04  7.268409e-01  1.054276e-04  
   0.1040000  7.717249e-01  1.280416e-04  7.717546e-01  1.280425e-04  7.269973e-01  1.134781e-04  
   0.1240000  7.719141e-01  1.373479e-04  7.719439e-01  1.373492e-04  7.271644e-01  1.217208e-04  
   0.1450000  7.721371e-01  1.478179e-04  7.721670e-01  1.478196e-04  7.273623e-01  1.309935e-04  
   0.1660000  7.723873e-01  1.590100e-04  7.724174e-01  1.590120e-04  7.275843e-01  1.409046e-04  
   0.1870000  7.726674e-01  1.709203e-04  7.726972e-01  1.709230e-04  7.278323e-01  1.514511e-04  
   0.2080000  7.729788e-01  1.835346e-04  7.730089e-01  1.835380e-04  7.281086e-01  1.626195e-04  
   0.2290000  7.733237e-01  1.968273e-04  7.733539e-01  1.968315e-04  7.284141e-01  1.743871e-04  
   0.2490000  7.736847e-01  2.100853e-04  7.737148e-01  2.100903e-04  7.287338e-01  1.861223e-04  
   0.2700000  7.740992e-01  2.245917e-04  7.741293e-01  2.245979e-04  7.291009e-01  1.989609e-04  
   0.2910000  7.745509e-01  2.396488e-04  7.745809e-01  2.396561e-04  7.295009e-01  2.122843e-04  
   0.3120000  7.750409e-01  2.552018e-04  7.750710e-01  2.552105e-04  7.299352e-01  2.260442e-04  
   0.3330000  7.755690e-01  2.711957e-04  7.755991e-01  2.712058e-04  7.304029e-01  2.401911e-04  
   0.3540000  7.761365e-01  2.875762e-04  7.761666e-01  2.875879e-04  7.309055e-01  2.546766e-04  
   0.3740000  7.767130e-01  3.034902e-04  7.767430e-01  3.035036e-04  7.314160e-01  2.687463e-04  
   0.3950000  7.773563e-01  3.204862e-04  7.773867e-01  3.205012e-04  7.319857e-01  2.837685e-04  
   0.4160000  7.780383e-01  3.377376e-04  7.780687e-01  3.377543e-04  7.325895e-01  2.990121e-04  
   0.4374300  7.787752e-01  3.555733e-04  7.788055e-01  3.555918e-04  7.332420e-01  3.147672e-04  
   0.4574300  7.794986e-01  3.724067e-04  7.795291e-01  3.724269e-04  7.338824e-01  3.296319e-04  
   0.4784300  7.802960e-01  3.902598e-04  7.803265e-01  3.902816e-04  7.345884e-01  3.453919e-04  
   0.4994300  7.811323e-01  4.082832e-04  7.811629e-01  4.083067e-04  7.353283e-01  3.612962e-04  
   0.5204300  7.820070e-01  4.264700e-04  7.820377e-01  4.264950e-04  7.361024e-01  3.773387e-04  
   0.5414300  7.829209e-01  4.448166e-04  7.829515e-01  4.448431e-04  7.369109e-01  3.935155e-04  
   0.5614300  7.838276e-01  4.624380e-04  7.838582e-01  4.624659e-04  7.377129e-01  4.090466e-04  
   0.5824300  7.848179e-01  4.810984e-04  7.848487e-01  4.811276e-04  7.385889e-01  4.254866e-04  
   0.6034300  7.858476e-01  4.999243e-04  7.858782e-01  4.999546e-04  7.394995e-01  4.420646e-04  
   0.6244300  7.869175e-01  5.189208e-04  7.869483e-01  5.189523e-04  7.404456e-01  4.587853e-04  
   0.6454300  7.880273e-01  5.380936e-04  7.880585e-01  5.381260e-04  7.414268e-01  4.756531e-04  
   0.6664300  7.891780e-01  5.574491e-04  7.892090e-01  5.574822e-04  7.424439e-01  4.926733e-04  
   0.6864300  7.903115e-01  5.760589e-04  7.903426e-01  5.760928e-04  7.434456e-01  5.090295e-04  
   0.7074300  7.915422e-01  5.957909e-04  7.915734e-01  5.958257e-04  7.445329e-01  5.263632e-04  
   0.7284300  7.928144e-01  6.157268e-04  7.928457e-01  6.157623e-04  7.456567e-01  5.438666e-04  
   0.7494300  7.941290e-01  6.358746e-04  7.941603e-01  6.359108e-04  7.468179e-01  5.615467e-04  
   0.7704300  7.954857e-01  6.562415e-04  7.955170e-01  6.562784e-04  7.480159e-01  5.794085e-04  
   0.7914300  7.968857e-01  6.768365e-04  7.969173e-01  6.768741e-04  7.492520e-01  5.974600e-04  
   0.8114300  7.982589e-01  6.966701e-04  7.982907e-01  6.967086e-04  7.504638e-01  6.148340e-04  
   0.8324300  7.997439e-01  7.177349e-04  7.997755e-01  7.177743e-04  7.517743e-01  6.332756e-04  
   0.8540300  8.013181e-01  7.396673e-04  8.013498e-01  7.397080e-04  7.531630e-01  6.524640e-04  
   0.8740300  8.028178e-01  7.602241e-04  8.028495e-01  7.602658e-04  7.544859e-01  6.704377e-04  
   0.8950300  8.044369e-01  7.820765e-04  8.044689e-01  7.821196e-04  7.559136e-01  6.895317e-04  
   0.9160300  8.061023e-01  8.042135e-04  8.061345e-01  8.042582e-04  7.573816e-01  7.088610e-04  
   0.9370300  8.078144e-01  8.266460e-04  8.078465e-01  8.266923e-04  7.588907e-01  7.284347e-04  
   0.9580300  8.095739e-01  8.493848e-04  8.096062e-01  8.494330e-04  7.604408e-01  7.482613e-04  
   0.9780300  8.112945e-01  8.713375e-04  8.113269e-01  8.713873e-04  7.619563e-01  7.673882e-04  
   0.9990300  8.131486e-01  8.947090e-04  8.131812e-01  8.947607e-04  7.635891e-01  7.877371e-04  
   1.0200300  8.150523e-01  9.184225e-04  8.150850e-01  9.184761e-04  7.652650e-01  8.083674e-04  
   1.0410300  8.170064e-01  9.424900e-04  8.170394e-01  9.425457e-04  7.669846e-01  8.292896e-04  
   1.0620300  8.190115e-01  9.669248e-04  8.190446e-01  9.669823e-04  7.687486e-01  8.505135e-04  
   1.0830300  8.210684e-01  9.917391e-04  8.211015e-01  9.917989e-04  7.705576e-01  8.720498e-04  
   1.1030300  8.230762e-01  1.015737e-03  8.231093e-01  1.015799e-03  7.723227e-01  8.928605e-04  
   1.1240300  8.252362e-01  1.041332e-03  8.252696e-01  1.041395e-03  7.742211e-01  9.150376e-04  
   1.1450300  8.274505e-01  1.067347e-03  8.274841e-01  1.067413e-03  7.761667e-01  9.375596e-04  
   1.1660300  8.297203e-01  1.093798e-03  8.297539e-01  1.093865e-03  7.781600e-01  9.604388e-04  
   1.1870300  8.320456e-01  1.120699e-03  8.320794e-01  1.120769e-03  7.802015e-01  9.836865e-04  
   1.2080300  8.344281e-01  1.148068e-03  8.344622e-01  1.148139e-03  7.822923e-01  1.007317e-03  
   1.2280300  8.367504e-01  1.174581e-03  8.367845e-01  1.174654e-03  7.843297e-01  1.030188e-03  
   1.2490300  8.392464e-01  1.202908e-03  8.392808e-01  1.202984e-03  7.865183e-01  1.054602e-03  
   1.2706300  8.418769e-01  1.232588e-03  8.419113e-01  1.232666e-03  7.888237e-01  1.080155e-03  
   1.2906300  8.443695e-01  1.260575e-03  8.444042e-01  1.260656e-03  7.910078e-01  1.104229e-03  
   1.3116300  8.470477e-01  1.290508e-03  8.470826e-01  1.290591e-03  7.933536e-01  1.129950e-03  
   1.3326300  8.497892e-01  1.321019e-03  8.498244e-01  1.321105e-03  7.957531e-01  1.156141e-03  
   1.3536299  8.525952e-01  1.352130e-03  8.526305e-01  1.352220e-03  7.982085e-01  1.182821e-03  
   1.3746300  8.554676e-01  1.383868e-03  8.555030e-01  1.383961e-03  8.007205e-01  1.210008e-03  
   1.3946300  8.582657e-01  1.414697e-03  8.583016e-01  1.414792e-03  8.031667e-01  1.236387e-03  
   1.4156300  8.612708e-01  1.447724e-03  8.613068e-01  1.447823e-03  8.057923e-01  1.264617e-03  
   1.4366300  8.643463e-01  1.481450e-03  8.643823e-01  1.481553e-03  8.084782e-01  1.293411e-03  
   1.4576300  8.674936e-01  1.515903e-03  8.675299e-01  1.516010e-03  8.112252e-01  1.322791e-03  
   1.4786299  8.707141e-01  1.551111e-03  8.707509e-01  1.551221e-03  8.140346e-01  1.352777e-03  
   1.4996300  8.740097e-01  1.587103e-03  8.740465e-01  1.587218e-03  8.169084e-01  1.383392e-03  
   1.5196300  8.772192e-01  1.622139e-03  8.772562e-01  1.622258e-03  8.197049e-01  1.413156e-03  
   1.5406300  8.806655e-01  1.659755e-03  8.807029e-01  1.659878e-03  8.227063e-01  1.445069e-03  
   1.5616300  8.841920e-01  1.698254e-03  8.842295e-01  1.698381e-03  8.257757e-01  1.477684e-03  
   1.5826300  8.877997e-01  1.737672e-03  8.878375e-01  1.737804e-03  8.289140e-01  1.511028e-03  
   1.6036299  8.914917e-01  1.778050e-03  8.915297e-01  1.778188e-03  8.321233e-01  1.545128e-03  
   1.6246300  8.952687e-01  1.819434e-03  8.953072e-01  1.819576e-03  8.354050e-01  1.580016e-03  
   1.6446300  8.989474e-01  1.859826e-03  8.989860e-01  1.859972e-03  8.385987e-01  1.614002e-03  
   1.6656300  9.028977e-01  1.903315e-03  9.029365e-01  1.903467e-03  8.420256e-01  1.650518e-03  
   1.6872300  9.070570e-01  1.949266e-03  9.070964e-01  1.949424e-03  8.456321e-01  1.689003e-03  
   1.7072300  9.109978e-01  1.992980e-03  9.110377e-01  1.993143e-03  8.490459e-01  1.725509e-03  
   1.7282300  9.152304e-01  2.040168e-03  9.152704e-01  2.040336e-03  8.527101e-01  1.764781e-03  
   1.7492300  9.195629e-01  2.088770e-03  9.196033e-01  2.088943e-03  8.564575e-01  1.805062e-03  
   1.7702301  9.239979e-01  2.138897e-03  9.240383e-01  2.139076e-03  8.602902e-01  1.846395e-03  
   1.7912300  9.285381e-01  2.190688e-03  9.285790e-01  2.190873e-03  8.642114e-01  1.888833e-03  
   1.8112299  9.329635e-01  2.241707e-03  9.330048e-01  2.241899e-03  8.680297e-01  1.930327e-03  
   1.8322300  9.377190e-01  2.297241e-03  9.377609e-01  2.297439e-03  8.721294e-01  1.975086e-03  
   1.8532300  9.425901e-01  2.355008e-03  9.426320e-01  2.355214e-03  8.763247e-01  2.021127e-03  
   1.8742300  9.475795e-01  2.415271e-03  9.476219e-01  2.415485e-03  8.806181e-01  2.068527e-03  
   1.8952301  9.526915e-01  2.478336e-03  9.527344e-01  2.478557e-03  8.850126e-01  2.117369e-03  
   1.9162300  9.579288e-01  2.544542e-03  9.579719e-01  2.544771e-03  8.895106e-01  2.167750e-03  
   1.9362299  9.630367e-01  2.610862e-03  9.630803e-01  2.611100e-03  8.938941e-01  2.217267e-03  
   1.9572300  9.685308e-01  2.684322e-03  9.685752e-01  2.684571e-03  8.986032e-01  2.270998e-03  
   1.9782300  9.741623e-01  2.762126e-03  9.742072e-01  2.762384e-03  9.034265e-01  2.326664e-03  
   1.9992300  9.799351e-01  2.844716e-03  9.799801e-01  2.844984e-03  9.083654e-01  2.384448e-03  
   2.0202301  9.858540e-01  2.932531e-03  9.858997e-01  2.932811e-03  9.134257e-01  2.444569e-03  
   2.0412300  9.919233e-01  3.025999e-03  9.919695e-01  3.026291e-03  9.186096e-01  2.507287e-03  
   2.0612299  9.978477e-01  3.120637e-03  9.978944e-01  3.120940e-03  9.236660e-01  2.569708e-03  
   2.0822301  1.004225e+00  3.226255e-03  1.004272e+00  3.226572e-03  9.291039e-01  2.638418e-03  
   2.1038301  1.010957e+00  3.341899e-03  1.011005e+00  3.342230e-03  9.348415e-01  2.712903e-03  
   2.1238301  1.017352e+00  3.455570e-03  1.017400e+00  3.455914e-03  9.402870e-01  2.785760e-03  
   2.1448300  1.024240e+00  3.581977e-03  1.024289e+00  3.582335e-03  9.461485e-01  2.866803e-03  
   2.1658299  1.031312e+00  3.715819e-03  1.031361e+00  3.716192e-03  9.521615e-01  2.953094e-03  
   2.1868300  1.038575e+00  3.857306e-03  1.038625e+00  3.857693e-03  9.583325e-01  3.045308e-03  
   2.2078300  1.046036e+00  4.006661e-03  1.046087e+00  4.007063e-03  9.646667e-01  3.144184e-03  
   2.2278299  1.053334e+00  4.156465e-03  1.053385e+00  4.156883e-03  9.708569e-01  3.245287e-03  
   2.2488301  1.061206e+00  4.322026e-03  1.061259e+00  4.322460e-03  9.775286e-01  3.359573e-03  
   2.2698300  1.069302e+00  4.496481e-03  1.069355e+00  4.496930e-03  9.843823e-01  3.483113e-03  
   2.2908299  1.077633e+00  4.680380e-03  1.077686e+00  4.680848e-03  9.914250e-01  3.616924e-03  
   2.3118300  1.086206e+00  4.874414e-03  1.086261e+00  4.874903e-03  9.986657e-01  3.762084e-03  
   2.3328300  1.095036e+00  5.079417e-03  1.095091e+00  5.079928e-03  1.006109e+00  3.919750e-03  
   2.3528299  1.103692e+00  5.285768e-03  1.103748e+00  5.286307e-03  1.013397e+00  4.082649e-03  
   2.3738301  1.113055e+00  5.515227e-03  1.113111e+00  5.515796e-03  1.021263e+00  4.268319e-03  
   2.3948300  1.122709e+00  5.759100e-03  1.122767e+00  5.759703e-03  1.029360e+00  4.470327e-03  
   2.4158299  1.132671e+00  6.018913e-03  1.132729e+00  6.019557e-03  1.037695e+00  4.690134e-03  
   2.4368300  1.142954e+00  6.296405e-03  1.143014e+00  6.297093e-03  1.046281e+00  4.929298e-03  
   2.4578300  1.153578e+00  6.593531e-03  1.153639e+00  6.594266e-03  1.055127e+00  5.189476e-03  
   2.4778299  1.164027e+00  6.896803e-03  1.164090e+00  6.897592e-03  1.063805e+00  5.458423e-03  
   2.4988301  1.175368e+00  7.239020e-03  1.175431e+00  7.239872e-03  1.073195e+00  5.764872e-03  
   2.5204301  1.187449e+00  7.619545e-03  1.187513e+00  7.620461e-03  1.083166e+00  6.107929e-03  
   2.5404301  1.199034e+00  8.000984e-03  1.199099e+00  8.001967e-03  1.092695e+00  6.452884e-03  
   2.5614300  1.211636e+00  8.435753e-03  1.211703e+00  8.436817e-03  1.103024e+00  6.845808e-03  
   2.5824299  1.224716e+00  8.910746e-03  1.224784e+00  8.911899e-03  1.113702e+00  7.273037e-03  
   2.6034300  1.238307e+00  9.432433e-03  1.238377e+00  9.433678e-03  1.124751e+00  7.737935e-03  
   2.6244299  1.252444e+00  1.000887e-02  1.252516e+00  1.001023e-02  1.136192e+00  8.244500e-03  
   2.6444299  1.266453e+00  1.061806e-02  1.266526e+00  1.061954e-02  1.147476e+00  8.770159e-03  
   2.6654301  1.281775e+00  1.133327e-02  1.281850e+00  1.133490e-02  1.159759e+00  9.373320e-03  
   2.6864300  1.297773e+00  1.214185e-02  1.297850e+00  1.214364e-02  1.172514e+00  1.003646e-02  
   2.7074299  1.314502e+00  1.306434e-02  1.314580e+00  1.306634e-02  1.185777e+00  1.076933e-02  
   2.7284300  1.332018e+00  1.412678e-02  1.332099e+00  1.412903e-02  1.199583e+00  1.158428e-02  
   2.7494299  1.350387e+00  1.536199e-02  1.350470e+00  1.536455e-02  1.213971e+00  1.249702e-02  
   2.7694299  1.368737e+00  1.673674e-02  1.368823e+00  1.673965e-02  1.228255e+00  1.347525e-02  
   2.7904301  1.388978e+00  1.843799e-02  1.389066e+00  1.844137e-02  1.243908e+00  1.464041e-02  
   2.8114300  1.410293e+00  2.046632e-02  1.410384e+00  2.047029e-02  1.260279e+00  1.597665e-02  
   2.8324299  1.432770e+00  2.290104e-02  1.432864e+00  2.290573e-02  1.277421e+00  1.752073e-02  
   2.8534300  1.456498e+00  2.583989e-02  1.456595e+00  2.584551e-02  1.295391e+00  1.931708e-02  
   2.8744299  1.481568e+00  2.940227e-02  1.481668e+00  2.940906e-02  1.314247e+00  2.141869e-02  
   2.8944299  1.506774e+00  3.350695e-02  1.506878e+00  3.351514e-02  1.333084e+00  2.376153e-02  
   2.9154301  1.534719e+00  3.873048e-02  1.534827e+00  3.874053e-02  1.353848e+00  2.665108e-02  
   2.9370301  1.565121e+00  4.529168e-02  1.565234e+00  4.530411e-02  1.376328e+00  3.017266e-02  
   2.9570301  1.594823e+00  5.266460e-02  1.594940e+00  5.267980e-02  1.398218e+00  3.402624e-02  
   2.9780300  1.627645e+00  6.201390e-02  1.627766e+00  6.203266e-02  1.422383e+00  3.880296e-02  
   2.9990301  1.662137e+00  7.331208e-02  1.662263e+00  7.333525e-02  1.447820e+00  4.446774e-02  
   3.0200300  1.698244e+00  8.689518e-02  1.698375e+00  8.692367e-02  1.474589e+00  5.118721e-02  
   3.0410299  1.735856e+00  1.031225e-01  1.735991e+00  1.031573e-01  1.502740e+00  5.915685e-02  
   3.0610299  1.772910e+00  1.213750e-01  1.773048e+00  1.214168e-01  1.530864e+00  6.811683e-02  
   3.0820301  1.812859e+00  1.438317e-01  1.813000e+00  1.438822e-01  1.561779e+00  7.921289e-02  
   3.1030300  1.853538e+00  1.700021e-01  1.853682e+00  1.700621e-01  1.594084e+00  9.232607e-02  
   3.1240301  1.894520e+00  2.001927e-01  1.894665e+00  2.002634e-01  1.627699e+00  1.077792e-01  
   3.1450300  1.935291e+00  2.346437e-01  1.935436e+00  2.347259e-01  1.662486e+00  1.259164e-01  
   3.1660299  1.975270e+00  2.735089e-01  1.975414e+00  2.736034e-01  1.698227e+00  1.470930e-01  
   3.1860299  2.012028e+00  3.146708e-01  2.012169e+00  3.147772e-01  1.732883e+00  1.704053e-01  
   3.2070301  2.048604e+00  3.621731e-01  2.048740e+00  3.622919e-01  1.769548e+00  1.984910e-01  
   3.2280300  2.082456e+00  4.138573e-01  2.082586e+00  4.139882e-01  1.806028e+00  2.305324e-01  
   3.2490301  2.112953e+00  4.693840e-01  2.113075e+00  4.695258e-01  1.841762e+00  2.667126e-01  
   3.2700300  2.139528e+00  5.282829e-01  2.139640e+00  5.284345e-01  1.876123e+00  3.071020e-01  
   3.2910299  2.161710e+00  5.899745e-01  2.161810e+00  5.901338e-01  1.908439e+00  3.516372e-01  
   3.3110299  2.178430e+00  6.507143e-01  2.178517e+00  6.508793e-01  1.936689e+00  3.977091e-01  
   3.3320301  2.191158e+00  7.158822e-01  2.191231e+00  7.160504e-01  1.963061e+00  4.495650e-01  
   3.3536301  2.199025e+00  7.836257e-01  2.199081e+00  7.837947e-01  1.986056e+00  5.060698e-01  
   3.3736300  2.201668e+00  8.463111e-01  2.201707e+00  8.464785e-01  2.003148e+00  5.606242e-01  
   3.3946300  2.199855e+00  9.114264e-01  2.199880e+00  9.115900e-01  2.016412e+00  6.194595e-01  
   3.4156301  2.193687e+00  9.752260e-01  2.193695e+00  9.753836e-01  2.024695e+00  6.790472e-01  
   3.4366300  2.183603e+00  1.037203e+00  2.183594e+00  1.037354e+00  2.027997e+00  7.385096e-01  
   3.4576299  2.170104e+00  1.096972e+00  2.170080e+00  1.097114e+00  2.026505e+00  7.970011e-01  
   3.4776299  2.154565e+00  1.151597e+00  2.154526e+00  1.151730e+00  2.020958e+00  8.511041e-01  
   3.4986300  2.135939e+00  1.206393e+00  2.135886e+00  1.206517e+00  2.011287e+00  9.056126e-01  
   3.5196300  2.115440e+00  1.258520e+00  2.115376e+00  1.258637e+00  1.998290e+00  9.572890e-01  
   3.5406301  2.093520e+00  1.308022e+00  2.093446e+00  1.308131e+00  1.982657e+00  1.005832e+00  
   3.5616300  2.070562e+00  1.355000e+00  2.070480e+00  1.355104e+00  1.965100e+00  1.051125e+00  
   3.5826299  2.046877e+00  1.399599e+00  2.046789e+00  1.399699e+00  1.946303e+00  1.093229e+00  
   3.6026299  2.023867e+00  1.440010e+00  2.023775e+00  1.440108e+00  1.927820e+00  1.130555e+00  
   3.6236300  1.999406e+00  1.480422e+00  1.999312e+00  1.480520e+00  1.908299e+00  1.167150e+00  
   3.6446300  1.974775e+00  1.518899e+00  1.974682e+00  1.518999e+00  1.889060e+00  1.201475e+00  
   3.6656301  1.950090e+00  1.555548e+00  1.949999e+00  1.555653e+00  1.870377e+00  1.233952e+00  
   3.6866300  1.925464e+00  1.590446e+00  1.925378e+00  1.590555e+00  1.852408e+00  1.264992e+00  
   3.7076299  1.901025e+00  1.623643e+00  1.900945e+00  1.623759e+00  1.835198e+00  1.294947e+00  
   3.7276299  1.878072e+00  1.653710e+00  1.877998e+00  1.653834e+00  1.819493e+00  1.322717e+00  
   3.7486300  1.854507e+00  1.683694e+00  1.854441e+00  1.683827e+00  1.803659e+00  1.351256e+00  
   3.7702301  1.831107e+00  1.712907e+00  1.831051e+00  1.713050e+00  1.788002e+00  1.380038e+00  
   3.7902300  1.810481e+00  1.738586e+00  1.810434e+00  1.738739e+00  1.774031e+00  1.406178e+00  
   3.8112299  1.790236e+00  1.764309e+00  1.790198e+00  1.764473e+00  1.759926e+00  1.433055e+00  
   3.8322301  1.771791e+00  1.789029e+00  1.771764e+00  1.789205e+00  1.746487e+00  1.459283e+00  
   3.8532300  1.755512e+00  1.813128e+00  1.755494e+00  1.813315e+00  1.733892e+00  1.484816e+00  
   3.8742299  1.741727e+00  1.837105e+00  1.741716e+00  1.837306e+00  1.722402e+00  1.509670e+00  
   3.8942299  1.731155e+00  1.860399e+00  1.731151e+00  1.860612e+00  1.712779e+00  1.532811e+00  
   3.9152300  1.722890e+00  1.886044e+00  1.722892e+00  1.886270e+00  1.704407e+00  1.556782e+00  
   3.9362299  1.717544e+00  1.913726e+00  1.717549e+00  1.913965e+00  1.698160e+00  1.580796e+00  
   3.9572301  1.714960e+00  1.944350e+00  1.714967e+00  1.944603e+00  1.694358e+00  1.605394e+00  
   3.9782300  1.714771e+00  1.978847e+00  1.714778e+00  1.979115e+00  1.693227e+00  1.631266e+00  
   3.9992299  1.716393e+00  2.018134e+00  1.716396e+00  2.018416e+00  1.694864e+00  1.659240e+00  
   4.0192299  1.718879e+00  2.060776e+00  1.718876e+00  2.061072e+00  1.698925e+00  1.688685e+00  
   4.0402298  1.721492e+00  2.111727e+00  1.721479e+00  2.112036e+00  1.705546e+00  1.723497e+00  
   4.0612302  1.722911e+00  2.169536e+00  1.722883e+00  2.169860e+00  1.714071e+00  1.763286e+00  
   4.0822301  1.721766e+00  2.234511e+00  1.721720e+00  2.234845e+00  1.723734e+00  1.809005e+00  
   4.1032300  1.716586e+00  2.306690e+00  1.716518e+00  2.307035e+00  1.733516e+00  1.861504e+00  
   4.1242299  1.705857e+00  2.385820e+00  1.705764e+00  2.386173e+00  1.742155e+00  1.921458e+00  
   4.1442299  1.689116e+00  2.467132e+00  1.688995e+00  2.467490e+00  1.747968e+00  1.985890e+00  
   4.1652298  1.663342e+00  2.557942e+00  1.663188e+00  2.558303e+00  1.749958e+00  2.061388e+00  
   4.1868300  1.626769e+00  2.655986e+00  1.626579e+00  2.656345e+00  1.745784e+00  2.147228e+00  
   4.2068300  1.582814e+00  2.749680e+00  1.582589e+00  2.750034e+00  1.734605e+00  2.233574e+00  
   4.2278299  1.525422e+00  2.849557e+00  1.525161e+00  2.849904e+00  1.713591e+00  2.330403e+00  
   4.2488298  1.455972e+00  2.949289e+00  1.455673e+00  2.949624e+00  1.681474e+00  2.432199e+00  
   4.2698302  1.374183e+00  3.047077e+00  1.373848e+00  3.047398e+00  1.636850e+00  2.537215e+00  
   4.2908301  1.280064e+00  3.141067e+00  1.279696e+00  3.141371e+00  1.578639e+00  2.643350e+00  
   4.3108301  1.179219e+00  3.225373e+00  1.178822e+00  3.225658e+00  1.509942e+00  2.743314e+00  
   4.3318300  1.062081e+00  3.306697e+00  1.061659e+00  3.306960e+00  1.423680e+00  2.844656e+00  
   4.3528299  9.341888e-01  3.378963e+00  9.337472e-01  3.379204e+00  1.323232e+00  2.939708e+00  
   4.3738298  7.965515e-01  3.440578e+00  7.960959e-01  3.440794e+00  1.209420e+00  3.025886e+00  
   4.3948302  6.503855e-01  3.490090e+00  6.499224e-01  3.490281e+00  1.083593e+00  3.100775e+00  
   4.4158301  4.971130e-01  3.526215e+00  4.966487e-01  3.526379e+00  9.475898e-01  3.162243e+00  
   4.4358301  3.459865e-01  3.547180e+00  3.455274e-01  3.547322e+00  8.106481e-01  3.206724e+00  
   4.4568300  1.835816e-01  3.554253e+00  1.831342e-01  3.554369e+00  6.615217e-01  3.237465e+00  
   4.4778299  1.923392e-02  3.545409e+00  1.880386e-02  3.545500e+00  5.096201e-01  3.251164e+00  
   4.4988298  -1.450343e-01  3.520305e+00  -1.454424e-01  3.520372e+00  3.577395e-01  3.247692e+00  
   4.5198302  -3.071146e-01  3.478908e+00  -3.074967e-01  3.478952e+00  2.085987e-01  3.227495e+00  
   4.5408301  -4.648394e-01  3.421517e+00  -4.651930e-01  3.421541e+00  6.472780e-02  3.191555e+00  
   4.5608301  -6.090373e-01  3.352587e+00  -6.093622e-01  3.352593e+00  -6.536341e-02  3.144002e+00  
   4.5818300  -7.521260e-01  3.266196e+00  -7.524205e-01  3.266187e+00  -1.929159e-01  3.081806e+00  
   4.6034298  -8.884025e-01  3.163787e+00  -8.886665e-01  3.163766e+00  -3.129914e-01  3.006846e+00  
   4.6234298  -1.003122e+00  3.058318e+00  -1.003359e+00  3.058288e+00  -4.132213e-01  2.929554e+00  
   4.6444302  -1.110343e+00  2.938509e+00  -1.110555e+00  2.938475e+00  -5.066304e-01  2.842381e+00  
   4.6654301  -1.202972e+00  2.811635e+00  -1.203162e+00  2.811598e+00  -5.878065e-01  2.751157e+00  
   4.6864300  -1.280388e+00  2.680094e+00  -1.280559e+00  2.680058e+00  -6.569889e-01  2.657871e+00  
   4.7074299  -1.342420e+00  2.546349e+00  -1.342577e+00  2.546317e+00  -7.146997e-01  2.564310e+00  
   4.7274299  -1.387452e+00  2.419131e+00  -1.387598e+00  2.419103e+00  -7.596688e-01  2.476356e+00  
   4.7484298  -1.420660e+00  2.287888e+00  -1.420799e+00  2.287865e+00  -7.972378e-01  2.386445e+00  
   4.7694302  -1.440502e+00  2.161020e+00  -1.440638e+00  2.161004e+00  -8.258738e-01  2.300037e+00  
   4.7904301  -1.448339e+00  2.040234e+00  -1.448475e+00  2.040225e+00  -8.465769e-01  2.217913e+00  
   4.8114300  -1.445731e+00  1.926863e+00  -1.445869e+00  1.926860e+00  -8.603460e-01  2.140619e+00  
   4.8324299  -1.434349e+00  1.821859e+00  -1.434491e+00  1.821859e+00  -8.681461e-01  2.068502e+00  
   4.8524299  -1.416891e+00  1.730161e+00  -1.417039e+00  1.730164e+00  -8.708594e-01  2.004797e+00  
   4.8734298  -1.393171e+00  1.642828e+00  -1.393326e+00  1.642830e+00  -8.695689e-01  1.943168e+00  
   4.8944302  -1.365407e+00  1.564602e+00  -1.365570e+00  1.564602e+00  -8.647964e-01  1.886851e+00  
   4.9154301  -1.334939e+00  1.495185e+00  -1.335110e+00  1.495182e+00  -8.572342e-01  1.835680e+00  
   4.9364300  -1.302916e+00  1.434095e+00  -1.303094e+00  1.434086e+00  -8.474953e-01  1.789420e+00  
   4.9574299  -1.270290e+00  1.380721e+00  -1.270474e+00  1.380704e+00  -8.361142e-01  1.747785e+00  
   4.9774299  -1.239356e+00  1.336439e+00  -1.239546e+00  1.336413e+00  -8.241701e-01  1.712144e+00  
   4.9984298  -1.207587e+00  1.296134e+00  -1.207782e+00  1.296098e+00  -8.108434e-01  1.678611e+00  
