w Re-xx Im-xx Re-yy Im-yy Re-zz Im-zz
# Gaussian absolute broadening  0.15 [eV]
   0.0000000  7.679216e-01  8.819214e-05  7.679434e-01  8.819491e-05  7.306674e-01  8.073323e-05  
   0.0200000  7.680214e-01  9.438850e-05  7.680434e-01  9.439178e-05  7.307587e-01  8.640331e-05  
   0.0410000  7.681400e-01  1.014495e-04  7.681619e-01  1.014534e-04  7.308671e-01  9.286429e-05  
   0.0620000  7.682751e-01  1.091150e-04  7.682969e-01  1.091196e-04  7.309908e-01  9.987807e-05  
   0.0830000  7.684283e-01  1.174190e-04  7.684503e-01  1.174244e-04  7.311310e-01  1.074756e-04  
   0.1040000  7.686023e-01  1.263907e-04  7.686244e-01  1.263970e-04  7.312907e-01  1.156836e-04  
   0.1240000  7.687889e-01  1.355772e-04  7.688110e-01  1.355845e-04  7.314613e-01  1.240878e-04  
   0.1450000  7.690092e-01  1.459124e-04  7.690312e-01  1.459209e-04  7.316629e-01  1.335423e-04  
   0.1660000  7.692564e-01  1.569600e-04  7.692783e-01  1.569698e-04  7.318890e-01  1.436481e-04  
   0.1870000  7.695327e-01  1.687167e-04  7.695549e-01  1.687280e-04  7.321420e-01  1.544018e-04  
   0.2080000  7.698402e-01  1.811679e-04  7.698622e-01  1.811807e-04  7.324235e-01  1.657903e-04  
   0.2290000  7.701808e-01  1.942883e-04  7.702028e-01  1.943028e-04  7.327350e-01  1.777903e-04  
   0.2490000  7.705373e-01  2.073741e-04  7.705593e-01  2.073903e-04  7.330609e-01  1.897579e-04  
   0.2700000  7.709464e-01  2.216919e-04  7.709683e-01  2.217098e-04  7.334353e-01  2.028516e-04  
   0.2910000  7.713923e-01  2.365523e-04  7.714143e-01  2.365721e-04  7.338432e-01  2.164407e-04  
   0.3120000  7.718757e-01  2.519018e-04  7.718978e-01  2.519234e-04  7.342856e-01  2.304761e-04  
   0.3330000  7.723973e-01  2.676853e-04  7.724193e-01  2.677087e-04  7.347628e-01  2.449075e-04  
   0.3540000  7.729571e-01  2.838497e-04  7.729794e-01  2.838747e-04  7.352750e-01  2.596857e-04  
   0.3740000  7.735263e-01  2.995527e-04  7.735485e-01  2.995791e-04  7.357956e-01  2.740412e-04  
   0.3950000  7.741611e-01  3.163222e-04  7.741835e-01  3.163500e-04  7.363768e-01  2.893700e-04  
   0.4160000  7.748346e-01  3.333426e-04  7.748567e-01  3.333713e-04  7.369924e-01  3.049266e-04  
   0.4374300  7.755616e-01  3.509381e-04  7.755839e-01  3.509678e-04  7.376573e-01  3.210068e-04  
   0.4574300  7.762758e-01  3.675434e-04  7.762980e-01  3.675735e-04  7.383108e-01  3.361803e-04  
   0.4784300  7.770628e-01  3.851531e-04  7.770852e-01  3.851833e-04  7.390305e-01  3.522692e-04  
   0.4994300  7.778880e-01  4.029292e-04  7.779104e-01  4.029594e-04  7.397851e-01  3.685078e-04  
   0.5204300  7.787516e-01  4.208645e-04  7.787740e-01  4.208944e-04  7.405749e-01  3.848891e-04  
   0.5414300  7.796531e-01  4.389558e-04  7.796757e-01  4.389853e-04  7.413993e-01  4.014100e-04  
   0.5614300  7.805479e-01  4.563302e-04  7.805704e-01  4.563589e-04  7.422175e-01  4.172735e-04  
   0.5824300  7.815250e-01  4.747270e-04  7.815478e-01  4.747551e-04  7.431113e-01  4.340675e-04  
   0.6034300  7.825412e-01  4.932845e-04  7.825637e-01  4.933119e-04  7.440403e-01  4.510051e-04  
   0.6244300  7.835969e-01  5.120080e-04  7.836195e-01  5.120347e-04  7.450052e-01  4.680913e-04  
   0.6454300  7.846920e-01  5.309031e-04  7.847148e-01  5.309290e-04  7.460066e-01  4.853304e-04  
   0.6664300  7.858273e-01  5.499757e-04  7.858500e-01  5.500011e-04  7.470441e-01  5.027283e-04  
   0.6864300  7.869455e-01  5.683108e-04  7.869686e-01  5.683358e-04  7.480664e-01  5.194504e-04  
   0.7074300  7.881595e-01  5.877496e-04  7.881826e-01  5.877741e-04  7.491762e-01  5.371756e-04  
   0.7284300  7.894145e-01  6.073861e-04  7.894375e-01  6.074104e-04  7.503233e-01  5.550780e-04  
   0.7494300  7.907113e-01  6.272284e-04  7.907346e-01  6.272525e-04  7.515081e-01  5.731648e-04  
   0.7704300  7.920494e-01  6.472835e-04  7.920728e-01  6.473077e-04  7.527310e-01  5.914420e-04  
   0.7914300  7.934303e-01  6.675602e-04  7.934536e-01  6.675844e-04  7.539928e-01  6.099177e-04  
   0.8114300  7.947847e-01  6.870843e-04  7.948081e-01  6.871087e-04  7.552302e-01  6.277043e-04  
   0.8324300  7.962491e-01  7.078172e-04  7.962727e-01  7.078421e-04  7.565681e-01  6.465885e-04  
   0.8540300  7.978016e-01  7.294005e-04  7.978251e-01  7.294260e-04  7.579861e-01  6.662436e-04  
   0.8740300  7.992803e-01  7.496265e-04  7.993039e-01  7.496529e-04  7.593368e-01  6.846589e-04  
   0.8950300  8.008770e-01  7.711236e-04  8.009007e-01  7.711510e-04  7.607952e-01  7.042279e-04  
   0.9160300  8.025188e-01  7.928968e-04  8.025427e-01  7.929258e-04  7.622948e-01  7.240442e-04  
   0.9370300  8.042068e-01  8.149564e-04  8.042307e-01  8.149871e-04  7.638359e-01  7.441168e-04  
   0.9580300  8.059413e-01  8.373132e-04  8.059652e-01  8.373460e-04  7.654195e-01  7.644559e-04  
   0.9780300  8.076374e-01  8.588923e-04  8.076617e-01  8.589276e-04  7.669680e-01  7.840832e-04  
   0.9990300  8.094649e-01  8.818622e-04  8.094894e-01  8.819001e-04  7.686364e-01  8.049712e-04  
   1.0200300  8.113413e-01  9.051631e-04  8.113655e-01  9.052038e-04  7.703490e-01  8.261554e-04  
   1.0410300  8.132670e-01  9.288065e-04  8.132915e-01  9.288510e-04  7.721068e-01  8.476470e-04  
   1.0620300  8.152429e-01  9.528057e-04  8.152676e-01  9.528536e-04  7.739100e-01  8.694564e-04  
   1.0830300  8.172700e-01  9.771730e-04  8.172945e-01  9.772242e-04  7.757593e-01  8.915955e-04  
   1.1030300  8.192481e-01  1.000732e-03  8.192729e-01  1.000787e-03  7.775640e-01  9.129968e-04  
   1.1240300  8.213760e-01  1.025854e-03  8.214010e-01  1.025913e-03  7.795057e-01  9.358119e-04  
   1.1450300  8.235576e-01  1.051382e-03  8.235824e-01  1.051445e-03  7.814956e-01  9.589917e-04  
   1.1660300  8.257931e-01  1.077332e-03  8.258184e-01  1.077398e-03  7.835344e-01  9.825493e-04  
   1.1870300  8.280833e-01  1.103717e-03  8.281087e-01  1.103787e-03  7.856231e-01  1.006497e-03  
   1.2080300  8.304294e-01  1.130553e-03  8.304551e-01  1.130626e-03  7.877626e-01  1.030850e-03  
   1.2280300  8.327165e-01  1.156543e-03  8.327420e-01  1.156620e-03  7.898475e-01  1.054432e-03  
   1.2490300  8.351740e-01  1.184306e-03  8.351998e-01  1.184385e-03  7.920881e-01  1.079618e-03  
   1.2706300  8.377637e-01  1.213385e-03  8.377896e-01  1.213467e-03  7.944486e-01  1.105994e-03  
   1.2906300  8.402174e-01  1.240799e-03  8.402433e-01  1.240884e-03  7.966850e-01  1.130857e-03  
   1.3116300  8.428535e-01  1.270109e-03  8.428797e-01  1.270197e-03  7.990873e-01  1.157439e-03  
   1.3326300  8.455514e-01  1.299979e-03  8.455778e-01  1.300069e-03  8.015458e-01  1.184526e-03  
   1.3536299  8.483129e-01  1.330427e-03  8.483392e-01  1.330519e-03  8.040620e-01  1.212140e-03  
   1.3746300  8.511387e-01  1.361478e-03  8.511656e-01  1.361572e-03  8.066363e-01  1.240303e-03  
   1.3946300  8.538916e-01  1.391632e-03  8.539184e-01  1.391728e-03  8.091440e-01  1.267658e-03  
   1.4156300  8.568476e-01  1.423927e-03  8.568746e-01  1.424025e-03  8.118365e-01  1.296968e-03  
   1.4366300  8.598722e-01  1.456897e-03  8.598993e-01  1.456996e-03  8.145911e-01  1.326906e-03  
   1.4576300  8.629670e-01  1.490569e-03  8.629946e-01  1.490669e-03  8.174095e-01  1.357510e-03  
   1.4786299  8.661337e-01  1.524971e-03  8.661613e-01  1.525073e-03  8.202929e-01  1.388816e-03  
   1.4996300  8.693733e-01  1.560134e-03  8.694013e-01  1.560238e-03  8.232425e-01  1.420868e-03  
   1.5196300  8.725280e-01  1.594359e-03  8.725561e-01  1.594465e-03  8.261143e-01  1.452134e-03  
   1.5406300  8.759147e-01  1.631104e-03  8.759430e-01  1.631212e-03  8.291973e-01  1.485795e-03  
   1.5616300  8.793797e-01  1.668716e-03  8.794083e-01  1.668826e-03  8.323514e-01  1.520376e-03  
   1.5826300  8.829241e-01  1.707236e-03  8.829528e-01  1.707349e-03  8.355775e-01  1.555950e-03  
   1.6036299  8.865501e-01  1.746712e-03  8.865792e-01  1.746826e-03  8.388776e-01  1.592605e-03  
   1.6246300  8.902599e-01  1.787195e-03  8.902889e-01  1.787312e-03  8.422534e-01  1.630436e-03  
   1.6446300  8.938715e-01  1.826740e-03  8.939008e-01  1.826860e-03  8.455403e-01  1.667654e-03  
   1.6656300  8.977491e-01  1.869361e-03  8.977792e-01  1.869484e-03  8.490687e-01  1.708093e-03  
   1.6872300  9.018320e-01  1.914448e-03  9.018617e-01  1.914575e-03  8.527830e-01  1.751269e-03  
   1.7072300  9.056986e-01  1.957398e-03  9.057288e-01  1.957529e-03  8.563007e-01  1.792803e-03  
   1.7282300  9.098505e-01  2.003821e-03  9.098809e-01  2.003955e-03  8.600779e-01  1.838159e-03  
   1.7492300  9.140993e-01  2.051694e-03  9.141300e-01  2.051833e-03  8.639426e-01  1.885458e-03  
   1.7702301  9.184471e-01  2.101116e-03  9.184781e-01  2.101260e-03  8.678973e-01  1.934863e-03  
   1.7912300  9.228973e-01  2.152197e-03  9.229287e-01  2.152346e-03  8.719451e-01  1.986560e-03  
   1.8112299  9.272333e-01  2.202493e-03  9.272650e-01  2.202647e-03  8.758887e-01  2.038111e-03  
   1.8322300  9.318915e-01  2.257155e-03  9.319234e-01  2.257314e-03  8.801250e-01  2.094894e-03  
   1.8532300  9.366608e-01  2.313838e-03  9.366926e-01  2.314002e-03  8.844624e-01  2.154656e-03  
   1.8742300  9.415439e-01  2.372681e-03  9.415766e-01  2.372853e-03  8.889036e-01  2.217699e-03  
   1.8952301  9.465450e-01  2.433834e-03  9.465778e-01  2.434011e-03  8.934523e-01  2.284369e-03  
   1.9162300  9.516673e-01  2.497445e-03  9.517004e-01  2.497628e-03  8.981110e-01  2.355061e-03  
   1.9362299  9.566606e-01  2.560464e-03  9.566942e-01  2.560651e-03  9.026535e-01  2.426540e-03  
   1.9572300  9.620286e-01  2.629358e-03  9.620628e-01  2.629553e-03  9.075379e-01  2.506449e-03  
   1.9782300  9.675298e-01  2.701232e-03  9.675643e-01  2.701432e-03  9.125428e-01  2.591908e-03  
   1.9992300  9.731659e-01  2.776291e-03  9.732008e-01  2.776497e-03  9.176725e-01  2.683583e-03  
   2.0202301  9.789435e-01  2.854767e-03  9.789791e-01  2.854981e-03  9.229311e-01  2.782252e-03  
   2.0412300  9.848659e-01  2.936922e-03  9.849014e-01  2.937142e-03  9.283222e-01  2.888804e-03  
   2.0612299  9.906448e-01  3.018859e-03  9.906812e-01  3.019085e-03  9.335841e-01  2.998563e-03  
   2.0822301  9.968643e-01  3.109106e-03  9.969009e-01  3.109340e-03  9.392473e-01  3.123669e-03  
   2.1038301  1.003429e+00  3.206844e-03  1.003466e+00  3.207088e-03  9.452253e-01  3.264331e-03  
   2.1238301  1.009664e+00  3.302214e-03  1.009702e+00  3.302467e-03  9.509025e-01  3.406898e-03  
   2.1448300  1.016379e+00  3.407895e-03  1.016417e+00  3.408158e-03  9.570156e-01  3.571073e-03  
   2.1658299  1.023271e+00  3.519826e-03  1.023310e+00  3.520101e-03  9.632892e-01  3.751998e-03  
   2.1868300  1.030348e+00  3.638655e-03  1.030388e+00  3.638946e-03  9.697282e-01  3.951737e-03  
   2.2078300  1.037618e+00  3.765080e-03  1.037658e+00  3.765386e-03  9.763367e-01  4.172393e-03  
   2.2278299  1.044726e+00  3.893233e-03  1.044766e+00  3.893559e-03  9.827932e-01  4.403886e-03  
   2.2488301  1.052391e+00  4.036692e-03  1.052432e+00  4.037036e-03  9.897475e-01  4.671228e-03  
   2.2698300  1.060270e+00  4.190071e-03  1.060312e+00  4.190437e-03  9.968849e-01  4.965097e-03  
   2.2908299  1.068372e+00  4.354218e-03  1.068415e+00  4.354607e-03  1.004211e+00  5.286868e-03  
   2.3118300  1.076707e+00  4.529993e-03  1.076750e+00  4.530407e-03  1.011731e+00  5.637498e-03  
   2.3328300  1.085282e+00  4.718261e-03  1.085326e+00  4.718699e-03  1.019449e+00  6.017474e-03  
   2.3528299  1.093682e+00  4.909978e-03  1.093727e+00  4.910439e-03  1.026988e+00  6.406663e-03  
   2.3738301  1.102757e+00  5.125168e-03  1.102803e+00  5.125652e-03  1.035111e+00  6.843572e-03  
   2.3948300  1.112105e+00  5.355449e-03  1.112151e+00  5.355959e-03  1.043451e+00  7.308604e-03  
   2.4158299  1.121737e+00  5.601719e-03  1.121783e+00  5.602252e-03  1.052018e+00  7.800634e-03  
   2.4368300  1.131666e+00  5.864888e-03  1.131714e+00  5.865442e-03  1.060821e+00  8.318322e-03  
   2.4578300  1.141907e+00  6.145868e-03  1.141956e+00  6.146444e-03  1.069871e+00  8.860264e-03  
   2.4778299  1.151964e+00  6.430885e-03  1.152014e+00  6.431480e-03  1.078732e+00  9.397730e-03  
   2.4988301  1.162860e+00  6.749368e-03  1.162910e+00  6.749982e-03  1.088304e+00  9.983379e-03  
   2.5204301  1.174444e+00  7.098539e-03  1.174496e+00  7.099171e-03  1.098451e+00  1.060770e-02  
   2.5404301  1.185532e+00  7.442371e-03  1.185585e+00  7.443021e-03  1.108136e+00  1.120524e-02  
   2.5614300  1.197568e+00  7.825827e-03  1.197622e+00  7.826491e-03  1.118624e+00  1.185291e-02  
   2.5824299  1.210032e+00  8.233655e-03  1.210088e+00  8.234342e-03  1.129457e+00  1.252203e-02  
   2.6034300  1.222955e+00  8.667627e-03  1.223011e+00  8.668330e-03  1.140661e+00  1.321394e-02  
   2.6244299  1.236364e+00  9.129974e-03  1.236422e+00  9.130708e-03  1.152258e+00  1.393069e-02  
   2.6444299  1.249619e+00  9.599446e-03  1.249679e+00  9.600206e-03  1.163693e+00  1.463902e-02  
   2.6654301  1.264084e+00  1.012688e-02  1.264144e+00  1.012768e-02  1.176139e+00  1.541345e-02  
   2.6864300  1.279149e+00  1.069514e-02  1.279212e+00  1.069598e-02  1.189065e+00  1.622419e-02  
   2.7074299  1.294866e+00  1.131195e-02  1.294930e+00  1.131285e-02  1.202508e+00  1.707769e-02  
   2.7284300  1.311290e+00  1.198808e-02  1.311356e+00  1.198907e-02  1.216509e+00  1.798237e-02  
   2.7494299  1.328481e+00  1.273844e-02  1.328549e+00  1.273953e-02  1.231110e+00  1.894908e-02  
   2.7694299  1.345632e+00  1.354091e-02  1.345703e+00  1.354213e-02  1.245622e+00  1.994039e-02  
   2.7904301  1.364535e+00  1.450275e-02  1.364607e+00  1.450417e-02  1.261547e+00  2.107308e-02  
   2.8114300  1.384440e+00  1.562433e-02  1.384515e+00  1.562600e-02  1.278239e+00  2.232329e-02  
   2.8324299  1.405445e+00  1.695703e-02  1.405522e+00  1.695902e-02  1.295767e+00  2.372185e-02  
   2.8534300  1.427658e+00  1.856931e-02  1.427739e+00  1.857174e-02  1.314207e+00  2.530871e-02  
   2.8744299  1.451196e+00  2.055119e-02  1.451280e+00  2.055420e-02  1.333645e+00  2.713507e-02  
   2.8944299  1.474957e+00  2.288865e-02  1.475043e+00  2.289240e-02  1.353166e+00  2.915691e-02  
   2.9154301  1.501434e+00  2.595728e-02  1.501525e+00  2.596205e-02  1.374817e+00  3.165576e-02  
   2.9370301  1.530430e+00  2.996117e-02  1.530525e+00  2.996732e-02  1.398427e+00  3.473526e-02  
   2.9570301  1.558973e+00  3.464590e-02  1.559073e+00  3.465372e-02  1.421596e+00  3.816766e-02  
   2.9780300  1.590785e+00  4.083790e-02  1.590889e+00  4.084795e-02  1.447378e+00  4.252634e-02  
   2.9990301  1.624541e+00  4.864448e-02  1.624650e+00  4.865738e-02  1.474744e+00  4.784700e-02  
   3.0200300  1.660251e+00  5.842441e-02  1.660366e+00  5.844081e-02  1.503776e+00  5.435862e-02  
   3.0410299  1.697867e+00  7.057507e-02  1.697987e+00  7.059578e-02  1.534532e+00  6.233063e-02  
   3.0610299  1.735351e+00  8.474038e-02  1.735475e+00  8.476603e-02  1.565452e+00  7.156453e-02  
   3.0820301  1.776248e+00  1.027581e-01  1.776377e+00  1.027898e-01  1.599604e+00  8.331905e-02  
   3.1030300  1.818417e+00  1.244210e-01  1.818551e+00  1.244596e-01  1.635406e+00  9.755952e-02  
   3.1240301  1.861451e+00  1.501311e-01  1.861588e+00  1.501776e-01  1.672708e+00  1.146943e-01  
   3.1450300  1.904835e+00  1.802313e-01  1.904976e+00  1.802864e-01  1.711265e+00  1.351424e-01  
   3.1660299  1.947967e+00  2.149794e-01  1.948108e+00  2.150437e-01  1.750741e+00  1.593156e-01  
   3.1860299  1.988186e+00  2.525277e-01  1.988328e+00  2.526011e-01  1.788786e+00  1.861500e-01  
   3.2070301  2.028816e+00  2.966432e-01  2.028956e+00  2.967262e-01  1.828683e+00  2.186404e-01  
   3.2280300  2.067067e+00  3.454272e-01  2.067204e+00  3.455195e-01  1.867893e+00  2.557837e-01  
   3.2490301  2.102215e+00  3.985871e-01  2.102346e+00  3.986881e-01  1.905689e+00  2.977038e-01  
   3.2700300  2.133587e+00  4.556743e-01  2.133712e+00  4.557829e-01  1.941283e+00  3.443800e-01  
   3.2910299  2.160612e+00  5.161029e-01  2.160729e+00  5.162177e-01  1.973859e+00  3.956285e-01  
   3.3110299  2.181903e+00  5.761224e-01  2.182010e+00  5.762419e-01  2.001340e+00  4.483598e-01  
   3.3320301  2.199314e+00  6.409922e-01  2.199411e+00  6.411147e-01  2.025754e+00  5.073320e-01  
   3.3536301  2.211822e+00  7.088537e-01  2.211907e+00  7.089775e-01  2.045446e+00  5.711131e-01  
   3.3736300  2.218571e+00  7.719689e-01  2.218646e+00  7.720925e-01  2.058301e+00  6.322011e-01  
   3.3946300  2.220876e+00  8.378075e-01  2.220938e+00  8.379295e-01  2.065918e+00  6.975205e-01  
   3.4156301  2.218637e+00  9.025605e-01  2.218688e+00  9.026800e-01  2.067396e+00  7.630472e-01  
   3.4366300  2.212328e+00  9.656914e-01  2.212367e+00  9.658072e-01  2.062843e+00  8.277559e-01  
   3.4576299  2.202493e+00  1.026807e+00  2.202520e+00  1.026919e+00  2.052593e+00  8.906718e-01  
   3.4776299  2.190370e+00  1.082905e+00  2.190386e+00  1.083015e+00  2.038033e+00  9.481292e-01  
   3.4986300  2.175279e+00  1.139483e+00  2.175285e+00  1.139590e+00  2.018394e+00  1.005182e+00  
   3.5196300  2.158268e+00  1.193673e+00  2.158266e+00  1.193778e+00  1.995139e+00  1.058355e+00  
   3.5406301  2.139773e+00  1.245561e+00  2.139761e+00  1.245665e+00  1.969199e+00  1.107334e+00  
   3.5616300  2.120132e+00  1.295285e+00  2.120114e+00  1.295390e+00  1.941525e+00  1.152024e+00  
   3.5826299  2.099593e+00  1.343005e+00  2.099568e+00  1.343111e+00  1.913028e+00  1.192545e+00  
   3.6026299  2.079344e+00  1.386726e+00  2.079314e+00  1.386835e+00  1.885872e+00  1.227535e+00  
   3.6236300  2.057455e+00  1.430932e+00  2.057420e+00  1.431044e+00  1.857995e+00  1.260918e+00  
   3.6446300  2.034979e+00  1.473456e+00  2.034941e+00  1.473571e+00  1.831282e+00  1.291386e+00  
   3.6656301  2.011964e+00  1.514308e+00  2.011926e+00  1.514426e+00  1.806077e+00  1.319513e+00  
   3.6866300  1.988489e+00  1.553448e+00  1.988453e+00  1.553569e+00  1.782555e+00  1.345853e+00  
   3.7076299  1.964677e+00  1.590802e+00  1.964644e+00  1.590926e+00  1.760743e+00  1.370902e+00  
   3.7276299  1.941863e+00  1.624645e+00  1.941834e+00  1.624771e+00  1.741485e+00  1.393929e+00  
   3.7486300  1.918030e+00  1.658305e+00  1.918009e+00  1.658433e+00  1.722711e+00  1.417519e+00  
   3.7702301  1.894015e+00  1.690921e+00  1.894004e+00  1.691051e+00  1.704771e+00  1.441345e+00  
   3.7902300  1.872620e+00  1.719383e+00  1.872619e+00  1.719514e+00  1.689256e+00  1.463088e+00  
   3.8112299  1.851477e+00  1.747655e+00  1.851488e+00  1.747789e+00  1.674004e+00  1.485605e+00  
   3.8322301  1.832154e+00  1.774596e+00  1.832182e+00  1.774733e+00  1.659795e+00  1.507775e+00  
   3.8532300  1.815106e+00  1.800664e+00  1.815148e+00  1.800806e+00  1.646691e+00  1.529579e+00  
   3.8742299  1.800718e+00  1.826466e+00  1.800778e+00  1.826614e+00  1.634837e+00  1.551037e+00  
   3.8942299  1.789749e+00  1.851459e+00  1.789826e+00  1.851614e+00  1.624900e+00  1.571238e+00  
   3.9152300  1.781240e+00  1.878942e+00  1.781332e+00  1.879108e+00  1.616123e+00  1.592386e+00  
   3.9362299  1.775780e+00  1.908593e+00  1.775887e+00  1.908773e+00  1.609294e+00  1.613779e+00  
   3.9572301  1.773144e+00  1.941359e+00  1.773265e+00  1.941556e+00  1.604644e+00  1.635852e+00  
   3.9782300  1.772890e+00  1.978179e+00  1.773022e+00  1.978395e+00  1.602339e+00  1.659164e+00  
   3.9992299  1.774357e+00  2.019931e+00  1.774497e+00  2.020170e+00  1.602446e+00  1.684390e+00  
   4.0192299  1.776560e+00  2.064992e+00  1.776704e+00  2.065255e+00  1.604740e+00  1.710892e+00  
   4.0402298  1.778700e+00  2.118469e+00  1.778845e+00  2.118760e+00  1.609242e+00  1.742119e+00  
   4.0612302  1.779458e+00  2.178684e+00  1.779599e+00  2.179007e+00  1.615499e+00  1.777679e+00  
   4.0822301  1.777488e+00  2.245847e+00  1.777622e+00  2.246199e+00  1.622916e+00  1.818425e+00  
   4.1032300  1.771366e+00  2.319910e+00  1.771487e+00  2.320294e+00  1.630683e+00  1.865158e+00  
   4.1242299  1.759639e+00  2.400564e+00  1.759743e+00  2.400979e+00  1.637772e+00  1.918566e+00  
   4.1442299  1.741953e+00  2.482977e+00  1.742038e+00  2.483420e+00  1.642759e+00  1.976117e+00  
   4.1652298  1.715243e+00  2.574594e+00  1.715305e+00  2.575063e+00  1.644775e+00  2.043854e+00  
   4.1868300  1.677805e+00  2.673156e+00  1.677840e+00  2.673650e+00  1.641769e+00  2.121351e+00  
   4.2068300  1.633140e+00  2.767137e+00  1.633148e+00  2.767648e+00  1.632824e+00  2.199879e+00  
   4.2278299  1.575066e+00  2.867229e+00  1.575044e+00  2.867753e+00  1.615402e+00  2.288661e+00  
   4.2488298  1.504930e+00  2.967207e+00  1.504878e+00  2.967738e+00  1.588130e+00  2.382839e+00  
   4.2698302  1.422357e+00  3.065395e+00  1.422275e+00  3.065925e+00  1.549514e+00  2.480909e+00  
   4.2908301  1.327237e+00  3.160042e+00  1.327124e+00  3.160564e+00  1.498309e+00  2.580981e+00  
   4.3108301  1.225120e+00  3.245276e+00  1.224981e+00  3.245783e+00  1.437015e+00  2.676130e+00  
   4.3318300  1.106198e+00  3.327922e+00  1.106031e+00  3.328407e+00  1.359051e+00  2.773513e+00  
   4.3528299  9.759667e-01  3.401854e+00  9.757737e-01  3.402310e+00  1.267170e+00  2.865762e+00  
   4.3738298  8.353741e-01  3.465414e+00  8.351566e-01  3.465835e+00  1.161926e+00  2.950272e+00  
   4.3948302  6.856222e-01  3.517045e+00  6.853824e-01  3.517425e+00  1.044410e+00  3.024551e+00  
   4.4158301  5.281742e-01  3.555324e+00  5.279142e-01  3.555658e+00  9.162390e-01  3.086354e+00  
   4.4358301  3.726099e-01  3.578223e+00  3.723327e-01  3.578511e+00  7.861422e-01  3.131904e+00  
   4.4568300  2.052003e-01  3.587038e+00  2.049075e-01  3.587276e+00  6.434267e-01  3.164403e+00  
   4.4778299  3.567613e-02  3.579484e+00  3.537107e-02  3.579672e+00  4.970539e-01  3.180346e+00  
   4.4988298  -1.337296e-01  3.555087e+00  -1.340434e-01  3.555224e+00  3.497833e-01  3.179440e+00  
   4.5198302  -3.006887e-01  3.513715e+00  -3.010073e-01  3.513806e+00  2.043455e-01  3.161978e+00  
   4.5408301  -4.628243e-01  3.455635e+00  -4.631435e-01  3.455681e+00  6.332713e-02  3.128807e+00  
   4.5608301  -6.106219e-01  3.385399e+00  -6.109372e-01  3.385406e+00  -6.475272e-02  3.083818e+00  
   4.5818300  -7.567257e-01  3.297027e+00  -7.570320e-01  3.296998e+00  -1.908160e-01  3.024160e+00  
   4.6034298  -8.951994e-01  3.192063e+00  -8.954912e-01  3.192002e+00  -3.098798e-01  2.951594e+00  
   4.6234298  -1.011113e+00  3.083915e+00  -1.011386e+00  3.083831e+00  -4.095053e-01  2.876308e+00  
   4.6444302  -1.118751e+00  2.961155e+00  -1.119001e+00  2.961050e+00  -5.024859e-01  2.791043e+00  
   4.6654301  -1.211030e+00  2.831376e+00  -1.211251e+00  2.831258e+00  -5.833213e-01  2.701572e+00  
   4.6864300  -1.287458e+00  2.697163e+00  -1.287647e+00  2.697036e+00  -6.521503e-01  2.609959e+00  
   4.7074299  -1.348025e+00  2.561130e+00  -1.348177e+00  2.560999e+00  -7.094261e-01  2.518075e+00  
   4.7274299  -1.391374e+00  2.432190e+00  -1.391489e+00  2.432061e+00  -7.538718e-01  2.431802e+00  
   4.7484298  -1.422673e+00  2.299685e+00  -1.422747e+00  2.299563e+00  -7.907711e-01  2.343823e+00  
   4.7694302  -1.440607e+00  2.172134e+00  -1.440639e+00  2.172024e+00  -8.186338e-01  2.259581e+00  
   4.7904301  -1.446657e+00  2.051225e+00  -1.446646e+00  2.051129e+00  -8.384976e-01  2.179897e+00  
   4.8114300  -1.442471e+00  1.938233e+00  -1.442416e+00  1.938156e+00  -8.514081e-01  2.105335e+00  
   4.8324299  -1.429769e+00  1.834032e+00  -1.429671e+00  1.833977e+00  -8.583781e-01  2.036233e+00  
   4.8524299  -1.411312e+00  1.743411e+00  -1.411174e+00  1.743379e+00  -8.603661e-01  1.975635e+00  
   4.8734298  -1.386804e+00  1.657446e+00  -1.386622e+00  1.657441e+00  -8.584123e-01  1.917470e+00  
   4.8944302  -1.358488e+00  1.580746e+00  -1.358265e+00  1.580770e+00  -8.530957e-01  1.864771e+00  
   4.9154301  -1.327658e+00  1.512939e+00  -1.327394e+00  1.512992e+00  -8.451132e-01  1.817310e+00  
   4.9364300  -1.295408e+00  1.453477e+00  -1.295105e+00  1.453561e+00  -8.350701e-01  1.774793e+00  
   4.9574299  -1.262638e+00  1.401705e+00  -1.262296e+00  1.401822e+00  -8.234832e-01  1.736881e+00  
   4.9774299  -1.231594e+00  1.358896e+00  -1.231217e+00  1.359045e+00  -8.114116e-01  1.704726e+00  
   4.9984298  -1.199693e+00  1.320065e+00  -1.199281e+00  1.320247e+00  -7.979958e-01  1.674757e+00  
