w Re-xx Im-xx Re-yy Im-yy Re-zz Im-zz
# Gaussian absolute broadening  0.15 [eV]
   0.0000000  7.693059e-01  8.864517e-05  7.692983e-01  8.864594e-05  7.246987e-01  7.879807e-05  
   0.0200000  7.694060e-01  9.487211e-05  7.693985e-01  9.487307e-05  7.247877e-01  8.433270e-05  
   0.0410000  7.695253e-01  1.019679e-04  7.695175e-01  1.019691e-04  7.248935e-01  9.063931e-05  
   0.0620000  7.696608e-01  1.096712e-04  7.696534e-01  1.096727e-04  7.250142e-01  9.748540e-05  
   0.0830000  7.698151e-01  1.180159e-04  7.698076e-01  1.180178e-04  7.251512e-01  1.049011e-04  
   0.1040000  7.699900e-01  1.270316e-04  7.699823e-01  1.270340e-04  7.253066e-01  1.129125e-04  
   0.1240000  7.701775e-01  1.362631e-04  7.701700e-01  1.362660e-04  7.254734e-01  1.211151e-04  
   0.1450000  7.703988e-01  1.466488e-04  7.703913e-01  1.466523e-04  7.256702e-01  1.303425e-04  
   0.1660000  7.706472e-01  1.577505e-04  7.706397e-01  1.577547e-04  7.258909e-01  1.402051e-04  
   0.1870000  7.709250e-01  1.695646e-04  7.709173e-01  1.695696e-04  7.261378e-01  1.506996e-04  
   0.2080000  7.712339e-01  1.820765e-04  7.712264e-01  1.820825e-04  7.264125e-01  1.618129e-04  
   0.2290000  7.715762e-01  1.952610e-04  7.715687e-01  1.952680e-04  7.267166e-01  1.735222e-04  
   0.2490000  7.719343e-01  2.084106e-04  7.719267e-01  2.084186e-04  7.270347e-01  1.851990e-04  
   0.2700000  7.723455e-01  2.227982e-04  7.723380e-01  2.228074e-04  7.274001e-01  1.979735e-04  
   0.2910000  7.727935e-01  2.377313e-04  7.727858e-01  2.377415e-04  7.277983e-01  2.112301e-04  
   0.3120000  7.732795e-01  2.531559e-04  7.732719e-01  2.531674e-04  7.282302e-01  2.249208e-04  
   0.3330000  7.738034e-01  2.690168e-04  7.737960e-01  2.690294e-04  7.286959e-01  2.389961e-04  
   0.3540000  7.743664e-01  2.852606e-04  7.743589e-01  2.852743e-04  7.291958e-01  2.534082e-04  
   0.3740000  7.749383e-01  3.010410e-04  7.749308e-01  3.010559e-04  7.297037e-01  2.674062e-04  
   0.3950000  7.755763e-01  3.178935e-04  7.755688e-01  3.179093e-04  7.302706e-01  2.823516e-04  
   0.4160000  7.762530e-01  3.349983e-04  7.762455e-01  3.350150e-04  7.308713e-01  2.975169e-04  
   0.4374300  7.769837e-01  3.526815e-04  7.769764e-01  3.526990e-04  7.315204e-01  3.131906e-04  
   0.4574300  7.777014e-01  3.693699e-04  7.776939e-01  3.693880e-04  7.321575e-01  3.279782e-04  
   0.4784300  7.784922e-01  3.870681e-04  7.784849e-01  3.870869e-04  7.328600e-01  3.436558e-04  
   0.4994300  7.793215e-01  4.049340e-04  7.793142e-01  4.049531e-04  7.335963e-01  3.594767e-04  
   0.5204300  7.801892e-01  4.229601e-04  7.801819e-01  4.229798e-04  7.343665e-01  3.754344e-04  
   0.5414300  7.810954e-01  4.411437e-04  7.810882e-01  4.411635e-04  7.351706e-01  3.915251e-04  
   0.5614300  7.819945e-01  4.586068e-04  7.819874e-01  4.586269e-04  7.359686e-01  4.069732e-04  
   0.5824300  7.829769e-01  4.770981e-04  7.829696e-01  4.771185e-04  7.368402e-01  4.233247e-04  
   0.6034300  7.839978e-01  4.957517e-04  7.839907e-01  4.957724e-04  7.377462e-01  4.398128e-04  
   0.6244300  7.850587e-01  5.145724e-04  7.850515e-01  5.145934e-04  7.386873e-01  4.564420e-04  
   0.6454300  7.861596e-01  5.335662e-04  7.861526e-01  5.335875e-04  7.396635e-01  4.732168e-04  
   0.6664300  7.873006e-01  5.527386e-04  7.872936e-01  5.527602e-04  7.406754e-01  4.901426e-04  
   0.6864300  7.884243e-01  5.711705e-04  7.884172e-01  5.711924e-04  7.416721e-01  5.064071e-04  
   0.7074300  7.896445e-01  5.907121e-04  7.896376e-01  5.907344e-04  7.427536e-01  5.236432e-04  
   0.7284300  7.909060e-01  6.104531e-04  7.908991e-01  6.104758e-04  7.438718e-01  5.410473e-04  
   0.7494300  7.922094e-01  6.304016e-04  7.922025e-01  6.304249e-04  7.450268e-01  5.586257e-04  
   0.7704300  7.935544e-01  6.505647e-04  7.935475e-01  6.505884e-04  7.462186e-01  5.763847e-04  
   0.7914300  7.949423e-01  6.709510e-04  7.949355e-01  6.709751e-04  7.474481e-01  5.943310e-04  
   0.8114300  7.963032e-01  6.905812e-04  7.962966e-01  6.906060e-04  7.486537e-01  6.116030e-04  
   0.8324300  7.977756e-01  7.114271e-04  7.977687e-01  7.114526e-04  7.499572e-01  6.299355e-04  
   0.8540300  7.993360e-01  7.331289e-04  7.993293e-01  7.331551e-04  7.513388e-01  6.490101e-04  
   0.8740300  8.008219e-01  7.534665e-04  8.008153e-01  7.534934e-04  7.526544e-01  6.668757e-04  
   0.8950300  8.024269e-01  7.750831e-04  8.024203e-01  7.751108e-04  7.540747e-01  6.858541e-04  
   0.9160300  8.040774e-01  7.969778e-04  8.040709e-01  7.970065e-04  7.555350e-01  7.050656e-04  
   0.9370300  8.057742e-01  8.191612e-04  8.057675e-01  8.191905e-04  7.570359e-01  7.245188e-04  
   0.9580300  8.075175e-01  8.416442e-04  8.075112e-01  8.416743e-04  7.585778e-01  7.442228e-04  
   0.9780300  8.092223e-01  8.633460e-04  8.092161e-01  8.633769e-04  7.600850e-01  7.632304e-04  
   0.9990300  8.110596e-01  8.864473e-04  8.110533e-01  8.864786e-04  7.617092e-01  7.834510e-04  
   1.0200300  8.129456e-01  9.098816e-04  8.129394e-01  9.099138e-04  7.633759e-01  8.039504e-04  
   1.0410300  8.148813e-01  9.336621e-04  8.148752e-01  9.336951e-04  7.650861e-01  8.247385e-04  
   1.0620300  8.168679e-01  9.578004e-04  8.168619e-01  9.578341e-04  7.668405e-01  8.458254e-04  
   1.0830300  8.189054e-01  9.823089e-04  8.188994e-01  9.823436e-04  7.686396e-01  8.672212e-04  
   1.1030300  8.208939e-01  1.006007e-03  8.208878e-01  1.006042e-03  7.703946e-01  8.878949e-04  
   1.1240300  8.230333e-01  1.031276e-03  8.230273e-01  1.031313e-03  7.722828e-01  9.099246e-04  
   1.1450300  8.252260e-01  1.056954e-03  8.252204e-01  1.056993e-03  7.742173e-01  9.322951e-04  
   1.1660300  8.274735e-01  1.083057e-03  8.274677e-01  1.083096e-03  7.761994e-01  9.550186e-04  
   1.1870300  8.297762e-01  1.109597e-03  8.297704e-01  1.109638e-03  7.782294e-01  9.781063e-04  
   1.2080300  8.321347e-01  1.136591e-03  8.321291e-01  1.136635e-03  7.803084e-01  1.001572e-03  
   1.2280300  8.344337e-01  1.162736e-03  8.344283e-01  1.162782e-03  7.823339e-01  1.024282e-03  
   1.2490300  8.369046e-01  1.190663e-03  8.368991e-01  1.190711e-03  7.845103e-01  1.048521e-03  
   1.2706300  8.395080e-01  1.219914e-03  8.395027e-01  1.219965e-03  7.868025e-01  1.073889e-03  
   1.2906300  8.419749e-01  1.247490e-03  8.419698e-01  1.247543e-03  7.889737e-01  1.097785e-03  
   1.3116300  8.446253e-01  1.276973e-03  8.446202e-01  1.277029e-03  7.913056e-01  1.123314e-03  
   1.3326300  8.473377e-01  1.307018e-03  8.473328e-01  1.307076e-03  7.936915e-01  1.149307e-03  
   1.3536299  8.501140e-01  1.337645e-03  8.501092e-01  1.337705e-03  7.961323e-01  1.175780e-03  
   1.3746300  8.529552e-01  1.368876e-03  8.529505e-01  1.368939e-03  7.986290e-01  1.202753e-03  
   1.3946300  8.557229e-01  1.399203e-03  8.557183e-01  1.399267e-03  8.010606e-01  1.228922e-03  
   1.4156300  8.586951e-01  1.431681e-03  8.586906e-01  1.431747e-03  8.036703e-01  1.256922e-03  
   1.4366300  8.617364e-01  1.464833e-03  8.617318e-01  1.464901e-03  8.063397e-01  1.285478e-03  
   1.4576300  8.648480e-01  1.498686e-03  8.648438e-01  1.498755e-03  8.090699e-01  1.314609e-03  
   1.4786299  8.680320e-01  1.533265e-03  8.680279e-01  1.533335e-03  8.118621e-01  1.344338e-03  
   1.4996300  8.712894e-01  1.568598e-03  8.712853e-01  1.568669e-03  8.147177e-01  1.374685e-03  
   1.5196300  8.744611e-01  1.602974e-03  8.744572e-01  1.603047e-03  8.174965e-01  1.404183e-03  
   1.5406300  8.778666e-01  1.639863e-03  8.778629e-01  1.639937e-03  8.204789e-01  1.435806e-03  
   1.5616300  8.813501e-01  1.677594e-03  8.813466e-01  1.677669e-03  8.235285e-01  1.468117e-03  
   1.5826300  8.849139e-01  1.716199e-03  8.849106e-01  1.716276e-03  8.266466e-01  1.501144e-03  
   1.6036299  8.885599e-01  1.755715e-03  8.885566e-01  1.755793e-03  8.298346e-01  1.534913e-03  
   1.6246300  8.922895e-01  1.796177e-03  8.922865e-01  1.796257e-03  8.330944e-01  1.569454e-03  
   1.6446300  8.959208e-01  1.835627e-03  8.959179e-01  1.835708e-03  8.362668e-01  1.603094e-03  
   1.6656300  8.998197e-01  1.878049e-03  8.998170e-01  1.878131e-03  8.396703e-01  1.639228e-03  
   1.6872300  9.039240e-01  1.922799e-03  9.039214e-01  1.922883e-03  8.432520e-01  1.677300e-03  
   1.7072300  9.078113e-01  1.965286e-03  9.078089e-01  1.965372e-03  8.466421e-01  1.713401e-03  
   1.7282300  9.119855e-01  2.011033e-03  9.119833e-01  2.011121e-03  8.502803e-01  1.752224e-03  
   1.7492300  9.162570e-01  2.057997e-03  9.162550e-01  2.058087e-03  8.540006e-01  1.792028e-03  
   1.7702301  9.206281e-01  2.106235e-03  9.206263e-01  2.106328e-03  8.578060e-01  1.832851e-03  
   1.7912300  9.251018e-01  2.155808e-03  9.251002e-01  2.155903e-03  8.616979e-01  1.874743e-03  
   1.8112299  9.294608e-01  2.204322e-03  9.294595e-01  2.204420e-03  8.654875e-01  1.915676e-03  
   1.8322300  9.341435e-01  2.256699e-03  9.341423e-01  2.256798e-03  8.695560e-01  1.959793e-03  
   1.8532300  9.389376e-01  2.310621e-03  9.389368e-01  2.310725e-03  8.737186e-01  2.005127e-03  
   1.8742300  9.438465e-01  2.366174e-03  9.438461e-01  2.366281e-03  8.779780e-01  2.051739e-03  
   1.8952301  9.488744e-01  2.423450e-03  9.488738e-01  2.423562e-03  8.823368e-01  2.099690e-03  
   1.9162300  9.540233e-01  2.482548e-03  9.540233e-01  2.482664e-03  8.867974e-01  2.149047e-03  
   1.9362299  9.590432e-01  2.540625e-03  9.590435e-01  2.540747e-03  8.911435e-01  2.197427e-03  
   1.9572300  9.644402e-01  2.603611e-03  9.644405e-01  2.603739e-03  8.958119e-01  2.249749e-03  
   1.9782300  9.699705e-01  2.668784e-03  9.699715e-01  2.668919e-03  9.005920e-01  2.303717e-03  
   1.9992300  9.756370e-01  2.736295e-03  9.756380e-01  2.736437e-03  9.054863e-01  2.359430e-03  
   2.0202301  9.814462e-01  2.806320e-03  9.814474e-01  2.806470e-03  9.104987e-01  2.416997e-03  
   2.0412300  9.874005e-01  2.879048e-03  9.874020e-01  2.879208e-03  9.156325e-01  2.476547e-03  
   2.0612299  9.932113e-01  2.951026e-03  9.932134e-01  2.951195e-03  9.206382e-01  2.535233e-03  
   2.0822301  9.994655e-01  3.029688e-03  9.994677e-01  3.029869e-03  9.260210e-01  2.599078e-03  
   2.1038301  1.006067e+00  3.114181e-03  1.006069e+00  3.114375e-03  9.316968e-01  2.667316e-03  
   2.1238301  1.012336e+00  3.195941e-03  1.012339e+00  3.196145e-03  9.370828e-01  2.733016e-03  
   2.1448300  1.019089e+00  3.285767e-03  1.019093e+00  3.285987e-03  9.428781e-01  2.804834e-03  
   2.1658299  1.026021e+00  3.380037e-03  1.026025e+00  3.380270e-03  9.488213e-01  2.879814e-03  
   2.1868300  1.033140e+00  3.479164e-03  1.033144e+00  3.479412e-03  9.549184e-01  2.958258e-03  
   2.2078300  1.040452e+00  3.583586e-03  1.040456e+00  3.583850e-03  9.611743e-01  3.040496e-03  
   2.2278299  1.047603e+00  3.688402e-03  1.047608e+00  3.688684e-03  9.672869e-01  3.122688e-03  
   2.2488301  1.055315e+00  3.804584e-03  1.055321e+00  3.804885e-03  9.738722e-01  3.213442e-03  
   2.2698300  1.063245e+00  3.927569e-03  1.063251e+00  3.927888e-03  9.806351e-01  3.309201e-03  
   2.2908299  1.071401e+00  4.057932e-03  1.071407e+00  4.058273e-03  9.875836e-01  3.410461e-03  
   2.3118300  1.079792e+00  4.196277e-03  1.079800e+00  4.196640e-03  9.947243e-01  3.517758e-03  
   2.3328300  1.088430e+00  4.343229e-03  1.088438e+00  4.343615e-03  1.002066e+00  3.631677e-03  
   2.3528299  1.096894e+00  4.491794e-03  1.096903e+00  4.492204e-03  1.009251e+00  3.746916e-03  
   2.3738301  1.106043e+00  4.657503e-03  1.106052e+00  4.657939e-03  1.017008e+00  3.875660e-03  
   2.3948300  1.115470e+00  4.833892e-03  1.115480e+00  4.834358e-03  1.024990e+00  4.013075e-03  
   2.4158299  1.125190e+00  5.021761e-03  1.125200e+00  5.022254e-03  1.033208e+00  4.159988e-03  
   2.4368300  1.135216e+00  5.221975e-03  1.135227e+00  5.222502e-03  1.041674e+00  4.317289e-03  
   2.4578300  1.145563e+00  5.435482e-03  1.145576e+00  5.436043e-03  1.050398e+00  4.485967e-03  
   2.4778299  1.155732e+00  5.652150e-03  1.155745e+00  5.652747e-03  1.058957e+00  4.658172e-03  
   2.4988301  1.166756e+00  5.894793e-03  1.166770e+00  5.895432e-03  1.068221e+00  4.852289e-03  
   2.5204301  1.178486e+00  6.161981e-03  1.178501e+00  6.162665e-03  1.078060e+00  5.067562e-03  
   2.5404301  1.189722e+00  6.426782e-03  1.189737e+00  6.427512e-03  1.087467e+00  5.282419e-03  
   2.5614300  1.201928e+00  6.724652e-03  1.201945e+00  6.725437e-03  1.097666e+00  5.525772e-03  
   2.5824299  1.214580e+00  7.045039e-03  1.214597e+00  7.045885e-03  1.108214e+00  5.789270e-03  
   2.6034300  1.227705e+00  7.390658e-03  1.227725e+00  7.391572e-03  1.119132e+00  6.075248e-03  
   2.6244299  1.241337e+00  7.764834e-03  1.241357e+00  7.765825e-03  1.130441e+00  6.386453e-03  
   2.6444299  1.254822e+00  8.151570e-03  1.254843e+00  8.152642e-03  1.141598e+00  6.709331e-03  
   2.6654301  1.269547e+00  8.594644e-03  1.269570e+00  8.595807e-03  1.153746e+00  7.080053e-03  
   2.6864300  1.284894e+00  9.082369e-03  1.284918e+00  9.083639e-03  1.166366e+00  7.488170e-03  
   2.7074299  1.300914e+00  9.623773e-03  1.300940e+00  9.625162e-03  1.179491e+00  7.939983e-03  
   2.7284300  1.317663e+00  1.023089e-02  1.317690e+00  1.023242e-02  1.193160e+00  8.443533e-03  
   2.7494299  1.335205e+00  1.091993e-02  1.335234e+00  1.092162e-02  1.207412e+00  9.009132e-03  
   2.7694299  1.352712e+00  1.167230e-02  1.352744e+00  1.167417e-02  1.221573e+00  9.617675e-03  
   2.7904301  1.372016e+00  1.259158e-02  1.372049e+00  1.259370e-02  1.237105e+00  1.034655e-02  
   2.8114300  1.392352e+00  1.368238e-02  1.392388e+00  1.368480e-02  1.253373e+00  1.118935e-02  
   2.8324299  1.413822e+00  1.499784e-02  1.413860e+00  1.500066e-02  1.270443e+00  1.217467e-02  
   2.8534300  1.436537e+00  1.660866e-02  1.436578e+00  1.661200e-02  1.288381e+00  1.333920e-02  
   2.8744299  1.460619e+00  1.860765e-02  1.460663e+00  1.861169e-02  1.307266e+00  1.472974e-02  
   2.8944299  1.484943e+00  2.098198e-02  1.484991e+00  2.098692e-02  1.326207e+00  1.631833e-02  
   2.9154301  1.512067e+00  2.411531e-02  1.512118e+00  2.412151e-02  1.347182e+00  1.833513e-02  
   2.9370301  1.541794e+00  2.821948e-02  1.541850e+00  2.822744e-02  1.370015e+00  2.087814e-02  
   2.9570301  1.571084e+00  3.303416e-02  1.571144e+00  3.304425e-02  1.392383e+00  2.376333e-02  
   2.9780300  1.603759e+00  3.940925e-02  1.603824e+00  3.942227e-02  1.417231e+00  2.747707e-02  
   2.9990301  1.638470e+00  4.745639e-02  1.638541e+00  4.747324e-02  1.443564e+00  3.205802e-02  
   3.0200300  1.675235e+00  5.754565e-02  1.675310e+00  5.756737e-02  1.471462e+00  3.770768e-02  
   3.0410299  1.714011e+00  7.008696e-02  1.714092e+00  7.011477e-02  1.500987e+00  4.466411e-02  
   3.0610299  1.752703e+00  8.471220e-02  1.752789e+00  8.474712e-02  1.530657e+00  5.275651e-02  
   3.0820301  1.794974e+00  1.033185e-01  1.795066e+00  1.033625e-01  1.563437e+00  6.309549e-02  
   3.1030300  1.838622e+00  1.256921e-01  1.838719e+00  1.257467e-01  1.597836e+00  7.566448e-02  
   3.1240301  1.883228e+00  1.522482e-01  1.883329e+00  1.523154e-01  1.633747e+00  9.084205e-02  
   3.1450300  1.928255e+00  1.833418e-01  1.928362e+00  1.834233e-01  1.670984e+00  1.090252e-01  
   3.1660299  1.973077e+00  2.192405e-01  1.973187e+00  2.193379e-01  1.709278e+00  1.306156e-01  
   3.1860299  2.014917e+00  2.580369e-01  2.015029e+00  2.581508e-01  1.746394e+00  1.546986e-01  
   3.2070301  2.057220e+00  3.036257e-01  2.057333e+00  3.037581e-01  1.785599e+00  1.840155e-01  
   3.2280300  2.097070e+00  3.540480e-01  2.097183e+00  3.541996e-01  1.824491e+00  2.177345e-01  
   3.2490301  2.133688e+00  4.090047e-01  2.133800e+00  4.091761e-01  1.862421e+00  2.560403e-01  
   3.2700300  2.166351e+00  4.680355e-01  2.166460e+00  4.682260e-01  1.898670e+00  2.989907e-01  
   3.2910299  2.194438e+00  5.305378e-01  2.194541e+00  5.307469e-01  1.932478e+00  3.464951e-01  
   3.3110299  2.216487e+00  5.926340e-01  2.216583e+00  5.928593e-01  1.961703e+00  3.957370e-01  
   3.3320301  2.234390e+00  6.597674e-01  2.234479e+00  6.600081e-01  1.988557e+00  4.512267e-01  
   3.3536301  2.247049e+00  7.300185e-01  2.247128e+00  7.302727e-01  2.011400e+00  5.117226e-01  
   3.3736300  2.253601e+00  7.953766e-01  2.253671e+00  7.956404e-01  2.027718e+00  5.701201e-01  
   3.3946300  2.255342e+00  8.635750e-01  2.255400e+00  8.638467e-01  2.039476e+00  6.330441e-01  
   3.4156301  2.252174e+00  9.306686e-01  2.252221e+00  9.309451e-01  2.045531e+00  6.966568e-01  
   3.4366300  2.244583e+00  9.960990e-01  2.244617e+00  9.963783e-01  2.045895e+00  7.599462e-01  
   3.4576299  2.233122e+00  1.059452e+00  2.233145e+00  1.059732e+00  2.040796e+00  8.219203e-01  
   3.4776299  2.219149e+00  1.117613e+00  2.219160e+00  1.117891e+00  2.031255e+00  8.788790e-01  
   3.4986300  2.201817e+00  1.176269e+00  2.201816e+00  1.176543e+00  2.016910e+00  9.357569e-01  
   3.5196300  2.182279e+00  1.232439e+00  2.182266e+00  1.232710e+00  1.998881e+00  9.890227e-01  
   3.5406301  2.160986e+00  1.286204e+00  2.160960e+00  1.286469e+00  1.978028e+00  1.038264e+00  
   3.5616300  2.138294e+00  1.337696e+00  2.138257e+00  1.337956e+00  1.955251e+00  1.083289e+00  
   3.5826299  2.114470e+00  1.387078e+00  2.114419e+00  1.387332e+00  1.931433e+00  1.124140e+00  
   3.6026299  2.090886e+00  1.432288e+00  2.090826e+00  1.432535e+00  1.908524e+00  1.159392e+00  
   3.6236300  2.065293e+00  1.477967e+00  2.065220e+00  1.478207e+00  1.884899e+00  1.192979e+00  
   3.6446300  2.038915e+00  1.521884e+00  2.038832e+00  1.522116e+00  1.862241e+00  1.223602e+00  
   3.6656301  2.011811e+00  1.564066e+00  2.011716e+00  1.564290e+00  1.840907e+00  1.251894e+00  
   3.6866300  1.984052e+00  1.604486e+00  1.983946e+00  1.604700e+00  1.821076e+00  1.278502e+00  
   3.7076299  1.955752e+00  1.643078e+00  1.955636e+00  1.643283e+00  1.802757e+00  1.304036e+00  
   3.7276299  1.928459e+00  1.678055e+00  1.928335e+00  1.678250e+00  1.786601e+00  1.327829e+00  
   3.7486300  1.899679e+00  1.712838e+00  1.899548e+00  1.713022e+00  1.770789e+00  1.352642e+00  
   3.7702301  1.870292e+00  1.746486e+00  1.870153e+00  1.746657e+00  1.755490e+00  1.378240e+00  
   3.7902300  1.843643e+00  1.775718e+00  1.843499e+00  1.775877e+00  1.741966e+00  1.402112e+00  
   3.8112299  1.816686e+00  1.804506e+00  1.816539e+00  1.804653e+00  1.728250e+00  1.427336e+00  
   3.8322301  1.791262e+00  1.831533e+00  1.791113e+00  1.831668e+00  1.714940e+00  1.452610e+00  
   3.8532300  1.767869e+00  1.857109e+00  1.767721e+00  1.857236e+00  1.702061e+00  1.477775e+00  
   3.8742299  1.746980e+00  1.881688e+00  1.746834e+00  1.881808e+00  1.689766e+00  1.502676e+00  
   3.8942299  1.729788e+00  1.904707e+00  1.729646e+00  1.904822e+00  1.678840e+00  1.526053e+00  
   3.9152300  1.714863e+00  1.929155e+00  1.714727e+00  1.929267e+00  1.668526e+00  1.550242e+00  
   3.9362299  1.703302e+00  1.954715e+00  1.703171e+00  1.954828e+00  1.659791e+00  1.574201e+00  
   3.9572301  1.695084e+00  1.982318e+00  1.694961e+00  1.982437e+00  1.653035e+00  1.598229e+00  
   3.9782300  1.689978e+00  2.012950e+00  1.689862e+00  2.013076e+00  1.648609e+00  1.622794e+00  
   3.9992299  1.687515e+00  2.047606e+00  1.687406e+00  2.047742e+00  1.646760e+00  1.648532e+00  
   4.0192299  1.686977e+00  2.085224e+00  1.686874e+00  2.085373e+00  1.647487e+00  1.674847e+00  
   4.0402298  1.687398e+00  2.130385e+00  1.687299e+00  2.130549e+00  1.650778e+00  1.705225e+00  
   4.0612302  1.687679e+00  2.182027e+00  1.687582e+00  2.182208e+00  1.656353e+00  1.739357e+00  
   4.0822301  1.686469e+00  2.240628e+00  1.686371e+00  2.240828e+00  1.663657e+00  1.778206e+00  
   4.1032300  1.682277e+00  2.306408e+00  1.682177e+00  2.306625e+00  1.671882e+00  1.822687e+00  
   4.1242299  1.673540e+00  2.379294e+00  1.673433e+00  2.379527e+00  1.679964e+00  1.873605e+00  
   4.1442299  1.659552e+00  2.454967e+00  1.659435e+00  2.455214e+00  1.686340e+00  1.928656e+00  
   4.1652298  1.637458e+00  2.540335e+00  1.637329e+00  2.540594e+00  1.690210e+00  1.993716e+00  
   4.1868300  1.605375e+00  2.633450e+00  1.605230e+00  2.633718e+00  1.689453e+00  2.068484e+00  
   4.2068300  1.566071e+00  2.723308e+00  1.565909e+00  2.723580e+00  1.682826e+00  2.144573e+00  
   4.2278299  1.513914e+00  2.820014e+00  1.513731e+00  2.820287e+00  1.668016e+00  2.230955e+00  
   4.2488298  1.449886e+00  2.917535e+00  1.449680e+00  2.917807e+00  1.643485e+00  2.322974e+00  
   4.2698302  1.373533e+00  3.014133e+00  1.373304e+00  3.014399e+00  1.607687e+00  2.419222e+00  
   4.2908301  1.284693e+00  3.107987e+00  1.284438e+00  3.108245e+00  1.559337e+00  2.517913e+00  
   4.3108301  1.188574e+00  3.193147e+00  1.188296e+00  3.193394e+00  1.500762e+00  2.612272e+00  
   4.3318300  1.075933e+00  3.276375e+00  1.075630e+00  3.276609e+00  1.425618e+00  2.709507e+00  
   4.3528299  9.519206e-01  3.351519e+00  9.515920e-01  3.351740e+00  1.336485e+00  2.802439e+00  
   4.3738298  8.174207e-01  3.416884e+00  8.170670e-01  3.417092e+00  1.233872e+00  2.888590e+00  
   4.3948302  6.735502e-01  3.470881e+00  6.731724e-01  3.471074e+00  1.118830e+00  2.965576e+00  
   4.4158301  5.216615e-01  3.512050e+00  5.212610e-01  3.512230e+00  9.929244e-01  3.031228e+00  
   4.4358301  3.709742e-01  3.538145e+00  3.705537e-01  3.538314e+00  8.647452e-01  3.081537e+00  
   4.4568300  2.081138e-01  3.550716e+00  2.076741e-01  3.550872e+00  7.237372e-01  3.120168e+00  
   4.4778299  4.241957e-02  3.547237e+00  4.196295e-02  3.547381e+00  5.786977e-01  3.143343e+00  
   4.4988298  -1.239952e-01  3.527113e+00  -1.244660e-01  3.527244e+00  4.323176e-01  3.150655e+00  
   4.5198302  -2.888897e-01  3.490070e+00  -2.893718e-01  3.490187e+00  2.872508e-01  3.142232e+00  
   4.5408301  -4.499306e-01  3.436209e+00  -4.504211e-01  3.436311e+00  1.459991e-01  3.118706e+00  
   4.5608301  -5.975813e-01  3.369734e+00  -5.980770e-01  3.369820e+00  1.705309e-02  3.083247e+00  
   4.5818300  -7.444127e-01  3.284883e+00  -7.449109e-01  3.284951e+00  -1.106823e-01  3.033691e+00  
   4.6034298  -8.844627e-01  3.182932e+00  -8.849609e-01  3.182976e+00  -2.323660e-01  2.971321e+00  
   4.6234298  -1.002443e+00  3.076913e+00  -1.002938e+00  3.076934e+00  -3.352909e-01  2.905025e+00  
   4.6444302  -1.112706e+00  2.955632e+00  -1.113196e+00  2.955623e+00  -4.326752e-01  2.828459e+00  
   4.6654301  -1.207887e+00  2.826528e+00  -1.208370e+00  2.826486e+00  -5.188731e-01  2.746674e+00  
   4.6864300  -1.287310e+00  2.692197e+00  -1.287783e+00  2.692119e+00  -5.939759e-01  2.661509e+00  
   4.7074299  -1.350796e+00  2.555310e+00  -1.351258e+00  2.555192e+00  -6.583415e-01  2.574654e+00  
   4.7274299  -1.396731e+00  2.424956e+00  -1.397180e+00  2.424795e+00  -7.101700e-01  2.491745e+00  
   4.7484298  -1.430449e+00  2.290439e+00  -1.430880e+00  2.290231e+00  -7.553134e-01  2.405733e+00  
   4.7694302  -1.450438e+00  2.160456e+00  -1.450851e+00  2.160201e+00  -7.917272e-01  2.321858e+00  
   4.7904301  -1.458157e+00  2.036814e+00  -1.458549e+00  2.036509e+00  -8.202373e-01  2.240992e+00  
   4.8114300  -1.455266e+00  1.920900e+00  -1.455631e+00  1.920545e+00  -8.416831e-01  2.163800e+00  
   4.8324299  -1.443519e+00  1.813684e+00  -1.443855e+00  1.813278e+00  -8.568904e-01  2.090767e+00  
   4.8524299  -1.425701e+00  1.720173e+00  -1.426006e+00  1.719721e+00  -8.663009e-01  2.025368e+00  
   4.8734298  -1.401636e+00  1.631208e+00  -1.401905e+00  1.630709e+00  -8.715794e-01  1.961233e+00  
   4.8944302  -1.373588e+00  1.551579e+00  -1.373818e+00  1.551035e+00  -8.728381e-01  1.901798e+00  
   4.9154301  -1.342907e+00  1.480934e+00  -1.343094e+00  1.480348e+00  -8.707279e-01  1.847021e+00  
   4.9364300  -1.310736e+00  1.418732e+00  -1.310877e+00  1.418109e+00  -8.658432e-01  1.796775e+00  
   4.9574299  -1.278013e+00  1.364318e+00  -1.278106e+00  1.363661e+00  -8.587192e-01  1.750876e+00  
   4.9774299  -1.247013e+00  1.319073e+00  -1.247058e+00  1.318388e+00  -8.502893e-01  1.710993e+00  
   4.9984298  -1.215178e+00  1.277759e+00  -1.215172e+00  1.277048e+00  -8.401127e-01  1.672886e+00  
