w Re-xx Im-xx Re-yy Im-yy Re-zz Im-zz
# Gaussian absolute broadening  0.15 [eV]
   0.0000000  7.680197e-01  8.829054e-05  7.680121e-01  8.829618e-05  7.231930e-01  7.867882e-05  
   0.0200000  7.681198e-01  9.449309e-05  7.681121e-01  9.449935e-05  7.232819e-01  8.420440e-05  
   0.0410000  7.682384e-01  1.015611e-04  7.682306e-01  1.015680e-04  7.233875e-01  9.050067e-05  
   0.0620000  7.683736e-01  1.092342e-04  7.683659e-01  1.092419e-04  7.235082e-01  9.733550e-05  
   0.0830000  7.685270e-01  1.175463e-04  7.685192e-01  1.175546e-04  7.236449e-01  1.047390e-04  
   0.1040000  7.687012e-01  1.265266e-04  7.686937e-01  1.265357e-04  7.238002e-01  1.127373e-04  
   0.1240000  7.688879e-01  1.357220e-04  7.688804e-01  1.357318e-04  7.239664e-01  1.209264e-04  
   0.1450000  7.691085e-01  1.460671e-04  7.691008e-01  1.460775e-04  7.241629e-01  1.301385e-04  
   0.1660000  7.693560e-01  1.571253e-04  7.693481e-01  1.571363e-04  7.243834e-01  1.399848e-04  
   0.1870000  7.696325e-01  1.688932e-04  7.696251e-01  1.689048e-04  7.246300e-01  1.504620e-04  
   0.2080000  7.699403e-01  1.813562e-04  7.699327e-01  1.813682e-04  7.249042e-01  1.615568e-04  
   0.2290000  7.702813e-01  1.944892e-04  7.702736e-01  1.945016e-04  7.252078e-01  1.732466e-04  
   0.2490000  7.706380e-01  2.075875e-04  7.706304e-01  2.076001e-04  7.255254e-01  1.849039e-04  
   0.2700000  7.710473e-01  2.219189e-04  7.710399e-01  2.219318e-04  7.258903e-01  1.976571e-04  
   0.2910000  7.714939e-01  2.367937e-04  7.714863e-01  2.368066e-04  7.262875e-01  2.108915e-04  
   0.3120000  7.719778e-01  2.521580e-04  7.719703e-01  2.521709e-04  7.267188e-01  2.245592e-04  
   0.3330000  7.724998e-01  2.679569e-04  7.724923e-01  2.679696e-04  7.271838e-01  2.386108e-04  
   0.3540000  7.730604e-01  2.841369e-04  7.730529e-01  2.841495e-04  7.276829e-01  2.529987e-04  
   0.3740000  7.736301e-01  2.998553e-04  7.736228e-01  2.998678e-04  7.281900e-01  2.669732e-04  
   0.3950000  7.742657e-01  3.166413e-04  7.742584e-01  3.166537e-04  7.287561e-01  2.818933e-04  
   0.4160000  7.749397e-01  3.336782e-04  7.749322e-01  3.336905e-04  7.293558e-01  2.970331e-04  
   0.4374300  7.756673e-01  3.512908e-04  7.756600e-01  3.513030e-04  7.300037e-01  3.126804e-04  
   0.4574300  7.763823e-01  3.679123e-04  7.763749e-01  3.679246e-04  7.306399e-01  3.274431e-04  
   0.4784300  7.771701e-01  3.855389e-04  7.771628e-01  3.855513e-04  7.313411e-01  3.430944e-04  
   0.4994300  7.779962e-01  4.033320e-04  7.779889e-01  4.033446e-04  7.320759e-01  3.588888e-04  
   0.5204300  7.788605e-01  4.212845e-04  7.788532e-01  4.212974e-04  7.328452e-01  3.748198e-04  
   0.5414300  7.797629e-01  4.393925e-04  7.797557e-01  4.394059e-04  7.336479e-01  3.908839e-04  
   0.5614300  7.806585e-01  4.567830e-04  7.806513e-01  4.567969e-04  7.344449e-01  4.063064e-04  
   0.5824300  7.816366e-01  4.751966e-04  7.816296e-01  4.752114e-04  7.353148e-01  4.226309e-04  
   0.6034300  7.826540e-01  4.937709e-04  7.826468e-01  4.937864e-04  7.362195e-01  4.390920e-04  
   0.6244300  7.837105e-01  5.125113e-04  7.837034e-01  5.125277e-04  7.371591e-01  4.556941e-04  
   0.6454300  7.848068e-01  5.314233e-04  7.847996e-01  5.314405e-04  7.381336e-01  4.724416e-04  
   0.6664300  7.859432e-01  5.505125e-04  7.859364e-01  5.505309e-04  7.391437e-01  4.893397e-04  
   0.6864300  7.870625e-01  5.688637e-04  7.870556e-01  5.688829e-04  7.401387e-01  5.055779e-04  
   0.7074300  7.882778e-01  5.883193e-04  7.882708e-01  5.883396e-04  7.412188e-01  5.227861e-04  
   0.7284300  7.895341e-01  6.079730e-04  7.895272e-01  6.079942e-04  7.423350e-01  5.401619e-04  
   0.7494300  7.908320e-01  6.278324e-04  7.908252e-01  6.278544e-04  7.434881e-01  5.577116e-04  
   0.7704300  7.921715e-01  6.479049e-04  7.921648e-01  6.479278e-04  7.446780e-01  5.754415e-04  
   0.7914300  7.935538e-01  6.681991e-04  7.935470e-01  6.682227e-04  7.459054e-01  5.933581e-04  
   0.8114300  7.949094e-01  6.877397e-04  7.949027e-01  6.877640e-04  7.471091e-01  6.106018e-04  
   0.8324300  7.963755e-01  7.084904e-04  7.963688e-01  7.085154e-04  7.484106e-01  6.289040e-04  
   0.8540300  7.979293e-01  7.300918e-04  7.979227e-01  7.301174e-04  7.497896e-01  6.479468e-04  
   0.8740300  7.994095e-01  7.503346e-04  7.994030e-01  7.503609e-04  7.511032e-01  6.657826e-04  
   0.8950300  8.010075e-01  7.718495e-04  8.010009e-01  7.718767e-04  7.525211e-01  6.847294e-04  
   0.9160300  8.026510e-01  7.936404e-04  8.026446e-01  7.936683e-04  7.539790e-01  7.039089e-04  
   0.9370300  8.043405e-01  8.157179e-04  8.043342e-01  8.157466e-04  7.554773e-01  7.233297e-04  
   0.9580300  8.060767e-01  8.380925e-04  8.060703e-01  8.381222e-04  7.570168e-01  7.430005e-04  
   0.9780300  8.077745e-01  8.596884e-04  8.077682e-01  8.597191e-04  7.585219e-01  7.619763e-04  
   0.9990300  8.096037e-01  8.826754e-04  8.095974e-01  8.827072e-04  7.601429e-01  7.821630e-04  
   1.0200300  8.114818e-01  9.059938e-04  8.114756e-01  9.060269e-04  7.618068e-01  8.026278e-04  
   1.0410300  8.134093e-01  9.296543e-04  8.134032e-01  9.296885e-04  7.635145e-01  8.233804e-04  
   1.0620300  8.153871e-01  9.536700e-04  8.153811e-01  9.537054e-04  7.652657e-01  8.444314e-04  
   1.0830300  8.174158e-01  9.780530e-04  8.174098e-01  9.780895e-04  7.670617e-01  8.657901e-04  
   1.1030300  8.193957e-01  1.001628e-03  8.193900e-01  1.001665e-03  7.688142e-01  8.864284e-04  
   1.1240300  8.215256e-01  1.026765e-03  8.215200e-01  1.026803e-03  7.706991e-01  9.084194e-04  
   1.1450300  8.237091e-01  1.052309e-03  8.237035e-01  1.052347e-03  7.726305e-01  9.307506e-04  
   1.1660300  8.259465e-01  1.078272e-03  8.259408e-01  1.078311e-03  7.746091e-01  9.534330e-04  
   1.1870300  8.282388e-01  1.104670e-03  8.282334e-01  1.104709e-03  7.766359e-01  9.764791e-04  
   1.2080300  8.305871e-01  1.131518e-03  8.305815e-01  1.131557e-03  7.787113e-01  9.999016e-04  
   1.2280300  8.328759e-01  1.157520e-03  8.328705e-01  1.157559e-03  7.807335e-01  1.022569e-03  
   1.2490300  8.353355e-01  1.185293e-03  8.353301e-01  1.185331e-03  7.829060e-01  1.046763e-03  
   1.2706300  8.379272e-01  1.214381e-03  8.379219e-01  1.214418e-03  7.851945e-01  1.072084e-03  
   1.2906300  8.403828e-01  1.241801e-03  8.403777e-01  1.241838e-03  7.873622e-01  1.095935e-03  
   1.3116300  8.430211e-01  1.271116e-03  8.430160e-01  1.271152e-03  7.896901e-01  1.121415e-03  
   1.3326300  8.457211e-01  1.300987e-03  8.457163e-01  1.301022e-03  7.920719e-01  1.147358e-03  
   1.3536299  8.484847e-01  1.331434e-03  8.484797e-01  1.331469e-03  7.945085e-01  1.173780e-03  
   1.3746300  8.513123e-01  1.362480e-03  8.513079e-01  1.362515e-03  7.970012e-01  1.200701e-03  
   1.3946300  8.540672e-01  1.392623e-03  8.540628e-01  1.392659e-03  7.994285e-01  1.226819e-03  
   1.4156300  8.570253e-01  1.424903e-03  8.570209e-01  1.424939e-03  8.020338e-01  1.254765e-03  
   1.4366300  8.600519e-01  1.457849e-03  8.600477e-01  1.457888e-03  8.046986e-01  1.283264e-03  
   1.4576300  8.631487e-01  1.491488e-03  8.631446e-01  1.491528e-03  8.074241e-01  1.312338e-03  
   1.4786299  8.663173e-01  1.525846e-03  8.663132e-01  1.525889e-03  8.102114e-01  1.342008e-03  
   1.4996300  8.695587e-01  1.560949e-03  8.695547e-01  1.560994e-03  8.130620e-01  1.372294e-03  
   1.5196300  8.727149e-01  1.595099e-03  8.727111e-01  1.595147e-03  8.158362e-01  1.401733e-03  
   1.5406300  8.761032e-01  1.631739e-03  8.760998e-01  1.631792e-03  8.188135e-01  1.433291e-03  
   1.5616300  8.795698e-01  1.669212e-03  8.795666e-01  1.669269e-03  8.218576e-01  1.465536e-03  
   1.5826300  8.831156e-01  1.707549e-03  8.831123e-01  1.707611e-03  8.249701e-01  1.498495e-03  
   1.6036299  8.867432e-01  1.746784e-03  8.867399e-01  1.746850e-03  8.281526e-01  1.532193e-03  
   1.6246300  8.904538e-01  1.786955e-03  8.904507e-01  1.787025e-03  8.314065e-01  1.566661e-03  
   1.6446300  8.940661e-01  1.826113e-03  8.940631e-01  1.826187e-03  8.345731e-01  1.600229e-03  
   1.6656300  8.979446e-01  1.868215e-03  8.979417e-01  1.868294e-03  8.379709e-01  1.636285e-03  
   1.6872300  9.020274e-01  1.912618e-03  9.020251e-01  1.912700e-03  8.415459e-01  1.674274e-03  
   1.7072300  9.058940e-01  1.954765e-03  9.058917e-01  1.954851e-03  8.449298e-01  1.710297e-03  
   1.7282300  9.100457e-01  2.000135e-03  9.100437e-01  2.000225e-03  8.485615e-01  1.749036e-03  
   1.7492300  9.142935e-01  2.046697e-03  9.142917e-01  2.046790e-03  8.522752e-01  1.788754e-03  
   1.7702301  9.186410e-01  2.094502e-03  9.186394e-01  2.094598e-03  8.560733e-01  1.829492e-03  
   1.7912300  9.230900e-01  2.143609e-03  9.230884e-01  2.143709e-03  8.599579e-01  1.871297e-03  
   1.8112299  9.274241e-01  2.191641e-03  9.274231e-01  2.191745e-03  8.637407e-01  1.912149e-03  
   1.8322300  9.320799e-01  2.243464e-03  9.320792e-01  2.243571e-03  8.678013e-01  1.956182e-03  
   1.8532300  9.368466e-01  2.296775e-03  9.368458e-01  2.296886e-03  8.719561e-01  2.001437e-03  
   1.8742300  9.417270e-01  2.351649e-03  9.417266e-01  2.351763e-03  8.762073e-01  2.047975e-03  
   1.8952301  9.467248e-01  2.408160e-03  9.467244e-01  2.408279e-03  8.805577e-01  2.095858e-03  
   1.9162300  9.518430e-01  2.466395e-03  9.518431e-01  2.466517e-03  8.850097e-01  2.145156e-03  
   1.9362299  9.568322e-01  2.523541e-03  9.568325e-01  2.523668e-03  8.893469e-01  2.193490e-03  
   1.9572300  9.621957e-01  2.585406e-03  9.621964e-01  2.585540e-03  8.940060e-01  2.245773e-03  
   1.9782300  9.676912e-01  2.649286e-03  9.676917e-01  2.649426e-03  8.987765e-01  2.299712e-03  
   1.9992300  9.733216e-01  2.715298e-03  9.733227e-01  2.715443e-03  9.036604e-01  2.355406e-03  
   2.0202301  9.790925e-01  2.783571e-03  9.790941e-01  2.783724e-03  9.086622e-01  2.412963e-03  
   2.0412300  9.850075e-01  2.854248e-03  9.850093e-01  2.854408e-03  9.137852e-01  2.472504e-03  
   2.0612299  9.907791e-01  2.923937e-03  9.907814e-01  2.924106e-03  9.187798e-01  2.531175e-03  
   2.0822301  9.969900e-01  2.999777e-03  9.969928e-01  2.999954e-03  9.241504e-01  2.594990e-03  
   2.1038301  1.003546e+00  3.080833e-03  1.003549e+00  3.081021e-03  9.298134e-01  2.663162e-03  
   2.1238301  1.009771e+00  3.158842e-03  1.009775e+00  3.159039e-03  9.351867e-01  2.728752e-03  
   2.1448300  1.016475e+00  3.244041e-03  1.016479e+00  3.244250e-03  9.409680e-01  2.800374e-03  
   2.1658299  1.023356e+00  3.332865e-03  1.023360e+00  3.333087e-03  9.468964e-01  2.875044e-03  
   2.1868300  1.030422e+00  3.425606e-03  1.030426e+00  3.425841e-03  9.529781e-01  2.953017e-03  
   2.2078300  1.037678e+00  3.522577e-03  1.037683e+00  3.522824e-03  9.592177e-01  3.034574e-03  
   2.2278299  1.044774e+00  3.619184e-03  1.044780e+00  3.619445e-03  9.653140e-01  3.115862e-03  
   2.2488301  1.052427e+00  3.725451e-03  1.052433e+00  3.725729e-03  9.718804e-01  3.205334e-03  
   2.2698300  1.060294e+00  3.837073e-03  1.060300e+00  3.837367e-03  9.786240e-01  3.299386e-03  
   2.2908299  1.068385e+00  3.954513e-03  1.068392e+00  3.954824e-03  9.855521e-01  3.398424e-03  
   2.3118300  1.076710e+00  4.078261e-03  1.076718e+00  4.078591e-03  9.926714e-01  3.502883e-03  
   2.3328300  1.085278e+00  4.208858e-03  1.085286e+00  4.209207e-03  9.999897e-01  3.613238e-03  
   2.3528299  1.093673e+00  4.340139e-03  1.093682e+00  4.340508e-03  1.007152e+00  3.724300e-03  
   2.3738301  1.102747e+00  4.485851e-03  1.102757e+00  4.486238e-03  1.014882e+00  3.847718e-03  
   2.3948300  1.112098e+00  4.640300e-03  1.112108e+00  4.640711e-03  1.022838e+00  3.978711e-03  
   2.4158299  1.121738e+00  4.804250e-03  1.121749e+00  4.804684e-03  1.031028e+00  4.117969e-03  
   2.4368300  1.131682e+00  4.978530e-03  1.131694e+00  4.978988e-03  1.039463e+00  4.266249e-03  
   2.4578300  1.141944e+00  5.164058e-03  1.141956e+00  5.164546e-03  1.048155e+00  4.424383e-03  
   2.4778299  1.152029e+00  5.352139e-03  1.152042e+00  5.352655e-03  1.056683e+00  4.584999e-03  
   2.4988301  1.162962e+00  5.562678e-03  1.162976e+00  5.563227e-03  1.065913e+00  4.765167e-03  
   2.5204301  1.174595e+00  5.794521e-03  1.174610e+00  5.795108e-03  1.075715e+00  4.964013e-03  
   2.5404301  1.185738e+00  6.024396e-03  1.185753e+00  6.025022e-03  1.085086e+00  5.161619e-03  
   2.5614300  1.197843e+00  6.283179e-03  1.197860e+00  6.283851e-03  1.095246e+00  5.384552e-03  
   2.5824299  1.210388e+00  6.561801e-03  1.210406e+00  6.562524e-03  1.105753e+00  5.625052e-03  
   2.6034300  1.223405e+00  6.862740e-03  1.223424e+00  6.863519e-03  1.116628e+00  5.885204e-03  
   2.6244299  1.236921e+00  7.189017e-03  1.236941e+00  7.189860e-03  1.127892e+00  6.167464e-03  
   2.6444299  1.250292e+00  7.526800e-03  1.250314e+00  7.527708e-03  1.139006e+00  6.459550e-03  
   2.6654301  1.264890e+00  7.914547e-03  1.264914e+00  7.915533e-03  1.151106e+00  6.794151e-03  
   2.6864300  1.280105e+00  8.342383e-03  1.280130e+00  8.343459e-03  1.163675e+00  7.161731e-03  
   2.7074299  1.295985e+00  8.818697e-03  1.296012e+00  8.819873e-03  1.176749e+00  7.567944e-03  
   2.7284300  1.312587e+00  9.354724e-03  1.312615e+00  9.356023e-03  1.190363e+00  8.019960e-03  
   2.7494299  1.329972e+00  9.965678e-03  1.330002e+00  9.967108e-03  1.204559e+00  8.527043e-03  
   2.7694299  1.347322e+00  1.063607e-02  1.347354e+00  1.063766e-02  1.218662e+00  9.072117e-03  
   2.7904301  1.366450e+00  1.145983e-02  1.366483e+00  1.146163e-02  1.234133e+00  9.724600e-03  
   2.8114300  1.386596e+00  1.244357e-02  1.386632e+00  1.244562e-02  1.250337e+00  1.047898e-02  
   2.8324299  1.407864e+00  1.363809e-02  1.407902e+00  1.364047e-02  1.267341e+00  1.136132e-02  
   2.8534300  1.430361e+00  1.511123e-02  1.430403e+00  1.511406e-02  1.285213e+00  1.240536e-02  
   2.8744299  1.454208e+00  1.695238e-02  1.454252e+00  1.695580e-02  1.304031e+00  1.365451e-02  
   2.8944299  1.478289e+00  1.915394e-02  1.478337e+00  1.915809e-02  1.322909e+00  1.508557e-02  
   2.9154301  1.505135e+00  2.207784e-02  1.505187e+00  2.208300e-02  1.343824e+00  1.690908e-02  
   2.9370301  1.534551e+00  2.593129e-02  1.534606e+00  2.593785e-02  1.366603e+00  1.921922e-02  
   2.9570301  1.563524e+00  3.047667e-02  1.563584e+00  3.048491e-02  1.388933e+00  2.185422e-02  
   2.9780300  1.595836e+00  3.652496e-02  1.595900e+00  3.653543e-02  1.413757e+00  2.526598e-02  
   2.9990301  1.630147e+00  4.419461e-02  1.630216e+00  4.420795e-02  1.440087e+00  2.950168e-02  
   3.0200300  1.666473e+00  5.385034e-02  1.666547e+00  5.386725e-02  1.468009e+00  3.476060e-02  
   3.0410299  1.704771e+00  6.589763e-02  1.704849e+00  6.591893e-02  1.497592e+00  4.127953e-02  
   3.0610299  1.742967e+00  7.999320e-02  1.743050e+00  8.001955e-02  1.527349e+00  4.891164e-02  
   3.0820301  1.784679e+00  9.797974e-02  1.784766e+00  9.801228e-02  1.560259e+00  5.872241e-02  
   3.1030300  1.827728e+00  1.196691e-01  1.827819e+00  1.197088e-01  1.594832e+00  7.071915e-02  
   3.1240301  1.871703e+00  1.454795e-01  1.871798e+00  1.455275e-01  1.630960e+00  8.528341e-02  
   3.1450300  1.916078e+00  1.757722e-01  1.916175e+00  1.758292e-01  1.668454e+00  1.028161e-01  
   3.1660299  1.960237e+00  2.108237e-01  1.960335e+00  2.108905e-01  1.707043e+00  1.237238e-01  
   3.1860299  2.001454e+00  2.487815e-01  2.001551e+00  2.488583e-01  1.744474e+00  1.471322e-01  
   3.2070301  2.043129e+00  2.934712e-01  2.043226e+00  2.935587e-01  1.784037e+00  1.757224e-01  
   3.2280300  2.082406e+00  3.429924e-01  2.082498e+00  3.430908e-01  1.823309e+00  2.087055e-01  
   3.2490301  2.118530e+00  3.970661e-01  2.118616e+00  3.971750e-01  1.861636e+00  2.462784e-01  
   3.2700300  2.150805e+00  4.552525e-01  2.150885e+00  4.553713e-01  1.898294e+00  2.885158e-01  
   3.2910299  2.178637e+00  5.169694e-01  2.178707e+00  5.170974e-01  1.932515e+00  3.353473e-01  
   3.3110299  2.200586e+00  5.783907e-01  2.200647e+00  5.785262e-01  1.962133e+00  3.840087e-01  
   3.3320301  2.218553e+00  6.449079e-01  2.218604e+00  6.450503e-01  1.989393e+00  4.389812e-01  
   3.3536301  2.231472e+00  7.146378e-01  2.231510e+00  7.147858e-01  2.012638e+00  4.990780e-01  
   3.3736300  2.238447e+00  7.796233e-01  2.238473e+00  7.797751e-01  2.029304e+00  5.572593e-01  
   3.3946300  2.240818e+00  8.475481e-01  2.240829e+00  8.477023e-01  2.041394e+00  6.201489e-01  
   3.4156301  2.238466e+00  9.144867e-01  2.238465e+00  9.146425e-01  2.047732e+00  6.839554e-01  
   3.4366300  2.231864e+00  9.798753e-01  2.231849e+00  9.800315e-01  2.048310e+00  7.476910e-01  
   3.4576299  2.221553e+00  1.043290e+00  2.221527e+00  1.043446e+00  2.043338e+00  8.103768e-01  
   3.4776299  2.208809e+00  1.101592e+00  2.208771e+00  1.101747e+00  2.033821e+00  8.682616e-01  
   3.4986300  2.192890e+00  1.160470e+00  2.192841e+00  1.160625e+00  2.019382e+00  9.263578e-01  
   3.5196300  2.174875e+00  1.216922e+00  2.174814e+00  1.217078e+00  2.001122e+00  9.810636e-01  
   3.5406301  2.155197e+00  1.271012e+00  2.155127e+00  1.271167e+00  1.979894e+00  1.031921e+00  
   3.5616300  2.134199e+00  1.322855e+00  2.134120e+00  1.323011e+00  1.956595e+00  1.078680e+00  
   3.5826299  2.112130e+00  1.372598e+00  2.112042e+00  1.372755e+00  1.932118e+00  1.121314e+00  
   3.6026299  2.090260e+00  1.418144e+00  2.090165e+00  1.418303e+00  1.908469e+00  1.158245e+00  
   3.6236300  2.066496e+00  1.464153e+00  2.066395e+00  1.464312e+00  1.883974e+00  1.193505e+00  
   3.6446300  2.041962e+00  1.508361e+00  2.041856e+00  1.508522e+00  1.860382e+00  1.225646e+00  
   3.6656301  2.016696e+00  1.550780e+00  2.016588e+00  1.550942e+00  1.838090e+00  1.255248e+00  
   3.6866300  1.990757e+00  1.591373e+00  1.990647e+00  1.591536e+00  1.817317e+00  1.282923e+00  
   3.7076299  1.964246e+00  1.630067e+00  1.964136e+00  1.630230e+00  1.798113e+00  1.309259e+00  
   3.7276299  1.938615e+00  1.665079e+00  1.938507e+00  1.665241e+00  1.781203e+00  1.333574e+00  
   3.7486300  1.911536e+00  1.699840e+00  1.911431e+00  1.700001e+00  1.764721e+00  1.358695e+00  
   3.7702301  1.883839e+00  1.733425e+00  1.883741e+00  1.733584e+00  1.748891e+00  1.384392e+00  
   3.7902300  1.858707e+00  1.762591e+00  1.858615e+00  1.762748e+00  1.735030e+00  1.408200e+00  
   3.8112299  1.833294e+00  1.791338e+00  1.833210e+00  1.791492e+00  1.721127e+00  1.433246e+00  
   3.8322301  1.809365e+00  1.818393e+00  1.809289e+00  1.818546e+00  1.707796e+00  1.458283e+00  
   3.8532300  1.787419e+00  1.844115e+00  1.787354e+00  1.844265e+00  1.695050e+00  1.483201e+00  
   3.8742299  1.767928e+00  1.868991e+00  1.767871e+00  1.869141e+00  1.683021e+00  1.507886e+00  
   3.8942299  1.752013e+00  1.892465e+00  1.751966e+00  1.892617e+00  1.672449e+00  1.531111e+00  
   3.9152300  1.738363e+00  1.917591e+00  1.738323e+00  1.917747e+00  1.662586e+00  1.555213e+00  
   3.9362299  1.727990e+00  1.944036e+00  1.727959e+00  1.944196e+00  1.654355e+00  1.579159e+00  
   3.9572301  1.720858e+00  1.972720e+00  1.720833e+00  1.972887e+00  1.648129e+00  1.603235e+00  
   3.9782300  1.716714e+00  2.004598e+00  1.716694e+00  2.004777e+00  1.644230e+00  1.627887e+00  
   3.9992299  1.715068e+00  2.040630e+00  1.715052e+00  2.040821e+00  1.642883e+00  1.653721e+00  
   4.0192299  1.715161e+00  2.079637e+00  1.715146e+00  2.079843e+00  1.644044e+00  1.680106e+00  
   4.0402298  1.716074e+00  2.126293e+00  1.716058e+00  2.126516e+00  1.647728e+00  1.710504e+00  
   4.0612302  1.716664e+00  2.179435e+00  1.716644e+00  2.179676e+00  1.653614e+00  1.744575e+00  
   4.0822301  1.715569e+00  2.239508e+00  1.715543e+00  2.239767e+00  1.661138e+00  1.783264e+00  
   4.1032300  1.711291e+00  2.306722e+00  1.711257e+00  2.306998e+00  1.669477e+00  1.827478e+00  
   4.1242299  1.702255e+00  2.381006e+00  1.702209e+00  2.381300e+00  1.677560e+00  1.878027e+00  
   4.1442299  1.687773e+00  2.457995e+00  1.687712e+00  2.458301e+00  1.683828e+00  1.932640e+00  
   4.1652298  1.664921e+00  2.544755e+00  1.664841e+00  2.545071e+00  1.687468e+00  1.997176e+00  
   4.1868300  1.631779e+00  2.639347e+00  1.631678e+00  2.639671e+00  1.686351e+00  2.071366e+00  
   4.2068300  1.591223e+00  2.730642e+00  1.591098e+00  2.730968e+00  1.679288e+00  2.146920e+00  
   4.2278299  1.537448e+00  2.828952e+00  1.537296e+00  2.829275e+00  1.663924e+00  2.232776e+00  
   4.2488298  1.471481e+00  2.928181e+00  1.471299e+00  2.928496e+00  1.638753e+00  2.324341e+00  
   4.2698302  1.392872e+00  3.026579e+00  1.392657e+00  3.026882e+00  1.602248e+00  2.420233e+00  
   4.2908301  1.301474e+00  3.122293e+00  1.301226e+00  3.122580e+00  1.553142e+00  2.518692e+00  
   4.3108301  1.202682e+00  3.209233e+00  1.202400e+00  3.209501e+00  1.493819e+00  2.612953e+00  
   4.3318300  1.087043e+00  3.294275e+00  1.086724e+00  3.294521e+00  1.417875e+00  2.710208e+00  
   4.3528299  9.599186e-01  3.371101e+00  9.595644e-01  3.371324e+00  1.327944e+00  2.803272e+00  
   4.3738298  8.222945e-01  3.437937e+00  8.219048e-01  3.438137e+00  1.224549e+00  2.889636e+00  
   4.3948302  6.753933e-01  3.493120e+00  6.749705e-01  3.493298e+00  1.108752e+00  2.966880e+00  
   4.4158301  5.206738e-01  3.535127e+00  5.202200e-01  3.535284e+00  9.821286e-01  3.032791e+00  
   4.4358301  3.675637e-01  3.561659e+00  3.670831e-01  3.561799e+00  8.533123e-01  3.083310e+00  
   4.4568300  2.025170e-01  3.574287e+00  2.020122e-01  3.574413e+00  7.116956e-01  3.122087e+00  
   4.4778299  3.504967e-02  3.570456e+00  3.452485e-02  3.570571e+00  5.661241e-01  3.145308e+00  
   4.4988298  -1.327090e-01  3.549599e+00  -1.332493e-01  3.549706e+00  4.193044e-01  3.152552e+00  
   4.5198302  -2.985354e-01  3.511489e+00  -2.990867e-01  3.511592e+00  2.739068e-01  3.143950e+00  
   4.5408301  -4.601439e-01  3.456290e+00  -4.607016e-01  3.456391e+00  1.324479e-01  3.120158e+00  
   4.5608301  -6.080607e-01  3.388355e+00  -6.086207e-01  3.388456e+00  3.428578e-03  3.084392e+00  
   4.5818300  -7.549666e-01  3.301851e+00  -7.555253e-01  3.301953e+00  -1.242507e-01  3.034495e+00  
   4.6034298  -8.949692e-01  3.198146e+00  -8.955229e-01  3.198250e+00  -2.457408e-01  2.971803e+00  
   4.6234298  -1.012874e+00  3.090519e+00  -1.013421e+00  3.090623e+00  -3.483802e-01  2.905275e+00  
   4.6444302  -1.123097e+00  2.967617e+00  -1.123636e+00  2.967720e+00  -4.453816e-01  2.828564e+00  
   4.6654301  -1.218333e+00  2.837003e+00  -1.218861e+00  2.837100e+00  -5.311493e-01  2.746759e+00  
   4.6864300  -1.297934e+00  2.701298e+00  -1.298451e+00  2.701387e+00  -6.058199e-01  2.661708e+00  
   4.7074299  -1.361734e+00  2.563186e+00  -1.362239e+00  2.563263e+00  -6.697991e-01  2.575100e+00  
   4.7274299  -1.408081e+00  2.431807e+00  -1.408576e+00  2.431868e+00  -7.213459e-01  2.492534e+00  
   4.7484298  -1.442326e+00  2.296361e+00  -1.442808e+00  2.296399e+00  -7.663249e-01  2.406980e+00  
   4.7694302  -1.462905e+00  2.165591e+00  -1.463373e+00  2.165601e+00  -8.027422e-01  2.323633e+00  
   4.7904301  -1.471238e+00  2.041294e+00  -1.471691e+00  2.041271e+00  -8.314468e-01  2.243343e+00  
   4.8114300  -1.468947e+00  1.924851e+00  -1.469383e+00  1.924791e+00  -8.532895e-01  2.166753e+00  
   4.8324299  -1.457758e+00  1.817225e+00  -1.458175e+00  1.817123e+00  -8.690960e-01  2.094328e+00  
   4.8524299  -1.440414e+00  1.723433e+00  -1.440810e+00  1.723289e+00  -8.792562e-01  2.029504e+00  
   4.8734298  -1.416773e+00  1.634286e+00  -1.417145e+00  1.634096e+00  -8.854927e-01  1.965962e+00  
   4.8944302  -1.389073e+00  1.554594e+00  -1.389418e+00  1.554355e+00  -8.878612e-01  1.907106e+00  
   4.9154301  -1.358668e+00  1.484005e+00  -1.358982e+00  1.483718e+00  -8.869865e-01  1.852896e+00  
   4.9364300  -1.326714e+00  1.421982e+00  -1.326995e+00  1.421647e+00  -8.834360e-01  1.803212e+00  
   4.9574299  -1.294161e+00  1.367869e+00  -1.294407e+00  1.367486e+00  -8.777192e-01  1.757870e+00  
   4.9774299  -1.263297e+00  1.323025e+00  -1.263508e+00  1.322600e+00  -8.706753e-01  1.718519e+00  
   4.9984298  -1.231594e+00  1.282250e+00  -1.231765e+00  1.281781e+00  -8.619823e-01  1.680975e+00  
