w Re-xx Im-xx Re-yy Im-yy Re-zz Im-zz
# Gaussian absolute broadening  0.15 [eV]
   0.0000000  7.677609e-01  8.816410e-05  7.677556e-01  8.816420e-05  7.260234e-01  7.918708e-05  
   0.0200000  7.678606e-01  9.435676e-05  7.678550e-01  9.435692e-05  7.261128e-01  8.474820e-05  
   0.0410000  7.679791e-01  1.014135e-04  7.679737e-01  1.014137e-04  7.262191e-01  9.108501e-05  
   0.0620000  7.681142e-01  1.090742e-04  7.681088e-01  1.090745e-04  7.263404e-01  9.796392e-05  
   0.0830000  7.682674e-01  1.173728e-04  7.682620e-01  1.173732e-04  7.264781e-01  1.054153e-04  
   0.1040000  7.684415e-01  1.263386e-04  7.684361e-01  1.263391e-04  7.266346e-01  1.134652e-04  
   0.1240000  7.686279e-01  1.355189e-04  7.686224e-01  1.355196e-04  7.268018e-01  1.217073e-04  
   0.1450000  7.688481e-01  1.458470e-04  7.688428e-01  1.458479e-04  7.269996e-01  1.309792e-04  
   0.1660000  7.690951e-01  1.568871e-04  7.690896e-01  1.568882e-04  7.272214e-01  1.408895e-04  
   0.1870000  7.693714e-01  1.686356e-04  7.693658e-01  1.686370e-04  7.274697e-01  1.514349e-04  
   0.2080000  7.696786e-01  1.810780e-04  7.696734e-01  1.810798e-04  7.277457e-01  1.626021e-04  
   0.2290000  7.700189e-01  1.941893e-04  7.700135e-01  1.941916e-04  7.280513e-01  1.743683e-04  
   0.2490000  7.703751e-01  2.072659e-04  7.703698e-01  2.072687e-04  7.283707e-01  1.861019e-04  
   0.2700000  7.707840e-01  2.215736e-04  7.707786e-01  2.215771e-04  7.287380e-01  1.989388e-04  
   0.2910000  7.712297e-01  2.364238e-04  7.712243e-01  2.364280e-04  7.291381e-01  2.122604e-04  
   0.3120000  7.717128e-01  2.517626e-04  7.717075e-01  2.517677e-04  7.295721e-01  2.260182e-04  
   0.3330000  7.722341e-01  2.675354e-04  7.722289e-01  2.675414e-04  7.300401e-01  2.401628e-04  
   0.3540000  7.727938e-01  2.836886e-04  7.727886e-01  2.836956e-04  7.305424e-01  2.546461e-04  
   0.3740000  7.733628e-01  2.993811e-04  7.733573e-01  2.993891e-04  7.310529e-01  2.687137e-04  
   0.3950000  7.739972e-01  3.161395e-04  7.739921e-01  3.161485e-04  7.316225e-01  2.837334e-04  
   0.4160000  7.746701e-01  3.331483e-04  7.746649e-01  3.331586e-04  7.322262e-01  2.989743e-04  
   0.4374300  7.753968e-01  3.507321e-04  7.753916e-01  3.507436e-04  7.328784e-01  3.147266e-04  
   0.4574300  7.761104e-01  3.673262e-04  7.761053e-01  3.673387e-04  7.335188e-01  3.295885e-04  
   0.4784300  7.768971e-01  3.849239e-04  7.768919e-01  3.849375e-04  7.342247e-01  3.453451e-04  
   0.4994300  7.777217e-01  4.026878e-04  7.777168e-01  4.027026e-04  7.349645e-01  3.612461e-04  
   0.5204300  7.785848e-01  4.206108e-04  7.785798e-01  4.206267e-04  7.357385e-01  3.772846e-04  
   0.5414300  7.794859e-01  4.386891e-04  7.794809e-01  4.387059e-04  7.365466e-01  3.934572e-04  
   0.5614300  7.803800e-01  4.560511e-04  7.803750e-01  4.560688e-04  7.373487e-01  4.089841e-04  
   0.5824300  7.813567e-01  4.744343e-04  7.813519e-01  4.744529e-04  7.382244e-01  4.254190e-04  
   0.6034300  7.823722e-01  4.929780e-04  7.823674e-01  4.929973e-04  7.391350e-01  4.419915e-04  
   0.6244300  7.834271e-01  5.116874e-04  7.834221e-01  5.117074e-04  7.400808e-01  4.587063e-04  
   0.6454300  7.845217e-01  5.305674e-04  7.845169e-01  5.305882e-04  7.410619e-01  4.755677e-04  
   0.6664300  7.856562e-01  5.496244e-04  7.856514e-01  5.496460e-04  7.420787e-01  4.925809e-04  
   0.6864300  7.867738e-01  5.679448e-04  7.867692e-01  5.679668e-04  7.430803e-01  5.089300e-04  
   0.7074300  7.879871e-01  5.873668e-04  7.879822e-01  5.873896e-04  7.441675e-01  5.262558e-04  
   0.7284300  7.892413e-01  6.069862e-04  7.892367e-01  6.070099e-04  7.452912e-01  5.437508e-04  
   0.7494300  7.905372e-01  6.268109e-04  7.905324e-01  6.268353e-04  7.464516e-01  5.614213e-04  
   0.7704300  7.918745e-01  6.468477e-04  7.918698e-01  6.468730e-04  7.476496e-01  5.792738e-04  
   0.7914300  7.932546e-01  6.671055e-04  7.932500e-01  6.671320e-04  7.488853e-01  5.973148e-04  
   0.8114300  7.946078e-01  6.866110e-04  7.946033e-01  6.866386e-04  7.500970e-01  6.146785e-04  
   0.8324300  7.960714e-01  7.073235e-04  7.960669e-01  7.073524e-04  7.514071e-01  6.331083e-04  
   0.8540300  7.976227e-01  7.288848e-04  7.976185e-01  7.289154e-04  7.527954e-01  6.522845e-04  
   0.8740300  7.991005e-01  7.490902e-04  7.990962e-01  7.491223e-04  7.541178e-01  6.702462e-04  
   0.8950300  8.006961e-01  7.705647e-04  8.006916e-01  7.705985e-04  7.555453e-01  6.893266e-04  
   0.9160300  8.023367e-01  7.923145e-04  8.023325e-01  7.923501e-04  7.570129e-01  7.086418e-04  
   0.9370300  8.040234e-01  8.143499e-04  8.040193e-01  8.143873e-04  7.585214e-01  7.282008e-04  
   0.9580300  8.057566e-01  8.366816e-04  8.057525e-01  8.367207e-04  7.600710e-01  7.480122e-04  
   0.9780300  8.074515e-01  8.582359e-04  8.074476e-01  8.582770e-04  7.615861e-01  7.671238e-04  
   0.9990300  8.092777e-01  8.811785e-04  8.092738e-01  8.812213e-04  7.632183e-01  7.874555e-04  
   1.0200300  8.111526e-01  9.044513e-04  8.111487e-01  9.044959e-04  7.648937e-01  8.080681e-04  
   1.0410300  8.130766e-01  9.280655e-04  8.130730e-01  9.281118e-04  7.666127e-01  8.289715e-04  
   1.0620300  8.150514e-01  9.520337e-04  8.150476e-01  9.520815e-04  7.683761e-01  8.501758e-04  
   1.0830300  8.170764e-01  9.763678e-04  8.170730e-01  9.764172e-04  7.701843e-01  8.716912e-04  
   1.1030300  8.190529e-01  9.998949e-04  8.190495e-01  9.999458e-04  7.719488e-01  8.924809e-04  
   1.1240300  8.211793e-01  1.024981e-03  8.211758e-01  1.025033e-03  7.738464e-01  9.146347e-04  
   1.1450300  8.233588e-01  1.050472e-03  8.233555e-01  1.050525e-03  7.757910e-01  9.371317e-04  
   1.1660300  8.255924e-01  1.076381e-03  8.255890e-01  1.076436e-03  7.777836e-01  9.599840e-04  
   1.1870300  8.278808e-01  1.102724e-03  8.278777e-01  1.102780e-03  7.798241e-01  9.832036e-04  
   1.2080300  8.302248e-01  1.129515e-03  8.302216e-01  1.129572e-03  7.819138e-01  1.006803e-03  
   1.2280300  8.325095e-01  1.155460e-03  8.325065e-01  1.155519e-03  7.839500e-01  1.029643e-03  
   1.2490300  8.349646e-01  1.183173e-03  8.349618e-01  1.183232e-03  7.861378e-01  1.054022e-03  
   1.2706300  8.375518e-01  1.212197e-03  8.375491e-01  1.212256e-03  7.884420e-01  1.079537e-03  
   1.2906300  8.400030e-01  1.239557e-03  8.400003e-01  1.239617e-03  7.906246e-01  1.103572e-03  
   1.3116300  8.426366e-01  1.268807e-03  8.426341e-01  1.268868e-03  7.929690e-01  1.129250e-03  
   1.3326300  8.453317e-01  1.298611e-03  8.453293e-01  1.298672e-03  7.953674e-01  1.155395e-03  
   1.3536299  8.480901e-01  1.328989e-03  8.480878e-01  1.329051e-03  7.978209e-01  1.182025e-03  
   1.3746300  8.509127e-01  1.359965e-03  8.509104e-01  1.360027e-03  8.003312e-01  1.209157e-03  
   1.3946300  8.536625e-01  1.390040e-03  8.536604e-01  1.390104e-03  8.027756e-01  1.235482e-03  
   1.4156300  8.566151e-01  1.422246e-03  8.566133e-01  1.422310e-03  8.053994e-01  1.263650e-03  
   1.4366300  8.596361e-01  1.455116e-03  8.596342e-01  1.455182e-03  8.080831e-01  1.292377e-03  
   1.4576300  8.627269e-01  1.488678e-03  8.627253e-01  1.488745e-03  8.108277e-01  1.321684e-03  
   1.4786299  8.658897e-01  1.522956e-03  8.658882e-01  1.523024e-03  8.136352e-01  1.351592e-03  
   1.4996300  8.691251e-01  1.557977e-03  8.691238e-01  1.558047e-03  8.165059e-01  1.382125e-03  
   1.5196300  8.722749e-01  1.592047e-03  8.722739e-01  1.592119e-03  8.193002e-01  1.411803e-03  
   1.5406300  8.756573e-01  1.628602e-03  8.756563e-01  1.628675e-03  8.222987e-01  1.443619e-03  
   1.5616300  8.791169e-01  1.665987e-03  8.791161e-01  1.666062e-03  8.253649e-01  1.476129e-03  
   1.5826300  8.826559e-01  1.704233e-03  8.826553e-01  1.704311e-03  8.284999e-01  1.509360e-03  
   1.6036299  8.862763e-01  1.743376e-03  8.862758e-01  1.743457e-03  8.317054e-01  1.543338e-03  
   1.6246300  8.899795e-01  1.783450e-03  8.899792e-01  1.783534e-03  8.349832e-01  1.578094e-03  
   1.6446300  8.935850e-01  1.822516e-03  8.935848e-01  1.822603e-03  8.381729e-01  1.611944e-03  
   1.6656300  8.974558e-01  1.864519e-03  8.974558e-01  1.864610e-03  8.415955e-01  1.648305e-03  
   1.6872300  9.015306e-01  1.908819e-03  9.015308e-01  1.908914e-03  8.451969e-01  1.686617e-03  
   1.7072300  9.053893e-01  1.950871e-03  9.053897e-01  1.950969e-03  8.486058e-01  1.722949e-03  
   1.7282300  9.095333e-01  1.996141e-03  9.095337e-01  1.996243e-03  8.522642e-01  1.762021e-03  
   1.7492300  9.137726e-01  2.042604e-03  9.137736e-01  2.042711e-03  8.560056e-01  1.802081e-03  
   1.7702301  9.181106e-01  2.090316e-03  9.181119e-01  2.090427e-03  8.598318e-01  1.843171e-03  
   1.7912300  9.225506e-01  2.139335e-03  9.225519e-01  2.139450e-03  8.637458e-01  1.885339e-03  
   1.8112299  9.268764e-01  2.187293e-03  9.268777e-01  2.187412e-03  8.675568e-01  1.926544e-03  
   1.8322300  9.315224e-01  2.239048e-03  9.315242e-01  2.239171e-03  8.716482e-01  1.970957e-03  
   1.8532300  9.362792e-01  2.292308e-03  9.362810e-01  2.292436e-03  8.758344e-01  2.016598e-03  
   1.8742300  9.411497e-01  2.347151e-03  9.411520e-01  2.347284e-03  8.801177e-01  2.063527e-03  
   1.8952301  9.461368e-01  2.403660e-03  9.461394e-01  2.403797e-03  8.845014e-01  2.111807e-03  
   1.9162300  9.512444e-01  2.461924e-03  9.512475e-01  2.462067e-03  8.889877e-01  2.161502e-03  
   1.9362299  9.562231e-01  2.519136e-03  9.562260e-01  2.519283e-03  8.933582e-01  2.210215e-03  
   1.9572300  9.615751e-01  2.581117e-03  9.615788e-01  2.581269e-03  8.980534e-01  2.262888e-03  
   1.9782300  9.670594e-01  2.645171e-03  9.670627e-01  2.645330e-03  9.028607e-01  2.317214e-03  
   1.9992300  9.726776e-01  2.711424e-03  9.726815e-01  2.711588e-03  9.077830e-01  2.373284e-03  
   2.0202301  9.784362e-01  2.780018e-03  9.784408e-01  2.780189e-03  9.128242e-01  2.431206e-03  
   2.0412300  9.843389e-01  2.851108e-03  9.843435e-01  2.851286e-03  9.179872e-01  2.491098e-03  
   2.0612299  9.900983e-01  2.921290e-03  9.901031e-01  2.921475e-03  9.230216e-01  2.550091e-03  
   2.0822301  9.962959e-01  2.997767e-03  9.963013e-01  2.997959e-03  9.284349e-01  2.614230e-03  
   2.1038301  1.002836e+00  3.079625e-03  1.002842e+00  3.079826e-03  9.341435e-01  2.682726e-03  
   2.1238301  1.009048e+00  3.158528e-03  1.009055e+00  3.158737e-03  9.395599e-01  2.748610e-03  
   2.1448300  1.015737e+00  3.244843e-03  1.015744e+00  3.245062e-03  9.453883e-01  2.820545e-03  
   2.1658299  1.022603e+00  3.334991e-03  1.022610e+00  3.335221e-03  9.513654e-01  2.895542e-03  
   2.1868300  1.029653e+00  3.429290e-03  1.029660e+00  3.429531e-03  9.574972e-01  2.973876e-03  
   2.2078300  1.036893e+00  3.528083e-03  1.036901e+00  3.528335e-03  9.637889e-01  3.055846e-03  
   2.2278299  1.043973e+00  3.626701e-03  1.043981e+00  3.626965e-03  9.699357e-01  3.137599e-03  
   2.2488301  1.051608e+00  3.735404e-03  1.051617e+00  3.735679e-03  9.765583e-01  3.227666e-03  
   2.2698300  1.059457e+00  3.849826e-03  1.059466e+00  3.850116e-03  9.833593e-01  3.322458e-03  
   2.2908299  1.067529e+00  3.970469e-03  1.067539e+00  3.970772e-03  9.903467e-01  3.422420e-03  
   2.3118300  1.075834e+00  4.097862e-03  1.075845e+00  4.098181e-03  9.975278e-01  3.528035e-03  
   2.3328300  1.084381e+00  4.232581e-03  1.084392e+00  4.232917e-03  1.004910e+00  3.639825e-03  
   2.3528299  1.092756e+00  4.368273e-03  1.092768e+00  4.368625e-03  1.012135e+00  3.752558e-03  
   2.3738301  1.101807e+00  4.519161e-03  1.101819e+00  4.519532e-03  1.019935e+00  3.878107e-03  
   2.3948300  1.111133e+00  4.679393e-03  1.111146e+00  4.679782e-03  1.027961e+00  4.011672e-03  
   2.4158299  1.120748e+00  4.849780e-03  1.120762e+00  4.850189e-03  1.036225e+00  4.153998e-03  
   2.4368300  1.130666e+00  5.031215e-03  1.130681e+00  5.031647e-03  1.044737e+00  4.305894e-03  
   2.4578300  1.140900e+00  5.224687e-03  1.140916e+00  5.225146e-03  1.053509e+00  4.468256e-03  
   2.4778299  1.150957e+00  5.421149e-03  1.150974e+00  5.421631e-03  1.062114e+00  4.633517e-03  
   2.4988301  1.161859e+00  5.641444e-03  1.161876e+00  5.641954e-03  1.071429e+00  4.819264e-03  
   2.5204301  1.173458e+00  5.884479e-03  1.173477e+00  5.885021e-03  1.081322e+00  5.024652e-03  
   2.5404301  1.184567e+00  6.125902e-03  1.184587e+00  6.126476e-03  1.090779e+00  5.229078e-03  
   2.5614300  1.196635e+00  6.398198e-03  1.196656e+00  6.398808e-03  1.101034e+00  5.459989e-03  
   2.5824299  1.209141e+00  6.691944e-03  1.209162e+00  6.692594e-03  1.111638e+00  5.709324e-03  
   2.6034300  1.222114e+00  7.009816e-03  1.222137e+00  7.010513e-03  1.122613e+00  5.979160e-03  
   2.6244299  1.235585e+00  7.355055e-03  1.235609e+00  7.355799e-03  1.133981e+00  6.271917e-03  
   2.6444299  1.248908e+00  7.712976e-03  1.248933e+00  7.713770e-03  1.145197e+00  6.574706e-03  
   2.6654301  1.263453e+00  8.124247e-03  1.263480e+00  8.125106e-03  1.157407e+00  6.921194e-03  
   2.6864300  1.278609e+00  8.578257e-03  1.278637e+00  8.579183e-03  1.170090e+00  7.301205e-03  
   2.7074299  1.294426e+00  9.083560e-03  1.294455e+00  9.084566e-03  1.183281e+00  7.720236e-03  
   2.7284300  1.310956e+00  9.651557e-03  1.310988e+00  9.652655e-03  1.197016e+00  8.185285e-03  
   2.7494299  1.328263e+00  1.029755e-02  1.328296e+00  1.029877e-02  1.211338e+00  8.705418e-03  
   2.7694299  1.345532e+00  1.100424e-02  1.345566e+00  1.100558e-02  1.225564e+00  9.262763e-03  
   2.7904301  1.364563e+00  1.186913e-02  1.364601e+00  1.187064e-02  1.241170e+00  9.927815e-03  
   2.8114300  1.384605e+00  1.289694e-02  1.384645e+00  1.289869e-02  1.257515e+00  1.069433e-02  
   2.8324299  1.405755e+00  1.413816e-02  1.405797e+00  1.414023e-02  1.274666e+00  1.158837e-02  
   2.8534300  1.428123e+00  1.566008e-02  1.428167e+00  1.566255e-02  1.292695e+00  1.264384e-02  
   2.8744299  1.451825e+00  1.755120e-02  1.451874e+00  1.755423e-02  1.311682e+00  1.390458e-02  
   2.8944299  1.475756e+00  1.980026e-02  1.475807e+00  1.980401e-02  1.330734e+00  1.534757e-02  
   2.9154301  1.502430e+00  2.277215e-02  1.502485e+00  2.277691e-02  1.351848e+00  1.718580e-02  
   2.9370301  1.531651e+00  2.667034e-02  1.531711e+00  2.667650e-02  1.374858e+00  1.951563e-02  
   2.9570301  1.560431e+00  3.124987e-02  1.560495e+00  3.125773e-02  1.397428e+00  2.217580e-02  
   2.9780300  1.592527e+00  3.732234e-02  1.592595e+00  3.733249e-02  1.422540e+00  2.562524e-02  
   2.9990301  1.626610e+00  4.499902e-02  1.626683e+00  4.501216e-02  1.449203e+00  2.991573e-02  
   3.0200300  1.662699e+00  5.463833e-02  1.662779e+00  5.465517e-02  1.477510e+00  3.525387e-02  
   3.0410299  1.700753e+00  6.663829e-02  1.700838e+00  6.665977e-02  1.507542e+00  4.188548e-02  
   3.0610299  1.738716e+00  8.065240e-02  1.738806e+00  8.067916e-02  1.537794e+00  4.966602e-02  
   3.0820301  1.780185e+00  9.850647e-02  1.780281e+00  9.853982e-02  1.571305e+00  5.968786e-02  
   3.1030300  1.823000e+00  1.200057e-01  1.823101e+00  1.200468e-01  1.606566e+00  7.196592e-02  
   3.1240301  1.866752e+00  1.455589e-01  1.866858e+00  1.456088e-01  1.643476e+00  8.689638e-02  
   3.1450300  1.910923e+00  1.755178e-01  1.911034e+00  1.755774e-01  1.681850e+00  1.048949e-01  
   3.1660299  1.954902e+00  2.101509e-01  1.955016e+00  2.102213e-01  1.721410e+00  1.263818e-01  
   3.1860299  1.995973e+00  2.476258e-01  1.996090e+00  2.477071e-01  1.759844e+00  1.504578e-01  
   3.2070301  2.037527e+00  2.917157e-01  2.037645e+00  2.918087e-01  1.800529e+00  1.798785e-01  
   3.2280300  2.076717e+00  3.405412e-01  2.076836e+00  3.406462e-01  1.840973e+00  2.138287e-01  
   3.2490301  2.112796e+00  3.938255e-01  2.112912e+00  3.939424e-01  1.880493e+00  2.525035e-01  
   3.2700300  2.145070e+00  4.511349e-01  2.145183e+00  4.512631e-01  1.918331e+00  2.959687e-01  
   3.2910299  2.172943e+00  5.118978e-01  2.173052e+00  5.120366e-01  1.953682e+00  3.441390e-01  
   3.3110299  2.194981e+00  5.723505e-01  2.195081e+00  5.724983e-01  1.984292e+00  3.941584e-01  
   3.3320301  2.213088e+00  6.378047e-01  2.213180e+00  6.379606e-01  2.012466e+00  4.506168e-01  
   3.3536301  2.226202e+00  7.064115e-01  2.226285e+00  7.065743e-01  2.036473e+00  5.122710e-01  
   3.3736300  2.233407e+00  7.703494e-01  2.233477e+00  7.705171e-01  2.053653e+00  5.718862e-01  
   3.3946300  2.236063e+00  8.371870e-01  2.236120e+00  8.373585e-01  2.066054e+00  6.362354e-01  
   3.4156301  2.234042e+00  9.030717e-01  2.234083e+00  9.032454e-01  2.072451e+00  7.014177e-01  
   3.4366300  2.227808e+00  9.674578e-01  2.227834e+00  9.676325e-01  2.072831e+00  7.664100e-01  
   3.4576299  2.217894e+00  1.029940e+00  2.217904e+00  1.030115e+00  2.067404e+00  8.302053e-01  
   3.4776299  2.205549e+00  1.087430e+00  2.205541e+00  1.087605e+00  2.057229e+00  8.889911e-01  
   3.4986300  2.190059e+00  1.145550e+00  2.190035e+00  1.145724e+00  2.041879e+00  9.478592e-01  
   3.5196300  2.172477e+00  1.201349e+00  2.172435e+00  1.201520e+00  2.022513e+00  1.003157e+00  
   3.5406301  2.153228e+00  1.254895e+00  2.153168e+00  1.255064e+00  2.000011e+00  1.054437e+00  
   3.5616300  2.132650e+00  1.306309e+00  2.132572e+00  1.306475e+00  1.975302e+00  1.101467e+00  
   3.5826299  2.110989e+00  1.355736e+00  2.110895e+00  1.355899e+00  1.949309e+00  1.144247e+00  
   3.6026299  2.089508e+00  1.401085e+00  2.089398e+00  1.401245e+00  1.924143e+00  1.181227e+00  
   3.6236300  2.066156e+00  1.446985e+00  2.066032e+00  1.447141e+00  1.897998e+00  1.216476e+00  
   3.6446300  2.042062e+00  1.491173e+00  2.041925e+00  1.491324e+00  1.872721e+00  1.248568e+00  
   3.6656301  2.017291e+00  1.533642e+00  2.017144e+00  1.533788e+00  1.848725e+00  1.278103e+00  
   3.6866300  1.991935e+00  1.574331e+00  1.991780e+00  1.574472e+00  1.826252e+00  1.305705e+00  
   3.7076299  1.966136e+00  1.613144e+00  1.965976e+00  1.613281e+00  1.805367e+00  1.331960e+00  
   3.7276299  1.941344e+00  1.648267e+00  1.941184e+00  1.648398e+00  1.786898e+00  1.356181e+00  
   3.7486300  1.915357e+00  1.683124e+00  1.915198e+00  1.683250e+00  1.768847e+00  1.381164e+00  
   3.7702301  1.889051e+00  1.716773e+00  1.888898e+00  1.716894e+00  1.751502e+00  1.406648e+00  
   3.7902300  1.865472e+00  1.745966e+00  1.865328e+00  1.746083e+00  1.736356e+00  1.430166e+00  
   3.8112299  1.841979e+00  1.774726e+00  1.841847e+00  1.774841e+00  1.721251e+00  1.454785e+00  
   3.8322301  1.820258e+00  1.801809e+00  1.820141e+00  1.801923e+00  1.706890e+00  1.479246e+00  
   3.8532300  1.800779e+00  1.827620e+00  1.800680e+00  1.827735e+00  1.693306e+00  1.503430e+00  
   3.8742299  1.783953e+00  1.852710e+00  1.783873e+00  1.852828e+00  1.680639e+00  1.527225e+00  
   3.8942299  1.770691e+00  1.876563e+00  1.770632e+00  1.876687e+00  1.669650e+00  1.549477e+00  
   3.9152300  1.759854e+00  1.902337e+00  1.759815e+00  1.902469e+00  1.659546e+00  1.572453e+00  
   3.9362299  1.752214e+00  1.929746e+00  1.752196e+00  1.929888e+00  1.651267e+00  1.595210e+00  
   3.9572301  1.747621e+00  1.959751e+00  1.747623e+00  1.959908e+00  1.645177e+00  1.618086e+00  
   3.9782300  1.745717e+00  1.993334e+00  1.745737e+00  1.993507e+00  1.641587e+00  1.641581e+00  
   3.9992299  1.745924e+00  2.031444e+00  1.745959e+00  2.031636e+00  1.640718e+00  1.666351e+00  
   4.0192299  1.747356e+00  2.072749e+00  1.747402e+00  2.072964e+00  1.642492e+00  1.691854e+00  
   4.0402298  1.749197e+00  2.122095e+00  1.749251e+00  2.122333e+00  1.646987e+00  1.721497e+00  
   4.0612302  1.750217e+00  2.178123e+00  1.750275e+00  2.178387e+00  1.653869e+00  1.755009e+00  
   4.0822301  1.749082e+00  2.241181e+00  1.749138e+00  2.241470e+00  1.662585e+00  1.793344e+00  
   4.1032300  1.744346e+00  2.311362e+00  1.744395e+00  2.311679e+00  1.672328e+00  1.837407e+00  
   4.1242299  1.734509e+00  2.388484e+00  1.734545e+00  2.388829e+00  1.682038e+00  1.887989e+00  
   4.1442299  1.719021e+00  2.467959e+00  1.719039e+00  2.468328e+00  1.690062e+00  1.942788e+00  
   4.1652298  1.694943e+00  2.557015e+00  1.694938e+00  2.557404e+00  1.695749e+00  2.007652e+00  
   4.1868300  1.660442e+00  2.653553e+00  1.660408e+00  2.653962e+00  1.696927e+00  2.082296e+00  
   4.2068300  1.618597e+00  2.746230e+00  1.618533e+00  2.746652e+00  1.692112e+00  2.158351e+00  
   4.2278299  1.563481e+00  2.845525e+00  1.563382e+00  2.845956e+00  1.679173e+00  2.244794e+00  
   4.2488298  1.496206e+00  2.945255e+00  1.496068e+00  2.945687e+00  1.656407e+00  2.336993e+00  
   4.2698302  1.416316e+00  3.043679e+00  1.416138e+00  3.044107e+00  1.622191e+00  2.433554e+00  
   4.2908301  1.323644e+00  3.138969e+00  1.323425e+00  3.139386e+00  1.575151e+00  2.532704e+00  
   4.3108301  1.223607e+00  3.225116e+00  1.223350e+00  3.225517e+00  1.517493e+00  2.627637e+00  
   4.3318300  1.106588e+00  3.308958e+00  1.106292e+00  3.309334e+00  1.442882e+00  2.725600e+00  
   4.3528299  9.779643e-01  3.384249e+00  9.776315e-01  3.384596e+00  1.353776e+00  2.819363e+00  
   4.3738298  8.386859e-01  3.449263e+00  8.383198e-01  3.449577e+00  1.250634e+00  2.906397e+00  
   4.3948302  6.899568e-01  3.502391e+00  6.895619e-01  3.502667e+00  1.134476e+00  2.984258e+00  
   4.4158301  5.332373e-01  3.542167e+00  5.328177e-01  3.542403e+00  1.006869e+00  3.050705e+00  
   4.4358301  3.780832e-01  3.566468e+00  3.776458e-01  3.566664e+00  8.765494e-01  3.101626e+00  
   4.4568300  2.107899e-01  3.576713e+00  2.103394e-01  3.576867e+00  7.328023e-01  3.140683e+00  
   4.4778299  4.103698e-02  3.570534e+00  4.057965e-02  3.570646e+00  5.846035e-01  3.164000e+00  
   4.4988298  -1.289667e-01  3.547449e+00  -1.294246e-01  3.547518e+00  4.347515e-01  3.171130e+00  
   4.5198302  -2.969120e-01  3.507319e+00  -2.973641e-01  3.507349e+00  2.860263e-01  3.162179e+00  
   4.5408301  -4.604293e-01  3.450393e+00  -4.608693e-01  3.450385e+00  1.410689e-01  3.137785e+00  
   4.5608301  -6.099010e-01  3.381155e+00  -6.103249e-01  3.381116e+00  8.680542e-03  3.101205e+00  
   4.5818300  -7.581082e-01  3.293705e+00  -7.585106e-01  3.293634e+00  -1.224436e-01  3.050206e+00  
   4.6034298  -8.990596e-01  3.189514e+00  -8.994353e-01  3.189414e+00  -2.472383e-01  2.986126e+00  
   4.6234298  -1.017480e+00  3.081891e+00  -1.017829e+00  3.081770e+00  -3.526026e-01  2.918103e+00  
   4.6444302  -1.127882e+00  2.959449e+00  -1.128201e+00  2.959310e+00  -4.520097e-01  2.839638e+00  
   4.6654301  -1.222958e+00  2.829719e+00  -1.223246e+00  2.829566e+00  -5.396261e-01  2.755924e+00  
   4.6864300  -1.302115e+00  2.695258e+00  -1.302373e+00  2.695096e+00  -6.155223e-01  2.668852e+00  
   4.7074299  -1.365246e+00  2.558665e+00  -1.365475e+00  2.558499e+00  -6.800690e-01  2.580155e+00  
   4.7274299  -1.410808e+00  2.428900e+00  -1.411011e+00  2.428735e+00  -7.315413e-01  2.495576e+00  
   4.7484298  -1.444134e+00  2.295233e+00  -1.444313e+00  2.295072e+00  -7.758239e-01  2.407927e+00  
   4.7694302  -1.463755e+00  2.166240e+00  -1.463914e+00  2.166086e+00  -8.109675e-01  2.322542e+00  
   4.7904301  -1.471137e+00  2.043638e+00  -1.471279e+00  2.043495e+00  -8.379022e-01  2.240304e+00  
   4.8114300  -1.467940e+00  1.928743e+00  -1.468069e+00  1.928613e+00  -8.575761e-01  2.161885e+00  
   4.8324299  -1.455913e+00  1.822474e+00  -1.456033e+00  1.822358e+00  -8.709210e-01  2.087770e+00  
   4.8524299  -1.437848e+00  1.729771e+00  -1.437961e+00  1.729669e+00  -8.785633e-01  2.021477e+00  
   4.8734298  -1.413535e+00  1.641542e+00  -1.413645e+00  1.641455e+00  -8.820716e-01  1.956547e+00  
   4.8944302  -1.385249e+00  1.562537e+00  -1.385359e+00  1.562463e+00  -8.817149e-01  1.896460e+00  
   4.9154301  -1.354338e+00  1.492416e+00  -1.354449e+00  1.492355e+00  -8.781949e-01  1.841171e+00  
   4.9364300  -1.321948e+00  1.430660e+00  -1.322062e+00  1.430611e+00  -8.721390e-01  1.790548e+00  
   4.9574299  -1.289018e+00  1.376634e+00  -1.289137e+00  1.376597e+00  -8.640996e-01  1.744397e+00  
   4.9774299  -1.257841e+00  1.331729e+00  -1.257966e+00  1.331701e+00  -8.550390e-01  1.704381e+00  
   4.9984298  -1.225847e+00  1.290760e+00  -1.225977e+00  1.290739e+00  -8.444466e-01  1.666235e+00  
