w Re-xx Im-xx Re-yy Im-yy Re-zz Im-zz
# Gaussian absolute broadening  0.15 [eV]
   0.0000000  7.700621e-01  8.895624e-05  7.700506e-01  8.895630e-05  7.250359e-01  7.885064e-05  
   0.0200000  7.701625e-01  9.520620e-05  7.701512e-01  9.520630e-05  7.251251e-01  8.438712e-05  
   0.0410000  7.702822e-01  1.023283e-04  7.702706e-01  1.023284e-04  7.252308e-01  9.069595e-05  
   0.0620000  7.704185e-01  1.100601e-04  7.704073e-01  1.100603e-04  7.253518e-01  9.754462e-05  
   0.0830000  7.705730e-01  1.184359e-04  7.705618e-01  1.184361e-04  7.254889e-01  1.049633e-04  
   0.1040000  7.707484e-01  1.274851e-04  7.707371e-01  1.274854e-04  7.256445e-01  1.129780e-04  
   0.1240000  7.709368e-01  1.367511e-04  7.709253e-01  1.367515e-04  7.258111e-01  1.211841e-04  
   0.1450000  7.711588e-01  1.471755e-04  7.711474e-01  1.471762e-04  7.260082e-01  1.304157e-04  
   0.1660000  7.714083e-01  1.583187e-04  7.713969e-01  1.583196e-04  7.262288e-01  1.402829e-04  
   0.1870000  7.716870e-01  1.701770e-04  7.716758e-01  1.701782e-04  7.264758e-01  1.507824e-04  
   0.2080000  7.719971e-01  1.827360e-04  7.719858e-01  1.827375e-04  7.267510e-01  1.619011e-04  
   0.2290000  7.723404e-01  1.959701e-04  7.723292e-01  1.959720e-04  7.270551e-01  1.736162e-04  
   0.2490000  7.727000e-01  2.091692e-04  7.726887e-01  2.091716e-04  7.273734e-01  1.852988e-04  
   0.2700000  7.731127e-01  2.236113e-04  7.731012e-01  2.236142e-04  7.277387e-01  1.980798e-04  
   0.2910000  7.735622e-01  2.386008e-04  7.735509e-01  2.386044e-04  7.281371e-01  2.113431e-04  
   0.3120000  7.740500e-01  2.540839e-04  7.740389e-01  2.540883e-04  7.285693e-01  2.250408e-04  
   0.3330000  7.745759e-01  2.700050e-04  7.745648e-01  2.700102e-04  7.290351e-01  2.391232e-04  
   0.3540000  7.751408e-01  2.863107e-04  7.751297e-01  2.863169e-04  7.295353e-01  2.535426e-04  
   0.3740000  7.757149e-01  3.021513e-04  7.757035e-01  3.021585e-04  7.300436e-01  2.675476e-04  
   0.3950000  7.763554e-01  3.190685e-04  7.763442e-01  3.190767e-04  7.306106e-01  2.825004e-04  
   0.4160000  7.770343e-01  3.362391e-04  7.770233e-01  3.362484e-04  7.312120e-01  2.976730e-04  
   0.4374300  7.777677e-01  3.539908e-04  7.777566e-01  3.540012e-04  7.318610e-01  3.133544e-04  
   0.4574300  7.784881e-01  3.707441e-04  7.784770e-01  3.707555e-04  7.324988e-01  3.281490e-04  
   0.4784300  7.792822e-01  3.885114e-04  7.792712e-01  3.885239e-04  7.332016e-01  3.438342e-04  
   0.4994300  7.801145e-01  4.064477e-04  7.801033e-01  4.064613e-04  7.339382e-01  3.596625e-04  
   0.5204300  7.809855e-01  4.245459e-04  7.809743e-01  4.245604e-04  7.347087e-01  3.756277e-04  
   0.5414300  7.818950e-01  4.428023e-04  7.818840e-01  4.428177e-04  7.355134e-01  3.917261e-04  
   0.5614300  7.827975e-01  4.603367e-04  7.827867e-01  4.603529e-04  7.363119e-01  4.071816e-04  
   0.5824300  7.837836e-01  4.789040e-04  7.837726e-01  4.789208e-04  7.371838e-01  4.235406e-04  
   0.6034300  7.848085e-01  4.976352e-04  7.847974e-01  4.976526e-04  7.380902e-01  4.400367e-04  
   0.6244300  7.858735e-01  5.165351e-04  7.858626e-01  5.165531e-04  7.390318e-01  4.566738e-04  
   0.6454300  7.869785e-01  5.356098e-04  7.869676e-01  5.356282e-04  7.400085e-01  4.734567e-04  
   0.6664300  7.881237e-01  5.548651e-04  7.881130e-01  5.548837e-04  7.410209e-01  4.903904e-04  
   0.6864300  7.892520e-01  5.733775e-04  7.892413e-01  5.733965e-04  7.420180e-01  5.066629e-04  
   0.7074300  7.904767e-01  5.930057e-04  7.904661e-01  5.930249e-04  7.431003e-01  5.239073e-04  
   0.7284300  7.917431e-01  6.128351e-04  7.917324e-01  6.128544e-04  7.442190e-01  5.413198e-04  
   0.7494300  7.930517e-01  6.328737e-04  7.930409e-01  6.328934e-04  7.453746e-01  5.589071e-04  
   0.7704300  7.944020e-01  6.531295e-04  7.943914e-01  6.531492e-04  7.465670e-01  5.766748e-04  
   0.7914300  7.957953e-01  6.736104e-04  7.957848e-01  6.736304e-04  7.477973e-01  5.946301e-04  
   0.8114300  7.971621e-01  6.933326e-04  7.971516e-01  6.933529e-04  7.490034e-01  6.119109e-04  
   0.8324300  7.986397e-01  7.142775e-04  7.986293e-01  7.142983e-04  7.503076e-01  6.302529e-04  
   0.8540300  8.002065e-01  7.360834e-04  8.001961e-01  7.361046e-04  7.516897e-01  6.493372e-04  
   0.8740300  8.016988e-01  7.565200e-04  8.016884e-01  7.565417e-04  7.530060e-01  6.672125e-04  
   0.8950300  8.033104e-01  7.782430e-04  8.032998e-01  7.782653e-04  7.544270e-01  6.862014e-04  
   0.9160300  8.049674e-01  8.002467e-04  8.049570e-01  8.002697e-04  7.558882e-01  7.054235e-04  
   0.9370300  8.066711e-01  8.225420e-04  8.066608e-01  8.225659e-04  7.573898e-01  7.248875e-04  
   0.9580300  8.084215e-01  8.451402e-04  8.084114e-01  8.451650e-04  7.589324e-01  7.446026e-04  
   0.9780300  8.101335e-01  8.669543e-04  8.101235e-01  8.669799e-04  7.604403e-01  7.636212e-04  
   0.9990300  8.119785e-01  8.901772e-04  8.119685e-01  8.902037e-04  7.620654e-01  7.838534e-04  
   1.0200300  8.138723e-01  9.137368e-04  8.138625e-01  9.137645e-04  7.637327e-01  8.043646e-04  
   1.0410300  8.158166e-01  9.376454e-04  8.158066e-01  9.376746e-04  7.654440e-01  8.251648e-04  
   1.0620300  8.178115e-01  9.619161e-04  8.178017e-01  9.619463e-04  7.671993e-01  8.462641e-04  
   1.0830300  8.198577e-01  9.865618e-04  8.198478e-01  9.865931e-04  7.689993e-01  8.676724e-04  
   1.1030300  8.218547e-01  1.010393e-03  8.218451e-01  1.010426e-03  7.707554e-01  8.883583e-04  
   1.1240300  8.240036e-01  1.035807e-03  8.239939e-01  1.035841e-03  7.726444e-01  9.104008e-04  
   1.1450300  8.262061e-01  1.061635e-03  8.261966e-01  1.061671e-03  7.745801e-01  9.327847e-04  
   1.1660300  8.284636e-01  1.087892e-03  8.284541e-01  1.087930e-03  7.765628e-01  9.555213e-04  
   1.1870300  8.307764e-01  1.114593e-03  8.307669e-01  1.114632e-03  7.785940e-01  9.786227e-04  
   1.2080300  8.331459e-01  1.141753e-03  8.331366e-01  1.141794e-03  7.806742e-01  1.002102e-03  
   1.2280300  8.354553e-01  1.168061e-03  8.354460e-01  1.168103e-03  7.827007e-01  1.024825e-03  
   1.2490300  8.379374e-01  1.196166e-03  8.379282e-01  1.196210e-03  7.848781e-01  1.049079e-03  
   1.2706300  8.405529e-01  1.225607e-03  8.405440e-01  1.225652e-03  7.871715e-01  1.074462e-03  
   1.2906300  8.430314e-01  1.253365e-03  8.430227e-01  1.253412e-03  7.893439e-01  1.098373e-03  
   1.3116300  8.456941e-01  1.283047e-03  8.456855e-01  1.283095e-03  7.916771e-01  1.123918e-03  
   1.3326300  8.484200e-01  1.313297e-03  8.484113e-01  1.313347e-03  7.940643e-01  1.149927e-03  
   1.3536299  8.512095e-01  1.344138e-03  8.512008e-01  1.344189e-03  7.965062e-01  1.176419e-03  
   1.3746300  8.540646e-01  1.375592e-03  8.540561e-01  1.375644e-03  7.990046e-01  1.203410e-03  
   1.3946300  8.568461e-01  1.406139e-03  8.568376e-01  1.406192e-03  8.014375e-01  1.229599e-03  
   1.4156300  8.598331e-01  1.438858e-03  8.598247e-01  1.438912e-03  8.040486e-01  1.257621e-03  
   1.4366300  8.628892e-01  1.472262e-03  8.628812e-01  1.472316e-03  8.067192e-01  1.286200e-03  
   1.4576300  8.660169e-01  1.506377e-03  8.660089e-01  1.506432e-03  8.094511e-01  1.315357e-03  
   1.4786299  8.692173e-01  1.541229e-03  8.692096e-01  1.541285e-03  8.122450e-01  1.345113e-03  
   1.4996300  8.724917e-01  1.576848e-03  8.724838e-01  1.576905e-03  8.151022e-01  1.375490e-03  
   1.5196300  8.756801e-01  1.611510e-03  8.756725e-01  1.611568e-03  8.178829e-01  1.405018e-03  
   1.5406300  8.791037e-01  1.648711e-03  8.790962e-01  1.648770e-03  8.208668e-01  1.436675e-03  
   1.5616300  8.826065e-01  1.686770e-03  8.825991e-01  1.686831e-03  8.239185e-01  1.469023e-03  
   1.5826300  8.861898e-01  1.725721e-03  8.861826e-01  1.725785e-03  8.270381e-01  1.502090e-03  
   1.6036299  8.898559e-01  1.765601e-03  8.898489e-01  1.765667e-03  8.302283e-01  1.535903e-03  
   1.6246300  8.936068e-01  1.806449e-03  8.935998e-01  1.806517e-03  8.334903e-01  1.570491e-03  
   1.6446300  8.972590e-01  1.846289e-03  8.972523e-01  1.846360e-03  8.366646e-01  1.604180e-03  
   1.6656300  9.011807e-01  1.889147e-03  9.011739e-01  1.889222e-03  8.400709e-01  1.640373e-03  
   1.6872300  9.053091e-01  1.934381e-03  9.053027e-01  1.934460e-03  8.436549e-01  1.678510e-03  
   1.7072300  9.092197e-01  1.977352e-03  9.092135e-01  1.977436e-03  8.470475e-01  1.714679e-03  
   1.7282300  9.134194e-01  2.023654e-03  9.134132e-01  2.023742e-03  8.506883e-01  1.753584e-03  
   1.7492300  9.177175e-01  2.071229e-03  9.177117e-01  2.071321e-03  8.544117e-01  1.793482e-03  
   1.7702301  9.221163e-01  2.120147e-03  9.221107e-01  2.120244e-03  8.582198e-01  1.834414e-03  
   1.7912300  9.266189e-01  2.170486e-03  9.266136e-01  2.170589e-03  8.621151e-01  1.876434e-03  
   1.8112299  9.310066e-01  2.219829e-03  9.310014e-01  2.219937e-03  8.659083e-01  1.917514e-03  
   1.8322300  9.357206e-01  2.273206e-03  9.357157e-01  2.273318e-03  8.699806e-01  1.961814e-03  
   1.8532300  9.405476e-01  2.328290e-03  9.405431e-01  2.328410e-03  8.741472e-01  2.007377e-03  
   1.8742300  9.454912e-01  2.385212e-03  9.454866e-01  2.385337e-03  8.784108e-01  2.054271e-03  
   1.8952301  9.505544e-01  2.444106e-03  9.505503e-01  2.444237e-03  8.827745e-01  2.102580e-03  
   1.9162300  9.557412e-01  2.505133e-03  9.557373e-01  2.505271e-03  8.872404e-01  2.152394e-03  
   1.9362299  9.607986e-01  2.565398e-03  9.607949e-01  2.565543e-03  8.915918e-01  2.201331e-03  
   1.9572300  9.662369e-01  2.631119e-03  9.662337e-01  2.631271e-03  8.962663e-01  2.254403e-03  
   1.9782300  9.718097e-01  2.699562e-03  9.718065e-01  2.699721e-03  9.010531e-01  2.309348e-03  
   1.9992300  9.775217e-01  2.770968e-03  9.775191e-01  2.771135e-03  9.059548e-01  2.366333e-03  
   2.0202301  9.833775e-01  2.845608e-03  9.833748e-01  2.845783e-03  9.109753e-01  2.425558e-03  
   2.0412300  9.893809e-01  2.923768e-03  9.893787e-01  2.923952e-03  9.161181e-01  2.487258e-03  
   2.0612299  9.952409e-01  3.001763e-03  9.952388e-01  3.001955e-03  9.211330e-01  2.548574e-03  
   2.0822301  1.001547e+00  3.087705e-03  1.001546e+00  3.087906e-03  9.265263e-01  2.615946e-03  
   2.1038301  1.008206e+00  3.180779e-03  1.008205e+00  3.180992e-03  9.322149e-01  2.688824e-03  
   2.1238301  1.014530e+00  3.271519e-03  1.014530e+00  3.271742e-03  9.376128e-01  2.759936e-03  
   2.1448300  1.021342e+00  3.371861e-03  1.021342e+00  3.372093e-03  9.434222e-01  2.838824e-03  
   2.1658299  1.028335e+00  3.477747e-03  1.028335e+00  3.477992e-03  9.493800e-01  2.922554e-03  
   2.1868300  1.035518e+00  3.589558e-03  1.035518e+00  3.589815e-03  9.554926e-01  3.011703e-03  
   2.2078300  1.042896e+00  3.707660e-03  1.042897e+00  3.707930e-03  9.617655e-01  3.106890e-03  
   2.2278299  1.050112e+00  3.826346e-03  1.050113e+00  3.826630e-03  9.678940e-01  3.203760e-03  
   2.2488301  1.057895e+00  3.957873e-03  1.057897e+00  3.958170e-03  9.744969e-01  3.312659e-03  
   2.2698300  1.065898e+00  4.096887e-03  1.065901e+00  4.097201e-03  9.812775e-01  3.429609e-03  
   2.2908299  1.074132e+00  4.243854e-03  1.074135e+00  4.244186e-03  9.882438e-01  3.555337e-03  
   2.3118300  1.082603e+00  4.399281e-03  1.082607e+00  4.399633e-03  9.954017e-01  3.690569e-03  
   2.3328300  1.091326e+00  4.563718e-03  1.091330e+00  4.564092e-03  1.002760e+00  3.836036e-03  
   2.3528299  1.099875e+00  4.729282e-03  1.099880e+00  4.729680e-03  1.009959e+00  3.984766e-03  
   2.3738301  1.109118e+00  4.913216e-03  1.109123e+00  4.913639e-03  1.017728e+00  4.152354e-03  
   2.3948300  1.118645e+00  5.108273e-03  1.118651e+00  5.108728e-03  1.025722e+00  4.332393e-03  
   2.4158299  1.128472e+00  5.315376e-03  1.128478e+00  5.315865e-03  1.033950e+00  4.525683e-03  
   2.4368300  1.138612e+00  5.535576e-03  1.138620e+00  5.536104e-03  1.042421e+00  4.733070e-03  
   2.4578300  1.149082e+00  5.770069e-03  1.149090e+00  5.770636e-03  1.051148e+00  4.955460e-03  
   2.4778299  1.159375e+00  6.007950e-03  1.159384e+00  6.008564e-03  1.059707e+00  5.182127e-03  
   2.4988301  1.170541e+00  6.274546e-03  1.170551e+00  6.275210e-03  1.068967e+00  5.436799e-03  
   2.5204301  1.182428e+00  6.568682e-03  1.182440e+00  6.569400e-03  1.078799e+00  5.717860e-03  
   2.5404301  1.193821e+00  6.861109e-03  1.193833e+00  6.861882e-03  1.088193e+00  5.996710e-03  
   2.5614300  1.206207e+00  7.191510e-03  1.206220e+00  7.192349e-03  1.098376e+00  6.310348e-03  
   2.5824299  1.219053e+00  7.548991e-03  1.219067e+00  7.549898e-03  1.108903e+00  6.647234e-03  
   2.6034300  1.232391e+00  7.937518e-03  1.232407e+00  7.938497e-03  1.119793e+00  7.009676e-03  
   2.6244299  1.246254e+00  8.361988e-03  1.246270e+00  8.363053e-03  1.131070e+00  7.400463e-03  
   2.6444299  1.259979e+00  8.805343e-03  1.259998e+00  8.806494e-03  1.142192e+00  7.802204e-03  
   2.6654301  1.274981e+00  9.319484e-03  1.275000e+00  9.320736e-03  1.154297e+00  8.259304e-03  
   2.6864300  1.290631e+00  9.893380e-03  1.290652e+00  9.894748e-03  1.166868e+00  8.758104e-03  
   2.7074299  1.306984e+00  1.054017e-02  1.307007e+00  1.054166e-02  1.179940e+00  9.305923e-03  
   2.7284300  1.324098e+00  1.127701e-02  1.324122e+00  1.127867e-02  1.193550e+00  9.912273e-03  
   2.7494299  1.342039e+00  1.212645e-02  1.342065e+00  1.212830e-02  1.207738e+00  1.058949e-02  
   2.7694299  1.359960e+00  1.306718e-02  1.359989e+00  1.306926e-02  1.221828e+00  1.131486e-02  
   2.7904301  1.379735e+00  1.423054e-02  1.379766e+00  1.423290e-02  1.237278e+00  1.218044e-02  
   2.8114300  1.400579e+00  1.562357e-02  1.400613e+00  1.562631e-02  1.253451e+00  1.317778e-02  
   2.8324299  1.422590e+00  1.731206e-02  1.422627e+00  1.731530e-02  1.270408e+00  1.433917e-02  
   2.8534300  1.445876e+00  1.938099e-02  1.445916e+00  1.938489e-02  1.288211e+00  1.570492e-02  
   2.8744299  1.470549e+00  2.193890e-02  1.470591e+00  2.194367e-02  1.306926e+00  1.732477e-02  
   2.8944299  1.495441e+00  2.495457e-02  1.495487e+00  2.496041e-02  1.325665e+00  1.915951e-02  
   2.9154301  1.523152e+00  2.889222e-02  1.523202e+00  2.889954e-02  1.346374e+00  2.146374e-02  
   2.9370301  1.553449e+00  3.398077e-02  1.553504e+00  3.399009e-02  1.368858e+00  2.433031e-02  
   2.9570301  1.583208e+00  3.986296e-02  1.583267e+00  3.987465e-02  1.390821e+00  2.753421e-02  
   2.9780300  1.616286e+00  4.753194e-02  1.616349e+00  4.754679e-02  1.415142e+00  3.159171e-02  
   2.9990301  1.651268e+00  5.705744e-02  1.651335e+00  5.707625e-02  1.440828e+00  3.650977e-02  
   3.0200300  1.688132e+00  6.881040e-02  1.688203e+00  6.883413e-02  1.467945e+00  4.246807e-02  
   3.0410299  1.726793e+00  8.319378e-02  1.726869e+00  8.322350e-02  1.496548e+00  4.967691e-02  
   3.0610299  1.765138e+00  9.972425e-02  1.765218e+00  9.976073e-02  1.525203e+00  5.792709e-02  
   3.0820301  1.806763e+00  1.204637e-01  1.806844e+00  1.205085e-01  1.556780e+00  6.830860e-02  
   3.1030300  1.849444e+00  1.450690e-01  1.849528e+00  1.451236e-01  1.589850e+00  8.075347e-02  
   3.1240301  1.892742e+00  1.739074e-01  1.892826e+00  1.739729e-01  1.624331e+00  9.559786e-02  
   3.1450300  1.936118e+00  2.072760e-01  1.936202e+00  2.073534e-01  1.660072e+00  1.131975e-01  
   3.1660299  1.978950e+00  2.453773e-01  1.979032e+00  2.454679e-01  1.696851e+00  1.339168e-01  
   3.1860299  2.018607e+00  2.861419e-01  2.018684e+00  2.862455e-01  1.732559e+00  1.568749e-01  
   3.2070301  2.058355e+00  3.335955e-01  2.058427e+00  3.337132e-01  1.770379e+00  1.846806e-01  
   3.2280300  2.095435e+00  3.856137e-01  2.095501e+00  3.857458e-01  1.808047e+00  2.165420e-01  
   3.2490301  2.129139e+00  4.418442e-01  2.129197e+00  4.419900e-01  1.844979e+00  2.526490e-01  
   3.2700300  2.158815e+00  5.017860e-01  2.158864e+00  5.019448e-01  1.880517e+00  2.930806e-01  
   3.2910299  2.183917e+00  5.648133e-01  2.183956e+00  5.649841e-01  1.913955e+00  3.377822e-01  
   3.3110299  2.203188e+00  6.270456e-01  2.203217e+00  6.272260e-01  1.943183e+00  3.841384e-01  
   3.3320301  2.218297e+00  6.939507e-01  2.218315e+00  6.941398e-01  1.970450e+00  4.364343e-01  
   3.3536301  2.228255e+00  7.635974e-01  2.228264e+00  7.637931e-01  1.994177e+00  4.935509e-01  
   3.3736300  2.232491e+00  8.280967e-01  2.232490e+00  8.282966e-01  2.011739e+00  5.488176e-01  
   3.3946300  2.231993e+00  8.951263e-01  2.231984e+00  8.953285e-01  2.025245e+00  6.085479e-01  
   3.4156301  2.226787e+00  9.608203e-01  2.226771e+00  9.610236e-01  2.033494e+00  6.691642e-01  
   3.4366300  2.217341e+00  1.024661e+00  2.217317e+00  1.024863e+00  2.036480e+00  7.297614e-01  
   3.4576299  2.204194e+00  1.086267e+00  2.204165e+00  1.086468e+00  2.034402e+00  7.894534e-01  
   3.4776299  2.188761e+00  1.142636e+00  2.188725e+00  1.142834e+00  2.028078e+00  8.447132e-01  
   3.4986300  2.170047e+00  1.199290e+00  2.170004e+00  1.199485e+00  2.017415e+00  9.003929e-01  
   3.5196300  2.149288e+00  1.253336e+00  2.149239e+00  1.253529e+00  2.003315e+00  9.531356e-01  
   3.5406301  2.126962e+00  1.304852e+00  2.126905e+00  1.305043e+00  1.986552e+00  1.002580e+00  
   3.5616300  2.103459e+00  1.353963e+00  2.103393e+00  1.354152e+00  1.967926e+00  1.048560e+00  
   3.5826299  2.079088e+00  1.400823e+00  2.079013e+00  1.401012e+00  1.948207e+00  1.091102e+00  
   3.6026299  2.055276e+00  1.443497e+00  2.055190e+00  1.443686e+00  1.929041e+00  1.128603e+00  
   3.6236300  2.029791e+00  1.486371e+00  2.029693e+00  1.486560e+00  1.909059e+00  1.165136e+00  
   3.6446300  2.003917e+00  1.527346e+00  2.003808e+00  1.527535e+00  1.889640e+00  1.199176e+00  
   3.6656301  1.977736e+00  1.566462e+00  1.977615e+00  1.566652e+00  1.871047e+00  1.231198e+00  
   3.6866300  1.951332e+00  1.603716e+00  1.951200e+00  1.603906e+00  1.853399e+00  1.261674e+00  
   3.7076299  1.924814e+00  1.639076e+00  1.924672e+00  1.639265e+00  1.836677e+00  1.291027e+00  
   3.7276299  1.899594e+00  1.670953e+00  1.899446e+00  1.671141e+00  1.821514e+00  1.318254e+00  
   3.7486300  1.873360e+00  1.702506e+00  1.873207e+00  1.702691e+00  1.806239e+00  1.346310e+00  
   3.7702301  1.846928e+00  1.732923e+00  1.846774e+00  1.733105e+00  1.791045e+00  1.374738e+00  
   3.7902300  1.823273e+00  1.759315e+00  1.823120e+00  1.759492e+00  1.777322e+00  1.400703e+00  
   3.8112299  1.799662e+00  1.785350e+00  1.799513e+00  1.785522e+00  1.763213e+00  1.427556e+00  
   3.8322301  1.777720e+00  1.809934e+00  1.777578e+00  1.810101e+00  1.749451e+00  1.453902e+00  
   3.8532300  1.757869e+00  1.833458e+00  1.757738e+00  1.833618e+00  1.736180e+00  1.479650e+00  
   3.8742299  1.740504e+00  1.856441e+00  1.740385e+00  1.856596e+00  1.723652e+00  1.504752e+00  
   3.8942299  1.726575e+00  1.878417e+00  1.726469e+00  1.878569e+00  1.712721e+00  1.528080e+00  
   3.9152300  1.714904e+00  1.902313e+00  1.714811e+00  1.902461e+00  1.702670e+00  1.552102e+00  
   3.9362299  1.706342e+00  1.927895e+00  1.706262e+00  1.928042e+00  1.694488e+00  1.575912e+00  
   3.9572301  1.700799e+00  1.956094e+00  1.700731e+00  1.956242e+00  1.688566e+00  1.599939e+00  
   3.9782300  1.697983e+00  1.987869e+00  1.697925e+00  1.988020e+00  1.685222e+00  1.624767e+00  
   3.9992299  1.697376e+00  2.024176e+00  1.697325e+00  2.024330e+00  1.684659e+00  1.651125e+00  
   4.0192299  1.698171e+00  2.063782e+00  1.698124e+00  2.063943e+00  1.686747e+00  1.678429e+00  
   4.0402298  1.699516e+00  2.111397e+00  1.699468e+00  2.111564e+00  1.691552e+00  1.710312e+00  
   4.0612302  1.700228e+00  2.165790e+00  1.700176e+00  2.165965e+00  1.698664e+00  1.746457e+00  
   4.0822301  1.698964e+00  2.227354e+00  1.698902e+00  2.227537e+00  1.707463e+00  1.787845e+00  
   4.1032300  1.694255e+00  2.296224e+00  1.694179e+00  2.296413e+00  1.717071e+00  1.835389e+00  
   4.1242299  1.684569e+00  2.372241e+00  1.684474e+00  2.372434e+00  1.726353e+00  1.889878e+00  
   4.1442299  1.669315e+00  2.450856e+00  1.669198e+00  2.451051e+00  1.733635e+00  1.948771e+00  
   4.1652298  1.645563e+00  2.539195e+00  1.645419e+00  2.539390e+00  1.738132e+00  2.018285e+00  
   4.1868300  1.611488e+00  2.635154e+00  1.611313e+00  2.635345e+00  1.737597e+00  2.098016e+00  
   4.2068300  1.570151e+00  2.727382e+00  1.569943e+00  2.727565e+00  1.730728e+00  2.178962e+00  
   4.2278299  1.515741e+00  2.826236e+00  1.515498e+00  2.826408e+00  1.715142e+00  2.270614e+00  
   4.2488298  1.449434e+00  2.925492e+00  1.449154e+00  2.925651e+00  1.689257e+00  2.367953e+00  
   4.2698302  1.370877e+00  3.023360e+00  1.370560e+00  3.023503e+00  1.651504e+00  2.469432e+00  
   4.2908301  1.280011e+00  3.117988e+00  1.279657e+00  3.118113e+00  1.600597e+00  2.573117e+00  
   4.3108301  1.182223e+00  3.203409e+00  1.181836e+00  3.203517e+00  1.539052e+00  2.671876e+00  
   4.3318300  1.068190e+00  3.286424e+00  1.067770e+00  3.286513e+00  1.460273e+00  2.773213e+00  
   4.3528299  9.432287e-01  3.360893e+00  9.427776e-01  3.360965e+00  1.367046e+00  2.869587e+00  
   4.3738298  8.082732e-01  3.425187e+00  8.077946e-01  3.425242e+00  1.259969e+00  2.958408e+00  
   4.3948302  6.644590e-01  3.477801e+00  6.639574e-01  3.477840e+00  1.140185e+00  3.037207e+00  
   4.4158301  5.131232e-01  3.517378e+00  5.126026e-01  3.517402e+00  1.009367e+00  3.103765e+00  
   4.4358301  3.633781e-01  3.541867e+00  3.628445e-01  3.541878e+00  8.764431e-01  3.154081e+00  
   4.4568300  2.018669e-01  3.552764e+00  2.013242e-01  3.552762e+00  7.304832e-01  3.191845e+00  
   4.4778299  3.778775e-02  3.547731e+00  3.724110e-02  3.547714e+00  5.806202e-01  3.213321e+00  
   4.4988298  -1.268656e-01  3.526264e+00  -1.274109e-01  3.526234e+00  4.296398e-01  3.218201e+00  
   4.5198302  -2.899770e-01  3.488162e+00  -2.905159e-01  3.488118e+00  2.802867e-01  3.206747e+00  
   4.5408301  -4.493325e-01  3.433574e+00  -4.498606e-01  3.433514e+00  1.351493e-01  3.179748e+00  
   4.5608301  -5.955641e-01  3.366736e+00  -5.960779e-01  3.366662e+00  2.947061e-03  3.140727e+00  
   4.5818300  -7.411802e-01  3.281851e+00  -7.416756e-01  3.281760e+00  -1.276730e-01  3.087330e+00  
   4.6034298  -8.803306e-01  3.180207e+00  -8.808037e-01  3.180098e+00  -2.516930e-01  3.021074e+00  
   4.6234298  -9.978183e-01  3.074748e+00  -9.982687e-01  3.074621e+00  -3.561728e-01  2.951377e+00  
   4.6444302  -1.107914e+00  2.954281e+00  -1.108338e+00  2.954136e+00  -4.545404e-01  2.871561e+00  
   4.6654301  -1.203256e+00  2.826165e+00  -1.203655e+00  2.826002e+00  -5.410600e-01  2.786936e+00  
   4.6864300  -1.283120e+00  2.692932e+00  -1.283493e+00  2.692752e+00  -6.158505e-01  2.699388e+00  
   4.7074299  -1.347265e+00  2.557195e+00  -1.347611e+00  2.556997e+00  -6.793207e-01  2.610624e+00  
   4.7274299  -1.393965e+00  2.427936e+00  -1.394287e+00  2.427724e+00  -7.298198e-01  2.526315e+00  
   4.7484298  -1.428564e+00  2.294536e+00  -1.428860e+00  2.294306e+00  -7.731504e-01  2.439240e+00  
   4.7694302  -1.449453e+00  2.165610e+00  -1.449725e+00  2.165366e+00  -8.074179e-01  2.354662e+00  
   4.7904301  -1.458038e+00  2.042958e+00  -1.458287e+00  2.042699e+00  -8.335468e-01  2.273394e+00  
   4.8114300  -1.455940e+00  1.927969e+00  -1.456167e+00  1.927697e+00  -8.524715e-01  2.196048e+00  
   4.8324299  -1.444891e+00  1.821628e+00  -1.445096e+00  1.821342e+00  -8.651040e-01  2.123058e+00  
   4.8524299  -1.427642e+00  1.728925e+00  -1.427827e+00  1.728626e+00  -8.720798e-01  2.057853e+00  
   4.8734298  -1.404076e+00  1.640807e+00  -1.404240e+00  1.640493e+00  -8.748783e-01  1.994057e+00  
   4.8944302  -1.376443e+00  1.562048e+00  -1.376586e+00  1.561720e+00  -8.737785e-01  1.935086e+00  
   4.9154301  -1.346110e+00  1.492321e+00  -1.346232e+00  1.491979e+00  -8.694618e-01  1.880896e+00  
   4.9364300  -1.314247e+00  1.431109e+00  -1.314349e+00  1.430752e+00  -8.625401e-01  1.831363e+00  
   4.9574299  -1.281819e+00  1.377767e+00  -1.281899e+00  1.377396e+00  -8.535548e-01  1.786308e+00  
   4.9774299  -1.251110e+00  1.333632e+00  -1.251170e+00  1.333247e+00  -8.435135e-01  1.747357e+00  
   4.9984298  -1.219615e+00  1.293579e+00  -1.219653e+00  1.293179e+00  -8.318058e-01  1.710370e+00  
