w Re-xx Im-xx Re-yy Im-yy Re-zz Im-zz
# Gaussian absolute broadening  0.15 [eV]
   0.0000000  7.676557e-01  8.812271e-05  7.676535e-01  8.813705e-05  7.271678e-01  7.948861e-05  
   0.0200000  7.677553e-01  9.431340e-05  7.677532e-01  9.432842e-05  7.272577e-01  8.507105e-05  
   0.0410000  7.678739e-01  1.013679e-04  7.678719e-01  1.013836e-04  7.273645e-01  9.143222e-05  
   0.0620000  7.680088e-01  1.090264e-04  7.680067e-01  1.090428e-04  7.274864e-01  9.833773e-05  
   0.0830000  7.681621e-01  1.173226e-04  7.681601e-01  1.173397e-04  7.276245e-01  1.058179e-04  
   0.1040000  7.683359e-01  1.262859e-04  7.683339e-01  1.263037e-04  7.277814e-01  1.138992e-04  
   0.1240000  7.685224e-01  1.354638e-04  7.685204e-01  1.354822e-04  7.279494e-01  1.221735e-04  
   0.1450000  7.687424e-01  1.457892e-04  7.687402e-01  1.458081e-04  7.281479e-01  1.314816e-04  
   0.1660000  7.689894e-01  1.568265e-04  7.689874e-01  1.568458e-04  7.283707e-01  1.414308e-04  
   0.1870000  7.692655e-01  1.685720e-04  7.692634e-01  1.685918e-04  7.286198e-01  1.520177e-04  
   0.2080000  7.695730e-01  1.810114e-04  7.695706e-01  1.810315e-04  7.288967e-01  1.632288e-04  
   0.2290000  7.699130e-01  1.941196e-04  7.699108e-01  1.941399e-04  7.292035e-01  1.750415e-04  
   0.2490000  7.702692e-01  2.071930e-04  7.702671e-01  2.072134e-04  7.295245e-01  1.868217e-04  
   0.2700000  7.706779e-01  2.214975e-04  7.706758e-01  2.215177e-04  7.298930e-01  1.997094e-04  
   0.2910000  7.711233e-01  2.363441e-04  7.711213e-01  2.363641e-04  7.302948e-01  2.130839e-04  
   0.3120000  7.716064e-01  2.516795e-04  7.716045e-01  2.516992e-04  7.307303e-01  2.268965e-04  
   0.3330000  7.721274e-01  2.674485e-04  7.721255e-01  2.674677e-04  7.312001e-01  2.410976e-04  
   0.3540000  7.726870e-01  2.835981e-04  7.726850e-01  2.836165e-04  7.317044e-01  2.556388e-04  
   0.3740000  7.732555e-01  2.992869e-04  7.732536e-01  2.993047e-04  7.322170e-01  2.697624e-04  
   0.3950000  7.738901e-01  3.160411e-04  7.738882e-01  3.160582e-04  7.327886e-01  2.848424e-04  
   0.4160000  7.745625e-01  3.330459e-04  7.745607e-01  3.330622e-04  7.333950e-01  3.001445e-04  
   0.4374300  7.752892e-01  3.506251e-04  7.752872e-01  3.506406e-04  7.340496e-01  3.159603e-04  
   0.4574300  7.760023e-01  3.672149e-04  7.760006e-01  3.672297e-04  7.346925e-01  3.308823e-04  
   0.4784300  7.767888e-01  3.848080e-04  7.767871e-01  3.848219e-04  7.354012e-01  3.467029e-04  
   0.4994300  7.776132e-01  4.025670e-04  7.776115e-01  4.025803e-04  7.361439e-01  3.626687e-04  
   0.5204300  7.784761e-01  4.204849e-04  7.784742e-01  4.204975e-04  7.369209e-01  3.787729e-04  
   0.5414300  7.793767e-01  4.385580e-04  7.793750e-01  4.385701e-04  7.377324e-01  3.950121e-04  
   0.5614300  7.802706e-01  4.559149e-04  7.802690e-01  4.559264e-04  7.385377e-01  4.106032e-04  
   0.5824300  7.812471e-01  4.742928e-04  7.812455e-01  4.743040e-04  7.394170e-01  4.271066e-04  
   0.6034300  7.822620e-01  4.928308e-04  7.822606e-01  4.928415e-04  7.403308e-01  4.437486e-04  
   0.6244300  7.833167e-01  5.115344e-04  7.833153e-01  5.115449e-04  7.412806e-01  4.605336e-04  
   0.6454300  7.844108e-01  5.304088e-04  7.844093e-01  5.304191e-04  7.422655e-01  4.774662e-04  
   0.6664300  7.855451e-01  5.494602e-04  7.855439e-01  5.494703e-04  7.432864e-01  4.945516e-04  
   0.6864300  7.866621e-01  5.677750e-04  7.866609e-01  5.677851e-04  7.442919e-01  5.109705e-04  
   0.7074300  7.878751e-01  5.871913e-04  7.878739e-01  5.872013e-04  7.453836e-01  5.283706e-04  
   0.7284300  7.891288e-01  6.068051e-04  7.891276e-01  6.068150e-04  7.465116e-01  5.459408e-04  
   0.7494300  7.904242e-01  6.266237e-04  7.904232e-01  6.266338e-04  7.476771e-01  5.636881e-04  
   0.7704300  7.917613e-01  6.466549e-04  7.917603e-01  6.466651e-04  7.488797e-01  5.816184e-04  
   0.7914300  7.931406e-01  6.669069e-04  7.931396e-01  6.669173e-04  7.501203e-01  5.997383e-04  
   0.8114300  7.944939e-01  6.864066e-04  7.944928e-01  6.864175e-04  7.513370e-01  6.171786e-04  
   0.8324300  7.959567e-01  7.071131e-04  7.959558e-01  7.071245e-04  7.526525e-01  6.356902e-04  
   0.8540300  7.975076e-01  7.286684e-04  7.975067e-01  7.286803e-04  7.540466e-01  6.549522e-04  
   0.8740300  7.989849e-01  7.488676e-04  7.989839e-01  7.488804e-04  7.553743e-01  6.729944e-04  
   0.8950300  8.005800e-01  7.703359e-04  8.005791e-01  7.703495e-04  7.568077e-01  6.921613e-04  
   0.9160300  8.022199e-01  7.920792e-04  8.022192e-01  7.920939e-04  7.582813e-01  7.115650e-04  
   0.9370300  8.039063e-01  8.141077e-04  8.039057e-01  8.141238e-04  7.597960e-01  7.312138e-04  
   0.9580300  8.056390e-01  8.364326e-04  8.056383e-01  8.364502e-04  7.613522e-01  7.511167e-04  
   0.9780300  8.073334e-01  8.579805e-04  8.073329e-01  8.579995e-04  7.628736e-01  7.703176e-04  
   0.9990300  8.091588e-01  8.809164e-04  8.091584e-01  8.809370e-04  7.645125e-01  7.907450e-04  
   1.0200300  8.110331e-01  9.041818e-04  8.110327e-01  9.042040e-04  7.661948e-01  8.114552e-04  
   1.0410300  8.129569e-01  9.277890e-04  8.129566e-01  9.278134e-04  7.679211e-01  8.324582e-04  
   1.0620300  8.149307e-01  9.517500e-04  8.149304e-01  9.517763e-04  7.696919e-01  8.537643e-04  
   1.0830300  8.169551e-01  9.760772e-04  8.169551e-01  9.761057e-04  7.715076e-01  8.753838e-04  
   1.1030300  8.189310e-01  9.995976e-04  8.189309e-01  9.996281e-04  7.732796e-01  8.962751e-04  
   1.1240300  8.210568e-01  1.024677e-03  8.210568e-01  1.024709e-03  7.751855e-01  9.185375e-04  
   1.1450300  8.232356e-01  1.050160e-03  8.232357e-01  1.050195e-03  7.771382e-01  9.411466e-04  
   1.1660300  8.254685e-01  1.076063e-03  8.254687e-01  1.076101e-03  7.791391e-01  9.641130e-04  
   1.1870300  8.277560e-01  1.102399e-03  8.277566e-01  1.102439e-03  7.811886e-01  9.874493e-04  
   1.2080300  8.300995e-01  1.129183e-03  8.301000e-01  1.129226e-03  7.832875e-01  1.011169e-03  
   1.2280300  8.323835e-01  1.155123e-03  8.323841e-01  1.155168e-03  7.853326e-01  1.034126e-03  
   1.2490300  8.348380e-01  1.182829e-03  8.348386e-01  1.182877e-03  7.875298e-01  1.058630e-03  
   1.2706300  8.374243e-01  1.211847e-03  8.374251e-01  1.211897e-03  7.898440e-01  1.084279e-03  
   1.2906300  8.398749e-01  1.239202e-03  8.398757e-01  1.239254e-03  7.920364e-01  1.108441e-03  
   1.3116300  8.425077e-01  1.268447e-03  8.425086e-01  1.268501e-03  7.943912e-01  1.134255e-03  
   1.3326300  8.452019e-01  1.298245e-03  8.452031e-01  1.298302e-03  7.967999e-01  1.160541e-03  
   1.3536299  8.479595e-01  1.328619e-03  8.479607e-01  1.328678e-03  7.992646e-01  1.187315e-03  
   1.3746300  8.507818e-01  1.359590e-03  8.507829e-01  1.359652e-03  8.017861e-01  1.214596e-03  
   1.3946300  8.535305e-01  1.389663e-03  8.535320e-01  1.389726e-03  8.042416e-01  1.241066e-03  
   1.4156300  8.564823e-01  1.421865e-03  8.564840e-01  1.421931e-03  8.068773e-01  1.269392e-03  
   1.4366300  8.595024e-01  1.454735e-03  8.595042e-01  1.454802e-03  8.095730e-01  1.298281e-03  
   1.4576300  8.625928e-01  1.488295e-03  8.625947e-01  1.488365e-03  8.123304e-01  1.327756e-03  
   1.4786299  8.657545e-01  1.522573e-03  8.657567e-01  1.522645e-03  8.151507e-01  1.357837e-03  
   1.4996300  8.689891e-01  1.557595e-03  8.689913e-01  1.557670e-03  8.180349e-01  1.388547e-03  
   1.5196300  8.721385e-01  1.591668e-03  8.721409e-01  1.591744e-03  8.208421e-01  1.418400e-03  
   1.5406300  8.755199e-01  1.628226e-03  8.755223e-01  1.628304e-03  8.238546e-01  1.450406e-03  
   1.5616300  8.789788e-01  1.665617e-03  8.789817e-01  1.665698e-03  8.269355e-01  1.483112e-03  
   1.5826300  8.825170e-01  1.703871e-03  8.825199e-01  1.703955e-03  8.300853e-01  1.516545e-03  
   1.6036299  8.861365e-01  1.743025e-03  8.861394e-01  1.743112e-03  8.333062e-01  1.550733e-03  
   1.6246300  8.898389e-01  1.783115e-03  8.898424e-01  1.783204e-03  8.365995e-01  1.585705e-03  
   1.6446300  8.934437e-01  1.822200e-03  8.934469e-01  1.822291e-03  8.398047e-01  1.619768e-03  
   1.6656300  8.973140e-01  1.864229e-03  8.973175e-01  1.864323e-03  8.432439e-01  1.656361e-03  
   1.6872300  9.013881e-01  1.908564e-03  9.013919e-01  1.908662e-03  8.468631e-01  1.694920e-03  
   1.7072300  9.052461e-01  1.950657e-03  9.052505e-01  1.950759e-03  8.502887e-01  1.731488e-03  
   1.7282300  9.093891e-01  1.995984e-03  9.093935e-01  1.996089e-03  8.539656e-01  1.770818e-03  
   1.7492300  9.136279e-01  2.042520e-03  9.136329e-01  2.042627e-03  8.577255e-01  1.811144e-03  
   1.7702301  9.179658e-01  2.090325e-03  9.179705e-01  2.090437e-03  8.615713e-01  1.852511e-03  
   1.7912300  9.224052e-01  2.139462e-03  9.224103e-01  2.139578e-03  8.655051e-01  1.894966e-03  
   1.8112299  9.267303e-01  2.187561e-03  9.267358e-01  2.187680e-03  8.693357e-01  1.936454e-03  
   1.8322300  9.313765e-01  2.239503e-03  9.313819e-01  2.239627e-03  8.734483e-01  1.981177e-03  
   1.8532300  9.361333e-01  2.292995e-03  9.361389e-01  2.293124e-03  8.776565e-01  2.027142e-03  
   1.8742300  9.410034e-01  2.348127e-03  9.410093e-01  2.348260e-03  8.819625e-01  2.074410e-03  
   1.8952301  9.459906e-01  2.404991e-03  9.459970e-01  2.405129e-03  8.863696e-01  2.123048e-03  
   1.9162300  9.510984e-01  2.463690e-03  9.511049e-01  2.463834e-03  8.908799e-01  2.173124e-03  
   1.9362299  9.560775e-01  2.521404e-03  9.560841e-01  2.521553e-03  8.952743e-01  2.222222e-03  
   1.9572300  9.614300e-01  2.584024e-03  9.614367e-01  2.584178e-03  8.999956e-01  2.275336e-03  
   1.9782300  9.669144e-01  2.648848e-03  9.669219e-01  2.649009e-03  9.048297e-01  2.330139e-03  
   1.9992300  9.725336e-01  2.716026e-03  9.725415e-01  2.716195e-03  9.097794e-01  2.386738e-03  
   2.0202301  9.782934e-01  2.785729e-03  9.783015e-01  2.785904e-03  9.148492e-01  2.445251e-03  
   2.0412300  9.841968e-01  2.858142e-03  9.842053e-01  2.858324e-03  9.200423e-01  2.505811e-03  
   2.0612299  9.899575e-01  2.929815e-03  9.899661e-01  2.930006e-03  9.251062e-01  2.565531e-03  
   2.0822301  9.961566e-01  3.008138e-03  9.961659e-01  3.008337e-03  9.305515e-01  2.630548e-03  
   2.1038301  1.002699e+00  3.092243e-03  1.002709e+00  3.092452e-03  9.362944e-01  2.700098e-03  
   2.1238301  1.008913e+00  3.173586e-03  1.008923e+00  3.173804e-03  9.417442e-01  2.767124e-03  
   2.1448300  1.015604e+00  3.262886e-03  1.015614e+00  3.263114e-03  9.476089e-01  2.840465e-03  
   2.1658299  1.022472e+00  3.356508e-03  1.022483e+00  3.356748e-03  9.536229e-01  2.917122e-03  
   2.1868300  1.029524e+00  3.454829e-03  1.029536e+00  3.455082e-03  9.597940e-01  2.997417e-03  
   2.2078300  1.036767e+00  3.558250e-03  1.036779e+00  3.558517e-03  9.661258e-01  3.081701e-03  
   2.2278299  1.043850e+00  3.661897e-03  1.043862e+00  3.662175e-03  9.723130e-01  3.166041e-03  
   2.2488301  1.051488e+00  3.776588e-03  1.051501e+00  3.776880e-03  9.789792e-01  3.259287e-03  
   2.2698300  1.059340e+00  3.897782e-03  1.059354e+00  3.898090e-03  9.858258e-01  3.357794e-03  
   2.2908299  1.067416e+00  4.026035e-03  1.067430e+00  4.026359e-03  9.928609e-01  3.462084e-03  
   2.3118300  1.075724e+00  4.161939e-03  1.075739e+00  4.162279e-03  1.000092e+00  3.572709e-03  
   2.3328300  1.084275e+00  4.306131e-03  1.084290e+00  4.306489e-03  1.007525e+00  3.690277e-03  
   2.3528299  1.092653e+00  4.451794e-03  1.092669e+00  4.452171e-03  1.014801e+00  3.809298e-03  
   2.3738301  1.101708e+00  4.614221e-03  1.101724e+00  4.614620e-03  1.022656e+00  3.942361e-03  
   2.3948300  1.111038e+00  4.787170e-03  1.111055e+00  4.787591e-03  1.030741e+00  4.084465e-03  
   2.4158299  1.120656e+00  4.971558e-03  1.120674e+00  4.972001e-03  1.039065e+00  4.236457e-03  
   2.4368300  1.130577e+00  5.168391e-03  1.130595e+00  5.168857e-03  1.047639e+00  4.399261e-03  
   2.4578300  1.140815e+00  5.378800e-03  1.140834e+00  5.379292e-03  1.056476e+00  4.573885e-03  
   2.4778299  1.150874e+00  5.592968e-03  1.150895e+00  5.593489e-03  1.065146e+00  4.752210e-03  
   2.4988301  1.161779e+00  5.833690e-03  1.161800e+00  5.834243e-03  1.074531e+00  4.953261e-03  
   2.5204301  1.173380e+00  6.099903e-03  1.173403e+00  6.100491e-03  1.084499e+00  5.176241e-03  
   2.5404301  1.184491e+00  6.364955e-03  1.184514e+00  6.365578e-03  1.094029e+00  5.398782e-03  
   2.5614300  1.196560e+00  6.664520e-03  1.196584e+00  6.665187e-03  1.104362e+00  5.650764e-03  
   2.5824299  1.209065e+00  6.988287e-03  1.209090e+00  6.989002e-03  1.115047e+00  5.923427e-03  
   2.6034300  1.222037e+00  7.339162e-03  1.222064e+00  7.339931e-03  1.126108e+00  6.219019e-03  
   2.6244299  1.235504e+00  7.720596e-03  1.235532e+00  7.721430e-03  1.137565e+00  6.540116e-03  
   2.6444299  1.248823e+00  8.116158e-03  1.248852e+00  8.117059e-03  1.148867e+00  6.872441e-03  
   2.6654301  1.263361e+00  8.570454e-03  1.263391e+00  8.571438e-03  1.161172e+00  7.252739e-03  
   2.6864300  1.278507e+00  9.071226e-03  1.278539e+00  9.072305e-03  1.173953e+00  7.669569e-03  
   2.7074299  1.294311e+00  9.627167e-03  1.294344e+00  9.628356e-03  1.187245e+00  8.128542e-03  
   2.7284300  1.310826e+00  1.024978e-02  1.310861e+00  1.025110e-02  1.201087e+00  8.636792e-03  
   2.7494299  1.328114e+00  1.095446e-02  1.328151e+00  1.095594e-02  1.215519e+00  9.203492e-03  
   2.7694299  1.345359e+00  1.172089e-02  1.345398e+00  1.172254e-02  1.229854e+00  9.808450e-03  
   2.7904301  1.364363e+00  1.265259e-02  1.364404e+00  1.265447e-02  1.245579e+00  1.052706e-02  
   2.8114300  1.384371e+00  1.375145e-02  1.384414e+00  1.375362e-02  1.262049e+00  1.135097e-02  
   2.8324299  1.405481e+00  1.506805e-02  1.405527e+00  1.507058e-02  1.279330e+00  1.230650e-02  
   2.8534300  1.427801e+00  1.666974e-02  1.427850e+00  1.667273e-02  1.297495e+00  1.342794e-02  
   2.8744299  1.451446e+00  1.864512e-02  1.451498e+00  1.864871e-02  1.316623e+00  1.475965e-02  
   2.8944299  1.475311e+00  2.097875e-02  1.475366e+00  2.098306e-02  1.335816e+00  1.627561e-02  
   2.9154301  1.501902e+00  2.404411e-02  1.501962e+00  2.404940e-02  1.357085e+00  1.819729e-02  
   2.9370301  1.531023e+00  2.804360e-02  1.531086e+00  2.805020e-02  1.380261e+00  2.062200e-02  
   2.9570301  1.559689e+00  3.272168e-02  1.559757e+00  3.272982e-02  1.402991e+00  2.338047e-02  
   2.9780300  1.591642e+00  3.890258e-02  1.591715e+00  3.891277e-02  1.428279e+00  2.694718e-02  
   2.9990301  1.625553e+00  4.669268e-02  1.625631e+00  4.670542e-02  1.455124e+00  3.137367e-02  
   3.0200300  1.661436e+00  5.645006e-02  1.661520e+00  5.646596e-02  1.483619e+00  3.687224e-02  
   3.0410299  1.699245e+00  6.857220e-02  1.699335e+00  6.859197e-02  1.513843e+00  4.369588e-02  
   3.0610299  1.736933e+00  8.270569e-02  1.737029e+00  8.272976e-02  1.544280e+00  5.169660e-02  
   3.0820301  1.778066e+00  1.006870e-01  1.778168e+00  1.007164e-01  1.577984e+00  6.199836e-02  
   3.1030300  1.820494e+00  1.223138e-01  1.820601e+00  1.223492e-01  1.613432e+00  7.461742e-02  
   3.1240301  1.863806e+00  1.479929e-01  1.863919e+00  1.480350e-01  1.650519e+00  8.996216e-02  
   3.1450300  1.907484e+00  1.780733e-01  1.907601e+00  1.781228e-01  1.689051e+00  1.084606e-01  
   3.1660299  1.950920e+00  2.128209e-01  1.951041e+00  2.128782e-01  1.728743e+00  1.305448e-01  
   3.1860299  1.991434e+00  2.503954e-01  1.991558e+00  2.504604e-01  1.767271e+00  1.552900e-01  
   3.2070301  2.032372e+00  2.945769e-01  2.032497e+00  2.946501e-01  1.808013e+00  1.855263e-01  
   3.2280300  2.070926e+00  3.434777e-01  2.071052e+00  3.435589e-01  1.848459e+00  2.204122e-01  
   3.2490301  2.106363e+00  3.968177e-01  2.106486e+00  3.969062e-01  1.887922e+00  2.601426e-01  
   3.2700300  2.138010e+00  4.541597e-01  2.138128e+00  4.542553e-01  1.925635e+00  3.047781e-01  
   3.2910299  2.165293e+00  5.149290e-01  2.165404e+00  5.150305e-01  1.960787e+00  3.542220e-01  
   3.3110299  2.186814e+00  5.753608e-01  2.186918e+00  5.754668e-01  1.991135e+00  4.055345e-01  
   3.3320301  2.204454e+00  6.407604e-01  2.204549e+00  6.408697e-01  2.018959e+00  4.634132e-01  
   3.3536301  2.217188e+00  7.092717e-01  2.217270e+00  7.093832e-01  2.042528e+00  5.265671e-01  
   3.3736300  2.224142e+00  7.730808e-01  2.224211e+00  7.731933e-01  2.059237e+00  5.875770e-01  
   3.3946300  2.226660e+00  8.397346e-01  2.226712e+00  8.398470e-01  2.071084e+00  6.533667e-01  
   3.4156301  2.224634e+00  9.053779e-01  2.224671e+00  9.054895e-01  2.076883e+00  7.199335e-01  
   3.4366300  2.218537e+00  9.694579e-01  2.218558e+00  9.695680e-01  2.076633e+00  7.862254e-01  
   3.4576299  2.208905e+00  1.031558e+00  2.208909e+00  1.031666e+00  2.070565e+00  8.512110e-01  
   3.4776299  2.196960e+00  1.088608e+00  2.196948e+00  1.088714e+00  2.059785e+00  9.110100e-01  
   3.4986300  2.182026e+00  1.146175e+00  2.181997e+00  1.146280e+00  2.043827e+00  9.708015e-01  
   3.5196300  2.165126e+00  1.201324e+00  2.165079e+00  1.201427e+00  2.023896e+00  1.026871e+00  
   3.5406301  2.146672e+00  1.254123e+00  2.146610e+00  1.254225e+00  2.000887e+00  1.078766e+00  
   3.5616300  2.126983e+00  1.304693e+00  2.126907e+00  1.304795e+00  1.975740e+00  1.126255e+00  
   3.5826299  2.106287e+00  1.353188e+00  2.106197e+00  1.353288e+00  1.949376e+00  1.169338e+00  
   3.6026299  2.085770e+00  1.397576e+00  2.085667e+00  1.397676e+00  1.923916e+00  1.206464e+00  
   3.6236300  2.063461e+00  1.442408e+00  2.063348e+00  1.442508e+00  1.897511e+00  1.241717e+00  
   3.6446300  2.040414e+00  1.485488e+00  2.040291e+00  1.485587e+00  1.872003e+00  1.273658e+00  
   3.6656301  2.016679e+00  1.526830e+00  2.016548e+00  1.526928e+00  1.847783e+00  1.302888e+00  
   3.6866300  1.992331e+00  1.566400e+00  1.992195e+00  1.566498e+00  1.825063e+00  1.330028e+00  
   3.7076299  1.967505e+00  1.604128e+00  1.967366e+00  1.604223e+00  1.803890e+00  1.355668e+00  
   3.7276299  1.943611e+00  1.638271e+00  1.943471e+00  1.638364e+00  1.785086e+00  1.379166e+00  
   3.7486300  1.918539e+00  1.672181e+00  1.918402e+00  1.672273e+00  1.766613e+00  1.403263e+00  
   3.7702301  1.893161e+00  1.704968e+00  1.893031e+00  1.705059e+00  1.748757e+00  1.427724e+00  
   3.7902300  1.870447e+00  1.733490e+00  1.870325e+00  1.733580e+00  1.733077e+00  1.450228e+00  
   3.8112299  1.847884e+00  1.761699e+00  1.847773e+00  1.761789e+00  1.717367e+00  1.473759e+00  
   3.8322301  1.827130e+00  1.788413e+00  1.827033e+00  1.788506e+00  1.702377e+00  1.497163e+00  
   3.8532300  1.808659e+00  1.814060e+00  1.808578e+00  1.814157e+00  1.688167e+00  1.520381e+00  
   3.8742299  1.792878e+00  1.839214e+00  1.792817e+00  1.839315e+00  1.674904e+00  1.543362e+00  
   3.8942299  1.780627e+00  1.863353e+00  1.780586e+00  1.863462e+00  1.663390e+00  1.565027e+00  
   3.9152300  1.770834e+00  1.889677e+00  1.770815e+00  1.889795e+00  1.652787e+00  1.587629e+00  
   3.9362299  1.764171e+00  1.917891e+00  1.764175e+00  1.918021e+00  1.644066e+00  1.610287e+00  
   3.9572301  1.760430e+00  1.948953e+00  1.760456e+00  1.949097e+00  1.637572e+00  1.633349e+00  
   3.9782300  1.759184e+00  1.983820e+00  1.759231e+00  1.983979e+00  1.633600e+00  1.657305e+00  
   3.9992299  1.759789e+00  2.023413e+00  1.759857e+00  2.023589e+00  1.632338e+00  1.682782e+00  
   4.0192299  1.761307e+00  2.066276e+00  1.761392e+00  2.066468e+00  1.633698e+00  1.709145e+00  
   4.0402298  1.762886e+00  2.117361e+00  1.762985e+00  2.117571e+00  1.637691e+00  1.739833e+00  
   4.0612302  1.763264e+00  2.175176e+00  1.763373e+00  2.175405e+00  1.643978e+00  1.774477e+00  
   4.0822301  1.761107e+00  2.240009e+00  1.761222e+00  2.240256e+00  1.651997e+00  1.813972e+00  
   4.1032300  1.755001e+00  2.311899e+00  1.755117e+00  2.312164e+00  1.660943e+00  1.859169e+00  
   4.1242299  1.743505e+00  2.390615e+00  1.743615e+00  2.390896e+00  1.669769e+00  1.910820e+00  
   4.1442299  1.726243e+00  2.471464e+00  1.726343e+00  2.471759e+00  1.676900e+00  1.966551e+00  
   4.1652298  1.700196e+00  2.561784e+00  1.700280e+00  2.562092e+00  1.681630e+00  2.032294e+00  
   4.1868300  1.663669e+00  2.659423e+00  1.663730e+00  2.659741e+00  1.681851e+00  2.107733e+00  
   4.2068300  1.620054e+00  2.752932e+00  1.620089e+00  2.753258e+00  1.676215e+00  2.184437e+00  
   4.2278299  1.563286e+00  2.852919e+00  1.563290e+00  2.853251e+00  1.662521e+00  2.271482e+00  
   4.2488298  1.494658e+00  2.953172e+00  1.494626e+00  2.953506e+00  1.639143e+00  2.364210e+00  
   4.2698302  1.413777e+00  3.051968e+00  1.413707e+00  3.052305e+00  1.604477e+00  2.461236e+00  
   4.2908301  1.320516e+00  3.147505e+00  1.320405e+00  3.147839e+00  1.557158e+00  2.560775e+00  
   4.3108301  1.220297e+00  3.233788e+00  1.220148e+00  3.234116e+00  1.499389e+00  2.655992e+00  
   4.3318300  1.103469e+00  3.317681e+00  1.103278e+00  3.318000e+00  1.424813e+00  2.754132e+00  
   4.3528299  9.753854e-01  3.392938e+00  9.751549e-01  3.393247e+00  1.335872e+00  2.847904e+00  
   4.3738298  8.369346e-01  3.457842e+00  8.366667e-01  3.458137e+00  1.232998e+00  2.934737e+00  
   4.3948302  6.892476e-01  3.510778e+00  6.889461e-01  3.511057e+00  1.117180e+00  3.012139e+00  
   4.4158301  5.337054e-01  3.550278e+00  5.333747e-01  3.550538e+00  9.899555e-01  3.077832e+00  
   4.4358301  3.797275e-01  3.574235e+00  3.793735e-01  3.574472e+00  8.600155e-01  3.127737e+00  
   4.4568300  2.136572e-01  3.584027e+00  2.132850e-01  3.584239e+00  7.166597e-01  3.165404e+00  
   4.4778299  4.505579e-02  3.577304e+00  4.467188e-02  3.577491e+00  5.688251e-01  3.187010e+00  
   4.4988298  -1.239157e-01  3.553593e+00  -1.243044e-01  3.553748e+00  4.192936e-01  3.192139e+00  
   4.5198302  -2.909811e-01  3.512770e+00  -2.913677e-01  3.512894e+00  2.708340e-01  3.180943e+00  
   4.5408301  -4.537885e-01  3.455107e+00  -4.541666e-01  3.455199e+00  1.260791e-01  3.154127e+00  
   4.5608301  -6.027480e-01  3.385160e+00  -6.031122e-01  3.385220e+00  -6.176982e-03  3.115139e+00  
   4.5818300  -7.505841e-01  3.296987e+00  -7.509286e-01  3.297015e+00  -1.372233e-01  3.061586e+00  
   4.6034298  -8.913180e-01  3.192123e+00  -8.916374e-01  3.192119e+00  -2.619938e-01  2.994933e+00  
   4.6234298  -1.009668e+00  3.083977e+00  -1.009961e+00  3.083947e+00  -3.673722e-01  2.924646e+00  
   4.6444302  -1.120110e+00  2.961124e+00  -1.120374e+00  2.961070e+00  -4.668108e-01  2.843995e+00  
   4.6654301  -1.215322e+00  2.831155e+00  -1.215554e+00  2.831079e+00  -5.544503e-01  2.758342e+00  
   4.6864300  -1.294684e+00  2.696642e+00  -1.294887e+00  2.696553e+00  -6.303322e-01  2.669621e+00  
   4.7074299  -1.358070e+00  2.560194e+00  -1.358245e+00  2.560095e+00  -6.947976e-01  2.579592e+00  
   4.7274299  -1.403906e+00  2.430747e+00  -1.404055e+00  2.430642e+00  -7.461053e-01  2.494050e+00  
   4.7484298  -1.437532e+00  2.297584e+00  -1.437658e+00  2.297479e+00  -7.901016e-01  2.405705e+00  
   4.7694302  -1.457454e+00  2.169246e+00  -1.457560e+00  2.169146e+00  -8.248273e-01  2.319934e+00  
   4.7904301  -1.465126e+00  2.047418e+00  -1.465215e+00  2.047328e+00  -8.512046e-01  2.237593e+00  
   4.8114300  -1.462196e+00  1.933384e+00  -1.462273e+00  1.933306e+00  -8.701823e-01  2.159318e+00  
   4.8324299  -1.450407e+00  1.828024e+00  -1.450476e+00  1.827961e+00  -8.827004e-01  2.085557e+00  
   4.8524299  -1.432534e+00  1.736202e+00  -1.432598e+00  1.736156e+00  -8.894465e-01  2.019757e+00  
   4.8734298  -1.408384e+00  1.648888e+00  -1.408446e+00  1.648859e+00  -8.919183e-01  1.955467e+00  
   4.8944302  -1.380218e+00  1.570762e+00  -1.380280e+00  1.570750e+00  -8.904475e-01  1.896109e+00  
   4.9154301  -1.349381e+00  1.501465e+00  -1.349446e+00  1.501472e+00  -8.857579e-01  1.841600e+00  
   4.9364300  -1.317019e+00  1.440468e+00  -1.317088e+00  1.440492e+00  -8.784975e-01  1.791779e+00  
   4.9574299  -1.284072e+00  1.387127e+00  -1.284148e+00  1.387167e+00  -8.692377e-01  1.746425e+00  
   4.9774299  -1.252838e+00  1.342803e+00  -1.252920e+00  1.342856e+00  -8.590144e-01  1.707146e+00  
   4.9984298  -1.220742e+00  1.302369e+00  -1.220831e+00  1.302435e+00  -8.472131e-01  1.669737e+00  
