w Re-xx Im-xx Re-yy Im-yy Re-zz Im-zz
# Gaussian absolute broadening  0.15 [eV]
   0.0000000  7.699524e-01  8.892322e-05  7.699545e-01  8.892475e-05  7.250943e-01  7.886798e-05  
   0.0200000  7.700529e-01  9.516952e-05  7.700549e-01  9.517137e-05  7.251834e-01  8.440556e-05  
   0.0410000  7.701726e-01  1.022874e-04  7.701747e-01  1.022896e-04  7.252893e-01  9.071556e-05  
   0.0620000  7.703087e-01  1.100146e-04  7.703109e-01  1.100173e-04  7.254100e-01  9.756545e-05  
   0.0830000  7.704634e-01  1.183853e-04  7.704653e-01  1.183885e-04  7.255473e-01  1.049854e-04  
   0.1040000  7.706386e-01  1.274290e-04  7.706409e-01  1.274328e-04  7.257029e-01  1.130014e-04  
   0.1240000  7.708266e-01  1.366893e-04  7.708289e-01  1.366937e-04  7.258696e-01  1.212088e-04  
   0.1450000  7.710488e-01  1.471075e-04  7.710508e-01  1.471126e-04  7.260666e-01  1.304417e-04  
   0.1660000  7.712981e-01  1.582439e-04  7.713003e-01  1.582498e-04  7.262875e-01  1.403103e-04  
   0.1870000  7.715765e-01  1.700953e-04  7.715787e-01  1.701020e-04  7.265345e-01  1.508112e-04  
   0.2080000  7.718865e-01  1.826469e-04  7.718887e-01  1.826543e-04  7.268095e-01  1.619314e-04  
   0.2290000  7.722297e-01  1.958734e-04  7.722319e-01  1.958817e-04  7.271138e-01  1.736480e-04  
   0.2490000  7.725891e-01  2.090652e-04  7.725912e-01  2.090742e-04  7.274323e-01  1.853322e-04  
   0.2700000  7.730016e-01  2.234995e-04  7.730038e-01  2.235091e-04  7.277977e-01  1.981148e-04  
   0.2910000  7.734511e-01  2.384811e-04  7.734532e-01  2.384913e-04  7.281961e-01  2.113799e-04  
   0.3120000  7.739385e-01  2.539565e-04  7.739409e-01  2.539672e-04  7.286284e-01  2.250795e-04  
   0.3330000  7.744642e-01  2.698700e-04  7.744665e-01  2.698810e-04  7.290944e-01  2.391641e-04  
   0.3540000  7.750289e-01  2.861681e-04  7.750312e-01  2.861794e-04  7.295946e-01  2.535860e-04  
   0.3740000  7.756023e-01  3.020017e-04  7.756048e-01  3.020131e-04  7.301027e-01  2.675935e-04  
   0.3950000  7.762426e-01  3.189113e-04  7.762449e-01  3.189227e-04  7.306703e-01  2.825492e-04  
   0.4160000  7.769215e-01  3.360747e-04  7.769238e-01  3.360860e-04  7.312715e-01  2.977251e-04  
   0.4374300  7.776545e-01  3.538188e-04  7.776567e-01  3.538300e-04  7.319208e-01  3.134098e-04  
   0.4574300  7.783744e-01  3.705650e-04  7.783768e-01  3.705761e-04  7.325585e-01  3.282081e-04  
   0.4784300  7.791681e-01  3.883250e-04  7.791706e-01  3.883361e-04  7.332614e-01  3.438970e-04  
   0.4994300  7.800000e-01  4.062534e-04  7.800024e-01  4.062646e-04  7.339982e-01  3.597295e-04  
   0.5204300  7.808706e-01  4.243431e-04  7.808729e-01  4.243546e-04  7.347688e-01  3.756987e-04  
   0.5414300  7.817798e-01  4.425909e-04  7.817822e-01  4.426029e-04  7.355735e-01  3.918014e-04  
   0.5614300  7.826818e-01  4.601165e-04  7.826846e-01  4.601291e-04  7.363722e-01  4.072608e-04  
   0.5824300  7.836673e-01  4.786740e-04  7.836699e-01  4.786878e-04  7.372444e-01  4.236241e-04  
   0.6034300  7.846915e-01  4.973948e-04  7.846943e-01  4.974097e-04  7.381510e-01  4.401240e-04  
   0.6244300  7.857560e-01  5.162837e-04  7.857589e-01  5.163003e-04  7.390928e-01  4.567653e-04  
   0.6454300  7.868606e-01  5.353468e-04  7.868632e-01  5.353650e-04  7.400696e-01  4.735521e-04  
   0.6664300  7.880052e-01  5.545898e-04  7.880080e-01  5.546098e-04  7.410821e-01  4.904898e-04  
   0.6864300  7.891328e-01  5.730900e-04  7.891358e-01  5.731119e-04  7.420793e-01  5.067658e-04  
   0.7074300  7.903571e-01  5.927050e-04  7.903600e-01  5.927288e-04  7.431620e-01  5.240141e-04  
   0.7284300  7.916228e-01  6.125208e-04  7.916258e-01  6.125467e-04  7.442809e-01  5.414302e-04  
   0.7494300  7.929304e-01  6.325454e-04  7.929335e-01  6.325731e-04  7.454367e-01  5.590210e-04  
   0.7704300  7.942802e-01  6.527869e-04  7.942831e-01  6.528164e-04  7.466294e-01  5.767921e-04  
   0.7914300  7.956727e-01  6.732530e-04  7.956759e-01  6.732839e-04  7.478597e-01  5.947505e-04  
   0.8114300  7.970389e-01  6.929613e-04  7.970420e-01  6.929936e-04  7.490663e-01  6.120346e-04  
   0.8324300  7.985156e-01  7.138913e-04  7.985189e-01  7.139245e-04  7.503707e-01  6.303798e-04  
   0.8540300  8.000814e-01  7.356816e-04  8.000847e-01  7.357157e-04  7.517532e-01  6.494673e-04  
   0.8740300  8.015731e-01  7.561037e-04  8.015764e-01  7.561381e-04  7.530697e-01  6.673452e-04  
   0.8950300  8.031836e-01  7.778110e-04  8.031870e-01  7.778456e-04  7.544910e-01  6.863366e-04  
   0.9160300  8.048398e-01  7.997988e-04  8.048433e-01  7.998336e-04  7.559523e-01  7.055615e-04  
   0.9370300  8.065424e-01  8.220782e-04  8.065461e-01  8.221130e-04  7.574542e-01  7.250282e-04  
   0.9580300  8.082920e-01  8.446595e-04  8.082956e-01  8.446942e-04  7.589970e-01  7.447461e-04  
   0.9780300  8.100032e-01  8.664575e-04  8.100069e-01  8.664920e-04  7.605056e-01  7.637671e-04  
   0.9990300  8.118470e-01  8.896621e-04  8.118508e-01  8.896967e-04  7.621307e-01  7.840023e-04  
   1.0200300  8.137398e-01  9.132031e-04  8.137437e-01  9.132380e-04  7.637987e-01  8.045165e-04  
   1.0410300  8.156829e-01  9.370929e-04  8.156868e-01  9.371279e-04  7.655100e-01  8.253200e-04  
   1.0620300  8.176768e-01  9.613437e-04  8.176807e-01  9.613793e-04  7.672658e-01  8.464227e-04  
   1.0830300  8.197214e-01  9.859684e-04  8.197255e-01  9.860053e-04  7.690660e-01  8.678349e-04  
   1.1030300  8.217174e-01  1.009779e-03  8.217216e-01  1.009817e-03  7.708223e-01  8.885243e-04  
   1.1240300  8.238648e-01  1.035171e-03  8.238689e-01  1.035210e-03  7.727118e-01  9.105713e-04  
   1.1450300  8.260663e-01  1.060975e-03  8.260706e-01  1.061017e-03  7.746476e-01  9.329599e-04  
   1.1660300  8.283221e-01  1.087208e-03  8.283265e-01  1.087251e-03  7.766311e-01  9.557014e-04  
   1.1870300  8.306335e-01  1.113883e-03  8.306379e-01  1.113929e-03  7.786627e-01  9.788080e-04  
   1.2080300  8.330015e-01  1.141016e-03  8.330058e-01  1.141064e-03  7.807430e-01  1.002292e-03  
   1.2280300  8.353093e-01  1.167298e-03  8.353142e-01  1.167349e-03  7.827703e-01  1.025020e-03  
   1.2490300  8.377900e-01  1.195373e-03  8.377947e-01  1.195427e-03  7.849481e-01  1.049280e-03  
   1.2706300  8.404037e-01  1.224783e-03  8.404085e-01  1.224839e-03  7.872418e-01  1.074669e-03  
   1.2906300  8.428807e-01  1.252511e-03  8.428857e-01  1.252569e-03  7.894148e-01  1.098586e-03  
   1.3116300  8.455417e-01  1.282159e-03  8.455469e-01  1.282221e-03  7.917483e-01  1.124136e-03  
   1.3326300  8.482652e-01  1.312376e-03  8.482705e-01  1.312439e-03  7.941359e-01  1.150151e-03  
   1.3536299  8.510529e-01  1.343180e-03  8.510582e-01  1.343246e-03  7.965783e-01  1.176649e-03  
   1.3746300  8.539060e-01  1.374596e-03  8.539114e-01  1.374664e-03  7.990772e-01  1.203645e-03  
   1.3946300  8.566854e-01  1.405105e-03  8.566911e-01  1.405176e-03  8.015103e-01  1.229838e-03  
   1.4156300  8.596699e-01  1.437783e-03  8.596759e-01  1.437855e-03  8.041223e-01  1.257865e-03  
   1.4366300  8.627241e-01  1.471143e-03  8.627300e-01  1.471216e-03  8.067935e-01  1.286447e-03  
   1.4576300  8.658494e-01  1.505211e-03  8.658555e-01  1.505286e-03  8.095258e-01  1.315608e-03  
   1.4786299  8.690473e-01  1.540014e-03  8.690537e-01  1.540091e-03  8.123201e-01  1.345366e-03  
   1.4996300  8.723190e-01  1.575581e-03  8.723254e-01  1.575659e-03  8.151777e-01  1.375744e-03  
   1.5196300  8.755049e-01  1.610190e-03  8.755115e-01  1.610270e-03  8.179589e-01  1.405274e-03  
   1.5406300  8.789257e-01  1.647332e-03  8.789326e-01  1.647413e-03  8.209435e-01  1.436931e-03  
   1.5616300  8.824255e-01  1.685328e-03  8.824324e-01  1.685411e-03  8.239955e-01  1.469279e-03  
   1.5826300  8.860057e-01  1.724210e-03  8.860128e-01  1.724295e-03  8.271158e-01  1.502344e-03  
   1.6036299  8.896688e-01  1.764013e-03  8.896760e-01  1.764101e-03  8.303065e-01  1.536154e-03  
   1.6246300  8.934160e-01  1.804777e-03  8.934234e-01  1.804866e-03  8.335691e-01  1.570739e-03  
   1.6446300  8.970650e-01  1.844526e-03  8.970724e-01  1.844618e-03  8.367440e-01  1.604424e-03  
   1.6656300  9.009826e-01  1.887277e-03  9.009905e-01  1.887372e-03  8.401504e-01  1.640610e-03  
   1.6872300  9.051074e-01  1.932381e-03  9.051155e-01  1.932480e-03  8.437350e-01  1.678739e-03  
   1.7072300  9.090141e-01  1.975211e-03  9.090226e-01  1.975314e-03  8.471281e-01  1.714900e-03  
   1.7282300  9.132094e-01  2.021335e-03  9.132180e-01  2.021442e-03  8.507693e-01  1.753794e-03  
   1.7492300  9.175028e-01  2.068695e-03  9.175115e-01  2.068805e-03  8.544933e-01  1.793676e-03  
   1.7702301  9.218968e-01  2.117348e-03  9.219058e-01  2.117464e-03  8.583018e-01  1.834592e-03  
   1.7912300  9.263945e-01  2.167360e-03  9.264038e-01  2.167480e-03  8.621973e-01  1.876590e-03  
   1.8112299  9.307770e-01  2.216315e-03  9.307865e-01  2.216439e-03  8.659908e-01  1.917641e-03  
   1.8322300  9.354854e-01  2.269182e-03  9.354950e-01  2.269311e-03  8.700631e-01  1.961905e-03  
   1.8532300  9.403066e-01  2.323627e-03  9.403163e-01  2.323761e-03  8.742298e-01  2.007416e-03  
   1.8742300  9.452435e-01  2.379744e-03  9.452537e-01  2.379884e-03  8.784935e-01  2.054238e-03  
   1.8952301  9.503000e-01  2.437632e-03  9.503108e-01  2.437776e-03  8.828570e-01  2.102447e-03  
   1.9162300  9.554797e-01  2.497402e-03  9.554904e-01  2.497552e-03  8.873225e-01  2.152116e-03  
   1.9362299  9.605300e-01  2.556190e-03  9.605410e-01  2.556345e-03  8.916734e-01  2.200856e-03  
   1.9572300  9.659604e-01  2.620010e-03  9.659717e-01  2.620172e-03  8.963473e-01  2.253636e-03  
   1.9782300  9.715248e-01  2.686131e-03  9.715366e-01  2.686299e-03  9.011331e-01  2.308160e-03  
   1.9992300  9.772282e-01  2.754726e-03  9.772401e-01  2.754901e-03  9.060331e-01  2.364549e-03  
   2.0202301  9.830750e-01  2.825997e-03  9.830872e-01  2.826180e-03  9.110520e-01  2.422940e-03  
   2.0412300  9.890695e-01  2.900165e-03  9.890822e-01  2.900356e-03  9.161928e-01  2.483488e-03  
   2.0612299  9.949203e-01  2.973720e-03  9.949334e-01  2.973920e-03  9.212052e-01  2.543320e-03  
   2.0822301  1.001217e+00  3.054284e-03  1.001231e+00  3.054493e-03  9.265956e-01  2.608615e-03  
   2.1038301  1.007866e+00  3.141026e-03  1.007880e+00  3.141246e-03  9.322802e-01  2.678659e-03  
   2.1238301  1.014182e+00  3.225166e-03  1.014196e+00  3.225395e-03  9.376746e-01  2.746367e-03  
   2.1448300  1.020985e+00  3.317828e-03  1.021000e+00  3.318069e-03  9.434791e-01  2.820707e-03  
   2.1658299  1.027970e+00  3.415319e-03  1.027985e+00  3.415572e-03  9.494321e-01  2.898708e-03  
   2.1868300  1.035145e+00  3.518098e-03  1.035160e+00  3.518364e-03  9.555393e-01  2.980754e-03  
   2.2078300  1.042516e+00  3.626668e-03  1.042532e+00  3.626947e-03  9.618071e-01  3.067270e-03  
   2.2278299  1.049726e+00  3.735970e-03  1.049742e+00  3.736264e-03  9.679305e-01  3.154260e-03  
   2.2488301  1.057504e+00  3.857533e-03  1.057522e+00  3.857841e-03  9.745284e-01  3.250919e-03  
   2.2698300  1.065503e+00  3.986737e-03  1.065521e+00  3.987061e-03  9.813043e-01  3.353586e-03  
   2.2908299  1.073732e+00  4.124352e-03  1.073751e+00  4.124695e-03  9.882666e-01  3.462888e-03  
   2.3118300  1.082202e+00  4.271232e-03  1.082221e+00  4.271595e-03  9.954222e-01  3.579490e-03  
   2.3328300  1.090923e+00  4.428308e-03  1.090942e+00  4.428691e-03  1.002778e+00  3.704111e-03  
   2.3528299  1.099470e+00  4.588323e-03  1.099490e+00  4.588726e-03  1.009979e+00  3.830975e-03  
   2.3738301  1.108712e+00  4.768346e-03  1.108733e+00  4.768774e-03  1.017751e+00  3.973566e-03  
   2.3948300  1.118238e+00  4.961840e-03  1.118259e+00  4.962298e-03  1.025750e+00  4.126655e-03  
   2.4158299  1.128062e+00  5.170089e-03  1.128084e+00  5.170578e-03  1.033986e+00  4.291218e-03  
   2.4368300  1.138199e+00  5.394456e-03  1.138223e+00  5.394979e-03  1.042468e+00  4.468306e-03  
   2.4578300  1.148664e+00  5.636378e-03  1.148688e+00  5.636940e-03  1.051210e+00  4.659065e-03  
   2.4778299  1.158950e+00  5.884497e-03  1.158975e+00  5.885099e-03  1.059786e+00  4.854603e-03  
   2.4988301  1.170104e+00  6.165194e-03  1.170130e+00  6.165843e-03  1.069068e+00  5.075796e-03  
   2.5204301  1.181976e+00  6.477287e-03  1.182002e+00  6.477989e-03  1.078927e+00  5.321877e-03  
   2.5404301  1.193348e+00  6.789190e-03  1.193376e+00  6.789948e-03  1.088350e+00  5.568132e-03  
   2.5614300  1.205706e+00  7.142527e-03  1.205735e+00  7.143347e-03  1.098568e+00  5.847641e-03  
   2.5824299  1.218516e+00  7.524791e-03  1.218546e+00  7.525676e-03  1.109135e+00  6.150810e-03  
   2.6034300  1.231811e+00  7.939004e-03  1.231842e+00  7.939970e-03  1.120071e+00  6.480278e-03  
   2.6244299  1.245619e+00  8.388883e-03  1.245652e+00  8.389927e-03  1.131399e+00  6.839145e-03  
   2.6444299  1.259284e+00  8.854840e-03  1.259317e+00  8.855971e-03  1.142574e+00  7.211711e-03  
   2.6654301  1.274209e+00  9.389394e-03  1.274245e+00  9.390622e-03  1.154740e+00  7.639675e-03  
   2.6864300  1.289772e+00  9.978351e-03  1.289808e+00  9.979693e-03  1.167379e+00  8.110979e-03  
   2.7074299  1.306023e+00  1.063261e-02  1.306062e+00  1.063408e-02  1.180523e+00  8.632932e-03  
   2.7284300  1.323024e+00  1.136687e-02  1.323064e+00  1.136850e-02  1.194211e+00  9.214895e-03  
   2.7494299  1.340838e+00  1.220095e-02  1.340881e+00  1.220276e-02  1.208483e+00  9.868870e-03  
   2.7694299  1.358629e+00  1.311249e-02  1.358673e+00  1.311452e-02  1.222660e+00  1.057279e-02  
   2.7904301  1.378255e+00  1.422689e-02  1.378301e+00  1.422919e-02  1.238209e+00  1.141603e-02  
   2.8114300  1.398940e+00  1.554895e-02  1.398989e+00  1.555162e-02  1.254491e+00  1.239073e-02  
   2.8324299  1.420785e+00  1.714097e-02  1.420837e+00  1.714408e-02  1.271566e+00  1.352881e-02  
   2.8534300  1.443899e+00  1.908431e-02  1.443953e+00  1.908799e-02  1.289502e+00  1.487052e-02  
   2.8744299  1.468398e+00  2.148379e-02  1.468456e+00  2.148821e-02  1.308369e+00  1.646609e-02  
   2.8944299  1.493126e+00  2.431465e-02  1.493188e+00  2.431998e-02  1.327273e+00  1.827857e-02  
   2.9154301  1.520672e+00  2.801921e-02  1.520737e+00  2.802575e-02  1.348182e+00  2.056245e-02  
   2.9370301  1.550810e+00  3.282294e-02  1.550880e+00  3.283107e-02  1.370907e+00  2.341485e-02  
   2.9570301  1.580439e+00  3.839814e-02  1.580513e+00  3.840814e-02  1.393129e+00  2.661619e-02  
   2.9780300  1.613403e+00  4.569831e-02  1.613482e+00  4.571078e-02  1.417765e+00  3.068802e-02  
   2.9990301  1.648301e+00  5.480697e-02  1.648385e+00  5.482253e-02  1.443810e+00  3.564563e-02  
   3.0200300  1.685120e+00  6.609651e-02  1.685209e+00  6.611586e-02  1.471333e+00  4.167812e-02  
   3.0410299  1.723782e+00  7.997357e-02  1.723877e+00  7.999756e-02  1.500385e+00  4.900651e-02  
   3.0610299  1.762178e+00  9.598780e-02  1.762276e+00  9.601706e-02  1.529503e+00  5.742349e-02  
   3.0820301  1.803913e+00  1.161586e-01  1.804016e+00  1.161944e-01  1.561590e+00  6.804753e-02  
   3.1030300  1.846771e+00  1.401810e-01  1.846877e+00  1.402244e-01  1.595178e+00  8.081574e-02  
   3.1240301  1.890316e+00  1.684379e-01  1.890426e+00  1.684900e-01  1.630162e+00  9.607529e-02  
   3.1450300  1.934013e+00  2.012453e-01  1.934124e+00  2.013072e-01  1.666364e+00  1.141906e-01  
   3.1660299  1.977240e+00  2.388272e-01  1.977351e+00  2.388998e-01  1.703530e+00  1.355318e-01  
   3.1860299  2.017342e+00  2.791555e-01  2.017451e+00  2.792393e-01  1.739505e+00  1.591824e-01  
   3.2070301  2.057623e+00  3.262336e-01  2.057729e+00  3.263296e-01  1.777469e+00  1.878161e-01  
   3.2280300  2.095304e+00  3.779798e-01  2.095406e+00  3.780886e-01  1.815104e+00  2.205993e-01  
   3.2490301  2.129667e+00  4.340576e-01  2.129761e+00  4.341791e-01  1.851804e+00  2.577049e-01  
   3.2700300  2.160053e+00  4.939769e-01  2.160139e+00  4.941111e-01  1.886890e+00  2.991877e-01  
   3.2910299  2.185909e+00  5.571170e-01  2.185986e+00  5.572631e-01  1.919647e+00  3.449638e-01  
   3.3110299  2.205935e+00  6.195811e-01  2.206002e+00  6.197379e-01  1.948018e+00  3.923306e-01  
   3.3320301  2.221873e+00  6.868533e-01  2.221929e+00  6.870200e-01  1.974177e+00  4.456355e-01  
   3.3536301  2.232723e+00  7.569973e-01  2.232768e+00  7.571732e-01  1.996571e+00  5.036887e-01  
   3.3736300  2.237819e+00  8.220512e-01  2.237853e+00  8.222338e-01  2.012758e+00  5.596886e-01  
   3.3946300  2.238269e+00  8.897433e-01  2.238290e+00  8.899316e-01  2.024721e+00  6.200060e-01  
   3.4156301  2.234057e+00  9.561662e-01  2.234067e+00  9.563587e-01  2.031374e+00  6.809823e-01  
   3.4366300  2.225651e+00  1.020787e+00  2.225650e+00  1.020982e+00  2.032762e+00  7.416764e-01  
   3.4576299  2.213591e+00  1.083213e+00  2.213580e+00  1.083410e+00  2.029139e+00  8.011743e-01  
   3.4776299  2.199227e+00  1.140394e+00  2.199207e+00  1.140592e+00  2.021432e+00  8.559629e-01  
   3.4986300  2.181654e+00  1.197930e+00  2.181626e+00  1.198130e+00  2.009453e+00  9.108426e-01  
   3.5196300  2.162032e+00  1.252893e+00  2.161995e+00  1.253094e+00  1.994212e+00  9.624805e-01  
   3.5406301  2.140801e+00  1.305363e+00  2.140755e+00  1.305565e+00  1.976508e+00  1.010542e+00  
   3.5616300  2.118306e+00  1.355477e+00  2.118255e+00  1.355680e+00  1.957159e+00  1.054900e+00  
   3.5826299  2.094808e+00  1.403399e+00  2.094750e+00  1.403604e+00  1.936941e+00  1.095641e+00  
   3.6026299  2.071647e+00  1.447149e+00  2.071584e+00  1.447356e+00  1.917513e+00  1.131323e+00  
   3.6236300  2.046604e+00  1.491228e+00  2.046536e+00  1.491439e+00  1.897469e+00  1.165915e+00  
   3.6446300  2.020867e+00  1.533492e+00  2.020797e+00  1.533705e+00  1.878186e+00  1.198070e+00  
   3.6656301  1.994467e+00  1.573977e+00  1.994395e+00  1.574192e+00  1.859905e+00  1.228352e+00  
   3.6866300  1.967445e+00  1.612667e+00  1.967372e+00  1.612884e+00  1.842705e+00  1.257316e+00  
   3.7076299  1.939878e+00  1.649507e+00  1.939806e+00  1.649724e+00  1.826528e+00  1.285459e+00  
   3.7276299  1.913242e+00  1.682795e+00  1.913171e+00  1.683012e+00  1.811928e+00  1.311862e+00  
   3.7486300  1.885079e+00  1.715783e+00  1.885011e+00  1.715999e+00  1.797239e+00  1.339432e+00  
   3.7702301  1.856210e+00  1.747554e+00  1.856147e+00  1.747768e+00  1.782591e+00  1.367771e+00  
   3.7902300  1.829922e+00  1.775015e+00  1.829865e+00  1.775225e+00  1.769271e+00  1.394010e+00  
   3.8112299  1.803217e+00  1.801901e+00  1.803167e+00  1.802107e+00  1.755440e+00  1.421474e+00  
   3.8322301  1.777921e+00  1.826976e+00  1.777879e+00  1.827176e+00  1.741769e+00  1.448699e+00  
   3.8532300  1.754558e+00  1.850554e+00  1.754525e+00  1.850749e+00  1.728382e+00  1.475506e+00  
   3.8742299  1.733638e+00  1.873094e+00  1.733615e+00  1.873285e+00  1.715520e+00  1.501744e+00  
   3.8942299  1.716402e+00  1.894153e+00  1.716388e+00  1.894339e+00  1.704071e+00  1.526128e+00  
   3.9152300  1.701469e+00  1.916554e+00  1.701465e+00  1.916738e+00  1.693287e+00  1.551128e+00  
   3.9362299  1.689994e+00  1.940114e+00  1.690000e+00  1.940296e+00  1.684210e+00  1.575679e+00  
   3.9572301  1.682018e+00  1.965811e+00  1.682031e+00  1.965994e+00  1.677273e+00  1.600124e+00  
   3.9782300  1.677359e+00  1.994678e+00  1.677379e+00  1.994866e+00  1.672844e+00  1.624973e+00  
   3.9992299  1.675597e+00  2.027761e+00  1.675619e+00  2.027957e+00  1.671181e+00  1.650905e+00  
   4.0192299  1.675995e+00  2.064103e+00  1.676016e+00  2.064310e+00  1.672262e+00  1.677368e+00  
   4.0402298  1.677705e+00  2.108192e+00  1.677722e+00  2.108414e+00  1.676106e+00  1.707911e+00  
   4.0612302  1.679604e+00  2.159072e+00  1.679612e+00  2.159313e+00  1.682410e+00  1.742279e+00  
   4.0822301  1.680338e+00  2.217239e+00  1.680331e+00  2.217502e+00  1.690605e+00  1.781502e+00  
   4.1032300  1.678401e+00  2.282921e+00  1.678376e+00  2.283209e+00  1.699863e+00  1.826570e+00  
   4.1242299  1.672202e+00  2.356039e+00  1.672152e+00  2.356357e+00  1.709089e+00  1.878360e+00  
   4.1442299  1.660851e+00  2.432225e+00  1.660774e+00  2.432571e+00  1.716626e+00  1.934568e+00  
   4.1652298  1.641702e+00  2.518412e+00  1.641592e+00  2.518789e+00  1.721741e+00  2.001240e+00  
   4.1868300  1.612763e+00  2.612625e+00  1.612616e+00  2.613033e+00  1.722237e+00  2.078123e+00  
   4.2068300  1.576398e+00  2.703684e+00  1.576214e+00  2.704119e+00  1.716685e+00  2.156586e+00  
   4.2278299  1.527270e+00  2.801789e+00  1.527045e+00  2.802250e+00  1.702853e+00  2.245859e+00  
   4.2488298  1.466125e+00  2.900786e+00  1.465859e+00  2.901270e+00  1.679080e+00  2.341108e+00  
   4.2698302  1.392421e+00  2.998874e+00  1.392115e+00  2.999377e+00  1.643759e+00  2.440819e+00  
   4.2908301  1.305917e+00  3.094170e+00  1.305572e+00  3.094684e+00  1.595553e+00  2.543075e+00  
   4.3108301  1.211674e+00  3.180603e+00  1.211293e+00  3.181123e+00  1.536772e+00  2.640785e+00  
   4.3318300  1.100589e+00  3.265015e+00  1.100175e+00  3.265536e+00  1.461028e+00  2.741340e+00  
   4.3528299  9.776820e-01  3.341151e+00  9.772377e-01  3.341663e+00  1.370895e+00  2.837237e+00  
   4.3738298  8.438345e-01  3.407295e+00  8.433649e-01  3.407791e+00  1.266897e+00  2.925863e+00  
   4.3948302  7.001801e-01  3.461855e+00  6.996908e-01  3.462326e+00  1.150110e+00  3.004733e+00  
   4.4158301  5.481094e-01  3.503386e+00  5.476062e-01  3.503826e+00  1.022140e+00  3.071610e+00  
   4.4358301  3.969257e-01  3.529676e+00  3.964150e-01  3.530079e+00  8.917485e-01  3.122450e+00  
   4.4568300  2.332631e-01  3.542341e+00  2.327505e-01  3.542699e+00  7.482162e-01  3.160986e+00  
   4.4778299  6.654014e-02  3.538908e+00  6.603197e-02  3.539215e+00  6.005130e-01  3.183451e+00  
   4.4988298  -1.010704e-01  3.518849e+00  -1.015676e-01  3.519105e+00  4.513993e-01  3.189521e+00  
   4.5198302  -2.672773e-01  3.481966e+00  -2.677576e-01  3.482168e+00  3.036008e-01  3.179429e+00  
   4.5408301  -4.297087e-01  3.428421e+00  -4.301666e-01  3.428568e+00  1.596893e-01  3.153927e+00  
   4.5608301  -5.787323e-01  3.362434e+00  -5.791643e-01  3.362532e+00  2.833855e-02  3.116406e+00  
   4.5818300  -7.270423e-01  3.278324e+00  -7.274437e-01  3.278375e+00  -1.017268e-01  3.064602e+00  
   4.6034298  -8.686476e-01  3.177385e+00  -8.690147e-01  3.177391e+00  -2.255400e-01  2.999929e+00  
   4.6234298  -9.880969e-01  3.072515e+00  -9.884315e-01  3.072488e+00  -3.301511e-01  2.931583e+00  
   4.6444302  -1.099932e+00  2.952623e+00  -1.100233e+00  2.952568e+00  -4.289731e-01  2.853003e+00  
   4.6654301  -1.196710e+00  2.825043e+00  -1.196979e+00  2.824968e+00  -5.162429e-01  2.769376e+00  
   4.6864300  -1.277743e+00  2.692308e+00  -1.277983e+00  2.692220e+00  -5.920388e-01  2.682556e+00  
   4.7074299  -1.342831e+00  2.557020e+00  -1.343048e+00  2.556928e+00  -6.567186e-01  2.594236e+00  
   4.7274299  -1.390261e+00  2.428134e+00  -1.390461e+00  2.428045e+00  -7.085065e-01  2.510092e+00  
   4.7484298  -1.425484e+00  2.295052e+00  -1.425672e+00  2.294970e+00  -7.532743e-01  2.422942e+00  
   4.7694302  -1.446881e+00  2.166356e+00  -1.447063e+00  2.166286e+00  -7.890047e-01  2.338068e+00  
   4.7904301  -1.455876e+00  2.043831e+00  -1.456059e+00  2.043774e+00  -8.165641e-01  2.256326e+00  
   4.8114300  -1.454102e+00  1.928859e+00  -1.454292e+00  1.928818e+00  -8.368369e-01  2.178370e+00  
   4.8324299  -1.443292e+00  1.822419e+00  -1.443495e+00  1.822393e+00  -8.506942e-01  2.104672e+00  
   4.8524299  -1.426191e+00  1.729515e+00  -1.426408e+00  1.729502e+00  -8.586946e-01  2.038730e+00  
   4.8734298  -1.402689e+00  1.641076e+00  -1.402926e+00  1.641075e+00  -8.624009e-01  1.974118e+00  
   4.8944302  -1.375018e+00  1.561893e+00  -1.375277e+00  1.561901e+00  -8.620275e-01  1.914303e+00  
   4.9154301  -1.344539e+00  1.491650e+00  -1.344820e+00  1.491662e+00  -8.582555e-01  1.859248e+00  
   4.9364300  -1.312413e+00  1.429839e+00  -1.312719e+00  1.429853e+00  -8.517026e-01  1.808830e+00  
   4.9574299  -1.279601e+00  1.375832e+00  -1.279930e+00  1.375844e+00  -8.429219e-01  1.762867e+00  
   4.9774299  -1.248413e+00  1.331014e+00  -1.248762e+00  1.331022e+00  -8.329366e-01  1.723027e+00  
   4.9984298  -1.216294e+00  1.290205e+00  -1.216664e+00  1.290205e+00  -8.211588e-01  1.685073e+00  
