w Re-xx Im-xx Re-yy Im-yy Re-zz Im-zz
# Gaussian absolute broadening  0.15 [eV]
   0.0000000  7.699510e-01  8.884712e-05  7.699409e-01  8.885520e-05  7.251267e-01  7.890278e-05  
   0.0200000  7.700516e-01  9.508937e-05  7.700413e-01  9.509765e-05  7.252158e-01  8.444350e-05  
   0.0410000  7.701712e-01  1.022027e-04  7.701607e-01  1.022112e-04  7.253216e-01  9.075706e-05  
   0.0620000  7.703069e-01  1.099251e-04  7.702968e-01  1.099337e-04  7.254426e-01  9.761083e-05  
   0.0830000  7.704616e-01  1.182906e-04  7.704514e-01  1.182994e-04  7.255800e-01  1.050349e-04  
   0.1040000  7.706370e-01  1.273289e-04  7.706267e-01  1.273377e-04  7.257357e-01  1.130555e-04  
   0.1240000  7.708247e-01  1.365836e-04  7.708145e-01  1.365925e-04  7.259024e-01  1.212677e-04  
   0.1450000  7.710468e-01  1.469954e-04  7.710364e-01  1.470044e-04  7.260996e-01  1.305059e-04  
   0.1660000  7.712958e-01  1.581252e-04  7.712857e-01  1.581341e-04  7.263206e-01  1.403802e-04  
   0.1870000  7.715743e-01  1.699693e-04  7.715639e-01  1.699782e-04  7.265676e-01  1.508872e-04  
   0.2080000  7.718839e-01  1.825131e-04  7.718737e-01  1.825219e-04  7.268428e-01  1.620138e-04  
   0.2290000  7.722269e-01  1.957315e-04  7.722169e-01  1.957402e-04  7.271473e-01  1.737373e-04  
   0.2490000  7.725860e-01  2.089151e-04  7.725759e-01  2.089237e-04  7.274658e-01  1.854283e-04  
   0.2700000  7.729983e-01  2.233400e-04  7.729882e-01  2.233485e-04  7.278318e-01  1.982185e-04  
   0.2910000  7.734473e-01  2.383120e-04  7.734371e-01  2.383203e-04  7.282302e-01  2.114915e-04  
   0.3120000  7.739345e-01  2.537772e-04  7.739244e-01  2.537852e-04  7.286626e-01  2.251991e-04  
   0.3330000  7.744601e-01  2.696799e-04  7.744499e-01  2.696876e-04  7.291288e-01  2.392921e-04  
   0.3540000  7.750242e-01  2.859668e-04  7.750140e-01  2.859743e-04  7.296293e-01  2.537222e-04  
   0.3740000  7.755972e-01  3.017894e-04  7.755872e-01  3.017965e-04  7.301378e-01  2.677380e-04  
   0.3950000  7.762372e-01  3.186870e-04  7.762272e-01  3.186937e-04  7.307056e-01  2.827025e-04  
   0.4160000  7.769154e-01  3.358380e-04  7.769054e-01  3.358443e-04  7.313072e-01  2.978873e-04  
   0.4374300  7.776479e-01  3.535690e-04  7.776378e-01  3.535749e-04  7.319568e-01  3.135813e-04  
   0.4574300  7.783674e-01  3.703026e-04  7.783574e-01  3.703082e-04  7.325953e-01  3.283886e-04  
   0.4784300  7.791606e-01  3.880489e-04  7.791504e-01  3.880542e-04  7.332984e-01  3.440872e-04  
   0.4994300  7.799917e-01  4.059635e-04  7.799819e-01  4.059686e-04  7.340354e-01  3.599296e-04  
   0.5204300  7.808620e-01  4.240389e-04  7.808520e-01  4.240439e-04  7.348067e-01  3.759092e-04  
   0.5414300  7.817703e-01  4.422721e-04  7.817605e-01  4.422773e-04  7.356120e-01  3.920227e-04  
   0.5614300  7.826717e-01  4.597833e-04  7.826619e-01  4.597889e-04  7.364110e-01  4.074928e-04  
   0.5824300  7.836564e-01  4.783256e-04  7.836466e-01  4.783318e-04  7.372836e-01  4.238679e-04  
   0.6034300  7.846802e-01  4.970305e-04  7.846704e-01  4.970375e-04  7.381907e-01  4.403802e-04  
   0.6244300  7.857439e-01  5.159038e-04  7.857341e-01  5.159117e-04  7.391331e-01  4.570342e-04  
   0.6454300  7.868475e-01  5.349508e-04  7.868376e-01  5.349600e-04  7.401106e-01  4.738340e-04  
   0.6664300  7.879914e-01  5.541772e-04  7.879817e-01  5.541881e-04  7.411238e-01  4.907855e-04  
   0.6864300  7.891182e-01  5.726615e-04  7.891085e-01  5.726740e-04  7.421217e-01  5.070746e-04  
   0.7074300  7.903416e-01  5.922592e-04  7.903318e-01  5.922738e-04  7.432048e-01  5.243371e-04  
   0.7284300  7.916062e-01  6.120577e-04  7.915968e-01  6.120745e-04  7.443242e-01  5.417675e-04  
   0.7494300  7.929130e-01  6.320643e-04  7.929035e-01  6.320834e-04  7.454808e-01  5.593726e-04  
   0.7704300  7.942616e-01  6.522874e-04  7.942522e-01  6.523088e-04  7.466742e-01  5.771586e-04  
   0.7914300  7.956532e-01  6.727349e-04  7.956437e-01  6.727587e-04  7.479054e-01  5.951322e-04  
   0.8114300  7.970181e-01  6.924251e-04  7.970087e-01  6.924510e-04  7.491128e-01  6.124301e-04  
   0.8324300  7.984940e-01  7.133352e-04  7.984846e-01  7.133635e-04  7.504181e-01  6.307906e-04  
   0.8540300  8.000585e-01  7.351049e-04  8.000492e-01  7.351353e-04  7.518011e-01  6.498939e-04  
   0.8740300  8.015489e-01  7.555070e-04  8.015396e-01  7.555394e-04  7.531189e-01  6.677872e-04  
   0.8950300  8.031582e-01  7.771927e-04  8.031488e-01  7.772266e-04  7.545409e-01  6.867949e-04  
   0.9160300  8.048129e-01  7.991585e-04  8.048038e-01  7.991939e-04  7.560034e-01  7.060365e-04  
   0.9370300  8.065144e-01  8.214147e-04  8.065053e-01  8.214513e-04  7.575061e-01  7.255205e-04  
   0.9580300  8.082625e-01  8.439726e-04  8.082535e-01  8.440100e-04  7.590500e-01  7.452561e-04  
   0.9780300  8.099722e-01  8.657471e-04  8.099633e-01  8.657852e-04  7.605595e-01  7.642946e-04  
   0.9990300  8.118145e-01  8.889267e-04  8.118055e-01  8.889650e-04  7.621858e-01  7.845486e-04  
   1.0200300  8.137058e-01  9.124419e-04  8.136969e-01  9.124806e-04  7.638549e-01  8.050823e-04  
   1.0410300  8.156472e-01  9.363052e-04  8.156384e-01  9.363439e-04  7.655674e-01  8.259059e-04  
   1.0620300  8.176392e-01  9.605283e-04  8.176305e-01  9.605672e-04  7.673243e-01  8.470293e-04  
   1.0830300  8.196824e-01  9.851248e-04  8.196737e-01  9.851631e-04  7.691259e-01  8.684627e-04  
   1.1030300  8.216766e-01  1.008908e-03  8.216681e-01  1.008946e-03  7.708835e-01  8.891734e-04  
   1.1240300  8.238223e-01  1.034269e-03  8.238136e-01  1.034307e-03  7.727745e-01  9.112427e-04  
   1.1450300  8.260216e-01  1.060043e-03  8.260131e-01  1.060081e-03  7.747119e-01  9.336543e-04  
   1.1660300  8.282755e-01  1.086243e-03  8.282670e-01  1.086281e-03  7.766969e-01  9.564199e-04  
   1.1870300  8.305848e-01  1.112886e-03  8.305767e-01  1.112924e-03  7.787298e-01  9.795510e-04  
   1.2080300  8.329505e-01  1.139984e-03  8.329424e-01  1.140023e-03  7.808118e-01  1.003061e-03  
   1.2280300  8.352565e-01  1.166232e-03  8.352483e-01  1.166271e-03  7.828404e-01  1.025814e-03  
   1.2490300  8.377348e-01  1.194270e-03  8.377265e-01  1.194310e-03  7.850198e-01  1.050101e-03  
   1.2706300  8.403460e-01  1.223640e-03  8.403381e-01  1.223681e-03  7.873154e-01  1.075519e-03  
   1.2906300  8.428205e-01  1.251330e-03  8.428127e-01  1.251372e-03  7.894900e-01  1.099463e-03  
   1.3116300  8.454790e-01  1.280937e-03  8.454713e-01  1.280981e-03  7.918255e-01  1.125045e-03  
   1.3326300  8.482001e-01  1.311109e-03  8.481923e-01  1.311155e-03  7.942150e-01  1.151091e-03  
   1.3536299  8.509849e-01  1.341869e-03  8.509773e-01  1.341915e-03  7.966595e-01  1.177620e-03  
   1.3746300  8.538352e-01  1.373238e-03  8.538278e-01  1.373286e-03  7.991603e-01  1.204651e-03  
   1.3946300  8.566120e-01  1.403700e-03  8.566046e-01  1.403751e-03  8.015955e-01  1.230877e-03  
   1.4156300  8.595938e-01  1.436327e-03  8.595864e-01  1.436379e-03  8.042096e-01  1.258939e-03  
   1.4366300  8.626444e-01  1.469633e-03  8.626372e-01  1.469688e-03  8.068833e-01  1.287559e-03  
   1.4576300  8.657666e-01  1.503646e-03  8.657596e-01  1.503703e-03  8.096178e-01  1.316758e-03  
   1.4786299  8.689610e-01  1.538392e-03  8.689541e-01  1.538451e-03  8.124147e-01  1.346557e-03  
   1.4996300  8.722292e-01  1.573900e-03  8.722225e-01  1.573961e-03  8.152747e-01  1.376977e-03  
   1.5196300  8.754119e-01  1.608451e-03  8.754053e-01  1.608514e-03  8.180586e-01  1.406546e-03  
   1.5406300  8.788289e-01  1.645531e-03  8.788224e-01  1.645595e-03  8.210459e-01  1.438248e-03  
   1.5616300  8.823249e-01  1.683463e-03  8.823186e-01  1.683529e-03  8.241007e-01  1.470641e-03  
   1.5826300  8.859010e-01  1.722279e-03  8.858949e-01  1.722347e-03  8.272240e-01  1.503752e-03  
   1.6036299  8.895597e-01  1.762017e-03  8.895538e-01  1.762087e-03  8.304179e-01  1.537611e-03  
   1.6246300  8.933029e-01  1.802714e-03  8.932971e-01  1.802787e-03  8.336831e-01  1.572244e-03  
   1.6446300  8.969475e-01  1.842402e-03  8.969418e-01  1.842476e-03  8.368611e-01  1.605976e-03  
   1.6656300  9.008606e-01  1.885091e-03  9.008551e-01  1.885167e-03  8.402710e-01  1.642212e-03  
   1.6872300  9.049804e-01  1.930136e-03  9.049750e-01  1.930215e-03  8.438591e-01  1.680393e-03  
   1.7072300  9.088826e-01  1.972917e-03  9.088774e-01  1.972998e-03  8.472556e-01  1.716601e-03  
   1.7282300  9.130726e-01  2.019001e-03  9.130676e-01  2.019086e-03  8.509004e-01  1.755543e-03  
   1.7492300  9.173610e-01  2.066334e-03  9.173563e-01  2.066423e-03  8.546283e-01  1.795471e-03  
   1.7702301  9.217492e-01  2.114981e-03  9.217448e-01  2.115073e-03  8.584405e-01  1.836428e-03  
   1.7912300  9.262415e-01  2.165013e-03  9.262370e-01  2.165108e-03  8.623405e-01  1.878461e-03  
   1.8112299  9.306183e-01  2.214018e-03  9.306141e-01  2.214118e-03  8.661376e-01  1.919536e-03  
   1.8322300  9.353204e-01  2.266979e-03  9.353164e-01  2.267084e-03  8.702142e-01  1.963814e-03  
   1.8532300  9.401354e-01  2.321574e-03  9.401316e-01  2.321684e-03  8.743855e-01  2.009322e-03  
   1.8742300  9.450656e-01  2.377908e-03  9.450622e-01  2.378023e-03  8.786536e-01  2.056122e-03  
   1.8952301  9.501159e-01  2.436097e-03  9.501125e-01  2.436217e-03  8.830220e-01  2.104278e-03  
   1.9162300  9.552882e-01  2.496272e-03  9.552853e-01  2.496397e-03  8.874922e-01  2.153860e-03  
   1.9362299  9.603314e-01  2.555563e-03  9.603289e-01  2.555696e-03  8.918479e-01  2.202478e-03  
   1.9572300  9.657542e-01  2.620066e-03  9.657517e-01  2.620204e-03  8.965271e-01  2.255077e-03  
   1.9782300  9.713114e-01  2.687058e-03  9.713091e-01  2.687203e-03  9.013183e-01  2.309358e-03  
   1.9992300  9.770064e-01  2.756760e-03  9.770045e-01  2.756912e-03  9.062238e-01  2.365427e-03  
   2.0202301  9.828448e-01  2.829423e-03  9.828433e-01  2.829585e-03  9.112488e-01  2.423409e-03  
   2.0412300  9.888300e-01  2.905329e-03  9.888288e-01  2.905499e-03  9.163951e-01  2.483440e-03  
   2.0612299  9.946723e-01  2.980926e-03  9.946715e-01  2.981105e-03  9.214134e-01  2.542665e-03  
   2.0822301  1.000960e+00  3.064114e-03  1.000959e+00  3.064305e-03  9.268104e-01  2.607185e-03  
   2.1038301  1.007598e+00  3.154155e-03  1.007598e+00  3.154359e-03  9.325015e-01  2.676259e-03  
   2.1238301  1.013903e+00  3.241969e-03  1.013904e+00  3.242187e-03  9.379024e-01  2.742894e-03  
   2.1448300  1.020695e+00  3.339214e-03  1.020695e+00  3.339447e-03  9.437141e-01  2.815901e-03  
   2.1658299  1.027667e+00  3.442097e-03  1.027668e+00  3.442346e-03  9.496751e-01  2.892330e-03  
   2.1868300  1.034828e+00  3.551130e-03  1.034829e+00  3.551398e-03  9.557901e-01  2.972539e-03  
   2.2078300  1.042183e+00  3.666837e-03  1.042185e+00  3.667124e-03  9.620661e-01  3.056923e-03  
   2.2278299  1.049377e+00  3.783748e-03  1.049379e+00  3.784053e-03  9.681976e-01  3.141579e-03  
   2.2488301  1.057136e+00  3.914088e-03  1.057138e+00  3.914415e-03  9.748051e-01  3.235447e-03  
   2.2698300  1.065113e+00  4.052767e-03  1.065117e+00  4.053115e-03  9.815904e-01  3.334943e-03  
   2.2908299  1.073318e+00  4.200388e-03  1.073322e+00  4.200758e-03  9.885634e-01  3.440665e-03  
   2.3118300  1.081761e+00  4.357571e-03  1.081765e+00  4.357964e-03  9.957297e-01  3.553258e-03  
   2.3328300  1.090450e+00  4.524961e-03  1.090455e+00  4.525378e-03  1.003098e+00  3.673419e-03  
   2.3528299  1.098965e+00  4.694506e-03  1.098971e+00  4.694945e-03  1.010310e+00  3.795587e-03  
   2.3738301  1.108169e+00  4.883879e-03  1.108175e+00  4.884342e-03  1.018095e+00  3.932762e-03  
   2.3948300  1.117653e+00  5.085677e-03  1.117660e+00  5.086165e-03  1.026109e+00  4.079910e-03  
   2.4158299  1.127431e+00  5.300804e-03  1.127438e+00  5.301318e-03  1.034359e+00  4.237974e-03  
   2.4368300  1.137517e+00  5.530264e-03  1.137526e+00  5.530808e-03  1.042858e+00  4.407970e-03  
   2.4578300  1.147928e+00  5.775193e-03  1.147937e+00  5.775768e-03  1.051618e+00  4.590992e-03  
   2.4778299  1.158158e+00  6.024007e-03  1.158168e+00  6.024614e-03  1.060211e+00  4.778498e-03  
   2.4988301  1.169250e+00  6.302994e-03  1.169260e+00  6.303641e-03  1.069513e+00  4.990494e-03  
   2.5204301  1.181052e+00  6.610626e-03  1.181064e+00  6.611318e-03  1.079393e+00  5.226192e-03  
   2.5404301  1.192357e+00  6.915955e-03  1.192370e+00  6.916693e-03  1.088838e+00  5.461889e-03  
   2.5614300  1.204640e+00  7.259900e-03  1.204654e+00  7.260694e-03  1.099079e+00  5.729202e-03  
   2.5824299  1.217371e+00  7.630308e-03  1.217386e+00  7.631169e-03  1.109671e+00  6.018886e-03  
   2.6034300  1.230580e+00  8.030278e-03  1.230596e+00  8.031209e-03  1.120633e+00  6.333397e-03  
   2.6244299  1.244299e+00  8.463502e-03  1.244316e+00  8.464514e-03  1.131989e+00  6.675613e-03  
   2.6444299  1.257870e+00  8.911201e-03  1.257889e+00  8.912304e-03  1.143192e+00  7.030501e-03  
   2.6654301  1.272690e+00  9.423653e-03  1.272709e+00  9.424861e-03  1.155390e+00  7.437664e-03  
   2.6864300  1.288135e+00  9.986699e-03  1.288157e+00  9.988026e-03  1.168061e+00  7.885449e-03  
   2.7074299  1.304259e+00  1.060991e-02  1.304282e+00  1.061137e-02  1.181241e+00  8.380602e-03  
   2.7284300  1.321117e+00  1.130597e-02  1.321141e+00  1.130759e-02  1.194967e+00  8.931735e-03  
   2.7494299  1.338772e+00  1.209188e-02  1.338798e+00  1.209369e-02  1.209280e+00  9.549919e-03  
   2.7694299  1.356394e+00  1.294484e-02  1.356422e+00  1.294684e-02  1.223500e+00  1.021405e-02  
   2.7904301  1.375823e+00  1.397972e-02  1.375854e+00  1.398199e-02  1.239099e+00  1.100817e-02  
   2.8114300  1.396291e+00  1.519799e-02  1.396324e+00  1.520058e-02  1.255437e+00  1.192460e-02  
   2.8324299  1.417899e+00  1.665485e-02  1.417934e+00  1.665785e-02  1.272580e+00  1.299346e-02  
   2.8534300  1.440759e+00  1.842352e-02  1.440797e+00  1.842703e-02  1.290595e+00  1.425317e-02  
   2.8744299  1.464989e+00  2.059986e-02  1.465029e+00  2.060401e-02  1.309558e+00  1.575233e-02  
   2.8944299  1.489455e+00  2.316440e-02  1.489499e+00  2.316935e-02  1.328575e+00  1.745852e-02  
   2.9154301  1.516726e+00  2.652360e-02  1.516774e+00  2.652961e-02  1.349626e+00  1.961530e-02  
   2.9370301  1.546596e+00  3.089237e-02  1.546648e+00  3.089977e-02  1.372535e+00  2.232148e-02  
   2.9570301  1.576003e+00  3.598524e-02  1.576060e+00  3.599429e-02  1.394965e+00  2.537611e-02  
   2.9780300  1.608779e+00  4.269077e-02  1.608841e+00  4.270197e-02  1.419867e+00  2.928740e-02  
   2.9990301  1.643555e+00  5.111122e-02  1.643621e+00  5.112506e-02  1.446236e+00  3.408603e-02  
   3.0200300  1.680335e+00  6.161925e-02  1.680407e+00  6.163634e-02  1.474148e+00  3.997287e-02  
   3.0410299  1.719063e+00  7.462616e-02  1.719139e+00  7.464711e-02  1.503660e+00  4.718461e-02  
   3.0610299  1.757633e+00  8.973809e-02  1.757715e+00  8.976336e-02  1.533284e+00  5.553523e-02  
   3.0820301  1.799685e+00  1.088987e-01  1.799772e+00  1.089291e-01  1.565980e+00  6.615870e-02  
   3.1030300  1.843003e+00  1.318663e-01  1.843094e+00  1.319026e-01  1.600253e+00  7.902282e-02  
   3.1240301  1.887154e+00  1.590497e-01  1.887249e+00  1.590922e-01  1.635991e+00  9.450275e-02  
   3.1450300  1.931593e+00  1.907948e-01  1.931692e+00  1.908441e-01  1.673005e+00  1.129918e-01  
   3.1660299  1.975687e+00  2.273587e-01  1.975788e+00  2.274150e-01  1.711023e+00  1.348877e-01  
   3.1860299  2.016706e+00  2.667907e-01  2.016808e+00  2.668538e-01  1.747827e+00  1.592575e-01  
   3.2070301  2.058018e+00  3.130373e-01  2.058119e+00  3.131071e-01  1.786650e+00  1.888663e-01  
   3.2280300  2.096760e+00  3.640956e-01  2.096858e+00  3.641717e-01  1.825099e+00  2.228626e-01  
   3.2490301  2.132172e+00  4.196550e-01  2.132266e+00  4.197367e-01  1.862524e+00  2.614240e-01  
   3.2700300  2.163557e+00  4.792452e-01  2.163647e+00  4.793318e-01  1.898200e+00  3.046007e-01  
   3.2910299  2.190325e+00  5.422551e-01  2.190409e+00  5.423454e-01  1.931365e+00  3.522922e-01  
   3.3110299  2.211111e+00  6.047806e-01  2.211188e+00  6.048737e-01  1.959903e+00  4.016653e-01  
   3.3320301  2.227714e+00  6.723028e-01  2.227781e+00  6.723979e-01  1.985962e+00  4.572315e-01  
   3.3536301  2.239093e+00  7.428839e-01  2.239152e+00  7.429800e-01  2.007906e+00  5.177264e-01  
   3.3736300  2.244542e+00  8.084805e-01  2.244593e+00  8.085772e-01  2.023326e+00  5.760389e-01  
   3.3946300  2.245228e+00  8.768573e-01  2.245270e+00  8.769544e-01  2.034086e+00  6.387764e-01  
   3.4156301  2.241130e+00  9.440514e-01  2.241166e+00  9.441485e-01  2.039114e+00  7.020960e-01  
   3.4366300  2.232740e+00  1.009499e+00  2.232768e+00  1.009597e+00  2.038452e+00  7.649843e-01  
   3.4576299  2.220614e+00  1.072782e+00  2.220638e+00  1.072881e+00  2.032374e+00  8.264537e-01  
   3.4776299  2.206128e+00  1.130786e+00  2.206148e+00  1.130885e+00  2.021991e+00  8.828492e-01  
   3.4986300  2.188378e+00  1.189178e+00  2.188397e+00  1.189280e+00  2.006904e+00  9.390683e-01  
   3.5196300  2.168534e+00  1.244977e+00  2.168553e+00  1.245081e+00  1.988334e+00  9.916359e-01  
   3.5406301  2.147039e+00  1.298256e+00  2.147058e+00  1.298362e+00  1.967184e+00  1.040173e+00  
   3.5616300  2.124244e+00  1.349146e+00  2.124265e+00  1.349256e+00  1.944388e+00  1.084527e+00  
   3.5826299  2.100401e+00  1.397811e+00  2.100425e+00  1.397922e+00  1.920849e+00  1.124774e+00  
   3.6026299  2.076880e+00  1.442233e+00  2.076908e+00  1.442346e+00  1.898483e+00  1.159544e+00  
   3.6236300  2.051431e+00  1.486980e+00  2.051462e+00  1.487094e+00  1.875700e+00  1.192746e+00  
   3.6446300  2.025279e+00  1.529869e+00  2.025315e+00  1.529984e+00  1.854126e+00  1.223121e+00  
   3.6656301  1.998476e+00  1.570939e+00  1.998516e+00  1.571052e+00  1.834067e+00  1.251300e+00  
   3.6866300  1.971092e+00  1.610176e+00  1.971134e+00  1.610287e+00  1.815640e+00  1.277921e+00  
   3.7076299  1.943230e+00  1.647529e+00  1.943277e+00  1.647637e+00  1.798789e+00  1.303566e+00  
   3.7276299  1.916404e+00  1.681286e+00  1.916453e+00  1.681391e+00  1.784034e+00  1.327529e+00  
   3.7486300  1.888155e+00  1.714759e+00  1.888208e+00  1.714861e+00  1.769639e+00  1.352547e+00  
   3.7702301  1.859334e+00  1.747042e+00  1.859389e+00  1.747140e+00  1.755695e+00  1.378349e+00  
   3.7902300  1.833210e+00  1.775005e+00  1.833268e+00  1.775100e+00  1.743302e+00  1.402369e+00  
   3.8112299  1.806788e+00  1.802466e+00  1.806849e+00  1.802561e+00  1.730628e+00  1.427680e+00  
   3.8322301  1.781859e+00  1.828181e+00  1.781922e+00  1.828276e+00  1.718200e+00  1.452955e+00  
   3.8532300  1.758905e+00  1.852472e+00  1.758968e+00  1.852568e+00  1.706049e+00  1.478029e+00  
   3.8742299  1.738382e+00  1.875798e+00  1.738447e+00  1.875897e+00  1.694332e+00  1.502755e+00  
   3.8942299  1.721460e+00  1.897662e+00  1.721525e+00  1.897767e+00  1.683829e+00  1.525901e+00  
   3.9152300  1.706729e+00  1.920950e+00  1.706795e+00  1.921062e+00  1.673835e+00  1.549803e+00  
   3.9362299  1.695265e+00  1.945409e+00  1.695330e+00  1.945530e+00  1.665303e+00  1.573456e+00  
   3.9572301  1.687052e+00  1.971982e+00  1.687117e+00  1.972112e+00  1.658645e+00  1.597190e+00  
   3.9782300  1.681863e+00  2.001658e+00  1.681926e+00  2.001800e+00  1.654216e+00  1.621502e+00  
   3.9992299  1.679241e+00  2.035444e+00  1.679299e+00  2.035599e+00  1.652270e+00  1.647053e+00  
   4.0192299  1.678494e+00  2.072318e+00  1.678548e+00  2.072486e+00  1.652824e+00  1.673273e+00  
   4.0402298  1.678656e+00  2.116791e+00  1.678702e+00  2.116972e+00  1.655855e+00  1.703653e+00  
   4.0612302  1.678661e+00  2.167845e+00  1.678697e+00  2.168040e+00  1.661100e+00  1.737904e+00  
   4.0822301  1.677186e+00  2.225960e+00  1.677208e+00  2.226169e+00  1.668016e+00  1.776997e+00  
   4.1032300  1.672770e+00  2.291355e+00  1.672776e+00  2.291574e+00  1.675806e+00  1.821851e+00  
   4.1242299  1.663880e+00  2.363954e+00  1.663867e+00  2.364182e+00  1.683423e+00  1.873269e+00  
   4.1442299  1.649840e+00  2.439437e+00  1.649807e+00  2.439672e+00  1.689342e+00  1.928908e+00  
   4.1652298  1.627817e+00  2.524690e+00  1.627758e+00  2.524928e+00  1.692726e+00  1.994694e+00  
   4.1868300  1.595959e+00  2.617761e+00  1.595872e+00  2.618001e+00  1.691478e+00  2.070304e+00  
   4.2068300  1.557016e+00  2.707638e+00  1.556901e+00  2.707877e+00  1.684414e+00  2.147238e+00  
   4.2278299  1.505397e+00  2.804415e+00  1.505252e+00  2.804649e+00  1.669172e+00  2.234545e+00  
   4.2488298  1.442065e+00  2.902048e+00  1.441888e+00  2.902274e+00  1.644241e+00  2.327491e+00  
   4.2698302  1.366547e+00  2.998788e+00  1.366340e+00  2.999003e+00  1.608081e+00  2.424630e+00  
   4.2908301  1.278654e+00  3.092806e+00  1.278417e+00  3.093008e+00  1.559412e+00  2.524139e+00  
   4.3108301  1.183509e+00  3.178133e+00  1.183245e+00  3.178322e+00  1.500578e+00  2.619177e+00  
   4.3318300  1.071925e+00  3.261544e+00  1.071633e+00  3.261718e+00  1.425209e+00  2.716989e+00  
   4.3528299  9.489599e-01  3.336873e+00  9.486445e-01  3.337028e+00  1.335901e+00  2.810341e+00  
   4.3738298  8.154545e-01  3.402422e+00  8.151181e-01  3.402559e+00  1.233166e+00  2.896746e+00  
   4.3948302  6.724864e-01  3.456600e+00  6.721315e-01  3.456718e+00  1.118049e+00  2.973825e+00  
   4.4158301  5.213758e-01  3.497947e+00  5.210068e-01  3.498045e+00  9.921123e-01  3.039423e+00  
   4.4358301  3.712940e-01  3.524214e+00  3.709143e-01  3.524292e+00  8.639383e-01  3.089569e+00  
   4.4568300  2.089162e-01  3.536973e+00  2.085293e-01  3.537029e+00  7.229647e-01  3.127939e+00  
   4.4778299  4.354932e-02  3.533698e+00  4.315814e-02  3.533731e+00  5.779832e-01  3.150796e+00  
   4.4988298  -1.226811e-01  3.513811e+00  -1.230730e-01  3.513820e+00  4.316797e-01  3.157764e+00  
   4.5198302  -2.875123e-01  3.477053e+00  -2.879019e-01  3.477035e+00  2.867080e-01  3.148996e+00  
   4.5408301  -4.485818e-01  3.423544e+00  -4.489668e-01  3.423498e+00  1.455755e-01  3.125143e+00  
   4.5608301  -5.963151e-01  3.357484e+00  -5.966936e-01  3.357410e+00  1.677660e-02  3.089398e+00  
   4.5818300  -7.432595e-01  3.273170e+00  -7.436298e-01  3.273065e+00  -1.107506e-01  3.039563e+00  
   4.6034298  -8.834223e-01  3.171893e+00  -8.837831e-01  3.171753e+00  -2.321369e-01  2.976924e+00  
   4.6234298  -1.001480e+00  3.066618e+00  -1.001832e+00  3.066446e+00  -3.346854e-01  2.910384e+00  
   4.6444302  -1.111779e+00  2.946242e+00  -1.112121e+00  2.946033e+00  -4.315417e-01  2.833552e+00  
   4.6654301  -1.206942e+00  2.818164e+00  -1.207274e+00  2.817918e+00  -5.170507e-01  2.751480e+00  
   4.6864300  -1.286289e+00  2.684966e+00  -1.286612e+00  2.684682e+00  -5.912846e-01  2.666001e+00  
   4.7074299  -1.349651e+00  2.549297e+00  -1.349964e+00  2.548976e+00  -6.545915e-01  2.578806e+00  
   4.7274299  -1.395433e+00  2.420156e+00  -1.395738e+00  2.419799e+00  -7.052360e-01  2.495554e+00  
   4.7484298  -1.428969e+00  2.286939e+00  -1.429265e+00  2.286544e+00  -7.489640e-01  2.409179e+00  
   4.7694302  -1.448775e+00  2.158253e+00  -1.449061e+00  2.157820e+00  -7.838078e-01  2.324950e+00  
   4.7904301  -1.456326e+00  2.035871e+00  -1.456602e+00  2.035403e+00  -8.106246e-01  2.243766e+00  
   4.8114300  -1.453299e+00  1.921156e+00  -1.453562e+00  1.920653e+00  -8.302910e-01  2.166311e+00  
   4.8324299  -1.441462e+00  1.815053e+00  -1.441711e+00  1.814516e+00  -8.436720e-01  2.093091e+00  
   4.8524299  -1.423609e+00  1.722509e+00  -1.423842e+00  1.721943e+00  -8.513357e-01  2.027598e+00  
   4.8734298  -1.399567e+00  1.634451e+00  -1.399781e+00  1.633856e+00  -8.548067e-01  1.963467e+00  
   4.8944302  -1.371605e+00  1.555615e+00  -1.371797e+00  1.554994e+00  -8.543155e-01  1.904147e+00  
   4.9154301  -1.341071e+00  1.485650e+00  -1.341240e+00  1.485005e+00  -8.505386e-01  1.849598e+00  
   4.9364300  -1.309107e+00  1.424022e+00  -1.309249e+00  1.423357e+00  -8.440884e-01  1.799695e+00  
   4.9574299  -1.276643e+00  1.370082e+00  -1.276757e+00  1.369401e+00  -8.355131e-01  1.754249e+00  
   4.9774299  -1.245934e+00  1.325208e+00  -1.246019e+00  1.324514e+00  -8.258125e-01  1.714894e+00  
   4.9984298  -1.214446e+00  1.284210e+00  -1.214500e+00  1.283505e+00  -8.144202e-01  1.677435e+00  
