w Re-xx Im-xx Re-yy Im-yy Re-zz Im-zz
# Gaussian absolute broadening  0.15 [eV]
   0.0000000  7.678656e-01  8.817471e-05  7.678731e-01  8.817881e-05  7.294755e-01  8.035498e-05  
   0.0200000  7.679653e-01  9.436934e-05  7.679728e-01  9.437384e-05  7.295665e-01  8.599971e-05  
   0.0410000  7.680840e-01  1.014285e-04  7.680916e-01  1.014334e-04  7.296744e-01  9.243189e-05  
   0.0620000  7.682188e-01  1.090919e-04  7.682264e-01  1.090972e-04  7.297975e-01  9.941461e-05  
   0.0830000  7.683722e-01  1.173936e-04  7.683797e-01  1.173994e-04  7.299373e-01  1.069785e-04  
   0.1040000  7.685463e-01  1.263630e-04  7.685540e-01  1.263691e-04  7.300959e-01  1.151503e-04  
   0.1240000  7.687327e-01  1.355471e-04  7.687402e-01  1.355537e-04  7.302659e-01  1.235175e-04  
   0.1450000  7.689530e-01  1.458796e-04  7.689605e-01  1.458865e-04  7.304665e-01  1.329304e-04  
   0.1660000  7.692000e-01  1.569245e-04  7.692075e-01  1.569319e-04  7.306917e-01  1.429917e-04  
   0.1870000  7.694765e-01  1.686782e-04  7.694840e-01  1.686860e-04  7.309436e-01  1.536981e-04  
   0.2080000  7.697838e-01  1.811262e-04  7.697915e-01  1.811345e-04  7.312236e-01  1.650365e-04  
   0.2290000  7.701243e-01  1.942435e-04  7.701318e-01  1.942522e-04  7.315339e-01  1.769834e-04  
   0.2490000  7.704806e-01  2.073260e-04  7.704881e-01  2.073353e-04  7.318583e-01  1.888980e-04  
   0.2700000  7.708896e-01  2.216402e-04  7.708973e-01  2.216501e-04  7.322311e-01  2.019333e-04  
   0.2910000  7.713353e-01  2.364970e-04  7.713429e-01  2.365075e-04  7.326371e-01  2.154617e-04  
   0.3120000  7.718188e-01  2.518427e-04  7.718263e-01  2.518540e-04  7.330777e-01  2.294340e-04  
   0.3330000  7.723402e-01  2.676221e-04  7.723477e-01  2.676344e-04  7.335526e-01  2.438000e-04  
   0.3540000  7.729000e-01  2.837822e-04  7.729077e-01  2.837955e-04  7.340629e-01  2.585110e-04  
   0.3740000  7.734690e-01  2.994812e-04  7.734766e-01  2.994956e-04  7.345810e-01  2.728007e-04  
   0.3950000  7.741037e-01  3.162462e-04  7.741115e-01  3.162617e-04  7.351594e-01  2.880589e-04  
   0.4160000  7.747768e-01  3.332617e-04  7.747846e-01  3.332786e-04  7.357725e-01  3.035433e-04  
   0.4374300  7.755036e-01  3.508521e-04  7.755116e-01  3.508704e-04  7.364345e-01  3.195487e-04  
   0.4574300  7.762179e-01  3.674525e-04  7.762256e-01  3.674722e-04  7.370848e-01  3.346511e-04  
   0.4784300  7.770046e-01  3.850564e-04  7.770126e-01  3.850776e-04  7.378014e-01  3.506643e-04  
   0.4994300  7.778295e-01  4.028268e-04  7.778376e-01  4.028495e-04  7.385526e-01  3.668263e-04  
   0.5204300  7.786930e-01  4.207561e-04  7.787008e-01  4.207802e-04  7.393386e-01  3.831303e-04  
   0.5414300  7.795942e-01  4.388410e-04  7.796021e-01  4.388666e-04  7.401595e-01  3.995727e-04  
   0.5614300  7.804888e-01  4.562091e-04  7.804967e-01  4.562361e-04  7.409738e-01  4.153609e-04  
   0.5824300  7.814658e-01  4.745994e-04  7.814738e-01  4.746277e-04  7.418635e-01  4.320749e-04  
   0.6034300  7.824814e-01  4.931497e-04  7.824897e-01  4.931794e-04  7.427881e-01  4.489317e-04  
   0.6244300  7.835370e-01  5.118662e-04  7.835451e-01  5.118972e-04  7.437487e-01  4.659357e-04  
   0.6454300  7.846317e-01  5.307539e-04  7.846400e-01  5.307862e-04  7.447454e-01  4.830917e-04  
   0.6664300  7.857668e-01  5.498189e-04  7.857750e-01  5.498526e-04  7.457786e-01  5.004051e-04  
   0.6864300  7.868846e-01  5.681467e-04  7.868930e-01  5.681815e-04  7.467959e-01  5.170457e-04  
   0.7074300  7.880983e-01  5.875773e-04  7.881067e-01  5.876134e-04  7.479002e-01  5.346836e-04  
   0.7284300  7.893530e-01  6.072057e-04  7.893615e-01  6.072429e-04  7.490420e-01  5.524971e-04  
   0.7494300  7.906494e-01  6.270395e-04  7.906576e-01  6.270781e-04  7.502216e-01  5.704932e-04  
   0.7704300  7.919871e-01  6.470857e-04  7.919957e-01  6.471255e-04  7.514387e-01  5.886774e-04  
   0.7914300  7.933676e-01  6.673537e-04  7.933763e-01  6.673945e-04  7.526946e-01  6.070582e-04  
   0.8114300  7.947217e-01  6.868690e-04  7.947302e-01  6.869109e-04  7.539260e-01  6.247523e-04  
   0.8324300  7.961857e-01  7.075923e-04  7.961947e-01  7.076352e-04  7.552578e-01  6.435375e-04  
   0.8540300  7.977375e-01  7.291657e-04  7.977463e-01  7.292095e-04  7.566691e-01  6.630876e-04  
   0.8740300  7.992159e-01  7.493820e-04  7.992248e-01  7.494265e-04  7.580135e-01  6.814038e-04  
   0.8950300  8.008119e-01  7.708689e-04  8.008210e-01  7.709142e-04  7.594647e-01  7.008662e-04  
   0.9160300  8.024534e-01  7.926316e-04  8.024623e-01  7.926774e-04  7.609569e-01  7.205729e-04  
   0.9370300  8.041406e-01  8.146801e-04  8.041498e-01  8.147265e-04  7.624909e-01  7.405338e-04  
   0.9580300  8.058746e-01  8.370258e-04  8.058838e-01  8.370726e-04  7.640669e-01  7.607579e-04  
   0.9780300  8.075703e-01  8.585941e-04  8.075796e-01  8.586413e-04  7.656078e-01  7.802734e-04  
   0.9990300  8.093972e-01  8.815521e-04  8.094068e-01  8.815997e-04  7.672681e-01  8.010413e-04  
   1.0200300  8.112729e-01  9.048402e-04  8.112823e-01  9.048883e-04  7.689723e-01  8.221021e-04  
   1.0410300  8.131979e-01  9.284712e-04  8.132075e-01  9.285198e-04  7.707213e-01  8.434674e-04  
   1.0620300  8.151732e-01  9.524564e-04  8.151830e-01  9.525054e-04  7.725158e-01  8.651474e-04  
   1.0830300  8.171995e-01  9.768087e-04  8.172091e-01  9.768584e-04  7.743559e-01  8.871531e-04  
   1.1030300  8.191765e-01  1.000354e-03  8.191866e-01  1.000405e-03  7.761515e-01  9.084242e-04  
   1.1240300  8.213041e-01  1.025460e-03  8.213141e-01  1.025511e-03  7.780833e-01  9.311000e-04  
   1.1450300  8.234846e-01  1.050971e-03  8.234946e-01  1.051023e-03  7.800630e-01  9.541360e-04  
   1.1660300  8.257194e-01  1.076903e-03  8.257294e-01  1.076956e-03  7.820917e-01  9.775449e-04  
   1.1870300  8.280087e-01  1.103268e-03  8.280189e-01  1.103322e-03  7.841699e-01  1.001340e-03  
   1.2080300  8.303537e-01  1.130084e-03  8.303643e-01  1.130139e-03  7.862983e-01  1.025535e-03  
   1.2280300  8.326397e-01  1.156054e-03  8.326504e-01  1.156111e-03  7.883725e-01  1.048962e-03  
   1.2490300  8.350961e-01  1.183794e-03  8.351069e-01  1.183852e-03  7.906011e-01  1.073980e-03  
   1.2706300  8.376846e-01  1.212848e-03  8.376954e-01  1.212906e-03  7.929494e-01  1.100176e-03  
   1.2906300  8.401371e-01  1.240237e-03  8.401482e-01  1.240296e-03  7.951738e-01  1.124867e-03  
   1.3116300  8.427720e-01  1.269519e-03  8.427834e-01  1.269580e-03  7.975636e-01  1.151259e-03  
   1.3326300  8.454689e-01  1.299358e-03  8.454800e-01  1.299420e-03  8.000088e-01  1.178148e-03  
   1.3536299  8.482287e-01  1.329774e-03  8.482402e-01  1.329837e-03  8.025110e-01  1.205554e-03  
   1.3746300  8.510532e-01  1.360788e-03  8.510650e-01  1.360853e-03  8.050714e-01  1.233498e-03  
   1.3946300  8.538046e-01  1.390905e-03  8.538162e-01  1.390971e-03  8.075653e-01  1.260631e-03  
   1.4156300  8.567589e-01  1.423156e-03  8.567710e-01  1.423224e-03  8.102428e-01  1.289690e-03  
   1.4366300  8.597819e-01  1.456076e-03  8.597938e-01  1.456146e-03  8.129820e-01  1.319359e-03  
   1.4576300  8.628749e-01  1.489692e-03  8.628871e-01  1.489763e-03  8.157845e-01  1.349666e-03  
   1.4786299  8.660398e-01  1.524029e-03  8.660522e-01  1.524102e-03  8.186512e-01  1.380643e-03  
   1.4996300  8.692773e-01  1.559116e-03  8.692901e-01  1.559191e-03  8.215839e-01  1.412326e-03  
   1.5196300  8.724298e-01  1.593256e-03  8.724425e-01  1.593334e-03  8.244390e-01  1.443194e-03  
   1.5406300  8.758147e-01  1.629893e-03  8.758274e-01  1.629974e-03  8.275040e-01  1.476381e-03  
   1.5616300  8.792771e-01  1.667373e-03  8.792902e-01  1.667458e-03  8.306389e-01  1.510415e-03  
   1.5826300  8.828189e-01  1.705731e-03  8.828322e-01  1.705819e-03  8.338457e-01  1.545361e-03  
   1.6036299  8.864422e-01  1.745005e-03  8.864559e-01  1.745098e-03  8.371253e-01  1.581291e-03  
   1.6246300  8.901488e-01  1.785240e-03  8.901628e-01  1.785335e-03  8.404802e-01  1.618290e-03  
   1.6446300  8.937575e-01  1.824491e-03  8.937716e-01  1.824590e-03  8.437462e-01  1.654607e-03  
   1.6656300  8.976321e-01  1.866730e-03  8.976462e-01  1.866835e-03  8.472525e-01  1.693977e-03  
   1.6872300  9.017110e-01  1.911335e-03  9.017255e-01  1.911444e-03  8.509432e-01  1.735918e-03  
   1.7072300  9.055737e-01  1.953735e-03  9.055885e-01  1.953851e-03  8.544380e-01  1.776179e-03  
   1.7282300  9.097220e-01  1.999462e-03  9.097370e-01  1.999582e-03  8.581905e-01  1.820066e-03  
   1.7492300  9.139664e-01  2.046494e-03  9.139816e-01  2.046621e-03  8.620297e-01  1.865751e-03  
   1.7702301  9.183098e-01  2.094915e-03  9.183250e-01  2.095046e-03  8.659579e-01  1.913392e-03  
   1.7912300  9.227554e-01  2.144809e-03  9.227710e-01  2.144948e-03  8.699780e-01  1.963160e-03  
   1.8112299  9.270868e-01  2.193789e-03  9.271026e-01  2.193934e-03  8.738942e-01  2.012704e-03  
   1.8322300  9.317394e-01  2.246852e-03  9.317561e-01  2.247003e-03  8.781009e-01  2.067169e-03  
   1.8532300  9.365030e-01  2.301701e-03  9.365196e-01  2.301859e-03  8.824071e-01  2.124354e-03  
   1.8742300  9.413808e-01  2.358458e-03  9.413978e-01  2.358623e-03  8.868158e-01  2.184505e-03  
   1.8952301  9.463757e-01  2.417253e-03  9.463928e-01  2.417425e-03  8.913304e-01  2.247899e-03  
   1.9162300  9.514919e-01  2.478227e-03  9.515090e-01  2.478405e-03  8.959539e-01  2.314850e-03  
   1.9362299  9.564788e-01  2.538454e-03  9.564964e-01  2.538640e-03  9.004605e-01  2.382242e-03  
   1.9572300  9.618402e-01  2.604112e-03  9.618587e-01  2.604305e-03  9.053050e-01  2.457197e-03  
   1.9782300  9.673339e-01  2.672410e-03  9.673523e-01  2.672610e-03  9.102686e-01  2.536877e-03  
   1.9992300  9.729626e-01  2.743523e-03  9.729811e-01  2.743731e-03  9.153543e-01  2.621765e-03  
   2.0202301  9.787322e-01  2.817642e-03  9.787515e-01  2.817858e-03  9.205660e-01  2.712384e-03  
   2.0412300  9.846459e-01  2.894970e-03  9.846654e-01  2.895195e-03  9.259071e-01  2.809309e-03  
   2.0612299  9.904161e-01  2.971805e-03  9.904362e-01  2.972037e-03  9.311190e-01  2.908055e-03  
   2.0822301  9.966259e-01  3.056071e-03  9.966463e-01  3.056312e-03  9.367256e-01  3.019158e-03  
   2.1038301  1.003180e+00  3.146871e-03  1.003201e+00  3.147122e-03  9.426418e-01  3.142159e-03  
   2.1238301  1.009404e+00  3.234969e-03  1.009426e+00  3.235230e-03  9.482587e-01  3.264745e-03  
   2.1448300  1.016107e+00  3.331990e-03  1.016129e+00  3.332262e-03  9.543049e-01  3.403403e-03  
   2.1658299  1.022987e+00  3.434037e-03  1.023009e+00  3.434320e-03  9.605086e-01  3.553328e-03  
   2.1868300  1.030052e+00  3.541574e-03  1.030075e+00  3.541870e-03  9.668757e-01  3.715757e-03  
   2.2078300  1.037307e+00  3.655110e-03  1.037330e+00  3.655421e-03  9.734108e-01  3.892038e-03  
   2.2278299  1.044402e+00  3.769340e-03  1.044426e+00  3.769662e-03  9.797971e-01  4.074158e-03  
   2.2488301  1.052054e+00  3.896281e-03  1.052078e+00  3.896622e-03  9.866787e-01  4.281810e-03  
   2.2698300  1.059920e+00  4.031045e-03  1.059945e+00  4.031404e-03  9.937471e-01  4.507844e-03  
   2.2908299  1.068009e+00  4.174350e-03  1.068035e+00  4.174729e-03  1.001009e+00  4.753835e-03  
   2.3118300  1.076332e+00  4.326945e-03  1.076358e+00  4.327347e-03  1.008471e+00  5.021285e-03  
   2.3328300  1.084897e+00  4.489616e-03  1.084923e+00  4.490044e-03  1.016140e+00  5.311573e-03  
   2.3528299  1.093289e+00  4.654666e-03  1.093316e+00  4.655121e-03  1.023642e+00  5.610407e-03  
   2.3738301  1.102357e+00  4.839439e-03  1.102385e+00  4.839924e-03  1.031737e+00  5.948699e-03  
   2.3948300  1.111701e+00  5.036863e-03  1.111730e+00  5.037379e-03  1.040063e+00  6.312984e-03  
   2.4158299  1.121333e+00  5.247916e-03  1.121362e+00  5.248470e-03  1.048627e+00  6.704021e-03  
   2.4368300  1.131266e+00  5.473669e-03  1.131297e+00  5.474262e-03  1.057442e+00  7.122467e-03  
   2.4578300  1.141516e+00  5.715280e-03  1.141547e+00  5.715916e-03  1.066518e+00  7.568923e-03  
   2.4778299  1.151585e+00  5.961308e-03  1.151617e+00  5.961986e-03  1.075414e+00  8.020720e-03  
   2.4988301  1.162499e+00  6.237744e-03  1.162531e+00  6.238470e-03  1.085033e+00  8.523731e-03  
   2.5204301  1.174108e+00  6.543112e-03  1.174142e+00  6.543892e-03  1.095238e+00  9.072582e-03  
   2.5404301  1.185223e+00  6.846603e-03  1.185258e+00  6.847437e-03  1.104984e+00  9.610205e-03  
   2.5614300  1.197295e+00  7.188784e-03  1.197331e+00  7.189675e-03  1.115541e+00  1.020645e-02  
   2.5824299  1.209800e+00  7.557443e-03  1.209838e+00  7.558398e-03  1.126446e+00  1.083676e-02  
   2.6034300  1.222769e+00  7.955438e-03  1.222808e+00  7.956462e-03  1.137721e+00  1.150309e-02  
   2.6244299  1.236229e+00  8.386144e-03  1.236269e+00  8.387242e-03  1.149388e+00  1.220775e-02  
   2.6444299  1.249538e+00  8.830523e-03  1.249579e+00  8.831697e-03  1.160888e+00  1.291706e-02  
   2.6654301  1.264061e+00  9.337924e-03  1.264103e+00  9.339188e-03  1.173395e+00  1.370529e-02  
   2.6864300  1.279188e+00  9.893523e-03  1.279232e+00  9.894886e-03  1.186376e+00  1.454229e-02  
   2.7074299  1.294966e+00  1.050582e-02  1.295013e+00  1.050730e-02  1.199867e+00  1.543365e-02  
   2.7284300  1.311451e+00  1.118616e-02  1.311498e+00  1.118775e-02  1.213906e+00  1.638672e-02  
   2.7494299  1.328701e+00  1.194978e-02  1.328750e+00  1.195152e-02  1.228538e+00  1.741130e-02  
   2.7694299  1.345904e+00  1.277341e-02  1.345956e+00  1.277532e-02  1.243070e+00  1.846560e-02  
   2.7904301  1.364856e+00  1.376631e-02  1.364909e+00  1.376842e-02  1.259008e+00  1.967193e-02  
   2.8114300  1.384801e+00  1.492762e-02  1.384857e+00  1.492999e-02  1.275704e+00  2.100305e-02  
   2.8324299  1.405837e+00  1.630803e-02  1.405896e+00  1.631073e-02  1.293226e+00  2.248985e-02  
   2.8534300  1.428070e+00  1.797499e-02  1.428131e+00  1.797811e-02  1.311653e+00  2.417291e-02  
   2.8744299  1.451611e+00  2.001699e-02  1.451676e+00  2.002065e-02  1.331066e+00  2.610469e-02  
   2.8944299  1.475360e+00  2.241485e-02  1.475428e+00  2.241919e-02  1.350556e+00  2.823713e-02  
   2.9154301  1.501805e+00  2.554738e-02  1.501878e+00  2.555265e-02  1.372162e+00  3.086482e-02  
   2.9370301  1.530745e+00  2.961350e-02  1.530821e+00  2.962003e-02  1.395710e+00  3.409266e-02  
   2.9570301  1.559213e+00  3.434794e-02  1.559294e+00  3.435600e-02  1.418805e+00  3.767847e-02  
   2.9780300  1.590920e+00  4.057787e-02  1.591006e+00  4.058797e-02  1.444486e+00  4.221583e-02  
   2.9990301  1.624543e+00  4.840027e-02  1.624634e+00  4.841295e-02  1.471724e+00  4.773293e-02  
   3.0200300  1.660094e+00  5.816511e-02  1.660191e+00  5.818105e-02  1.500593e+00  5.445665e-02  
   3.0410299  1.697525e+00  7.026034e-02  1.697628e+00  7.028025e-02  1.531146e+00  6.265215e-02  
   3.0610299  1.734813e+00  8.432651e-02  1.734922e+00  8.435096e-02  1.561829e+00  7.210329e-02  
   3.0820301  1.775490e+00  1.021828e-01  1.775605e+00  1.022128e-01  1.595687e+00  8.408175e-02  
   3.1030300  1.817434e+00  1.236184e-01  1.817555e+00  1.236550e-01  1.631142e+00  9.853052e-02  
   3.1240301  1.860248e+00  1.490310e-01  1.860375e+00  1.490750e-01  1.668044e+00  1.158448e-01  
   3.1450300  1.903433e+00  1.787632e-01  1.903565e+00  1.788153e-01  1.706156e+00  1.364295e-01  
   3.1660299  1.946402e+00  2.130776e-01  1.946539e+00  2.131386e-01  1.745147e+00  1.606829e-01  
   3.1860299  1.986516e+00  2.501616e-01  1.986656e+00  2.502316e-01  1.782709e+00  1.875302e-01  
   3.2070301  2.027105e+00  2.937517e-01  2.027247e+00  2.938312e-01  1.822087e+00  2.199594e-01  
   3.2280300  2.065405e+00  3.419928e-01  2.065548e+00  3.420820e-01  1.860790e+00  2.569616e-01  
   3.2490301  2.100703e+00  3.946192e-01  2.100845e+00  3.947178e-01  1.898114e+00  2.986636e-01  
   3.2700300  2.132339e+00  4.512111e-01  2.132479e+00  4.513187e-01  1.933291e+00  3.450543e-01  
   3.2910299  2.159750e+00  5.112129e-01  2.159886e+00  5.113287e-01  1.965528e+00  3.959676e-01  
   3.3110299  2.181522e+00  5.709155e-01  2.181653e+00  5.710382e-01  1.992774e+00  4.483550e-01  
   3.3320301  2.199554e+00  6.355700e-01  2.199679e+00  6.356989e-01  2.017044e+00  5.069685e-01  
   3.3536301  2.212817e+00  7.033546e-01  2.212934e+00  7.034883e-01  2.036702e+00  5.704134e-01  
   3.3736300  2.220358e+00  7.665402e-01  2.220465e+00  7.666776e-01  2.049626e+00  6.312475e-01  
   3.3946300  2.223572e+00  8.326030e-01  2.223669e+00  8.327433e-01  2.057407e+00  6.963819e-01  
   3.4156301  2.222308e+00  8.977321e-01  2.222395e+00  8.978745e-01  2.059130e+00  7.618200e-01  
   3.4366300  2.217018e+00  9.613837e-01  2.217093e+00  9.615266e-01  2.054883e+00  8.265358e-01  
   3.4576299  2.208228e+00  1.023151e+00  2.208291e+00  1.023295e+00  2.044986e+00  8.895401e-01  
   3.4776299  2.197109e+00  1.079982e+00  2.197161e+00  1.080126e+00  2.030795e+00  9.471276e-01  
   3.4986300  2.183069e+00  1.137434e+00  2.183108e+00  1.137579e+00  2.011581e+00  1.004323e+00  
   3.5196300  2.167093e+00  1.192597e+00  2.167119e+00  1.192742e+00  1.988796e+00  1.057593e+00  
   3.5406301  2.149605e+00  1.245550e+00  2.149618e+00  1.245697e+00  1.963394e+00  1.106566e+00  
   3.5616300  2.130936e+00  1.296429e+00  2.130936e+00  1.296576e+00  1.936361e+00  1.151094e+00  
   3.5826299  2.111323e+00  1.345395e+00  2.111309e+00  1.345545e+00  1.908647e+00  1.191255e+00  
   3.6026299  2.091904e+00  1.390392e+00  2.091877e+00  1.390543e+00  1.882405e+00  1.225698e+00  
   3.6236300  2.070815e+00  1.436032e+00  2.070777e+00  1.436185e+00  1.855699e+00  1.258290e+00  
   3.6446300  2.049050e+00  1.480092e+00  2.049001e+00  1.480247e+00  1.830394e+00  1.287770e+00  
   3.6656301  2.026634e+00  1.522581e+00  2.026573e+00  1.522738e+00  1.806835e+00  1.314755e+00  
   3.6866300  2.003609e+00  1.563453e+00  2.003542e+00  1.563611e+00  1.785174e+00  1.339867e+00  
   3.7076299  1.980065e+00  1.602624e+00  1.979990e+00  1.602783e+00  1.765386e+00  1.363680e+00  
   3.7276299  1.957294e+00  1.638257e+00  1.957216e+00  1.638416e+00  1.748136e+00  1.385594e+00  
   3.7486300  1.933241e+00  1.673833e+00  1.933160e+00  1.673992e+00  1.731460e+00  1.408154e+00  
   3.7702301  1.908664e+00  1.708418e+00  1.908582e+00  1.708576e+00  1.715550e+00  1.431127e+00  
   3.7902300  1.886404e+00  1.738659e+00  1.886324e+00  1.738815e+00  1.701688e+00  1.452300e+00  
   3.8112299  1.863958e+00  1.768700e+00  1.863882e+00  1.768854e+00  1.687832e+00  1.474451e+00  
   3.8322301  1.842905e+00  1.797244e+00  1.842833e+00  1.797396e+00  1.674582e+00  1.496480e+00  
   3.8532300  1.823684e+00  1.824686e+00  1.823619e+00  1.824836e+00  1.661942e+00  1.518318e+00  
   3.8742299  1.806695e+00  1.851563e+00  1.806638e+00  1.851710e+00  1.650037e+00  1.539924e+00  
   3.8942299  1.792879e+00  1.877243e+00  1.792829e+00  1.877388e+00  1.639592e+00  1.560305e+00  
   3.9152300  1.781041e+00  1.905043e+00  1.780999e+00  1.905186e+00  1.629863e+00  1.581614e+00  
   3.9362299  1.771984e+00  1.934554e+00  1.771951e+00  1.934697e+00  1.621757e+00  1.603070e+00  
   3.9572301  1.765580e+00  1.966701e+00  1.765554e+00  1.966845e+00  1.615637e+00  1.625059e+00  
   3.9782300  1.761497e+00  2.002422e+00  1.761475e+00  2.002566e+00  1.611824e+00  1.648109e+00  
   3.9992299  1.759192e+00  2.042619e+00  1.759175e+00  2.042766e+00  1.610542e+00  1.672884e+00  
   4.0192299  1.757967e+00  2.085820e+00  1.757951e+00  2.085970e+00  1.611756e+00  1.698793e+00  
   4.0402298  1.756787e+00  2.137018e+00  1.756770e+00  2.137172e+00  1.615501e+00  1.729253e+00  
   4.0612302  1.754607e+00  2.194712e+00  1.754586e+00  2.194871e+00  1.621477e+00  1.763939e+00  
   4.0822301  1.750158e+00  2.259216e+00  1.750130e+00  2.259380e+00  1.629139e+00  1.803746e+00  
   4.1032300  1.742062e+00  2.330596e+00  1.742023e+00  2.330765e+00  1.637681e+00  1.849519e+00  
   4.1242299  1.728886e+00  2.408655e+00  1.728834e+00  2.408829e+00  1.646036e+00  1.901981e+00  
   4.1442299  1.710299e+00  2.488769e+00  1.710230e+00  2.488947e+00  1.652616e+00  1.958667e+00  
   4.1652298  1.683112e+00  2.578231e+00  1.683022e+00  2.578412e+00  1.656605e+00  2.025546e+00  
   4.1868300  1.645621e+00  2.674911e+00  1.645509e+00  2.675091e+00  1.655818e+00  2.102221e+00  
   4.2068300  1.601240e+00  2.767472e+00  1.601105e+00  2.767652e+00  1.648962e+00  2.180040e+00  
   4.2278299  1.543734e+00  2.866400e+00  1.543574e+00  2.866574e+00  1.633631e+00  2.268128e+00  
   4.2488298  1.474375e+00  2.965508e+00  1.474188e+00  2.965676e+00  1.608216e+00  2.361662e+00  
   4.2698302  1.392727e+00  3.063056e+00  1.392513e+00  3.063214e+00  1.571104e+00  2.459147e+00  
   4.2908301  1.298639e+00  3.157208e+00  1.298399e+00  3.157352e+00  1.520959e+00  2.558703e+00  
   4.3108301  1.197588e+00  3.242020e+00  1.197324e+00  3.242149e+00  1.460208e+00  2.653445e+00  
   4.3318300  1.079871e+00  3.324186e+00  1.079582e+00  3.324299e+00  1.382296e+00  2.750520e+00  
   4.3528299  9.509475e-01  3.397528e+00  9.506356e-01  3.397623e+00  1.289947e+00  2.842617e+00  
   4.3738298  8.117907e-01  3.460334e+00  8.114574e-01  3.460408e+00  1.183752e+00  2.927162e+00  
   4.3948302  6.636283e-01  3.511027e+00  6.632758e-01  3.511081e+00  1.064878e+00  3.001702e+00  
   4.4158301  5.079380e-01  3.548196e+00  5.075680e-01  3.548228e+00  9.350317e-01  3.064012e+00  
   4.4358301  3.542013e-01  3.569923e+00  3.538170e-01  3.569933e+00  8.031492e-01  3.110290e+00  
   4.4568300  1.888454e-01  3.577454e+00  1.884484e-01  3.577441e+00  6.584681e-01  3.143812e+00  
   4.4778299  2.146055e-02  3.568651e+00  2.105326e-02  3.568611e+00  5.101489e-01  3.161032e+00  
   4.4988298  -1.457985e-01  3.543133e+00  -1.462131e-01  3.543065e+00  3.610481e-01  3.161638e+00  
   4.5198302  -3.106995e-01  3.500856e+00  -3.111180e-01  3.500758e+00  2.139727e-01  3.145881e+00  
   4.5408301  -4.709679e-01  3.442149e+00  -4.713869e-01  3.442018e+00  7.155642e-02  3.114560e+00  
   4.5608301  -6.172549e-01  3.371606e+00  -6.176704e-01  3.371442e+00  -5.761627e-02  3.071417e+00  
   4.5818300  -7.621302e-01  3.283216e+00  -7.625377e-01  3.283017e+00  -1.845891e-01  3.013714e+00  
   4.6034298  -8.997775e-01  3.178524e+00  -9.001713e-01  3.178285e+00  -3.043742e-01  2.943106e+00  
   4.6234298  -1.015338e+00  3.070829e+00  -1.015713e+00  3.070554e+00  -4.045275e-01  2.869510e+00  
   4.6444302  -1.123013e+00  2.948670e+00  -1.123364e+00  2.948357e+00  -4.979838e-01  2.785818e+00  
   4.6654301  -1.215693e+00  2.819528e+00  -1.216013e+00  2.819179e+00  -5.792831e-01  2.697638e+00  
   4.6864300  -1.292808e+00  2.685890e+00  -1.293092e+00  2.685509e+00  -6.486280e-01  2.606966e+00  
   4.7074299  -1.354250e+00  2.550288e+00  -1.354490e+00  2.549880e+00  -7.065226e-01  2.515611e+00  
   4.7274299  -1.398512e+00  2.421567e+00  -1.398708e+00  2.421139e+00  -7.516853e-01  2.429419e+00  
   4.7484298  -1.430763e+00  2.289049e+00  -1.430909e+00  2.288608e+00  -7.894867e-01  2.341047e+00  
   4.7694302  -1.449562e+00  2.161221e+00  -1.449654e+00  2.160775e+00  -8.184053e-01  2.255909e+00  
   4.7904301  -1.456325e+00  2.039770e+00  -1.456363e+00  2.039326e+00  -8.394641e-01  2.174829e+00  
   4.8114300  -1.452663e+00  1.925992e+00  -1.452647e+00  1.925562e+00  -8.536839e-01  2.098385e+00  
   4.8324299  -1.440280e+00  1.820795e+00  -1.440211e+00  1.820385e+00  -8.620479e-01  2.026947e+00  
   4.8524299  -1.421936e+00  1.729063e+00  -1.421820e+00  1.728682e+00  -8.654120e-01  1.963738e+00  
   4.8734298  -1.397363e+00  1.641800e+00  -1.397202e+00  1.641456e+00  -8.649248e-01  1.902475e+00  
   4.8944302  -1.368822e+00  1.563703e+00  -1.368620e+00  1.563402e+00  -8.610703e-01  1.846363e+00  
   4.9154301  -1.337637e+00  1.494432e+00  -1.337400e+00  1.494180e+00  -8.545237e-01  1.795230e+00  
   4.9364300  -1.304937e+00  1.433467e+00  -1.304671e+00  1.433269e+00  -8.458743e-01  1.748833e+00  
   4.9574299  -1.271648e+00  1.380173e+00  -1.271360e+00  1.380032e+00  -8.356284e-01  1.706885e+00  
   4.9774299  -1.240074e+00  1.335910e+00  -1.239770e+00  1.335825e+00  -8.247802e-01  1.670780e+00  
   4.9984298  -1.207599e+00  1.295556e+00  -1.207284e+00  1.295532e+00  -8.125911e-01  1.636592e+00  
