w Re-xx Im-xx Re-yy Im-yy Re-zz Im-zz
# Gaussian absolute broadening  0.15 [eV]
   0.0000000  7.687846e-01  8.847407e-05  7.687848e-01  8.849001e-05  7.244721e-01  7.872158e-05  
   0.0200000  7.688848e-01  9.469005e-05  7.688850e-01  9.470682e-05  7.245613e-01  8.425167e-05  
   0.0410000  7.690037e-01  1.017735e-04  7.690038e-01  1.017911e-04  7.246668e-01  9.055316e-05  
   0.0620000  7.691389e-01  1.094634e-04  7.691391e-01  1.094818e-04  7.247875e-01  9.739374e-05  
   0.0830000  7.692930e-01  1.177938e-04  7.692933e-01  1.178129e-04  7.249244e-01  1.048035e-04  
   0.1040000  7.694674e-01  1.267942e-04  7.694676e-01  1.268140e-04  7.250797e-01  1.128086e-04  
   0.1240000  7.696547e-01  1.360100e-04  7.696549e-01  1.360304e-04  7.252462e-01  1.210048e-04  
   0.1450000  7.698756e-01  1.463782e-04  7.698758e-01  1.463990e-04  7.254429e-01  1.302250e-04  
   0.1660000  7.701239e-01  1.574612e-04  7.701241e-01  1.574825e-04  7.256635e-01  1.400799e-04  
   0.1870000  7.704010e-01  1.692555e-04  7.704013e-01  1.692771e-04  7.259104e-01  1.505662e-04  
   0.2080000  7.707095e-01  1.817465e-04  7.707096e-01  1.817684e-04  7.261848e-01  1.616707e-04  
   0.2290000  7.710508e-01  1.949090e-04  7.710513e-01  1.949310e-04  7.264884e-01  1.733706e-04  
   0.2490000  7.714086e-01  2.080367e-04  7.714088e-01  2.080588e-04  7.268065e-01  1.850381e-04  
   0.2700000  7.718189e-01  2.224004e-04  7.718191e-01  2.224225e-04  7.271715e-01  1.978020e-04  
   0.2910000  7.722663e-01  2.373084e-04  7.722665e-01  2.373305e-04  7.275692e-01  2.110475e-04  
   0.3120000  7.727514e-01  2.527072e-04  7.727517e-01  2.527294e-04  7.280006e-01  2.247265e-04  
   0.3330000  7.732746e-01  2.685415e-04  7.732749e-01  2.685637e-04  7.284659e-01  2.387894e-04  
   0.3540000  7.738363e-01  2.847578e-04  7.738368e-01  2.847802e-04  7.289653e-01  2.531886e-04  
   0.3740000  7.744072e-01  3.005117e-04  7.744077e-01  3.005342e-04  7.294729e-01  2.671737e-04  
   0.3950000  7.750443e-01  3.173354e-04  7.750448e-01  3.173583e-04  7.300394e-01  2.821051e-04  
   0.4160000  7.757196e-01  3.344107e-04  7.757202e-01  3.344342e-04  7.306397e-01  2.972557e-04  
   0.4374300  7.764491e-01  3.520633e-04  7.764496e-01  3.520874e-04  7.312878e-01  3.129139e-04  
   0.4574300  7.771655e-01  3.687228e-04  7.771659e-01  3.687475e-04  7.319246e-01  3.276865e-04  
   0.4784300  7.779551e-01  3.863899e-04  7.779557e-01  3.864154e-04  7.326264e-01  3.433481e-04  
   0.4994300  7.787832e-01  4.042243e-04  7.787836e-01  4.042507e-04  7.333618e-01  3.591524e-04  
   0.5204300  7.796491e-01  4.222187e-04  7.796498e-01  4.222459e-04  7.341313e-01  3.750930e-04  
   0.5414300  7.805539e-01  4.403699e-04  7.805544e-01  4.403978e-04  7.349351e-01  3.911666e-04  
   0.5614300  7.814514e-01  4.578020e-04  7.814521e-01  4.578303e-04  7.357324e-01  4.065981e-04  
   0.5824300  7.824319e-01  4.762605e-04  7.824327e-01  4.762891e-04  7.366031e-01  4.229315e-04  
   0.6034300  7.834511e-01  4.948805e-04  7.834520e-01  4.949092e-04  7.375082e-01  4.394014e-04  
   0.6244300  7.845101e-01  5.136675e-04  7.845111e-01  5.136962e-04  7.384484e-01  4.560123e-04  
   0.6454300  7.856091e-01  5.326266e-04  7.856100e-01  5.326549e-04  7.394237e-01  4.727684e-04  
   0.6664300  7.867480e-01  5.517643e-04  7.867489e-01  5.517922e-04  7.404346e-01  4.896750e-04  
   0.6864300  7.878699e-01  5.701623e-04  7.878708e-01  5.701894e-04  7.414303e-01  5.059213e-04  
   0.7074300  7.890881e-01  5.896678e-04  7.890890e-01  5.896940e-04  7.425110e-01  5.231380e-04  
   0.7284300  7.903472e-01  6.093719e-04  7.903483e-01  6.093973e-04  7.436281e-01  5.405222e-04  
   0.7494300  7.916480e-01  6.292827e-04  7.916492e-01  6.293072e-04  7.447819e-01  5.580806e-04  
   0.7704300  7.929906e-01  6.494070e-04  7.929917e-01  6.494309e-04  7.459726e-01  5.758192e-04  
   0.7914300  7.943761e-01  6.697538e-04  7.943774e-01  6.697769e-04  7.472010e-01  5.937447e-04  
   0.8114300  7.957348e-01  6.893454e-04  7.957359e-01  6.893679e-04  7.484054e-01  6.109965e-04  
   0.8324300  7.972040e-01  7.101497e-04  7.972053e-01  7.101720e-04  7.497077e-01  6.293074e-04  
   0.8540300  7.987614e-01  7.318074e-04  7.987630e-01  7.318295e-04  7.510877e-01  6.483592e-04  
   0.8740300  8.002451e-01  7.521033e-04  8.002467e-01  7.521253e-04  7.524022e-01  6.662033e-04  
   0.8950300  8.018470e-01  7.736747e-04  8.018488e-01  7.736969e-04  7.538208e-01  6.851584e-04  
   0.9160300  8.034945e-01  7.955231e-04  8.034961e-01  7.955458e-04  7.552798e-01  7.043461e-04  
   0.9370300  8.051879e-01  8.176590e-04  8.051897e-01  8.176823e-04  7.567790e-01  7.237748e-04  
   0.9580300  8.069281e-01  8.400934e-04  8.069299e-01  8.401174e-04  7.583194e-01  7.434532e-04  
   0.9780300  8.086300e-01  8.617471e-04  8.086318e-01  8.617723e-04  7.598251e-01  7.624357e-04  
   0.9990300  8.104637e-01  8.847967e-04  8.104655e-01  8.848229e-04  7.614474e-01  7.826291e-04  
   1.0200300  8.123462e-01  9.081785e-04  8.123482e-01  9.082056e-04  7.631123e-01  8.031001e-04  
   1.0410300  8.142784e-01  9.319044e-04  8.142805e-01  9.319333e-04  7.648205e-01  8.238587e-04  
   1.0620300  8.162611e-01  9.559872e-04  8.162631e-01  9.560173e-04  7.665732e-01  8.449150e-04  
   1.0830300  8.182945e-01  9.804387e-04  8.182967e-01  9.804703e-04  7.683703e-01  8.662787e-04  
   1.1030300  8.202791e-01  1.004080e-03  8.202815e-01  1.004114e-03  7.701236e-01  8.869210e-04  
   1.1240300  8.224146e-01  1.029289e-03  8.224170e-01  1.029324e-03  7.720096e-01  9.089158e-04  
   1.1450300  8.246032e-01  1.054905e-03  8.246059e-01  1.054943e-03  7.739419e-01  9.312505e-04  
   1.1660300  8.268461e-01  1.080944e-03  8.268490e-01  1.080983e-03  7.759217e-01  9.539362e-04  
   1.1870300  8.291442e-01  1.107418e-03  8.291470e-01  1.107460e-03  7.779495e-01  9.769851e-04  
   1.2080300  8.314981e-01  1.134346e-03  8.315010e-01  1.134390e-03  7.800261e-01  1.000410e-03  
   1.2280300  8.337927e-01  1.160425e-03  8.337957e-01  1.160471e-03  7.820492e-01  1.023079e-03  
   1.2490300  8.362584e-01  1.188280e-03  8.362616e-01  1.188328e-03  7.842228e-01  1.047274e-03  
   1.2706300  8.388567e-01  1.217456e-03  8.388600e-01  1.217506e-03  7.865123e-01  1.072594e-03  
   1.2906300  8.413187e-01  1.244959e-03  8.413221e-01  1.245012e-03  7.886809e-01  1.096445e-03  
   1.3116300  8.439637e-01  1.274365e-03  8.439671e-01  1.274420e-03  7.910099e-01  1.121924e-03  
   1.3326300  8.466707e-01  1.304329e-03  8.466743e-01  1.304387e-03  7.933928e-01  1.147865e-03  
   1.3536299  8.494411e-01  1.334872e-03  8.494448e-01  1.334932e-03  7.958305e-01  1.174285e-03  
   1.3746300  8.522765e-01  1.366017e-03  8.522804e-01  1.366079e-03  7.983240e-01  1.201201e-03  
   1.3946300  8.550385e-01  1.396259e-03  8.550426e-01  1.396324e-03  8.007524e-01  1.227315e-03  
   1.4156300  8.580042e-01  1.428645e-03  8.580084e-01  1.428712e-03  8.033587e-01  1.255254e-03  
   1.4366300  8.610389e-01  1.461702e-03  8.610434e-01  1.461771e-03  8.060247e-01  1.283747e-03  
   1.4576300  8.641439e-01  1.495455e-03  8.641485e-01  1.495527e-03  8.087510e-01  1.312813e-03  
   1.4786299  8.673209e-01  1.529931e-03  8.673256e-01  1.530006e-03  8.115395e-01  1.342472e-03  
   1.4996300  8.705714e-01  1.565158e-03  8.705762e-01  1.565235e-03  8.143910e-01  1.372747e-03  
   1.5196300  8.737361e-01  1.599429e-03  8.737411e-01  1.599509e-03  8.171660e-01  1.402174e-03  
   1.5406300  8.771338e-01  1.636202e-03  8.771391e-01  1.636285e-03  8.201441e-01  1.433717e-03  
   1.5616300  8.806100e-01  1.673813e-03  8.806154e-01  1.673898e-03  8.231891e-01  1.465947e-03  
   1.5826300  8.841657e-01  1.712292e-03  8.841711e-01  1.712381e-03  8.263025e-01  1.498887e-03  
   1.6036299  8.878032e-01  1.751676e-03  8.878091e-01  1.751768e-03  8.294859e-01  1.532565e-03  
   1.6246300  8.915242e-01  1.792001e-03  8.915301e-01  1.792095e-03  8.327405e-01  1.567011e-03  
   1.6446300  8.951470e-01  1.831312e-03  8.951531e-01  1.831410e-03  8.359079e-01  1.600556e-03  
   1.6656300  8.990366e-01  1.873582e-03  8.990428e-01  1.873683e-03  8.393062e-01  1.636586e-03  
   1.6872300  9.031313e-01  1.918163e-03  9.031377e-01  1.918268e-03  8.428822e-01  1.674545e-03  
   1.7072300  9.070094e-01  1.960485e-03  9.070161e-01  1.960593e-03  8.462666e-01  1.710538e-03  
   1.7282300  9.111729e-01  2.006046e-03  9.111799e-01  2.006158e-03  8.498986e-01  1.749242e-03  
   1.7492300  9.154341e-01  2.052809e-03  9.154412e-01  2.052925e-03  8.536126e-01  1.788921e-03  
   1.7702301  9.197940e-01  2.100828e-03  9.198014e-01  2.100948e-03  8.574110e-01  1.829615e-03  
   1.7912300  9.242564e-01  2.150160e-03  9.242640e-01  2.150284e-03  8.612961e-01  1.871372e-03  
   1.8112299  9.286041e-01  2.198422e-03  9.286121e-01  2.198550e-03  8.650789e-01  1.912173e-03  
   1.8322300  9.332741e-01  2.250501e-03  9.332825e-01  2.250634e-03  8.691398e-01  1.956147e-03  
   1.8532300  9.380554e-01  2.304087e-03  9.380642e-01  2.304224e-03  8.732944e-01  2.001334e-03  
   1.8742300  9.429513e-01  2.359255e-03  9.429603e-01  2.359398e-03  8.775454e-01  2.047794e-03  
   1.8952301  9.479647e-01  2.416087e-03  9.479740e-01  2.416233e-03  8.818957e-01  2.095590e-03  
   1.9162300  9.530993e-01  2.474665e-03  9.531088e-01  2.474816e-03  8.863472e-01  2.144785e-03  
   1.9362299  9.581047e-01  2.532162e-03  9.581146e-01  2.532318e-03  8.906839e-01  2.193007e-03  
   1.9572300  9.634861e-01  2.594425e-03  9.634960e-01  2.594585e-03  8.953429e-01  2.245150e-03  
   1.9782300  9.689996e-01  2.658727e-03  9.690100e-01  2.658894e-03  9.001118e-01  2.298921e-03  
   1.9992300  9.746489e-01  2.725187e-03  9.746597e-01  2.725360e-03  9.049949e-01  2.354411e-03  
   2.0202301  9.804390e-01  2.793933e-03  9.804505e-01  2.794111e-03  9.099953e-01  2.411721e-03  
   2.0412300  9.863746e-01  2.865101e-03  9.863859e-01  2.865284e-03  9.151169e-01  2.470955e-03  
   2.0612299  9.921663e-01  2.935271e-03  9.921784e-01  2.935461e-03  9.201100e-01  2.529270e-03  
   2.0822301  9.983991e-01  3.011622e-03  9.984115e-01  3.011819e-03  9.254786e-01  2.592624e-03  
   2.1038301  1.004977e+00  3.093205e-03  1.004990e+00  3.093408e-03  9.311391e-01  2.660210e-03  
   2.1238301  1.011225e+00  3.171690e-03  1.011238e+00  3.171901e-03  9.365101e-01  2.725136e-03  
   2.1448300  1.017953e+00  3.257370e-03  1.017967e+00  3.257590e-03  9.422886e-01  2.795913e-03  
   2.1658299  1.024859e+00  3.346648e-03  1.024873e+00  3.346878e-03  9.482139e-01  2.869564e-03  
   2.1868300  1.031951e+00  3.439807e-03  1.031966e+00  3.440046e-03  9.542921e-01  2.946320e-03  
   2.2078300  1.039235e+00  3.537150e-03  1.039250e+00  3.537401e-03  9.605285e-01  3.026438e-03  
   2.2278299  1.046359e+00  3.634067e-03  1.046374e+00  3.634330e-03  9.666201e-01  3.106130e-03  
   2.2488301  1.054041e+00  3.740616e-03  1.054057e+00  3.740891e-03  9.731826e-01  3.193668e-03  
   2.2698300  1.061939e+00  3.852475e-03  1.061956e+00  3.852765e-03  9.799212e-01  3.285507e-03  
   2.2908299  1.070063e+00  3.970110e-03  1.070081e+00  3.970412e-03  9.868442e-01  3.382035e-03  
   2.3118300  1.078423e+00  4.094024e-03  1.078441e+00  4.094342e-03  9.939584e-01  3.483681e-03  
   2.3328300  1.087027e+00  4.224773e-03  1.087045e+00  4.225111e-03  1.001271e+00  3.590910e-03  
   2.3528299  1.095459e+00  4.356213e-03  1.095478e+00  4.356567e-03  1.008428e+00  3.698701e-03  
   2.3738301  1.104573e+00  4.502123e-03  1.104593e+00  4.502498e-03  1.016153e+00  3.818379e-03  
   2.3948300  1.113966e+00  4.656848e-03  1.113987e+00  4.657244e-03  1.024102e+00  3.945330e-03  
   2.4158299  1.123651e+00  4.821196e-03  1.123672e+00  4.821617e-03  1.032285e+00  4.080253e-03  
   2.4368300  1.133642e+00  4.996060e-03  1.133664e+00  4.996506e-03  1.040714e+00  4.223924e-03  
   2.4578300  1.143954e+00  5.182430e-03  1.143978e+00  5.182904e-03  1.049399e+00  4.377207e-03  
   2.4778299  1.154090e+00  5.371635e-03  1.154115e+00  5.372138e-03  1.057920e+00  4.533013e-03  
   2.4988301  1.165080e+00  5.583800e-03  1.165105e+00  5.584336e-03  1.067143e+00  4.707978e-03  
   2.5204301  1.176775e+00  5.817929e-03  1.176801e+00  5.818504e-03  1.076938e+00  4.901370e-03  
   2.5404301  1.187978e+00  6.050625e-03  1.188005e+00  6.051239e-03  1.086301e+00  5.093899e-03  
   2.5614300  1.200150e+00  6.313273e-03  1.200178e+00  6.313929e-03  1.096452e+00  5.311552e-03  
   2.5824299  1.212767e+00  6.596895e-03  1.212797e+00  6.597598e-03  1.106950e+00  5.546919e-03  
   2.6034300  1.225860e+00  6.904211e-03  1.225891e+00  6.904967e-03  1.117816e+00  5.802192e-03  
   2.6244299  1.239457e+00  7.238517e-03  1.239490e+00  7.239335e-03  1.129069e+00  6.079957e-03  
   2.6444299  1.252911e+00  7.585789e-03  1.252944e+00  7.586668e-03  1.140172e+00  6.368257e-03  
   2.6654301  1.267602e+00  7.985780e-03  1.267637e+00  7.986735e-03  1.152259e+00  6.699564e-03  
   2.6864300  1.282915e+00  8.428669e-03  1.282952e+00  8.429704e-03  1.164814e+00  7.064782e-03  
   2.7074299  1.298901e+00  8.923403e-03  1.298940e+00  8.924528e-03  1.177873e+00  7.469836e-03  
   2.7284300  1.315617e+00  9.481947e-03  1.315657e+00  9.483180e-03  1.191470e+00  7.922282e-03  
   2.7494299  1.333123e+00  1.012047e-02  1.333165e+00  1.012183e-02  1.205646e+00  8.431868e-03  
   2.7694299  1.350598e+00  1.082296e-02  1.350642e+00  1.082447e-02  1.219729e+00  8.981833e-03  
   2.7904301  1.369866e+00  1.168816e-02  1.369912e+00  1.168986e-02  1.235174e+00  9.642896e-03  
   2.8114300  1.390164e+00  1.272340e-02  1.390213e+00  1.272535e-02  1.251350e+00  1.041043e-02  
   2.8324299  1.411595e+00  1.398236e-02  1.411647e+00  1.398463e-02  1.268318e+00  1.131183e-02  
   2.8534300  1.434269e+00  1.553654e-02  1.434324e+00  1.553922e-02  1.286149e+00  1.238242e-02  
   2.8744299  1.458306e+00  1.747993e-02  1.458364e+00  1.748317e-02  1.304917e+00  1.366750e-02  
   2.8944299  1.482581e+00  1.980378e-02  1.482643e+00  1.980775e-02  1.323739e+00  1.514344e-02  
   2.9154301  1.509648e+00  2.288882e-02  1.509713e+00  2.289378e-02  1.344581e+00  1.702745e-02  
   2.9370301  1.539306e+00  2.695126e-02  1.539374e+00  2.695758e-02  1.367271e+00  1.941661e-02  
   2.9570301  1.568518e+00  3.173770e-02  1.568591e+00  3.174568e-02  1.389500e+00  2.214204e-02  
   2.9780300  1.601096e+00  3.809795e-02  1.601173e+00  3.810815e-02  1.414197e+00  2.566855e-02  
   2.9990301  1.635687e+00  4.615011e-02  1.635769e+00  4.616316e-02  1.440377e+00  3.004070e-02  
   3.0200300  1.672306e+00  5.626941e-02  1.672393e+00  5.628606e-02  1.468120e+00  3.545854e-02  
   3.0410299  1.710906e+00  6.887127e-02  1.710997e+00  6.889235e-02  1.497496e+00  4.215856e-02  
   3.0610299  1.749395e+00  8.358736e-02  1.749490e+00  8.361357e-02  1.527028e+00  4.998250e-02  
   3.0820301  1.791414e+00  1.023286e-01  1.791512e+00  1.023611e-01  1.559671e+00  6.001236e-02  
   3.1030300  1.834765e+00  1.248811e-01  1.834866e+00  1.249211e-01  1.593946e+00  7.224227e-02  
   3.1240301  1.879028e+00  1.516624e-01  1.879131e+00  1.517108e-01  1.629745e+00  8.704811e-02  
   3.1450300  1.923669e+00  1.830271e-01  1.923771e+00  1.830850e-01  1.666884e+00  1.048239e-01  
   3.1660299  1.968060e+00  2.192401e-01  1.968162e+00  2.193085e-01  1.705091e+00  1.259677e-01  
   3.1860299  2.009460e+00  2.583709e-01  2.009560e+00  2.584498e-01  1.742137e+00  1.495858e-01  
   3.2070301  2.051277e+00  3.043391e-01  2.051373e+00  3.044294e-01  1.781277e+00  1.783698e-01  
   3.2280300  2.090635e+00  3.551582e-01  2.090724e+00  3.552602e-01  1.820110e+00  2.115081e-01  
   3.2490301  2.126769e+00  4.105149e-01  2.126850e+00  4.106285e-01  1.857989e+00  2.491852e-01  
   3.2700300  2.158980e+00  4.699326e-01  2.159052e+00  4.700573e-01  1.894192e+00  2.914619e-01  
   3.2910299  2.186664e+00  5.327913e-01  2.186726e+00  5.329265e-01  1.927961e+00  3.382547e-01  
   3.3110299  2.208396e+00  5.951825e-01  2.208447e+00  5.953266e-01  1.957161e+00  3.867941e-01  
   3.3320301  2.226051e+00  6.625630e-01  2.226091e+00  6.627150e-01  1.984008e+00  4.415371e-01  
   3.3536301  2.238559e+00  7.329848e-01  2.238587e+00  7.331439e-01  2.006876e+00  5.012786e-01  
   3.3736300  2.245071e+00  7.984131e-01  2.245089e+00  7.985770e-01  2.023253e+00  5.590164e-01  
   3.3946300  2.246867e+00  8.665842e-01  2.246876e+00  8.667520e-01  2.035130e+00  6.213195e-01  
   3.4156301  2.243848e+00  9.335393e-01  2.243848e+00  9.337093e-01  2.041372e+00  6.844204e-01  
   3.4366300  2.236480e+00  9.987170e-01  2.236472e+00  9.988877e-01  2.042001e+00  7.473437e-01  
   3.4576299  2.225292e+00  1.061701e+00  2.225279e+00  1.061871e+00  2.037250e+00  8.091320e-01  
   3.4776299  2.211603e+00  1.119404e+00  2.211584e+00  1.119573e+00  2.028119e+00  8.661119e-01  
   3.4986300  2.194565e+00  1.177476e+00  2.194543e+00  1.177642e+00  2.014279e+00  9.232449e-01  
   3.5196300  2.175292e+00  1.232963e+00  2.175267e+00  1.233126e+00  1.996818e+00  9.770218e-01  
   3.5406301  2.154217e+00  1.285958e+00  2.154191e+00  1.286116e+00  1.976571e+00  1.027038e+00  
   3.5616300  2.131685e+00  1.336609e+00  2.131657e+00  1.336760e+00  1.954412e+00  1.073099e+00  
   3.5826299  2.107959e+00  1.385094e+00  2.107927e+00  1.385238e+00  1.931192e+00  1.115233e+00  
   3.6026299  2.084422e+00  1.429413e+00  2.084388e+00  1.429549e+00  1.908806e+00  1.151911e+00  
   3.6236300  2.058843e+00  1.474136e+00  2.058805e+00  1.474262e+00  1.885654e+00  1.187177e+00  
   3.6446300  2.032475e+00  1.517093e+00  2.032433e+00  1.517209e+00  1.863368e+00  1.219617e+00  
   3.6656301  2.005406e+00  1.558326e+00  2.005361e+00  1.558430e+00  1.842295e+00  1.249815e+00  
   3.6866300  1.977752e+00  1.597821e+00  1.977701e+00  1.597911e+00  1.822614e+00  1.278363e+00  
   3.7076299  1.949665e+00  1.635523e+00  1.949610e+00  1.635601e+00  1.804345e+00  1.305814e+00  
   3.7276299  1.922710e+00  1.669694e+00  1.922651e+00  1.669760e+00  1.788170e+00  1.331365e+00  
   3.7486300  1.894463e+00  1.703683e+00  1.894401e+00  1.703736e+00  1.772295e+00  1.357907e+00  
   3.7702301  1.865837e+00  1.736576e+00  1.865770e+00  1.736618e+00  1.756932e+00  1.385121e+00  
   3.7902300  1.840100e+00  1.765179e+00  1.840032e+00  1.765212e+00  1.743387e+00  1.410316e+00  
   3.8112299  1.814321e+00  1.793388e+00  1.814252e+00  1.793414e+00  1.729731e+00  1.436734e+00  
   3.8322301  1.790290e+00  1.819936e+00  1.790221e+00  1.819957e+00  1.716596e+00  1.463001e+00  
   3.8532300  1.768481e+00  1.845152e+00  1.768413e+00  1.845171e+00  1.704032e+00  1.488962e+00  
   3.8742299  1.749331e+00  1.869506e+00  1.749267e+00  1.869527e+00  1.692203e+00  1.514477e+00  
   3.8942299  1.733899e+00  1.892458e+00  1.733837e+00  1.892483e+00  1.681858e+00  1.538288e+00  
   3.9152300  1.720878e+00  1.917011e+00  1.720820e+00  1.917043e+00  1.672283e+00  1.562796e+00  
   3.9362299  1.711225e+00  1.942868e+00  1.711171e+00  1.942911e+00  1.664393e+00  1.586954e+00  
   3.9572301  1.704865e+00  1.970975e+00  1.704815e+00  1.971031e+00  1.658551e+00  1.611080e+00  
   3.9782300  1.701514e+00  2.002323e+00  1.701468e+00  2.002395e+00  1.655068e+00  1.635654e+00  
   3.9992299  1.700662e+00  2.037909e+00  1.700618e+00  2.037997e+00  1.654148e+00  1.661323e+00  
   4.0192299  1.701495e+00  2.076607e+00  1.701451e+00  2.076715e+00  1.655709e+00  1.687502e+00  
   4.0402298  1.703162e+00  2.123092e+00  1.703116e+00  2.123220e+00  1.659790e+00  1.717668e+00  
   4.0612302  1.704479e+00  2.176240e+00  1.704428e+00  2.176390e+00  1.666037e+00  1.751521e+00  
   4.0822301  1.704087e+00  2.236511e+00  1.704027e+00  2.236682e+00  1.673876e+00  1.790033e+00  
   4.1032300  1.700494e+00  2.304101e+00  1.700422e+00  2.304293e+00  1.682481e+00  1.834137e+00  
   4.1242299  1.692135e+00  2.378915e+00  1.692047e+00  2.379126e+00  1.690786e+00  1.884663e+00  
   4.1442299  1.678298e+00  2.456508e+00  1.678191e+00  2.456737e+00  1.697226e+00  1.939360e+00  
   4.1652298  1.656141e+00  2.543957e+00  1.656010e+00  2.544201e+00  1.701010e+00  2.004114e+00  
   4.1868300  1.623745e+00  2.639246e+00  1.623587e+00  2.639502e+00  1.700012e+00  2.078691e+00  
   4.2068300  1.583920e+00  2.731117e+00  1.583734e+00  2.731380e+00  1.693036e+00  2.154766e+00  
   4.2278299  1.530970e+00  2.829901e+00  1.530753e+00  2.830167e+00  1.677741e+00  2.241347e+00  
   4.2488298  1.465901e+00  2.929425e+00  1.465652e+00  2.929692e+00  1.652619e+00  2.333821e+00  
   4.2698302  1.388270e+00  3.027908e+00  1.387988e+00  3.028168e+00  1.616141e+00  2.430800e+00  
   4.2908301  1.297941e+00  3.123487e+00  1.297626e+00  3.123739e+00  1.567039e+00  2.530496e+00  
   4.3108301  1.200246e+00  3.210104e+00  1.199900e+00  3.210344e+00  1.507696e+00  2.626045e+00  
   4.3318300  1.085833e+00  3.294627e+00  1.085457e+00  3.294853e+00  1.431702e+00  2.724719e+00  
   4.3528299  9.599923e-01  3.370795e+00  9.595880e-01  3.371004e+00  1.341689e+00  2.819213e+00  
   4.3738298  8.236759e-01  3.436891e+00  8.232465e-01  3.437082e+00  1.238177e+00  2.906953e+00  
   4.3948302  6.780667e-01  3.491306e+00  6.776166e-01  3.491479e+00  1.122222e+00  2.985453e+00  
   4.4158301  5.245757e-01  3.532578e+00  5.241089e-01  3.532733e+00  9.953967e-01  3.052438e+00  
   4.4358301  3.725291e-01  3.558485e+00  3.720518e-01  3.558623e+00  8.663400e-01  3.103761e+00  
   4.4568300  2.084421e-01  3.570573e+00  2.079591e-01  3.570695e+00  7.244132e-01  3.143116e+00  
   4.4778299  4.173340e-02  3.566347e+00  4.125054e-02  3.566455e+00  5.784643e-01  3.166610e+00  
   4.4988298  -1.254962e-01  3.545253e+00  -1.259732e-01  3.545349e+00  4.311925e-01  3.173820e+00  
   4.5198302  -2.910353e-01  3.507063e+00  -2.915007e-01  3.507148e+00  2.852645e-01  3.164880e+00  
   4.5408301  -4.525920e-01  3.451929e+00  -4.530408e-01  3.452005e+00  1.431976e-01  3.140466e+00  
   4.5608301  -6.006575e-01  3.384172e+00  -6.010867e-01  3.384240e+00  1.353490e-02  3.103871e+00  
   4.5818300  -7.478903e-01  3.297952e+00  -7.482960e-01  3.298015e+00  -1.148710e-01  3.052892e+00  
   4.6034298  -8.883609e-01  3.194609e+00  -8.887412e-01  3.194667e+00  -2.371353e-01  2.988897e+00  
   4.6234298  -1.006767e+00  3.087354e+00  -1.007124e+00  3.087411e+00  -3.404831e-01  2.921024e+00  
   4.6444302  -1.117535e+00  2.964850e+00  -1.117870e+00  2.964907e+00  -4.381793e-01  2.842793e+00  
   4.6654301  -1.213285e+00  2.834615e+00  -1.213602e+00  2.834674e+00  -5.245469e-01  2.759378e+00  
   4.6864300  -1.293334e+00  2.699252e+00  -1.293636e+00  2.699314e+00  -5.996774e-01  2.672647e+00  
   4.7074299  -1.357484e+00  2.561425e+00  -1.357778e+00  2.561492e+00  -6.639367e-01  2.584301e+00  
   4.7274299  -1.404063e+00  2.430255e+00  -1.404356e+00  2.430329e+00  -7.155532e-01  2.500034e+00  
   4.7484298  -1.438441e+00  2.294955e+00  -1.438738e+00  2.295036e+00  -7.603790e-01  2.412648e+00  
   4.7694302  -1.459047e+00  2.164258e+00  -1.459355e+00  2.164346e+00  -7.964022e-01  2.327428e+00  
   4.7904301  -1.467315e+00  2.039963e+00  -1.467639e+00  2.040057e+00  -8.244768e-01  2.245227e+00  
   4.8114300  -1.464888e+00  1.923457e+00  -1.465233e+00  1.923557e+00  -8.454695e-01  2.166692e+00  
   4.8324299  -1.453510e+00  1.815713e+00  -1.453879e+00  1.815817e+00  -8.602317e-01  2.092300e+00  
   4.8524299  -1.435955e+00  1.721766e+00  -1.436349e+00  1.721872e+00  -8.692461e-01  2.025592e+00  
   4.8734298  -1.412080e+00  1.632424e+00  -1.412500e+00  1.632529e+00  -8.741549e-01  1.960071e+00  
   4.8944302  -1.384147e+00  1.552510e+00  -1.384593e+00  1.552614e+00  -8.751032e-01  1.899250e+00  
   4.9154301  -1.353522e+00  1.481685e+00  -1.353993e+00  1.481784e+00  -8.727505e-01  1.843103e+00  
   4.9364300  -1.321370e+00  1.419418e+00  -1.321863e+00  1.419511e+00  -8.676941e-01  1.791522e+00  
   4.9574299  -1.288648e+00  1.365059e+00  -1.289161e+00  1.365144e+00  -8.604694e-01  1.744339e+00  
   4.9774299  -1.257654e+00  1.319984e+00  -1.258182e+00  1.320059e+00  -8.520059e-01  1.703294e+00  
   4.9984298  -1.225847e+00  1.278971e+00  -1.226388e+00  1.279035e+00  -8.418542e-01  1.664045e+00  
