w Re-xx Im-xx Re-yy Im-yy Re-zz Im-zz
# Gaussian absolute broadening  0.15 [eV]
   0.0000000  7.687762e-01  8.846745e-05  7.687879e-01  8.847074e-05  7.247047e-01  7.882618e-05  
   0.0200000  7.688763e-01  9.468257e-05  7.688881e-01  9.468637e-05  7.247940e-01  8.436135e-05  
   0.0410000  7.689952e-01  1.017651e-04  7.690069e-01  1.017694e-04  7.248999e-01  9.066856e-05  
   0.0620000  7.691306e-01  1.094540e-04  7.691424e-01  1.094589e-04  7.250203e-01  9.751534e-05  
   0.0830000  7.692848e-01  1.177833e-04  7.692963e-01  1.177889e-04  7.251577e-01  1.049318e-04  
   0.1040000  7.694589e-01  1.267825e-04  7.694707e-01  1.267888e-04  7.253132e-01  1.129441e-04  
   0.1240000  7.696463e-01  1.359973e-04  7.696579e-01  1.360043e-04  7.254795e-01  1.211476e-04  
   0.1450000  7.698672e-01  1.463644e-04  7.698791e-01  1.463720e-04  7.256764e-01  1.303760e-04  
   0.1660000  7.701154e-01  1.574463e-04  7.701270e-01  1.574547e-04  7.258974e-01  1.402398e-04  
   0.1870000  7.703927e-01  1.692395e-04  7.704043e-01  1.692486e-04  7.261441e-01  1.507355e-04  
   0.2080000  7.707008e-01  1.817296e-04  7.707127e-01  1.817394e-04  7.264192e-01  1.618501e-04  
   0.2290000  7.710423e-01  1.948913e-04  7.710543e-01  1.949016e-04  7.267232e-01  1.735607e-04  
   0.2490000  7.714000e-01  2.080182e-04  7.714117e-01  2.080290e-04  7.270414e-01  1.852388e-04  
   0.2700000  7.718104e-01  2.223812e-04  7.718222e-01  2.223925e-04  7.274067e-01  1.980147e-04  
   0.2910000  7.722576e-01  2.372887e-04  7.722695e-01  2.373004e-04  7.278048e-01  2.112726e-04  
   0.3120000  7.727427e-01  2.526870e-04  7.727545e-01  2.526989e-04  7.282368e-01  2.249647e-04  
   0.3330000  7.732658e-01  2.685208e-04  7.732777e-01  2.685330e-04  7.287025e-01  2.390414e-04  
   0.3540000  7.738274e-01  2.847367e-04  7.738394e-01  2.847490e-04  7.292026e-01  2.534548e-04  
   0.3740000  7.743984e-01  3.004900e-04  7.744104e-01  3.005024e-04  7.297106e-01  2.674539e-04  
   0.3950000  7.750353e-01  3.173131e-04  7.750475e-01  3.173256e-04  7.302775e-01  2.824005e-04  
   0.4160000  7.757109e-01  3.343878e-04  7.757227e-01  3.344004e-04  7.308784e-01  2.975668e-04  
   0.4374300  7.764401e-01  3.520394e-04  7.764522e-01  3.520522e-04  7.315274e-01  3.132414e-04  
   0.4574300  7.771563e-01  3.686977e-04  7.771684e-01  3.687107e-04  7.321649e-01  3.280299e-04  
   0.4784300  7.779459e-01  3.863633e-04  7.779580e-01  3.863766e-04  7.328673e-01  3.437084e-04  
   0.4994300  7.787737e-01  4.041959e-04  7.787861e-01  4.042095e-04  7.336034e-01  3.595301e-04  
   0.5204300  7.796398e-01  4.221882e-04  7.796520e-01  4.222022e-04  7.343738e-01  3.754885e-04  
   0.5414300  7.805443e-01  4.403369e-04  7.805566e-01  4.403513e-04  7.351784e-01  3.915802e-04  
   0.5614300  7.814419e-01  4.577664e-04  7.814542e-01  4.577812e-04  7.359763e-01  4.070291e-04  
   0.5824300  7.824224e-01  4.762215e-04  7.824346e-01  4.762368e-04  7.368479e-01  4.233813e-04  
   0.6034300  7.834414e-01  4.948382e-04  7.834539e-01  4.948539e-04  7.377540e-01  4.398705e-04  
   0.6244300  7.845004e-01  5.136214e-04  7.845127e-01  5.136378e-04  7.386954e-01  4.565008e-04  
   0.6454300  7.855991e-01  5.325768e-04  7.856117e-01  5.325934e-04  7.396716e-01  4.732765e-04  
   0.6664300  7.867380e-01  5.517107e-04  7.867504e-01  5.517276e-04  7.406834e-01  4.902034e-04  
   0.6864300  7.878596e-01  5.701048e-04  7.878725e-01  5.701222e-04  7.416803e-01  5.064689e-04  
   0.7074300  7.890776e-01  5.896063e-04  7.890905e-01  5.896240e-04  7.427622e-01  5.237061e-04  
   0.7284300  7.903365e-01  6.093066e-04  7.903495e-01  6.093245e-04  7.438801e-01  5.411111e-04  
   0.7494300  7.916374e-01  6.292136e-04  7.916502e-01  6.292321e-04  7.450354e-01  5.586903e-04  
   0.7704300  7.929798e-01  6.493344e-04  7.929927e-01  6.493533e-04  7.462273e-01  5.764499e-04  
   0.7914300  7.943653e-01  6.696780e-04  7.943783e-01  6.696974e-04  7.474569e-01  5.943967e-04  
   0.8114300  7.957237e-01  6.892664e-04  7.957367e-01  6.892864e-04  7.486627e-01  6.116691e-04  
   0.8324300  7.971929e-01  7.100677e-04  7.972059e-01  7.100888e-04  7.499664e-01  6.300015e-04  
   0.8540300  7.987501e-01  7.317227e-04  7.987632e-01  7.317449e-04  7.513480e-01  6.490757e-04  
   0.8740300  8.002336e-01  7.520160e-04  8.002469e-01  7.520394e-04  7.526639e-01  6.669411e-04  
   0.8950300  8.018354e-01  7.735847e-04  8.018488e-01  7.736097e-04  7.540843e-01  6.859191e-04  
   0.9160300  8.034826e-01  7.954304e-04  8.034961e-01  7.954571e-04  7.555446e-01  7.051298e-04  
   0.9370300  8.051760e-01  8.175640e-04  8.051894e-01  8.175926e-04  7.570456e-01  7.245818e-04  
   0.9580300  8.069159e-01  8.399955e-04  8.069295e-01  8.400262e-04  7.585873e-01  7.442849e-04  
   0.9780300  8.086176e-01  8.616470e-04  8.086311e-01  8.616797e-04  7.600950e-01  7.632913e-04  
   0.9990300  8.104511e-01  8.846937e-04  8.104648e-01  8.847290e-04  7.617189e-01  7.835107e-04  
   1.0200300  8.123334e-01  9.080729e-04  8.123472e-01  9.081103e-04  7.633860e-01  8.040084e-04  
   1.0410300  8.142651e-01  9.317960e-04  8.142791e-01  9.318361e-04  7.650961e-01  8.247946e-04  
   1.0620300  8.162477e-01  9.558751e-04  8.162618e-01  9.559179e-04  7.668507e-01  8.458795e-04  
   1.0830300  8.182808e-01  9.803234e-04  8.182951e-01  9.803688e-04  7.686496e-01  8.672729e-04  
   1.1030300  8.202655e-01  1.003962e-03  8.202796e-01  1.004009e-03  7.704051e-01  8.879440e-04  
   1.1240300  8.224005e-01  1.029167e-03  8.224149e-01  1.029217e-03  7.722932e-01  9.099704e-04  
   1.1450300  8.245888e-01  1.054780e-03  8.246034e-01  1.054832e-03  7.742279e-01  9.323377e-04  
   1.1660300  8.268315e-01  1.080816e-03  8.268462e-01  1.080869e-03  7.762100e-01  9.550570e-04  
   1.1870300  8.291293e-01  1.107287e-03  8.291441e-01  1.107341e-03  7.782401e-01  9.781402e-04  
   1.2080300  8.314829e-01  1.134211e-03  8.314978e-01  1.134267e-03  7.803192e-01  1.001600e-03  
   1.2280300  8.337774e-01  1.160286e-03  8.337923e-01  1.160343e-03  7.823448e-01  1.024304e-03  
   1.2490300  8.362427e-01  1.188138e-03  8.362579e-01  1.188196e-03  7.845209e-01  1.048537e-03  
   1.2706300  8.388407e-01  1.217311e-03  8.388560e-01  1.217369e-03  7.868131e-01  1.073898e-03  
   1.2906300  8.413023e-01  1.244811e-03  8.413177e-01  1.244869e-03  7.889844e-01  1.097787e-03  
   1.3116300  8.439471e-01  1.274212e-03  8.439624e-01  1.274272e-03  7.913164e-01  1.123308e-03  
   1.3326300  8.466536e-01  1.304172e-03  8.466693e-01  1.304232e-03  7.937022e-01  1.149292e-03  
   1.3536299  8.494236e-01  1.334711e-03  8.494396e-01  1.334772e-03  7.961431e-01  1.175756e-03  
   1.3746300  8.522586e-01  1.365851e-03  8.522747e-01  1.365913e-03  7.986397e-01  1.202719e-03  
   1.3946300  8.550204e-01  1.396088e-03  8.550366e-01  1.396152e-03  8.010713e-01  1.228879e-03  
   1.4156300  8.579858e-01  1.428468e-03  8.580020e-01  1.428535e-03  8.036810e-01  1.256868e-03  
   1.4366300  8.610198e-01  1.461518e-03  8.610364e-01  1.461588e-03  8.063502e-01  1.285412e-03  
   1.4576300  8.641246e-01  1.495264e-03  8.641412e-01  1.495338e-03  8.090800e-01  1.314531e-03  
   1.4786299  8.673010e-01  1.529733e-03  8.673178e-01  1.529810e-03  8.118719e-01  1.344247e-03  
   1.4996300  8.705510e-01  1.564950e-03  8.705680e-01  1.565032e-03  8.147277e-01  1.374580e-03  
   1.5196300  8.737151e-01  1.599213e-03  8.737324e-01  1.599299e-03  8.175063e-01  1.404064e-03  
   1.5406300  8.771126e-01  1.635977e-03  8.771300e-01  1.636068e-03  8.204885e-01  1.435670e-03  
   1.5616300  8.805881e-01  1.673577e-03  8.806057e-01  1.673673e-03  8.235376e-01  1.467964e-03  
   1.5826300  8.841433e-01  1.712046e-03  8.841611e-01  1.712147e-03  8.266555e-01  1.500972e-03  
   1.6036299  8.877800e-01  1.751419e-03  8.877982e-01  1.751525e-03  8.298430e-01  1.534720e-03  
   1.6246300  8.915005e-01  1.791730e-03  8.915185e-01  1.791842e-03  8.331023e-01  1.569238e-03  
   1.6446300  8.951229e-01  1.831030e-03  8.951412e-01  1.831145e-03  8.362742e-01  1.602855e-03  
   1.6656300  8.990119e-01  1.873285e-03  8.990306e-01  1.873406e-03  8.396774e-01  1.638963e-03  
   1.6872300  9.031057e-01  1.917852e-03  9.031248e-01  1.917978e-03  8.432583e-01  1.677005e-03  
   1.7072300  9.069831e-01  1.960156e-03  9.070024e-01  1.960285e-03  8.466479e-01  1.713078e-03  
   1.7282300  9.111463e-01  2.005698e-03  9.111658e-01  2.005832e-03  8.502852e-01  1.751870e-03  
   1.7492300  9.154064e-01  2.052438e-03  9.154264e-01  2.052575e-03  8.540052e-01  1.791638e-03  
   1.7702301  9.197659e-01  2.100431e-03  9.197856e-01  2.100571e-03  8.578093e-01  1.832426e-03  
   1.7912300  9.242274e-01  2.149731e-03  9.242478e-01  2.149874e-03  8.617002e-01  1.874280e-03  
   1.8112299  9.285743e-01  2.197954e-03  9.285951e-01  2.198101e-03  8.654890e-01  1.915176e-03  
   1.8322300  9.332434e-01  2.249985e-03  9.332646e-01  2.250134e-03  8.695562e-01  1.959252e-03  
   1.8532300  9.380242e-01  2.303513e-03  9.380452e-01  2.303665e-03  8.737174e-01  2.004547e-03  
   1.8742300  9.429191e-01  2.358611e-03  9.429404e-01  2.358766e-03  8.779757e-01  2.051117e-03  
   1.8952301  9.479316e-01  2.415357e-03  9.479531e-01  2.415515e-03  8.823329e-01  2.099027e-03  
   1.9162300  9.530655e-01  2.473834e-03  9.530877e-01  2.473995e-03  8.867921e-01  2.148341e-03  
   1.9362299  9.580700e-01  2.531221e-03  9.580925e-01  2.531385e-03  8.911359e-01  2.196681e-03  
   1.9572300  9.634501e-01  2.593352e-03  9.634730e-01  2.593520e-03  8.958027e-01  2.248956e-03  
   1.9782300  9.689627e-01  2.657514e-03  9.689860e-01  2.657687e-03  9.005808e-01  2.302872e-03  
   1.9992300  9.746112e-01  2.723828e-03  9.746347e-01  2.724005e-03  9.054722e-01  2.358522e-03  
   2.0202301  9.804009e-01  2.792429e-03  9.804251e-01  2.792612e-03  9.104822e-01  2.416014e-03  
   2.0412300  9.863358e-01  2.863468e-03  9.863598e-01  2.863658e-03  9.156128e-01  2.475464e-03  
   2.0612299  9.921266e-01  2.933549e-03  9.921512e-01  2.933744e-03  9.206156e-01  2.534019e-03  
   2.0822301  9.983585e-01  3.009858e-03  9.983838e-01  3.010062e-03  9.259943e-01  2.597681e-03  
   2.1038301  1.004936e+00  3.091487e-03  1.004962e+00  3.091699e-03  9.316664e-01  2.665659e-03  
   2.1238301  1.011184e+00  3.170126e-03  1.011209e+00  3.170348e-03  9.370483e-01  2.731031e-03  
   2.1448300  1.017911e+00  3.256124e-03  1.017938e+00  3.256356e-03  9.428387e-01  2.802389e-03  
   2.1658299  1.024817e+00  3.345922e-03  1.024844e+00  3.346165e-03  9.487767e-01  2.876758e-03  
   2.1868300  1.031908e+00  3.439854e-03  1.031936e+00  3.440110e-03  9.548675e-01  2.954398e-03  
   2.2078300  1.039192e+00  3.538280e-03  1.039220e+00  3.538550e-03  9.611177e-01  3.035596e-03  
   2.2278299  1.046315e+00  3.636568e-03  1.046344e+00  3.636852e-03  9.672230e-01  3.116530e-03  
   2.2488301  1.053998e+00  3.744962e-03  1.054027e+00  3.745261e-03  9.738009e-01  3.205627e-03  
   2.2698300  1.061896e+00  3.859137e-03  1.061926e+00  3.859452e-03  9.805552e-01  3.299322e-03  
   2.2908299  1.070019e+00  3.979612e-03  1.070050e+00  3.979944e-03  9.874948e-01  3.398038e-03  
   2.3118300  1.078378e+00  4.106930e-03  1.078409e+00  4.107283e-03  9.946259e-01  3.502236e-03  
   2.3328300  1.086981e+00  4.241684e-03  1.087013e+00  4.242058e-03  1.001957e+00  3.612414e-03  
   2.3528299  1.095412e+00  4.377511e-03  1.095444e+00  4.377904e-03  1.009131e+00  3.723408e-03  
   2.3738301  1.104523e+00  4.528642e-03  1.104557e+00  4.529059e-03  1.016876e+00  3.846887e-03  
   2.3948300  1.113913e+00  4.689207e-03  1.113947e+00  4.689651e-03  1.024845e+00  3.978109e-03  
   2.4158299  1.123594e+00  4.859984e-03  1.123629e+00  4.860449e-03  1.033049e+00  4.117782e-03  
   2.4368300  1.133580e+00  5.041818e-03  1.133616e+00  5.042309e-03  1.041500e+00  4.266691e-03  
   2.4578300  1.143886e+00  5.235625e-03  1.143923e+00  5.236145e-03  1.050209e+00  4.425694e-03  
   2.4778299  1.154015e+00  5.432271e-03  1.154052e+00  5.432818e-03  1.058752e+00  4.587388e-03  
   2.4988301  1.164995e+00  5.652511e-03  1.165033e+00  5.653089e-03  1.068000e+00  4.768976e-03  
   2.5204301  1.176678e+00  5.895091e-03  1.176718e+00  5.895700e-03  1.077821e+00  4.969631e-03  
   2.5404301  1.187869e+00  6.135594e-03  1.187910e+00  6.136236e-03  1.087210e+00  5.169265e-03  
   2.5614300  1.200027e+00  6.406249e-03  1.200069e+00  6.406929e-03  1.097390e+00  5.394742e-03  
   2.5824299  1.212628e+00  6.697502e-03  1.212671e+00  6.698224e-03  1.107918e+00  5.638286e-03  
   2.6034300  1.225701e+00  7.011859e-03  1.225745e+00  7.012626e-03  1.118814e+00  5.902070e-03  
   2.6244299  1.239278e+00  7.352397e-03  1.239324e+00  7.353217e-03  1.130101e+00  6.188668e-03  
   2.6444299  1.252709e+00  7.704618e-03  1.252756e+00  7.705498e-03  1.141237e+00  6.485693e-03  
   2.6654301  1.267375e+00  8.108539e-03  1.267424e+00  8.109486e-03  1.153360e+00  6.826514e-03  
   2.6864300  1.282661e+00  8.553753e-03  1.282712e+00  8.554782e-03  1.165955e+00  7.201650e-03  
   2.7074299  1.298618e+00  9.048879e-03  1.298670e+00  9.050002e-03  1.179054e+00  7.617079e-03  
   2.7284300  1.315302e+00  9.605478e-03  1.315356e+00  9.606721e-03  1.192696e+00  8.080444e-03  
   2.7494299  1.332776e+00  1.023921e-02  1.332832e+00  1.024059e-02  1.206921e+00  8.601562e-03  
   2.7694299  1.350217e+00  1.093390e-02  1.350275e+00  1.093546e-02  1.221052e+00  9.163179e-03  
   2.7904301  1.369449e+00  1.178667e-02  1.369509e+00  1.178846e-02  1.236553e+00  9.837245e-03  
   2.8114300  1.389709e+00  1.280404e-02  1.389772e+00  1.280612e-02  1.252789e+00  1.061866e-02  
   2.8324299  1.411101e+00  1.403816e-02  1.411167e+00  1.404062e-02  1.269825e+00  1.153491e-02  
   2.8534300  1.433736e+00  1.555856e-02  1.433805e+00  1.556154e-02  1.287729e+00  1.262145e-02  
   2.8744299  1.457734e+00  1.745670e-02  1.457806e+00  1.746034e-02  1.306580e+00  1.392374e-02  
   2.8944299  1.481974e+00  1.972388e-02  1.482049e+00  1.972836e-02  1.325489e+00  1.541744e-02  
   2.9154301  1.509005e+00  2.273137e-02  1.509085e+00  2.273701e-02  1.346435e+00  1.732195e-02  
   2.9370301  1.538632e+00  2.668996e-02  1.538716e+00  2.669718e-02  1.369245e+00  1.973476e-02  
   2.9570301  1.567822e+00  3.135347e-02  1.567911e+00  3.136259e-02  1.391602e+00  2.248525e-02  
   2.9780300  1.600388e+00  3.755118e-02  1.600482e+00  3.756285e-02  1.416453e+00  2.604250e-02  
   2.9990301  1.634981e+00  4.540035e-02  1.635081e+00  4.541526e-02  1.442809e+00  3.045153e-02  
   3.0200300  1.671622e+00  5.526991e-02  1.671727e+00  5.528890e-02  1.470755e+00  3.591438e-02  
   3.0410299  1.710266e+00  6.756930e-02  1.710377e+00  6.759331e-02  1.500362e+00  4.267001e-02  
   3.0610299  1.748825e+00  8.194391e-02  1.748942e+00  8.197366e-02  1.530144e+00  5.055923e-02  
   3.0820301  1.790952e+00  1.002670e-01  1.791075e+00  1.003039e-01  1.563086e+00  6.067340e-02  
   3.1030300  1.834450e+00  1.223392e-01  1.834579e+00  1.223845e-01  1.597695e+00  7.300653e-02  
   3.1240301  1.878904e+00  1.485794e-01  1.879037e+00  1.486342e-01  1.633869e+00  8.793708e-02  
   3.1450300  1.923782e+00  1.793467e-01  1.923921e+00  1.794121e-01  1.671421e+00  1.058609e-01  
   3.1660299  1.968459e+00  2.149138e-01  1.968601e+00  2.149908e-01  1.710080e+00  1.271772e-01  
   3.1860299  2.010170e+00  2.533944e-01  2.010315e+00  2.534830e-01  1.747587e+00  1.509821e-01  
   3.2070301  2.052353e+00  2.986564e-01  2.052500e+00  2.987578e-01  1.787241e+00  1.799844e-01  
   3.2280300  2.092106e+00  3.487608e-01  2.092252e+00  3.488751e-01  1.826609e+00  2.133611e-01  
   3.2490301  2.128651e+00  4.034119e-01  2.128798e+00  4.035388e-01  1.865033e+00  2.512924e-01  
   3.2700300  2.161275e+00  4.621499e-01  2.161421e+00  4.622886e-01  1.901778e+00  2.938344e-01  
   3.2910299  2.189358e+00  5.243713e-01  2.189502e+00  5.245208e-01  1.936072e+00  3.408976e-01  
   3.3110299  2.211438e+00  5.862084e-01  2.211580e+00  5.863663e-01  1.965736e+00  3.896943e-01  
   3.3320301  2.229411e+00  6.530733e-01  2.229550e+00  6.532387e-01  1.993016e+00  4.447016e-01  
   3.3536301  2.242179e+00  7.230458e-01  2.242314e+00  7.232163e-01  2.016247e+00  5.047031e-01  
   3.3736300  2.248861e+00  7.881374e-01  2.248994e+00  7.883104e-01  2.032871e+00  5.626667e-01  
   3.3946300  2.250762e+00  8.560422e-01  2.250893e+00  8.562155e-01  2.044893e+00  6.251864e-01  
   3.4156301  2.247774e+00  9.228251e-01  2.247902e+00  9.229964e-01  2.051150e+00  6.884779e-01  
   3.4366300  2.240372e+00  9.879287e-01  2.240498e+00  9.880959e-01  2.051654e+00  7.515602e-01  
   3.4576299  2.229105e+00  1.050945e+00  2.229229e+00  1.051106e+00  2.046634e+00  8.134683e-01  
   3.4776299  2.215317e+00  1.108785e+00  2.215437e+00  1.108939e+00  2.037117e+00  8.705170e-01  
   3.4986300  2.198174e+00  1.167121e+00  2.198293e+00  1.167265e+00  2.022745e+00  9.276632e-01  
   3.5196300  2.178825e+00  1.223009e+00  2.178941e+00  1.223143e+00  2.004641e+00  9.813788e-01  
   3.5406301  2.157725e+00  1.276552e+00  2.157835e+00  1.276677e+00  1.983667e+00  1.031245e+00  
   3.5616300  2.135237e+00  1.327911e+00  2.135342e+00  1.328025e+00  1.960724e+00  1.077052e+00  
   3.5826299  2.111635e+00  1.377269e+00  2.111731e+00  1.377373e+00  1.936700e+00  1.118814e+00  
   3.6026299  2.088294e+00  1.422577e+00  2.088382e+00  1.422670e+00  1.913559e+00  1.155022e+00  
   3.6236300  2.062994e+00  1.468494e+00  2.063069e+00  1.468578e+00  1.889653e+00  1.189667e+00  
   3.6446300  2.036961e+00  1.512792e+00  2.037022e+00  1.512867e+00  1.866679e+00  1.221365e+00  
   3.6656301  2.010253e+00  1.555487e+00  2.010299e+00  1.555552e+00  1.845000e+00  1.250707e+00  
   3.6866300  1.982944e+00  1.596529e+00  1.982973e+00  1.596586e+00  1.824801e+00  1.278309e+00  
   3.7076299  1.955142e+00  1.635819e+00  1.955155e+00  1.635868e+00  1.806101e+00  1.304752e+00  
   3.7276299  1.928359e+00  1.671492e+00  1.928356e+00  1.671535e+00  1.789581e+00  1.329319e+00  
   3.7486300  1.900140e+00  1.706989e+00  1.900125e+00  1.707026e+00  1.773398e+00  1.354833e+00  
   3.7702301  1.871337e+00  1.741297e+00  1.871309e+00  1.741328e+00  1.757745e+00  1.381039e+00  
   3.7902300  1.845220e+00  1.771025e+00  1.845185e+00  1.771053e+00  1.743933e+00  1.405373e+00  
   3.8112299  1.818796e+00  1.800169e+00  1.818755e+00  1.800194e+00  1.729968e+00  1.430990e+00  
   3.8322301  1.793860e+00  1.827344e+00  1.793819e+00  1.827368e+00  1.716475e+00  1.456577e+00  
   3.8532300  1.770902e+00  1.852841e+00  1.770864e+00  1.852864e+00  1.703488e+00  1.481990e+00  
   3.8742299  1.750389e+00  1.877099e+00  1.750359e+00  1.877124e+00  1.691163e+00  1.507087e+00  
   3.8942299  1.733498e+00  1.899596e+00  1.733481e+00  1.899625e+00  1.680279e+00  1.530612e+00  
   3.9152300  1.718840e+00  1.923295e+00  1.718838e+00  1.923329e+00  1.670080e+00  1.554921e+00  
   3.9362299  1.707505e+00  1.947936e+00  1.707523e+00  1.947978e+00  1.661524e+00  1.578964e+00  
   3.9572301  1.699494e+00  1.974501e+00  1.699533e+00  1.974551e+00  1.655000e+00  1.603040e+00  
   3.9782300  1.694595e+00  2.004033e+00  1.694655e+00  2.004094e+00  1.650845e+00  1.627612e+00  
   3.9992299  1.692362e+00  2.037592e+00  1.692442e+00  2.037665e+00  1.649291e+00  1.653309e+00  
   4.0192299  1.692081e+00  2.074230e+00  1.692179e+00  2.074317e+00  1.650310e+00  1.679540e+00  
   4.0402298  1.692827e+00  2.118487e+00  1.692941e+00  2.118589e+00  1.653903e+00  1.709780e+00  
   4.0612302  1.693495e+00  2.169414e+00  1.693621e+00  2.169531e+00  1.659763e+00  1.743728e+00  
   4.0822301  1.692726e+00  2.227535e+00  1.692860e+00  2.227669e+00  1.667324e+00  1.782357e+00  
   4.1032300  1.689012e+00  2.293115e+00  1.689148e+00  2.293264e+00  1.675763e+00  1.826604e+00  
   4.1242299  1.680755e+00  2.366109e+00  1.680888e+00  2.366273e+00  1.684007e+00  1.877299e+00  
   4.1442299  1.667184e+00  2.442191e+00  1.667309e+00  2.442365e+00  1.690482e+00  1.932174e+00  
   4.1652298  1.645434e+00  2.528317e+00  1.645544e+00  2.528500e+00  1.694385e+00  1.997126e+00  
   4.1868300  1.613542e+00  2.622555e+00  1.613631e+00  2.622743e+00  1.693582e+00  2.071906e+00  
   4.2068300  1.574213e+00  2.713747e+00  1.574279e+00  2.713936e+00  1.686839e+00  2.148154e+00  
   4.2278299  1.521772e+00  2.812130e+00  1.521810e+00  2.812315e+00  1.671828e+00  2.234892e+00  
   4.2488298  1.457165e+00  2.911570e+00  1.457171e+00  2.911747e+00  1.647019e+00  2.327487e+00  
   4.2698302  1.379929e+00  3.010276e+00  1.379901e+00  3.010440e+00  1.610875e+00  2.424551e+00  
   4.2908301  1.289918e+00  3.106368e+00  1.289852e+00  3.106516e+00  1.562120e+00  2.524307e+00  
   4.3108301  1.192456e+00  3.193721e+00  1.192356e+00  3.193851e+00  1.503118e+00  2.619909e+00  
   4.3318300  1.078234e+00  3.279251e+00  1.078096e+00  3.279360e+00  1.427495e+00  2.718667e+00  
   4.3528299  9.525508e-01  3.356629e+00  9.523773e-01  3.356717e+00  1.337870e+00  2.813312e+00  
   4.3738298  8.163947e-01  3.424097e+00  8.161871e-01  3.424165e+00  1.234769e+00  2.901322e+00  
   4.3948302  6.709826e-01  3.480010e+00  6.707441e-01  3.480060e+00  1.119259e+00  2.980255e+00  
   4.4158301  5.177591e-01  3.522858e+00  5.174943e-01  3.522892e+00  9.929228e-01  3.047879e+00  
   4.4358301  3.660596e-01  3.550301e+00  3.657744e-01  3.550325e+00  8.643799e-01  3.100029e+00  
   4.4568300  2.024493e-01  3.563998e+00  2.021488e-01  3.564014e+00  7.230507e-01  3.140491e+00  
   4.4778299  3.633706e-02  3.561336e+00  3.602781e-02  3.561349e+00  5.777641e-01  3.165328e+00  
   4.4988298  -1.301853e-01  3.541717e+00  -1.304963e-01  3.541730e+00  4.312181e-01  3.174083e+00  
   4.5198302  -2.949294e-01  3.504874e+00  -2.952352e-01  3.504893e+00  2.860732e-01  3.166833e+00  
   4.5408301  -4.556368e-01  3.450927e+00  -4.559316e-01  3.450950e+00  1.448336e-01  3.144180e+00  
   4.5608301  -6.028801e-01  3.384120e+00  -6.031599e-01  3.384151e+00  1.598085e-02  3.109247e+00  
   4.5818300  -7.492768e-01  3.298687e+00  -7.495378e-01  3.298725e+00  -1.115773e-01  3.059911e+00  
   4.6034298  -8.889576e-01  3.195914e+00  -8.891979e-01  3.195961e+00  -2.330061e-01  2.997408e+00  
   4.6234298  -1.006727e+00  3.088964e+00  -1.006949e+00  3.089017e+00  -3.356457e-01  2.930670e+00  
   4.6444302  -1.116944e+00  2.966561e+00  -1.117151e+00  2.966616e+00  -4.326998e-01  2.853320e+00  
   4.6654301  -1.212275e+00  2.836219e+00  -1.212471e+00  2.836273e+00  -5.185603e-01  2.770449e+00  
   4.6864300  -1.292029e+00  2.700570e+00  -1.292223e+00  2.700621e+00  -5.933439e-01  2.683919e+00  
   4.7074299  -1.355996e+00  2.562320e+00  -1.356195e+00  2.562363e+00  -6.574327e-01  2.595462e+00  
   4.7274299  -1.402483e+00  2.430660e+00  -1.402696e+00  2.430689e+00  -7.090569e-01  2.510838e+00  
   4.7484298  -1.436820e+00  2.294798e+00  -1.437056e+00  2.294809e+00  -7.540638e-01  2.422877e+00  
   4.7694302  -1.457412e+00  2.163535e+00  -1.457680e+00  2.163522e+00  -7.904310e-01  2.336944e+00  
   4.7904301  -1.465663e+00  2.038709e+00  -1.465970e+00  2.038668e+00  -8.189889e-01  2.253968e+00  
   4.8114300  -1.463186e+00  1.921742e+00  -1.463537e+00  1.921668e+00  -8.405742e-01  2.174663e+00  
   4.8324299  -1.451703e+00  1.813628e+00  -1.452103e+00  1.813519e+00  -8.560047e-01  2.099563e+00  
   4.8524299  -1.433982e+00  1.719431e+00  -1.434429e+00  1.719285e+00  -8.656940e-01  2.032281e+00  
   4.8734298  -1.409849e+00  1.629936e+00  -1.410345e+00  1.629750e+00  -8.713205e-01  1.966294e+00  
   4.8944302  -1.381567e+00  1.549986e+00  -1.382110e+00  1.549757e+00  -8.729666e-01  1.905168e+00  
   4.9154301  -1.350498e+00  1.479232e+00  -1.351085e+00  1.478961e+00  -8.712663e-01  1.848882e+00  
   4.9364300  -1.317807e+00  1.417135e+00  -1.318433e+00  1.416822e+00  -8.667974e-01  1.797328e+00  
   4.9574299  -1.284454e+00  1.363032e+00  -1.285113e+00  1.362678e+00  -8.600804e-01  1.750326e+00  
   4.9774299  -1.252775e+00  1.318269e+00  -1.253461e+00  1.317877e+00  -8.520182e-01  1.709586e+00  
   4.9984298  -1.220167e+00  1.277642e+00  -1.220875e+00  1.277211e+00  -8.421967e-01  1.670776e+00  
