w Re-xx Im-xx Re-yy Im-yy Re-zz Im-zz
# Gaussian absolute broadening  0.15 [eV]
   0.0000000  7.687771e-01  8.849001e-05  7.687802e-01  8.849928e-05  7.243758e-01  7.869098e-05  
   0.0200000  7.688771e-01  9.470682e-05  7.688805e-01  9.471591e-05  7.244647e-01  8.421832e-05  
   0.0410000  7.689960e-01  1.017911e-04  7.689994e-01  1.018000e-04  7.245702e-01  9.051666e-05  
   0.0620000  7.691316e-01  1.094818e-04  7.691349e-01  1.094905e-04  7.246909e-01  9.735383e-05  
   0.0830000  7.692856e-01  1.178129e-04  7.692888e-01  1.178214e-04  7.248278e-01  1.047599e-04  
   0.1040000  7.694600e-01  1.268140e-04  7.694632e-01  1.268222e-04  7.249830e-01  1.127610e-04  
   0.1240000  7.696472e-01  1.360304e-04  7.696505e-01  1.360384e-04  7.251494e-01  1.209531e-04  
   0.1450000  7.698681e-01  1.463990e-04  7.698716e-01  1.464070e-04  7.253461e-01  1.301686e-04  
   0.1660000  7.701162e-01  1.574825e-04  7.701197e-01  1.574905e-04  7.255664e-01  1.400186e-04  
   0.1870000  7.703936e-01  1.692771e-04  7.703971e-01  1.692851e-04  7.258130e-01  1.504996e-04  
   0.2080000  7.707020e-01  1.817684e-04  7.707053e-01  1.817766e-04  7.260872e-01  1.615986e-04  
   0.2290000  7.710436e-01  1.949310e-04  7.710469e-01  1.949396e-04  7.263911e-01  1.732926e-04  
   0.2490000  7.714013e-01  2.080588e-04  7.714046e-01  2.080679e-04  7.267089e-01  1.849543e-04  
   0.2700000  7.718117e-01  2.224225e-04  7.718149e-01  2.224322e-04  7.270736e-01  1.977121e-04  
   0.2910000  7.722589e-01  2.373305e-04  7.722622e-01  2.373411e-04  7.274713e-01  2.109512e-04  
   0.3120000  7.727441e-01  2.527294e-04  7.727476e-01  2.527410e-04  7.279025e-01  2.246235e-04  
   0.3330000  7.732671e-01  2.685637e-04  7.732709e-01  2.685764e-04  7.283676e-01  2.386800e-04  
   0.3540000  7.738289e-01  2.847802e-04  7.738324e-01  2.847941e-04  7.288667e-01  2.530725e-04  
   0.3740000  7.743999e-01  3.005342e-04  7.744036e-01  3.005493e-04  7.293742e-01  2.670514e-04  
   0.3950000  7.750371e-01  3.173583e-04  7.750406e-01  3.173747e-04  7.299404e-01  2.819761e-04  
   0.4160000  7.757124e-01  3.344342e-04  7.757161e-01  3.344518e-04  7.305405e-01  2.971203e-04  
   0.4374300  7.764419e-01  3.520874e-04  7.764456e-01  3.521061e-04  7.311887e-01  3.127719e-04  
   0.4574300  7.771583e-01  3.687475e-04  7.771621e-01  3.687671e-04  7.318247e-01  3.275385e-04  
   0.4784300  7.779480e-01  3.864155e-04  7.779518e-01  3.864358e-04  7.325265e-01  3.431938e-04  
   0.4994300  7.787759e-01  4.042507e-04  7.787797e-01  4.042717e-04  7.332615e-01  3.589919e-04  
   0.5204300  7.796422e-01  4.222459e-04  7.796459e-01  4.222672e-04  7.340305e-01  3.749265e-04  
   0.5414300  7.805468e-01  4.403978e-04  7.805507e-01  4.404194e-04  7.348338e-01  3.909939e-04  
   0.5614300  7.814444e-01  4.578303e-04  7.814482e-01  4.578521e-04  7.356307e-01  4.064195e-04  
   0.5824300  7.824252e-01  4.762892e-04  7.824290e-01  4.763108e-04  7.365011e-01  4.227467e-04  
   0.6034300  7.834443e-01  4.949095e-04  7.834483e-01  4.949311e-04  7.374060e-01  4.392104e-04  
   0.6244300  7.845035e-01  5.136965e-04  7.845075e-01  5.137179e-04  7.383457e-01  4.558149e-04  
   0.6454300  7.856024e-01  5.326554e-04  7.856064e-01  5.326769e-04  7.393207e-01  4.725643e-04  
   0.6664300  7.867413e-01  5.517929e-04  7.867454e-01  5.518144e-04  7.403311e-01  4.894641e-04  
   0.6864300  7.878633e-01  5.701904e-04  7.878674e-01  5.702121e-04  7.413262e-01  5.057037e-04  
   0.7074300  7.890815e-01  5.896952e-04  7.890856e-01  5.897175e-04  7.424065e-01  5.229128e-04  
   0.7284300  7.903404e-01  6.093988e-04  7.903448e-01  6.094218e-04  7.435231e-01  5.402893e-04  
   0.7494300  7.916415e-01  6.293091e-04  7.916459e-01  6.293330e-04  7.446763e-01  5.578393e-04  
   0.7704300  7.929841e-01  6.494334e-04  7.929885e-01  6.494587e-04  7.458664e-01  5.755692e-04  
   0.7914300  7.943695e-01  6.697799e-04  7.943742e-01  6.698068e-04  7.470943e-01  5.934853e-04  
   0.8114300  7.957283e-01  6.893714e-04  7.957330e-01  6.894001e-04  7.482982e-01  6.107279e-04  
   0.8324300  7.971979e-01  7.101761e-04  7.972025e-01  7.102069e-04  7.495999e-01  6.290284e-04  
   0.8540300  7.987555e-01  7.318345e-04  7.987599e-01  7.318678e-04  7.509793e-01  6.480692e-04  
   0.8740300  8.002391e-01  7.521310e-04  8.002440e-01  7.521670e-04  7.522932e-01  6.659026e-04  
   0.8950300  8.018413e-01  7.737036e-04  8.018461e-01  7.737422e-04  7.537110e-01  6.848460e-04  
   0.9160300  8.034887e-01  7.955532e-04  8.034934e-01  7.955948e-04  7.551693e-01  7.040217e-04  
   0.9370300  8.051822e-01  8.176907e-04  8.051872e-01  8.177353e-04  7.566678e-01  7.234380e-04  
   0.9580300  8.069225e-01  8.401267e-04  8.069276e-01  8.401744e-04  7.582074e-01  7.431037e-04  
   0.9780300  8.086244e-01  8.617826e-04  8.086295e-01  8.618330e-04  7.597124e-01  7.620738e-04  
   0.9990300  8.104581e-01  8.848344e-04  8.104635e-01  8.848878e-04  7.613341e-01  7.822540e-04  
   1.0200300  8.123409e-01  9.082181e-04  8.123461e-01  9.082746e-04  7.629982e-01  8.027118e-04  
   1.0410300  8.142731e-01  9.319471e-04  8.142785e-01  9.320059e-04  7.647056e-01  8.234567e-04  
   1.0620300  8.162559e-01  9.560325e-04  8.162613e-01  9.560935e-04  7.664573e-01  8.444992e-04  
   1.0830300  8.182896e-01  9.804872e-04  8.182951e-01  9.805504e-04  7.682534e-01  8.658493e-04  
   1.1030300  8.202743e-01  1.004132e-03  8.202800e-01  1.004197e-03  7.700059e-01  8.864781e-04  
   1.1240300  8.224099e-01  1.029344e-03  8.224156e-01  1.029410e-03  7.718909e-01  9.084591e-04  
   1.1450300  8.245986e-01  1.054965e-03  8.246045e-01  1.055032e-03  7.738224e-01  9.307796e-04  
   1.1660300  8.268418e-01  1.081008e-03  8.268477e-01  1.081076e-03  7.758011e-01  9.534510e-04  
   1.1870300  8.291399e-01  1.107488e-03  8.291460e-01  1.107556e-03  7.778279e-01  9.764856e-04  
   1.2080300  8.314942e-01  1.134420e-03  8.315005e-01  1.134489e-03  7.799035e-01  9.998953e-04  
   1.2280300  8.337888e-01  1.160504e-03  8.337950e-01  1.160573e-03  7.819255e-01  1.022550e-03  
   1.2490300  8.362546e-01  1.188365e-03  8.362610e-01  1.188434e-03  7.840980e-01  1.046730e-03  
   1.2706300  8.388532e-01  1.217547e-03  8.388598e-01  1.217616e-03  7.863863e-01  1.072034e-03  
   1.2906300  8.413153e-01  1.245057e-03  8.413222e-01  1.245126e-03  7.885537e-01  1.095870e-03  
   1.3116300  8.439607e-01  1.274469e-03  8.439674e-01  1.274539e-03  7.908818e-01  1.121333e-03  
   1.3326300  8.466676e-01  1.304440e-03  8.466747e-01  1.304510e-03  7.932631e-01  1.147257e-03  
   1.3536299  8.494384e-01  1.334990e-03  8.494456e-01  1.335060e-03  7.956995e-01  1.173659e-03  
   1.3746300  8.522740e-01  1.366142e-03  8.522814e-01  1.366213e-03  7.981919e-01  1.200558e-03  
   1.3946300  8.550363e-01  1.396391e-03  8.550438e-01  1.396464e-03  8.006189e-01  1.226654e-03  
   1.4156300  8.580023e-01  1.428785e-03  8.580101e-01  1.428858e-03  8.032238e-01  1.254574e-03  
   1.4366300  8.610373e-01  1.461849e-03  8.610451e-01  1.461925e-03  8.058882e-01  1.283047e-03  
   1.4576300  8.641425e-01  1.495610e-03  8.641504e-01  1.495688e-03  8.086132e-01  1.312091e-03  
   1.4786299  8.673199e-01  1.530094e-03  8.673282e-01  1.530175e-03  8.113998e-01  1.341730e-03  
   1.4996300  8.705706e-01  1.565329e-03  8.705788e-01  1.565412e-03  8.142499e-01  1.371983e-03  
   1.5196300  8.737356e-01  1.599608e-03  8.737441e-01  1.599693e-03  8.170233e-01  1.401388e-03  
   1.5406300  8.771339e-01  1.636390e-03  8.771425e-01  1.636478e-03  8.199998e-01  1.432907e-03  
   1.5616300  8.806101e-01  1.674010e-03  8.806190e-01  1.674100e-03  8.230430e-01  1.465112e-03  
   1.5826300  8.841662e-01  1.712499e-03  8.841753e-01  1.712593e-03  8.261546e-01  1.498026e-03  
   1.6036299  8.878042e-01  1.751893e-03  8.878134e-01  1.751988e-03  8.293362e-01  1.531677e-03  
   1.6246300  8.915256e-01  1.792228e-03  8.915354e-01  1.792326e-03  8.325888e-01  1.566095e-03  
   1.6446300  8.951488e-01  1.831549e-03  8.951587e-01  1.831649e-03  8.357543e-01  1.599612e-03  
   1.6656300  8.990389e-01  1.873829e-03  8.990488e-01  1.873933e-03  8.391504e-01  1.635611e-03  
   1.6872300  9.031342e-01  1.918423e-03  9.031444e-01  1.918529e-03  8.427241e-01  1.673538e-03  
   1.7072300  9.070128e-01  1.960753e-03  9.070229e-01  1.960863e-03  8.461065e-01  1.709499e-03  
   1.7282300  9.111769e-01  2.006324e-03  9.111875e-01  2.006438e-03  8.497362e-01  1.748169e-03  
   1.7492300  9.154387e-01  2.053095e-03  9.154496e-01  2.053213e-03  8.534482e-01  1.787812e-03  
   1.7702301  9.197992e-01  2.101121e-03  9.198103e-01  2.101243e-03  8.572441e-01  1.828469e-03  
   1.7912300  9.242622e-01  2.150459e-03  9.242735e-01  2.150585e-03  8.611267e-01  1.870187e-03  
   1.8112299  9.286107e-01  2.198722e-03  9.286225e-01  2.198854e-03  8.649071e-01  1.910949e-03  
   1.8322300  9.332818e-01  2.250802e-03  9.332937e-01  2.250938e-03  8.689655e-01  1.954879e-03  
   1.8532300  9.380642e-01  2.304385e-03  9.380763e-01  2.304527e-03  8.731174e-01  2.000022e-03  
   1.8742300  9.429607e-01  2.359550e-03  9.429730e-01  2.359697e-03  8.773658e-01  2.046438e-03  
   1.8952301  9.479750e-01  2.416377e-03  9.479877e-01  2.416530e-03  8.817131e-01  2.094188e-03  
   1.9162300  9.531109e-01  2.474955e-03  9.531237e-01  2.475114e-03  8.861616e-01  2.143338e-03  
   1.9362299  9.581172e-01  2.532460e-03  9.581306e-01  2.532627e-03  8.904954e-01  2.191520e-03  
   1.9572300  9.634997e-01  2.594749e-03  9.635135e-01  2.594921e-03  8.951510e-01  2.243629e-03  
   1.9782300  9.690148e-01  2.659107e-03  9.690288e-01  2.659287e-03  8.999172e-01  2.297381e-03  
   1.9992300  9.746655e-01  2.725669e-03  9.746799e-01  2.725855e-03  9.047968e-01  2.352873e-03  
   2.0202301  9.804576e-01  2.794582e-03  9.804725e-01  2.794777e-03  9.097939e-01  2.410219e-03  
   2.0412300  9.863949e-01  2.866014e-03  9.864100e-01  2.866216e-03  9.149121e-01  2.469539e-03  
   2.0612299  9.921887e-01  2.936551e-03  9.922041e-01  2.936762e-03  9.199020e-01  2.527996e-03  
   2.0822301  9.984237e-01  3.013449e-03  9.984397e-01  3.013668e-03  9.252667e-01  2.591591e-03  
   2.1038301  1.005004e+00  3.095806e-03  1.005021e+00  3.096035e-03  9.309242e-01  2.659551e-03  
   2.1238301  1.011254e+00  3.175246e-03  1.011272e+00  3.175485e-03  9.362916e-01  2.724969e-03  
   2.1448300  1.017985e+00  3.262218e-03  1.018003e+00  3.262469e-03  9.420664e-01  2.796452e-03  
   2.1658299  1.024894e+00  3.353128e-03  1.024912e+00  3.353392e-03  9.479879e-01  2.871043e-03  
   2.1868300  1.031989e+00  3.448301e-03  1.032008e+00  3.448578e-03  9.540621e-01  2.949019e-03  
   2.2078300  1.039276e+00  3.548074e-03  1.039295e+00  3.548366e-03  9.602941e-01  3.030679e-03  
   2.2278299  1.046402e+00  3.647710e-03  1.046422e+00  3.648017e-03  9.663820e-01  3.112181e-03  
   2.2488301  1.054087e+00  3.757543e-03  1.054108e+00  3.757867e-03  9.729398e-01  3.202019e-03  
   2.2698300  1.061988e+00  3.873120e-03  1.062009e+00  3.873461e-03  9.796736e-01  3.296599e-03  
   2.2908299  1.070115e+00  3.994872e-03  1.070136e+00  3.995235e-03  9.865914e-01  3.396336e-03  
   2.3118300  1.078476e+00  4.123256e-03  1.078498e+00  4.123640e-03  9.936992e-01  3.501667e-03  
   2.3328300  1.087082e+00  4.258748e-03  1.087104e+00  4.259156e-03  1.001005e+00  3.613061e-03  
   2.3528299  1.095515e+00  4.394876e-03  1.095538e+00  4.395305e-03  1.008155e+00  3.725242e-03  
   2.3738301  1.104629e+00  4.545780e-03  1.104653e+00  4.546238e-03  1.015871e+00  3.849939e-03  
   2.3948300  1.114022e+00  4.705444e-03  1.114047e+00  4.705928e-03  1.023810e+00  3.982270e-03  
   2.4158299  1.123706e+00  4.874535e-03  1.123732e+00  4.875050e-03  1.031983e+00  4.122857e-03  
   2.4368300  1.133696e+00  5.053796e-03  1.133723e+00  5.054342e-03  1.040399e+00  4.272377e-03  
   2.4578300  1.144007e+00  5.244059e-03  1.144035e+00  5.244640e-03  1.049071e+00  4.431576e-03  
   2.4778299  1.154141e+00  5.436367e-03  1.154169e+00  5.436984e-03  1.057577e+00  4.592962e-03  
   2.4988301  1.165129e+00  5.651013e-03  1.165158e+00  5.651669e-03  1.066782e+00  4.773586e-03  
   2.5204301  1.176821e+00  5.886719e-03  1.176852e+00  5.887419e-03  1.076558e+00  4.972430e-03  
   2.5404301  1.188022e+00  6.119871e-03  1.188053e+00  6.120613e-03  1.085901e+00  5.169517e-03  
   2.5614300  1.200192e+00  6.381847e-03  1.200225e+00  6.382643e-03  1.096029e+00  5.391294e-03  
   2.5824299  1.212809e+00  6.663539e-03  1.212842e+00  6.664391e-03  1.106502e+00  5.629937e-03  
   2.6034300  1.225901e+00  6.967595e-03  1.225936e+00  6.968509e-03  1.117341e+00  5.887476e-03  
   2.6244299  1.239499e+00  7.297282e-03  1.239535e+00  7.298259e-03  1.128565e+00  6.166321e-03  
   2.6444299  1.252954e+00  7.638877e-03  1.252991e+00  7.639925e-03  1.139639e+00  6.454404e-03  
   2.6654301  1.267649e+00  8.031619e-03  1.267688e+00  8.032745e-03  1.151693e+00  6.784030e-03  
   2.6864300  1.282968e+00  8.466024e-03  1.283009e+00  8.467243e-03  1.164213e+00  7.145939e-03  
   2.7074299  1.298962e+00  8.951187e-03  1.299005e+00  8.952509e-03  1.177235e+00  7.545927e-03  
   2.7284300  1.315689e+00  9.499310e-03  1.315733e+00  9.500748e-03  1.190793e+00  7.991432e-03  
   2.7494299  1.333210e+00  1.012685e-02  1.333257e+00  1.012843e-02  1.204928e+00  8.492078e-03  
   2.7694299  1.350702e+00  1.081874e-02  1.350750e+00  1.082048e-02  1.218970e+00  9.031564e-03  
   2.7904301  1.369990e+00  1.167311e-02  1.370041e+00  1.167504e-02  1.234369e+00  9.679358e-03  
   2.8114300  1.390314e+00  1.269843e-02  1.390368e+00  1.270062e-02  1.250496e+00  1.043103e-02  
   2.8324299  1.411774e+00  1.394908e-02  1.411831e+00  1.395159e-02  1.267413e+00  1.131352e-02  
   2.8534300  1.434480e+00  1.549742e-02  1.434539e+00  1.550036e-02  1.285188e+00  1.236152e-02  
   2.8744299  1.458551e+00  1.743844e-02  1.458614e+00  1.744192e-02  1.303896e+00  1.361931e-02  
   2.8944299  1.482862e+00  1.976430e-02  1.482928e+00  1.976849e-02  1.322655e+00  1.506364e-02  
   2.9154301  1.509966e+00  2.285724e-02  1.510037e+00  2.286237e-02  1.343426e+00  1.690680e-02  
   2.9370301  1.539661e+00  2.693560e-02  1.539736e+00  2.694204e-02  1.366035e+00  1.924325e-02  
   2.9570301  1.568906e+00  3.174560e-02  1.568985e+00  3.175361e-02  1.388183e+00  2.190748e-02  
   2.9780300  1.601513e+00  3.814166e-02  1.601597e+00  3.815182e-02  1.412790e+00  2.535348e-02  
   2.9990301  1.636126e+00  4.624335e-02  1.636215e+00  4.625627e-02  1.438875e+00  2.962458e-02  
   3.0200300  1.672756e+00  5.642850e-02  1.672850e+00  5.644490e-02  1.466522e+00  3.491642e-02  
   3.0410299  1.711351e+00  6.911523e-02  1.711450e+00  6.913593e-02  1.495803e+00  4.146101e-02  
   3.0610299  1.749819e+00  8.393225e-02  1.749922e+00  8.395798e-02  1.525252e+00  4.910548e-02  
   3.0820301  1.791794e+00  1.028029e-01  1.791901e+00  1.028349e-01  1.557823e+00  5.891011e-02  
   3.1030300  1.835076e+00  1.255105e-01  1.835185e+00  1.255499e-01  1.592050e+00  7.087407e-02  
   3.1240301  1.879237e+00  1.524734e-01  1.879348e+00  1.525213e-01  1.627838e+00  8.537167e-02  
   3.1450300  1.923742e+00  1.840454e-01  1.923853e+00  1.841030e-01  1.665017e+00  1.027971e-01  
   3.1660299  1.967962e+00  2.204890e-01  1.968073e+00  2.205570e-01  1.703329e+00  1.235512e-01  
   3.1860299  2.009165e+00  2.598564e-01  2.009273e+00  2.599353e-01  1.740548e+00  1.467665e-01  
   3.2070301  2.050740e+00  3.060844e-01  2.050842e+00  3.061751e-01  1.779964e+00  1.751025e-01  
   3.2280300  2.089822e+00  3.571654e-01  2.089917e+00  3.572684e-01  1.819183e+00  2.077787e-01  
   3.2490301  2.125655e+00  4.127752e-01  2.125741e+00  4.128902e-01  1.857566e+00  2.449937e-01  
   3.2700300  2.157547e+00  4.724239e-01  2.157624e+00  4.725507e-01  1.894400e+00  2.868248e-01  
   3.2910299  2.184911e+00  5.354781e-01  2.184973e+00  5.356158e-01  1.928927e+00  3.332061e-01  
   3.3110299  2.206346e+00  5.980102e-01  2.206395e+00  5.981576e-01  1.958962e+00  3.814012e-01  
   3.3320301  2.223716e+00  6.654791e-01  2.223750e+00  6.656348e-01  1.986792e+00  4.358480e-01  
   3.3536301  2.235979e+00  7.359177e-01  2.235999e+00  7.360808e-01  2.010762e+00  4.953676e-01  
   3.3736300  2.242324e+00  8.012867e-01  2.242329e+00  8.014551e-01  2.028221e+00  5.529822e-01  
   3.3946300  2.244028e+00  8.693140e-01  2.244020e+00  8.694865e-01  2.041262e+00  6.152436e-01  
   3.4156301  2.241016e+00  9.360390e-01  2.240994e+00  9.362139e-01  2.048664e+00  6.783881e-01  
   3.4366300  2.233765e+00  1.000900e+00  2.233733e+00  1.001077e+00  2.050414e+00  7.414301e-01  
   3.4576299  2.222820e+00  1.063485e+00  2.222778e+00  1.063663e+00  2.046711e+00  8.033969e-01  
   3.4776299  2.209478e+00  1.120734e+00  2.209429e+00  1.120911e+00  2.038483e+00  8.605836e-01  
   3.4986300  2.192930e+00  1.178254e+00  2.192876e+00  1.178431e+00  2.025468e+00  9.179503e-01  
   3.5196300  2.174271e+00  1.233118e+00  2.174214e+00  1.233295e+00  2.008688e+00  9.719555e-01  
   3.5406301  2.153922e+00  1.285420e+00  2.153863e+00  1.285596e+00  1.988973e+00  1.022173e+00  
   3.5616300  2.132215e+00  1.335311e+00  2.132156e+00  1.335487e+00  1.967194e+00  1.068392e+00  
   3.5826299  2.109394e+00  1.382970e+00  2.109337e+00  1.383147e+00  1.944212e+00  1.110624e+00  
   3.6026299  2.086776e+00  1.426447e+00  2.086722e+00  1.426624e+00  1.921937e+00  1.147335e+00  
   3.6236300  2.062200e+00  1.470226e+00  2.062151e+00  1.470404e+00  1.898795e+00  1.182567e+00  
   3.6446300  2.036857e+00  1.512185e+00  2.036811e+00  1.512365e+00  1.876436e+00  1.214910e+00  
   3.6656301  2.010812e+00  1.552375e+00  2.010770e+00  1.552556e+00  1.855228e+00  1.244948e+00  
   3.6866300  1.984159e+00  1.590795e+00  1.984124e+00  1.590977e+00  1.835372e+00  1.273283e+00  
   3.7076299  1.957039e+00  1.627408e+00  1.957010e+00  1.627591e+00  1.816909e+00  1.300477e+00  
   3.7276299  1.930962e+00  1.660551e+00  1.930938e+00  1.660736e+00  1.800544e+00  1.325752e+00  
   3.7486300  1.903581e+00  1.693495e+00  1.903564e+00  1.693681e+00  1.784472e+00  1.351978e+00  
   3.7702301  1.875778e+00  1.725385e+00  1.875768e+00  1.725574e+00  1.768916e+00  1.378850e+00  
   3.7902300  1.850742e+00  1.753153e+00  1.850739e+00  1.753345e+00  1.755201e+00  1.403720e+00  
   3.8112299  1.825628e+00  1.780621e+00  1.825632e+00  1.780817e+00  1.741369e+00  1.429798e+00  
   3.8322301  1.802189e+00  1.806594e+00  1.802199e+00  1.806794e+00  1.728056e+00  1.455738e+00  
   3.8532300  1.780894e+00  1.831432e+00  1.780911e+00  1.831638e+00  1.715304e+00  1.481398e+00  
   3.8742299  1.762179e+00  1.855628e+00  1.762203e+00  1.855840e+00  1.703267e+00  1.506655e+00  
   3.8942299  1.747080e+00  1.878643e+00  1.747108e+00  1.878862e+00  1.692699e+00  1.530279e+00  
   3.9152300  1.734321e+00  1.903489e+00  1.734354e+00  1.903717e+00  1.682857e+00  1.554675e+00  
   3.9362299  1.724832e+00  1.929865e+00  1.724869e+00  1.930102e+00  1.674664e+00  1.578831e+00  
   3.9572301  1.718534e+00  1.958696e+00  1.718573e+00  1.958943e+00  1.668484e+00  1.603092e+00  
   3.9782300  1.715142e+00  1.990945e+00  1.715182e+00  1.991204e+00  1.664627e+00  1.627965e+00  
   3.9992299  1.714144e+00  2.027570e+00  1.714183e+00  2.027841e+00  1.663302e+00  1.654115e+00  
   4.0192299  1.714742e+00  2.067354e+00  1.714777e+00  2.067636e+00  1.664452e+00  1.680941e+00  
   4.0402298  1.716067e+00  2.115038e+00  1.716097e+00  2.115331e+00  1.668075e+00  1.711988e+00  
   4.0612302  1.716951e+00  2.169406e+00  1.716973e+00  2.169711e+00  1.673840e+00  1.746926e+00  
   4.0822301  1.716044e+00  2.230880e+00  1.716055e+00  2.231198e+00  1.681171e+00  1.786712e+00  
   4.1032300  1.711861e+00  2.299633e+00  1.711858e+00  2.299961e+00  1.689238e+00  1.832249e+00  
   4.1242299  1.702843e+00  2.375546e+00  1.702823e+00  2.375882e+00  1.696965e+00  1.884320e+00  
   4.1442299  1.688318e+00  2.454115e+00  1.688278e+00  2.454458e+00  1.702809e+00  1.940538e+00  
   4.1652298  1.665371e+00  2.542504e+00  1.665309e+00  2.542850e+00  1.705906e+00  2.006872e+00  
   4.1868300  1.632089e+00  2.638667e+00  1.632001e+00  2.639013e+00  1.704123e+00  2.082976e+00  
   4.2068300  1.591370e+00  2.731256e+00  1.591257e+00  2.731598e+00  1.696339e+00  2.160300e+00  
   4.2278299  1.537399e+00  2.830693e+00  1.537258e+00  2.831029e+00  1.680105e+00  2.247947e+00  
   4.2488298  1.471220e+00  2.930756e+00  1.471049e+00  2.931082e+00  1.653949e+00  2.341174e+00  
   4.2698302  1.392390e+00  3.029647e+00  1.392190e+00  3.029960e+00  1.616349e+00  2.438540e+00  
   4.2908301  1.300781e+00  3.125486e+00  1.300553e+00  3.125781e+00  1.566047e+00  2.538234e+00  
   4.3108301  1.201811e+00  3.212189e+00  1.201555e+00  3.212467e+00  1.505511e+00  2.633415e+00  
   4.3318300  1.086028e+00  3.296617e+00  1.085748e+00  3.296874e+00  1.428241e+00  2.731343e+00  
   4.3528299  9.588290e-01  3.372480e+00  9.585246e-01  3.372719e+00  1.336965e+00  2.824770e+00  
   4.3738298  8.212160e-01  3.438054e+00  8.208913e-01  3.438274e+00  1.232247e+00  2.911192e+00  
   4.3948302  6.744319e-01  3.491739e+00  6.740897e-01  3.491942e+00  1.115191e+00  2.988207e+00  
   4.4158301  5.199462e-01  3.532090e+00  5.195908e-01  3.532279e+00  9.874197e-01  3.053633e+00  
   4.4358301  3.671721e-01  3.556977e+00  3.668076e-01  3.557153e+00  8.576490e-01  3.103489e+00  
   4.4568300  2.025945e-01  3.567894e+00  2.022252e-01  3.568061e+00  7.152094e-01  3.141404e+00  
   4.4778299  3.570475e-02  3.562453e+00  3.533450e-02  3.562613e+00  5.690249e-01  3.163638e+00  
   4.4988298  -1.313865e-01  3.540166e+00  -1.317536e-01  3.540324e+00  4.218178e-01  3.169818e+00  
   4.5198302  -2.964802e-01  3.500876e+00  -2.968403e-01  3.501033e+00  2.762635e-01  3.160120e+00  
   4.5408301  -4.573190e-01  3.444794e+00  -4.576688e-01  3.444951e+00  1.348725e-01  3.135234e+00  
   4.5608301  -6.044962e-01  3.376321e+00  -6.048337e-01  3.376478e+00  6.113084e-03  3.098452e+00  
   4.5818300  -7.506470e-01  3.289576e+00  -7.509696e-01  3.289735e+00  -1.211108e-01  3.047534e+00  
   4.6034298  -8.899232e-01  3.185952e+00  -8.902296e-01  3.186112e+00  -2.419664e-01  2.983844e+00  
   4.6234298  -1.007222e+00  3.078664e+00  -1.007513e+00  3.078824e+00  -3.438970e-01  2.916435e+00  
   4.6444302  -1.116893e+00  2.956340e+00  -1.117169e+00  2.956498e+00  -4.400582e-01  2.838832e+00  
   4.6654301  -1.211671e+00  2.826467e+00  -1.211933e+00  2.826623e+00  -5.249152e-01  2.756146e+00  
   4.6864300  -1.290913e+00  2.691599e+00  -1.291162e+00  2.691752e+00  -5.986286e-01  2.670202e+00  
   4.7074299  -1.354444e+00  2.554355e+00  -1.354683e+00  2.554503e+00  -6.616232e-01  2.582664e+00  
   4.7274299  -1.400612e+00  2.423774e+00  -1.400844e+00  2.423915e+00  -7.122195e-01  2.499158e+00  
   4.7484298  -1.434734e+00  2.289087e+00  -1.434960e+00  2.289220e+00  -7.561952e-01  2.412538e+00  
   4.7694302  -1.455242e+00  2.158962e+00  -1.455464e+00  2.159086e+00  -7.916084e-01  2.328036e+00  
   4.7904301  -1.463534e+00  2.035177e+00  -1.463755e+00  2.035288e+00  -8.193094e-01  2.246497e+00  
   4.8114300  -1.461220e+00  1.919105e+00  -1.461439e+00  1.919204e+00  -8.401482e-01  2.168567e+00  
   4.8324299  -1.450006e+00  1.811716e+00  -1.450226e+00  1.811800e+00  -8.549483e-01  2.094725e+00  
   4.8524299  -1.432628e+00  1.718039e+00  -1.432847e+00  1.718107e+00  -8.641460e-01  2.028494e+00  
   4.8734298  -1.408931e+00  1.628919e+00  -1.409150e+00  1.628969e+00  -8.693654e-01  1.963437e+00  
   4.8944302  -1.381149e+00  1.549179e+00  -1.381368e+00  1.549211e+00  -8.707089e-01  1.903048e+00  
   4.9154301  -1.350634e+00  1.478495e+00  -1.350851e+00  1.478506e+00  -8.688004e-01  1.847312e+00  
   4.9364300  -1.318542e+00  1.416352e+00  -1.318755e+00  1.416341e+00  -8.642068e-01  1.796130e+00  
   4.9574299  -1.285825e+00  1.362115e+00  -1.286035e+00  1.362081e+00  -8.574374e-01  1.749339e+00  
   4.9774299  -1.254785e+00  1.317163e+00  -1.254990e+00  1.317107e+00  -8.493823e-01  1.708666e+00  
   4.9984298  -1.222880e+00  1.276297e+00  -1.223077e+00  1.276216e+00  -8.396186e-01  1.669808e+00  
