w Re-xx Im-xx Re-yy Im-yy Re-zz Im-zz
# Gaussian absolute broadening  0.15 [eV]
   0.0000000  7.679046e-01  8.818899e-05  7.679229e-01  8.818914e-05  7.297159e-01  8.046338e-05  
   0.0200000  7.680044e-01  9.438460e-05  7.680230e-01  9.438481e-05  7.298068e-01  8.611571e-05  
   0.0410000  7.681229e-01  1.014447e-04  7.681414e-01  1.014450e-04  7.299153e-01  9.255655e-05  
   0.0620000  7.682579e-01  1.091092e-04  7.682763e-01  1.091096e-04  7.300385e-01  9.954851e-05  
   0.0830000  7.684110e-01  1.174119e-04  7.684298e-01  1.174124e-04  7.301784e-01  1.071225e-04  
   0.1040000  7.685854e-01  1.263822e-04  7.686037e-01  1.263828e-04  7.303372e-01  1.153051e-04  
   0.1240000  7.687718e-01  1.355672e-04  7.687904e-01  1.355679e-04  7.305073e-01  1.236832e-04  
   0.1450000  7.689921e-01  1.459004e-04  7.690104e-01  1.459014e-04  7.307081e-01  1.331085e-04  
   0.1660000  7.692391e-01  1.569461e-04  7.692575e-01  1.569473e-04  7.309339e-01  1.431830e-04  
   0.1870000  7.695155e-01  1.687004e-04  7.695342e-01  1.687020e-04  7.311859e-01  1.539036e-04  
   0.2080000  7.698229e-01  1.811491e-04  7.698414e-01  1.811511e-04  7.314666e-01  1.652568e-04  
   0.2290000  7.701633e-01  1.942669e-04  7.701820e-01  1.942693e-04  7.317771e-01  1.772195e-04  
   0.2490000  7.705197e-01  2.073500e-04  7.705383e-01  2.073528e-04  7.321020e-01  1.891499e-04  
   0.2700000  7.709288e-01  2.216648e-04  7.709475e-01  2.216681e-04  7.324751e-01  2.022025e-04  
   0.2910000  7.713746e-01  2.365222e-04  7.713933e-01  2.365261e-04  7.328819e-01  2.157490e-04  
   0.3120000  7.718580e-01  2.518684e-04  7.718766e-01  2.518729e-04  7.333230e-01  2.297399e-04  
   0.3330000  7.723793e-01  2.676486e-04  7.723982e-01  2.676539e-04  7.337985e-01  2.441252e-04  
   0.3540000  7.729393e-01  2.838095e-04  7.729578e-01  2.838154e-04  7.343091e-01  2.588563e-04  
   0.3740000  7.735083e-01  2.995093e-04  7.735270e-01  2.995159e-04  7.348282e-01  2.731655e-04  
   0.3950000  7.741432e-01  3.162751e-04  7.741618e-01  3.162825e-04  7.354072e-01  2.884448e-04  
   0.4160000  7.748162e-01  3.332917e-04  7.748350e-01  3.332999e-04  7.360212e-01  3.039506e-04  
   0.4374300  7.755431e-01  3.508831e-04  7.755620e-01  3.508922e-04  7.366841e-01  3.199783e-04  
   0.4574300  7.762572e-01  3.674843e-04  7.762760e-01  3.674942e-04  7.373351e-01  3.351018e-04  
   0.4784300  7.770441e-01  3.850893e-04  7.770630e-01  3.851002e-04  7.380529e-01  3.511377e-04  
   0.4994300  7.778690e-01  4.028607e-04  7.778880e-01  4.028726e-04  7.388051e-01  3.673228e-04  
   0.5204300  7.787324e-01  4.207907e-04  7.787513e-01  4.208038e-04  7.395922e-01  3.836501e-04  
   0.5414300  7.796339e-01  4.388766e-04  7.796529e-01  4.388908e-04  7.404142e-01  4.001164e-04  
   0.5614300  7.805284e-01  4.562454e-04  7.805473e-01  4.562608e-04  7.412298e-01  4.159277e-04  
   0.5824300  7.815055e-01  4.746362e-04  7.815244e-01  4.746529e-04  7.421205e-01  4.326666e-04  
   0.6034300  7.825212e-01  4.931872e-04  7.825403e-01  4.932056e-04  7.430465e-01  4.495488e-04  
   0.6244300  7.835765e-01  5.119043e-04  7.835960e-01  5.119243e-04  7.440084e-01  4.665782e-04  
   0.6454300  7.846715e-01  5.307927e-04  7.846907e-01  5.308140e-04  7.450064e-01  4.837608e-04  
   0.6664300  7.858066e-01  5.498584e-04  7.858258e-01  5.498813e-04  7.460408e-01  5.011010e-04  
   0.6864300  7.869247e-01  5.681870e-04  7.869442e-01  5.682111e-04  7.470597e-01  5.177679e-04  
   0.7074300  7.881384e-01  5.876184e-04  7.881578e-01  5.876442e-04  7.481657e-01  5.354339e-04  
   0.7284300  7.893932e-01  6.072476e-04  7.894126e-01  6.072749e-04  7.493091e-01  5.532762e-04  
   0.7494300  7.906893e-01  6.270827e-04  7.907091e-01  6.271112e-04  7.504902e-01  5.713016e-04  
   0.7704300  7.920275e-01  6.471301e-04  7.920470e-01  6.471602e-04  7.517091e-01  5.895162e-04  
   0.7914300  7.934081e-01  6.673991e-04  7.934276e-01  6.674303e-04  7.529666e-01  6.079283e-04  
   0.8114300  7.947620e-01  6.869155e-04  7.947817e-01  6.869479e-04  7.542000e-01  6.256525e-04  
   0.8324300  7.962262e-01  7.076401e-04  7.962461e-01  7.076739e-04  7.555335e-01  6.444704e-04  
   0.8540300  7.977780e-01  7.292145e-04  7.977979e-01  7.292496e-04  7.569470e-01  6.640552e-04  
   0.8740300  7.992564e-01  7.494318e-04  7.992765e-01  7.494683e-04  7.582932e-01  6.824044e-04  
   0.8950300  8.008526e-01  7.709196e-04  8.008729e-01  7.709576e-04  7.597467e-01  7.019021e-04  
   0.9160300  8.024942e-01  7.926830e-04  8.025142e-01  7.927224e-04  7.612412e-01  7.216456e-04  
   0.9370300  8.041816e-01  8.147322e-04  8.042018e-01  8.147733e-04  7.627774e-01  7.416443e-04  
   0.9580300  8.059157e-01  8.370783e-04  8.059360e-01  8.371210e-04  7.643557e-01  7.619075e-04  
   0.9780300  8.076113e-01  8.586469e-04  8.076314e-01  8.586913e-04  7.658991e-01  7.814613e-04  
   0.9990300  8.094386e-01  8.816050e-04  8.094589e-01  8.816511e-04  7.675620e-01  8.022702e-04  
   1.0200300  8.113140e-01  9.048935e-04  8.113346e-01  9.049413e-04  7.692687e-01  8.233741e-04  
   1.0410300  8.132393e-01  9.285245e-04  8.132599e-01  9.285742e-04  7.710204e-01  8.447834e-04  
   1.0620300  8.152148e-01  9.525098e-04  8.152354e-01  9.525609e-04  7.728175e-01  8.665089e-04  
   1.0830300  8.172409e-01  9.768624e-04  8.172616e-01  9.769152e-04  7.746608e-01  8.885618e-04  
   1.1030300  8.192183e-01  1.000408e-03  8.192393e-01  1.000462e-03  7.764595e-01  9.098793e-04  
   1.1240300  8.213457e-01  1.025514e-03  8.213667e-01  1.025570e-03  7.783943e-01  9.326044e-04  
   1.1450300  8.235266e-01  1.051026e-03  8.235475e-01  1.051082e-03  7.803773e-01  9.556919e-04  
   1.1660300  8.257613e-01  1.076958e-03  8.257824e-01  1.077016e-03  7.824093e-01  9.791544e-04  
   1.1870300  8.280509e-01  1.103324e-03  8.280721e-01  1.103382e-03  7.844908e-01  1.003005e-03  
   1.2080300  8.303961e-01  1.130141e-03  8.304175e-01  1.130199e-03  7.866227e-01  1.027257e-03  
   1.2280300  8.326821e-01  1.156112e-03  8.327035e-01  1.156171e-03  7.887006e-01  1.050741e-03  
   1.2490300  8.351387e-01  1.183853e-03  8.351603e-01  1.183912e-03  7.909330e-01  1.075820e-03  
   1.2706300  8.377275e-01  1.212907e-03  8.377492e-01  1.212967e-03  7.932852e-01  1.102083e-03  
   1.2906300  8.401799e-01  1.240297e-03  8.402019e-01  1.240358e-03  7.955137e-01  1.126836e-03  
   1.3116300  8.428150e-01  1.269581e-03  8.428372e-01  1.269642e-03  7.979074e-01  1.153299e-03  
   1.3326300  8.455118e-01  1.299421e-03  8.455340e-01  1.299483e-03  8.003572e-01  1.180261e-03  
   1.3536299  8.482721e-01  1.329837e-03  8.482943e-01  1.329900e-03  8.028640e-01  1.207741e-03  
   1.3746300  8.510965e-01  1.360854e-03  8.511192e-01  1.360918e-03  8.054290e-01  1.235765e-03  
   1.3946300  8.538481e-01  1.390971e-03  8.538707e-01  1.391036e-03  8.079277e-01  1.262976e-03  
   1.4156300  8.568027e-01  1.423224e-03  8.568253e-01  1.423291e-03  8.106101e-01  1.292123e-03  
   1.4366300  8.598257e-01  1.456146e-03  8.598486e-01  1.456215e-03  8.133544e-01  1.321882e-03  
   1.4576300  8.629187e-01  1.489764e-03  8.629420e-01  1.489835e-03  8.161623e-01  1.352284e-03  
   1.4786299  8.660839e-01  1.524104e-03  8.661071e-01  1.524177e-03  8.190348e-01  1.383362e-03  
   1.4996300  8.693218e-01  1.559194e-03  8.693452e-01  1.559270e-03  8.219730e-01  1.415151e-03  
   1.5196300  8.724743e-01  1.593337e-03  8.724980e-01  1.593416e-03  8.248338e-01  1.446125e-03  
   1.5406300  8.758591e-01  1.629980e-03  8.758827e-01  1.630062e-03  8.279051e-01  1.479427e-03  
   1.5616300  8.793219e-01  1.667466e-03  8.793457e-01  1.667551e-03  8.310466e-01  1.513583e-03  
   1.5826300  8.828638e-01  1.705833e-03  8.828880e-01  1.705921e-03  8.342599e-01  1.548653e-03  
   1.6036299  8.864877e-01  1.745118e-03  8.865118e-01  1.745210e-03  8.375468e-01  1.584709e-03  
   1.6246300  8.901942e-01  1.785367e-03  8.902189e-01  1.785462e-03  8.409092e-01  1.621831e-03  
   1.6446300  8.938032e-01  1.824636e-03  8.938280e-01  1.824735e-03  8.441826e-01  1.658260e-03  
   1.6656300  8.976780e-01  1.866903e-03  8.977029e-01  1.867006e-03  8.476967e-01  1.697733e-03  
   1.6872300  9.017571e-01  1.911544e-03  9.017824e-01  1.911651e-03  8.513957e-01  1.739757e-03  
   1.7072300  9.056202e-01  1.953990e-03  9.056457e-01  1.954102e-03  8.548990e-01  1.780063e-03  
   1.7282300  9.097686e-01  1.999780e-03  9.097943e-01  1.999896e-03  8.586607e-01  1.823953e-03  
   1.7492300  9.140132e-01  2.046897e-03  9.140392e-01  2.047017e-03  8.625093e-01  1.869586e-03  
   1.7702301  9.183568e-01  2.095426e-03  9.183830e-01  2.095551e-03  8.664477e-01  1.917108e-03  
   1.7912300  9.228027e-01  2.145462e-03  9.228293e-01  2.145592e-03  8.704785e-01  1.966679e-03  
   1.8112299  9.271342e-01  2.194613e-03  9.271610e-01  2.194748e-03  8.744053e-01  2.015962e-03  
   1.8322300  9.317874e-01  2.247898e-03  9.318144e-01  2.248039e-03  8.786237e-01  2.070077e-03  
   1.8532300  9.365511e-01  2.303021e-03  9.365785e-01  2.303167e-03  8.829421e-01  2.126849e-03  
   1.8742300  9.414289e-01  2.360111e-03  9.414563e-01  2.360263e-03  8.873636e-01  2.186551e-03  
   1.8952301  9.464236e-01  2.419303e-03  9.464517e-01  2.419461e-03  8.918914e-01  2.249502e-03  
   1.9162300  9.515396e-01  2.480738e-03  9.515676e-01  2.480903e-03  8.965291e-01  2.316078e-03  
   1.9362299  9.565266e-01  2.541472e-03  9.565549e-01  2.541643e-03  9.010496e-01  2.383253e-03  
   1.9572300  9.618878e-01  2.607728e-03  9.619165e-01  2.607905e-03  9.059094e-01  2.458225e-03  
   1.9782300  9.673806e-01  2.676691e-03  9.674100e-01  2.676875e-03  9.108883e-01  2.538304e-03  
   1.9992300  9.730088e-01  2.748532e-03  9.730384e-01  2.748723e-03  9.159902e-01  2.624121e-03  
   2.0202301  9.787776e-01  2.823434e-03  9.788074e-01  2.823633e-03  9.212188e-01  2.716376e-03  
   2.0412300  9.846902e-01  2.901593e-03  9.847203e-01  2.901799e-03  9.265782e-01  2.815825e-03  
   2.0612299  9.904593e-01  2.979249e-03  9.904901e-01  2.979465e-03  9.318073e-01  2.917975e-03  
   2.0822301  9.966676e-01  3.064401e-03  9.966986e-01  3.064624e-03  9.374337e-01  3.033884e-03  
   2.1038301  1.003220e+00  3.156113e-03  1.003252e+00  3.156347e-03  9.433709e-01  3.163313e-03  
   2.1238301  1.009443e+00  3.245037e-03  1.009474e+00  3.245281e-03  9.490085e-01  3.293312e-03  
   2.1448300  1.016143e+00  3.342867e-03  1.016176e+00  3.343123e-03  9.550770e-01  3.441333e-03  
   2.1658299  1.023021e+00  3.445620e-03  1.023054e+00  3.445887e-03  9.613032e-01  3.602232e-03  
   2.1868300  1.030083e+00  3.553695e-03  1.030116e+00  3.553976e-03  9.676940e-01  3.777156e-03  
   2.2078300  1.037336e+00  3.667517e-03  1.037369e+00  3.667811e-03  9.742534e-01  3.967263e-03  
   2.2278299  1.044428e+00  3.781685e-03  1.044462e+00  3.781993e-03  9.806633e-01  4.163519e-03  
   2.2488301  1.052075e+00  3.908085e-03  1.052110e+00  3.908407e-03  9.875690e-01  4.386678e-03  
   2.2698300  1.059937e+00  4.041666e-03  1.059972e+00  4.042003e-03  9.946604e-01  4.628451e-03  
   2.2908299  1.068022e+00  4.182971e-03  1.068058e+00  4.183327e-03  1.001945e+00  4.889934e-03  
   2.3118300  1.076339e+00  4.332564e-03  1.076376e+00  4.332936e-03  1.009428e+00  5.172147e-03  
   2.3328300  1.084898e+00  4.491050e-03  1.084935e+00  4.491439e-03  1.017118e+00  5.476035e-03  
   2.3528299  1.093284e+00  4.650848e-03  1.093322e+00  4.651255e-03  1.024640e+00  5.786431e-03  
   2.3738301  1.102347e+00  4.828639e-03  1.102385e+00  4.829065e-03  1.032754e+00  6.135222e-03  
   2.3948300  1.111685e+00  5.017468e-03  1.111724e+00  5.017917e-03  1.041098e+00  6.508312e-03  
   2.4158299  1.121311e+00  5.218265e-03  1.121352e+00  5.218737e-03  1.049682e+00  6.906670e-03  
   2.4368300  1.131241e+00  5.432108e-03  1.131281e+00  5.432608e-03  1.058518e+00  7.331370e-03  
   2.4578300  1.141487e+00  5.660244e-03  1.141528e+00  5.660772e-03  1.067615e+00  7.783655e-03  
   2.4778299  1.151555e+00  5.892130e-03  1.151598e+00  5.892691e-03  1.076534e+00  8.241350e-03  
   2.4988301  1.162469e+00  6.152573e-03  1.162513e+00  6.153173e-03  1.086181e+00  8.751817e-03  
   2.5204301  1.174082e+00  6.440595e-03  1.174127e+00  6.441237e-03  1.096420e+00  9.310707e-03  
   2.5404301  1.185204e+00  6.727566e-03  1.185249e+00  6.728257e-03  1.106200e+00  9.860677e-03  
   2.5614300  1.197285e+00  7.052362e-03  1.197331e+00  7.053105e-03  1.116798e+00  1.047385e-02  
   2.5824299  1.209804e+00  7.404095e-03  1.209851e+00  7.404901e-03  1.127749e+00  1.112581e-02  
   2.6034300  1.222789e+00  7.786193e-03  1.222838e+00  7.787072e-03  1.139076e+00  1.181893e-02  
   2.6244299  1.236270e+00  8.202673e-03  1.236320e+00  8.203626e-03  1.150799e+00  1.255566e-02  
   2.6444299  1.249602e+00  8.635724e-03  1.249653e+00  8.636759e-03  1.162356e+00  1.330038e-02  
   2.6654301  1.264153e+00  9.134340e-03  1.264205e+00  9.135470e-03  1.174928e+00  1.413057e-02  
   2.6864300  1.279310e+00  9.685243e-03  1.279364e+00  9.686477e-03  1.187980e+00  1.501399e-02  
   2.7074299  1.295124e+00  1.029798e-02  1.295179e+00  1.029934e-02  1.201548e+00  1.595582e-02  
   2.7284300  1.311646e+00  1.098503e-02  1.311704e+00  1.098651e-02  1.215671e+00  1.696307e-02  
   2.7494299  1.328936e+00  1.176287e-02  1.328996e+00  1.176451e-02  1.230395e+00  1.804546e-02  
   2.7694299  1.346180e+00  1.260819e-02  1.346241e+00  1.261000e-02  1.245023e+00  1.915848e-02  
   2.7904301  1.365175e+00  1.363366e-02  1.365239e+00  1.363570e-02  1.261074e+00  2.043110e-02  
   2.8114300  1.385164e+00  1.483873e-02  1.385231e+00  1.484104e-02  1.277898e+00  2.183465e-02  
   2.8324299  1.406244e+00  1.627505e-02  1.406313e+00  1.627771e-02  1.295565e+00  2.340220e-02  
   2.8534300  1.428518e+00  1.801066e-02  1.428589e+00  1.801378e-02  1.314154e+00  2.517724e-02  
   2.8744299  1.452098e+00  2.013409e-02  1.452173e+00  2.013782e-02  1.333751e+00  2.721600e-02  
   2.8944299  1.475878e+00  2.262078e-02  1.475956e+00  2.262525e-02  1.353436e+00  2.946857e-02  
   2.9154301  1.502351e+00  2.585685e-02  1.502433e+00  2.586237e-02  1.375269e+00  3.224697e-02  
   2.9370301  1.531310e+00  3.003755e-02  1.531397e+00  3.004448e-02  1.399072e+00  3.566300e-02  
   2.9570301  1.559789e+00  3.488147e-02  1.559879e+00  3.489012e-02  1.422423e+00  3.946022e-02  
   2.9780300  1.591499e+00  4.122422e-02  1.591594e+00  4.123517e-02  1.448388e+00  4.426635e-02  
   2.9990301  1.625115e+00  4.914969e-02  1.625216e+00  4.916359e-02  1.475919e+00  5.010943e-02  
   3.0200300  1.660652e+00  5.899838e-02  1.660758e+00  5.901596e-02  1.505082e+00  5.722622e-02  
   3.0410299  1.698065e+00  7.114668e-02  1.698178e+00  7.116882e-02  1.535919e+00  6.589173e-02  
   3.0610299  1.735336e+00  8.522270e-02  1.735455e+00  8.525004e-02  1.566849e+00  7.587038e-02  
   3.0820301  1.776001e+00  1.030326e-01  1.776126e+00  1.030664e-01  1.600921e+00  8.849350e-02  
   3.1030300  1.817944e+00  1.243488e-01  1.818076e+00  1.243902e-01  1.636523e+00  1.036841e-01  
   3.1240301  1.860781e+00  1.495541e-01  1.860921e+00  1.496041e-01  1.673479e+00  1.218371e-01  
   3.1450300  1.904023e+00  1.789781e-01  1.904169e+00  1.790377e-01  1.711523e+00  1.433512e-01  
   3.1660299  1.947092e+00  2.128739e-01  1.947245e+00  2.129439e-01  1.750298e+00  1.686115e-01  
   3.1860299  1.987357e+00  2.494522e-01  1.987515e+00  2.495328e-01  1.787489e+00  1.964700e-01  
   3.2070301  2.028172e+00  2.924008e-01  2.028334e+00  2.924928e-01  1.826287e+00  2.299877e-01  
   3.2280300  2.066777e+00  3.398975e-01  2.066943e+00  3.400011e-01  1.864199e+00  2.680692e-01  
   3.2490301  2.102469e+00  3.916954e-01  2.102638e+00  3.918104e-01  1.900517e+00  3.107975e-01  
   3.2700300  2.134594e+00  4.474029e-01  2.134763e+00  4.475288e-01  1.934485e+00  3.581145e-01  
   3.2910299  2.162586e+00  5.064999e-01  2.162754e+00  5.066357e-01  1.965333e+00  4.098057e-01  
   3.3110299  2.184994e+00  5.653593e-01  2.185158e+00  5.655035e-01  1.991123e+00  4.627542e-01  
   3.3320301  2.203766e+00  6.291897e-01  2.203925e+00  6.293414e-01  2.013775e+00  5.217297e-01  
   3.3536301  2.217848e+00  6.962354e-01  2.217999e+00  6.963931e-01  2.031733e+00  5.852736e-01  
   3.3736300  2.226173e+00  7.588690e-01  2.226318e+00  7.590309e-01  2.043113e+00  6.459348e-01  
   3.3946300  2.230214e+00  8.245138e-01  2.230348e+00  8.246793e-01  2.049366e+00  7.106099e-01  
   3.4156301  2.229742e+00  8.894033e-01  2.229865e+00  8.895712e-01  2.049706e+00  7.753143e-01  
   3.4366300  2.225176e+00  9.529920e-01  2.225286e+00  9.531610e-01  2.044271e+00  8.390457e-01  
   3.4576299  2.217006e+00  1.014856e+00  2.217105e+00  1.015026e+00  2.033396e+00  9.008506e-01  
   3.4776299  2.206357e+00  1.071902e+00  2.206444e+00  1.072072e+00  2.018481e+00  9.571382e-01  
   3.4986300  2.192655e+00  1.129670e+00  2.192730e+00  1.129840e+00  1.998702e+00  1.012853e+00  
   3.5196300  2.176842e+00  1.185200e+00  2.176905e+00  1.185372e+00  1.975519e+00  1.064577e+00  
   3.5406301  2.159331e+00  1.238531e+00  2.159383e+00  1.238704e+00  1.949839e+00  1.111997e+00  
   3.5616300  2.140446e+00  1.289764e+00  2.140488e+00  1.289938e+00  1.922583e+00  1.155016e+00  
   3.5826299  2.120430e+00  1.339039e+00  2.120463e+00  1.339215e+00  1.894639e+00  1.193760e+00  
   3.6026299  2.100462e+00  1.384280e+00  2.100485e+00  1.384458e+00  1.868119e+00  1.226974e+00  
   3.6236300  2.078635e+00  1.430135e+00  2.078651e+00  1.430314e+00  1.841012e+00  1.258432e+00  
   3.6446300  2.055986e+00  1.474387e+00  2.055995e+00  1.474567e+00  1.815163e+00  1.286960e+00  
   3.6656301  2.032561e+00  1.517081e+00  2.032564e+00  1.517262e+00  1.790899e+00  1.313181e+00  
   3.6866300  2.008431e+00  1.558211e+00  2.008429e+00  1.558391e+00  1.768379e+00  1.337718e+00  
   3.7076299  1.983709e+00  1.597734e+00  1.983701e+00  1.597912e+00  1.747604e+00  1.361132e+00  
   3.7276299  1.959785e+00  1.633823e+00  1.959772e+00  1.633999e+00  1.729335e+00  1.382811e+00  
   3.7486300  1.934515e+00  1.670028e+00  1.934497e+00  1.670201e+00  1.711559e+00  1.405250e+00  
   3.7702301  1.908718e+00  1.705433e+00  1.908696e+00  1.705603e+00  1.694553e+00  1.428196e+00  
   3.7902300  1.885393e+00  1.736581e+00  1.885368e+00  1.736747e+00  1.679773e+00  1.449398e+00  
   3.8112299  1.861932e+00  1.767703e+00  1.861903e+00  1.767865e+00  1.665120e+00  1.471599e+00  
   3.8322301  1.840003e+00  1.797420e+00  1.839972e+00  1.797579e+00  1.651302e+00  1.493654e+00  
   3.8532300  1.820077e+00  1.826068e+00  1.820045e+00  1.826227e+00  1.638371e+00  1.515465e+00  
   3.8742299  1.802582e+00  1.854122e+00  1.802548e+00  1.854281e+00  1.626480e+00  1.536960e+00  
   3.8942299  1.788483e+00  1.880832e+00  1.788449e+00  1.880994e+00  1.616345e+00  1.557140e+00  
   3.9152300  1.776570e+00  1.909556e+00  1.776536e+00  1.909724e+00  1.607237e+00  1.578126e+00  
   3.9362299  1.767668e+00  1.939771e+00  1.767636e+00  1.939949e+00  1.600018e+00  1.599147e+00  
   3.9572301  1.761640e+00  1.972356e+00  1.761609e+00  1.972545e+00  1.594988e+00  1.620600e+00  
   3.9782300  1.758137e+00  2.008215e+00  1.758110e+00  2.008420e+00  1.592378e+00  1.643033e+00  
   3.9992299  1.756594e+00  2.048237e+00  1.756569e+00  2.048461e+00  1.592307e+00  1.667135e+00  
   4.0192299  1.756227e+00  2.090981e+00  1.756206e+00  2.091224e+00  1.594572e+00  1.692375e+00  
   4.0402298  1.756049e+00  2.141405e+00  1.756032e+00  2.141672e+00  1.599190e+00  1.722121e+00  
   4.0612302  1.754929e+00  2.198052e+00  1.754915e+00  2.198343e+00  1.605685e+00  1.756089e+00  
   4.0822301  1.751545e+00  2.261265e+00  1.751533e+00  2.261581e+00  1.613405e+00  1.795169e+00  
   4.1032300  1.744467e+00  2.331149e+00  1.744457e+00  2.331490e+00  1.621464e+00  1.840178e+00  
   4.1242299  1.732213e+00  2.407545e+00  1.732203e+00  2.407907e+00  1.628752e+00  1.891799e+00  
   4.1442299  1.714377e+00  2.485953e+00  1.714363e+00  2.486334e+00  1.633768e+00  1.947549e+00  
   4.1652298  1.687808e+00  2.573529e+00  1.687791e+00  2.573927e+00  1.635585e+00  2.013233e+00  
   4.1868300  1.650750e+00  2.668210e+00  1.650726e+00  2.668619e+00  1.632092e+00  2.088367e+00  
   4.2068300  1.606572e+00  2.758901e+00  1.606539e+00  2.759316e+00  1.622437e+00  2.164403e+00  
   4.2278299  1.549075e+00  2.855887e+00  1.549031e+00  2.856301e+00  1.604036e+00  2.250190e+00  
   4.2488298  1.479524e+00  2.953127e+00  1.479467e+00  2.953533e+00  1.575619e+00  2.340948e+00  
   4.2698302  1.397499e+00  3.048931e+00  1.397426e+00  3.049320e+00  1.535797e+00  2.435173e+00  
   4.2908301  1.302869e+00  3.141524e+00  1.302777e+00  3.141892e+00  1.483461e+00  2.531022e+00  
   4.3108301  1.201163e+00  3.225081e+00  1.201052e+00  3.225421e+00  1.421300e+00  2.621895e+00  
   4.3318300  1.082631e+00  3.306232e+00  1.082496e+00  3.306540e+00  1.342794e+00  2.714664e+00  
   4.3528299  9.527687e-01  3.378921e+00  9.526108e-01  3.379188e+00  1.250897e+00  2.802367e+00  
   4.3738298  8.125585e-01  3.441475e+00  8.123756e-01  3.441700e+00  1.146291e+00  2.882625e+00  
   4.3948302  6.632320e-01  3.492342e+00  6.630228e-01  3.492518e+00  1.030162e+00  2.953190e+00  
   4.4158301  5.062722e-01  3.530104e+00  5.060370e-01  3.530232e+00  9.041789e-01  3.012058e+00  
   4.4358301  3.512392e-01  3.552762e+00  3.509801e-01  3.552840e+00  7.769133e-01  3.055738e+00  
   4.4568300  1.844527e-01  3.561603e+00  1.841693e-01  3.561629e+00  6.379027e-01  3.087420e+00  
   4.4778299  1.559993e-02  3.554375e+00  1.529471e-02  3.554346e+00  4.958779e-01  3.103842e+00  
   4.4988298  -1.531143e-01  3.530607e+00  -1.534384e-01  3.530524e+00  3.534380e-01  3.104780e+00  
   4.5198302  -3.193947e-01  3.490157e+00  -3.197338e-01  3.490023e+00  2.131108e-01  3.090515e+00  
   4.5408301  -4.808957e-01  3.433258e+00  -4.812455e-01  3.433074e+00  7.724979e-02  3.061804e+00  
   4.5608301  -6.281528e-01  3.364341e+00  -6.285080e-01  3.364110e+00  -4.609908e-02  3.022099e+00  
   4.5818300  -7.737680e-01  3.277497e+00  -7.741238e-01  3.277222e+00  -1.676156e-01  2.968863e+00  
   4.6034298  -9.118221e-01  3.174174e+00  -9.121734e-01  3.173859e+00  -2.826767e-01  2.903563e+00  
   4.6234298  -1.027407e+00  3.067534e+00  -1.027749e+00  3.067184e+00  -3.793711e-01  2.835321e+00  
   4.6444302  -1.134736e+00  2.946265e+00  -1.135064e+00  2.945885e+00  -4.701977e-01  2.757476e+00  
   4.6654301  -1.226706e+00  2.817816e+00  -1.227016e+00  2.817412e+00  -5.498891e-01  2.675146e+00  
   4.6864300  -1.302788e+00  2.684716e+00  -1.303076e+00  2.684294e+00  -6.185891e-01  2.590113e+00  
   4.7074299  -1.362937e+00  2.549542e+00  -1.363202e+00  2.549107e+00  -6.766993e-01  2.504007e+00  
   4.7274299  -1.405798e+00  2.421169e+00  -1.406039e+00  2.420727e+00  -7.227455e-01  2.422318e+00  
   4.7484298  -1.436476e+00  2.288997e+00  -1.436692e+00  2.288552e+00  -7.620445e-01  2.338060e+00  
   4.7694302  -1.453680e+00  2.161526e+00  -1.453870e+00  2.161081e+00  -7.928950e-01  2.256351e+00  
   4.7904301  -1.458900e+00  2.040468e+00  -1.459065e+00  2.040027e+00  -8.161772e-01  2.177994e+00  
   4.8114300  -1.453810e+00  1.927133e+00  -1.453951e+00  1.926698e+00  -8.327863e-01  2.103585e+00  
   4.8324299  -1.440159e+00  1.822428e+00  -1.440279e+00  1.822001e+00  -8.436005e-01  2.033540e+00  
   4.8524299  -1.420789e+00  1.731209e+00  -1.420890e+00  1.730791e+00  -8.492814e-01  1.971114e+00  
   4.8734298  -1.395347e+00  1.644522e+00  -1.395429e+00  1.644113e+00  -8.511528e-01  1.910172e+00  
   4.8944302  -1.366152e+00  1.567027e+00  -1.366218e+00  1.566627e+00  -8.495443e-01  1.853939e+00  
   4.9154301  -1.334526e+00  1.498370e+00  -1.334578e+00  1.497979e+00  -8.451095e-01  1.802318e+00  
   4.9364300  -1.301584e+00  1.438021e+00  -1.301623e+00  1.437636e+00  -8.384298e-01  1.755134e+00  
   4.9574299  -1.268238e+00  1.385333e+00  -1.268264e+00  1.384955e+00  -8.300128e-01  1.712158e+00  
   4.9774299  -1.236760e+00  1.341632e+00  -1.236776e+00  1.341259e+00  -8.207820e-01  1.674901e+00  
   4.9984298  -1.204526e+00  1.301846e+00  -1.204532e+00  1.301478e+00  -8.101704e-01  1.639362e+00  
