w Re-xx Im-xx Re-yy Im-yy Re-zz Im-zz
# Gaussian absolute broadening  0.15 [eV]
   0.0000000  7.680259e-01  8.822682e-05  7.680325e-01  8.822851e-05  7.257854e-01  7.917527e-05  
   0.0200000  7.681258e-01  9.442483e-05  7.681324e-01  9.442691e-05  7.258749e-01  8.473601e-05  
   0.0410000  7.682443e-01  1.014876e-04  7.682511e-01  1.014902e-04  7.259812e-01  9.107246e-05  
   0.0620000  7.683794e-01  1.091550e-04  7.683861e-01  1.091582e-04  7.261024e-01  9.795106e-05  
   0.0830000  7.685328e-01  1.174608e-04  7.685393e-01  1.174647e-04  7.262402e-01  1.054020e-04  
   0.1040000  7.687070e-01  1.264343e-04  7.687135e-01  1.264391e-04  7.263965e-01  1.134517e-04  
   0.1240000  7.688935e-01  1.356227e-04  7.689002e-01  1.356284e-04  7.265640e-01  1.216935e-04  
   0.1450000  7.691137e-01  1.459597e-04  7.691207e-01  1.459665e-04  7.267618e-01  1.309651e-04  
   0.1660000  7.693611e-01  1.570093e-04  7.693679e-01  1.570173e-04  7.269834e-01  1.408750e-04  
   0.1870000  7.696376e-01  1.687680e-04  7.696443e-01  1.687774e-04  7.272317e-01  1.514199e-04  
   0.2080000  7.699450e-01  1.812213e-04  7.699518e-01  1.812321e-04  7.275076e-01  1.625866e-04  
   0.2290000  7.702854e-01  1.943439e-04  7.702925e-01  1.943564e-04  7.278129e-01  1.743523e-04  
   0.2490000  7.706420e-01  2.074318e-04  7.706491e-01  2.074459e-04  7.281326e-01  1.860852e-04  
   0.2700000  7.710514e-01  2.217519e-04  7.710581e-01  2.217677e-04  7.284999e-01  1.989212e-04  
   0.2910000  7.714976e-01  2.366147e-04  7.715042e-01  2.366322e-04  7.288998e-01  2.122417e-04  
   0.3120000  7.719811e-01  2.519668e-04  7.719880e-01  2.519859e-04  7.293337e-01  2.259983e-04  
   0.3330000  7.725025e-01  2.677530e-04  7.725096e-01  2.677737e-04  7.298017e-01  2.401416e-04  
   0.3540000  7.730628e-01  2.839200e-04  7.730697e-01  2.839422e-04  7.303039e-01  2.546232e-04  
   0.3740000  7.736321e-01  2.996259e-04  7.736391e-01  2.996493e-04  7.308143e-01  2.686890e-04  
   0.3950000  7.742673e-01  3.163982e-04  7.742741e-01  3.164228e-04  7.313840e-01  2.837069e-04  
   0.4160000  7.749407e-01  3.334215e-04  7.749476e-01  3.334470e-04  7.319875e-01  2.989460e-04  
   0.4374300  7.756678e-01  3.510200e-04  7.756749e-01  3.510462e-04  7.326397e-01  3.146963e-04  
   0.4574300  7.763821e-01  3.676279e-04  7.763891e-01  3.676545e-04  7.332803e-01  3.295565e-04  
   0.4784300  7.771693e-01  3.852403e-04  7.771767e-01  3.852672e-04  7.339859e-01  3.453114e-04  
   0.4994300  7.779948e-01  4.030190e-04  7.780019e-01  4.030458e-04  7.347257e-01  3.612110e-04  
   0.5204300  7.788585e-01  4.209570e-04  7.788657e-01  4.209836e-04  7.354996e-01  3.772483e-04  
   0.5414300  7.797605e-01  4.390505e-04  7.797676e-01  4.390769e-04  7.363077e-01  3.934203e-04  
   0.5614300  7.806551e-01  4.564269e-04  7.806624e-01  4.564528e-04  7.371095e-01  4.089468e-04  
   0.5824300  7.816326e-01  4.748259e-04  7.816399e-01  4.748512e-04  7.379853e-01  4.253819e-04  
   0.6034300  7.826490e-01  4.933853e-04  7.826564e-01  4.934100e-04  7.388957e-01  4.419551e-04  
   0.6244300  7.837048e-01  5.121107e-04  7.837122e-01  5.121347e-04  7.398414e-01  4.586709e-04  
   0.6454300  7.848004e-01  5.310073e-04  7.848076e-01  5.310306e-04  7.408224e-01  4.755339e-04  
   0.6664300  7.859356e-01  5.500814e-04  7.859432e-01  5.501040e-04  7.418394e-01  4.925491e-04  
   0.6864300  7.870544e-01  5.684178e-04  7.870618e-01  5.684396e-04  7.428407e-01  5.089006e-04  
   0.7074300  7.882686e-01  5.878575e-04  7.882761e-01  5.878786e-04  7.439280e-01  5.262292e-04  
   0.7284300  7.895237e-01  6.074948e-04  7.895314e-01  6.075152e-04  7.450515e-01  5.437275e-04  
   0.7494300  7.908207e-01  6.273377e-04  7.908285e-01  6.273573e-04  7.462122e-01  5.614018e-04  
   0.7704300  7.921593e-01  6.473928e-04  7.921669e-01  6.474118e-04  7.474099e-01  5.792582e-04  
   0.7914300  7.935402e-01  6.676693e-04  7.935482e-01  6.676876e-04  7.486456e-01  5.973036e-04  
   0.8114300  7.948949e-01  6.871927e-04  7.949027e-01  6.872105e-04  7.498574e-01  6.146719e-04  
   0.8324300  7.963597e-01  7.079244e-04  7.963675e-01  7.079415e-04  7.511672e-01  6.331073e-04  
   0.8540300  7.979122e-01  7.295061e-04  7.979200e-01  7.295225e-04  7.525555e-01  6.522894e-04  
   0.8740300  7.993912e-01  7.497299e-04  7.993993e-01  7.497458e-04  7.538780e-01  6.702571e-04  
   0.8950300  8.009881e-01  7.712243e-04  8.009961e-01  7.712400e-04  7.553055e-01  6.893443e-04  
   0.9160300  8.026301e-01  7.929940e-04  8.026383e-01  7.930094e-04  7.567734e-01  7.086670e-04  
   0.9370300  8.043182e-01  8.150495e-04  8.043265e-01  8.150649e-04  7.582818e-01  7.282339e-04  
   0.9580300  8.060529e-01  8.374016e-04  8.060611e-01  8.374171e-04  7.598317e-01  7.480537e-04  
   0.9780300  8.077493e-01  8.589755e-04  8.077575e-01  8.589914e-04  7.613466e-01  7.671742e-04  
   0.9990300  8.095769e-01  8.819387e-04  8.095853e-01  8.819553e-04  7.629790e-01  7.875158e-04  
   1.0200300  8.114534e-01  9.052324e-04  8.114619e-01  9.052496e-04  7.646543e-01  8.081389e-04  
   1.0410300  8.133793e-01  9.288678e-04  8.133877e-01  9.288861e-04  7.663735e-01  8.290537e-04  
   1.0620300  8.153555e-01  9.528575e-04  8.153641e-01  9.528772e-04  7.681370e-01  8.502699e-04  
   1.0830300  8.173823e-01  9.772136e-04  8.173911e-01  9.772353e-04  7.699455e-01  8.717984e-04  
   1.1030300  8.193606e-01  1.000762e-03  8.193694e-01  1.000785e-03  7.717100e-01  8.926012e-04  
   1.1240300  8.214887e-01  1.025871e-03  8.214976e-01  1.025896e-03  7.736081e-01  9.147697e-04  
   1.1450300  8.236701e-01  1.051384e-03  8.236791e-01  1.051412e-03  7.755528e-01  9.372824e-04  
   1.1660300  8.259054e-01  1.077317e-03  8.259146e-01  1.077347e-03  7.775457e-01  9.601518e-04  
   1.1870300  8.281959e-01  1.103683e-03  8.282051e-01  1.103716e-03  7.795866e-01  9.833889e-04  
   1.2080300  8.305420e-01  1.130498e-03  8.305513e-01  1.130533e-03  7.816766e-01  1.007007e-03  
   1.2280300  8.328286e-01  1.156467e-03  8.328379e-01  1.156505e-03  7.837133e-01  1.029867e-03  
   1.2490300  8.352857e-01  1.184204e-03  8.352954e-01  1.184245e-03  7.859014e-01  1.054267e-03  
   1.2706300  8.378751e-01  1.213254e-03  8.378849e-01  1.213298e-03  7.882062e-01  1.079806e-03  
   1.2906300  8.403286e-01  1.240638e-03  8.403382e-01  1.240685e-03  7.903894e-01  1.103864e-03  
   1.3116300  8.429642e-01  1.269914e-03  8.429745e-01  1.269964e-03  7.927343e-01  1.129567e-03  
   1.3326300  8.456618e-01  1.299744e-03  8.456720e-01  1.299798e-03  7.951333e-01  1.155740e-03  
   1.3536299  8.484226e-01  1.330149e-03  8.484327e-01  1.330205e-03  7.975876e-01  1.182399e-03  
   1.3746300  8.512478e-01  1.361152e-03  8.512580e-01  1.361211e-03  8.000985e-01  1.209562e-03  
   1.3946300  8.539999e-01  1.391254e-03  8.540102e-01  1.391316e-03  8.025439e-01  1.235919e-03  
   1.4156300  8.569549e-01  1.423488e-03  8.569654e-01  1.423553e-03  8.051687e-01  1.264122e-03  
   1.4366300  8.599787e-01  1.456388e-03  8.599893e-01  1.456455e-03  8.078533e-01  1.292887e-03  
   1.4576300  8.630725e-01  1.489979e-03  8.630833e-01  1.490049e-03  8.105990e-01  1.322235e-03  
   1.4786299  8.662377e-01  1.524288e-03  8.662488e-01  1.524360e-03  8.134077e-01  1.352186e-03  
   1.4996300  8.694760e-01  1.559341e-03  8.694870e-01  1.559415e-03  8.162799e-01  1.382765e-03  
   1.5196300  8.726289e-01  1.593441e-03  8.726403e-01  1.593518e-03  8.190752e-01  1.412491e-03  
   1.5406300  8.760137e-01  1.630028e-03  8.760254e-01  1.630109e-03  8.220751e-01  1.444360e-03  
   1.5616300  8.794768e-01  1.667447e-03  8.794883e-01  1.667529e-03  8.251430e-01  1.476927e-03  
   1.5826300  8.830187e-01  1.705728e-03  8.830305e-01  1.705812e-03  8.282796e-01  1.510220e-03  
   1.6036299  8.866423e-01  1.744905e-03  8.866544e-01  1.744993e-03  8.314871e-01  1.544265e-03  
   1.6246300  8.903486e-01  1.785015e-03  8.903611e-01  1.785105e-03  8.347668e-01  1.579092e-03  
   1.6446300  8.939573e-01  1.824114e-03  8.939700e-01  1.824208e-03  8.379586e-01  1.613017e-03  
   1.6656300  8.978316e-01  1.866155e-03  8.978442e-01  1.866251e-03  8.413836e-01  1.649462e-03  
   1.6872300  9.019101e-01  1.910492e-03  9.019229e-01  1.910592e-03  8.449876e-01  1.687869e-03  
   1.7072300  9.057721e-01  1.952579e-03  9.057854e-01  1.952681e-03  8.483989e-01  1.724296e-03  
   1.7282300  9.099194e-01  1.997885e-03  9.099328e-01  1.997991e-03  8.520604e-01  1.763480e-03  
   1.7492300  9.141629e-01  2.044382e-03  9.141763e-01  2.044492e-03  8.558048e-01  1.803663e-03  
   1.7702301  9.185045e-01  2.092127e-03  9.185184e-01  2.092240e-03  8.596346e-01  1.844891e-03  
   1.7912300  9.229481e-01  2.141174e-03  9.229625e-01  2.141293e-03  8.635522e-01  1.887213e-03  
   1.8112299  9.272778e-01  2.189156e-03  9.272920e-01  2.189278e-03  8.673669e-01  1.928585e-03  
   1.8322300  9.319281e-01  2.240929e-03  9.319425e-01  2.241056e-03  8.714623e-01  1.973200e-03  
   1.8532300  9.366891e-01  2.294199e-03  9.367038e-01  2.294330e-03  8.756531e-01  2.019076e-03  
   1.8742300  9.415635e-01  2.349040e-03  9.415787e-01  2.349176e-03  8.799416e-01  2.066279e-03  
   1.8952301  9.465548e-01  2.405530e-03  9.465703e-01  2.405671e-03  8.843306e-01  2.114884e-03  
   1.9162300  9.516670e-01  2.463754e-03  9.516825e-01  2.463900e-03  8.888226e-01  2.164970e-03  
   1.9362299  9.566497e-01  2.520903e-03  9.566657e-01  2.521055e-03  8.931993e-01  2.214128e-03  
   1.9572300  9.620061e-01  2.582788e-03  9.620229e-01  2.582945e-03  8.979008e-01  2.267371e-03  
   1.9782300  9.674945e-01  2.646705e-03  9.675115e-01  2.646868e-03  9.027159e-01  2.322390e-03  
   1.9992300  9.731181e-01  2.712771e-03  9.731352e-01  2.712940e-03  9.076458e-01  2.379312e-03  
   2.0202301  9.788811e-01  2.781119e-03  9.788990e-01  2.781296e-03  9.126956e-01  2.438280e-03  
   2.0412300  9.847887e-01  2.851894e-03  9.848065e-01  2.852077e-03  9.178681e-01  2.499455e-03  
   2.0612299  9.905528e-01  2.921701e-03  9.905708e-01  2.921892e-03  9.229119e-01  2.559938e-03  
   2.0822301  9.967551e-01  2.997696e-03  9.967735e-01  2.997895e-03  9.283360e-01  2.625979e-03  
   2.1038301  1.003301e+00  3.078949e-03  1.003320e+00  3.079157e-03  9.340566e-01  2.696856e-03  
   2.1238301  1.009518e+00  3.157180e-03  1.009537e+00  3.157396e-03  9.394849e-01  2.765396e-03  
   2.1448300  1.016212e+00  3.242661e-03  1.016232e+00  3.242889e-03  9.453268e-01  2.840660e-03  
   2.1658299  1.023083e+00  3.331830e-03  1.023103e+00  3.332068e-03  9.513179e-01  2.919619e-03  
   2.1868300  1.030139e+00  3.424987e-03  1.030159e+00  3.425237e-03  9.574653e-01  3.002632e-03  
   2.2078300  1.037384e+00  3.522458e-03  1.037405e+00  3.522721e-03  9.637728e-01  3.090082e-03  
   2.2278299  1.044470e+00  3.619631e-03  1.044491e+00  3.619907e-03  9.699361e-01  3.177881e-03  
   2.2488301  1.052111e+00  3.726602e-03  1.052133e+00  3.726893e-03  9.765766e-01  3.275241e-03  
   2.2698300  1.059965e+00  3.839051e-03  1.059988e+00  3.839357e-03  9.833969e-01  3.378375e-03  
   2.2908299  1.068044e+00  3.957450e-03  1.068067e+00  3.957773e-03  9.904045e-01  3.487801e-03  
   2.3118300  1.076355e+00  4.082304e-03  1.076379e+00  4.082645e-03  9.976068e-01  3.604073e-03  
   2.3328300  1.084909e+00  4.214162e-03  1.084933e+00  4.214523e-03  1.005012e+00  3.727775e-03  
   2.3528299  1.093290e+00  4.346806e-03  1.093315e+00  4.347187e-03  1.012259e+00  3.853073e-03  
   2.3738301  1.102349e+00  4.494127e-03  1.102374e+00  4.494531e-03  1.020083e+00  3.993145e-03  
   2.3948300  1.111683e+00  4.650391e-03  1.111709e+00  4.650819e-03  1.028136e+00  4.142645e-03  
   2.4158299  1.121306e+00  4.816385e-03  1.121333e+00  4.816840e-03  1.036427e+00  4.302375e-03  
   2.4368300  1.131232e+00  4.992986e-03  1.131260e+00  4.993469e-03  1.044968e+00  4.473212e-03  
   2.4578300  1.141476e+00  5.181156e-03  1.141504e+00  5.181671e-03  1.053769e+00  4.656127e-03  
   2.4778299  1.151542e+00  5.372121e-03  1.151571e+00  5.372664e-03  1.062406e+00  4.842561e-03  
   2.4988301  1.162452e+00  5.586158e-03  1.162483e+00  5.586740e-03  1.071754e+00  5.052347e-03  
   2.5204301  1.174064e+00  5.822215e-03  1.174095e+00  5.822836e-03  1.081684e+00  5.284568e-03  
   2.5404301  1.185183e+00  6.056673e-03  1.185216e+00  6.057335e-03  1.091177e+00  5.515945e-03  
   2.5614300  1.197264e+00  6.321114e-03  1.197297e+00  6.321823e-03  1.101471e+00  5.777575e-03  
   2.5824299  1.209783e+00  6.606430e-03  1.209817e+00  6.607192e-03  1.112116e+00  6.060394e-03  
   2.6034300  1.222770e+00  6.915278e-03  1.222805e+00  6.916096e-03  1.123136e+00  6.366804e-03  
   2.6244299  1.236255e+00  7.250864e-03  1.236292e+00  7.251747e-03  1.134551e+00  6.699588e-03  
   2.6444299  1.249593e+00  7.599002e-03  1.249632e+00  7.599948e-03  1.145813e+00  7.044054e-03  
   2.6654301  1.264155e+00  7.999355e-03  1.264194e+00  8.000382e-03  1.158074e+00  7.438420e-03  
   2.6864300  1.279328e+00  8.441771e-03  1.279369e+00  8.442885e-03  1.170811e+00  7.870978e-03  
   2.7074299  1.295162e+00  8.934796e-03  1.295205e+00  8.936008e-03  1.184059e+00  8.347687e-03  
   2.7284300  1.311713e+00  9.489832e-03  1.311757e+00  9.491156e-03  1.197854e+00  8.876134e-03  
   2.7494299  1.329039e+00  1.012219e-02  1.329085e+00  1.012365e-02  1.212238e+00  9.466039e-03  
   2.7694299  1.346326e+00  1.081527e-02  1.346374e+00  1.081688e-02  1.226528e+00  1.009657e-02  
   2.7904301  1.365377e+00  1.166524e-02  1.365427e+00  1.166704e-02  1.242203e+00  1.084659e-02  
   2.8114300  1.385437e+00  1.267749e-02  1.385489e+00  1.267952e-02  1.258623e+00  1.170781e-02  
   2.8324299  1.406603e+00  1.390251e-02  1.406658e+00  1.390485e-02  1.275853e+00  1.270817e-02  
   2.8534300  1.428983e+00  1.540753e-02  1.429042e+00  1.541025e-02  1.293965e+00  1.388390e-02  
   2.8744299  1.452694e+00  1.728094e-02  1.452755e+00  1.728418e-02  1.313038e+00  1.528180e-02  
   2.8944299  1.476626e+00  1.951221e-02  1.476690e+00  1.951610e-02  1.332177e+00  1.687433e-02  
   2.9154301  1.503291e+00  2.246415e-02  1.503359e+00  2.246892e-02  1.353384e+00  1.889343e-02  
   2.9370301  1.532491e+00  2.633998e-02  1.532564e+00  2.634594e-02  1.376488e+00  2.143958e-02  
   2.9570301  1.561237e+00  3.089648e-02  1.561314e+00  3.090388e-02  1.399143e+00  2.433219e-02  
   2.9780300  1.593281e+00  3.694152e-02  1.593362e+00  3.695086e-02  1.424336e+00  2.806406e-02  
   2.9990301  1.627291e+00  4.458643e-02  1.627377e+00  4.459824e-02  1.451067e+00  3.268141e-02  
   3.0200300  1.663287e+00  5.418842e-02  1.663378e+00  5.420327e-02  1.479421e+00  3.839557e-02  
   3.0410299  1.701226e+00  6.614432e-02  1.701322e+00  6.616297e-02  1.509472e+00  4.545615e-02  
   3.0610299  1.739063e+00  8.010919e-02  1.739165e+00  8.013222e-02  1.539706e+00  5.369659e-02  
   3.0820301  1.780387e+00  9.790336e-02  1.780493e+00  9.793176e-02  1.573152e+00  6.425551e-02  
   3.1030300  1.823050e+00  1.193342e-01  1.823161e+00  1.193689e-01  1.608290e+00  7.712377e-02  
   3.1240301  1.866656e+00  1.448112e-01  1.866771e+00  1.448531e-01  1.645009e+00  9.269200e-02  
   3.1450300  1.910699e+00  1.746882e-01  1.910818e+00  1.747381e-01  1.683112e+00  1.113665e-01  
   3.1660299  1.954583e+00  2.092368e-01  1.954706e+00  2.092956e-01  1.722315e+00  1.335544e-01  
   3.1860299  1.995612e+00  2.466328e-01  1.995737e+00  2.467007e-01  1.760319e+00  1.583060e-01  
   3.2070301  2.037189e+00  2.906467e-01  2.037315e+00  2.907245e-01  1.800457e+00  1.884253e-01  
   3.2280300  2.076485e+00  3.394091e-01  2.076610e+00  3.394971e-01  1.840253e+00  2.230415e-01  
   3.2490301  2.112762e+00  3.926491e-01  2.112885e+00  3.927474e-01  1.879024e+00  2.623274e-01  
   3.2700300  2.145333e+00  4.499377e-01  2.145454e+00  4.500460e-01  1.916020e+00  3.063279e-01  
   3.2910299  2.173605e+00  5.107061e-01  2.173722e+00  5.108239e-01  1.950441e+00  3.549405e-01  
   3.3110299  2.196103e+00  5.711895e-01  2.196215e+00  5.713157e-01  1.980098e+00  4.052840e-01  
   3.3320301  2.214770e+00  6.366988e-01  2.214878e+00  6.368333e-01  2.007209e+00  4.619764e-01  
   3.3536301  2.228522e+00  7.053812e-01  2.228625e+00  7.055230e-01  2.030075e+00  5.237629e-01  
   3.3736300  2.236348e+00  7.693967e-01  2.236444e+00  7.695441e-01  2.046167e+00  5.834147e-01  
   3.3946300  2.239667e+00  8.363119e-01  2.239760e+00  8.364648e-01  2.057411e+00  6.477332e-01  
   3.4156301  2.238298e+00  9.022578e-01  2.238385e+00  9.024149e-01  2.062650e+00  7.128404e-01  
   3.4366300  2.232685e+00  9.666773e-01  2.232769e+00  9.668382e-01  2.061886e+00  7.777424e-01  
   3.4576299  2.223351e+00  1.029153e+00  2.223432e+00  1.029317e+00  2.055342e+00  8.414608e-01  
   3.4776299  2.211512e+00  1.086599e+00  2.211591e+00  1.086765e+00  2.044143e+00  9.002060e-01  
   3.4986300  2.196508e+00  1.144630e+00  2.196587e+00  1.144799e+00  2.027779e+00  9.590804e-01  
   3.5196300  2.179369e+00  1.200307e+00  2.179448e+00  1.200478e+00  2.007478e+00  1.014439e+00  
   3.5406301  2.160533e+00  1.253716e+00  2.160611e+00  1.253889e+00  1.984144e+00  1.065823e+00  
   3.5616300  2.140342e+00  1.305002e+00  2.140421e+00  1.305178e+00  1.958734e+00  1.112981e+00  
   3.5826299  2.119051e+00  1.354343e+00  2.119131e+00  1.354522e+00  1.932195e+00  1.155879e+00  
   3.6026299  2.097904e+00  1.399683e+00  2.097983e+00  1.399865e+00  1.906677e+00  1.192925e+00  
   3.6236300  2.074875e+00  1.445690e+00  2.074952e+00  1.445873e+00  1.880361e+00  1.228150e+00  
   3.6446300  2.051051e+00  1.490144e+00  2.051127e+00  1.490328e+00  1.855128e+00  1.260080e+00  
   3.6656301  2.026467e+00  1.533074e+00  2.026540e+00  1.533258e+00  1.831400e+00  1.289274e+00  
   3.6866300  2.001168e+00  1.574447e+00  2.001236e+00  1.574631e+00  1.809404e+00  1.316325e+00  
   3.7076299  1.975241e+00  1.614186e+00  1.975303e+00  1.614368e+00  1.789190e+00  1.341802e+00  
   3.7276299  1.950100e+00  1.650416e+00  1.950157e+00  1.650594e+00  1.771505e+00  1.365065e+00  
   3.7486300  1.923448e+00  1.686659e+00  1.923497e+00  1.686833e+00  1.754385e+00  1.388824e+00  
   3.7702301  1.896080e+00  1.721932e+00  1.896121e+00  1.722099e+00  1.738062e+00  1.412840e+00  
   3.7902300  1.871135e+00  1.752757e+00  1.871169e+00  1.752917e+00  1.723868e+00  1.434840e+00  
   3.8112299  1.845785e+00  1.783285e+00  1.845812e+00  1.783437e+00  1.709718e+00  1.457739e+00  
   3.8322301  1.821775e+00  1.812099e+00  1.821796e+00  1.812241e+00  1.696224e+00  1.480398e+00  
   3.8532300  1.799601e+00  1.839495e+00  1.799618e+00  1.839629e+00  1.683384e+00  1.502738e+00  
   3.8742299  1.779740e+00  1.865911e+00  1.779752e+00  1.866038e+00  1.671319e+00  1.524690e+00  
   3.8942299  1.763353e+00  1.890685e+00  1.763364e+00  1.890805e+00  1.660765e+00  1.545218e+00  
   3.9152300  1.749102e+00  1.916973e+00  1.749113e+00  1.917089e+00  1.650977e+00  1.566442e+00  
   3.9362299  1.738052e+00  1.944352e+00  1.738064e+00  1.944469e+00  1.642886e+00  1.587527e+00  
   3.9572301  1.730201e+00  1.973741e+00  1.730215e+00  1.973860e+00  1.636870e+00  1.608822e+00  
   3.9782300  1.725334e+00  2.006101e+00  1.725352e+00  2.006227e+00  1.633260e+00  1.630833e+00  
   3.9992299  1.723006e+00  2.042410e+00  1.723028e+00  2.042548e+00  1.632286e+00  1.654219e+00  
   4.0192299  1.722518e+00  2.081515e+00  1.722544e+00  2.081668e+00  1.633882e+00  1.678495e+00  
   4.0402298  1.722928e+00  2.128132e+00  1.722958e+00  2.128304e+00  1.638103e+00  1.706942e+00  
   4.0612302  1.723146e+00  2.181117e+00  1.723179e+00  2.181313e+00  1.644603e+00  1.739354e+00  
   4.0822301  1.721827e+00  2.240955e+00  1.721860e+00  2.241175e+00  1.652803e+00  1.776682e+00  
   4.1032300  1.717475e+00  2.307882e+00  1.717505e+00  2.308130e+00  1.661865e+00  1.819829e+00  
   4.1242299  1.708507e+00  2.381857e+00  1.708531e+00  2.382131e+00  1.670700e+00  1.869583e+00  
   4.1442299  1.694207e+00  2.458550e+00  1.694220e+00  2.458848e+00  1.677691e+00  1.923673e+00  
   4.1652298  1.671647e+00  2.545015e+00  1.671645e+00  2.545334e+00  1.682075e+00  1.987868e+00  
   4.1868300  1.638883e+00  2.639329e+00  1.638861e+00  2.639668e+00  1.681687e+00  2.061893e+00  
   4.2068300  1.598718e+00  2.730400e+00  1.598671e+00  2.730749e+00  1.675245e+00  2.137424e+00  
   4.2278299  1.545362e+00  2.828506e+00  1.545287e+00  2.828861e+00  1.660462e+00  2.223351e+00  
   4.2488298  1.479796e+00  2.927562e+00  1.479687e+00  2.927915e+00  1.635787e+00  2.315045e+00  
   4.2698302  1.401540e+00  3.025805e+00  1.401394e+00  3.026151e+00  1.599684e+00  2.411094e+00  
   4.2908301  1.310423e+00  3.121376e+00  1.310238e+00  3.121706e+00  1.550886e+00  2.509703e+00  
   4.3108301  1.211809e+00  3.208170e+00  1.211585e+00  3.208480e+00  1.491774e+00  2.604076e+00  
   4.3318300  1.096248e+00  3.293033e+00  1.095982e+00  3.293319e+00  1.415977e+00  2.701400e+00  
   4.3528299  9.690733e-01  3.369636e+00  9.687690e-01  3.369893e+00  1.326135e+00  2.794465e+00  
   4.3738298  8.312591e-01  3.436189e+00  8.309172e-01  3.436414e+00  1.222796e+00  2.880757e+00  
   4.3948302  6.840205e-01  3.491017e+00  6.836452e-01  3.491208e+00  1.107043e+00  2.957852e+00  
   4.4158301  5.288143e-01  3.532589e+00  5.284105e-01  3.532747e+00  9.804809e-01  3.023545e+00  
   4.4358301  3.751042e-01  3.558640e+00  3.746789e-01  3.558766e+00  8.517556e-01  3.073802e+00  
   4.4568300  2.092959e-01  3.570700e+00  2.088539e-01  3.570794e+00  7.102839e-01  3.112262e+00  
   4.4778299  4.095036e-02  3.566264e+00  4.049883e-02  3.566324e+00  5.649152e-01  3.135144e+00  
   4.4988298  -1.277759e-01  3.544787e+00  -1.282302e-01  3.544818e+00  4.183566e-01  3.142051e+00  
   4.5198302  -2.946241e-01  3.506079e+00  -2.950741e-01  3.506082e+00  2.732735e-01  3.133137e+00  
   4.5408301  -4.572660e-01  3.450336e+00  -4.577058e-01  3.450312e+00  1.321733e-01  3.109077e+00  
   4.5608301  -6.061360e-01  3.381964e+00  -6.065605e-01  3.381917e+00  3.528483e-03  3.073112e+00  
   4.5818300  -7.539637e-01  3.295114e+00  -7.543679e-01  3.295044e+00  -1.237290e-01  3.023078e+00  
   4.6034298  -8.947830e-01  3.191189e+00  -8.951622e-01  3.191099e+00  -2.447562e-01  2.960323e+00  
   4.6234298  -1.013288e+00  3.083491e+00  -1.013642e+00  3.083385e+00  -3.469358e-01  2.893805e+00  
   4.6444302  -1.123950e+00  2.960652e+00  -1.124277e+00  2.960530e+00  -4.434118e-01  2.817175e+00  
   4.6654301  -1.219410e+00  2.830230e+00  -1.219709e+00  2.830096e+00  -5.285953e-01  2.735509e+00  
   4.6864300  -1.299016e+00  2.694832e+00  -1.299288e+00  2.694689e+00  -6.026067e-01  2.650644e+00  
   4.7074299  -1.362607e+00  2.557122e+00  -1.362854e+00  2.556970e+00  -6.658387e-01  2.564258e+00  
   4.7274299  -1.408577e+00  2.426189e+00  -1.408802e+00  2.426032e+00  -7.165853e-01  2.481923e+00  
   4.7484298  -1.442265e+00  2.291257e+00  -1.442470e+00  2.291095e+00  -7.606326e-01  2.396618e+00  
   4.7694302  -1.462157e+00  2.161024e+00  -1.462345e+00  2.160860e+00  -7.960352e-01  2.313518e+00  
   4.7904301  -1.469714e+00  2.037269e+00  -1.469886e+00  2.037103e+00  -8.236629e-01  2.233459e+00  
   4.8114300  -1.466594e+00  1.921356e+00  -1.466755e+00  1.921187e+00  -8.443947e-01  2.157076e+00  
   4.8324299  -1.454560e+00  1.814234e+00  -1.454710e+00  1.814063e+00  -8.590891e-01  2.084823e+00  
   4.8524299  -1.436423e+00  1.720890e+00  -1.436564e+00  1.720716e+00  -8.682213e-01  2.020123e+00  
   4.8734298  -1.411985e+00  1.632172e+00  -1.412118e+00  1.631994e+00  -8.734425e-01  1.956663e+00  
   4.8944302  -1.383541e+00  1.552862e+00  -1.383667e+00  1.552679e+00  -8.748899e-01  1.897834e+00  
   4.9154301  -1.352457e+00  1.482605e+00  -1.352575e+00  1.482416e+00  -8.732108e-01  1.843588e+00  
   4.9364300  -1.319890e+00  1.420865e+00  -1.320001e+00  1.420668e+00  -8.689876e-01  1.793801e+00  
   4.9574299  -1.286794e+00  1.366982e+00  -1.286896e+00  1.366778e+00  -8.627374e-01  1.748291e+00  
   4.9774299  -1.255472e+00  1.322313e+00  -1.255566e+00  1.322099e+00  -8.553151e-01  1.708715e+00  
   4.9984298  -1.223345e+00  1.281673e+00  -1.223428e+00  1.281449e+00  -8.463556e-01  1.670870e+00  
