w Re-xx Im-xx Re-yy Im-yy Re-zz Im-zz
# Gaussian absolute broadening  0.15 [eV]
   0.0000000  7.687591e-01  8.847081e-05  7.687626e-01  8.847567e-05  7.243813e-01  7.869932e-05  
   0.0200000  7.688593e-01  9.468645e-05  7.688628e-01  9.469194e-05  7.244702e-01  8.422690e-05  
   0.0410000  7.689782e-01  1.017695e-04  7.689815e-01  1.017757e-04  7.245759e-01  9.052547e-05  
   0.0620000  7.691137e-01  1.094591e-04  7.691171e-01  1.094660e-04  7.246965e-01  9.736285e-05  
   0.0830000  7.692678e-01  1.177891e-04  7.692711e-01  1.177968e-04  7.248333e-01  1.047691e-04  
   0.1040000  7.694420e-01  1.267891e-04  7.694455e-01  1.267975e-04  7.249885e-01  1.127704e-04  
   0.1240000  7.696293e-01  1.360047e-04  7.696328e-01  1.360138e-04  7.251549e-01  1.209626e-04  
   0.1450000  7.698503e-01  1.463726e-04  7.698537e-01  1.463824e-04  7.253516e-01  1.301782e-04  
   0.1660000  7.700981e-01  1.574554e-04  7.701018e-01  1.574660e-04  7.255720e-01  1.400283e-04  
   0.1870000  7.703756e-01  1.692496e-04  7.703790e-01  1.692607e-04  7.258186e-01  1.505093e-04  
   0.2080000  7.706839e-01  1.817406e-04  7.706875e-01  1.817522e-04  7.260929e-01  1.616083e-04  
   0.2290000  7.710255e-01  1.949031e-04  7.710288e-01  1.949151e-04  7.263967e-01  1.733024e-04  
   0.2490000  7.713832e-01  2.080308e-04  7.713866e-01  2.080432e-04  7.267145e-01  1.849640e-04  
   0.2700000  7.717935e-01  2.223947e-04  7.717969e-01  2.224073e-04  7.270795e-01  1.977217e-04  
   0.2910000  7.722407e-01  2.373030e-04  7.722443e-01  2.373157e-04  7.274770e-01  2.109608e-04  
   0.3120000  7.727258e-01  2.527020e-04  7.727295e-01  2.527148e-04  7.279083e-01  2.246332e-04  
   0.3330000  7.732491e-01  2.685366e-04  7.732525e-01  2.685494e-04  7.283734e-01  2.386897e-04  
   0.3540000  7.738107e-01  2.847531e-04  7.738144e-01  2.847661e-04  7.288727e-01  2.530821e-04  
   0.3740000  7.743816e-01  3.005070e-04  7.743853e-01  3.005201e-04  7.293800e-01  2.670610e-04  
   0.3950000  7.750188e-01  3.173308e-04  7.750223e-01  3.173441e-04  7.299460e-01  2.819857e-04  
   0.4160000  7.756940e-01  3.344061e-04  7.756978e-01  3.344197e-04  7.305461e-01  2.971299e-04  
   0.4374300  7.764237e-01  3.520585e-04  7.764273e-01  3.520726e-04  7.311943e-01  3.127816e-04  
   0.4574300  7.771400e-01  3.687174e-04  7.771437e-01  3.687324e-04  7.318307e-01  3.275484e-04  
   0.4784300  7.779295e-01  3.863839e-04  7.779332e-01  3.863998e-04  7.325321e-01  3.432038e-04  
   0.4994300  7.787574e-01  4.042173e-04  7.787612e-01  4.042346e-04  7.332674e-01  3.590022e-04  
   0.5204300  7.796234e-01  4.222107e-04  7.796272e-01  4.222292e-04  7.340366e-01  3.749372e-04  
   0.5414300  7.805281e-01  4.403605e-04  7.805320e-01  4.403808e-04  7.348397e-01  3.910050e-04  
   0.5614300  7.814257e-01  4.577911e-04  7.814296e-01  4.578131e-04  7.356368e-01  4.064310e-04  
   0.5824300  7.824061e-01  4.762479e-04  7.824101e-01  4.762718e-04  7.365069e-01  4.227589e-04  
   0.6034300  7.834254e-01  4.948661e-04  7.834294e-01  4.948920e-04  7.374120e-01  4.392233e-04  
   0.6244300  7.844842e-01  5.136512e-04  7.844885e-01  5.136793e-04  7.383517e-01  4.558283e-04  
   0.6454300  7.855833e-01  5.326085e-04  7.855872e-01  5.326385e-04  7.393268e-01  4.725788e-04  
   0.6664300  7.867221e-01  5.517445e-04  7.867264e-01  5.517764e-04  7.403372e-01  4.894793e-04  
   0.6864300  7.878439e-01  5.701408e-04  7.878481e-01  5.701744e-04  7.413321e-01  5.057199e-04  
   0.7074300  7.890620e-01  5.896448e-04  7.890661e-01  5.896798e-04  7.424127e-01  5.229299e-04  
   0.7284300  7.903211e-01  6.093475e-04  7.903253e-01  6.093840e-04  7.435293e-01  5.403074e-04  
   0.7494300  7.916219e-01  6.292572e-04  7.916263e-01  6.292948e-04  7.446826e-01  5.578583e-04  
   0.7704300  7.929643e-01  6.493808e-04  7.929689e-01  6.494193e-04  7.458727e-01  5.755890e-04  
   0.7914300  7.943498e-01  6.697269e-04  7.943546e-01  6.697662e-04  7.471006e-01  5.935059e-04  
   0.8114300  7.957088e-01  6.893179e-04  7.957132e-01  6.893580e-04  7.483045e-01  6.107492e-04  
   0.8324300  7.971780e-01  7.101220e-04  7.971826e-01  7.101626e-04  7.496062e-01  6.290505e-04  
   0.8540300  7.987353e-01  7.317796e-04  7.987400e-01  7.318207e-04  7.509856e-01  6.480919e-04  
   0.8740300  8.002189e-01  7.520755e-04  8.002236e-01  7.521170e-04  7.522995e-01  6.659259e-04  
   0.8950300  8.018209e-01  7.736467e-04  8.018256e-01  7.736890e-04  7.537177e-01  6.848699e-04  
   0.9160300  8.034682e-01  7.954950e-04  8.034732e-01  7.955382e-04  7.551758e-01  7.040463e-04  
   0.9370300  8.051616e-01  8.176310e-04  8.051665e-01  8.176751e-04  7.566743e-01  7.234631e-04  
   0.9580300  8.069019e-01  8.400652e-04  8.069067e-01  8.401106e-04  7.582141e-01  7.431294e-04  
   0.9780300  8.086035e-01  8.617187e-04  8.086087e-01  8.617659e-04  7.597192e-01  7.621003e-04  
   0.9990300  8.104371e-01  8.847679e-04  8.104425e-01  8.848170e-04  7.613407e-01  7.822815e-04  
   1.0200300  8.123196e-01  9.081495e-04  8.123249e-01  9.082000e-04  7.630049e-01  8.027399e-04  
   1.0410300  8.142517e-01  9.318751e-04  8.142571e-01  9.319283e-04  7.647126e-01  8.234856e-04  
   1.0620300  8.162344e-01  9.559576e-04  8.162401e-01  9.560127e-04  7.664643e-01  8.445289e-04  
   1.0830300  8.182678e-01  9.804089e-04  8.182736e-01  9.804663e-04  7.682604e-01  8.658798e-04  
   1.1030300  8.202525e-01  1.004050e-03  8.202583e-01  1.004110e-03  7.700130e-01  8.865091e-04  
   1.1240300  8.223878e-01  1.029259e-03  8.223935e-01  1.029321e-03  7.718981e-01  9.084910e-04  
   1.1450300  8.245764e-01  1.054875e-03  8.245824e-01  1.054940e-03  7.738296e-01  9.308118e-04  
   1.1660300  8.268192e-01  1.080914e-03  8.268253e-01  1.080982e-03  7.758086e-01  9.534835e-04  
   1.1870300  8.291173e-01  1.107390e-03  8.291236e-01  1.107459e-03  7.778353e-01  9.765182e-04  
   1.2080300  8.314713e-01  1.134318e-03  8.314775e-01  1.134389e-03  7.799107e-01  9.999278e-04  
   1.2280300  8.337657e-01  1.160397e-03  8.337722e-01  1.160470e-03  7.819329e-01  1.022582e-03  
   1.2490300  8.362314e-01  1.188254e-03  8.362380e-01  1.188328e-03  7.841055e-01  1.046762e-03  
   1.2706300  8.388298e-01  1.217432e-03  8.388363e-01  1.217507e-03  7.863939e-01  1.072066e-03  
   1.2906300  8.412917e-01  1.244937e-03  8.412983e-01  1.245013e-03  7.885616e-01  1.095901e-03  
   1.3116300  8.439367e-01  1.274345e-03  8.439437e-01  1.274422e-03  7.908896e-01  1.121364e-03  
   1.3326300  8.466437e-01  1.304312e-03  8.466507e-01  1.304389e-03  7.932708e-01  1.147288e-03  
   1.3536299  8.494140e-01  1.334858e-03  8.494213e-01  1.334936e-03  7.957075e-01  1.173690e-03  
   1.3746300  8.522493e-01  1.366005e-03  8.522568e-01  1.366084e-03  7.981998e-01  1.200589e-03  
   1.3946300  8.550114e-01  1.396250e-03  8.550189e-01  1.396329e-03  8.006271e-01  1.226685e-03  
   1.4156300  8.579772e-01  1.428639e-03  8.579850e-01  1.428719e-03  8.032321e-01  1.254606e-03  
   1.4366300  8.610117e-01  1.461699e-03  8.610195e-01  1.461781e-03  8.058964e-01  1.283080e-03  
   1.4576300  8.641168e-01  1.495456e-03  8.641248e-01  1.495539e-03  8.086217e-01  1.312126e-03  
   1.4786299  8.672938e-01  1.529935e-03  8.673021e-01  1.530020e-03  8.114083e-01  1.341765e-03  
   1.4996300  8.705443e-01  1.565165e-03  8.705527e-01  1.565252e-03  8.142585e-01  1.372020e-03  
   1.5196300  8.737090e-01  1.599439e-03  8.737176e-01  1.599529e-03  8.170320e-01  1.401427e-03  
   1.5406300  8.771068e-01  1.636216e-03  8.771155e-01  1.636309e-03  8.200086e-01  1.432949e-03  
   1.5616300  8.805828e-01  1.673830e-03  8.805919e-01  1.673927e-03  8.230519e-01  1.465156e-03  
   1.5826300  8.841385e-01  1.712313e-03  8.841476e-01  1.712414e-03  8.261636e-01  1.498073e-03  
   1.6036299  8.877759e-01  1.751701e-03  8.877856e-01  1.751806e-03  8.293453e-01  1.531727e-03  
   1.6246300  8.914970e-01  1.792029e-03  8.915066e-01  1.792139e-03  8.325981e-01  1.566148e-03  
   1.6446300  8.951201e-01  1.831344e-03  8.951299e-01  1.831458e-03  8.357635e-01  1.599669e-03  
   1.6656300  8.990097e-01  1.873616e-03  8.990196e-01  1.873736e-03  8.391602e-01  1.635671e-03  
   1.6872300  9.031045e-01  1.918202e-03  9.031148e-01  1.918328e-03  8.427340e-01  1.673601e-03  
   1.7072300  9.069827e-01  1.960527e-03  9.069932e-01  1.960656e-03  8.461164e-01  1.709565e-03  
   1.7282300  9.111465e-01  2.006090e-03  9.111569e-01  2.006225e-03  8.497463e-01  1.748238e-03  
   1.7492300  9.154077e-01  2.052854e-03  9.154183e-01  2.052993e-03  8.534583e-01  1.787884e-03  
   1.7702301  9.197679e-01  2.100872e-03  9.197788e-01  2.101016e-03  8.572544e-01  1.828544e-03  
   1.7912300  9.242305e-01  2.150201e-03  9.242417e-01  2.150350e-03  8.611370e-01  1.870265e-03  
   1.8112299  9.285786e-01  2.198457e-03  9.285899e-01  2.198611e-03  8.649176e-01  1.911029e-03  
   1.8322300  9.332487e-01  2.250527e-03  9.332607e-01  2.250685e-03  8.689763e-01  1.954962e-03  
   1.8532300  9.380302e-01  2.304101e-03  9.380427e-01  2.304264e-03  8.731282e-01  2.000108e-03  
   1.8742300  9.429263e-01  2.359255e-03  9.429386e-01  2.359423e-03  8.773767e-01  2.046524e-03  
   1.8952301  9.479401e-01  2.416069e-03  9.479529e-01  2.416241e-03  8.817242e-01  2.094276e-03  
   1.9162300  9.530752e-01  2.474631e-03  9.530883e-01  2.474809e-03  8.861731e-01  2.143429e-03  
   1.9362299  9.580809e-01  2.532120e-03  9.580946e-01  2.532303e-03  8.905067e-01  2.191612e-03  
   1.9572300  9.634627e-01  2.594387e-03  9.634765e-01  2.594576e-03  8.951626e-01  2.243723e-03  
   1.9782300  9.689769e-01  2.658721e-03  9.689912e-01  2.658915e-03  8.999293e-01  2.297474e-03  
   1.9992300  9.746272e-01  2.725252e-03  9.746418e-01  2.725454e-03  9.048089e-01  2.352965e-03  
   2.0202301  9.804184e-01  2.794131e-03  9.804335e-01  2.794339e-03  9.098065e-01  2.410307e-03  
   2.0412300  9.863550e-01  2.865519e-03  9.863703e-01  2.865733e-03  9.149248e-01  2.469622e-03  
   2.0612299  9.921478e-01  2.936007e-03  9.921635e-01  2.936228e-03  9.199146e-01  2.528073e-03  
   2.0822301  9.983817e-01  3.012841e-03  9.983981e-01  3.013070e-03  9.252796e-01  2.591658e-03  
   2.1038301  1.004962e+00  3.095122e-03  1.004979e+00  3.095359e-03  9.309372e-01  2.659602e-03  
   2.1238301  1.011211e+00  3.174477e-03  1.011228e+00  3.174723e-03  9.363050e-01  2.725000e-03  
   2.1448300  1.017941e+00  3.261344e-03  1.017958e+00  3.261600e-03  9.420797e-01  2.796455e-03  
   2.1658299  1.024849e+00  3.352132e-03  1.024866e+00  3.352399e-03  9.480013e-01  2.871008e-03  
   2.1868300  1.031942e+00  3.447165e-03  1.031961e+00  3.447443e-03  9.540759e-01  2.948934e-03  
   2.2078300  1.039228e+00  3.546777e-03  1.039247e+00  3.547068e-03  9.603078e-01  3.030533e-03  
   2.2278299  1.046353e+00  3.646242e-03  1.046373e+00  3.646545e-03  9.663962e-01  3.111960e-03  
   2.2488301  1.054037e+00  3.755875e-03  1.054057e+00  3.756193e-03  9.729545e-01  3.201703e-03  
   2.2698300  1.061937e+00  3.871228e-03  1.061958e+00  3.871566e-03  9.796883e-01  3.296163e-03  
   2.2908299  1.070062e+00  3.992740e-03  1.070083e+00  3.993095e-03  9.866059e-01  3.395758e-03  
   2.3118300  1.078422e+00  4.120864e-03  1.078444e+00  4.121239e-03  9.937141e-01  3.500921e-03  
   2.3328300  1.087026e+00  4.256082e-03  1.087049e+00  4.256479e-03  1.001020e+00  3.612113e-03  
   2.3528299  1.095457e+00  4.391932e-03  1.095481e+00  4.392351e-03  1.008170e+00  3.724072e-03  
   2.3738301  1.104571e+00  4.542534e-03  1.104595e+00  4.542980e-03  1.015887e+00  3.848506e-03  
   2.3948300  1.113961e+00  4.701884e-03  1.113986e+00  4.702357e-03  1.023826e+00  3.980536e-03  
   2.4158299  1.123644e+00  4.870653e-03  1.123670e+00  4.871152e-03  1.031999e+00  4.120785e-03  
   2.4368300  1.133632e+00  5.049579e-03  1.133659e+00  5.050112e-03  1.040416e+00  4.269926e-03  
   2.4578300  1.143942e+00  5.239502e-03  1.143969e+00  5.240069e-03  1.049088e+00  4.428713e-03  
   2.4778299  1.154074e+00  5.431479e-03  1.154102e+00  5.432080e-03  1.057595e+00  4.589668e-03  
   2.4988301  1.165059e+00  5.645766e-03  1.165088e+00  5.646409e-03  1.066801e+00  4.769800e-03  
   2.5204301  1.176749e+00  5.881087e-03  1.176779e+00  5.881772e-03  1.076577e+00  4.968102e-03  
   2.5404301  1.187948e+00  6.113867e-03  1.187979e+00  6.114597e-03  1.085920e+00  5.164653e-03  
   2.5614300  1.200116e+00  6.375433e-03  1.200148e+00  6.376212e-03  1.096050e+00  5.385830e-03  
   2.5824299  1.212729e+00  6.656682e-03  1.212763e+00  6.657517e-03  1.106524e+00  5.623843e-03  
   2.6034300  1.225818e+00  6.960256e-03  1.225853e+00  6.961150e-03  1.117363e+00  5.880713e-03  
   2.6244299  1.239412e+00  7.289406e-03  1.239449e+00  7.290365e-03  1.128589e+00  6.158861e-03  
   2.6444299  1.252864e+00  7.630436e-03  1.252902e+00  7.631465e-03  1.139663e+00  6.446251e-03  
   2.6654301  1.267555e+00  8.022510e-03  1.267595e+00  8.023619e-03  1.151718e+00  6.775124e-03  
   2.6864300  1.282870e+00  8.456155e-03  1.282911e+00  8.457351e-03  1.164241e+00  7.136249e-03  
   2.7074299  1.298860e+00  8.940446e-03  1.298903e+00  8.941751e-03  1.177263e+00  7.535427e-03  
   2.7284300  1.315581e+00  9.487569e-03  1.315626e+00  9.488991e-03  1.190823e+00  7.980101e-03  
   2.7494299  1.333096e+00  1.011396e-02  1.333143e+00  1.011552e-02  1.204960e+00  8.479900e-03  
   2.7694299  1.350582e+00  1.080460e-02  1.350631e+00  1.080631e-02  1.219003e+00  9.018565e-03  
   2.7904301  1.369864e+00  1.165747e-02  1.369916e+00  1.165938e-02  1.234404e+00  9.665505e-03  
   2.8114300  1.390181e+00  1.268109e-02  1.390235e+00  1.268326e-02  1.250533e+00  1.041637e-02  
   2.8324299  1.411632e+00  1.392985e-02  1.411689e+00  1.393233e-02  1.267452e+00  1.129814e-02  
   2.8534300  1.434330e+00  1.547608e-02  1.434389e+00  1.547897e-02  1.285229e+00  1.234558e-02  
   2.8744299  1.458392e+00  1.741480e-02  1.458455e+00  1.741823e-02  1.303940e+00  1.360310e-02  
   2.8944299  1.482693e+00  1.973832e-02  1.482760e+00  1.974243e-02  1.322703e+00  1.504758e-02  
   2.9154301  1.509787e+00  2.282866e-02  1.509857e+00  2.283371e-02  1.343478e+00  1.689152e-02  
   2.9370301  1.539471e+00  2.690429e-02  1.539546e+00  2.691061e-02  1.366092e+00  1.922975e-02  
   2.9570301  1.568705e+00  3.171174e-02  1.568784e+00  3.171960e-02  1.388246e+00  2.189681e-02  
   2.9780300  1.601301e+00  3.810519e-02  1.601385e+00  3.811515e-02  1.412861e+00  2.534742e-02  
   2.9990301  1.635903e+00  4.620442e-02  1.635992e+00  4.621705e-02  1.438954e+00  2.962521e-02  
   3.0200300  1.672522e+00  5.638729e-02  1.672616e+00  5.640332e-02  1.466613e+00  3.492635e-02  
   3.0410299  1.711108e+00  6.907195e-02  1.711207e+00  6.909218e-02  1.495906e+00  4.148327e-02  
   3.0610299  1.749569e+00  8.388726e-02  1.749671e+00  8.391237e-02  1.525370e+00  4.914278e-02  
   3.0820301  1.791539e+00  1.027562e-01  1.791644e+00  1.027875e-01  1.557958e+00  5.896693e-02  
   3.1030300  1.834816e+00  1.254623e-01  1.834926e+00  1.255008e-01  1.592204e+00  7.095459e-02  
   3.1240301  1.878979e+00  1.524235e-01  1.879090e+00  1.524703e-01  1.628013e+00  8.548001e-02  
   3.1450300  1.923490e+00  1.839934e-01  1.923603e+00  1.840497e-01  1.665213e+00  1.029373e-01  
   3.1660299  1.967723e+00  2.204342e-01  1.967834e+00  2.205008e-01  1.703547e+00  1.237269e-01  
   3.1860299  2.008942e+00  2.597980e-01  2.009050e+00  2.598752e-01  1.740789e+00  1.469788e-01  
   3.2070301  2.050543e+00  3.060205e-01  2.050645e+00  3.061096e-01  1.780227e+00  1.753554e-01  
   3.2280300  2.089655e+00  3.570941e-01  2.089751e+00  3.571953e-01  1.819467e+00  2.080733e-01  
   3.2490301  2.125527e+00  4.126939e-01  2.125613e+00  4.128070e-01  1.857869e+00  2.453302e-01  
   3.2700300  2.157464e+00  4.723293e-01  2.157540e+00  4.724543e-01  1.894720e+00  2.872020e-01  
   3.2910299  2.184877e+00  5.353668e-01  2.184941e+00  5.355029e-01  1.929262e+00  3.336220e-01  
   3.3110299  2.206366e+00  5.978793e-01  2.206415e+00  5.980249e-01  1.959308e+00  3.818512e-01  
   3.3320301  2.223795e+00  6.653231e-01  2.223832e+00  6.654776e-01  1.987147e+00  4.363303e-01  
   3.3536301  2.236123e+00  7.357312e-01  2.236143e+00  7.358934e-01  2.011125e+00  4.958788e-01  
   3.3736300  2.242528e+00  8.010685e-01  2.242535e+00  8.012360e-01  2.028590e+00  5.535164e-01  
   3.3946300  2.244297e+00  8.690580e-01  2.244289e+00  8.692302e-01  2.041635e+00  6.157978e-01  
   3.4156301  2.241346e+00  9.357423e-01  2.241327e+00  9.359177e-01  2.049042e+00  6.789588e-01  
   3.4366300  2.234158e+00  1.000561e+00  2.234128e+00  1.000738e+00  2.050796e+00  7.420137e-01  
   3.4576299  2.223271e+00  1.063102e+00  2.223232e+00  1.063280e+00  2.047096e+00  8.039898e-01  
   3.4776299  2.209983e+00  1.120311e+00  2.209937e+00  1.120489e+00  2.038870e+00  8.611827e-01  
   3.4986300  2.193488e+00  1.177790e+00  2.193439e+00  1.177969e+00  2.025856e+00  9.185519e-01  
   3.5196300  2.174879e+00  1.232618e+00  2.174826e+00  1.232797e+00  2.009074e+00  9.725562e-01  
   3.5406301  2.154577e+00  1.284891e+00  2.154523e+00  1.285069e+00  1.989353e+00  1.022767e+00  
   3.5616300  2.132913e+00  1.334761e+00  2.132860e+00  1.334939e+00  1.967564e+00  1.068975e+00  
   3.5826299  2.110131e+00  1.382408e+00  2.110080e+00  1.382588e+00  1.944565e+00  1.111190e+00  
   3.6026299  2.087546e+00  1.425883e+00  2.087497e+00  1.426062e+00  1.922265e+00  1.147878e+00  
   3.6236300  2.063000e+00  1.469671e+00  2.062955e+00  1.469851e+00  1.899089e+00  1.183082e+00  
   3.6446300  2.037677e+00  1.511650e+00  2.037637e+00  1.511831e+00  1.876688e+00  1.215388e+00  
   3.6656301  2.011644e+00  1.551871e+00  2.011610e+00  1.552053e+00  1.855429e+00  1.245386e+00  
   3.6866300  1.984996e+00  1.590332e+00  1.984967e+00  1.590515e+00  1.835516e+00  1.273678e+00  
   3.7076299  1.957871e+00  1.626996e+00  1.957847e+00  1.627179e+00  1.816988e+00  1.300828e+00  
   3.7276299  1.931777e+00  1.660195e+00  1.931759e+00  1.660380e+00  1.800557e+00  1.326061e+00  
   3.7486300  1.904368e+00  1.693204e+00  1.904357e+00  1.693391e+00  1.784417e+00  1.352248e+00  
   3.7702301  1.876526e+00  1.725168e+00  1.876521e+00  1.725356e+00  1.768790e+00  1.379083e+00  
   3.7902300  1.851443e+00  1.753008e+00  1.851445e+00  1.753199e+00  1.755012e+00  1.403926e+00  
   3.8112299  1.826273e+00  1.780554e+00  1.826281e+00  1.780748e+00  1.741119e+00  1.429983e+00  
   3.8322301  1.802767e+00  1.806604e+00  1.802782e+00  1.806804e+00  1.727751e+00  1.455908e+00  
   3.8532300  1.781402e+00  1.831519e+00  1.781423e+00  1.831724e+00  1.714952e+00  1.481561e+00  
   3.8742299  1.762613e+00  1.855788e+00  1.762639e+00  1.855999e+00  1.702876e+00  1.506816e+00  
   3.8942299  1.747442e+00  1.878866e+00  1.747473e+00  1.879084e+00  1.692279e+00  1.530441e+00  
   3.9152300  1.734609e+00  1.903770e+00  1.734644e+00  1.903997e+00  1.682416e+00  1.554838e+00  
   3.9362299  1.725049e+00  1.930195e+00  1.725088e+00  1.930431e+00  1.674207e+00  1.578995e+00  
   3.9572301  1.718686e+00  1.959062e+00  1.718727e+00  1.959308e+00  1.668018e+00  1.603253e+00  
   3.9782300  1.715236e+00  1.991335e+00  1.715276e+00  1.991592e+00  1.664157e+00  1.628114e+00  
   3.9992299  1.714187e+00  2.027971e+00  1.714226e+00  2.028239e+00  1.662830e+00  1.654245e+00  
   4.0192299  1.714745e+00  2.067749e+00  1.714780e+00  2.068030e+00  1.663978e+00  1.681042e+00  
   4.0402298  1.716037e+00  2.115415e+00  1.716066e+00  2.115708e+00  1.667598e+00  1.712048e+00  
   4.0612302  1.716897e+00  2.169754e+00  1.716918e+00  2.170059e+00  1.673358e+00  1.746933e+00  
   4.0822301  1.715974e+00  2.231190e+00  1.715984e+00  2.231506e+00  1.680681e+00  1.786653e+00  
   4.1032300  1.711784e+00  2.299894e+00  1.711779e+00  2.300222e+00  1.688734e+00  1.832112e+00  
   4.1242299  1.702766e+00  2.375754e+00  1.702743e+00  2.376091e+00  1.696443e+00  1.884094e+00  
   4.1442299  1.688245e+00  2.454274e+00  1.688204e+00  2.454615e+00  1.702266e+00  1.940219e+00  
   4.1652298  1.665309e+00  2.542612e+00  1.665244e+00  2.542958e+00  1.705338e+00  2.006450e+00  
   4.1868300  1.632041e+00  2.638728e+00  1.631950e+00  2.639076e+00  1.703527e+00  2.082445e+00  
   4.2068300  1.591338e+00  2.731283e+00  1.591222e+00  2.731627e+00  1.695718e+00  2.159669e+00  
   4.2278299  1.537384e+00  2.830697e+00  1.537238e+00  2.831034e+00  1.679460e+00  2.247215e+00  
   4.2488298  1.471220e+00  2.930751e+00  1.471045e+00  2.931077e+00  1.653286e+00  2.340349e+00  
   4.2698302  1.392405e+00  3.029649e+00  1.392200e+00  3.029962e+00  1.615674e+00  2.437636e+00  
   4.2908301  1.300807e+00  3.125511e+00  1.300573e+00  3.125807e+00  1.565372e+00  2.537265e+00  
   4.3108301  1.201842e+00  3.212252e+00  1.201581e+00  3.212530e+00  1.504847e+00  2.632402e+00  
   4.3318300  1.086063e+00  3.296735e+00  1.085775e+00  3.296993e+00  1.427601e+00  2.730302e+00  
   4.3528299  9.588596e-01  3.372667e+00  9.585474e-01  3.372905e+00  1.336363e+00  2.823723e+00  
   4.3738298  8.212380e-01  3.438322e+00  8.209043e-01  3.438539e+00  1.231697e+00  2.910159e+00  
   4.3948302  6.744397e-01  3.492095e+00  6.740882e-01  3.492294e+00  1.114707e+00  2.987209e+00  
   4.4158301  5.199365e-01  3.532537e+00  5.195709e-01  3.532720e+00  9.870107e-01  3.052686e+00  
   4.4358301  3.671423e-01  3.557511e+00  3.667673e-01  3.557681e+00  8.573205e-01  3.102604e+00  
   4.4568300  2.025423e-01  3.568514e+00  2.021618e-01  3.568676e+00  7.149710e-01  3.140592e+00  
   4.4778299  3.562931e-02  3.563153e+00  3.524773e-02  3.563306e+00  5.688795e-01  3.162906e+00  
   4.4988298  -1.314844e-01  3.540934e+00  -1.318625e-01  3.541082e+00  4.217652e-01  3.169166e+00  
   4.5198302  -2.965987e-01  3.501694e+00  -2.969691e-01  3.501841e+00  2.763005e-01  3.159546e+00  
   4.5408301  -4.574550e-01  3.445646e+00  -4.578147e-01  3.445791e+00  1.349932e-01  3.134729e+00  
   4.5608301  -6.046458e-01  3.377186e+00  -6.049924e-01  3.377332e+00  6.305514e-03  3.098005e+00  
   4.5818300  -7.508075e-01  3.290437e+00  -7.511380e-01  3.290582e+00  -1.208525e-01  3.047134e+00  
   4.6034298  -8.900916e-01  3.186787e+00  -8.904044e-01  3.186934e+00  -2.416519e-01  2.983478e+00  
   4.6234298  -1.007395e+00  3.079458e+00  -1.007691e+00  3.079606e+00  -3.435412e-01  2.916086e+00  
   4.6444302  -1.117068e+00  2.957077e+00  -1.117347e+00  2.957223e+00  -4.396699e-01  2.838488e+00  
   4.6654301  -1.211846e+00  2.827134e+00  -1.212110e+00  2.827279e+00  -5.245046e-01  2.755796e+00  
   4.6864300  -1.291087e+00  2.692189e+00  -1.291336e+00  2.692330e+00  -5.982045e-01  2.669837e+00  
   4.7074299  -1.354617e+00  2.554862e+00  -1.354854e+00  2.554999e+00  -6.611931e-01  2.582279e+00  
   4.7274299  -1.400784e+00  2.424201e+00  -1.401012e+00  2.424332e+00  -7.117886e-01  2.498748e+00  
   4.7484298  -1.434904e+00  2.289432e+00  -1.435125e+00  2.289556e+00  -7.557670e-01  2.412104e+00  
   4.7694302  -1.455409e+00  2.159230e+00  -1.455625e+00  2.159346e+00  -7.911845e-01  2.327579e+00  
   4.7904301  -1.463700e+00  2.035375e+00  -1.463913e+00  2.035480e+00  -8.188899e-01  2.246020e+00  
   4.8114300  -1.461382e+00  1.919241e+00  -1.461594e+00  1.919335e+00  -8.397319e-01  2.168076e+00  
   4.8324299  -1.450166e+00  1.811798e+00  -1.450377e+00  1.811879e+00  -8.545332e-01  2.094225e+00  
   4.8524299  -1.432784e+00  1.718080e+00  -1.432993e+00  1.718146e+00  -8.637294e-01  2.027991e+00  
   4.8734298  -1.409082e+00  1.628923e+00  -1.409290e+00  1.628974e+00  -8.689446e-01  1.962935e+00  
   4.8944302  -1.381294e+00  1.549156e+00  -1.381501e+00  1.549189e+00  -8.702807e-01  1.902553e+00  
   4.9154301  -1.350771e+00  1.478451e+00  -1.350976e+00  1.478465e+00  -8.683619e-01  1.846826e+00  
   4.9364300  -1.318670e+00  1.416294e+00  -1.318871e+00  1.416287e+00  -8.637557e-01  1.795655e+00  
   4.9574299  -1.285943e+00  1.362046e+00  -1.286139e+00  1.362017e+00  -8.569718e-01  1.748877e+00  
   4.9774299  -1.254892e+00  1.317088e+00  -1.255082e+00  1.317038e+00  -8.489017e-01  1.708216e+00  
   4.9984298  -1.222973e+00  1.276218e+00  -1.223156e+00  1.276145e+00  -8.391211e-01  1.669369e+00  
