w Re-xx Im-xx Re-yy Im-yy Re-zz Im-zz
# Gaussian absolute broadening  0.15 [eV]
   0.0000000  7.679405e-01  8.822660e-05  7.679396e-01  8.822682e-05  7.253176e-01  7.899899e-05  
   0.0200000  7.680404e-01  9.442453e-05  7.680394e-01  9.442483e-05  7.254068e-01  8.454633e-05  
   0.0410000  7.681592e-01  1.014872e-04  7.681581e-01  1.014876e-04  7.255130e-01  9.086734e-05  
   0.0620000  7.682942e-01  1.091545e-04  7.682931e-01  1.091550e-04  7.256339e-01  9.772924e-05  
   0.0830000  7.684474e-01  1.174601e-04  7.684464e-01  1.174608e-04  7.257713e-01  1.051620e-04  
   0.1040000  7.686216e-01  1.264335e-04  7.686206e-01  1.264343e-04  7.259274e-01  1.131920e-04  
   0.1240000  7.688080e-01  1.356216e-04  7.688071e-01  1.356227e-04  7.260943e-01  1.214136e-04  
   0.1450000  7.690285e-01  1.459584e-04  7.690276e-01  1.459597e-04  7.262916e-01  1.306625e-04  
   0.1660000  7.692755e-01  1.570077e-04  7.692747e-01  1.570093e-04  7.265129e-01  1.405482e-04  
   0.1870000  7.695522e-01  1.687660e-04  7.695512e-01  1.687680e-04  7.267603e-01  1.510674e-04  
   0.2080000  7.698597e-01  1.812188e-04  7.698588e-01  1.812212e-04  7.270356e-01  1.622069e-04  
   0.2290000  7.702003e-01  1.943409e-04  7.701994e-01  1.943439e-04  7.273406e-01  1.739438e-04  
   0.2490000  7.705567e-01  2.074282e-04  7.705558e-01  2.074318e-04  7.276594e-01  1.856483e-04  
   0.2700000  7.709660e-01  2.217477e-04  7.709652e-01  2.217519e-04  7.280257e-01  1.984533e-04  
   0.2910000  7.714120e-01  2.366098e-04  7.714111e-01  2.366147e-04  7.284247e-01  2.117416e-04  
   0.3120000  7.718953e-01  2.519612e-04  7.718945e-01  2.519668e-04  7.288576e-01  2.254652e-04  
   0.3330000  7.724171e-01  2.677465e-04  7.724162e-01  2.677529e-04  7.293245e-01  2.395745e-04  
   0.3540000  7.729772e-01  2.839126e-04  7.729765e-01  2.839199e-04  7.298254e-01  2.540214e-04  
   0.3740000  7.735465e-01  2.996175e-04  7.735457e-01  2.996257e-04  7.303349e-01  2.680536e-04  
   0.3950000  7.741817e-01  3.163889e-04  7.741807e-01  3.163980e-04  7.309030e-01  2.830354e-04  
   0.4160000  7.748548e-01  3.334110e-04  7.748541e-01  3.334213e-04  7.315053e-01  2.982377e-04  
   0.4374300  7.755822e-01  3.510083e-04  7.755815e-01  3.510196e-04  7.321560e-01  3.139499e-04  
   0.4574300  7.762963e-01  3.676150e-04  7.762955e-01  3.676275e-04  7.327947e-01  3.287740e-04  
   0.4784300  7.770836e-01  3.852259e-04  7.770829e-01  3.852397e-04  7.334989e-01  3.444902e-04  
   0.4994300  7.779088e-01  4.030029e-04  7.779081e-01  4.030182e-04  7.342369e-01  3.603503e-04  
   0.5204300  7.787726e-01  4.209391e-04  7.787721e-01  4.209559e-04  7.350090e-01  3.763475e-04  
   0.5414300  7.796743e-01  4.390308e-04  7.796738e-01  4.390492e-04  7.358152e-01  3.924785e-04  
   0.5614300  7.805693e-01  4.564053e-04  7.805688e-01  4.564252e-04  7.366151e-01  4.079652e-04  
   0.5824300  7.815467e-01  4.748022e-04  7.815461e-01  4.748238e-04  7.374890e-01  4.243575e-04  
   0.6034300  7.825627e-01  4.933593e-04  7.825623e-01  4.933827e-04  7.383971e-01  4.408871e-04  
   0.6244300  7.836186e-01  5.120822e-04  7.836182e-01  5.121077e-04  7.393405e-01  4.575583e-04  
   0.6454300  7.847140e-01  5.309764e-04  7.847136e-01  5.310039e-04  7.403190e-01  4.743755e-04  
   0.6664300  7.858493e-01  5.500480e-04  7.858490e-01  5.500775e-04  7.413334e-01  4.913440e-04  
   0.6864300  7.869679e-01  5.683820e-04  7.869676e-01  5.684135e-04  7.423324e-01  5.076500e-04  
   0.7074300  7.881820e-01  5.878191e-04  7.881818e-01  5.878528e-04  7.434168e-01  5.249302e-04  
   0.7284300  7.894373e-01  6.074540e-04  7.894371e-01  6.074897e-04  7.445377e-01  5.423786e-04  
   0.7494300  7.907342e-01  6.272944e-04  7.907341e-01  6.273323e-04  7.456954e-01  5.600017e-04  
   0.7704300  7.920725e-01  6.473472e-04  7.920725e-01  6.473873e-04  7.468902e-01  5.778060e-04  
   0.7914300  7.934534e-01  6.676216e-04  7.934535e-01  6.676638e-04  7.481229e-01  5.957981e-04  
   0.8114300  7.948080e-01  6.871428e-04  7.948081e-01  6.871872e-04  7.493314e-01  6.131143e-04  
   0.8324300  7.962728e-01  7.078726e-04  7.962729e-01  7.079191e-04  7.506382e-01  6.314935e-04  
   0.8540300  7.978252e-01  7.294522e-04  7.978255e-01  7.295011e-04  7.520230e-01  6.506165e-04  
   0.8740300  7.993041e-01  7.496745e-04  7.993044e-01  7.497251e-04  7.533421e-01  6.685278e-04  
   0.8950300  8.009008e-01  7.711671e-04  8.009011e-01  7.712200e-04  7.547657e-01  6.875547e-04  
   0.9160300  8.025429e-01  7.929354e-04  8.025433e-01  7.929901e-04  7.562295e-01  7.068152e-04  
   0.9370300  8.042309e-01  8.149896e-04  8.042313e-01  8.150461e-04  7.577341e-01  7.263182e-04  
   0.9580300  8.059656e-01  8.373404e-04  8.059661e-01  8.373986e-04  7.592798e-01  7.460727e-04  
   0.9780300  8.076618e-01  8.589132e-04  8.076623e-01  8.589731e-04  7.607910e-01  7.651291e-04  
   0.9990300  8.094894e-01  8.818756e-04  8.094901e-01  8.819369e-04  7.624191e-01  7.854019e-04  
   1.0200300  8.113657e-01  9.051682e-04  8.113664e-01  9.052309e-04  7.640898e-01  8.059539e-04  
   1.0410300  8.132915e-01  9.288028e-04  8.132924e-01  9.288668e-04  7.658044e-01  8.267956e-04  
   1.0620300  8.152674e-01  9.527918e-04  8.152683e-01  9.528570e-04  7.675630e-01  8.479371e-04  
   1.0830300  8.172942e-01  9.771469e-04  8.172953e-01  9.772135e-04  7.693666e-01  8.693879e-04  
   1.1030300  8.192724e-01  1.000695e-03  8.192736e-01  1.000763e-03  7.711261e-01  8.901151e-04  
   1.1240300  8.214004e-01  1.025803e-03  8.214016e-01  1.025871e-03  7.730190e-01  9.122018e-04  
   1.1450300  8.235817e-01  1.051316e-03  8.235829e-01  1.051386e-03  7.749586e-01  9.346303e-04  
   1.1660300  8.258170e-01  1.077248e-03  8.258184e-01  1.077319e-03  7.769454e-01  9.574121e-04  
   1.1870300  8.281072e-01  1.103614e-03  8.281087e-01  1.103685e-03  7.789805e-01  9.805594e-04  
   1.2080300  8.304533e-01  1.130429e-03  8.304548e-01  1.130500e-03  7.810646e-01  1.004085e-03  
   1.2280300  8.327398e-01  1.156398e-03  8.327414e-01  1.156471e-03  7.830953e-01  1.026853e-03  
   1.2490300  8.351969e-01  1.184135e-03  8.351989e-01  1.184208e-03  7.852768e-01  1.051154e-03  
   1.2706300  8.377864e-01  1.213185e-03  8.377883e-01  1.213259e-03  7.875749e-01  1.076587e-03  
   1.2906300  8.402395e-01  1.240569e-03  8.402414e-01  1.240643e-03  7.897516e-01  1.100544e-03  
   1.3116300  8.428751e-01  1.269846e-03  8.428774e-01  1.269920e-03  7.920895e-01  1.126138e-03  
   1.3326300  8.455726e-01  1.299677e-03  8.455749e-01  1.299751e-03  7.944810e-01  1.152196e-03  
   1.3536299  8.483332e-01  1.330083e-03  8.483356e-01  1.330157e-03  7.969280e-01  1.178737e-03  
   1.3746300  8.511582e-01  1.361086e-03  8.511609e-01  1.361160e-03  7.994311e-01  1.205778e-03  
   1.3946300  8.539102e-01  1.391189e-03  8.539131e-01  1.391263e-03  8.018689e-01  1.232014e-03  
   1.4156300  8.568650e-01  1.423425e-03  8.568679e-01  1.423498e-03  8.044853e-01  1.260085e-03  
   1.4366300  8.598886e-01  1.456325e-03  8.598917e-01  1.456398e-03  8.071612e-01  1.288713e-03  
   1.4576300  8.629823e-01  1.489917e-03  8.629856e-01  1.489990e-03  8.098981e-01  1.317918e-03  
   1.4786299  8.661476e-01  1.524226e-03  8.661510e-01  1.524300e-03  8.126975e-01  1.347722e-03  
   1.4996300  8.693857e-01  1.559278e-03  8.693892e-01  1.559353e-03  8.155602e-01  1.378146e-03  
   1.5196300  8.725384e-01  1.593378e-03  8.725419e-01  1.593454e-03  8.183463e-01  1.407719e-03  
   1.5406300  8.759232e-01  1.629965e-03  8.759272e-01  1.630042e-03  8.213360e-01  1.439422e-03  
   1.5616300  8.793861e-01  1.667382e-03  8.793899e-01  1.667460e-03  8.243933e-01  1.471814e-03  
   1.5826300  8.829280e-01  1.705660e-03  8.829320e-01  1.705740e-03  8.275191e-01  1.504925e-03  
   1.6036299  8.865513e-01  1.744835e-03  8.865554e-01  1.744916e-03  8.307153e-01  1.538780e-03  
   1.6246300  8.902578e-01  1.784940e-03  8.902622e-01  1.785025e-03  8.339832e-01  1.573408e-03  
   1.6446300  8.938662e-01  1.824035e-03  8.938709e-01  1.824123e-03  8.371636e-01  1.607135e-03  
   1.6656300  8.977399e-01  1.866068e-03  8.977448e-01  1.866158e-03  8.405756e-01  1.643364e-03  
   1.6872300  9.018184e-01  1.910395e-03  9.018233e-01  1.910489e-03  8.441663e-01  1.681538e-03  
   1.7072300  9.056805e-01  1.952469e-03  9.056856e-01  1.952567e-03  8.475651e-01  1.717740e-03  
   1.7282300  9.098274e-01  1.997759e-03  9.098330e-01  1.997859e-03  8.512121e-01  1.756679e-03  
   1.7492300  9.140704e-01  2.044235e-03  9.140763e-01  2.044339e-03  8.549421e-01  1.796607e-03  
   1.7702301  9.184123e-01  2.091951e-03  9.184182e-01  2.092058e-03  8.587568e-01  1.837571e-03  
   1.7912300  9.228559e-01  2.140961e-03  9.228618e-01  2.141072e-03  8.626585e-01  1.879621e-03  
   1.8112299  9.271849e-01  2.188896e-03  9.271916e-01  2.189010e-03  8.664576e-01  1.920727e-03  
   1.8322300  9.318349e-01  2.240609e-03  9.318419e-01  2.240726e-03  8.705361e-01  1.965054e-03  
   1.8532300  9.365955e-01  2.293800e-03  9.366025e-01  2.293921e-03  8.747091e-01  2.010634e-03  
   1.8742300  9.414698e-01  2.348542e-03  9.414768e-01  2.348667e-03  8.789792e-01  2.057537e-03  
   1.8952301  9.464608e-01  2.404908e-03  9.464682e-01  2.405039e-03  8.833486e-01  2.105831e-03  
   1.9162300  9.515724e-01  2.462981e-03  9.515802e-01  2.463115e-03  8.878205e-01  2.155595e-03  
   1.9362299  9.565548e-01  2.519953e-03  9.565631e-01  2.520091e-03  8.921773e-01  2.204432e-03  
   1.9572300  9.619109e-01  2.581612e-03  9.619191e-01  2.581755e-03  8.968571e-01  2.257313e-03  
   1.9782300  9.673989e-01  2.645255e-03  9.674075e-01  2.645404e-03  9.016487e-01  2.311937e-03  
   1.9992300  9.730211e-01  2.710994e-03  9.730304e-01  2.711149e-03  9.065545e-01  2.368411e-03  
   2.0202301  9.787843e-01  2.778952e-03  9.787939e-01  2.779114e-03  9.115788e-01  2.426858e-03  
   2.0412300  9.846907e-01  2.849261e-03  9.847006e-01  2.849430e-03  9.167247e-01  2.487411e-03  
   2.0612299  9.904542e-01  2.918544e-03  9.904644e-01  2.918720e-03  9.217418e-01  2.547176e-03  
   2.0822301  9.966558e-01  2.993886e-03  9.966666e-01  2.994071e-03  9.271364e-01  2.612289e-03  
   2.1038301  1.003201e+00  3.074345e-03  1.003212e+00  3.074537e-03  9.328251e-01  2.681974e-03  
   2.1238301  1.009417e+00  3.151706e-03  1.009428e+00  3.151908e-03  9.382224e-01  2.749137e-03  
   2.1448300  1.016110e+00  3.236116e-03  1.016122e+00  3.236328e-03  9.440297e-01  2.822609e-03  
   2.1658299  1.022981e+00  3.324023e-03  1.022993e+00  3.324244e-03  9.499846e-01  2.899342e-03  
   2.1868300  1.030035e+00  3.415696e-03  1.030047e+00  3.415928e-03  9.560930e-01  2.979602e-03  
   2.2078300  1.037279e+00  3.511431e-03  1.037292e+00  3.511675e-03  9.623607e-01  3.063675e-03  
   2.2278299  1.044364e+00  3.606686e-03  1.044378e+00  3.606941e-03  9.684833e-01  3.147572e-03  
   2.2488301  1.052004e+00  3.711327e-03  1.052018e+00  3.711597e-03  9.750795e-01  3.240002e-03  
   2.2698300  1.059857e+00  3.821092e-03  1.059872e+00  3.821377e-03  9.818523e-01  3.337222e-03  
   2.2908299  1.067935e+00  3.936415e-03  1.067950e+00  3.936713e-03  9.888106e-01  3.439616e-03  
   2.3118300  1.076245e+00  4.057765e-03  1.076261e+00  4.058077e-03  9.959606e-01  3.547587e-03  
   2.3328300  1.084798e+00  4.185660e-03  1.084815e+00  4.185989e-03  1.003310e+00  3.661577e-03  
   2.3528299  1.093179e+00  4.314065e-03  1.093196e+00  4.314411e-03  1.010502e+00  3.776164e-03  
   2.3738301  1.102236e+00  4.456419e-03  1.102254e+00  4.456782e-03  1.018265e+00  3.903308e-03  
   2.3948300  1.111570e+00  4.607149e-03  1.111588e+00  4.607531e-03  1.026254e+00  4.038000e-03  
   2.4158299  1.121193e+00  4.767002e-03  1.121212e+00  4.767404e-03  1.034477e+00  4.180864e-03  
   2.4368300  1.131118e+00  4.936806e-03  1.131138e+00  4.937229e-03  1.042946e+00  4.332600e-03  
   2.4578300  1.141362e+00  5.117477e-03  1.141383e+00  5.117923e-03  1.051673e+00  4.493978e-03  
   2.4778299  1.151428e+00  5.300582e-03  1.151450e+00  5.301053e-03  1.060234e+00  4.657438e-03  
   2.4988301  1.162341e+00  5.505548e-03  1.162364e+00  5.506045e-03  1.069499e+00  4.840272e-03  
   2.5204301  1.173953e+00  5.731318e-03  1.173977e+00  5.731845e-03  1.079339e+00  5.041456e-03  
   2.5404301  1.185075e+00  5.955295e-03  1.185100e+00  5.955855e-03  1.088744e+00  5.240801e-03  
   2.5614300  1.197158e+00  6.207650e-03  1.197184e+00  6.208247e-03  1.098942e+00  5.465050e-03  
   2.5824299  1.209681e+00  6.479667e-03  1.209708e+00  6.480307e-03  1.109486e+00  5.706272e-03  
   2.6034300  1.222674e+00  6.773895e-03  1.222702e+00  6.774580e-03  1.120400e+00  5.966452e-03  
   2.6244299  1.236166e+00  7.093431e-03  1.236195e+00  7.094173e-03  1.131704e+00  6.247949e-03  
   2.6444299  1.249512e+00  7.424856e-03  1.249543e+00  7.425654e-03  1.142856e+00  6.538452e-03  
   2.6654301  1.264085e+00  7.806069e-03  1.264117e+00  7.806941e-03  1.154996e+00  6.870347e-03  
   2.6864300  1.279271e+00  8.227629e-03  1.279305e+00  8.228576e-03  1.167606e+00  7.233989e-03  
   2.7074299  1.295123e+00  8.698012e-03  1.295159e+00  8.699052e-03  1.180722e+00  7.634827e-03  
   2.7284300  1.311694e+00  9.228556e-03  1.311731e+00  9.229709e-03  1.194380e+00  8.079816e-03  
   2.7494299  1.329046e+00  9.834579e-03  1.329085e+00  9.835865e-03  1.208621e+00  8.577958e-03  
   2.7694299  1.346363e+00  1.050088e-02  1.346403e+00  1.050232e-02  1.222768e+00  9.112494e-03  
   2.7904301  1.365451e+00  1.132107e-02  1.365494e+00  1.132270e-02  1.238287e+00  9.751497e-03  
   2.8114300  1.385556e+00  1.230202e-02  1.385602e+00  1.230389e-02  1.254542e+00  1.048962e-02  
   2.8324299  1.406775e+00  1.349458e-02  1.406823e+00  1.349676e-02  1.271599e+00  1.135261e-02  
   2.8534300  1.429218e+00  1.496651e-02  1.429269e+00  1.496910e-02  1.289529e+00  1.237388e-02  
   2.8744299  1.453002e+00  1.680701e-02  1.453056e+00  1.681012e-02  1.308410e+00  1.359652e-02  
   2.8944299  1.477014e+00  1.900813e-02  1.477072e+00  1.901191e-02  1.327357e+00  1.499862e-02  
   2.9154301  1.503777e+00  2.193116e-02  1.503838e+00  2.193582e-02  1.348352e+00  1.678763e-02  
   2.9370301  1.533091e+00  2.578228e-02  1.533156e+00  2.578812e-02  1.371227e+00  1.905784e-02  
   2.9570301  1.561956e+00  3.032290e-02  1.562025e+00  3.033016e-02  1.393661e+00  2.165191e-02  
   2.9780300  1.594136e+00  3.636166e-02  1.594209e+00  3.637081e-02  1.418614e+00  2.501689e-02  
   2.9990301  1.628295e+00  4.401484e-02  1.628374e+00  4.402636e-02  1.445098e+00  2.920246e-02  
   3.0200300  1.664449e+00  5.364424e-02  1.664532e+00  5.365872e-02  1.473202e+00  3.440883e-02  
   3.0410299  1.702553e+00  6.565198e-02  1.702641e+00  6.567007e-02  1.503001e+00  4.087410e-02  
   3.0610299  1.740547e+00  7.969426e-02  1.740639e+00  7.971645e-02  1.532999e+00  4.845574e-02  
   3.0820301  1.782030e+00  9.760483e-02  1.782126e+00  9.763210e-02  1.566205e+00  5.821646e-02  
   3.1030300  1.824838e+00  1.191943e-01  1.824939e+00  1.192274e-01  1.601118e+00  7.016908e-02  
   3.1240301  1.868566e+00  1.448779e-01  1.868670e+00  1.449177e-01  1.637634e+00  8.469876e-02  
   3.1450300  1.912696e+00  1.750147e-01  1.912801e+00  1.750619e-01  1.675565e+00  1.022107e-01  
   3.1660299  1.956623e+00  2.098806e-01  1.956728e+00  2.099358e-01  1.714639e+00  1.231167e-01  
   3.1860299  1.997640e+00  2.476347e-01  1.997746e+00  2.476980e-01  1.752572e+00  1.465463e-01  
   3.2070301  2.039142e+00  2.920843e-01  2.039244e+00  2.921563e-01  1.792703e+00  1.751885e-01  
   3.2280300  2.078291e+00  3.413425e-01  2.078389e+00  3.414235e-01  1.832577e+00  2.082610e-01  
   3.2490301  2.114346e+00  3.951355e-01  2.114439e+00  3.952252e-01  1.871531e+00  2.459674e-01  
   3.2700300  2.146621e+00  4.530293e-01  2.146706e+00  4.531275e-01  1.908832e+00  2.883889e-01  
   3.2910299  2.174528e+00  5.144483e-01  2.174603e+00  5.145546e-01  1.943698e+00  3.354613e-01  
   3.3110299  2.196624e+00  5.755862e-01  2.196689e+00  5.756990e-01  1.973923e+00  3.844094e-01  
   3.3320301  2.214825e+00  6.418108e-01  2.214878e+00  6.419303e-01  2.001797e+00  4.397463e-01  
   3.3536301  2.228068e+00  7.112488e-01  2.228107e+00  7.113741e-01  2.025635e+00  5.002867e-01  
   3.3736300  2.235412e+00  7.759742e-01  2.235437e+00  7.761038e-01  2.042801e+00  5.589402e-01  
   3.3946300  2.238236e+00  8.436357e-01  2.238246e+00  8.437694e-01  2.055348e+00  6.223847e-01  
   3.4156301  2.236393e+00  9.103214e-01  2.236388e+00  9.104582e-01  2.062062e+00  6.868010e-01  
   3.4366300  2.230343e+00  9.754652e-01  2.230322e+00  9.756048e-01  2.062924e+00  7.511921e-01  
   3.4576299  2.220613e+00  1.038643e+00  2.220579e+00  1.038786e+00  2.058130e+00  8.145689e-01  
   3.4776299  2.208436e+00  1.096730e+00  2.208389e+00  1.096874e+00  2.048677e+00  8.731339e-01  
   3.4986300  2.193111e+00  1.155396e+00  2.193052e+00  1.155543e+00  2.034187e+00  9.319567e-01  
   3.5196300  2.175678e+00  1.211658e+00  2.175606e+00  1.211808e+00  2.015753e+00  9.873911e-01  
   3.5406301  2.156556e+00  1.265591e+00  2.156473e+00  1.265744e+00  1.994226e+00  1.038969e+00  
   3.5616300  2.136077e+00  1.317328e+00  2.135984e+00  1.317484e+00  1.970509e+00  1.086432e+00  
   3.5826299  2.114478e+00  1.367031e+00  2.114376e+00  1.367190e+00  1.945501e+00  1.129747e+00  
   3.6026299  2.093009e+00  1.412618e+00  2.092900e+00  1.412780e+00  1.921251e+00  1.167299e+00  
   3.6236300  2.069611e+00  1.458767e+00  2.069493e+00  1.458931e+00  1.896039e+00  1.203179e+00  
   3.6446300  2.045385e+00  1.503228e+00  2.045261e+00  1.503394e+00  1.871655e+00  1.235899e+00  
   3.6656301  2.020374e+00  1.546018e+00  2.020246e+00  1.546186e+00  1.848516e+00  1.266031e+00  
   3.6866300  1.994643e+00  1.587098e+00  1.994510e+00  1.587266e+00  1.826858e+00  1.294178e+00  
   3.7076299  1.968299e+00  1.626384e+00  1.968164e+00  1.626553e+00  1.806747e+00  1.320915e+00  
   3.7276299  1.942803e+00  1.662039e+00  1.942668e+00  1.662207e+00  1.788969e+00  1.345531e+00  
   3.7486300  1.915851e+00  1.697533e+00  1.915717e+00  1.697700e+00  1.771583e+00  1.370871e+00  
   3.7702301  1.888289e+00  1.731895e+00  1.888158e+00  1.732061e+00  1.754843e+00  1.396670e+00  
   3.7902300  1.863297e+00  1.761769e+00  1.863170e+00  1.761933e+00  1.740169e+00  1.420450e+00  
   3.8112299  1.838061e+00  1.791209e+00  1.837940e+00  1.791372e+00  1.725449e+00  1.445330e+00  
   3.8322301  1.814354e+00  1.818874e+00  1.814240e+00  1.819036e+00  1.711345e+00  1.470054e+00  
   3.8532300  1.792683e+00  1.845089e+00  1.792578e+00  1.845252e+00  1.697878e+00  1.494513e+00  
   3.8742299  1.773527e+00  1.870325e+00  1.773431e+00  1.870492e+00  1.685188e+00  1.518599e+00  
   3.8942299  1.757988e+00  1.894006e+00  1.757902e+00  1.894176e+00  1.674053e+00  1.541137e+00  
   3.9152300  1.744789e+00  1.919205e+00  1.744714e+00  1.919382e+00  1.663676e+00  1.564409e+00  
   3.9362299  1.734925e+00  1.945584e+00  1.734860e+00  1.945771e+00  1.655026e+00  1.587433e+00  
   3.9572301  1.728347e+00  1.974077e+00  1.728292e+00  1.974276e+00  1.648494e+00  1.610519e+00  
   3.9782300  1.724795e+00  2.005666e+00  1.724749e+00  2.005879e+00  1.644418e+00  1.634133e+00  
   3.9992299  1.723773e+00  2.041330e+00  1.723734e+00  2.041560e+00  1.643045e+00  1.658899e+00  
   4.0192299  1.724479e+00  2.079943e+00  1.724445e+00  2.080191e+00  1.644340e+00  1.684257e+00  
   4.0402298  1.726052e+00  2.126163e+00  1.726022e+00  2.126430e+00  1.648347e+00  1.713578e+00  
   4.0612302  1.727315e+00  2.178863e+00  1.727287e+00  2.179151e+00  1.654762e+00  1.746585e+00  
   4.0822301  1.726906e+00  2.238513e+00  1.726876e+00  2.238821e+00  1.663030e+00  1.784234e+00  
   4.1032300  1.723326e+00  2.305329e+00  1.723292e+00  2.305657e+00  1.672335e+00  1.827446e+00  
   4.1242299  1.715000e+00  2.379250e+00  1.714960e+00  2.379596e+00  1.681606e+00  1.877039e+00  
   4.1442299  1.701204e+00  2.455924e+00  1.701155e+00  2.456286e+00  1.689199e+00  1.930804e+00  
   4.1652298  1.679079e+00  2.542387e+00  1.679017e+00  2.542761e+00  1.694410e+00  1.994533e+00  
   4.1868300  1.646683e+00  2.636701e+00  1.646606e+00  2.637083e+00  1.695070e+00  2.068016e+00  
   4.2068300  1.606799e+00  2.727759e+00  1.606706e+00  2.728144e+00  1.689749e+00  2.143051e+00  
   4.2278299  1.553690e+00  2.825838e+00  1.553577e+00  2.826220e+00  1.676259e+00  2.228532e+00  
   4.2488298  1.488320e+00  2.924846e+00  1.488186e+00  2.925224e+00  1.652940e+00  2.319926e+00  
   4.2698302  1.410203e+00  3.023038e+00  1.410047e+00  3.023404e+00  1.618185e+00  2.415875e+00  
   4.2908301  1.319159e+00  3.118565e+00  1.318979e+00  3.118915e+00  1.570648e+00  2.514631e+00  
   4.3108301  1.220540e+00  3.205352e+00  1.220336e+00  3.205682e+00  1.512575e+00  2.609403e+00  
   4.3318300  1.104878e+00  3.290268e+00  1.104648e+00  3.290574e+00  1.437616e+00  2.707426e+00  
   4.3528299  9.774947e-01  3.367021e+00  9.772390e-01  3.367300e+00  1.348268e+00  2.801468e+00  
   4.3738298  8.393565e-01  3.433855e+00  8.390742e-01  3.434102e+00  1.245004e+00  2.888983e+00  
   4.3948302  6.916803e-01  3.489122e+00  6.913723e-01  3.489335e+00  1.128853e+00  2.967502e+00  
   4.4158301  5.359299e-01  3.531315e+00  5.355975e-01  3.531492e+00  1.001381e+00  3.034755e+00  
   4.4358301  3.816166e-01  3.558133e+00  3.812629e-01  3.558277e+00  8.713048e-01  3.086556e+00  
   4.4568300  2.151038e-01  3.571185e+00  2.147300e-01  3.571292e+00  7.279218e-01  3.126622e+00  
   4.4778299  4.600166e-02  3.567906e+00  4.561128e-02  3.567978e+00  5.801829e-01  3.151016e+00  
   4.4988298  -1.235132e-01  3.547727e+00  -1.239157e-01  3.547762e+00  4.308665e-01  3.159265e+00  
   4.5198302  -2.911651e-01  3.510405e+00  -2.915745e-01  3.510408e+00  2.827309e-01  3.151457e+00  
   4.5408301  -4.546137e-01  3.456086e+00  -4.550247e-01  3.456057e+00  1.383930e-01  3.128216e+00  
   4.5608301  -6.042485e-01  3.389044e+00  -6.046556e-01  3.388988e+00  6.599665e-03  3.092731e+00  
   4.5818300  -7.528729e-01  3.303499e+00  -7.532703e-01  3.303417e+00  -1.239184e-01  3.042866e+00  
   4.6034298  -8.945051e-01  3.200754e+00  -8.948869e-01  3.200650e+00  -2.481355e-01  2.979924e+00  
   4.6234298  -1.013757e+00  3.093946e+00  -1.014120e+00  3.093825e+00  -3.530287e-01  2.912918e+00  
   4.6444302  -1.125196e+00  2.971785e+00  -1.125535e+00  2.971650e+00  -4.520283e-01  2.835471e+00  
   4.6654301  -1.221418e+00  2.841742e+00  -1.221730e+00  2.841598e+00  -5.393450e-01  2.752709e+00  
   4.6864300  -1.301763e+00  2.706405e+00  -1.302046e+00  2.706254e+00  -6.150642e-01  2.666509e+00  
   4.7074299  -1.366051e+00  2.568431e+00  -1.366305e+00  2.568278e+00  -6.795654e-01  2.578590e+00  
   4.7274299  -1.412629e+00  2.436959e+00  -1.412855e+00  2.436806e+00  -7.311197e-01  2.494656e+00  
   4.7484298  -1.446874e+00  2.301180e+00  -1.447071e+00  2.301030e+00  -7.756167e-01  2.407569e+00  
   4.7694302  -1.467221e+00  2.169855e+00  -1.467391e+00  2.169711e+00  -8.110965e-01  2.322626e+00  
   4.7904301  -1.475107e+00  2.044811e+00  -1.475251e+00  2.044673e+00  -8.384741e-01  2.240706e+00  
   4.8114300  -1.472180e+00  1.927466e+00  -1.472301e+00  1.927334e+00  -8.586777e-01  2.162486e+00  
   4.8324299  -1.460192e+00  1.818826e+00  -1.460292e+00  1.818700e+00  -8.726172e-01  2.088456e+00  
   4.8524299  -1.441960e+00  1.724007e+00  -1.442041e+00  1.723886e+00  -8.808647e-01  2.022152e+00  
   4.8734298  -1.417282e+00  1.633755e+00  -1.417345e+00  1.633639e+00  -8.850276e-01  1.957126e+00  
   4.8944302  -1.388463e+00  1.552970e+00  -1.388511e+00  1.552856e+00  -8.853253e-01  1.896873e+00  
   4.9154301  -1.356883e+00  1.481332e+00  -1.356916e+00  1.481218e+00  -8.824415e-01  1.841366e+00  
   4.9364300  -1.323719e+00  1.418327e+00  -1.323736e+00  1.418212e+00  -8.769901e-01  1.790490e+00  
   4.9574299  -1.289940e+00  1.363316e+00  -1.289943e+00  1.363199e+00  -8.695138e-01  1.744067e+00  
   4.9774299  -1.257906e+00  1.317704e+00  -1.257897e+00  1.317583e+00  -8.609453e-01  1.703789e+00  
   4.9984298  -1.224985e+00  1.276217e+00  -1.224962e+00  1.276091e+00  -8.508202e-01  1.665377e+00  
