w Re-xx Im-xx Re-yy Im-yy Re-zz Im-zz
# Gaussian absolute broadening  0.15 [eV]
   0.0000000  7.680153e-01  8.822682e-05  7.680212e-01  8.822852e-05  7.257361e-01  7.914377e-05  
   0.0200000  7.681151e-01  9.442483e-05  7.681211e-01  9.442693e-05  7.258256e-01  8.470271e-05  
   0.0410000  7.682335e-01  1.014876e-04  7.682400e-01  1.014902e-04  7.259318e-01  9.103705e-05  
   0.0620000  7.683688e-01  1.091550e-04  7.683749e-01  1.091583e-04  7.260531e-01  9.791333e-05  
   0.0830000  7.685223e-01  1.174608e-04  7.685281e-01  1.174647e-04  7.261907e-01  1.053618e-04  
   0.1040000  7.686961e-01  1.264343e-04  7.687021e-01  1.264391e-04  7.263471e-01  1.134087e-04  
   0.1240000  7.688829e-01  1.356227e-04  7.688888e-01  1.356285e-04  7.265144e-01  1.216477e-04  
   0.1450000  7.691031e-01  1.459597e-04  7.691091e-01  1.459667e-04  7.267122e-01  1.309161e-04  
   0.1660000  7.693505e-01  1.570093e-04  7.693565e-01  1.570176e-04  7.269339e-01  1.408227e-04  
   0.1870000  7.696269e-01  1.687680e-04  7.696331e-01  1.687778e-04  7.271817e-01  1.513641e-04  
   0.2080000  7.699344e-01  1.812213e-04  7.699406e-01  1.812326e-04  7.274579e-01  1.625270e-04  
   0.2290000  7.702751e-01  1.943439e-04  7.702811e-01  1.943570e-04  7.277633e-01  1.742888e-04  
   0.2490000  7.706316e-01  2.074318e-04  7.706377e-01  2.074467e-04  7.280829e-01  1.860182e-04  
   0.2700000  7.710409e-01  2.217519e-04  7.710469e-01  2.217688e-04  7.284497e-01  1.988502e-04  
   0.2910000  7.714869e-01  2.366147e-04  7.714929e-01  2.366337e-04  7.288496e-01  2.121669e-04  
   0.3120000  7.719704e-01  2.519668e-04  7.719766e-01  2.519879e-04  7.292835e-01  2.259197e-04  
   0.3330000  7.724920e-01  2.677531e-04  7.724982e-01  2.677762e-04  7.297512e-01  2.400593e-04  
   0.3540000  7.730523e-01  2.839202e-04  7.730585e-01  2.839454e-04  7.302533e-01  2.545373e-04  
   0.3740000  7.736215e-01  2.996261e-04  7.736279e-01  2.996531e-04  7.307636e-01  2.685998e-04  
   0.3950000  7.742565e-01  3.163985e-04  7.742628e-01  3.164276e-04  7.313331e-01  2.836142e-04  
   0.4160000  7.749301e-01  3.334220e-04  7.749363e-01  3.334526e-04  7.319367e-01  2.988499e-04  
   0.4374300  7.756571e-01  3.510206e-04  7.756637e-01  3.510528e-04  7.325886e-01  3.145967e-04  
   0.4574300  7.763714e-01  3.676288e-04  7.763780e-01  3.676621e-04  7.332287e-01  3.294537e-04  
   0.4784300  7.771589e-01  3.852414e-04  7.771654e-01  3.852757e-04  7.339342e-01  3.452053e-04  
   0.4994300  7.779841e-01  4.030204e-04  7.779906e-01  4.030553e-04  7.346738e-01  3.611012e-04  
   0.5204300  7.788478e-01  4.209587e-04  7.788545e-01  4.209940e-04  7.354476e-01  3.771350e-04  
   0.5414300  7.797497e-01  4.390528e-04  7.797561e-01  4.390880e-04  7.362555e-01  3.933031e-04  
   0.5614300  7.806446e-01  4.564294e-04  7.806512e-01  4.564646e-04  7.370572e-01  4.088258e-04  
   0.5824300  7.816222e-01  4.748289e-04  7.816288e-01  4.748634e-04  7.379327e-01  4.252568e-04  
   0.6034300  7.826385e-01  4.933887e-04  7.826452e-01  4.934226e-04  7.388428e-01  4.418257e-04  
   0.6244300  7.836943e-01  5.121147e-04  7.837008e-01  5.121474e-04  7.397882e-01  4.585370e-04  
   0.6454300  7.847898e-01  5.310117e-04  7.847966e-01  5.310434e-04  7.407690e-01  4.753950e-04  
   0.6664300  7.859251e-01  5.500861e-04  7.859321e-01  5.501168e-04  7.417857e-01  4.924053e-04  
   0.6864300  7.870437e-01  5.684229e-04  7.870506e-01  5.684523e-04  7.427867e-01  5.087515e-04  
   0.7074300  7.882583e-01  5.878629e-04  7.882650e-01  5.878911e-04  7.438735e-01  5.260748e-04  
   0.7284300  7.895133e-01  6.075004e-04  7.895203e-01  6.075276e-04  7.449968e-01  5.435672e-04  
   0.7494300  7.908103e-01  6.273433e-04  7.908173e-01  6.273697e-04  7.461571e-01  5.612355e-04  
   0.7704300  7.921486e-01  6.473985e-04  7.921559e-01  6.474244e-04  7.473545e-01  5.790859e-04  
   0.7914300  7.935299e-01  6.676750e-04  7.935370e-01  6.677004e-04  7.485899e-01  5.971250e-04  
   0.8114300  7.948845e-01  6.871984e-04  7.948917e-01  6.872235e-04  7.498013e-01  6.144869e-04  
   0.8324300  7.963492e-01  7.079298e-04  7.963564e-01  7.079552e-04  7.511109e-01  6.329151e-04  
   0.8540300  7.979017e-01  7.295114e-04  7.979092e-01  7.295369e-04  7.524988e-01  6.520900e-04  
   0.8740300  7.993807e-01  7.497349e-04  7.993883e-01  7.497609e-04  7.538208e-01  6.700506e-04  
   0.8950300  8.009776e-01  7.712292e-04  8.009853e-01  7.712562e-04  7.552480e-01  6.891303e-04  
   0.9160300  8.026198e-01  7.929989e-04  8.026273e-01  7.930270e-04  7.567151e-01  7.084451e-04  
   0.9370300  8.043081e-01  8.150543e-04  8.043155e-01  8.150839e-04  7.582231e-01  7.280040e-04  
   0.9580300  8.060427e-01  8.374066e-04  8.060504e-01  8.374375e-04  7.597726e-01  7.478156e-04  
   0.9780300  8.077389e-01  8.589808e-04  8.077468e-01  8.590131e-04  7.612873e-01  7.669282e-04  
   0.9990300  8.095667e-01  8.819443e-04  8.095746e-01  8.819786e-04  7.629189e-01  7.872616e-04  
   1.0200300  8.114433e-01  9.052384e-04  8.114511e-01  9.052746e-04  7.645938e-01  8.078762e-04  
   1.0410300  8.133691e-01  9.288742e-04  8.133771e-01  9.289124e-04  7.663124e-01  8.287826e-04  
   1.0620300  8.153453e-01  9.528647e-04  8.153535e-01  9.529049e-04  7.680756e-01  8.499901e-04  
   1.0830300  8.173722e-01  9.772216e-04  8.173805e-01  9.772641e-04  7.698833e-01  8.715096e-04  
   1.1030300  8.193505e-01  1.000771e-03  8.193588e-01  1.000815e-03  7.716473e-01  8.923039e-04  
   1.1240300  8.214786e-01  1.025880e-03  8.214869e-01  1.025926e-03  7.735447e-01  9.144633e-04  
   1.1450300  8.236600e-01  1.051395e-03  8.236687e-01  1.051443e-03  7.754889e-01  9.369669e-04  
   1.1660300  8.258955e-01  1.077329e-03  8.259042e-01  1.077379e-03  7.774808e-01  9.598266e-04  
   1.1870300  8.281859e-01  1.103696e-03  8.281947e-01  1.103748e-03  7.795212e-01  9.830538e-04  
   1.2080300  8.305320e-01  1.130512e-03  8.305409e-01  1.130566e-03  7.816107e-01  1.006662e-03  
   1.2280300  8.328186e-01  1.156483e-03  8.328277e-01  1.156538e-03  7.836465e-01  1.029512e-03  
   1.2490300  8.352761e-01  1.184221e-03  8.352851e-01  1.184279e-03  7.858338e-01  1.053901e-03  
   1.2706300  8.378655e-01  1.213273e-03  8.378748e-01  1.213332e-03  7.881378e-01  1.079428e-03  
   1.2906300  8.403189e-01  1.240658e-03  8.403282e-01  1.240719e-03  7.903203e-01  1.103476e-03  
   1.3116300  8.429548e-01  1.269937e-03  8.429642e-01  1.269999e-03  7.926644e-01  1.129168e-03  
   1.3326300  8.456525e-01  1.299769e-03  8.456621e-01  1.299834e-03  7.950625e-01  1.155329e-03  
   1.3536299  8.484131e-01  1.330176e-03  8.484228e-01  1.330244e-03  7.975160e-01  1.181976e-03  
   1.3746300  8.512384e-01  1.361181e-03  8.512483e-01  1.361251e-03  8.000261e-01  1.209127e-03  
   1.3946300  8.539905e-01  1.391286e-03  8.540006e-01  1.391358e-03  8.024704e-01  1.235470e-03  
   1.4156300  8.569456e-01  1.423523e-03  8.569559e-01  1.423597e-03  8.050942e-01  1.263659e-03  
   1.4366300  8.599694e-01  1.456426e-03  8.599799e-01  1.456502e-03  8.077778e-01  1.292410e-03  
   1.4576300  8.630633e-01  1.490021e-03  8.630738e-01  1.490098e-03  8.105228e-01  1.321744e-03  
   1.4786299  8.662286e-01  1.524333e-03  8.662394e-01  1.524413e-03  8.133302e-01  1.351681e-03  
   1.4996300  8.694671e-01  1.559389e-03  8.694779e-01  1.559471e-03  8.162012e-01  1.382244e-03  
   1.5196300  8.726200e-01  1.593492e-03  8.726311e-01  1.593576e-03  8.189957e-01  1.411955e-03  
   1.5406300  8.760052e-01  1.630084e-03  8.760164e-01  1.630170e-03  8.219944e-01  1.443809e-03  
   1.5616300  8.794683e-01  1.667505e-03  8.794795e-01  1.667594e-03  8.250610e-01  1.476363e-03  
   1.5826300  8.830105e-01  1.705789e-03  8.830219e-01  1.705881e-03  8.281965e-01  1.509641e-03  
   1.6036299  8.866339e-01  1.744970e-03  8.866458e-01  1.745064e-03  8.314029e-01  1.543674e-03  
   1.6246300  8.903404e-01  1.785083e-03  8.903524e-01  1.785179e-03  8.346812e-01  1.578492e-03  
   1.6446300  8.939494e-01  1.824185e-03  8.939617e-01  1.824284e-03  8.378717e-01  1.612410e-03  
   1.6656300  8.978238e-01  1.866226e-03  8.978361e-01  1.866329e-03  8.412951e-01  1.648855e-03  
   1.6872300  9.019024e-01  1.910565e-03  9.019151e-01  1.910671e-03  8.448979e-01  1.687269e-03  
   1.7072300  9.057646e-01  1.952650e-03  9.057775e-01  1.952761e-03  8.483079e-01  1.723712e-03  
   1.7282300  9.099119e-01  1.997953e-03  9.099250e-01  1.998068e-03  8.519678e-01  1.762927e-03  
   1.7492300  9.141555e-01  2.044447e-03  9.141689e-01  2.044565e-03  8.557105e-01  1.803158e-03  
   1.7702301  9.184977e-01  2.092182e-03  9.185111e-01  2.092305e-03  8.595386e-01  1.844458e-03  
   1.7912300  9.229414e-01  2.141219e-03  9.229553e-01  2.141346e-03  8.634545e-01  1.886879e-03  
   1.8112299  9.272712e-01  2.189182e-03  9.272853e-01  2.189314e-03  8.672675e-01  1.928379e-03  
   1.8322300  9.319220e-01  2.240932e-03  9.319362e-01  2.241069e-03  8.713614e-01  1.973162e-03  
   1.8532300  9.366829e-01  2.294170e-03  9.366977e-01  2.294311e-03  8.755502e-01  2.019253e-03  
   1.8742300  9.415575e-01  2.348971e-03  9.415725e-01  2.349116e-03  8.798369e-01  2.066722e-03  
   1.8952301  9.465494e-01  2.405411e-03  9.465646e-01  2.405562e-03  8.842236e-01  2.115646e-03  
   1.9162300  9.516617e-01  2.463576e-03  9.516771e-01  2.463731e-03  8.887137e-01  2.166107e-03  
   1.9362299  9.566448e-01  2.520658e-03  9.566606e-01  2.520819e-03  8.930880e-01  2.215676e-03  
   1.9572300  9.620019e-01  2.582464e-03  9.620181e-01  2.582630e-03  8.977875e-01  2.269407e-03  
   1.9782300  9.674907e-01  2.646292e-03  9.675072e-01  2.646463e-03  9.025996e-01  2.324969e-03  
   1.9992300  9.731144e-01  2.712264e-03  9.731312e-01  2.712440e-03  9.075271e-01  2.382485e-03  
   2.0202301  9.788781e-01  2.780517e-03  9.788954e-01  2.780698e-03  9.125740e-01  2.442095e-03  
   2.0412300  9.847862e-01  2.851197e-03  9.848039e-01  2.851385e-03  9.177431e-01  2.503951e-03  
   2.0612299  9.905509e-01  2.920923e-03  9.905687e-01  2.921118e-03  9.227840e-01  2.565114e-03  
   2.0822301  9.967539e-01  2.996847e-03  9.967725e-01  2.997049e-03  9.282048e-01  2.631894e-03  
   2.1038301  1.003301e+00  3.078055e-03  1.003320e+00  3.078265e-03  9.339218e-01  2.703553e-03  
   2.1238301  1.009518e+00  3.156279e-03  1.009538e+00  3.156498e-03  9.393464e-01  2.772828e-03  
   2.1448300  1.016214e+00  3.241802e-03  1.016233e+00  3.242028e-03  9.451838e-01  2.848873e-03  
   2.1658299  1.023086e+00  3.331074e-03  1.023106e+00  3.331311e-03  9.511708e-01  2.928613e-03  
   2.1868300  1.030143e+00  3.424414e-03  1.030163e+00  3.424661e-03  9.573131e-01  3.012402e-03  
   2.2078300  1.037389e+00  3.522164e-03  1.037410e+00  3.522423e-03  9.636161e-01  3.100622e-03  
   2.2278299  1.044477e+00  3.619715e-03  1.044498e+00  3.619984e-03  9.697741e-01  3.189145e-03  
   2.2488301  1.052119e+00  3.727216e-03  1.052141e+00  3.727501e-03  9.764093e-01  3.287264e-03  
   2.2698300  1.059975e+00  3.840365e-03  1.059998e+00  3.840663e-03  9.832234e-01  3.391155e-03  
   2.2908299  1.068055e+00  3.959659e-03  1.068079e+00  3.959972e-03  9.902248e-01  3.501359e-03  
   2.3118300  1.076369e+00  4.085636e-03  1.076393e+00  4.085966e-03  9.974204e-01  3.618448e-03  
   2.3328300  1.084924e+00  4.218877e-03  1.084949e+00  4.219226e-03  1.004818e+00  3.743045e-03  
   2.3528299  1.093307e+00  4.353112e-03  1.093333e+00  4.353480e-03  1.012058e+00  3.869295e-03  
   2.3738301  1.102368e+00  4.502422e-03  1.102394e+00  4.502810e-03  1.019874e+00  4.010519e-03  
   2.3948300  1.111704e+00  4.661029e-03  1.111731e+00  4.661441e-03  1.027917e+00  4.161372e-03  
   2.4158299  1.121329e+00  4.829747e-03  1.121356e+00  4.830179e-03  1.036198e+00  4.322681e-03  
   2.4368300  1.131256e+00  5.009457e-03  1.131284e+00  5.009916e-03  1.044728e+00  4.495348e-03  
   2.4578300  1.141501e+00  5.201132e-03  1.141530e+00  5.201617e-03  1.053517e+00  4.680333e-03  
   2.4778299  1.151567e+00  5.395779e-03  1.151597e+00  5.396292e-03  1.062141e+00  4.868921e-03  
   2.4988301  1.162479e+00  5.614018e-03  1.162510e+00  5.614562e-03  1.071475e+00  5.081072e-03  
   2.5204301  1.174090e+00  5.854697e-03  1.174122e+00  5.855277e-03  1.081388e+00  5.315710e-03  
   2.5404301  1.185209e+00  6.093633e-03  1.185242e+00  6.094250e-03  1.090863e+00  5.549139e-03  
   2.5614300  1.197288e+00  6.362888e-03  1.197322e+00  6.363544e-03  1.101138e+00  5.812526e-03  
   2.5824299  1.209805e+00  6.653006e-03  1.209839e+00  6.653710e-03  1.111762e+00  6.096449e-03  
   2.6034300  1.222788e+00  6.966494e-03  1.222825e+00  6.967249e-03  1.122758e+00  6.403054e-03  
   2.6244299  1.236269e+00  7.306383e-03  1.236307e+00  7.307197e-03  1.134147e+00  6.734847e-03  
   2.6444299  1.249603e+00  7.658114e-03  1.249642e+00  7.658988e-03  1.145383e+00  7.077040e-03  
   2.6654301  1.264159e+00  8.061483e-03  1.264199e+00  8.062436e-03  1.157614e+00  7.467402e-03  
   2.6864300  1.279326e+00  8.505872e-03  1.279368e+00  8.506911e-03  1.170319e+00  7.894067e-03  
   2.7074299  1.295154e+00  8.999527e-03  1.295197e+00  9.000664e-03  1.183534e+00  8.362804e-03  
   2.7284300  1.311697e+00  9.553473e-03  1.311742e+00  9.554734e-03  1.197294e+00  8.880964e-03  
   2.7494299  1.329017e+00  1.018265e-02  1.329064e+00  1.018405e-02  1.211641e+00  9.458023e-03  
   2.7694299  1.346297e+00  1.087032e-02  1.346346e+00  1.087189e-02  1.225894e+00  1.007361e-02  
   2.7904301  1.365343e+00  1.171162e-02  1.365395e+00  1.171339e-02  1.241528e+00  1.080466e-02  
   2.8114300  1.385399e+00  1.271156e-02  1.385453e+00  1.271360e-02  1.257903e+00  1.164290e-02  
   2.8324299  1.406563e+00  1.391999e-02  1.406620e+00  1.392236e-02  1.275087e+00  1.261538e-02  
   2.8534300  1.428944e+00  1.540342e-02  1.429003e+00  1.540622e-02  1.293149e+00  1.375721e-02  
   2.8744299  1.452659e+00  1.724954e-02  1.452721e+00  1.725288e-02  1.312170e+00  1.511370e-02  
   2.8944299  1.476598e+00  1.944884e-02  1.476663e+00  1.945287e-02  1.331256e+00  1.665822e-02  
   2.9154301  1.503276e+00  2.236030e-02  1.503346e+00  2.236526e-02  1.352405e+00  1.861588e-02  
   2.9370301  1.532496e+00  2.618659e-02  1.532570e+00  2.619280e-02  1.375446e+00  2.108465e-02  
   2.9570301  1.561266e+00  3.068991e-02  1.561344e+00  3.069759e-02  1.398041e+00  2.389035e-02  
   2.9780300  1.593342e+00  3.667168e-02  1.593424e+00  3.668133e-02  1.423170e+00  2.751254e-02  
   2.9990301  1.627393e+00  4.424644e-02  1.627480e+00  4.425858e-02  1.449834e+00  3.199860e-02  
   3.0200300  1.663436e+00  5.377281e-02  1.663529e+00  5.378804e-02  1.478124e+00  3.755717e-02  
   3.0410299  1.701431e+00  6.564979e-02  1.701529e+00  6.566882e-02  1.508112e+00  4.443550e-02  
   3.0610299  1.739325e+00  7.953915e-02  1.739428e+00  7.956246e-02  1.538291e+00  5.247581e-02  
   3.0820301  1.780712e+00  9.725694e-02  1.780820e+00  9.728565e-02  1.571684e+00  6.279545e-02  
   3.1030300  1.823439e+00  1.186185e-01  1.823552e+00  1.186534e-01  1.606779e+00  7.539443e-02  
   3.1240301  1.867105e+00  1.440374e-01  1.867221e+00  1.440794e-01  1.643465e+00  9.066425e-02  
   3.1450300  1.911197e+00  1.738707e-01  1.911317e+00  1.739208e-01  1.681552e+00  1.090138e-01  
   3.1660299  1.955116e+00  2.083929e-01  1.955237e+00  2.084517e-01  1.720758e+00  1.308545e-01  
   3.1860299  1.996156e+00  2.457802e-01  1.996278e+00  2.458478e-01  1.758790e+00  1.552603e-01  
   3.2070301  2.037714e+00  2.898004e-01  2.037836e+00  2.898778e-01  1.798987e+00  1.850086e-01  
   3.2280300  2.076957e+00  3.385804e-01  2.077077e+00  3.386678e-01  1.838879e+00  2.192548e-01  
   3.2490301  2.113140e+00  3.918418e-01  2.113257e+00  3.919390e-01  1.877793e+00  2.581826e-01  
   3.2700300  2.145577e+00  4.491451e-01  2.145690e+00  4.492519e-01  1.914989e+00  3.018480e-01  
   3.2910299  2.173674e+00  5.099091e-01  2.173781e+00  5.100251e-01  1.949676e+00  3.501594e-01  
   3.3110299  2.195972e+00  5.703584e-01  2.196076e+00  5.704825e-01  1.979654e+00  4.002555e-01  
   3.3320301  2.214406e+00  6.357892e-01  2.214503e+00  6.359210e-01  2.007187e+00  4.567361e-01  
   3.3536301  2.227903e+00  7.043346e-01  2.227995e+00  7.044731e-01  2.030584e+00  5.183588e-01  
   3.3736300  2.235494e+00  7.681678e-01  2.235580e+00  7.683119e-01  2.047266e+00  5.779060e-01  
   3.3946300  2.238584e+00  8.348355e-01  2.238665e+00  8.349840e-01  2.059231e+00  6.421582e-01  
   3.4156301  2.237016e+00  9.004833e-01  2.237093e+00  9.006363e-01  2.065298e+00  7.072334e-01  
   3.4366300  2.231250e+00  9.645690e-01  2.231324e+00  9.647249e-01  2.065466e+00  7.721249e-01  
   3.4576299  2.221816e+00  1.026698e+00  2.221888e+00  1.026857e+00  2.059946e+00  8.358384e-01  
   3.4776299  2.209934e+00  1.083824e+00  2.210005e+00  1.083985e+00  2.049793e+00  8.945703e-01  
   3.4986300  2.194936e+00  1.141558e+00  2.195008e+00  1.141722e+00  2.034577e+00  9.534079e-01  
   3.5196300  2.177845e+00  1.197005e+00  2.177917e+00  1.197173e+00  2.015446e+00  1.008695e+00  
   3.5406301  2.159082e+00  1.250275e+00  2.159155e+00  1.250447e+00  1.993265e+00  1.059968e+00  
   3.5616300  2.138972e+00  1.301533e+00  2.139045e+00  1.301707e+00  1.968952e+00  1.106975e+00  
   3.5826299  2.117745e+00  1.350963e+00  2.117818e+00  1.351140e+00  1.943412e+00  1.149686e+00  
   3.6026299  2.096624e+00  1.396495e+00  2.096695e+00  1.396676e+00  1.918718e+00  1.186534e+00  
   3.6236300  2.073570e+00  1.442805e+00  2.073637e+00  1.442988e+00  1.893100e+00  1.221548e+00  
   3.6446300  2.049654e+00  1.487642e+00  2.049716e+00  1.487828e+00  1.868370e+00  1.253282e+00  
   3.6656301  2.024904e+00  1.531008e+00  2.024962e+00  1.531195e+00  1.844928e+00  1.282324e+00  
   3.6866300  1.999372e+00  1.572835e+00  1.999422e+00  1.573023e+00  1.823001e+00  1.309291e+00  
   3.7076299  1.973156e+00  1.613012e+00  1.973200e+00  1.613199e+00  1.802644e+00  1.334778e+00  
   3.7276299  1.947710e+00  1.649614e+00  1.947746e+00  1.649799e+00  1.784641e+00  1.358156e+00  
   3.7486300  1.920730e+00  1.686173e+00  1.920759e+00  1.686354e+00  1.767023e+00  1.382165e+00  
   3.7702301  1.893052e+00  1.721671e+00  1.893073e+00  1.721848e+00  1.750042e+00  1.406583e+00  
   3.7902300  1.867877e+00  1.752605e+00  1.867893e+00  1.752778e+00  1.735144e+00  1.429088e+00  
   3.8112299  1.842373e+00  1.783147e+00  1.842386e+00  1.783314e+00  1.720188e+00  1.452649e+00  
   3.8322301  1.818326e+00  1.811880e+00  1.818335e+00  1.812042e+00  1.705855e+00  1.476087e+00  
   3.8532300  1.796246e+00  1.839121e+00  1.796256e+00  1.839278e+00  1.692171e+00  1.499301e+00  
   3.8742299  1.776614e+00  1.865335e+00  1.776625e+00  1.865488e+00  1.679282e+00  1.522192e+00  
   3.8942299  1.760565e+00  1.889897e+00  1.760580e+00  1.890050e+00  1.667983e+00  1.543643e+00  
   3.9152300  1.746770e+00  1.915979e+00  1.746789e+00  1.916130e+00  1.657465e+00  1.565834e+00  
   3.9362299  1.736246e+00  1.943200e+00  1.736270e+00  1.943353e+00  1.648710e+00  1.587848e+00  
   3.9572301  1.728943e+00  1.972506e+00  1.728974e+00  1.972662e+00  1.642108e+00  1.610004e+00  
   3.9782300  1.724597e+00  2.004889e+00  1.724633e+00  2.005052e+00  1.637997e+00  1.632784e+00  
   3.9992299  1.722705e+00  2.041348e+00  1.722746e+00  2.041518e+00  1.636618e+00  1.656828e+00  
   4.0192299  1.722508e+00  2.080729e+00  1.722551e+00  2.080910e+00  1.637927e+00  1.681621e+00  
   4.0402298  1.723049e+00  2.127784e+00  1.723092e+00  2.127976e+00  1.641963e+00  1.710499e+00  
   4.0612302  1.723189e+00  2.181365e+00  1.723228e+00  2.181569e+00  1.648408e+00  1.743232e+00  
   4.0822301  1.721562e+00  2.241951e+00  1.721593e+00  2.242167e+00  1.656700e+00  1.780791e+00  
   4.1032300  1.716672e+00  2.309771e+00  1.716689e+00  2.309998e+00  1.666013e+00  1.824100e+00  
   4.1242299  1.706949e+00  2.384765e+00  1.706949e+00  2.385000e+00  1.675268e+00  1.873975e+00  
   4.1442299  1.691753e+00  2.462526e+00  1.691729e+00  2.462765e+00  1.682823e+00  1.928168e+00  
   4.1652298  1.668104e+00  2.550179e+00  1.668051e+00  2.550420e+00  1.687971e+00  1.992482e+00  
   4.1868300  1.634110e+00  2.645757e+00  1.634021e+00  2.645993e+00  1.688544e+00  2.066671e+00  
   4.2068300  1.592750e+00  2.737988e+00  1.592624e+00  2.738216e+00  1.683133e+00  2.142407e+00  
   4.2278299  1.538133e+00  2.837262e+00  1.537966e+00  2.837475e+00  1.669546e+00  2.228620e+00  
   4.2488298  1.471342e+00  2.937382e+00  1.471130e+00  2.937576e+00  1.646142e+00  2.320681e+00  
   4.2698302  1.391936e+00  3.036545e+00  1.391679e+00  3.036716e+00  1.611327e+00  2.417179e+00  
   4.2908301  1.299780e+00  3.132847e+00  1.299477e+00  3.132990e+00  1.563763e+00  2.516314e+00  
   4.3108301  1.200304e+00  3.220136e+00  1.199960e+00  3.220252e+00  1.505706e+00  2.611252e+00  
   4.3318300  1.083993e+00  3.305288e+00  1.083607e+00  3.305373e+00  1.430810e+00  2.709217e+00  
   4.3528299  9.562490e-01  3.381938e+00  9.558249e-01  3.381991e+00  1.341575e+00  2.802953e+00  
   4.3738298  8.180625e-01  3.448306e+00  8.176051e-01  3.448329e+00  1.238474e+00  2.889920e+00  
   4.3948302  6.706676e-01  3.502742e+00  6.701827e-01  3.502736e+00  1.122529e+00  2.967663e+00  
   4.4158301  5.155378e-01  3.543756e+00  5.150318e-01  3.543725e+00  9.952984e-01  3.033945e+00  
   4.4358301  3.621321e-01  3.569163e+00  3.616119e-01  3.569112e+00  8.654805e-01  3.084675e+00  
   4.4568300  1.968966e-01  3.580486e+00  1.963679e-01  3.580416e+00  7.223904e-01  3.123507e+00  
   4.4778299  2.938773e-02  3.575302e+00  2.885748e-02  3.575216e+00  5.749608e-01  3.146598e+00  
   4.4988298  -1.382446e-01  3.553121e+00  -1.387696e-01  3.553022e+00  4.259684e-01  3.153518e+00  
   4.5198302  -3.037606e-01  3.513793e+00  -3.042739e-01  3.513685e+00  2.781712e-01  3.144393e+00  
   4.5408301  -4.648667e-01  3.457548e+00  -4.653623e-01  3.457431e+00  1.341905e-01  3.119877e+00  
   4.5608301  -6.121284e-01  3.388819e+00  -6.126018e-01  3.388696e+00  2.760814e-03  3.083239e+00  
   4.5818300  -7.581727e-01  3.301722e+00  -7.586180e-01  3.301591e+00  -1.273436e-01  3.032244e+00  
   4.6034298  -8.971267e-01  3.197665e+00  -8.975384e-01  3.197525e+00  -2.510931e-01  2.968243e+00  
   4.6234298  -1.013943e+00  3.089930e+00  -1.014320e+00  3.089780e+00  -3.555101e-01  2.900359e+00  
   4.6444302  -1.122937e+00  2.967105e+00  -1.123276e+00  2.966943e+00  -4.539634e-01  2.822104e+00  
   4.6654301  -1.216895e+00  2.836715e+00  -1.217193e+00  2.836540e+00  -5.406901e-01  2.738664e+00  
   4.6864300  -1.295208e+00  2.701330e+00  -1.295464e+00  2.701139e+00  -6.157852e-01  2.651925e+00  
   4.7074299  -1.357744e+00  2.563582e+00  -1.357959e+00  2.563374e+00  -6.796448e-01  2.563618e+00  
   4.7274299  -1.402940e+00  2.432543e+00  -1.403116e+00  2.432319e+00  -7.305906e-01  2.479462e+00  
   4.7484298  -1.436051e+00  2.297413e+00  -1.436186e+00  2.297171e+00  -7.744754e-01  2.392306e+00  
   4.7694302  -1.455588e+00  2.166889e+00  -1.455685e+00  2.166630e+00  -8.093960e-01  2.307461e+00  
   4.7904301  -1.462979e+00  2.042755e+00  -1.463040e+00  2.042479e+00  -8.362917e-01  2.225805e+00  
   4.8114300  -1.459847e+00  1.926384e+00  -1.459875e+00  1.926094e+00  -8.561133e-01  2.148000e+00  
   4.8324299  -1.447913e+00  1.818744e+00  -1.447911e+00  1.818441e+00  -8.697868e-01  2.074523e+00  
   4.8524299  -1.429940e+00  1.724865e+00  -1.429912e+00  1.724553e+00  -8.778984e-01  2.008852e+00  
   4.8734298  -1.405713e+00  1.635564e+00  -1.405661e+00  1.635244e+00  -8.820457e-01  1.944575e+00  
   4.8944302  -1.377492e+00  1.555663e+00  -1.377418e+00  1.555338e+00  -8.824555e-01  1.885131e+00  
   4.9154301  -1.346614e+00  1.484824e+00  -1.346521e+00  1.484498e+00  -8.798032e-01  1.830464e+00  
   4.9364300  -1.314223e+00  1.422521e+00  -1.314113e+00  1.422196e+00  -8.746905e-01  1.780432e+00  
   4.9574299  -1.281258e+00  1.368107e+00  -1.281133e+00  1.367785e+00  -8.676437e-01  1.734831e+00  
   4.9774299  -1.250012e+00  1.322963e+00  -1.249875e+00  1.322646e+00  -8.595527e-01  1.695298e+00  
   4.9984298  -1.217909e+00  1.281862e+00  -1.217761e+00  1.281552e+00  -8.499836e-01  1.657611e+00  
