w Re-xx Im-xx Re-yy Im-yy Re-zz Im-zz
# Gaussian absolute broadening  0.15 [eV]
   0.0000000  7.684675e-01  8.835689e-05  7.684758e-01  8.836266e-05  7.256617e-01  7.894386e-05  
   0.0200000  7.685674e-01  9.456386e-05  7.685755e-01  9.456992e-05  7.257509e-01  8.448841e-05  
   0.0410000  7.686862e-01  1.016368e-04  7.686945e-01  1.016432e-04  7.258568e-01  9.080640e-05  
   0.0620000  7.688214e-01  1.093152e-04  7.688296e-01  1.093219e-04  7.259778e-01  9.766506e-05  
   0.0830000  7.689752e-01  1.176330e-04  7.689832e-01  1.176398e-04  7.261151e-01  1.050945e-04  
   0.1040000  7.691496e-01  1.266194e-04  7.691578e-01  1.266264e-04  7.262710e-01  1.131210e-04  
   0.1240000  7.693363e-01  1.358210e-04  7.693445e-01  1.358281e-04  7.264380e-01  1.213392e-04  
   0.1450000  7.695568e-01  1.461728e-04  7.695650e-01  1.461800e-04  7.266352e-01  1.305843e-04  
   0.1660000  7.698044e-01  1.572381e-04  7.698128e-01  1.572454e-04  7.268563e-01  1.404660e-04  
   0.1870000  7.700815e-01  1.690135e-04  7.700896e-01  1.690209e-04  7.271038e-01  1.509809e-04  
   0.2080000  7.703894e-01  1.814845e-04  7.703976e-01  1.814918e-04  7.273791e-01  1.621160e-04  
   0.2290000  7.707304e-01  1.946256e-04  7.707385e-01  1.946330e-04  7.276835e-01  1.738484e-04  
   0.2490000  7.710875e-01  2.077320e-04  7.710958e-01  2.077394e-04  7.280025e-01  1.855483e-04  
   0.2700000  7.714971e-01  2.220722e-04  7.715054e-01  2.220797e-04  7.283683e-01  1.983481e-04  
   0.2910000  7.719437e-01  2.369559e-04  7.719522e-01  2.369636e-04  7.287672e-01  2.116310e-04  
   0.3120000  7.724282e-01  2.523295e-04  7.724365e-01  2.523374e-04  7.292001e-01  2.253488e-04  
   0.3330000  7.729505e-01  2.681379e-04  7.729588e-01  2.681460e-04  7.296665e-01  2.394519e-04  
   0.3540000  7.735114e-01  2.843275e-04  7.735198e-01  2.843361e-04  7.301674e-01  2.538922e-04  
   0.3740000  7.740815e-01  3.000556e-04  7.740897e-01  3.000645e-04  7.306764e-01  2.679177e-04  
   0.3950000  7.747176e-01  3.168516e-04  7.747260e-01  3.168611e-04  7.312443e-01  2.828920e-04  
   0.4160000  7.753919e-01  3.338990e-04  7.754005e-01  3.339092e-04  7.318462e-01  2.980863e-04  
   0.4374300  7.761201e-01  3.515224e-04  7.761286e-01  3.515334e-04  7.324964e-01  3.137899e-04  
   0.4574300  7.768353e-01  3.681538e-04  7.768438e-01  3.681657e-04  7.331350e-01  3.286056e-04  
   0.4784300  7.776239e-01  3.857912e-04  7.776324e-01  3.858040e-04  7.338384e-01  3.443123e-04  
   0.4994300  7.784504e-01  4.035951e-04  7.784590e-01  4.036090e-04  7.345762e-01  3.601626e-04  
   0.5204300  7.793152e-01  4.215585e-04  7.793240e-01  4.215736e-04  7.353477e-01  3.761494e-04  
   0.5414300  7.802182e-01  4.396778e-04  7.802271e-01  4.396940e-04  7.361535e-01  3.922696e-04  
   0.5614300  7.811145e-01  4.570787e-04  7.811231e-01  4.570962e-04  7.369530e-01  4.077456e-04  
   0.5824300  7.820933e-01  4.755037e-04  7.821022e-01  4.755226e-04  7.378263e-01  4.241264e-04  
   0.6034300  7.831110e-01  4.940896e-04  7.831196e-01  4.941098e-04  7.387341e-01  4.406441e-04  
   0.6244300  7.841685e-01  5.128415e-04  7.841771e-01  5.128628e-04  7.396767e-01  4.573032e-04  
   0.6454300  7.852653e-01  5.317650e-04  7.852741e-01  5.317874e-04  7.406549e-01  4.741078e-04  
   0.6664300  7.864025e-01  5.508661e-04  7.864114e-01  5.508897e-04  7.416688e-01  4.910639e-04  
   0.6864300  7.875224e-01  5.692291e-04  7.875314e-01  5.692536e-04  7.426670e-01  5.073576e-04  
   0.7074300  7.887388e-01  5.886971e-04  7.887477e-01  5.887225e-04  7.437509e-01  5.246247e-04  
   0.7284300  7.899957e-01  6.083632e-04  7.900047e-01  6.083892e-04  7.448711e-01  5.420598e-04  
   0.7494300  7.912944e-01  6.282354e-04  7.913035e-01  6.282621e-04  7.460284e-01  5.596699e-04  
   0.7704300  7.926348e-01  6.483208e-04  7.926440e-01  6.483482e-04  7.472221e-01  5.774607e-04  
   0.7914300  7.940179e-01  6.686280e-04  7.940271e-01  6.686558e-04  7.484540e-01  5.954392e-04  
   0.8114300  7.953745e-01  6.881817e-04  7.953837e-01  6.882095e-04  7.496620e-01  6.127421e-04  
   0.8324300  7.968414e-01  7.089454e-04  7.968506e-01  7.089741e-04  7.509679e-01  6.311074e-04  
   0.8540300  7.983961e-01  7.305609e-04  7.984055e-01  7.305903e-04  7.523519e-01  6.502162e-04  
   0.8740300  7.998773e-01  7.508172e-04  7.998867e-01  7.508470e-04  7.536700e-01  6.681138e-04  
   0.8950300  8.014763e-01  7.723459e-04  8.014860e-01  7.723766e-04  7.550929e-01  6.871261e-04  
   0.9160300  8.031209e-01  7.941510e-04  8.031307e-01  7.941830e-04  7.565560e-01  7.063719e-04  
   0.9370300  8.048114e-01  8.162425e-04  8.048213e-01  8.162757e-04  7.580595e-01  7.258598e-04  
   0.9580300  8.065490e-01  8.386314e-04  8.065586e-01  8.386663e-04  7.596043e-01  7.455988e-04  
   0.9780300  8.082476e-01  8.602411e-04  8.082575e-01  8.602779e-04  7.611144e-01  7.646401e-04  
   0.9990300  8.100782e-01  8.832426e-04  8.100881e-01  8.832816e-04  7.627414e-01  7.848964e-04  
   1.0200300  8.119573e-01  9.065757e-04  8.119674e-01  9.066171e-04  7.644112e-01  8.054318e-04  
   1.0410300  8.138859e-01  9.302517e-04  8.138964e-01  9.302954e-04  7.661246e-01  8.262561e-04  
   1.0620300  8.158652e-01  9.542822e-04  8.158755e-01  9.543289e-04  7.678822e-01  8.473800e-04  
   1.0830300  8.178953e-01  9.786809e-04  8.179056e-01  9.787298e-04  7.696844e-01  8.688126e-04  
   1.1030300  8.198764e-01  1.002270e-03  8.198870e-01  1.002322e-03  7.714428e-01  8.895218e-04  
   1.1240300  8.220078e-01  1.027423e-03  8.220183e-01  1.027477e-03  7.733343e-01  9.115886e-04  
   1.1450300  8.241925e-01  1.052982e-03  8.242031e-01  1.053038e-03  7.752725e-01  9.339971e-04  
   1.1660300  8.264314e-01  1.078961e-03  8.264422e-01  1.079020e-03  7.772581e-01  9.567580e-04  
   1.1870300  8.287252e-01  1.105375e-03  8.287363e-01  1.105436e-03  7.792920e-01  9.798835e-04  
   1.2080300  8.310750e-01  1.132241e-03  8.310862e-01  1.132302e-03  7.813747e-01  1.003387e-03  
   1.2280300  8.333650e-01  1.158258e-03  8.333763e-01  1.158321e-03  7.834039e-01  1.026132e-03  
   1.2490300  8.358263e-01  1.186048e-03  8.358376e-01  1.186111e-03  7.855839e-01  1.050409e-03  
   1.2706300  8.384197e-01  1.215153e-03  8.384311e-01  1.215218e-03  7.878802e-01  1.075816e-03  
   1.2906300  8.408771e-01  1.242590e-03  8.408885e-01  1.242656e-03  7.900555e-01  1.099748e-03  
   1.3116300  8.435169e-01  1.271924e-03  8.435288e-01  1.271990e-03  7.923914e-01  1.125315e-03  
   1.3326300  8.462188e-01  1.301813e-03  8.462305e-01  1.301880e-03  7.947813e-01  1.151345e-03  
   1.3536299  8.489841e-01  1.332279e-03  8.489959e-01  1.332347e-03  7.972265e-01  1.177856e-03  
   1.3746300  8.518136e-01  1.363344e-03  8.518257e-01  1.363413e-03  7.997276e-01  1.204867e-03  
   1.3946300  8.545702e-01  1.393508e-03  8.545824e-01  1.393578e-03  8.021635e-01  1.231072e-03  
   1.4156300  8.575301e-01  1.425807e-03  8.575426e-01  1.425879e-03  8.047780e-01  1.259110e-03  
   1.4366300  8.605588e-01  1.458776e-03  8.605713e-01  1.458849e-03  8.074518e-01  1.287704e-03  
   1.4576300  8.636573e-01  1.492436e-03  8.636701e-01  1.492512e-03  8.101866e-01  1.316873e-03  
   1.4786299  8.668283e-01  1.526816e-03  8.668411e-01  1.526895e-03  8.129836e-01  1.346639e-03  
   1.4996300  8.700718e-01  1.561943e-03  8.700849e-01  1.562024e-03  8.158441e-01  1.377025e-03  
   1.5196300  8.732300e-01  1.596115e-03  8.732432e-01  1.596200e-03  8.186280e-01  1.406559e-03  
   1.5406300  8.766208e-01  1.632780e-03  8.766341e-01  1.632868e-03  8.216151e-01  1.438219e-03  
   1.5616300  8.800893e-01  1.670278e-03  8.801028e-01  1.670370e-03  8.246699e-01  1.470568e-03  
   1.5826300  8.836376e-01  1.708641e-03  8.836514e-01  1.708736e-03  8.277929e-01  1.503632e-03  
   1.6036299  8.872674e-01  1.747903e-03  8.872814e-01  1.748001e-03  8.309863e-01  1.537438e-03  
   1.6246300  8.909801e-01  1.788099e-03  8.909943e-01  1.788202e-03  8.342514e-01  1.572014e-03  
   1.6446300  8.945951e-01  1.827284e-03  8.946099e-01  1.827390e-03  8.374290e-01  1.605688e-03  
   1.6656300  8.984759e-01  1.869414e-03  8.984908e-01  1.869524e-03  8.408380e-01  1.641857e-03  
   1.6872300  9.025617e-01  1.913846e-03  9.025769e-01  1.913959e-03  8.444253e-01  1.679963e-03  
   1.7072300  9.064310e-01  1.956021e-03  9.064463e-01  1.956139e-03  8.478208e-01  1.716097e-03  
   1.7282300  9.105852e-01  2.001419e-03  9.106009e-01  2.001542e-03  8.514647e-01  1.754953e-03  
   1.7492300  9.148361e-01  2.048011e-03  9.148518e-01  2.048136e-03  8.551908e-01  1.794789e-03  
   1.7702301  9.191859e-01  2.095845e-03  9.192019e-01  2.095976e-03  8.590018e-01  1.835647e-03  
   1.7912300  9.236379e-01  2.144982e-03  9.236541e-01  2.145118e-03  8.628997e-01  1.877571e-03  
   1.8112299  9.279751e-01  2.193042e-03  9.279916e-01  2.193182e-03  8.666950e-01  1.918537e-03  
   1.8322300  9.326339e-01  2.244893e-03  9.326509e-01  2.245038e-03  8.707694e-01  1.962688e-03  
   1.8532300  9.374037e-01  2.298231e-03  9.374204e-01  2.298382e-03  8.749380e-01  2.008060e-03  
   1.8742300  9.422874e-01  2.353130e-03  9.423046e-01  2.353285e-03  8.792033e-01  2.054711e-03  
   1.8952301  9.472879e-01  2.409664e-03  9.473056e-01  2.409824e-03  8.835683e-01  2.102702e-03  
   1.9162300  9.524095e-01  2.467917e-03  9.524276e-01  2.468083e-03  8.880350e-01  2.152101e-03  
   1.9362299  9.574023e-01  2.525075e-03  9.574203e-01  2.525245e-03  8.923866e-01  2.200524e-03  
   1.9572300  9.627693e-01  2.586947e-03  9.627879e-01  2.587123e-03  8.970612e-01  2.252888e-03  
   1.9782300  9.682686e-01  2.650826e-03  9.682873e-01  2.651007e-03  9.018471e-01  2.306896e-03  
   1.9992300  9.739025e-01  2.716825e-03  9.739218e-01  2.717011e-03  9.067473e-01  2.362641e-03  
   2.0202301  9.796774e-01  2.785073e-03  9.796970e-01  2.785265e-03  9.117653e-01  2.420230e-03  
   2.0412300  9.855964e-01  2.855709e-03  9.856165e-01  2.855906e-03  9.169050e-01  2.479776e-03  
   2.0612299  9.913719e-01  2.925345e-03  9.913927e-01  2.925547e-03  9.219158e-01  2.538426e-03  
   2.0822301  9.975872e-01  3.001110e-03  9.976078e-01  3.001317e-03  9.273040e-01  2.602186e-03  
   2.1038301  1.004147e+00  3.082068e-03  1.004168e+00  3.082283e-03  9.329855e-01  2.670262e-03  
   2.1238301  1.010376e+00  3.159965e-03  1.010398e+00  3.160187e-03  9.383762e-01  2.735719e-03  
   2.1448300  1.017085e+00  3.245025e-03  1.017107e+00  3.245255e-03  9.441759e-01  2.807154e-03  
   2.1658299  1.023970e+00  3.333689e-03  1.023993e+00  3.333929e-03  9.501231e-01  2.881581e-03  
   2.1868300  1.031040e+00  3.426250e-03  1.031064e+00  3.426500e-03  9.562240e-01  2.959253e-03  
   2.2078300  1.038302e+00  3.523021e-03  1.038326e+00  3.523284e-03  9.624837e-01  3.040442e-03  
   2.2278299  1.045403e+00  3.619425e-03  1.045428e+00  3.619701e-03  9.685988e-01  3.121315e-03  
   2.2488301  1.053061e+00  3.725470e-03  1.053086e+00  3.725760e-03  9.751866e-01  3.210280e-03  
   2.2698300  1.060934e+00  3.836864e-03  1.060959e+00  3.837172e-03  9.819515e-01  3.303747e-03  
   2.2908299  1.069031e+00  3.954075e-03  1.069057e+00  3.954399e-03  9.889012e-01  3.402118e-03  
   2.3118300  1.077362e+00  4.077602e-03  1.077389e+00  4.077945e-03  9.960424e-01  3.505828e-03  
   2.3328300  1.085936e+00  4.207985e-03  1.085963e+00  4.208349e-03  1.003384e+00  3.615350e-03  
   2.3528299  1.094338e+00  4.339073e-03  1.094366e+00  4.339459e-03  1.010568e+00  3.725535e-03  
   2.3738301  1.103418e+00  4.484597e-03  1.103447e+00  4.485006e-03  1.018323e+00  3.847947e-03  
   2.3948300  1.112776e+00  4.638873e-03  1.112806e+00  4.639307e-03  1.026303e+00  3.977851e-03  
   2.4158299  1.122423e+00  4.802657e-03  1.122454e+00  4.803119e-03  1.034518e+00  4.115934e-03  
   2.4368300  1.132375e+00  4.976780e-03  1.132406e+00  4.977271e-03  1.042980e+00  4.262954e-03  
   2.4578300  1.142645e+00  5.162152e-03  1.142677e+00  5.162674e-03  1.051699e+00  4.419750e-03  
   2.4778299  1.152738e+00  5.350082e-03  1.152771e+00  5.350634e-03  1.060253e+00  4.579025e-03  
   2.4988301  1.163679e+00  5.560451e-03  1.163713e+00  5.561040e-03  1.069511e+00  4.757723e-03  
   2.5204301  1.175322e+00  5.792107e-03  1.175356e+00  5.792737e-03  1.079344e+00  4.954994e-03  
   2.5404301  1.186473e+00  6.021799e-03  1.186509e+00  6.022468e-03  1.088744e+00  5.151090e-03  
   2.5614300  1.198588e+00  6.280383e-03  1.198625e+00  6.281100e-03  1.098935e+00  5.372391e-03  
   2.5824299  1.211144e+00  6.558818e-03  1.211182e+00  6.559584e-03  1.109474e+00  5.611213e-03  
   2.6034300  1.224170e+00  6.859600e-03  1.224210e+00  6.860423e-03  1.120382e+00  5.869634e-03  
   2.6244299  1.237698e+00  7.185773e-03  1.237738e+00  7.186662e-03  1.131680e+00  6.150097e-03  
   2.6444299  1.251079e+00  7.523548e-03  1.251121e+00  7.524501e-03  1.142828e+00  6.440400e-03  
   2.6654301  1.265691e+00  7.911421e-03  1.265734e+00  7.912449e-03  1.154963e+00  6.773010e-03  
   2.6864300  1.280917e+00  8.339561e-03  1.280962e+00  8.340674e-03  1.167570e+00  7.138444e-03  
   2.7074299  1.296811e+00  8.816398e-03  1.296858e+00  8.817608e-03  1.180681e+00  7.542273e-03  
   2.7284300  1.313426e+00  9.353221e-03  1.313475e+00  9.354545e-03  1.194334e+00  7.991605e-03  
   2.7494299  1.330825e+00  9.965275e-03  1.330876e+00  9.966735e-03  1.208570e+00  8.495566e-03  
   2.7694299  1.348190e+00  1.063703e-02  1.348242e+00  1.063864e-02  1.222712e+00  9.037138e-03  
   2.7904301  1.367332e+00  1.146255e-02  1.367386e+00  1.146437e-02  1.238224e+00  9.685211e-03  
   2.8114300  1.387495e+00  1.244840e-02  1.387552e+00  1.245049e-02  1.254471e+00  1.043422e-02  
   2.8324299  1.408779e+00  1.364537e-02  1.408838e+00  1.364780e-02  1.271517e+00  1.130998e-02  
   2.8534300  1.431294e+00  1.512128e-02  1.431356e+00  1.512417e-02  1.289433e+00  1.234597e-02  
   2.8744299  1.455159e+00  1.696546e-02  1.455225e+00  1.696897e-02  1.308295e+00  1.358528e-02  
   2.8944299  1.479259e+00  1.917015e-02  1.479328e+00  1.917443e-02  1.327217e+00  1.500505e-02  
   2.9154301  1.506128e+00  2.209759e-02  1.506201e+00  2.210294e-02  1.348178e+00  1.681446e-02  
   2.9370301  1.535569e+00  2.595503e-02  1.535647e+00  2.596186e-02  1.371007e+00  1.910751e-02  
   2.9570301  1.564571e+00  3.050460e-02  1.564652e+00  3.051321e-02  1.393385e+00  2.172430e-02  
   2.9780300  1.596920e+00  3.655810e-02  1.597007e+00  3.656912e-02  1.418262e+00  2.511456e-02  
   2.9990301  1.631277e+00  4.423432e-02  1.631369e+00  4.424838e-02  1.444651e+00  2.932659e-02  
   3.0200300  1.667662e+00  5.389877e-02  1.667758e+00  5.391663e-02  1.472638e+00  3.456024e-02  
   3.0410299  1.706033e+00  6.595786e-02  1.706134e+00  6.598042e-02  1.502292e+00  4.105296e-02  
   3.0610299  1.744316e+00  8.006868e-02  1.744422e+00  8.009660e-02  1.532125e+00  4.866008e-02  
   3.0820301  1.786138e+00  9.807676e-02  1.786250e+00  9.811129e-02  1.565127e+00  5.844561e-02  
   3.1030300  1.829322e+00  1.197946e-01  1.829438e+00  1.198367e-01  1.599803e+00  7.041924e-02  
   3.1240301  1.873453e+00  1.456417e-01  1.873575e+00  1.456926e-01  1.636044e+00  8.496347e-02  
   3.1450300  1.918009e+00  1.759800e-01  1.918133e+00  1.760404e-01  1.673666e+00  1.024801e-01  
   3.1660299  1.962367e+00  2.110859e-01  1.962493e+00  2.111567e-01  1.712393e+00  1.233765e-01  
   3.1860299  2.003786e+00  2.491034e-01  2.003914e+00  2.491845e-01  1.749963e+00  1.467788e-01  
   3.2070301  2.045681e+00  2.938617e-01  2.045808e+00  2.939539e-01  1.789681e+00  1.753677e-01  
   3.2280300  2.085171e+00  3.434554e-01  2.085298e+00  3.435585e-01  1.829113e+00  2.083549e-01  
   3.2490301  2.121495e+00  3.976013e-01  2.121618e+00  3.977149e-01  1.867601e+00  2.459379e-01  
   3.2700300  2.153946e+00  4.558554e-01  2.154064e+00  4.559788e-01  1.904418e+00  2.881914e-01  
   3.2910299  2.181918e+00  5.176319e-01  2.182029e+00  5.177634e-01  1.938794e+00  3.350474e-01  
   3.3110299  2.203960e+00  5.790991e-01  2.204063e+00  5.792376e-01  1.968551e+00  3.837418e-01  
   3.3320301  2.221978e+00  6.456524e-01  2.222072e+00  6.457958e-01  1.995949e+00  4.387631e-01  
   3.3536301  2.234896e+00  7.154069e-01  2.234980e+00  7.155542e-01  2.019322e+00  4.989303e-01  
   3.3736300  2.241827e+00  7.804080e-01  2.241901e+00  7.805568e-01  2.036098e+00  5.572010e-01  
   3.3946300  2.244115e+00  8.483489e-01  2.244176e+00  8.484976e-01  2.048288e+00  6.202159e-01  
   3.4156301  2.241654e+00  9.153137e-01  2.241703e+00  9.154615e-01  2.054715e+00  6.841874e-01  
   3.4366300  2.234929e+00  9.807519e-01  2.234964e+00  9.808977e-01  2.055372e+00  7.481332e-01  
   3.4576299  2.224496e+00  1.044254e+00  2.224519e+00  1.044397e+00  2.050471e+00  8.110802e-01  
   3.4776299  2.211651e+00  1.102688e+00  2.211661e+00  1.102828e+00  2.041018e+00  8.692637e-01  
   3.4986300  2.195654e+00  1.161768e+00  2.195650e+00  1.161906e+00  2.026647e+00  9.277265e-01  
   3.5196300  2.177597e+00  1.218499e+00  2.177578e+00  1.218635e+00  2.008460e+00  9.828517e-01  
   3.5406301  2.157923e+00  1.272949e+00  2.157890e+00  1.273084e+00  1.987313e+00  1.034174e+00  
   3.5616300  2.136971e+00  1.325238e+00  2.136925e+00  1.325373e+00  1.964112e+00  1.081438e+00  
   3.5826299  2.114988e+00  1.375508e+00  2.114927e+00  1.375643e+00  1.939753e+00  1.124606e+00  
   3.6026299  2.093235e+00  1.421626e+00  2.093159e+00  1.421763e+00  1.916241e+00  1.162063e+00  
   3.6236300  2.069615e+00  1.468296e+00  2.069526e+00  1.468435e+00  1.891914e+00  1.197881e+00  
   3.6446300  2.045241e+00  1.513215e+00  2.045139e+00  1.513358e+00  1.868518e+00  1.230574e+00  
   3.6656301  2.020138e+00  1.556379e+00  2.020025e+00  1.556524e+00  1.846446e+00  1.260709e+00  
   3.6866300  1.994353e+00  1.597731e+00  1.994229e+00  1.597879e+00  1.825911e+00  1.288885e+00  
   3.7076299  1.967976e+00  1.637183e+00  1.967842e+00  1.637334e+00  1.806955e+00  1.315681e+00  
   3.7276299  1.942447e+00  1.672898e+00  1.942308e+00  1.673049e+00  1.790278e+00  1.340385e+00  
   3.7486300  1.915438e+00  1.708360e+00  1.915294e+00  1.708513e+00  1.774027e+00  1.365855e+00  
   3.7702301  1.887771e+00  1.742607e+00  1.887623e+00  1.742760e+00  1.758402e+00  1.391839e+00  
   3.7902300  1.862620e+00  1.772313e+00  1.862470e+00  1.772466e+00  1.744690e+00  1.415840e+00  
   3.8112299  1.837136e+00  1.801535e+00  1.836987e+00  1.801687e+00  1.730889e+00  1.441011e+00  
   3.8322301  1.813081e+00  1.828952e+00  1.812935e+00  1.829103e+00  1.717596e+00  1.466089e+00  
   3.8532300  1.790956e+00  1.854901e+00  1.790814e+00  1.855052e+00  1.704817e+00  1.490963e+00  
   3.8742299  1.771230e+00  1.879859e+00  1.771093e+00  1.880010e+00  1.692684e+00  1.515521e+00  
   3.8942299  1.755047e+00  1.903264e+00  1.754916e+00  1.903416e+00  1.681952e+00  1.538551e+00  
   3.9152300  1.741074e+00  1.928161e+00  1.740951e+00  1.928316e+00  1.671866e+00  1.562375e+00  
   3.9362299  1.730351e+00  1.954220e+00  1.730236e+00  1.954380e+00  1.663368e+00  1.585975e+00  
   3.9572301  1.722854e+00  1.982374e+00  1.722748e+00  1.982541e+00  1.656851e+00  1.609643e+00  
   3.9782300  1.718352e+00  2.013602e+00  1.718253e+00  2.013777e+00  1.652657e+00  1.633834e+00  
   3.9992299  1.716378e+00  2.048890e+00  1.716286e+00  2.049078e+00  1.651033e+00  1.659162e+00  
   4.0192299  1.716205e+00  2.087140e+00  1.716119e+00  2.087339e+00  1.651969e+00  1.685028e+00  
   4.0402298  1.716915e+00  2.132984e+00  1.716832e+00  2.133199e+00  1.655480e+00  1.714849e+00  
   4.0612302  1.717398e+00  2.185333e+00  1.717317e+00  2.185565e+00  1.661279e+00  1.748316e+00  
   4.0822301  1.716312e+00  2.244671e+00  1.716229e+00  2.244920e+00  1.668819e+00  1.786378e+00  
   4.1032300  1.712173e+00  2.311234e+00  1.712084e+00  2.311500e+00  1.677292e+00  1.829952e+00  
   4.1242299  1.703410e+00  2.384971e+00  1.703312e+00  2.385255e+00  1.685637e+00  1.879853e+00  
   4.1442299  1.689313e+00  2.461545e+00  1.689201e+00  2.461843e+00  1.692276e+00  1.933856e+00  
   4.1652298  1.666990e+00  2.547979e+00  1.666861e+00  2.548290e+00  1.696428e+00  1.997771e+00  
   4.1868300  1.634510e+00  2.642346e+00  1.634358e+00  2.642668e+00  1.695959e+00  2.071369e+00  
   4.2068300  1.594651e+00  2.733519e+00  1.594475e+00  2.733846e+00  1.689587e+00  2.146435e+00  
   4.2278299  1.541674e+00  2.831772e+00  1.541468e+00  2.832102e+00  1.675016e+00  2.231868e+00  
   4.2488298  1.476540e+00  2.931000e+00  1.476302e+00  2.931327e+00  1.650676e+00  2.323128e+00  
   4.2698302  1.398769e+00  3.029437e+00  1.398497e+00  3.029757e+00  1.615002e+00  2.418860e+00  
   4.2908301  1.308187e+00  3.125218e+00  1.307878e+00  3.125526e+00  1.566689e+00  2.517327e+00  
   4.3108301  1.210119e+00  3.212242e+00  1.209775e+00  3.212535e+00  1.508047e+00  2.611767e+00  
   4.3318300  1.095163e+00  3.297392e+00  1.094782e+00  3.297664e+00  1.432705e+00  2.709405e+00  
   4.3528299  9.686222e-01  3.374349e+00  9.682039e-01  3.374600e+00  1.343222e+00  2.803054e+00  
   4.3738298  8.314615e-01  3.441349e+00  8.310079e-01  3.441576e+00  1.240094e+00  2.890203e+00  
   4.3948302  6.848931e-01  3.496736e+00  6.844070e-01  3.496938e+00  1.124357e+00  2.968418e+00  
   4.4158301  5.303700e-01  3.538998e+00  5.298542e-01  3.539175e+00  9.975715e-01  3.035462e+00  
   4.4358301  3.773189e-01  3.565827e+00  3.767789e-01  3.565980e+00  8.683842e-01  3.087188e+00  
   4.4568300  2.122056e-01  3.578825e+00  2.116447e-01  3.578954e+00  7.261500e-01  3.127326e+00  
   4.4778299  4.454953e-02  3.575421e+00  4.397362e-02  3.575527e+00  5.797361e-01  3.151962e+00  
   4.4988298  -1.235055e-01  3.555038e+00  -1.240899e-01  3.555122e+00  4.318650e-01  3.160626e+00  
   4.5198302  -2.897176e-01  3.517432e+00  -2.903035e-01  3.517497e+00  2.852344e-01  3.153397e+00  
   4.5408301  -4.517797e-01  3.462744e+00  -4.523603e-01  3.462790e+00  1.423979e-01  3.130873e+00  
   4.5608301  -6.001711e-01  3.395276e+00  -6.007399e-01  3.395306e+00  1.197474e-02  3.096171e+00  
   4.5818300  -7.475978e-01  3.309212e+00  -7.481473e-01  3.309225e+00  -1.172218e-01  3.047189e+00  
   4.6034298  -8.881363e-01  3.205871e+00  -8.886598e-01  3.205867e+00  -2.402557e-01  2.985174e+00  
   4.6234298  -1.006518e+00  3.098470e+00  -1.007012e+00  3.098453e+00  -3.442493e-01  2.918998e+00  
   4.6444302  -1.117205e+00  2.975667e+00  -1.117664e+00  2.975634e+00  -4.425344e-01  2.842348e+00  
   4.6654301  -1.212851e+00  2.844986e+00  -1.213272e+00  2.844939e+00  -5.293882e-01  2.760272e+00  
   4.6864300  -1.292799e+00  2.709040e+00  -1.293181e+00  2.708981e+00  -6.049016e-01  2.674616e+00  
   4.7074299  -1.356874e+00  2.570510e+00  -1.357216e+00  2.570439e+00  -6.694488e-01  2.587083e+00  
   4.7274299  -1.403417e+00  2.438573e+00  -1.403722e+00  2.438490e+00  -7.212675e-01  2.503362e+00  
   4.7484298  -1.437796e+00  2.302388e+00  -1.438063e+00  2.302295e+00  -7.662522e-01  2.416342e+00  
   4.7694302  -1.458441e+00  2.170746e+00  -1.458673e+00  2.170644e+00  -8.024077e-01  2.331316e+00  
   4.7904301  -1.466778e+00  2.045472e+00  -1.466977e+00  2.045360e+00  -8.306164e-01  2.249184e+00  
   4.8114300  -1.464436e+00  1.927975e+00  -1.464606e+00  1.927855e+00  -8.517728e-01  2.170642e+00  
   4.8324299  -1.453150e+00  1.819249e+00  -1.453294e+00  1.819120e+00  -8.667523e-01  2.096208e+00  
   4.8524299  -1.435677e+00  1.724392e+00  -1.435799e+00  1.724256e+00  -8.760406e-01  2.029464e+00  
   4.8734298  -1.411872e+00  1.634134e+00  -1.411974e+00  1.633991e+00  -8.813200e-01  1.963939e+00  
   4.8944302  -1.383986e+00  1.553357e+00  -1.384068e+00  1.553206e+00  -8.827308e-01  1.903170e+00  
   4.9154301  -1.353378e+00  1.481726e+00  -1.353444e+00  1.481568e+00  -8.809341e-01  1.847147e+00  
   4.9364300  -1.321209e+00  1.418716e+00  -1.321259e+00  1.418551e+00  -8.765240e-01  1.795770e+00  
   4.9574299  -1.288435e+00  1.363677e+00  -1.288471e+00  1.363505e+00  -8.700284e-01  1.748870e+00  
   4.9774299  -1.257357e+00  1.318012e+00  -1.257379e+00  1.317833e+00  -8.623276e-01  1.708167e+00  
   4.9984298  -1.225427e+00  1.276438e+00  -1.225436e+00  1.276253e+00  -8.530375e-01  1.669344e+00  
