00.01    5.72764510054148e-06    3.77950674427247e-13
00.02    7.71077040164567e-06    5.07199745611097e-13
00.03    1.20205887418992e-05    7.87312342043443e-13
00.04    1.93490012695506e-05    1.26157409340405e-12
00.05    3.07458322585545e-05    1.99505535401600e-12
00.06    4.76335634086997e-05    3.07479503307337e-12
00.07    7.18280219786888e-05    4.61009617418842e-12
00.08    1.05566392548532e-04    6.73300642968580e-12
00.09    1.51544324646715e-04    9.59907761981106e-12
00.10    2.12964051819400e-04    1.33885013888909e-11
00.11    2.93595426670668e-04    1.83077119840582e-11
00.12    3.97851799864302e-04    2.45915431858977e-11
00.13    5.30882941707286e-04    3.25060442975543e-11
00.14    6.98687848374260e-04    4.23521070464521e-11
00.15    9.08251279197189e-04    5.44701301659340e-11
00.16    1.16770921978368e-03    6.92460672563772e-11
00.17    1.48655019748467e-03    8.71193572979149e-11
00.18    1.87586154091345e-03    1.08593466077240e-10
00.19    2.34863252959349e-03    1.34250094293867e-10
00.20    2.92013024524162e-03    1.64768608513460e-10
00.21    3.60836935669529e-03    2.00953028067668e-10
00.22    4.43470488502989e-03    2.43770147277596e-10
00.23    5.42458850859166e-03    2.94404434323581e-10
00.24    6.60854629276725e-03    3.54338897823972e-10
00.25    8.02346238267383e-03    4.25477478948410e-10
00.26    9.71429461071428e-03    5.10336411891384e-10
00.27    1.17364118983119e-02    6.12354815606684e-10
00.28    1.41588400640332e-02    7.36419219000626e-10
00.29    1.70688410033141e-02    8.89783332910758e-10
00.30    2.05784326139781e-02    1.08373341979186e-09
00.31    2.48336621126367e-02    1.33668427077426e-09
00.32    3.00276065864177e-02    1.68006440554568e-09
00.33    3.64180523497002e-02    2.16968380567707e-09
00.34    4.43503647419603e-02    2.90775878679526e-09
00.35    5.42849219978433e-02    4.08500562481992e-09
00.36    6.68264093835465e-02    6.05899068057957e-09
00.37    8.27492650082767e-02    9.49524975733065e-09
00.38    1.03010104074790e-01    1.56115815521296e-08
00.39    1.28735125446604e-01    2.65786653184447e-08
00.40    1.61169993840807e-01    4.61284303632491e-08
00.41    2.01583276329085e-01    8.03867897796395e-08
00.42    2.51123330138436e-01    1.38869818022533e-07
00.43    3.10642121332992e-01    2.35480445462704e-07
00.44    3.80515079162670e-01    3.89270838349788e-07
00.45    4.60498798197577e-01    6.24766304196244e-07
00.46    5.49672046629288e-01    9.71811749076657e-07
00.47    6.46495057977715e-01    1.46511109336938e-06
00.48    7.48996525234393e-01    2.14364408357382e-06
00.49    8.55062774172173e-01    3.04970881017789e-06
00.50    9.62771775358996e-01    4.22648038746069e-06
00.51    1.07070135594774e+00    5.71226288608642e-06
00.52    1.17815672954553e+00    7.53000506942665e-06
00.53    1.28530481730620e+00    9.67281814179579e-06
00.54    1.39325297205638e+00    1.20896722219127e-05
00.55    1.50413821849270e+00    1.46782223859383e-05
00.56    1.62127394606951e+00    1.72914011092838e-05
00.57    1.74932819153778e+00    1.97598917152042e-05
00.58    1.89440476430712e+00    2.19253865160022e-05
00.59    2.06381479024679e+00    2.36733812022327e-05
00.60    2.26531826896154e+00    2.49529315532131e-05
00.61    2.50572104165057e+00    2.57755649892654e-05
00.62    2.78892779062827e+00    2.61942151399916e-05
00.63    3.11381881104521e+00    2.62713516022363e-05
00.64    3.47253623335181e+00    2.60496020749254e-05
00.65    3.84982308145794e+00    2.55366867170153e-05
00.66    4.22388478008307e+00    2.47105335718167e-05
00.67    4.56885246490033e+00    2.35425671128789e-05
00.68    4.85843743028840e+00    2.20301033468645e-05
00.69    5.06995945813344e+00    2.02248617247565e-05
00.70    5.18777913007092e+00    1.82453897521521e-05
00.71    5.20533780879332e+00    1.62669367951715e-05
00.72    5.12544120969436e+00    1.44912201685327e-05
00.73    4.95893689593271e+00    1.31068653689956e-05
00.74    4.72233458543580e+00    1.22549540832960e-05
00.75    4.43507425531132e+00    1.20109929439818e-05
00.76    4.11705219024566e+00    1.23862385594658e-05
00.77    3.78676107122432e+00    1.33421341172263e-05
00.78    3.46011803404035e+00    1.48064170928380e-05
00.79    3.14985133675585e+00    1.66806460722276e-05
00.80    2.86523922512995e+00    1.88354453767847e-05
00.81    2.61203061331491e+00    2.10982343828964e-05
00.82    2.39247460365757e+00    2.32446415984407e-05
00.83    2.20548341570169e+00    2.50062836447435e-05
00.84    2.04700460519891e+00    2.61030283123946e-05
00.85    1.91066606812294e+00    2.62983749064534e-05
00.86    1.78869345656039e+00    2.54655363573829e-05
00.87    1.67301600682532e+00    2.36440160787853e-05
00.88    1.55640793398441e+00    2.10661753078750e-05
00.89    1.43348227872079e+00    1.81415723869731e-05
00.90    1.30136972299184e+00    1.54004226020169e-05
00.91    1.15997005607273e+00    1.34101953065420e-05
00.92    1.01174428985978e+00    1.26857141646505e-05
00.93    8.61103268836984e-01    1.36117430250692e-05
00.94    7.13525447004719e-01    1.63908733035400e-05
00.95    5.74584815516678e-01    2.10231323074977e-05
00.96    4.49077173785859e-01    2.73196963809997e-05
00.97    3.40396350496907e-01    3.49505273421038e-05
00.98    2.50241933987142e-01    4.35218192643230e-05
00.99    1.78657631714523e-01    5.26721637830020e-05
01.00    1.24328704027372e-01    6.21679117202645e-05
01.01    8.50261302236505e-02    7.19727511641731e-05
01.02    5.80801974281492e-02    8.22686955735586e-05
01.03    4.07906869449257e-02    9.34173146302102e-05
01.04    3.07208474569764e-02    1.05868518775497e-04
01.05    2.58628945746403e-02    1.20043067016756e-04
01.06    2.46929045458457e-02    1.36226575179107e-04
01.07    2.61479718660650e-02    1.54511772272001e-04
01.08    2.95595579558011e-02    1.74811502367898e-04
01.09    3.45691101944623e-02    1.96942098433677e-04
01.10    4.10415158888257e-02    2.20752965373454e-04
01.11    4.89836514679308e-02    2.46260861433555e-04
01.12    5.84713589945277e-02    2.73740757787609e-04
01.13    6.95878553931318e-02    3.03730100076219e-04
01.14    8.23772652380068e-02    3.36918808898682e-04
01.15    9.68161475944020e-02    3.73922381914267e-04
01.16    1.12802721173662e-01    4.14968585591712e-04
01.17    1.30159115603454e-01    4.59564917942913e-04
01.18    1.48638745794598e-01    5.06243899061769e-04
01.19    1.67930943924574e-01    5.52490884359131e-04
01.20    1.87658819412566e-01    5.94930511707126e-04
01.21    2.07372523478280e-01    6.29780673438605e-04
01.22    2.26545996570125e-01    6.53493772447738e-04
01.23    2.44588216310063e-01    6.63427806860001e-04
01.24    2.60878432894251e-01    6.58361311549589e-04
01.25    2.74829163517746e-01    6.38705916903444e-04
01.26    2.85972672029287e-01    6.06366700268423e-04
01.27    2.94058755418438e-01    5.64313854198545e-04
01.28    2.99145860036299e-01    5.16011465993775e-04
01.29    3.01664769617596e-01    4.64869297794986e-04
01.30    3.02434484249244e-01    4.13841951466744e-04
01.31    3.02613682349172e-01    3.65224858775157e-04
01.32    3.03579131036366e-01    3.20625467319620e-04
01.33    3.06735245227449e-01    2.81047279003169e-04
01.34    3.13275610504765e-01    2.47019748195609e-04
01.35    3.23933849994209e-01    2.18726511312555e-04
01.36    3.38772037243276e-01    1.96109496832220e-04
01.37    3.57054976259387e-01    1.78943248628256e-04
01.38    3.77246473965927e-01    1.66878610865184e-04
01.39    3.97141789159211e-01    1.59453158441799e-04
01.40    4.14124254189998e-01    1.56066305228646e-04
01.41    4.25509947831345e-01    1.55926063209324e-04
01.42    4.28927748355870e-01    1.57991393421848e-04
01.43    4.22676674107381e-01    1.60950841943266e-04
01.44    4.06008614886945e-01    1.63282228128343e-04
01.45    3.79298883380579e-01    1.63419618852851e-04
01.46    3.44082911472771e-01    1.60013099851296e-04
01.47    3.02948917247063e-01    1.52218559454193e-04
01.48    2.59283295679680e-01    1.39923147538586e-04
01.49    2.16875583330721e-01    1.23818385660133e-04
01.50    1.79413368344525e-01    1.05280526619538e-04
01.51    1.49936239935529e-01    8.60871161483342e-05
01.52    1.30357098895899e-01    6.80568951445465e-05
01.53    1.21172097207693e-01    5.27203326425726e-05
01.54    1.21446342525364e-01    4.11047526416137e-05
01.55    1.29085883866474e-01    3.36679422060961e-05
01.56    1.41320834303036e-01    3.03632897518974e-05
01.57    1.55273507057220e-01    3.07874280663023e-05
01.58    1.68494079665584e-01    3.43534200128817e-05
01.59    1.79403044531801e-01    4.04428177650052e-05
01.60    1.87644414961914e-01    4.85089208789972e-05
01.61    1.94384756478282e-01    5.81238147848761e-05
01.62    2.02573186355264e-01    6.89795578425597e-05
01.63    2.17120861288774e-01    8.08676980903980e-05
01.64    2.44899663243014e-01    9.36690334470735e-05
01.65    2.94434108428979e-01    1.07382703471921e-04
01.66    3.75189459186150e-01    1.22205295492458e-04
01.67    4.96445166267546e-01    1.38636152084582e-04
01.68    6.65868868395723e-01    1.57543408048349e-04
01.69    8.88036504592058e-01    1.80096505494496e-04
01.70    1.16323095562927e+00    2.07481781771240e-04
01.71    1.48684990762190e+00    2.40387831791588e-04
01.72    1.84964148783466e+00    2.78369001712087e-04
01.73    2.23878278793534e+00    3.19320561996511e-04
01.74    2.63958352026920e+00    3.59351642742047e-04
01.75    3.03741786927899e+00    3.93259502109668e-04
01.76    3.41942985409782e+00    4.15593541155729e-04
01.77    3.77564070319881e+00    4.22037284844316e-04
01.78    4.09927389032839e+00    4.10665735255099e-04
01.79    4.38633245962246e+00    3.82653001673720e-04
01.80    4.63464399014287e+00    3.42205886902557e-04
01.81    4.84269066272380e+00    2.95776176778366e-04
01.82    5.00855999826365e+00    2.50822979666480e-04
01.83    5.12930076178601e+00    2.14479668938668e-04
01.84    5.20086660017060e+00    1.92437594473438e-04
01.85    5.21869406089980e+00    1.88248481809410e-04
01.86    5.17881204292221e+00    2.03119007575376e-04
01.87    5.07924323627507e+00    2.36146622646007e-04
01.88    4.92136411763890e+00    2.84840396174241e-04
01.89    4.71086251927663e+00    3.45712325570282e-04
01.90    4.45798396640858e+00    4.14743182509457e-04
01.91    4.17689058706274e+00    4.87624767744118e-04
01.92    3.88415397203936e+00    5.59816404749766e-04
01.93    3.59662756910910e+00    6.26560638979181e-04
01.94    3.32913251326202e+00    6.83026731478166e-04
01.95    3.09247297579452e+00    7.24679624000726e-04
01.96    2.89222783723509e+00    7.47844039501938e-04
01.97    2.72855541547749e+00    7.50312495674216e-04
01.98    2.59696981938912e+00    7.31790597819202e-04
01.99    2.48980521593001e+00    6.94008611292714e-04
02.00    2.39796119667947e+00    6.40437864983137e-04
02.01    2.31254148422281e+00    5.75684255474926e-04
02.02    2.22611949807281e+00    5.04731551703617e-04
02.03    2.13351630817086e+00    4.32236349439420e-04
02.04    2.03209784565932e+00    3.62031262719525e-04
02.05    1.92166277600909e+00    2.96901724599506e-04
02.06    1.80401004388266e+00    2.38607119332719e-04
02.07    1.68227421737677e+00    1.88054880632252e-04
02.08    1.56012351093162e+00    1.45522341150840e-04
02.09    1.44093836316666e+00    1.10848466960900e-04
02.10    1.32711537082129e+00    8.35642712533148e-05
02.11    1.21964669151047e+00    6.29726493619790e-05
02.12    1.11808608811911e+00    4.82100794401554e-05
02.13    1.02092609322503e+00    3.83211395327443e-05
02.14    9.26298212607511e-01    3.23591191684607e-05
02.15    8.32808017085666e-01    2.95030816553389e-05
02.16    7.40266878719704e-01    2.91635758611667e-05
02.17    6.50102093864905e-01    3.10427285153201e-05
02.18    5.65312694204194e-01    3.51228378648974e-05
02.19    4.89963278866604e-01    4.15792532768571e-05
02.20    4.28334874888459e-01    5.06409383898688e-05
02.21    3.83943244232769e-01    6.24439561765811e-05
02.22    3.58666930105055e-01    7.69281599993102e-05
02.23    3.52194732074560e-01    9.38116141123500e-05
02.24    3.61919208255491e-01    1.12646768321421e-04
02.25    3.83295183413277e-01    1.32930432387684e-04
02.26    4.10578729363695e-01    1.54219500116271e-04
02.27    4.37785877474176e-01    1.76203014500513e-04
02.28    4.59674721633667e-01    1.98696889274111e-04
02.29    4.72562213256631e-01    2.21553273698985e-04
02.30    4.74831539399567e-01    2.44504370433557e-04
02.31    4.67054806383934e-01    2.66984833336129e-04
02.32    4.51732914593807e-01    2.87993482905790e-04
02.33    4.32724391729826e-01    3.06058834480710e-04
02.34    4.14485554845659e-01    3.19357372931446e-04
02.35    4.01268776288606e-01    3.25994948418797e-04
02.36    3.96421678427895e-01    3.24405842301195e-04
02.37    4.01899806262612e-01    3.13769354490777e-04
02.38    4.18055126775826e-01    2.94315859057260e-04
02.39    4.43703527875713e-01    2.67412696217904e-04
02.40    4.76420295814367e-01    2.35384844840700e-04
02.41    5.12977115303718e-01    2.01112534396999e-04
02.42    5.49825866547179e-01    1.67521323504288e-04
02.43    5.83551691891832e-01    1.37109052737061e-04
02.44    6.11248197908799e-01    1.11629205425593e-04
02.45    6.30793968549901e-01    9.19865674058323e-05
02.46    6.41019425042046e-01    7.83278766029371e-05
02.47    6.41747729444034e-01    7.02556282595430e-05
02.48    6.33688500692800e-01    6.70731757979106e-05
02.49    6.18178384626527e-01    6.79837797654964e-05
02.50    5.96805794634905e-01    7.22030435848240e-05
02.51    5.71013419807604e-01    7.89854807335982e-05
02.52    5.41808297771667e-01    8.75957940249517e-05
02.53    5.09694060327851e-01    9.72654751685463e-05
02.54    4.74866131057421e-01    1.07167337626365e-04
02.55    4.37603686627496e-01    1.16424034542147e-04
02.56    3.98699029776378e-01    1.24152014579998e-04
02.57    3.59730378454691e-01    1.29534752515265e-04
02.58    3.23028504343898e-01    1.31916105477062e-04
02.59    2.91298138819301e-01    1.30900646844610e-04
02.60    2.66990472865277e-01    1.26440400453552e-04
02.61    2.51630121643015e-01    1.18880694878028e-04
02.62    2.45333621334188e-01    1.08939750521175e-04
02.63    2.46698903388926e-01    9.76117780319731e-05
02.64    2.53115397580111e-01    8.60081195876681e-05
02.65    2.61393709434972e-01    7.51741888669581e-05
02.66    2.68504614277017e-01    6.59297219073468e-05
02.67    2.72193903021687e-01    5.87709011138229e-05
02.68    2.71306684133721e-01    5.38498477795382e-05
02.69    2.65775465546433e-01    5.10211405573788e-05
02.70    2.56344380452438e-01    4.99277091324453e-05
02.71    2.44170744715861e-01    5.00950688295671e-05
02.72    2.30448303170926e-01    5.10113373632009e-05
02.73    2.16148969807355e-01    5.21839617941092e-05
02.74    2.01913468909666e-01    5.31754078898373e-05
02.75    1.88066151323942e-01    5.36252125839877e-05
02.76    1.74701438208632e-01    5.32649062574867e-05
02.77    1.61788920717545e-01    5.19283456509154e-05
02.78    1.49260973810466e-01    4.95564424987683e-05
02.79    1.37068304782641e-01    4.61942170756740e-05
02.80    1.25205753262198e-01    4.19795430300339e-05
02.81    1.13718684811701e-01    3.71253356235617e-05
02.82    1.02700050710259e-01    3.18984352393512e-05
02.83    9.22832218682526e-02    2.65981274279107e-05
02.84    8.26303854581319e-02    2.15355461227539e-05
02.85    7.39138474845442e-02    1.70134405414440e-05
02.86    6.62890881798468e-02    1.33051991543626e-05
02.87    5.98626975617269e-02    1.06330175700646e-05
02.88    5.46627546318714e-02    9.14703219577490e-06
02.89    5.06210789268420e-02    8.90887565095289e-06
02.90    4.75746551397656e-02    9.88336014730319e-06
02.91    4.52880083186182e-02    1.19405574348812e-05
02.92    4.34916696579615e-02    1.48680496758346e-05
02.93    4.19269216601010e-02    1.83907717678378e-05
02.94    4.03857096527488e-02    2.21947576583731e-05
02.95    3.87371853614477e-02    2.59516498320806e-05
02.96    3.69373224788128e-02    2.93425051762890e-05
02.97    3.50230941087484e-02    3.20810325110048e-05
02.98    3.30958663956708e-02    3.39367254341532e-05
02.99    3.12992466003995e-02    3.47569686562242e-05
03.00    2.97953357412189e-02    3.44848368060104e-05
03.01    2.87416481714964e-02    3.31675924933677e-05
03.02    2.82701334574216e-02    3.09513538898266e-05
03.03    2.84700890137978e-02    2.80604073538022e-05
03.04    2.93776061249659e-02    2.47640182311601e-05
03.05    3.09744114695206e-02    2.13373229147492e-05
03.06    3.31977284540335e-02    1.80243782726947e-05
03.07    3.59601186687366e-02    1.50104268054931e-05
03.08    3.91750668680635e-02    1.24078009664544e-05
03.09    4.27816592267397e-02    1.02568025979967e-05
03.10    4.67611841290858e-02    8.54001657715055e-06
03.11    5.11402886027365e-02    7.20597482601231e-06
03.12    5.59790263361341e-02    6.19599501193700e-06
03.13    6.13466061402331e-02    5.46692426409652e-06
03.14    6.72914401706826e-02    5.00322646299262e-06
03.15    7.38139096992823e-02    4.81476172886532e-06
03.16    8.08494269774887e-02    4.92114851440094e-06
03.17    8.82660696525696e-02    5.32827923288166e-06
03.18    9.58763721597144e-02    6.00561010178404e-06
03.19    1.03458401267764e-01    6.87302497259315e-06
03.20    1.10778650870799e-01    7.80319700620111e-06
03.21    1.17609607008023e-01    8.64039273253720e-06
03.22    1.23738047637219e-01    9.23134951679190e-06
03.23    1.28965062735185e-01    9.46015325632512e-06
03.24    1.33103389171437e-01    9.27824252957446e-06
03.25    1.35979897745217e-01    8.72276970209676e-06
03.26    1.37449788209339e-01    7.92024754998615e-06
03.27    1.37424551171626e-01    7.07585415336458e-06
03.28    1.35909684134913e-01    6.45073690895203e-06
03.29    1.33042716228802e-01    6.33027600836884e-06
03.30    1.29119196874952e-01    6.98671076446735e-06
03.31    1.24594919098483e-01    8.64084703752432e-06
03.32    1.20056696372773e-01    1.14295384599976e-05
03.33    1.16160523514335e-01    1.53866603310336e-05
03.34    1.13543382316577e-01    2.04434963739163e-05
03.35    1.12721541578358e-01    2.64492879584843e-05
03.36    1.13992356358000e-01    3.32057733328459e-05
03.37    1.17357346853940e-01    4.05040259540993e-05
03.38    1.22481806571402e-01    4.81507040551549e-05
03.39    1.28701360171114e-01    5.59749028056581e-05
03.40    1.35079999117235e-01    6.38146184874322e-05
03.41    1.40517756898634e-01    7.14903092757792e-05
03.42    1.43898968412440e-01    7.87790911316061e-05
03.43    1.44263401878014e-01    8.54046748858437e-05
03.44    1.40973187644684e-01    9.10543391101371e-05
03.45    1.33841544998066e-01    9.54253334763950e-05
03.46    1.23189707208624e-01    9.82910918991616e-05
03.47    1.09810010347204e-01    9.95666462008551e-05
03.48    9.48352841985552e-02    9.93480866834780e-05
03.49    7.95410883105256e-02    9.79066870303087e-05
03.50    6.51279530327972e-02    9.56335462311554e-05
03.51    5.25368811264675e-02    9.29490215410688e-05
03.52    4.23401429106488e-02    9.02042833053425e-05
03.53    3.47253710009058e-02    8.76043142978289e-05
03.54    2.95633923035257e-02    8.51729419720737e-05
03.55    2.65285963631563e-02    8.27662780281353e-05
03.56    2.52309140660287e-02    8.01273065804487e-05
03.57    2.53218657137292e-02    7.69648384568711e-05
03.58    2.65508430939012e-02    7.30354674796801e-05
03.59    2.87666408515192e-02    6.82076506614307e-05
03.60    3.18771541611511e-02    6.24931211997034e-05
03.61    3.57915063982730e-02    5.60421413223461e-05
03.62    4.03702166721568e-02    4.91122048009142e-05
03.63    4.54006595393704e-02    4.20285182702963e-05
03.64    5.06013669145398e-02    3.51535714279164e-05
03.65    5.56463464842497e-02    2.88722785208559e-05
03.66    6.01952201767658e-02    2.35849905957549e-05
03.67    6.39182538274030e-02    1.96924176703273e-05
03.68    6.65140193789130e-02    1.75599802797257e-05
03.69    6.77254630521924e-02    1.74624534611403e-05
03.70    6.73623891425774e-02    1.95243867171418e-05
03.71    6.53335252126942e-02    2.36780147771309e-05
03.72    6.16825354420640e-02    2.96539828729501e-05
03.73    5.66150550722866e-02    3.70054138780203e-05
03.74    5.05025729052450e-02    4.51526302528189e-05
03.75    4.38549290370634e-02    5.34330662678399e-05
03.76    3.72636215267491e-02    6.11496755631753e-05
03.77    3.13281359962808e-02    6.76234357176940e-05
03.78    2.65826609616939e-02    7.22598618940498e-05
03.79    2.34389299190916e-02    7.46299209973645e-05
03.80    2.21538617465305e-02    7.45478296135939e-05
03.81    2.28217294453297e-02    7.21155493111030e-05
03.82    2.53837096905045e-02    6.77079942378170e-05
03.83    2.96453632104902e-02    6.18943610976979e-05
03.84    3.52950604059843e-02    5.53177923153544e-05
03.85    4.19216867444488e-02    4.85722438815636e-05
03.86    4.90351785496343e-02    4.21133197261349e-05
03.87    5.60958697657673e-02    3.62220858497816e-05
03.88    6.25569482064332e-02    3.10186992910738e-05
03.89    6.79190623571160e-02    2.65072196184943e-05
03.90    7.17894542128573e-02    2.26290949634789e-05
03.91    7.39328605915497e-02    1.93083920748420e-05
03.92    7.43003488696321e-02    1.64811936994729e-05
03.93    7.30262542469995e-02    1.41096130254761e-05
03.94    7.03914674771700e-02    1.21850924389993e-05
03.95    6.67607934873570e-02    1.07259775723267e-05
03.96    6.25096318462502e-02    9.77203388959447e-06
03.97    5.79581703191951e-02    9.37549352600803e-06
03.98    5.33286598196508e-02    9.58655993752363e-06
03.99    4.87341269417247e-02    1.04327145457848e-05
04.00    4.41975223317864e-02    1.18954924671494e-05
04.01    3.96917897585960e-02    1.38929350815267e-05
04.02    3.51862332805519e-02    1.62767236229621e-05
04.03    3.06842449219911e-02    1.88478456607926e-05
04.04    2.62417589975343e-02    2.13857038495060e-05
04.05    2.19630605812982e-02    2.36787604621220e-05
04.06    1.79781975935576e-02    2.55454925404771e-05
04.07    1.44116247624495e-02    2.68426192338753e-05
04.08    1.13532256713071e-02    2.74671189719797e-05
04.09    8.84047263229410e-03    2.73618785033968e-05
04.10    6.85558902365331e-03    2.65292463827938e-05
04.11    5.33626522748984e-03    2.50469397635434e-05
04.12    4.19461246436113e-03    2.30746995058393e-05
04.13    3.33761383487660e-03    2.08425679924607e-05
04.14    2.68332076936190e-03    1.86206866081372e-05
04.15    2.16963045402422e-03    1.66796061395917e-05
04.16    1.75548479722421e-03    1.52536992940979e-05
04.17    1.41667395449838e-03    1.45173432355567e-05
04.18    1.13947455430830e-03    1.45771463830844e-05
04.19    9.15059374278398e-04    1.54775479434207e-05
04.20    7.36422875931350e-04    1.72137171271511e-05
04.21    5.98126615060268e-04    1.97447312564231e-05
04.22    4.98034849775093e-04    2.30006534547385e-05
04.23    4.39655927828645e-04    2.68790978226476e-05
04.24    4.33710448647785e-04    3.12305958494870e-05
04.25    4.97916934851040e-04    3.58376563368599e-05
04.26    6.54491146834241e-04    4.03984884483300e-05
04.27    9.25346052706906e-04    4.45299739716376e-05
04.28    1.32543184474374e-03    4.78022671552330e-05
04.29    1.85515482633141e-03    4.98077999352511e-05
04.30    2.49346192404284e-03    5.02526825847946e-05
04.31    3.19392267055112e-03    4.90446017342336e-05
04.32    3.88662222882902e-03    4.63456929610773e-05
04.33    4.48826452002833e-03    4.25659417611028e-05
04.34    4.92101760952753e-03    3.82908931765370e-05
04.35    5.13739149425047e-03    3.41596841381313e-05
04.36    5.14490849867161e-03    3.07266446983621e-05
04.37    5.02233812202555e-03    2.83455312644476e-05
04.38    4.92040386578634e-03    2.71084564507478e-05
04.39    5.04430679846058e-03    2.68549942141533e-05
04.40    5.62147553227492e-03    2.72467136278688e-05
04.41    6.86288504585557e-03    2.78851598773414e-05
04.42    8.92783077579571e-03    2.84423700333612e-05
04.43    1.18997774948487e-02    2.87741903068660e-05
04.44    1.57763626220891e-02    2.89949526364194e-05
04.45    2.04722291946866e-02    2.95013076848667e-05
04.46    2.58309006728141e-02    3.09385867786992e-05
04.47    3.16417740168640e-02    3.41062580213892e-05
04.48    3.76596386507605e-02    3.98062848919989e-05
04.49    4.36256441559986e-02    4.86544445987776e-05
04.50    4.92894140250065e-02    6.08961245155309e-05
04.51    5.44317859487633e-02    7.62817334857923e-05
04.52    5.88867502288474e-02    9.40489226657999e-05
04.53    6.25600896503878e-02    1.13026554280139e-04
04.54    6.54415286445939e-02    1.31831792182639e-04
04.55    6.76072811765304e-02    1.49098727956707e-04
04.56    6.92109699974100e-02    1.63671567656659e-04
04.57    7.04629328379862e-02    1.74718929419426e-04
04.58    7.16005616673021e-02    1.81763800284433e-04
04.59    7.28548259045259e-02    1.84655555689159e-04
04.60    7.44196085472384e-02    1.83521455681433e-04
04.61    7.64301631712497e-02    1.78723494178275e-04
04.62    7.89546196545089e-02    1.70822950420619e-04
04.63    8.19985369099863e-02    1.60535624253233e-04
04.64    8.55182650994264e-02    1.48658397462267e-04
04.65    8.94359443535376e-02    1.35964807356375e-04
04.66    9.36486840664441e-02    1.23093581578611e-04
04.67    9.80273129534884e-02    1.10472101835981e-04
04.68    1.02405307872711e-01    9.83122963548071e-05
04.69    1.06564217958708e-01    8.66881866186162e-05
04.70    1.10225748084064e-01    7.56659205832026e-05
04.71    1.13060777792906e-01    6.54295894764100e-05
04.72    1.14721423075739e-01    5.63449450633261e-05
04.73    1.14894934153908e-01    4.89291353314064e-05
04.74    1.13370185737548e-01    4.37342647080501e-05
04.75    1.10101530015208e-01    4.11870007811091e-05
04.76    1.05252890454824e-01    4.14417285031589e-05
04.77    9.92078202985119e-02    4.42975981378555e-05
04.78    9.25380387109429e-02    4.92060180413576e-05
04.79    8.59319547353334e-02    5.53645926503431e-05
04.80    8.00938696091907e-02    6.18662314351435e-05
04.81    7.56319909333915e-02    6.78566892818370e-05
04.82    7.29574133843643e-02    7.26556634823943e-05
04.83    7.22154969634357e-02    7.58154766481362e-05
04.84    7.32650703851136e-02    7.71192033322308e-05
04.85    7.57104777722373e-02    7.65431963438804e-05
04.86    7.89792574957967e-02    7.42153699755849e-05
04.87    8.24279294659791e-02    7.03880554051546e-05
04.88    8.54534022255871e-02    6.54226002769834e-05
04.89    8.75893157083148e-02    5.97677329394830e-05
04.90    8.85737285818860e-02    5.39153793530578e-05
04.91    8.83832106595345e-02    4.83339213186720e-05
04.92    8.72347281599185e-02    4.33973057405580e-05
04.93    8.55589553152978e-02    3.93357319024666e-05
04.94    8.39481424863688e-02    3.62252238577643e-05
04.95    8.30816722606691e-02    3.40154085073860e-05
04.96    8.36355136293165e-02    3.25787335751739e-05
04.97    8.61876241992562e-02    3.17588533347853e-05
04.98    9.11366113225380e-02    3.14021402890746e-05
04.99    9.86514592974253e-02    3.13687831683171e-05
05.00    1.08663718338997e-01    3.15311151927097e-05
05.01    1.20901797042524e-01    3.17714203310598e-05
05.02    1.34954432001993e-01    3.19885745905311e-05
05.03    1.50342218346480e-01    3.21153271896635e-05
05.04    1.66575678257243e-01    3.21403253145332e-05
05.05    1.83186074915299e-01    3.21250563679450e-05
05.06    1.99728281808314e-01    3.22073705167157e-05
05.07    2.15768487954665e-01    3.25889027701933e-05
05.08    2.30877660288496e-01    3.35101287362706e-05
05.09    2.44650218959977e-01    3.52202959377615e-05
05.10    2.56755630368031e-01    3.79482308843371e-05
05.11    2.67012603012694e-01    4.18750156099541e-05
05.12    2.75458982165224e-01    4.71040685318500e-05
05.13    2.82383485449211e-01    5.36223223093835e-05
05.14    2.88292818890282e-01    6.12508566299077e-05
05.15    2.93808038393437e-01    6.95944045279984e-05
05.16    2.99509930585878e-01    7.80123118044184e-05
05.17    3.05774516141962e-01    8.56408645392555e-05
05.18    3.12647940944502e-01    9.14901894022454e-05
05.19    3.19801526274974e-01    9.46152356435379e-05
05.20    3.26585380059860e-01    9.43266073045009e-05
05.21    3.32170343363485e-01    9.03792578921016e-05
05.22    3.35742496992240e-01    8.30724051340163e-05
05.23    3.36699726440059e-01    7.32194103745898e-05
05.24    3.34799790858758e-01    6.19921534821782e-05
05.25    3.30223232207209e-01    5.06887907641114e-05
05.26    3.23537698838046e-01    4.04957529916888e-05
05.27    3.15576052565936e-01    3.23067587248468e-05
05.28    3.07261889751446e-01    2.66320508509981e-05
05.29    2.99427306984039e-01    2.35971941949358e-05
05.30    2.92666245077099e-01    2.30071203447605e-05
05.31    2.87253570658759e-01    2.44428263208801e-05
05.32    2.83139654831806e-01    2.73619144410513e-05
05.33    2.80009259447391e-01    3.11835587724280e-05
05.34    2.77378784871015e-01    3.53485804958021e-05
05.35    2.74701750837409e-01    3.93539844408136e-05
05.36    2.71459009815584e-01    4.27679308583747e-05
05.37    2.67223531311672e-01    4.52350871321277e-05
05.38    2.61702990617957e-01    4.64828738995132e-05
05.39    2.54770639956946e-01    4.63361313954017e-05
05.40    2.46493183875428e-01    4.47420260870226e-05
05.41    2.37155402715716e-01    4.18000309103925e-05
05.42    2.27270503470899e-01    3.77851242972089e-05
05.43    2.17558987154059e-01    3.31479171445544e-05
05.44    2.08881417762969e-01    2.84760090800461e-05
05.45    2.02122013517750e-01    2.44093867166304e-05
05.46    1.98036578836581e-01    2.15195302617109e-05
05.47    1.97093808927258e-01    2.01821483682928e-05
05.48    1.99347502143418e-01    2.04868976162078e-05
05.49    2.04375143988973e-01    2.22236046144770e-05
05.50    2.11305548078614e-01    2.49602890246747e-05
05.51    2.18937912778370e-01    2.81922418828864e-05
05.52    2.25932167882530e-01    3.15103983826185e-05
05.53    2.31031923539257e-01    3.47268549896464e-05
05.54    2.33271904615728e-01    3.79109153620848e-05
05.55    2.32124462638542e-01    4.13231613868438e-05
05.56    2.27554451938468e-01    4.52727978189695e-05
05.57    2.19974878081554e-01    4.99503261067276e-05
05.58    2.10121009743011e-01    5.52949725135345e-05
05.59    1.98880799137989e-01    6.09434165942566e-05
05.60    1.87128482205332e-01    6.62788241426104e-05
05.61    1.75603508151288e-01    7.05666140982673e-05
05.62    1.64860188699383e-01    7.31365945102944e-05
05.63    1.55290094431287e-01    7.35586231746451e-05
05.64    1.47196544660429e-01    7.17639173235351e-05
05.65    1.40885342621647e-01    6.80832835085218e-05
05.66    1.36732507031477e-01    6.31990597641755e-05
05.67    1.35198819584949e-01    5.80306288029969e-05
05.68    1.36779503966180e-01    5.35872165761577e-05
05.69    1.41899489209203e-01    5.08233212350618e-05
05.70    1.50783691874766e-01    5.05226907822216e-05
05.71    1.63341758326938e-01    5.32211636077016e-05
05.72    1.79104567029795e-01    5.91637846572127e-05
05.73    1.97235943394579e-01    6.82834412850851e-05
05.74    2.16621624351371e-01    8.01893003260929e-05
05.75    2.36015395386365e-01    9.41617512269418e-05
05.76    2.54207014257428e-01    1.09161831194834e-04
05.77    2.70173305752919e-01    1.23872226787593e-04
05.78    2.83183235325516e-01    1.36789629413168e-04
05.79    2.92845112409611e-01    1.46381128843516e-04
05.80    2.99101365766822e-01    1.51299038123217e-04
05.81    3.02186403026560e-01    1.50622056193236e-04
05.82    3.02563281700079e-01    1.44065438798492e-04
05.83    3.00848328852288e-01    1.32092779190243e-04
05.84    2.97725957975671e-01    1.15878255066231e-04
05.85    2.93854561322418e-01    9.71104363246904e-05
05.86    2.89770178863127e-01    7.76817850867976e-05
05.87    2.85804355834122e-01    5.93481071715715e-05
05.88    2.82039902422596e-01    4.34503191111124e-05
05.89    2.78327285119545e-01    3.07637642658630e-05
05.90    2.74372607803829e-01    2.14922474642111e-05
05.91    2.69887764549973e-01    1.53777431890096e-05
05.92    2.64770673496343e-01    1.18705425868983e-05
05.93    2.59266874730742e-01    1.03036261016789e-05
05.94    2.54060521011501e-01    1.00321059444864e-05
05.95    2.50256186177711e-01    1.05213092085729e-05
05.96    2.49240274671791e-01    1.13855359145390e-05
05.97    2.52443849273530e-01    1.23897200289247e-05
05.98    2.61056469594391e-01    1.34289478024496e-05
05.99    2.75754028126569e-01    1.44986651194122e-05
06.00    2.96499108490335e-01    1.56637728301963e-05
06.01    3.22453340860644e-01    1.70294317766701e-05
06.02    3.52015451771736e-01    1.87119721486981e-05
06.03    3.82974600737219e-01    2.08065419374228e-05
06.04    4.12751575915274e-01    2.33501430354086e-05
06.05    4.38691669731474e-01    2.62841067288485e-05
06.06    4.58370761920481e-01    2.94265438034594e-05
06.07    4.69877785443863e-01    3.24691168616013e-05
06.08    4.72040736320898e-01    3.50099921285941e-05
06.09    4.64569304504605e-01    3.66247813223087e-05
06.10    4.48095190330467e-01    3.69625608760410e-05
06.11    4.24101315001098e-01    3.58413098058368e-05
06.12    3.94743267083432e-01    3.33135596967322e-05
06.13    3.62580011687832e-01    2.96818499821888e-05
06.14    3.30245165176233e-01    2.54610193923713e-05
06.15    3.00102970907466e-01    2.13016402292807e-05
06.16    2.73941201224153e-01    1.78977985768972e-05
06.17    2.52752787831189e-01    1.59006566808537e-05
06.18    2.36646502069518e-01    1.58510902475220e-05
06.19    2.24904909020934e-01    1.81365793740822e-05
06.20    2.16179236787248e-01    2.29726208592816e-05
06.21    2.08782659012316e-01    3.04057742050724e-05
06.22    2.01023301775487e-01    4.03313759427753e-05
06.23    1.91511660670041e-01    5.25143803922255e-05
06.24    1.79385821821959e-01    6.66008750537696e-05
06.25    1.64419174027880e-01    8.21145200800476e-05
06.26    1.47002849738547e-01    9.84453033067721e-05
06.27    1.28021235084927e-01    1.14850254656119e-04
06.28    1.08657167588441e-01    1.30488046163479e-04
06.29    9.01708325576666e-02    1.44497683237807e-04
06.30    7.36935623477158e-02    1.56110655767555e-04
06.31    6.00679940235533e-02    1.64767373406296e-04
06.32    4.97532580849639e-02    1.70203102759069e-04
06.33    4.28010248170840e-02    1.72478852014856e-04
06.34    3.88968939816771e-02    1.71952160769720e-04
06.35    3.74524687916552e-02    1.69200286842411e-04
06.36    3.77271258649638e-02    1.64915628225370e-04
06.37    3.89558269763955e-02    1.59790534552297e-04
06.38    4.04609664144652e-02    1.54403448752371e-04
06.39    4.17320197560522e-02    1.49118753805248e-04
06.40    4.24652961996927e-02    1.44020401831683e-04
06.41    4.25652042076493e-02    1.38907248793225e-04
06.42    4.21159044298445e-02    1.33374791802720e-04
06.43    4.13365250392292e-02    1.26986678052398e-04
06.44    4.05336935804712e-02    1.19503438621347e-04
06.45    4.00622836869790e-02    1.11099746878731e-04
06.46    4.02998814388398e-02    1.02484155812654e-04
06.47    4.16340040825750e-02    9.48510239714360e-05
06.48    4.44554833961815e-02    8.96444134546146e-05
06.49    4.91487135036206e-02    8.81829129874236e-05
06.50    5.60710519517535e-02    9.12548973066234e-05
06.51    6.55194185026406e-02    9.88169458308193e-05
06.52    7.76900443145916e-02    1.09899358719298e-04
06.53    9.26438965923161e-02    1.22751783665783e-04
06.54    1.10291985205491e-01    1.35180549290565e-04
06.55    1.30409610329801e-01    1.44974025305505e-04
06.56    1.52677741604523e-01    1.50303865238571e-04
06.57    1.76737328357708e-01    1.50022346940617e-04
06.58    2.02234360413610e-01    1.43823401324392e-04
06.59    2.28835008071102e-01    1.32270241979490e-04
06.60    2.56202514738438e-01    1.16704136135464e-04
06.61    2.83946799940697e-01    9.90448600296154e-05
06.62    3.11575706351760e-01    8.14924405897311e-05
06.63    3.38484324157488e-01    6.61560312410938e-05
06.64    3.64010224509526e-01    5.46674690444996e-05
06.65    3.87559136009982e-01    4.78662220781976e-05
06.66    4.08776293447553e-01    4.56459909120642e-05
06.67    4.27715689255059e-01    4.70191385608735e-05
06.68    4.44952738937753e-01    5.03925839160121e-05
06.69    4.61598375870652e-01    5.39843863839966e-05
06.70    4.79199062043057e-01    5.62716704016721e-05
06.71    4.99537701686283e-01    5.63597340218183e-05
06.72    5.24375320637436e-01    5.41909689841617e-05
06.73    5.55187428365305e-01    5.05528719535027e-05
06.74    5.92951295587853e-01    4.68845291993690e-05
06.75    6.38032311858141e-01    4.49187606562104e-05
06.76    6.90200182891965e-01    4.62340310272557e-05
06.77    7.48779983864800e-01    5.18201965659088e-05
06.78    8.12912019105814e-01    6.17703179811565e-05
06.79    8.81864984599750e-01    7.51844910431289e-05
06.80    9.55328582311157e-01    9.03138833491673e-05
06.81    1.03361180491430e+00    1.04905221550391e-04
06.82    1.11769335459392e+00    1.16655532662913e-04
06.83    1.20910558347180e+00    1.23670507067623e-04
06.84    1.30967318628239e+00    1.24833928001871e-04
06.85    1.42116236371056e+00    1.20023548071126e-04
06.86    1.54491811093958e+00    1.10136573363959e-04
06.87    1.68157323774035e+00    9.69146308458830e-05
06.88    1.83090194533835e+00    8.25918446029373e-05
06.89    1.99186348443756e+00    6.94331653547686e-05
06.90    2.16283943992336e+00    5.92703940617048e-05
06.91    2.34201824989126e+00    5.31567147229882e-05
06.92    2.52783665238963e+00    5.12304836517356e-05
06.93    2.71936775529318e+00    5.28118980850589e-05
06.94    2.91656184735810e+00    5.66807378195977e-05
06.95    3.12029609716448e+00    6.14334968348898e-05
06.96    3.33225150836256e+00    6.58123612057975e-05
06.97    3.55468338875328e+00    6.89310376387895e-05
06.98    3.79017170020567e+00    7.03711423321215e-05
06.99    4.04143899481399e+00    7.01643518876887e-05
07.00    4.31132270590982e+00    6.86971984565168e-05
07.01    4.60298748157060e+00    6.65777150922463e-05
07.02    4.92043936121216e+00    6.44942850511761e-05
07.03    5.26932638729375e+00    6.30859322623908e-05
07.04    5.65787712890420e+00    6.28352948962867e-05
07.05    6.09768241033974e+00    6.39918050731450e-05
07.06    6.60394302406437e+00    6.65314074006429e-05
07.07    7.19485666669696e+00    7.01576932700358e-05
07.08    7.89001864939824e+00    7.43454766558901e-05
07.09    8.70801258614670e+00    7.84213542375592e-05
07.10    9.66366299401963e+00    8.16685640333248e-05
07.11    1.07655989382798e+01    8.34385145711332e-05
07.12    1.20147630155076e+01    8.32511778509762e-05
07.13    1.34042919288146e+01    8.08715270729851e-05
07.14    1.49208575906557e+01    7.63571362272988e-05
07.15    1.65471929739252e+01    7.00789100011785e-05
07.16    1.82652362597818e+01    6.27188336917960e-05
07.17    2.00591828154625e+01    5.52444039361359e-05
07.18    2.19177660754216e+01    4.88519957612039e-05
07.19    2.38352836304514e+01    4.48673116759389e-05
07.20    2.58111919638425e+01    4.45967905375976e-05
07.21    2.78484482309578e+01    4.91411944561909e-05
07.22    2.99511088419100e+01    5.92053941448228e-05
07.23    3.21219387273409e+01    7.49541610745197e-05
07.24    3.43608652025051e+01    9.59604786096943e-05
07.25    3.66649353004357e+01    1.21267119982349e-04
07.26    3.90299594447158e+01    1.49543336896207e-04
07.27    4.14533465243535e+01    1.79284549334683e-04
07.28    4.39370236083673e+01    2.08990642943571e-04
07.29    4.64891101091485e+01    2.37273582536888e-04
07.30    4.91233521151671e+01    2.62879547498198e-04
07.31    5.18560999701295e+01    2.84648476881656e-04
07.32    5.47014748529141e+01    3.01459409474222e-04
07.33    5.76659508156332e+01    3.12215208128869e-04
07.34    6.07437273226573e+01    3.15905162259299e-04
07.35    6.39140822845905e+01    3.11753972513793e-04
07.36    6.71415506936874e+01    2.99429129441840e-04
07.37    7.03793330960289e+01    2.79246422473722e-04
07.38    7.35757285914590e+01    2.52297388429397e-04
07.39    7.66825610457650e+01    2.20432722758028e-04
07.40    7.96636830189682e+01    1.86073495621451e-04
07.41    8.25011117763279e+01    1.51876663748750e-04
07.42    8.51966539181257e+01    1.20332400057338e-04
07.43    8.77682003306272e+01    9.33971296335942e-05
07.44    9.02418322410601e+01    7.22567127576276e-05
07.45    9.26425981762249e+01    5.72730531695913e-05
07.46    9.49874775672608e+01    4.81110696830486e-05
07.47    9.72833826892528e+01    4.39919122653625e-05
07.48    9.95314376801600e+01    4.39882472256475e-05
07.49    1.01736838446472e+02    4.72748578923528e-05
07.50    1.03921812889029e+02    5.32702759571510e-05
07.51    1.06137790991432e+02    6.16441853211621e-05
07.52    1.08472036322879e+02    7.22093125592569e-05
07.53    1.11044166482156e+02    8.47530033420762e-05
07.54    1.13989866066493e+02    9.88818968510144e-05
07.55    1.17432866491835e+02    1.13947023613137e-04
07.56    1.21451039068424e+02    1.29087826699435e-04
07.57    1.26046231814459e+02    1.43391689538329e-04
07.58    1.31128134398610e+02    1.56125066253955e-04
07.59    1.36518909524123e+02    1.66966634613751e-04
07.60    1.41978528181644e+02    1.76168754911825e-04
07.61    1.47243548571868e+02    1.84589443019805e-04
07.62    1.52067889321882e+02    1.93566535926743e-04
07.63    1.56255003263550e+02    2.04641918373477e-04
07.64    1.59676024088885e+02    2.19181564012951e-04
07.65    1.62274775943600e+02    2.37971447210873e-04
07.66    1.64064394555598e+02    2.60891517841360e-04
07.67    1.65120056304014e+02    2.86768647663970e-04
07.68    1.65569202678881e+02    3.13476684454531e-04
07.69    1.65577723276329e+02    3.38290001699015e-04
07.70    1.65330311113672e+02    3.58422218448547e-04
07.71    1.65005860897442e+02    3.71618771710335e-04
07.72    1.64752303232450e+02    3.76644027418459e-04
07.73    1.64667018134475e+02    3.73523086262645e-04
07.74    1.64787687478131e+02    3.63462670292349e-04
07.75    1.65095014644857e+02    3.48467469564131e-04
07.76    1.65525250033602e+02    3.30761055694820e-04
07.77    1.65988499874692e+02    3.12183877728987e-04
07.78    1.66388576237494e+02    2.93751569546217e-04
07.79    1.66640922325605e+02    2.75508015621371e-04
07.80    1.66686103879830e+02    2.56713782677440e-04
07.81    1.66497276059651e+02    2.36302754139566e-04
07.82    1.66081097308047e+02    2.13453889868869e-04
07.83    1.65472807180791e+02    1.88088384337602e-04
07.84    1.64727303174271e+02    1.61126044260173e-04
07.85    1.63908569074455e+02    1.34411008425323e-04
07.86    1.63079580646712e+02    1.10322625124858e-04
07.87    1.62294068786079e+02    9.11887457963671e-05
07.88    1.61590693615160e+02    7.86816070581716e-05
07.89    1.60989635260769e+02    7.33786474358927e-05
07.90    1.60491419217769e+02    7.46124492461105e-05
07.91    1.60077811008393e+02    8.06394796785029e-05
07.92    1.59714607705063e+02    8.90627972136531e-05
07.93    1.59356007595183e+02    9.73808548318080e-05
07.94    1.58950001562578e+02    1.03516937683592e-04
07.95    1.58444100102953e+02    1.06207074842334e-04
07.96    1.57790853911701e+02    1.05173611903731e-04
07.97    1.56953004466134e+02    1.01070853662855e-04
07.98    1.55908411937496e+02    9.52444598131233e-05
07.99    1.54654818724817e+02    8.93855051040861e-05
08.00    1.53213935373369e+02    8.51733958534473e-05
08.01    1.51633593924238e+02    8.39857252269542e-05
08.02    1.49986336692976e+02    8.67152796217865e-05
08.03    1.48363220141098e+02    9.36924404234211e-05
08.04    1.46862866709713e+02    1.04684249975270e-04
08.05    1.45577473571283e+02    1.18938902916834e-04
08.06    1.44578847585150e+02    1.35260858956596e-04
08.07    1.43907871061811e+02    1.52120998840747e-04
08.08    1.43569807859568e+02    1.67812436670754e-04
08.09    1.43535931758407e+02    1.80650209585436e-04
08.10    1.43750032155014e+02    1.89189625700166e-04
08.11    1.44137364583967e+02    1.92418915057727e-04
08.12    1.44613902840618e+02    1.89880661965598e-04
08.13    1.45094809378588e+02    1.81696958509143e-04
08.14    1.45501967553278e+02    1.68506181660331e-04
08.15    1.45770589392322e+02    1.51347308183593e-04
08.16    1.45854455751571e+02    1.31534969631282e-04
08.17    1.45728915802791e+02    1.10551170763900e-04
08.18    1.45390942463146e+02    8.99496331127907e-05
08.19    1.44856294720981e+02    7.12472258194098e-05
08.20    1.44154679149399e+02    5.57805625343238e-05
08.21    1.43324197029539e+02    4.45346636645627e-05
08.22    1.42406165211298e+02    3.79867356378425e-05
08.23    1.41440891426814e+02    3.60268670889002e-05
08.24    1.40464573952957e+02    3.80034135848346e-05
08.25    1.39507366109954e+02    4.28980301275862e-05
08.26    1.38592660714449e+02    4.95843363983110e-05
08.27    1.37737537962806e+02    5.70897067737859e-05
08.28    1.36953997434729e+02    6.47770810589085e-05
08.29    1.36250263006283e+02    7.23930860554261e-05
08.30    1.35631446646881e+02    7.99773486680265e-05
08.31    1.35099318010812e+02    8.76769351173745e-05
08.32    1.34651614729163e+02    9.55417433920486e-05
08.33    1.34281777829610e+02    1.03380255992130e-04
08.34    1.33979864967037e+02    1.10729227247412e-04
08.35    1.33734724742847e+02    1.16945578799664e-04
08.36    1.33536723985221e+02    1.21381899087166e-04
08.37    1.33379902451275e+02    1.23577121507410e-04
08.38    1.33262630775749e+02    1.23392248095570e-04
08.39    1.33186529711211e+02    1.21046019368399e-04
08.40    1.33154181289503e+02    1.17044821567643e-04
08.41    1.33166632139945e+02    1.12038068520574e-04
08.42    1.33221678416939e+02    1.06651367564558e-04
08.43    1.33313504652212e+02    1.01349948452390e-04
08.44    1.33433673827703e+02    9.63679588618644e-05
08.45    1.33572994711369e+02    9.17146444241495e-05
08.46    1.33723586911262e+02    8.72459117116549e-05
08.47    1.33880527183387e+02    8.27754266104082e-05
08.48    1.34042694924440e+02    7.81942529941672e-05
08.49    1.34212720246570e+02    7.35694786538498e-05
08.50    1.34396189100813e+02    6.91971476755216e-05
08.51    1.34600439636052e+02    6.55920850346588e-05
08.52    1.34833381213196e+02    6.34083844949045e-05
08.53    1.35102760933417e+02    6.33012157599187e-05
08.54    1.35416125914764e+02    6.57616465606800e-05
08.55    1.35781348971283e+02    7.09745041656491e-05
08.56    1.36207113040086e+02    7.87546184876023e-05
08.57    1.36702472045609e+02    8.86009118452585e-05
08.58    1.37274853826222e+02    9.98708128183430e-05
08.59    1.37926721744632e+02    1.12030367408166e-04
08.60    1.38652178759354e+02    1.24896723151199e-04
08.61    1.39435356130719e+02    1.38777387041500e-04
08.62    1.40251922858985e+02    1.54433722189971e-04
08.63    1.41073608471365e+02    1.72849755629360e-04
08.64    1.41874089818769e+02    1.94854301305135e-04
08.65    1.42633930640170e+02    2.20701322542425e-04
08.66    1.43342862993461e+02    2.49739555729634e-04
08.67    1.43999091363753e+02    2.80287193780951e-04
08.68    1.44606578024857e+02    3.09774786373576e-04
08.69    1.45171780240457e+02    3.35146180667168e-04
08.70    1.45701029438873e+02    3.53436120595319e-04
08.71    1.46199102075713e+02    3.62394285728295e-04
08.72    1.46668986364310e+02    3.61010502922842e-04
08.73    1.47112576192233e+02    3.49815916763251e-04
08.74    1.47531947559156e+02    3.30883759025602e-04
08.75    1.47930850039013e+02    3.07520022713098e-04
08.76    1.48316022143172e+02    2.83704418300206e-04
08.77    1.48697945841379e+02    2.63398647254818e-04
08.78    1.49090730748678e+02    2.49866630143485e-04
08.79    1.49510954841007e+02    2.45141707652516e-04
08.80    1.49975471116734e+02    2.49733441490389e-04
08.81    1.50498430082906e+02    2.62607550774495e-04
08.82    1.51088057493842e+02    2.81416619428038e-04
08.83    1.51743990344763e+02    3.02920520881203e-04
08.84    1.52456064986776e+02    3.23517206560635e-04
08.85    1.53205220298879e+02    3.39801282493761e-04
08.86    1.53966607144892e+02    3.49072369152261e-04
08.87    1.54714263450605e+02    3.49723734480222e-04
08.88    1.55426143928628e+02    3.41454839697041e-04
08.89    1.56088158409506e+02    3.25272286677744e-04
08.90    1.56696226631409e+02    3.03274147493054e-04
08.91    1.57256007501871e+02    2.78251013328844e-04
08.92    1.57780607079214e+02    2.53176679373271e-04
08.93    1.58286991811190e+02    2.30691355808139e-04
08.94    1.58791978200186e+02    2.12688689228227e-04
08.95    1.59308608981895e+02    2.00096691704364e-04
08.96    1.59843551742202e+02    1.92893188337337e-04
08.97    1.60395921852876e+02    1.90331311264338e-04
08.98    1.60957653724784e+02    1.91290753147015e-04
08.99    1.61515251609182e+02    1.94637104138874e-04
09.00    1.62052498506430e+02    1.99477240425525e-04
09.01    1.62553552371444e+02    2.05241979242497e-04
09.02    1.63005846799792e+02    2.11592863666921e-04
09.03    1.63402315427580e+02    2.18214633002026e-04
09.04    1.63742622590897e+02    2.24595664366056e-04
09.05    1.64033256772325e+02    2.29901111647245e-04
09.06    1.64286512514489e+02    2.33007355056742e-04
09.07    1.64518556265682e+02    2.32705678835828e-04
09.08    1.64746940653550e+02    2.28020583865013e-04
09.09    1.64988058050009e+02    2.18546139201340e-04
09.10    1.65255048685575e+02    2.04695255759848e-04
09.11    1.65556559263707e+02    1.87781072552108e-04
09.12    1.65896515439680e+02    1.69894874454835e-04
09.13    1.66274801923599e+02    1.53595116553614e-04
09.14    1.66688533280908e+02    1.41464489321049e-04
09.15    1.67133508437013e+02    1.35620304271012e-04
09.16    1.67605485583281e+02    1.37276265910767e-04
09.17    1.68101056404505e+02    1.46450083146706e-04
09.18    1.68618076933940e+02    1.61889507822734e-04
09.19    1.69155756690435e+02    1.81248872954419e-04
09.20    1.69714572735951e+02    2.01494379625311e-04
09.21    1.70296153949862e+02    2.19461741475989e-04
09.22    1.70903199017449e+02    2.32450186978730e-04
09.23    1.71539397046231e+02    2.38724669459568e-04
09.24    1.72209254002528e+02    2.37817411317295e-04
09.25    1.72917716183044e+02    2.30565580145126e-04
09.26    1.73669531122638e+02    2.18882750675218e-04
09.27    1.74468385284185e+02    2.05323598071256e-04
09.28    1.75315988758058e+02    1.92548949612761e-04
09.29    1.76211405025215e+02    1.82818747521489e-04
09.30    1.77151005438119e+02    1.77626862809987e-04
09.31    1.78129396435904e+02    1.77547995655923e-04
09.32    1.79141460647703e+02    1.82307963621896e-04
09.33    1.80185260812729e+02    1.91034103293113e-04
09.34    1.81265041348144e+02    2.02607142619779e-04
09.35    1.82393110611217e+02    2.16023906448846e-04
09.36    1.83589280331882e+02    2.30686888194501e-04
09.37    1.84877040590979e+02    2.46555778122271e-04
09.38    1.86276810930499e+02    2.64125342913654e-04
09.39    1.87798077587593e+02    2.84234231308382e-04
09.40    1.89433299235194e+02    3.07756941359409e-04
09.41    1.91156376993557e+02    3.35273621492930e-04
09.42    1.92926947858587e+02    3.66830396758079e-04
09.43    1.94699320786366e+02    4.01881466706018e-04
09.44    1.96432763723932e+02    4.39443824712266e-04
09.45    1.98099275349420e+02    4.78415900977663e-04
09.46    1.99686294252587e+02    5.17944260232747e-04
09.47    2.01194236555538e+02    5.57696457919385e-04
09.48    2.02630924668311e+02    5.97925795469954e-04
09.49    2.04005804756837e+02    6.39286009454207e-04
09.50    2.05326197096814e+02    6.82444555114665e-04
09.51    2.06596362582568e+02    7.27619310834172e-04
09.52    2.07818811965574e+02    7.74198156557625e-04
09.53    2.08996605946929e+02    8.20581837648266e-04
09.54    2.10135434919080e+02    8.64324146107745e-04
09.55    2.11244726195039e+02    9.02551679728516e-04
09.56    2.12337555792710e+02    9.32558002531821e-04
09.57    2.13429534942142e+02    9.52411437104127e-04
09.58    2.14537054513149e+02    9.61408869137700e-04
09.59    2.15675337363688e+02    9.60251294368203e-04
09.60    2.16856712869051e+02    9.50896446913929e-04
09.61    2.18089430901685e+02    9.36134560906542e-04
09.62    2.19377195753560e+02    9.19006565759967e-04
09.63    2.20719444579273e+02    9.02217520232379e-04
09.64    2.22112242956467e+02    8.87684337574689e-04
09.65    2.23549553937927e+02    8.76305793462953e-04
09.66    2.25024590140680e+02    8.67976426362673e-04
09.67    2.26530980443319e+02    8.61806689083114e-04
09.68    2.28063562273738e+02    8.56472170660012e-04
09.69    2.29618716490629e+02    8.50595489252850e-04
09.70    2.31194263323959e+02    8.43061488309024e-04
09.71    2.32789022371779e+02    8.33180286132420e-04
09.72    2.34402196843472e+02    8.20650449189985e-04
09.73    2.36032769573275e+02    8.05339913604752e-04
09.74    2.37679087035550e+02    7.86982534773752e-04
09.75    2.39338754679113e+02    7.64949919858363e-04
09.76    2.41008880360722e+02    7.38260519220479e-04
09.77    2.42686609746386e+02    7.05908196544391e-04
09.78    2.44369830418594e+02    6.67448462242723e-04
09.79    2.46057899268380e+02    6.23631849039690e-04
09.80    2.47752258760223e+02    5.76796924374252e-04
09.81    2.49456838789704e+02    5.30783355878888e-04
09.82    2.51178135906745e+02    4.90295086488648e-04
09.83    2.52924710061885e+02    4.59869459693462e-04
09.84    2.54705408721761e+02    4.42789320524451e-04
09.85    2.56524569581514e+02    4.40318562080302e-04
09.86    2.58375318210308e+02    4.51596001552538e-04
09.87    2.60219639991871e+02    4.74044927782491e-04
09.88    2.61952126160981e+02    5.04472360857034e-04
09.89    2.63341157656964e+02    5.40187290838836e-04
09.90    2.63950965267872e+02    5.79849838434213e-04
09.91    2.63068836241823e+02    6.24046957268244e-04
09.92    2.59688363591346e+02    6.75081518429492e-04
09.93    2.52627783083372e+02    7.36201647413677e-04
09.94    2.40833496146332e+02    8.10234105891672e-04
09.95    2.23850198042250e+02    8.97872561237594e-04
09.96    2.02320872926176e+02    9.96097201539900e-04
09.97    1.78284078814800e+02    1.09740597479602e-03
09.98    1.55040937651304e+02    1.19046353024056e-03
09.99    1.36507398737148e+02    1.26230638168470e-03
10.00    1.26199324241856e+02    1.30155490721974e-03
