w Re-xx Im-xx Re-yy Im-yy Re-zz Im-zz
# Gaussian absolute broadening  0.15 [eV]
   0.0000000  7.686306e-01  8.837820e-05  7.686474e-01  8.837831e-05  7.265816e-01  7.906379e-05  
   0.0200000  7.687307e-01  9.458647e-05  7.687474e-01  9.458663e-05  7.266710e-01  8.461661e-05  
   0.0410000  7.688493e-01  1.016610e-04  7.688662e-01  1.016612e-04  7.267772e-01  9.094397e-05  
   0.0620000  7.689849e-01  1.093412e-04  7.690016e-01  1.093415e-04  7.268982e-01  9.781261e-05  
   0.0830000  7.691382e-01  1.176609e-04  7.691550e-01  1.176613e-04  7.270359e-01  1.052529e-04  
   0.1040000  7.693127e-01  1.266495e-04  7.693296e-01  1.266500e-04  7.271920e-01  1.132909e-04  
   0.1240000  7.694997e-01  1.358534e-04  7.695164e-01  1.358540e-04  7.273591e-01  1.215207e-04  
   0.1450000  7.697203e-01  1.462079e-04  7.697372e-01  1.462088e-04  7.275566e-01  1.307789e-04  
   0.1660000  7.699680e-01  1.572762e-04  7.699850e-01  1.572775e-04  7.277779e-01  1.406745e-04  
   0.1870000  7.702452e-01  1.690548e-04  7.702620e-01  1.690564e-04  7.280257e-01  1.512042e-04  
   0.2080000  7.705531e-01  1.815294e-04  7.705700e-01  1.815314e-04  7.283013e-01  1.623547e-04  
   0.2290000  7.708941e-01  1.946743e-04  7.709110e-01  1.946769e-04  7.286063e-01  1.741034e-04  
   0.2490000  7.712513e-01  2.077846e-04  7.712683e-01  2.077878e-04  7.289254e-01  1.858196e-04  
   0.2700000  7.716610e-01  2.221292e-04  7.716781e-01  2.221331e-04  7.292923e-01  1.986372e-04  
   0.2910000  7.721078e-01  2.370175e-04  7.721247e-01  2.370223e-04  7.296917e-01  2.119387e-04  
   0.3120000  7.725924e-01  2.523957e-04  7.726094e-01  2.524015e-04  7.301249e-01  2.256758e-04  
   0.3330000  7.731150e-01  2.682089e-04  7.731320e-01  2.682158e-04  7.305920e-01  2.397988e-04  
   0.3540000  7.736760e-01  2.844035e-04  7.736931e-01  2.844117e-04  7.310938e-01  2.542597e-04  
   0.3740000  7.742461e-01  3.001361e-04  7.742632e-01  3.001456e-04  7.316034e-01  2.683050e-04  
   0.3950000  7.748824e-01  3.169373e-04  7.748995e-01  3.169481e-04  7.321722e-01  2.833011e-04  
   0.4160000  7.755569e-01  3.339895e-04  7.755740e-01  3.340019e-04  7.327752e-01  2.985175e-04  
   0.4374300  7.762854e-01  3.516180e-04  7.763028e-01  3.516319e-04  7.334265e-01  3.142440e-04  
   0.4574300  7.770009e-01  3.682543e-04  7.770180e-01  3.682697e-04  7.340655e-01  3.290813e-04  
   0.4784300  7.777894e-01  3.858968e-04  7.778067e-01  3.859138e-04  7.347703e-01  3.448115e-04  
   0.4994300  7.786163e-01  4.037059e-04  7.786335e-01  4.037246e-04  7.355089e-01  3.606854e-04  
   0.5204300  7.794814e-01  4.216744e-04  7.794986e-01  4.216947e-04  7.362819e-01  3.766964e-04  
   0.5414300  7.803847e-01  4.397990e-04  7.804021e-01  4.398209e-04  7.370889e-01  3.928410e-04  
   0.5614300  7.812812e-01  4.572050e-04  7.812986e-01  4.572285e-04  7.378896e-01  4.083404e-04  
   0.5824300  7.822604e-01  4.756356e-04  7.822778e-01  4.756607e-04  7.387640e-01  4.247462e-04  
   0.6034300  7.832782e-01  4.942269e-04  7.832960e-01  4.942538e-04  7.396730e-01  4.412892e-04  
   0.6244300  7.843359e-01  5.129847e-04  7.843535e-01  5.130133e-04  7.406172e-01  4.579737e-04  
   0.6454300  7.854333e-01  5.319139e-04  7.854509e-01  5.319442e-04  7.415969e-01  4.748043e-04  
   0.6664300  7.865707e-01  5.510212e-04  7.865884e-01  5.510531e-04  7.426120e-01  4.917861e-04  
   0.6864300  7.876910e-01  5.693898e-04  7.877088e-01  5.694233e-04  7.436118e-01  5.081046e-04  
   0.7074300  7.889075e-01  5.888635e-04  7.889253e-01  5.888991e-04  7.446972e-01  5.253979e-04  
   0.7284300  7.901651e-01  6.085357e-04  7.901828e-01  6.085730e-04  7.458190e-01  5.428593e-04  
   0.7494300  7.914641e-01  6.284139e-04  7.914821e-01  6.284530e-04  7.469780e-01  5.604961e-04  
   0.7704300  7.928048e-01  6.485053e-04  7.928229e-01  6.485464e-04  7.481736e-01  5.783134e-04  
   0.7914300  7.941883e-01  6.688187e-04  7.942066e-01  6.688616e-04  7.494074e-01  5.963193e-04  
   0.8114300  7.955453e-01  6.883777e-04  7.955635e-01  6.884225e-04  7.506171e-01  6.136481e-04  
   0.8324300  7.970126e-01  7.091478e-04  7.970309e-01  7.091945e-04  7.519250e-01  6.320410e-04  
   0.8540300  7.985677e-01  7.307696e-04  7.985860e-01  7.308181e-04  7.533111e-01  6.511783e-04  
   0.8740300  8.000494e-01  7.510315e-04  8.000679e-01  7.510820e-04  7.546311e-01  6.691027e-04  
   0.8950300  8.016491e-01  7.725665e-04  8.016675e-01  7.726189e-04  7.560558e-01  6.881432e-04  
   0.9160300  8.032941e-01  7.943778e-04  8.033128e-01  7.944321e-04  7.575212e-01  7.074178e-04  
   0.9370300  8.049852e-01  8.164759e-04  8.050039e-01  8.165319e-04  7.590271e-01  7.269349e-04  
   0.9580300  8.067230e-01  8.388716e-04  8.067417e-01  8.389293e-04  7.605739e-01  7.467034e-04  
   0.9780300  8.084222e-01  8.604878e-04  8.084410e-01  8.605471e-04  7.620863e-01  7.657731e-04  
   0.9990300  8.102534e-01  8.834970e-04  8.102723e-01  8.835576e-04  7.637157e-01  7.860595e-04  
   1.0200300  8.121330e-01  9.068374e-04  8.121521e-01  9.068991e-04  7.653880e-01  8.066251e-04  
   1.0410300  8.140624e-01  9.305211e-04  8.140816e-01  9.305842e-04  7.671037e-01  8.274803e-04  
   1.0620300  8.160421e-01  9.545598e-04  8.160614e-01  9.546240e-04  7.688640e-01  8.486352e-04  
   1.0830300  8.180726e-01  9.789668e-04  8.180920e-01  9.790323e-04  7.706690e-01  8.700993e-04  
   1.1030300  8.200545e-01  1.002565e-03  8.200739e-01  1.002631e-03  7.724300e-01  8.908390e-04  
   1.1240300  8.221866e-01  1.027727e-03  8.222063e-01  1.027793e-03  7.743244e-01  9.129384e-04  
   1.1450300  8.243721e-01  1.053296e-03  8.243918e-01  1.053363e-03  7.762653e-01  9.353791e-04  
   1.1660300  8.266114e-01  1.079285e-03  8.266313e-01  1.079352e-03  7.782537e-01  9.581732e-04  
   1.1870300  8.289061e-01  1.105709e-03  8.289262e-01  1.105777e-03  7.802906e-01  9.813323e-04  
   1.2080300  8.312564e-01  1.132584e-03  8.312764e-01  1.132653e-03  7.823762e-01  1.004870e-03  
   1.2280300  8.335474e-01  1.158612e-03  8.335677e-01  1.158681e-03  7.844085e-01  1.027648e-03  
   1.2490300  8.360093e-01  1.186412e-03  8.360296e-01  1.186482e-03  7.865916e-01  1.051960e-03  
   1.2706300  8.386036e-01  1.215529e-03  8.386241e-01  1.215599e-03  7.888915e-01  1.077404e-03  
   1.2906300  8.410616e-01  1.242976e-03  8.410823e-01  1.243047e-03  7.910698e-01  1.101371e-03  
   1.3116300  8.437024e-01  1.272321e-03  8.437233e-01  1.272393e-03  7.934093e-01  1.126974e-03  
   1.3326300  8.464049e-01  1.302221e-03  8.464258e-01  1.302294e-03  7.958028e-01  1.153042e-03  
   1.3536299  8.491710e-01  1.332698e-03  8.491923e-01  1.332773e-03  7.982514e-01  1.179592e-03  
   1.3746300  8.520016e-01  1.363774e-03  8.520229e-01  1.363851e-03  8.007562e-01  1.206642e-03  
   1.3946300  8.547590e-01  1.393948e-03  8.547805e-01  1.394027e-03  8.031957e-01  1.232885e-03  
   1.4156300  8.577198e-01  1.426260e-03  8.577415e-01  1.426341e-03  8.058138e-01  1.260964e-03  
   1.4366300  8.607496e-01  1.459240e-03  8.607713e-01  1.459323e-03  8.084916e-01  1.289599e-03  
   1.4576300  8.638493e-01  1.492913e-03  8.638714e-01  1.492999e-03  8.112305e-01  1.318812e-03  
   1.4786299  8.670211e-01  1.527307e-03  8.670431e-01  1.527395e-03  8.140317e-01  1.348622e-03  
   1.4996300  8.702654e-01  1.562446e-03  8.702880e-01  1.562536e-03  8.168962e-01  1.379051e-03  
   1.5196300  8.734248e-01  1.596631e-03  8.734473e-01  1.596724e-03  8.196840e-01  1.408629e-03  
   1.5406300  8.768166e-01  1.633311e-03  8.768393e-01  1.633406e-03  8.226758e-01  1.440335e-03  
   1.5616300  8.802865e-01  1.670825e-03  8.803094e-01  1.670922e-03  8.257350e-01  1.472731e-03  
   1.5826300  8.838357e-01  1.709203e-03  8.838590e-01  1.709303e-03  8.288627e-01  1.505843e-03  
   1.6036299  8.874663e-01  1.748482e-03  8.874897e-01  1.748584e-03  8.320608e-01  1.539698e-03  
   1.6246300  8.911808e-01  1.788694e-03  8.912044e-01  1.788800e-03  8.353306e-01  1.574325e-03  
   1.6446300  8.947968e-01  1.827896e-03  8.948206e-01  1.828003e-03  8.385128e-01  1.608047e-03  
   1.6656300  8.986790e-01  1.870045e-03  8.987032e-01  1.870156e-03  8.419269e-01  1.644268e-03  
   1.6872300  9.027659e-01  1.914497e-03  9.027902e-01  1.914610e-03  8.455195e-01  1.682429e-03  
   1.7072300  9.066365e-01  1.956690e-03  9.066612e-01  1.956807e-03  8.489199e-01  1.718614e-03  
   1.7282300  9.107922e-01  2.002109e-03  9.108173e-01  2.002229e-03  8.525690e-01  1.757527e-03  
   1.7492300  9.150447e-01  2.048721e-03  9.150698e-01  2.048846e-03  8.563009e-01  1.797418e-03  
   1.7702301  9.193959e-01  2.096578e-03  9.194213e-01  2.096706e-03  8.601172e-01  1.838333e-03  
   1.7912300  9.238496e-01  2.145736e-03  9.238752e-01  2.145869e-03  8.640208e-01  1.880316e-03  
   1.8112299  9.281881e-01  2.193817e-03  9.282141e-01  2.193955e-03  8.678216e-01  1.921337e-03  
   1.8322300  9.328486e-01  2.245691e-03  9.328749e-01  2.245834e-03  8.719018e-01  1.965549e-03  
   1.8532300  9.376200e-01  2.299053e-03  9.376467e-01  2.299201e-03  8.760766e-01  2.010979e-03  
   1.8742300  9.425052e-01  2.353976e-03  9.425325e-01  2.354130e-03  8.803482e-01  2.057690e-03  
   1.8952301  9.475079e-01  2.410534e-03  9.475352e-01  2.410694e-03  8.847196e-01  2.105742e-03  
   1.9162300  9.526314e-01  2.468812e-03  9.526592e-01  2.468978e-03  8.891931e-01  2.155202e-03  
   1.9362299  9.576260e-01  2.525994e-03  9.576539e-01  2.526165e-03  8.935507e-01  2.203682e-03  
   1.9572300  9.629949e-01  2.587892e-03  9.630234e-01  2.588071e-03  8.982319e-01  2.256107e-03  
   1.9782300  9.684956e-01  2.651798e-03  9.685245e-01  2.651982e-03  9.030250e-01  2.310174e-03  
   1.9992300  9.741322e-01  2.717824e-03  9.741614e-01  2.718015e-03  9.079321e-01  2.365975e-03  
   2.0202301  9.799093e-01  2.786101e-03  9.799386e-01  2.786300e-03  9.129575e-01  2.423617e-03  
   2.0412300  9.858305e-01  2.856768e-03  9.858602e-01  2.856974e-03  9.181042e-01  2.483214e-03  
   2.0612299  9.916084e-01  2.926436e-03  9.916385e-01  2.926648e-03  9.231228e-01  2.541908e-03  
   2.0822301  9.978256e-01  3.002238e-03  9.978564e-01  3.002458e-03  9.285183e-01  2.605709e-03  
   2.1038301  1.004388e+00  3.083242e-03  1.004419e+00  3.083469e-03  9.342082e-01  2.673820e-03  
   2.1238301  1.010620e+00  3.161187e-03  1.010652e+00  3.161423e-03  9.396064e-01  2.739303e-03  
   2.1448300  1.017331e+00  3.246309e-03  1.017363e+00  3.246554e-03  9.454145e-01  2.810757e-03  
   2.1658299  1.024219e+00  3.335048e-03  1.024252e+00  3.335303e-03  9.513705e-01  2.885194e-03  
   2.1868300  1.031293e+00  3.427702e-03  1.031326e+00  3.427966e-03  9.574799e-01  2.962864e-03  
   2.2078300  1.038557e+00  3.524588e-03  1.038591e+00  3.524865e-03  9.637488e-01  3.044041e-03  
   2.2278299  1.045662e+00  3.621124e-03  1.045696e+00  3.621415e-03  9.698724e-01  3.124890e-03  
   2.2488301  1.053323e+00  3.727343e-03  1.053358e+00  3.727647e-03  9.764696e-01  3.213816e-03  
   2.2698300  1.061199e+00  3.838950e-03  1.061235e+00  3.839269e-03  9.832440e-01  3.307231e-03  
   2.2908299  1.069300e+00  3.956421e-03  1.069336e+00  3.956756e-03  9.902036e-01  3.405536e-03  
   2.3118300  1.077635e+00  4.080258e-03  1.077671e+00  4.080609e-03  9.973558e-01  3.509163e-03  
   2.3328300  1.086213e+00  4.211009e-03  1.086250e+00  4.211382e-03  1.004707e+00  3.618586e-03  
   2.3528299  1.094619e+00  4.342517e-03  1.094657e+00  4.342907e-03  1.011902e+00  3.728663e-03  
   2.3738301  1.103704e+00  4.488547e-03  1.103743e+00  4.488958e-03  1.019668e+00  3.850945e-03  
   2.3948300  1.113066e+00  4.643409e-03  1.113105e+00  4.643845e-03  1.027659e+00  3.980702e-03  
   2.4158299  1.122718e+00  4.807870e-03  1.122759e+00  4.808329e-03  1.035886e+00  4.118621e-03  
   2.4368300  1.132674e+00  4.982762e-03  1.132716e+00  4.983249e-03  1.044359e+00  4.265463e-03  
   2.4578300  1.142950e+00  5.169000e-03  1.142992e+00  5.169519e-03  1.053092e+00  4.422070e-03  
   2.4778299  1.153048e+00  5.357856e-03  1.153091e+00  5.358404e-03  1.061658e+00  4.581157e-03  
   2.4988301  1.163995e+00  5.569310e-03  1.164039e+00  5.569895e-03  1.070929e+00  4.759646e-03  
   2.5204301  1.175644e+00  5.802215e-03  1.175689e+00  5.802837e-03  1.080776e+00  4.956705e-03  
   2.5404301  1.186801e+00  6.033197e-03  1.186847e+00  6.033861e-03  1.090188e+00  5.152605e-03  
   2.5614300  1.198922e+00  6.293287e-03  1.198969e+00  6.293998e-03  1.100394e+00  5.373709e-03  
   2.5824299  1.211484e+00  6.573403e-03  1.211533e+00  6.574165e-03  1.110948e+00  5.612344e-03  
   2.6034300  1.224518e+00  6.876066e-03  1.224568e+00  6.876887e-03  1.121872e+00  5.870597e-03  
   2.6244299  1.238053e+00  7.204356e-03  1.238104e+00  7.205243e-03  1.133186e+00  6.150913e-03  
   2.6444299  1.251442e+00  7.544401e-03  1.251495e+00  7.545350e-03  1.144349e+00  6.441096e-03  
   2.6654301  1.266061e+00  7.934951e-03  1.266115e+00  7.935974e-03  1.156501e+00  6.773599e-03  
   2.6864300  1.281297e+00  8.366135e-03  1.281352e+00  8.367246e-03  1.169124e+00  7.138944e-03  
   2.7074299  1.297199e+00  8.846437e-03  1.297257e+00  8.847646e-03  1.182254e+00  7.542699e-03  
   2.7284300  1.313824e+00  9.387211e-03  1.313883e+00  9.388535e-03  1.195925e+00  7.991951e-03  
   2.7494299  1.331233e+00  1.000378e-02  1.331294e+00  1.000523e-02  1.210181e+00  8.495809e-03  
   2.7694299  1.348608e+00  1.068043e-02  1.348671e+00  1.068205e-02  1.224342e+00  9.037242e-03  
   2.7904301  1.367761e+00  1.151183e-02  1.367827e+00  1.151365e-02  1.239874e+00  9.685089e-03  
   2.8114300  1.387937e+00  1.250438e-02  1.388006e+00  1.250647e-02  1.256142e+00  1.043375e-02  
   2.8324299  1.409234e+00  1.370900e-02  1.409305e+00  1.371143e-02  1.273210e+00  1.130898e-02  
   2.8534300  1.431764e+00  1.519359e-02  1.431838e+00  1.519649e-02  1.291149e+00  1.234419e-02  
   2.8744299  1.455644e+00  1.704760e-02  1.455722e+00  1.705112e-02  1.310035e+00  1.358240e-02  
   2.8944299  1.479761e+00  1.926279e-02  1.479841e+00  1.926710e-02  1.328981e+00  1.500075e-02  
   2.9154301  1.506648e+00  2.220249e-02  1.506733e+00  2.220789e-02  1.349969e+00  1.680817e-02  
   2.9370301  1.536112e+00  2.607392e-02  1.536201e+00  2.608081e-02  1.372828e+00  1.909860e-02  
   2.9570301  1.565137e+00  3.063764e-02  1.565230e+00  3.064631e-02  1.395237e+00  2.171233e-02  
   2.9780300  1.597513e+00  3.670714e-02  1.597611e+00  3.671823e-02  1.420152e+00  2.509862e-02  
   2.9990301  1.631902e+00  4.440035e-02  1.632006e+00  4.441454e-02  1.446583e+00  2.930582e-02  
   3.0200300  1.668324e+00  5.408246e-02  1.668433e+00  5.410051e-02  1.474617e+00  3.453362e-02  
   3.0410299  1.706737e+00  6.615955e-02  1.706852e+00  6.618232e-02  1.504326e+00  4.101926e-02  
   3.0610299  1.745067e+00  8.028728e-02  1.745186e+00  8.031546e-02  1.534221e+00  4.861828e-02  
   3.0820301  1.786945e+00  9.831215e-02  1.787070e+00  9.834702e-02  1.567298e+00  5.839343e-02  
   3.1030300  1.830192e+00  1.200449e-01  1.830321e+00  1.200875e-01  1.602058e+00  7.035416e-02  
   3.1240301  1.874393e+00  1.459042e-01  1.874528e+00  1.459555e-01  1.638398e+00  8.488236e-02  
   3.1450300  1.919022e+00  1.762503e-01  1.919161e+00  1.763113e-01  1.676131e+00  1.023790e-01  
   3.1660299  1.963458e+00  2.113587e-01  1.963599e+00  2.114301e-01  1.714983e+00  1.232504e-01  
   3.1860299  2.004952e+00  2.493717e-01  2.005095e+00  2.494534e-01  1.752685e+00  1.466237e-01  
   3.2070301  2.046922e+00  2.941169e-01  2.047066e+00  2.942097e-01  1.792553e+00  1.751759e-01  
   3.2280300  2.086484e+00  3.436871e-01  2.086627e+00  3.437910e-01  1.832147e+00  2.081201e-01  
   3.2490301  2.122869e+00  3.977977e-01  2.123009e+00  3.979121e-01  1.870805e+00  2.456540e-01  
   3.2700300  2.155366e+00  4.560038e-01  2.155502e+00  4.561277e-01  1.907798e+00  2.878542e-01  
   3.2910299  2.183365e+00  5.177183e-01  2.183496e+00  5.178503e-01  1.942352e+00  3.346547e-01  
   3.3110299  2.205415e+00  5.791138e-01  2.205540e+00  5.792519e-01  1.972279e+00  3.832980e-01  
   3.3320301  2.223420e+00  6.455781e-01  2.223538e+00  6.457214e-01  1.999846e+00  4.382716e-01  
   3.3536301  2.236303e+00  7.152294e-01  2.236411e+00  7.153757e-01  2.023385e+00  4.984020e-01  
   3.3736300  2.243181e+00  7.801258e-01  2.243279e+00  7.802733e-01  2.040298e+00  5.566558e-01  
   3.3946300  2.245396e+00  8.479512e-01  2.245482e+00  8.480981e-01  2.052616e+00  6.196761e-01  
   3.4156301  2.242846e+00  9.147990e-01  2.242920e+00  9.149442e-01  2.059147e+00  6.836815e-01  
   3.4366300  2.236020e+00  9.801234e-01  2.236082e+00  9.802660e-01  2.059887e+00  7.476956e-01  
   3.4576299  2.225485e+00  1.043522e+00  2.225533e+00  1.043661e+00  2.055046e+00  8.107466e-01  
   3.4776299  2.212539e+00  1.101870e+00  2.212574e+00  1.102006e+00  2.045630e+00  8.690640e-01  
   3.4986300  2.196445e+00  1.160882e+00  2.196465e+00  1.161015e+00  2.031280e+00  9.277034e-01  
   3.5196300  2.178297e+00  1.217571e+00  2.178303e+00  1.217701e+00  2.013100e+00  9.830375e-01  
   3.5406301  2.158546e+00  1.272010e+00  2.158535e+00  1.272140e+00  1.991955e+00  1.034599e+00  
   3.5616300  2.137530e+00  1.324325e+00  2.137504e+00  1.324454e+00  1.968752e+00  1.082126e+00  
   3.5826299  2.115498e+00  1.374658e+00  2.115455e+00  1.374787e+00  1.944398e+00  1.125575e+00  
   3.6026299  2.093709e+00  1.420872e+00  2.093651e+00  1.421004e+00  1.920900e+00  1.163308e+00  
   3.6236300  2.070064e+00  1.467682e+00  2.069989e+00  1.467816e+00  1.896601e+00  1.199422e+00  
   3.6446300  2.045670e+00  1.512777e+00  2.045581e+00  1.512915e+00  1.873247e+00  1.232411e+00  
   3.6656301  2.020551e+00  1.556150e+00  2.020447e+00  1.556292e+00  1.851231e+00  1.262837e+00  
   3.6866300  1.994747e+00  1.597741e+00  1.994630e+00  1.597885e+00  1.830761e+00  1.291294e+00  
   3.7076299  1.968341e+00  1.637453e+00  1.968213e+00  1.637599e+00  1.811872e+00  1.318358e+00  
   3.7276299  1.942773e+00  1.673429e+00  1.942635e+00  1.673578e+00  1.795255e+00  1.343301e+00  
   3.7486300  1.915704e+00  1.709173e+00  1.915558e+00  1.709323e+00  1.779051e+00  1.369003e+00  
   3.7702301  1.887951e+00  1.743707e+00  1.887799e+00  1.743857e+00  1.763450e+00  1.395205e+00  
   3.7902300  1.862695e+00  1.773671e+00  1.862540e+00  1.773821e+00  1.749730e+00  1.419390e+00  
   3.8112299  1.837076e+00  1.803147e+00  1.836920e+00  1.803296e+00  1.735882e+00  1.444734e+00  
   3.8322301  1.812860e+00  1.830795e+00  1.812705e+00  1.830942e+00  1.722501e+00  1.469970e+00  
   3.8532300  1.790552e+00  1.856946e+00  1.790400e+00  1.857093e+00  1.709594e+00  1.494992e+00  
   3.8742299  1.770629e+00  1.882076e+00  1.770481e+00  1.882222e+00  1.697300e+00  1.519693e+00  
   3.8942299  1.754251e+00  1.905614e+00  1.754109e+00  1.905761e+00  1.686392e+00  1.542864e+00  
   3.9152300  1.740075e+00  1.930622e+00  1.739940e+00  1.930771e+00  1.676109e+00  1.566851e+00  
   3.9362299  1.729161e+00  1.956766e+00  1.729033e+00  1.956918e+00  1.667421e+00  1.590637e+00  
   3.9572301  1.721497e+00  1.984984e+00  1.721376e+00  1.985142e+00  1.660737e+00  1.614526e+00  
   3.9782300  1.716859e+00  2.016265e+00  1.716747e+00  2.016430e+00  1.656423e+00  1.638979e+00  
   3.9992299  1.714793e+00  2.051605e+00  1.714687e+00  2.051782e+00  1.654743e+00  1.664617e+00  
   4.0192299  1.714578e+00  2.089911e+00  1.714477e+00  2.090099e+00  1.655707e+00  1.690827e+00  
   4.0402298  1.715296e+00  2.135833e+00  1.715198e+00  2.136034e+00  1.659340e+00  1.721059e+00  
   4.0612302  1.715844e+00  2.188287e+00  1.715746e+00  2.188504e+00  1.665372e+00  1.754986e+00  
   4.0822301  1.714877e+00  2.247764e+00  1.714775e+00  2.247998e+00  1.673259e+00  1.793553e+00  
   4.1032300  1.710907e+00  2.314502e+00  1.710798e+00  2.314754e+00  1.682193e+00  1.837665e+00  
   4.1242299  1.702358e+00  2.388453e+00  1.702237e+00  2.388722e+00  1.691107e+00  1.888126e+00  
   4.1442299  1.688497e+00  2.465261e+00  1.688359e+00  2.465544e+00  1.698376e+00  1.942672e+00  
   4.1652298  1.666446e+00  2.551966e+00  1.666288e+00  2.552263e+00  1.703262e+00  2.007149e+00  
   4.1868300  1.634262e+00  2.646626e+00  1.634077e+00  2.646933e+00  1.703600e+00  2.081299e+00  
   4.2068300  1.594681e+00  2.738068e+00  1.594469e+00  2.738381e+00  1.697996e+00  2.156837e+00  
   4.2278299  1.541987e+00  2.836584e+00  1.541742e+00  2.836900e+00  1.684224e+00  2.242708e+00  
   4.2488298  1.477121e+00  2.936037e+00  1.476841e+00  2.936348e+00  1.660644e+00  2.334330e+00  
   4.2698302  1.399593e+00  3.034641e+00  1.399275e+00  3.034945e+00  1.625660e+00  2.430333e+00  
   4.2908301  1.309217e+00  3.130518e+00  1.308861e+00  3.130808e+00  1.577935e+00  2.528966e+00  
   4.3108301  1.211311e+00  3.217551e+00  1.210919e+00  3.217827e+00  1.519738e+00  2.623460e+00  
   4.3318300  1.096482e+00  3.302622e+00  1.096053e+00  3.302876e+00  1.444718e+00  2.721037e+00  
   4.3528299  9.700211e-01  3.379405e+00  9.695554e-01  3.379634e+00  1.355395e+00  2.814506e+00  
   4.3738298  8.328918e-01  3.446136e+00  8.323927e-01  3.446339e+00  1.252250e+00  2.901358e+00  
   4.3948302  6.863074e-01  3.501172e+00  6.857781e-01  3.501348e+00  1.136316e+00  2.979169e+00  
   4.4158301  5.317215e-01  3.543014e+00  5.311658e-01  3.543161e+00  1.009151e+00  3.045718e+00  
   4.4358301  3.785703e-01  3.569395e+00  3.779939e-01  3.569515e+00  8.794407e-01  3.096896e+00  
   4.4568300  2.133135e-01  3.581896e+00  2.127210e-01  3.581989e+00  7.364978e-01  3.136404e+00  
   4.4778299  4.548054e-02  3.577990e+00  4.487791e-02  3.578055e+00  5.892313e-01  3.160370e+00  
   4.4988298  -1.227760e-01  3.557122e+00  -1.233824e-01  3.557162e+00  4.403898e-01  3.168346e+00  
   4.5198302  -2.892053e-01  3.519069e+00  -2.898083e-01  3.519084e+00  2.927042e-01  3.160431e+00  
   4.5408301  -4.514889e-01  3.463987e+00  -4.520815e-01  3.463979e+00  1.487663e-01  3.137242e+00  
   4.5608301  -6.000842e-01  3.396207e+00  -6.006603e-01  3.396179e+00  1.729181e-02  3.101935e+00  
   4.5818300  -7.477044e-01  3.309884e+00  -7.482565e-01  3.309837e+00  -1.129667e-01  3.052366e+00  
   4.6034298  -8.884074e-01  3.206354e+00  -8.889279e-01  3.206288e+00  -2.369981e-01  2.989807e+00  
   4.6234298  -1.006898e+00  3.098845e+00  -1.007385e+00  3.098763e+00  -3.417868e-01  2.923187e+00  
   4.6444302  -1.117646e+00  2.975986e+00  -1.118092e+00  2.975890e+00  -4.407338e-01  2.846138e+00  
   4.6654301  -1.213288e+00  2.845300e+00  -1.213691e+00  2.845192e+00  -5.280398e-01  2.763733e+00  
   4.6864300  -1.293165e+00  2.709385e+00  -1.293522e+00  2.709266e+00  -6.037719e-01  2.677823e+00  
   4.7074299  -1.357100e+00  2.570910e+00  -1.357411e+00  2.570784e+00  -6.682936e-01  2.590107e+00  
   4.7274299  -1.403447e+00  2.439035e+00  -1.403714e+00  2.438905e+00  -7.198617e-01  2.506277e+00  
   4.7484298  -1.437560e+00  2.302915e+00  -1.437783e+00  2.302783e+00  -7.643580e-01  2.419206e+00  
   4.7694302  -1.457888e+00  2.171327e+00  -1.458069e+00  2.171194e+00  -7.998168e-01  2.334188e+00  
   4.7904301  -1.465866e+00  2.046090e+00  -1.466007e+00  2.045960e+00  -8.271520e-01  2.252117e+00  
   4.8114300  -1.463136e+00  1.928610e+00  -1.463241e+00  1.928484e+00  -8.472947e-01  2.173680e+00  
   4.8324299  -1.451445e+00  1.819878e+00  -1.451518e+00  1.819757e+00  -8.611590e-01  2.099383e+00  
   4.8524299  -1.433582e+00  1.724993e+00  -1.433627e+00  1.724877e+00  -8.693264e-01  2.032793e+00  
   4.8734298  -1.409371e+00  1.634681e+00  -1.409390e+00  1.634571e+00  -8.734010e-01  1.967444e+00  
   4.8944302  -1.381093e+00  1.553827e+00  -1.381088e+00  1.553723e+00  -8.736103e-01  1.906857e+00  
   4.9154301  -1.350113e+00  1.482098e+00  -1.350087e+00  1.482000e+00  -8.706406e-01  1.851011e+00  
   4.9364300  -1.317596e+00  1.418971e+00  -1.317552e+00  1.418879e+00  -8.651068e-01  1.799802e+00  
   4.9574299  -1.284503e+00  1.363798e+00  -1.284442e+00  1.363710e+00  -8.575508e-01  1.753054e+00  
   4.9774299  -1.253147e+00  1.317992e+00  -1.253071e+00  1.317908e+00  -8.489076e-01  1.712477e+00  
   4.9984298  -1.220954e+00  1.276257e+00  -1.220864e+00  1.276177e+00  -8.387027e-01  1.673766e+00  
