w Re-xx Im-xx Re-yy Im-yy Re-zz Im-zz
# Gaussian absolute broadening  0.15 [eV]
   0.0000000  7.678663e-01  8.817457e-05  7.678652e-01  8.817461e-05  7.268231e-01  7.948294e-05  
   0.0200000  7.679661e-01  9.436916e-05  7.679650e-01  9.436921e-05  7.269130e-01  8.506512e-05  
   0.0410000  7.680848e-01  1.014282e-04  7.680836e-01  1.014283e-04  7.270198e-01  9.142607e-05  
   0.0620000  7.682196e-01  1.090916e-04  7.682185e-01  1.090917e-04  7.271417e-01  9.833139e-05  
   0.0830000  7.683731e-01  1.173932e-04  7.683720e-01  1.173933e-04  7.272798e-01  1.058114e-04  
   0.1040000  7.685472e-01  1.263623e-04  7.685460e-01  1.263625e-04  7.274368e-01  1.138927e-04  
   0.1240000  7.687337e-01  1.355462e-04  7.687325e-01  1.355465e-04  7.276047e-01  1.221670e-04  
   0.1450000  7.689538e-01  1.458784e-04  7.689526e-01  1.458788e-04  7.278032e-01  1.314752e-04  
   0.1660000  7.692009e-01  1.569229e-04  7.691996e-01  1.569235e-04  7.280258e-01  1.414246e-04  
   0.1870000  7.694773e-01  1.686762e-04  7.694761e-01  1.686770e-04  7.282749e-01  1.520117e-04  
   0.2080000  7.697848e-01  1.811236e-04  7.697836e-01  1.811247e-04  7.285522e-01  1.632232e-04  
   0.2290000  7.701252e-01  1.942402e-04  7.701238e-01  1.942416e-04  7.288586e-01  1.750362e-04  
   0.2490000  7.704812e-01  2.073219e-04  7.704802e-01  2.073237e-04  7.291796e-01  1.868169e-04  
   0.2700000  7.708902e-01  2.216351e-04  7.708892e-01  2.216374e-04  7.295482e-01  1.997051e-04  
   0.2910000  7.713360e-01  2.364908e-04  7.713349e-01  2.364937e-04  7.299500e-01  2.130802e-04  
   0.3120000  7.718194e-01  2.518352e-04  7.718183e-01  2.518388e-04  7.303855e-01  2.268933e-04  
   0.3330000  7.723409e-01  2.676132e-04  7.723398e-01  2.676177e-04  7.308552e-01  2.410950e-04  
   0.3540000  7.729006e-01  2.837718e-04  7.728996e-01  2.837771e-04  7.313595e-01  2.556369e-04  
   0.3740000  7.734695e-01  2.994692e-04  7.734685e-01  2.994754e-04  7.318721e-01  2.697613e-04  
   0.3950000  7.741044e-01  3.162325e-04  7.741033e-01  3.162397e-04  7.324440e-01  2.848420e-04  
   0.4160000  7.747773e-01  3.332463e-04  7.747763e-01  3.332545e-04  7.330502e-01  3.001451e-04  
   0.4374300  7.755042e-01  3.508349e-04  7.755033e-01  3.508441e-04  7.337049e-01  3.159616e-04  
   0.4574300  7.762182e-01  3.674334e-04  7.762172e-01  3.674436e-04  7.343477e-01  3.308848e-04  
   0.4784300  7.770050e-01  3.850357e-04  7.770041e-01  3.850468e-04  7.350562e-01  3.467066e-04  
   0.4994300  7.778298e-01  4.028042e-04  7.778290e-01  4.028162e-04  7.357990e-01  3.626739e-04  
   0.5204300  7.786933e-01  4.207318e-04  7.786924e-01  4.207444e-04  7.365761e-01  3.787797e-04  
   0.5414300  7.795945e-01  4.388149e-04  7.795937e-01  4.388281e-04  7.373875e-01  3.950210e-04  
   0.5614300  7.804889e-01  4.561814e-04  7.804881e-01  4.561951e-04  7.381929e-01  4.106143e-04  
   0.5824300  7.814659e-01  4.745697e-04  7.814650e-01  4.745839e-04  7.390720e-01  4.271204e-04  
   0.6034300  7.824814e-01  4.931179e-04  7.824807e-01  4.931323e-04  7.399860e-01  4.437655e-04  
   0.6244300  7.835367e-01  5.118322e-04  7.835362e-01  5.118469e-04  7.409358e-01  4.605540e-04  
   0.6454300  7.846314e-01  5.307177e-04  7.846308e-01  5.307327e-04  7.419208e-01  4.774907e-04  
   0.6664300  7.857664e-01  5.497800e-04  7.857658e-01  5.497952e-04  7.429419e-01  4.945806e-04  
   0.6864300  7.868842e-01  5.681053e-04  7.868837e-01  5.681208e-04  7.439473e-01  5.110041e-04  
   0.7074300  7.880978e-01  5.875330e-04  7.880974e-01  5.875488e-04  7.450389e-01  5.284098e-04  
   0.7284300  7.893524e-01  6.071580e-04  7.893521e-01  6.071742e-04  7.461671e-01  5.459861e-04  
   0.7494300  7.906486e-01  6.269884e-04  7.906483e-01  6.270051e-04  7.473328e-01  5.637399e-04  
   0.7704300  7.919863e-01  6.470311e-04  7.919861e-01  6.470485e-04  7.485355e-01  5.816772e-04  
   0.7914300  7.933666e-01  6.672948e-04  7.933664e-01  6.673128e-04  7.497762e-01  5.998046e-04  
   0.8114300  7.947204e-01  6.868062e-04  7.947201e-01  6.868248e-04  7.509931e-01  6.172527e-04  
   0.8324300  7.961845e-01  7.075254e-04  7.961844e-01  7.075446e-04  7.523086e-01  6.357729e-04  
   0.8540300  7.977360e-01  7.290938e-04  7.977359e-01  7.291139e-04  7.537029e-01  6.550443e-04  
   0.8740300  7.992142e-01  7.493055e-04  7.992142e-01  7.493263e-04  7.550309e-01  6.730959e-04  
   0.8950300  8.008101e-01  7.707874e-04  8.008103e-01  7.708088e-04  7.564644e-01  6.922734e-04  
   0.9160300  8.024515e-01  7.925445e-04  8.024516e-01  7.925669e-04  7.579382e-01  7.116882e-04  
   0.9370300  8.041384e-01  8.145875e-04  8.041387e-01  8.146107e-04  7.594533e-01  7.313492e-04  
   0.9580300  8.058722e-01  8.369269e-04  8.058726e-01  8.369513e-04  7.610098e-01  7.512653e-04  
   0.9780300  8.075677e-01  8.584892e-04  8.075679e-01  8.585142e-04  7.625315e-01  7.704797e-04  
   0.9990300  8.093942e-01  8.814401e-04  8.093948e-01  8.814665e-04  7.641708e-01  7.909222e-04  
   1.0200300  8.112696e-01  9.047210e-04  8.112702e-01  9.047490e-04  7.658536e-01  8.116489e-04  
   1.0410300  8.131946e-01  9.283441e-04  8.131952e-01  9.283734e-04  7.675800e-01  8.326700e-04  
   1.0620300  8.151695e-01  9.523211e-04  8.151703e-01  9.523522e-04  7.693515e-01  8.539952e-04  
   1.0830300  8.171952e-01  9.766645e-04  8.171960e-01  9.766974e-04  7.711678e-01  8.756352e-04  
   1.1030300  8.191722e-01  1.000200e-03  8.191731e-01  1.000236e-03  7.729403e-01  8.965480e-04  
   1.1240300  8.212993e-01  1.025295e-03  8.213002e-01  1.025333e-03  7.748467e-01  9.188342e-04  
   1.1450300  8.234795e-01  1.050795e-03  8.234805e-01  1.050836e-03  7.768002e-01  9.414684e-04  
   1.1660300  8.257136e-01  1.076714e-03  8.257149e-01  1.076758e-03  7.788017e-01  9.644624e-04  
   1.1870300  8.280026e-01  1.103066e-03  8.280039e-01  1.103113e-03  7.808521e-01  9.878280e-04  
   1.2080300  8.303474e-01  1.129866e-03  8.303487e-01  1.129917e-03  7.829517e-01  1.011578e-03  
   1.2280300  8.326330e-01  1.155822e-03  8.326344e-01  1.155876e-03  7.849975e-01  1.034567e-03  
   1.2490300  8.350888e-01  1.183545e-03  8.350903e-01  1.183602e-03  7.871956e-01  1.059107e-03  
   1.2706300  8.376765e-01  1.212580e-03  8.376783e-01  1.212640e-03  7.895110e-01  1.084794e-03  
   1.2906300  8.401287e-01  1.239950e-03  8.401306e-01  1.240013e-03  7.917045e-01  1.108994e-03  
   1.3116300  8.427630e-01  1.269211e-03  8.427651e-01  1.269278e-03  7.940603e-01  1.134851e-03  
   1.3326300  8.454591e-01  1.299027e-03  8.454611e-01  1.299096e-03  7.964705e-01  1.161181e-03  
   1.3536299  8.482183e-01  1.329419e-03  8.482205e-01  1.329489e-03  7.989365e-01  1.188003e-03  
   1.3746300  8.510420e-01  1.360407e-03  8.510442e-01  1.360480e-03  8.014596e-01  1.215335e-03  
   1.3946300  8.537926e-01  1.390496e-03  8.537949e-01  1.390571e-03  8.039163e-01  1.241858e-03  
   1.4156300  8.567460e-01  1.422717e-03  8.567486e-01  1.422793e-03  8.065539e-01  1.270240e-03  
   1.4366300  8.597680e-01  1.455604e-03  8.597708e-01  1.455681e-03  8.092514e-01  1.299191e-03  
   1.4576300  8.628600e-01  1.489183e-03  8.628631e-01  1.489261e-03  8.120110e-01  1.328732e-03  
   1.4786299  8.660240e-01  1.523480e-03  8.660271e-01  1.523559e-03  8.148333e-01  1.358884e-03  
   1.4996300  8.692604e-01  1.558520e-03  8.692638e-01  1.558601e-03  8.177198e-01  1.389671e-03  
   1.5196300  8.724115e-01  1.592610e-03  8.724150e-01  1.592692e-03  8.205290e-01  1.419602e-03  
   1.5406300  8.757948e-01  1.629188e-03  8.757984e-01  1.629271e-03  8.235444e-01  1.451696e-03  
   1.5616300  8.792560e-01  1.666597e-03  8.792595e-01  1.666683e-03  8.266279e-01  1.484500e-03  
   1.5826300  8.827962e-01  1.704871e-03  8.828003e-01  1.704958e-03  8.297805e-01  1.518038e-03  
   1.6036299  8.864177e-01  1.744044e-03  8.864219e-01  1.744134e-03  8.330048e-01  1.552343e-03  
   1.6246300  8.901226e-01  1.784153e-03  8.901271e-01  1.784245e-03  8.363017e-01  1.587445e-03  
   1.6446300  8.937293e-01  1.823255e-03  8.937339e-01  1.823351e-03  8.395104e-01  1.621646e-03  
   1.6656300  8.976017e-01  1.865303e-03  8.976063e-01  1.865402e-03  8.429536e-01  1.658401e-03  
   1.6872300  9.016783e-01  1.909657e-03  9.016829e-01  1.909761e-03  8.465771e-01  1.697151e-03  
   1.7072300  9.055386e-01  1.951768e-03  9.055437e-01  1.951876e-03  8.500072e-01  1.733920e-03  
   1.7282300  9.096841e-01  1.997114e-03  9.096893e-01  1.997226e-03  8.536888e-01  1.773492e-03  
   1.7492300  9.139253e-01  2.043670e-03  9.139309e-01  2.043786e-03  8.574542e-01  1.814100e-03  
   1.7702301  9.182655e-01  2.091494e-03  9.182713e-01  2.091615e-03  8.613056e-01  1.855795e-03  
   1.7912300  9.227073e-01  2.140651e-03  9.227133e-01  2.140777e-03  8.652457e-01  1.898630e-03  
   1.8112299  9.270352e-01  2.188769e-03  9.270414e-01  2.188900e-03  8.690826e-01  1.940543e-03  
   1.8322300  9.316838e-01  2.240729e-03  9.316902e-01  2.240866e-03  8.732023e-01  1.985784e-03  
   1.8532300  9.364428e-01  2.294239e-03  9.364495e-01  2.294382e-03  8.774180e-01  2.032356e-03  
   1.8742300  9.413158e-01  2.349386e-03  9.413227e-01  2.349534e-03  8.817322e-01  2.080337e-03  
   1.8952301  9.463055e-01  2.406261e-03  9.463130e-01  2.406413e-03  8.861485e-01  2.129812e-03  
   1.9162300  9.514159e-01  2.464964e-03  9.514234e-01  2.465122e-03  8.906686e-01  2.180875e-03  
   1.9362299  9.563973e-01  2.522669e-03  9.564051e-01  2.522832e-03  8.950734e-01  2.231085e-03  
   1.9572300  9.617525e-01  2.585263e-03  9.617612e-01  2.585433e-03  8.998058e-01  2.285588e-03  
   1.9782300  9.672399e-01  2.650037e-03  9.672484e-01  2.650213e-03  9.046525e-01  2.342062e-03  
   1.9992300  9.728617e-01  2.717134e-03  9.728709e-01  2.717316e-03  9.096155e-01  2.400687e-03  
   2.0202301  9.786239e-01  2.786715e-03  9.786333e-01  2.786904e-03  9.147003e-01  2.461675e-03  
   2.0412300  9.845303e-01  2.858953e-03  9.845399e-01  2.859148e-03  9.199095e-01  2.525276e-03  
   2.0612299  9.902934e-01  2.930403e-03  9.903033e-01  2.930606e-03  9.249897e-01  2.588549e-03  
   2.0822301  9.964952e-01  3.008424e-03  9.965059e-01  3.008634e-03  9.304543e-01  2.658156e-03  
   2.1038301  1.003041e+00  3.092129e-03  1.003052e+00  3.092349e-03  9.362186e-01  2.733557e-03  
   2.1238301  1.009257e+00  3.173018e-03  1.009268e+00  3.173246e-03  9.416891e-01  2.807244e-03  
   2.1448300  1.015951e+00  3.261747e-03  1.015963e+00  3.261986e-03  9.475774e-01  2.889126e-03  
   2.1658299  1.022822e+00  3.354698e-03  1.022834e+00  3.354949e-03  9.536176e-01  2.976201e-03  
   2.1868300  1.029877e+00  3.452249e-03  1.029889e+00  3.452512e-03  9.598156e-01  3.069111e-03  
   2.2078300  1.037122e+00  3.554805e-03  1.037135e+00  3.555081e-03  9.661767e-01  3.168541e-03  
   2.2278299  1.044208e+00  3.657544e-03  1.044221e+00  3.657835e-03  9.723924e-01  3.269979e-03  
   2.2488301  1.051849e+00  3.771209e-03  1.051863e+00  3.771516e-03  9.790902e-01  3.384312e-03  
   2.2698300  1.059703e+00  3.891317e-03  1.059718e+00  3.891640e-03  9.859697e-01  3.507444e-03  
   2.2908299  1.067782e+00  4.018438e-03  1.067796e+00  4.018780e-03  9.930378e-01  3.640201e-03  
   2.3118300  1.076092e+00  4.153175e-03  1.076108e+00  4.153537e-03  1.000302e+00  3.783406e-03  
   2.3328300  1.084645e+00  4.296169e-03  1.084661e+00  4.296552e-03  1.007769e+00  3.937869e-03  
   2.3528299  1.093025e+00  4.440658e-03  1.093042e+00  4.441061e-03  1.015076e+00  4.096179e-03  
   2.3738301  1.102080e+00  4.601791e-03  1.102098e+00  4.602216e-03  1.022962e+00  4.274913e-03  
   2.3948300  1.111411e+00  4.773325e-03  1.111430e+00  4.773777e-03  1.031076e+00  4.467194e-03  
   2.4158299  1.121029e+00  4.956089e-03  1.121049e+00  4.956566e-03  1.039428e+00  4.673748e-03  
   2.4368300  1.130949e+00  5.150963e-03  1.130969e+00  5.151467e-03  1.048026e+00  4.895280e-03  
   2.4578300  1.141186e+00  5.358894e-03  1.141206e+00  5.359430e-03  1.056884e+00  5.132486e-03  
   2.4778299  1.151242e+00  5.570016e-03  1.151264e+00  5.570579e-03  1.065571e+00  5.373620e-03  
   2.4988301  1.162142e+00  5.806533e-03  1.162165e+00  5.807131e-03  1.074969e+00  5.643526e-03  
   2.5204301  1.173738e+00  6.066991e-03  1.173762e+00  6.067628e-03  1.084946e+00  5.939863e-03  
   2.5404301  1.184843e+00  6.325046e-03  1.184867e+00  6.325723e-03  1.094480e+00  6.232074e-03  
   2.5614300  1.196903e+00  6.615108e-03  1.196929e+00  6.615828e-03  1.104813e+00  6.558424e-03  
   2.5824299  1.209399e+00  6.926676e-03  1.209426e+00  6.927446e-03  1.115495e+00  6.906124e-03  
   2.6034300  1.222361e+00  7.262126e-03  1.222389e+00  7.262949e-03  1.126547e+00  7.276853e-03  
   2.6244299  1.235817e+00  7.624356e-03  1.235846e+00  7.625243e-03  1.137992e+00  7.672684e-03  
   2.6444299  1.249124e+00  7.997589e-03  1.249154e+00  7.998538e-03  1.149281e+00  8.075418e-03  
   2.6654301  1.263650e+00  8.423630e-03  1.263682e+00  8.424657e-03  1.161568e+00  8.528519e-03  
   2.6864300  1.278784e+00  8.890652e-03  1.278817e+00  8.891763e-03  1.174330e+00  9.016762e-03  
   2.7074299  1.294575e+00  9.406758e-03  1.294610e+00  9.407966e-03  1.187604e+00  9.545660e-03  
   2.7284300  1.311079e+00  9.982880e-03  1.311116e+00  9.984202e-03  1.201426e+00  1.012236e-02  
   2.7494299  1.328357e+00  1.063385e-02  1.328396e+00  1.063531e-02  1.215838e+00  1.075623e-02  
   2.7694299  1.345595e+00  1.134191e-02  1.345636e+00  1.134352e-02  1.230157e+00  1.142428e-02  
   2.7904301  1.364594e+00  1.220423e-02  1.364637e+00  1.220603e-02  1.245866e+00  1.220876e-02  
   2.8114300  1.384601e+00  1.322491e-02  1.384646e+00  1.322696e-02  1.262323e+00  1.309897e-02  
   2.8324299  1.405712e+00  1.445400e-02  1.405760e+00  1.445635e-02  1.279596e+00  1.412237e-02  
   2.8534300  1.428040e+00  1.595835e-02  1.428091e+00  1.596111e-02  1.297757e+00  1.531473e-02  
   2.8744299  1.451700e+00  1.782609e-02  1.451754e+00  1.782936e-02  1.316887e+00  1.672236e-02  
   2.8944299  1.475588e+00  2.004719e-02  1.475645e+00  2.005110e-02  1.336089e+00  1.831751e-02  
   2.9154301  1.502213e+00  2.298347e-02  1.502274e+00  2.298825e-02  1.357374e+00  2.033236e-02  
   2.9370301  1.531380e+00  2.683818e-02  1.531445e+00  2.684413e-02  1.380574e+00  2.286719e-02  
   2.9570301  1.560104e+00  3.137115e-02  1.560173e+00  3.137847e-02  1.403335e+00  2.574420e-02  
   2.9780300  1.592134e+00  3.738821e-02  1.592209e+00  3.739738e-02  1.428661e+00  2.945666e-02  
   2.9990301  1.626144e+00  4.500304e-02  1.626225e+00  4.501450e-02  1.455549e+00  3.405510e-02  
   3.0200300  1.662152e+00  5.457440e-02  1.662238e+00  5.458870e-02  1.484090e+00  3.975610e-02  
   3.0410299  1.700114e+00  6.650104e-02  1.700207e+00  6.651882e-02  1.514357e+00  4.681652e-02  
   3.0610299  1.737980e+00  8.044121e-02  1.738078e+00  8.046290e-02  1.544829e+00  5.507735e-02  
   3.0820301  1.779337e+00  9.821458e-02  1.779441e+00  9.824112e-02  1.578555e+00  6.569014e-02  
   3.1030300  1.822030e+00  1.196318e-01  1.822140e+00  1.196640e-01  1.614002e+00  7.865860e-02  
   3.1240301  1.865652e+00  1.451038e-01  1.865768e+00  1.451423e-01  1.651052e+00  9.438819e-02  
   3.1450300  1.909687e+00  1.749849e-01  1.909808e+00  1.750303e-01  1.689502e+00  1.133010e-01  
   3.1660299  1.953528e+00  2.095463e-01  1.953654e+00  2.095994e-01  1.729050e+00  1.358200e-01  
   3.1860299  1.994469e+00  2.469611e-01  1.994597e+00  2.470219e-01  1.767371e+00  1.609866e-01  
   3.2070301  2.035893e+00  2.909990e-01  2.036025e+00  2.910682e-01  1.807805e+00  1.916578e-01  
   3.2280300  2.074964e+00  3.397859e-01  2.075096e+00  3.398638e-01  1.847836e+00  2.269519e-01  
   3.2490301  2.110936e+00  3.930461e-01  2.111067e+00  3.931326e-01  1.886758e+00  2.670434e-01  
   3.2700300  2.143121e+00  4.503454e-01  2.143249e+00  4.504403e-01  1.923791e+00  3.119700e-01  
   3.2910299  2.170922e+00  5.111100e-01  2.171047e+00  5.112132e-01  1.958113e+00  3.616132e-01  
   3.3110299  2.192903e+00  5.715723e-01  2.193022e+00  5.716832e-01  1.987521e+00  4.130116e-01  
   3.3320301  2.210964e+00  6.370393e-01  2.211077e+00  6.371575e-01  2.014199e+00  4.708539e-01  
   3.3536301  2.224042e+00  7.056544e-01  2.224146e+00  7.057797e-01  2.036422e+00  5.338214e-01  
   3.3736300  2.231215e+00  7.695872e-01  2.231309e+00  7.697186e-01  2.051743e+00  5.945166e-01  
   3.3946300  2.233838e+00  8.363963e-01  2.233922e+00  8.365337e-01  2.062007e+00  6.598257e-01  
   3.4156301  2.231779e+00  9.022197e-01  2.231853e+00  9.023624e-01  2.066120e+00  7.257622e-01  
   3.4366300  2.225500e+00  9.665017e-01  2.225562e+00  9.666501e-01  2.064121e+00  7.912834e-01  
   3.4576299  2.215539e+00  1.028829e+00  2.215588e+00  1.028982e+00  2.056285e+00  8.553730e-01  
   3.4776299  2.203144e+00  1.086120e+00  2.203182e+00  1.086278e+00  2.043851e+00  9.142193e-01  
   3.4986300  2.187611e+00  1.143973e+00  2.187636e+00  1.144135e+00  2.026243e+00  9.729289e-01  
   3.5196300  2.169998e+00  1.199444e+00  2.170012e+00  1.199611e+00  2.004808e+00  1.027859e+00  
   3.5406301  2.150743e+00  1.252607e+00  2.150745e+00  1.252778e+00  1.980494e+00  1.078581e+00  
   3.5616300  2.130192e+00  1.303589e+00  2.130184e+00  1.303763e+00  1.954290e+00  1.124893e+00  
   3.5826299  2.108603e+00  1.352545e+00  2.108584e+00  1.352722e+00  1.927160e+00  1.166820e+00  
   3.6026299  2.087233e+00  1.397420e+00  2.087206e+00  1.397599e+00  1.901262e+00  1.202886e+00  
   3.6236300  2.064050e+00  1.442812e+00  2.064014e+00  1.442991e+00  1.874720e+00  1.237089e+00  
   3.6446300  2.040173e+00  1.486498e+00  2.040130e+00  1.486676e+00  1.849403e+00  1.268059e+00  
   3.6656301  2.015663e+00  1.528490e+00  2.015614e+00  1.528666e+00  1.825689e+00  1.296408e+00  
   3.6866300  1.990601e+00  1.568750e+00  1.990548e+00  1.568921e+00  1.803759e+00  1.322760e+00  
   3.7076299  1.965117e+00  1.607204e+00  1.965061e+00  1.607369e+00  1.783623e+00  1.347703e+00  
   3.7276299  1.940632e+00  1.642069e+00  1.940575e+00  1.642228e+00  1.765995e+00  1.370609e+00  
   3.7486300  1.914958e+00  1.676766e+00  1.914900e+00  1.676917e+00  1.748900e+00  1.394145e+00  
   3.7702301  1.888944e+00  1.710391e+00  1.888888e+00  1.710534e+00  1.732563e+00  1.418069e+00  
   3.7902300  1.865597e+00  1.739707e+00  1.865544e+00  1.739842e+00  1.718334e+00  1.440087e+00  
   3.8112299  1.842289e+00  1.768757e+00  1.842241e+00  1.768884e+00  1.704146e+00  1.463092e+00  
   3.8322301  1.820682e+00  1.796303e+00  1.820639e+00  1.796425e+00  1.690640e+00  1.485928e+00  
   3.8532300  1.801231e+00  1.822751e+00  1.801194e+00  1.822868e+00  1.677840e+00  1.508512e+00  
   3.8742299  1.784341e+00  1.848645e+00  1.784311e+00  1.848759e+00  1.665888e+00  1.530780e+00  
   3.8942299  1.770923e+00  1.873403e+00  1.770899e+00  1.873516e+00  1.655512e+00  1.551689e+00  
   3.9152300  1.759817e+00  1.900248e+00  1.759801e+00  1.900363e+00  1.645978e+00  1.573421e+00  
   3.9362299  1.751799e+00  1.928818e+00  1.751789e+00  1.928939e+00  1.638182e+00  1.595149e+00  
   3.9572301  1.746719e+00  1.960035e+00  1.746715e+00  1.960165e+00  1.632464e+00  1.617245e+00  
   3.9782300  1.744218e+00  1.994835e+00  1.744220e+00  1.994978e+00  1.629109e+00  1.640234e+00  
   3.9992299  1.743723e+00  2.034124e+00  1.743727e+00  2.034281e+00  1.628295e+00  1.664782e+00  
   4.0192299  1.744392e+00  2.076470e+00  1.744399e+00  2.076644e+00  1.629915e+00  1.690328e+00  
   4.0402298  1.745339e+00  2.126784e+00  1.745345e+00  2.126978e+00  1.633990e+00  1.720263e+00  
   4.0612302  1.745376e+00  2.183614e+00  1.745379e+00  2.183828e+00  1.640151e+00  1.754283e+00  
   4.0822301  1.743177e+00  2.247275e+00  1.743175e+00  2.247511e+00  1.647814e+00  1.793296e+00  
   4.1032300  1.737308e+00  2.317841e+00  1.737298e+00  2.318098e+00  1.656159e+00  1.838149e+00  
   4.1242299  1.726280e+00  2.395116e+00  1.726259e+00  2.395393e+00  1.664130e+00  1.889571e+00  
   4.1442299  1.709621e+00  2.474518e+00  1.709586e+00  2.474812e+00  1.670204e+00  1.945160e+00  
   4.1652298  1.684294e+00  2.563275e+00  1.684241e+00  2.563584e+00  1.673579e+00  2.010782e+00  
   4.1868300  1.648513e+00  2.659288e+00  1.648440e+00  2.659608e+00  1.672163e+00  2.086070e+00  
   4.2068300  1.605515e+00  2.751306e+00  1.605420e+00  2.751630e+00  1.664827e+00  2.162543e+00  
   4.2278299  1.549250e+00  2.849767e+00  1.549130e+00  2.850091e+00  1.649206e+00  2.249197e+00  
   4.2488298  1.480924e+00  2.948556e+00  1.480778e+00  2.948874e+00  1.623823e+00  2.341327e+00  
   4.2698302  1.400113e+00  3.045985e+00  1.399939e+00  3.046292e+00  1.587152e+00  2.437509e+00  
   4.2908301  1.306680e+00  3.140277e+00  1.306476e+00  3.140565e+00  1.537916e+00  2.535943e+00  
   4.3108301  1.206090e+00  3.225522e+00  1.205858e+00  3.225787e+00  1.478481e+00  2.629873e+00  
   4.3318300  1.088687e+00  3.308518e+00  1.088426e+00  3.308754e+00  1.402400e+00  2.726449e+00  
   4.3528299  9.598879e-01  3.383117e+00  9.595988e-01  3.383320e+00  1.312270e+00  2.818496e+00  
   4.3738298  8.206429e-01  3.447637e+00  8.203257e-01  3.447805e+00  1.208571e+00  2.903523e+00  
   4.3948302  6.721430e-01  3.500497e+00  6.718002e-01  3.500627e+00  1.092317e+00  2.979128e+00  
   4.4158301  5.158275e-01  3.540251e+00  5.154607e-01  3.540343e+00  9.650484e-01  3.043134e+00  
   4.4358301  3.611946e-01  3.564761e+00  3.608077e-01  3.564817e+00  8.354102e-01  3.091617e+00  
   4.4568300  1.945596e-01  3.575448e+00  1.941545e-01  3.575465e+00  6.926969e-01  3.128064e+00  
   4.4778299  2.554414e-02  3.569908e+00  2.512438e-02  3.569888e+00  5.457908e-01  3.148791e+00  
   4.4988298  -1.436771e-01  3.547606e+00  -1.441077e-01  3.547550e+00  3.974209e-01  3.153416e+00  
   4.5198302  -3.108249e-01  3.508342e+00  -3.112620e-01  3.508255e+00  2.503062e-01  3.142108e+00  
   4.5408301  -4.735525e-01  3.452297e+00  -4.739915e-01  3.452180e+00  1.070376e-01  3.115556e+00  
   4.5608301  -6.222935e-01  3.383850e+00  -6.227306e-01  3.383707e+00  -2.369978e-02  3.077146e+00  
   4.5818300  -7.697634e-01  3.297115e+00  -7.701935e-01  3.296949e+00  -1.530631e-01  3.024494e+00  
   4.6034298  -9.099860e-01  3.193489e+00  -9.104043e-01  3.193303e+00  -2.760203e-01  2.959041e+00  
   4.6234298  -1.027753e+00  3.086203e+00  -1.028157e+00  3.086001e+00  -3.796525e-01  2.890066e+00  
   4.6444302  -1.137480e+00  2.963908e+00  -1.137864e+00  2.963693e+00  -4.771969e-01  2.810957e+00  
   4.6654301  -1.231881e+00  2.834122e+00  -1.232244e+00  2.833896e+00  -5.628937e-01  2.726987e+00  
   4.6864300  -1.310351e+00  2.699427e+00  -1.310690e+00  2.699196e+00  -6.368077e-01  2.640063e+00  
   4.7074299  -1.372776e+00  2.562465e+00  -1.373089e+00  2.562231e+00  -6.993136e-01  2.551929e+00  
   4.7274299  -1.417648e+00  2.432269e+00  -1.417935e+00  2.432034e+00  -7.488019e-01  2.468272e+00  
   4.7484298  -1.450230e+00  2.298118e+00  -1.450492e+00  2.297885e+00  -7.909849e-01  2.381982e+00  
   4.7694302  -1.469097e+00  2.168658e+00  -1.469332e+00  2.168431e+00  -8.240470e-01  2.298327e+00  
   4.7904301  -1.475725e+00  2.045656e+00  -1.475936e+00  2.045434e+00  -8.489603e-01  2.218148e+00  
   4.8114300  -1.471789e+00  1.930462e+00  -1.471977e+00  1.930248e+00  -8.667153e-01  2.142057e+00  
   4.8324299  -1.459052e+00  1.824016e+00  -1.459218e+00  1.823812e+00  -8.782839e-01  2.070474e+00  
   4.8524299  -1.440350e+00  1.731271e+00  -1.440496e+00  1.731076e+00  -8.843980e-01  2.006716e+00  
   4.8734298  -1.415420e+00  1.643133e+00  -1.415547e+00  1.642947e+00  -8.864976e-01  1.944504e+00  
   4.8944302  -1.386580e+00  1.564347e+00  -1.386690e+00  1.564172e+00  -8.849483e-01  1.887124e+00  
   4.9154301  -1.355183e+00  1.494560e+00  -1.355275e+00  1.494395e+00  -8.804576e-01  1.834466e+00  
   4.9364300  -1.322375e+00  1.433235e+00  -1.322452e+00  1.433080e+00  -8.736498e-01  1.786342e+00  
   4.9574299  -1.289098e+00  1.379718e+00  -1.289161e+00  1.379572e+00  -8.650666e-01  1.742513e+00  
   4.9774299  -1.257652e+00  1.335349e+00  -1.257701e+00  1.335213e+00  -8.556663e-01  1.704513e+00  
   4.9984298  -1.225434e+00  1.294980e+00  -1.225469e+00  1.294852e+00  -8.448846e-01  1.668258e+00  
