w Re-xx Im-xx Re-yy Im-yy Re-zz Im-zz
# Gaussian absolute broadening  0.15 [eV]
   0.0000000  7.678559e-01  8.817457e-05  7.678607e-01  8.817460e-05  7.271676e-01  7.960307e-05  
   0.0200000  7.679558e-01  9.436916e-05  7.679605e-01  9.436920e-05  7.272578e-01  8.519425e-05  
   0.0410000  7.680743e-01  1.014282e-04  7.680790e-01  1.014283e-04  7.273649e-01  9.156547e-05  
   0.0620000  7.682093e-01  1.090915e-04  7.682140e-01  1.090916e-04  7.274866e-01  9.848194e-05  
   0.0830000  7.683625e-01  1.173931e-04  7.683674e-01  1.173933e-04  7.276254e-01  1.059741e-04  
   0.1040000  7.685366e-01  1.263623e-04  7.685415e-01  1.263625e-04  7.277822e-01  1.140684e-04  
   0.1240000  7.687231e-01  1.355462e-04  7.687281e-01  1.355464e-04  7.279506e-01  1.223561e-04  
   0.1450000  7.689433e-01  1.458783e-04  7.689481e-01  1.458787e-04  7.281492e-01  1.316796e-04  
   0.1660000  7.691903e-01  1.569228e-04  7.691954e-01  1.569233e-04  7.283726e-01  1.416453e-04  
   0.1870000  7.694667e-01  1.686760e-04  7.694716e-01  1.686767e-04  7.286221e-01  1.522499e-04  
   0.2080000  7.697742e-01  1.811234e-04  7.697790e-01  1.811243e-04  7.288996e-01  1.634802e-04  
   0.2290000  7.701146e-01  1.942399e-04  7.701193e-01  1.942410e-04  7.292067e-01  1.753133e-04  
   0.2490000  7.704707e-01  2.073215e-04  7.704756e-01  2.073230e-04  7.295282e-01  1.871141e-04  
   0.2700000  7.708799e-01  2.216346e-04  7.708847e-01  2.216366e-04  7.298973e-01  2.000248e-04  
   0.2910000  7.713256e-01  2.364900e-04  7.713305e-01  2.364925e-04  7.302998e-01  2.134234e-04  
   0.3120000  7.718088e-01  2.518342e-04  7.718139e-01  2.518374e-04  7.307360e-01  2.272613e-04  
   0.3330000  7.723303e-01  2.676119e-04  7.723352e-01  2.676159e-04  7.312065e-01  2.414888e-04  
   0.3540000  7.728902e-01  2.837700e-04  7.728953e-01  2.837750e-04  7.317117e-01  2.560572e-04  
   0.3740000  7.734590e-01  2.994670e-04  7.734641e-01  2.994728e-04  7.322249e-01  2.702078e-04  
   0.3950000  7.740937e-01  3.162297e-04  7.740989e-01  3.162367e-04  7.327977e-01  2.853170e-04  
   0.4160000  7.747669e-01  3.332429e-04  7.747719e-01  3.332511e-04  7.334051e-01  3.006491e-04  
   0.4374300  7.754935e-01  3.508307e-04  7.754987e-01  3.508402e-04  7.340608e-01  3.164961e-04  
   0.4574300  7.762077e-01  3.674286e-04  7.762127e-01  3.674393e-04  7.347049e-01  3.314480e-04  
   0.4784300  7.769943e-01  3.850300e-04  7.769995e-01  3.850421e-04  7.354147e-01  3.473006e-04  
   0.4994300  7.778193e-01  4.027977e-04  7.778246e-01  4.028110e-04  7.361587e-01  3.632991e-04  
   0.5204300  7.786825e-01  4.207243e-04  7.786877e-01  4.207391e-04  7.369369e-01  3.794367e-04  
   0.5414300  7.795838e-01  4.388066e-04  7.795892e-01  4.388227e-04  7.377500e-01  3.957100e-04  
   0.5614300  7.804780e-01  4.561723e-04  7.804837e-01  4.561896e-04  7.385567e-01  4.113343e-04  
   0.5824300  7.814552e-01  4.745598e-04  7.814606e-01  4.745784e-04  7.394373e-01  4.278732e-04  
   0.6034300  7.824709e-01  4.931074e-04  7.824761e-01  4.931270e-04  7.403530e-01  4.445516e-04  
   0.6244300  7.835262e-01  5.118211e-04  7.835316e-01  5.118418e-04  7.413044e-01  4.613742e-04  
   0.6454300  7.846209e-01  5.307061e-04  7.846264e-01  5.307279e-04  7.422911e-01  4.783449e-04  
   0.6664300  7.857557e-01  5.497683e-04  7.857614e-01  5.497909e-04  7.433138e-01  4.954698e-04  
   0.6864300  7.868736e-01  5.680932e-04  7.868792e-01  5.681168e-04  7.443212e-01  5.119272e-04  
   0.7074300  7.880872e-01  5.875209e-04  7.880930e-01  5.875454e-04  7.454148e-01  5.293690e-04  
   0.7284300  7.893420e-01  6.071459e-04  7.893475e-01  6.071712e-04  7.465451e-01  5.469822e-04  
   0.7494300  7.906379e-01  6.269763e-04  7.906437e-01  6.270026e-04  7.477127e-01  5.647733e-04  
   0.7704300  7.919757e-01  6.470192e-04  7.919815e-01  6.470463e-04  7.489177e-01  5.827490e-04  
   0.7914300  7.933561e-01  6.672830e-04  7.933620e-01  6.673110e-04  7.501607e-01  6.009162e-04  
   0.8114300  7.947097e-01  6.867945e-04  7.947159e-01  6.868233e-04  7.513797e-01  6.184024e-04  
   0.8324300  7.961738e-01  7.075138e-04  7.961799e-01  7.075435e-04  7.526978e-01  6.369640e-04  
   0.8540300  7.977254e-01  7.290823e-04  7.977315e-01  7.291129e-04  7.540947e-01  6.562793e-04  
   0.8740300  7.992037e-01  7.492938e-04  7.992097e-01  7.493255e-04  7.554251e-01  6.743725e-04  
   0.8950300  8.007994e-01  7.707757e-04  8.008059e-01  7.708080e-04  7.568614e-01  6.935950e-04  
   0.9160300  8.024408e-01  7.925326e-04  8.024470e-01  7.925663e-04  7.583380e-01  7.130562e-04  
   0.9370300  8.041279e-01  8.145752e-04  8.041341e-01  8.146100e-04  7.598557e-01  7.327649e-04  
   0.9580300  8.058616e-01  8.369141e-04  8.058680e-01  8.369504e-04  7.614155e-01  7.527302e-04  
   0.9780300  8.075569e-01  8.584759e-04  8.075634e-01  8.585132e-04  7.629399e-01  7.719928e-04  
   0.9990300  8.093836e-01  8.814261e-04  8.093902e-01  8.814652e-04  7.645826e-01  7.924875e-04  
   1.0200300  8.112591e-01  9.047064e-04  8.112657e-01  9.047472e-04  7.662686e-01  8.132680e-04  
   1.0410300  8.131838e-01  9.283288e-04  8.131905e-01  9.283711e-04  7.679986e-01  8.343445e-04  
   1.0620300  8.151587e-01  9.523049e-04  8.151656e-01  9.523493e-04  7.697735e-01  8.557271e-04  
   1.0830300  8.171845e-01  9.766475e-04  8.171915e-01  9.766936e-04  7.715936e-01  8.774268e-04  
   1.1030300  8.191614e-01  1.000183e-03  8.191684e-01  1.000230e-03  7.733697e-01  8.983972e-04  
   1.1240300  8.212885e-01  1.025277e-03  8.212956e-01  1.025327e-03  7.752801e-01  9.207471e-04  
   1.1450300  8.234686e-01  1.050776e-03  8.234758e-01  1.050828e-03  7.772376e-01  9.434464e-04  
   1.1660300  8.257028e-01  1.076695e-03  8.257102e-01  1.076749e-03  7.792434e-01  9.665081e-04  
   1.1870300  8.279919e-01  1.103047e-03  8.279993e-01  1.103102e-03  7.812980e-01  9.899434e-04  
   1.2080300  8.303364e-01  1.129847e-03  8.303441e-01  1.129904e-03  7.834020e-01  1.013766e-03  
   1.2280300  8.326219e-01  1.155803e-03  8.326296e-01  1.155861e-03  7.854524e-01  1.036827e-03  
   1.2490300  8.350778e-01  1.183525e-03  8.350855e-01  1.183585e-03  7.876552e-01  1.061445e-03  
   1.2706300  8.376656e-01  1.212560e-03  8.376736e-01  1.212622e-03  7.899759e-01  1.087216e-03  
   1.2906300  8.401176e-01  1.239930e-03  8.401256e-01  1.239993e-03  7.921743e-01  1.111496e-03  
   1.3116300  8.427519e-01  1.269192e-03  8.427600e-01  1.269256e-03  7.945353e-01  1.137442e-03  
   1.3326300  8.454479e-01  1.299007e-03  8.454563e-01  1.299073e-03  7.969511e-01  1.163865e-03  
   1.3536299  8.482071e-01  1.329397e-03  8.482156e-01  1.329465e-03  7.994229e-01  1.190784e-03  
   1.3746300  8.510308e-01  1.360385e-03  8.510394e-01  1.360454e-03  8.019517e-01  1.218218e-03  
   1.3946300  8.537812e-01  1.390473e-03  8.537901e-01  1.390544e-03  8.044147e-01  1.244842e-03  
   1.4156300  8.567347e-01  1.422692e-03  8.567437e-01  1.422765e-03  8.070585e-01  1.273338e-03  
   1.4366300  8.597568e-01  1.455577e-03  8.597659e-01  1.455653e-03  8.097627e-01  1.302408e-03  
   1.4576300  8.628489e-01  1.489154e-03  8.628580e-01  1.489232e-03  8.125290e-01  1.332075e-03  
   1.4786299  8.660123e-01  1.523448e-03  8.660219e-01  1.523529e-03  8.153584e-01  1.362362e-03  
   1.4996300  8.692489e-01  1.558487e-03  8.692586e-01  1.558571e-03  8.182522e-01  1.393294e-03  
   1.5196300  8.724002e-01  1.592575e-03  8.724098e-01  1.592661e-03  8.210689e-01  1.423374e-03  
   1.5406300  8.757833e-01  1.629150e-03  8.757933e-01  1.629239e-03  8.240922e-01  1.455640e-03  
   1.5616300  8.792442e-01  1.666557e-03  8.792543e-01  1.666650e-03  8.271840e-01  1.488634e-03  
   1.5826300  8.827844e-01  1.704829e-03  8.827948e-01  1.704925e-03  8.303458e-01  1.522386e-03  
   1.6036299  8.864060e-01  1.743999e-03  8.864166e-01  1.744098e-03  8.335790e-01  1.556935e-03  
   1.6246300  8.901108e-01  1.784105e-03  8.901213e-01  1.784208e-03  8.368853e-01  1.592321e-03  
   1.6446300  8.937175e-01  1.823205e-03  8.937284e-01  1.823312e-03  8.401033e-01  1.626839e-03  
   1.6656300  8.975897e-01  1.865251e-03  8.976008e-01  1.865360e-03  8.435569e-01  1.663988e-03  
   1.6872300  9.016662e-01  1.909601e-03  9.016774e-01  1.909714e-03  8.471915e-01  1.703226e-03  
   1.7072300  9.055265e-01  1.951707e-03  9.055380e-01  1.951823e-03  8.506323e-01  1.740540e-03  
   1.7282300  9.096719e-01  1.997045e-03  9.096835e-01  1.997166e-03  8.543258e-01  1.780803e-03  
   1.7492300  9.139130e-01  2.043590e-03  9.139249e-01  2.043715e-03  8.581035e-01  1.822246e-03  
   1.7702301  9.182532e-01  2.091399e-03  9.182651e-01  2.091529e-03  8.619681e-01  1.864945e-03  
   1.7912300  9.226947e-01  2.140536e-03  9.227072e-01  2.140669e-03  8.659217e-01  1.908985e-03  
   1.8112299  9.270222e-01  2.188627e-03  9.270352e-01  2.188765e-03  8.697721e-01  1.952255e-03  
   1.8322300  9.316708e-01  2.240551e-03  9.316839e-01  2.240693e-03  8.739067e-01  1.999174e-03  
   1.8532300  9.364297e-01  2.294014e-03  9.364429e-01  2.294161e-03  8.781380e-01  2.047709e-03  
   1.8742300  9.413024e-01  2.349101e-03  9.413159e-01  2.349252e-03  8.824684e-01  2.097970e-03  
   1.8952301  9.462922e-01  2.405900e-03  9.463060e-01  2.406056e-03  8.869014e-01  2.150074e-03  
   1.9162300  9.514023e-01  2.464511e-03  9.514164e-01  2.464673e-03  8.914391e-01  2.204149e-03  
   1.9362299  9.563836e-01  2.522114e-03  9.563977e-01  2.522281e-03  8.958609e-01  2.257617e-03  
   1.9572300  9.617385e-01  2.584583e-03  9.617533e-01  2.584755e-03  9.006125e-01  2.315985e-03  
   1.9782300  9.672256e-01  2.649216e-03  9.672408e-01  2.649392e-03  9.054787e-01  2.376828e-03  
   1.9992300  9.728474e-01  2.716154e-03  9.728627e-01  2.716337e-03  9.104624e-01  2.440372e-03  
   2.0202301  9.786092e-01  2.785562e-03  9.786253e-01  2.785751e-03  9.155683e-01  2.506884e-03  
   2.0412300  9.845157e-01  2.857615e-03  9.845317e-01  2.857809e-03  9.207992e-01  2.576668e-03  
   2.0612299  9.902788e-01  2.928876e-03  9.902952e-01  2.929078e-03  9.259016e-01  2.646488e-03  
   2.0822301  9.964803e-01  3.006686e-03  9.964970e-01  3.006896e-03  9.313884e-01  2.723706e-03  
   2.1038301  1.003026e+00  3.090163e-03  1.003043e+00  3.090382e-03  9.371772e-01  2.807757e-03  
   2.1238301  1.009241e+00  3.170823e-03  1.009259e+00  3.171050e-03  9.426711e-01  2.890213e-03  
   2.1448300  1.015935e+00  3.259291e-03  1.015953e+00  3.259528e-03  9.485844e-01  2.982091e-03  
   2.1658299  1.022805e+00  3.351949e-03  1.022824e+00  3.352197e-03  9.546497e-01  3.079947e-03  
   2.1868300  1.029860e+00  3.449165e-03  1.029879e+00  3.449425e-03  9.608741e-01  3.184388e-03  
   2.2078300  1.037106e+00  3.551329e-03  1.037126e+00  3.551604e-03  9.672619e-01  3.296048e-03  
   2.2278299  1.044191e+00  3.653633e-03  1.044212e+00  3.653920e-03  9.735044e-01  3.409730e-03  
   2.2488301  1.051832e+00  3.766755e-03  1.051852e+00  3.767058e-03  9.802305e-01  3.537488e-03  
   2.2698300  1.059687e+00  3.886220e-03  1.059708e+00  3.886541e-03  9.871394e-01  3.674585e-03  
   2.2908299  1.067765e+00  4.012587e-03  1.067787e+00  4.012927e-03  9.942391e-01  3.821818e-03  
   2.3118300  1.076076e+00  4.146455e-03  1.076098e+00  4.146813e-03  1.001536e+00  3.980011e-03  
   2.3328300  1.084630e+00  4.288463e-03  1.084653e+00  4.288843e-03  1.009037e+00  4.150015e-03  
   2.3528299  1.093010e+00  4.431916e-03  1.093034e+00  4.432318e-03  1.016380e+00  4.323709e-03  
   2.3738301  1.102067e+00  4.591880e-03  1.102092e+00  4.592302e-03  1.024305e+00  4.519330e-03  
   2.3948300  1.111400e+00  4.762209e-03  1.111425e+00  4.762653e-03  1.032461e+00  4.729418e-03  
   2.4158299  1.121021e+00  4.943782e-03  1.121046e+00  4.944253e-03  1.040857e+00  4.954922e-03  
   2.4368300  1.130943e+00  5.137571e-03  1.130970e+00  5.138064e-03  1.049503e+00  5.196823e-03  
   2.4578300  1.141183e+00  5.344630e-03  1.141210e+00  5.345148e-03  1.058411e+00  5.456142e-03  
   2.4778299  1.151243e+00  5.555245e-03  1.151271e+00  5.555787e-03  1.067150e+00  5.720318e-03  
   2.4988301  1.162148e+00  5.791740e-03  1.162177e+00  5.792312e-03  1.076604e+00  6.016931e-03  
   2.5204301  1.173750e+00  6.052932e-03  1.173780e+00  6.053535e-03  1.086644e+00  6.343969e-03  
   2.5404301  1.184860e+00  6.312576e-03  1.184891e+00  6.313205e-03  1.096239e+00  6.668069e-03  
   2.5614300  1.196927e+00  6.605498e-03  1.196959e+00  6.606161e-03  1.106640e+00  7.032130e-03  
   2.5824299  1.209431e+00  6.921434e-03  1.209464e+00  6.922136e-03  1.117393e+00  7.422561e-03  
   2.6034300  1.222399e+00  7.263070e-03  1.222434e+00  7.263814e-03  1.128519e+00  7.841812e-03  
   2.6244299  1.235863e+00  7.633626e-03  1.235899e+00  7.634414e-03  1.140041e+00  8.292732e-03  
   2.6444299  1.249177e+00  8.017066e-03  1.249214e+00  8.017903e-03  1.151405e+00  8.754761e-03  
   2.6654301  1.263711e+00  8.456537e-03  1.263749e+00  8.457431e-03  1.163775e+00  9.278042e-03  
   2.6864300  1.278851e+00  8.940060e-03  1.278890e+00  8.941028e-03  1.176622e+00  9.845297e-03  
   2.7074299  1.294648e+00  9.476065e-03  1.294689e+00  9.477117e-03  1.189981e+00  1.046269e-02  
   2.7284300  1.311155e+00  1.007578e-02  1.311198e+00  1.007693e-02  1.203890e+00  1.113800e-02  
   2.7494299  1.328434e+00  1.075432e-02  1.328480e+00  1.075560e-02  1.218391e+00  1.188111e-02  
   2.7694299  1.345671e+00  1.149260e-02  1.345718e+00  1.149403e-02  1.232796e+00  1.266357e-02  
   2.7904301  1.364665e+00  1.239109e-02  1.364714e+00  1.239271e-02  1.248596e+00  1.357957e-02  
   2.8114300  1.384662e+00  1.345271e-02  1.384713e+00  1.345459e-02  1.265146e+00  1.461357e-02  
   2.8324299  1.405759e+00  1.472768e-02  1.405813e+00  1.472991e-02  1.282513e+00  1.579376e-02  
   2.8534300  1.428066e+00  1.628291e-02  1.428123e+00  1.628558e-02  1.300770e+00  1.715689e-02  
   2.8744299  1.451698e+00  1.820629e-02  1.451758e+00  1.820957e-02  1.319998e+00  1.875041e-02  
   2.8944299  1.475550e+00  2.048436e-02  1.475613e+00  2.048841e-02  1.339294e+00  2.053796e-02  
   2.9154301  1.502128e+00  2.348365e-02  1.502195e+00  2.348877e-02  1.360676e+00  2.277252e-02  
   2.9370301  1.531235e+00  2.740482e-02  1.531307e+00  2.741142e-02  1.383973e+00  2.555401e-02  
   2.9570301  1.559891e+00  3.199847e-02  1.559967e+00  3.200688e-02  1.406816e+00  2.867966e-02  
   2.9780300  1.591838e+00  3.807504e-02  1.591919e+00  3.808591e-02  1.432216e+00  3.267541e-02  
   2.9990301  1.625751e+00  4.574054e-02  1.625837e+00  4.575454e-02  1.459159e+00  3.758062e-02  
   3.0200300  1.661650e+00  5.534802e-02  1.661741e+00  5.536605e-02  1.487725e+00  4.361175e-02  
   3.0410299  1.699495e+00  6.728949e-02  1.699592e+00  6.731248e-02  1.517976e+00  5.102419e-02  
   3.0610299  1.737242e+00  8.121703e-02  1.737345e+00  8.124577e-02  1.548384e+00  5.963784e-02  
   3.0820301  1.778475e+00  9.894112e-02  1.778584e+00  9.897707e-02  1.581975e+00  7.063479e-02  
   3.1030300  1.821049e+00  1.202639e-01  1.821164e+00  1.203083e-01  1.617203e+00  8.399459e-02  
   3.1240301  1.864568e+00  1.455882e-01  1.864689e+00  1.456423e-01  1.653935e+00  1.001135e-01  
   3.1450300  1.908524e+00  1.752610e-01  1.908650e+00  1.753261e-01  1.691953e+00  1.194023e-01  
   3.1660299  1.952316e+00  2.095479e-01  1.952447e+00  2.096250e-01  1.730945e+00  1.422708e-01  
   3.1860299  1.993249e+00  2.466362e-01  1.993383e+00  2.467252e-01  1.768614e+00  1.677323e-01  
   3.2070301  2.034710e+00  2.902608e-01  2.034847e+00  2.903631e-01  1.808233e+00  1.986587e-01  
   3.2280300  2.073868e+00  3.385632e-01  2.074007e+00  3.386786e-01  1.847324e+00  2.341371e-01  
   3.2490301  2.109977e+00  3.912702e-01  2.110118e+00  3.913984e-01  1.885192e+00  2.743278e-01  
   3.2700300  2.142346e+00  4.479531e-01  2.142487e+00  4.480933e-01  1.921081e+00  3.192566e-01  
   3.2910299  2.170376e+00  5.080453e-01  2.170515e+00  5.081960e-01  1.954195e+00  3.687959e-01  
   3.3110299  2.192605e+00  5.678233e-01  2.192742e+00  5.679823e-01  1.982428e+00  4.199916e-01  
   3.3320301  2.210953e+00  6.325349e-01  2.211086e+00  6.327006e-01  2.007883e+00  4.775118e-01  
   3.3536301  2.224340e+00  7.003465e-01  2.224470e+00  7.005165e-01  2.028898e+00  5.400337e-01  
   3.3736300  2.231807e+00  7.635236e-01  2.231932e+00  7.636951e-01  2.043181e+00  6.002206e-01  
   3.3946300  2.234740e+00  8.295414e-01  2.234863e+00  8.297121e-01  2.052467e+00  6.649069e-01  
   3.4156301  2.232997e+00  8.945909e-01  2.233112e+00  8.947586e-01  2.055738e+00  7.301427e-01  
   3.4366300  2.227038e+00  9.581367e-01  2.227148e+00  9.582996e-01  2.053043e+00  7.948996e-01  
   3.4576299  2.217410e+00  1.019784e+00  2.217514e+00  1.019940e+00  2.044662e+00  8.581742e-01  
   3.4776299  2.205357e+00  1.076501e+00  2.205454e+00  1.076651e+00  2.031840e+00  9.162096e-01  
   3.4986300  2.190215e+00  1.133850e+00  2.190306e+00  1.133991e+00  2.013949e+00  9.740409e-01  
   3.5196300  2.173042e+00  1.188943e+00  2.173125e+00  1.189076e+00  1.992338e+00  1.028070e+00  
   3.5406301  2.154284e+00  1.241874e+00  2.154358e+00  1.242000e+00  1.967935e+00  1.077875e+00  
   3.5616300  2.134289e+00  1.292792e+00  2.134356e+00  1.292912e+00  1.941712e+00  1.123254e+00  
   3.5826299  2.113314e+00  1.341867e+00  2.113372e+00  1.341980e+00  1.914615e+00  1.164234e+00  
   3.6026299  2.092575e+00  1.387035e+00  2.092625e+00  1.387145e+00  1.888797e+00  1.199385e+00  
   3.6236300  2.070082e+00  1.432927e+00  2.070125e+00  1.433034e+00  1.862383e+00  1.232615e+00  
   3.6446300  2.046903e+00  1.477307e+00  2.046938e+00  1.477411e+00  1.837253e+00  1.262606e+00  
   3.6656301  2.023065e+00  1.520175e+00  2.023091e+00  1.520277e+00  1.813790e+00  1.289974e+00  
   3.6866300  1.998611e+00  1.561471e+00  1.998633e+00  1.561573e+00  1.792190e+00  1.315358e+00  
   3.7076299  1.973633e+00  1.601094e+00  1.973649e+00  1.601196e+00  1.772472e+00  1.339362e+00  
   3.7276299  1.949496e+00  1.637168e+00  1.949509e+00  1.637269e+00  1.755329e+00  1.361418e+00  
   3.7486300  1.924008e+00  1.673192e+00  1.924020e+00  1.673295e+00  1.738834e+00  1.384130e+00  
   3.7702301  1.897966e+00  1.708200e+00  1.897977e+00  1.708304e+00  1.723202e+00  1.407302e+00  
   3.7902300  1.874366e+00  1.738769e+00  1.874380e+00  1.738874e+00  1.709688e+00  1.428731e+00  
   3.8112299  1.850551e+00  1.769062e+00  1.850569e+00  1.769168e+00  1.696292e+00  1.451244e+00  
   3.8322301  1.828189e+00  1.797734e+00  1.828211e+00  1.797842e+00  1.683595e+00  1.473729e+00  
   3.8532300  1.807752e+00  1.825150e+00  1.807780e+00  1.825261e+00  1.671595e+00  1.496109e+00  
   3.8742299  1.789677e+00  1.851822e+00  1.789711e+00  1.851935e+00  1.660409e+00  1.518313e+00  
   3.8942299  1.774990e+00  1.877122e+00  1.775030e+00  1.877238e+00  1.650721e+00  1.539280e+00  
   3.9152300  1.762457e+00  1.904316e+00  1.762503e+00  1.904437e+00  1.641859e+00  1.561179e+00  
   3.9362299  1.752981e+00  1.933010e+00  1.753031e+00  1.933136e+00  1.634694e+00  1.583155e+00  
   3.9572301  1.746479e+00  1.964138e+00  1.746531e+00  1.964270e+00  1.629586e+00  1.605552e+00  
   3.9782300  1.742660e+00  1.998659e+00  1.742710e+00  1.998799e+00  1.626848e+00  1.628863e+00  
   3.9992299  1.741007e+00  2.037516e+00  1.741053e+00  2.037666e+00  1.626693e+00  1.653728e+00  
   4.0192299  1.740768e+00  2.079352e+00  1.740807e+00  2.079510e+00  1.629009e+00  1.679552e+00  
   4.0402298  1.740996e+00  2.129073e+00  1.741022e+00  2.129243e+00  1.633917e+00  1.709741e+00  
   4.0612302  1.740573e+00  2.185308e+00  1.740584e+00  2.185488e+00  1.641032e+00  1.743973e+00  
   4.0822301  1.738174e+00  2.248425e+00  1.738163e+00  2.248617e+00  1.649778e+00  1.783165e+00  
   4.1032300  1.732350e+00  2.318552e+00  1.732315e+00  2.318753e+00  1.659325e+00  1.828182e+00  
   4.1242299  1.721589e+00  2.395535e+00  1.721526e+00  2.395745e+00  1.668591e+00  1.879786e+00  
   4.1442299  1.705359e+00  2.474827e+00  1.705264e+00  2.475042e+00  1.675951e+00  1.935595e+00  
   4.1652298  1.680625e+00  2.563662e+00  1.680496e+00  2.563880e+00  1.680682e+00  2.001541e+00  
   4.1868300  1.645566e+00  2.659967e+00  1.645398e+00  2.660185e+00  1.680609e+00  2.077304e+00  
   4.2068300  1.603299e+00  2.752434e+00  1.603094e+00  2.752647e+00  1.674415e+00  2.154389e+00  
   4.2278299  1.547834e+00  2.851521e+00  1.547590e+00  2.851724e+00  1.659836e+00  2.241891e+00  
   4.2488298  1.480309e+00  2.951051e+00  1.480026e+00  2.951240e+00  1.635285e+00  2.335109e+00  
   4.2698302  1.400280e+00  3.049273e+00  1.399959e+00  3.049444e+00  1.599200e+00  2.432625e+00  
   4.2908301  1.307597e+00  3.144341e+00  1.307240e+00  3.144493e+00  1.550284e+00  2.532630e+00  
   4.3108301  1.207688e+00  3.230246e+00  1.207298e+00  3.230375e+00  1.490902e+00  2.628245e+00  
   4.3318300  1.090968e+00  3.313785e+00  1.090548e+00  3.313890e+00  1.414627e+00  2.726745e+00  
   4.3528299  9.628349e-01  3.388721e+00  9.623858e-01  3.388800e+00  1.324082e+00  2.820801e+00  
   4.3738298  8.242543e-01  3.453334e+00  8.237810e-01  3.453384e+00  1.219797e+00  2.907835e+00  
   4.3948302  6.764435e-01  3.506026e+00  6.759479e-01  3.506050e+00  1.102857e+00  2.985352e+00  
   4.4158301  5.208650e-01  3.545367e+00  5.203508e-01  3.545362e+00  9.748757e-01  3.051066e+00  
   4.4358301  3.670005e-01  3.569287e+00  3.664709e-01  3.569255e+00  8.446128e-01  3.100904e+00  
   4.4568300  2.012585e-01  3.579206e+00  2.007156e-01  3.579145e+00  7.013788e-01  3.138399e+00  
   4.4778299  3.323415e-02  3.572819e+00  3.267970e-02  3.572732e+00  5.541624e-01  3.159721e+00  
   4.4988298  -1.349005e-01  3.549678e+00  -1.354640e-01  3.549561e+00  4.057522e-01  3.164441e+00  
   4.5198302  -3.008802e-01  3.509660e+00  -3.014505e-01  3.509513e+00  2.589051e-01  3.152703e+00  
   4.5408301  -4.623847e-01  3.453014e+00  -4.629594e-01  3.452836e+00  1.162266e-01  3.125203e+00  
   4.5608301  -6.099436e-01  3.384179e+00  -6.105197e-01  3.383970e+00  -1.366065e-02  3.085439e+00  
   4.5818300  -7.561949e-01  3.297253e+00  -7.567693e-01  3.297011e+00  -1.418633e-01  3.030946e+00  
   4.6034298  -8.952370e-01  3.193656e+00  -8.958054e-01  3.193381e+00  -2.634004e-01  2.963228e+00  
   4.6234298  -1.012018e+00  3.086574e+00  -1.012577e+00  3.086269e+00  -3.655826e-01  2.891905e+00  
   4.6444302  -1.120858e+00  2.964632e+00  -1.121401e+00  2.964296e+00  -4.615451e-01  2.810165e+00  
   4.6654301  -1.214552e+00  2.835281e+00  -1.215075e+00  2.834917e+00  -5.456835e-01  2.723490e+00  
   4.6864300  -1.292511e+00  2.701041e+00  -1.293009e+00  2.700653e+00  -6.181431e-01  2.633882e+00  
   4.7074299  -1.354626e+00  2.564496e+00  -1.355092e+00  2.564087e+00  -6.793678e-01  2.543168e+00  
   4.7274299  -1.399381e+00  2.434616e+00  -1.399813e+00  2.434192e+00  -7.278472e-01  2.457213e+00  
   4.7484298  -1.432010e+00  2.300678e+00  -1.432401e+00  2.300245e+00  -7.692281e-01  2.368728e+00  
   4.7694302  -1.451069e+00  2.171292e+00  -1.451416e+00  2.170857e+00  -8.017711e-01  2.283139e+00  
   4.7904301  -1.458005e+00  2.048218e+00  -1.458305e+00  2.047786e+00  -8.264503e-01  2.201305e+00  
   4.8114300  -1.454455e+00  1.932816e+00  -1.454706e+00  1.932394e+00  -8.442448e-01  2.123844e+00  
   4.8324299  -1.442150e+00  1.826042e+00  -1.442352e+00  1.825637e+00  -8.561031e-01  2.051169e+00  
   4.8524299  -1.423870e+00  1.732893e+00  -1.424026e+00  1.732511e+00  -8.626971e-01  1.986614e+00  
   4.8734298  -1.399369e+00  1.644257e+00  -1.399477e+00  1.643904e+00  -8.654816e-01  1.923797e+00  
   4.8944302  -1.370918e+00  1.564923e+00  -1.370981e+00  1.564603e+00  -8.647655e-01  1.866023e+00  
   4.9154301  -1.339850e+00  1.494558e+00  -1.339870e+00  1.494276e+00  -8.612202e-01  1.813154e+00  
   4.9364300  -1.307297e+00  1.432644e+00  -1.307277e+00  1.432402e+00  -8.554364e-01  1.764977e+00  
   4.9574299  -1.274189e+00  1.378538e+00  -1.274134e+00  1.378340e+00  -8.479261e-01  1.721226e+00  
   4.9774299  -1.242818e+00  1.333622e+00  -1.242732e+00  1.333465e+00  -8.395691e-01  1.683405e+00  
   4.9984298  -1.210586e+00  1.292695e+00  -1.210472e+00  1.292585e+00  -8.298852e-01  1.647428e+00  
