w Re-xx Im-xx Re-yy Im-yy Re-zz Im-zz
# Gaussian absolute broadening  0.15 [eV]
   0.0000000  7.676361e-01  8.814328e-05  7.676415e-01  8.815927e-05  7.261271e-01  7.922393e-05  
   0.0200000  7.677358e-01  9.433565e-05  7.677410e-01  9.435161e-05  7.262167e-01  8.478755e-05  
   0.0410000  7.678543e-01  1.013921e-04  7.678598e-01  1.014080e-04  7.263230e-01  9.112715e-05  
   0.0620000  7.679893e-01  1.090526e-04  7.679948e-01  1.090684e-04  7.264446e-01  9.800908e-05  
   0.0830000  7.681425e-01  1.173510e-04  7.681479e-01  1.173668e-04  7.265824e-01  1.054636e-04  
   0.1040000  7.683163e-01  1.263167e-04  7.683218e-01  1.263324e-04  7.267388e-01  1.135170e-04  
   0.1240000  7.685030e-01  1.354970e-04  7.685081e-01  1.355125e-04  7.269062e-01  1.217626e-04  
   0.1450000  7.687230e-01  1.458251e-04  7.687284e-01  1.458405e-04  7.271041e-01  1.310385e-04  
   0.1660000  7.689702e-01  1.568652e-04  7.689755e-01  1.568804e-04  7.273257e-01  1.409529e-04  
   0.1870000  7.692463e-01  1.686138e-04  7.692517e-01  1.686289e-04  7.275741e-01  1.515027e-04  
   0.2080000  7.695537e-01  1.810563e-04  7.695590e-01  1.810713e-04  7.278504e-01  1.626747e-04  
   0.2290000  7.698936e-01  1.941676e-04  7.698992e-01  1.941826e-04  7.281560e-01  1.744460e-04  
   0.2490000  7.702501e-01  2.072443e-04  7.702553e-01  2.072591e-04  7.284758e-01  1.861848e-04  
   0.2700000  7.706589e-01  2.215520e-04  7.706643e-01  2.215667e-04  7.288431e-01  1.990273e-04  
   0.2910000  7.711043e-01  2.364019e-04  7.711098e-01  2.364166e-04  7.292434e-01  2.123548e-04  
   0.3120000  7.715876e-01  2.517406e-04  7.715932e-01  2.517552e-04  7.296777e-01  2.261190e-04  
   0.3330000  7.721087e-01  2.675129e-04  7.721143e-01  2.675274e-04  7.301459e-01  2.402702e-04  
   0.3540000  7.726683e-01  2.836657e-04  7.726738e-01  2.836800e-04  7.306483e-01  2.547604e-04  
   0.3740000  7.732372e-01  2.993574e-04  7.732428e-01  2.993715e-04  7.311590e-01  2.688345e-04  
   0.3950000  7.738716e-01  3.161148e-04  7.738771e-01  3.161286e-04  7.317289e-01  2.838616e-04  
   0.4160000  7.745444e-01  3.331226e-04  7.745499e-01  3.331360e-04  7.323331e-01  2.991101e-04  
   0.4374300  7.752710e-01  3.507048e-04  7.752768e-01  3.507178e-04  7.329854e-01  3.148703e-04  
   0.4574300  7.759845e-01  3.672974e-04  7.759901e-01  3.673099e-04  7.336264e-01  3.297396e-04  
   0.4784300  7.767710e-01  3.848930e-04  7.767769e-01  3.849051e-04  7.343324e-01  3.455043e-04  
   0.4994300  7.775956e-01  4.026548e-04  7.776015e-01  4.026663e-04  7.350724e-01  3.614135e-04  
   0.5204300  7.784585e-01  4.205752e-04  7.784644e-01  4.205864e-04  7.358469e-01  3.774604e-04  
   0.5414300  7.793595e-01  4.386506e-04  7.793654e-01  4.386616e-04  7.366554e-01  3.936413e-04  
   0.5614300  7.802536e-01  4.560097e-04  7.802594e-01  4.560206e-04  7.374579e-01  4.091762e-04  
   0.5824300  7.812301e-01  4.743898e-04  7.812361e-01  4.744008e-04  7.383342e-01  4.256197e-04  
   0.6034300  7.822453e-01  4.929296e-04  7.822515e-01  4.929411e-04  7.392449e-01  4.422008e-04  
   0.6244300  7.833002e-01  5.116352e-04  7.833063e-01  5.116471e-04  7.401912e-01  4.589241e-04  
   0.6454300  7.843946e-01  5.305113e-04  7.844006e-01  5.305241e-04  7.411727e-01  4.757941e-04  
   0.6664300  7.855288e-01  5.495646e-04  7.855351e-01  5.495784e-04  7.421901e-01  4.928158e-04  
   0.6864300  7.866464e-01  5.678808e-04  7.866525e-01  5.678959e-04  7.431921e-01  5.091729e-04  
   0.7074300  7.878596e-01  5.872991e-04  7.878658e-01  5.873155e-04  7.442797e-01  5.265073e-04  
   0.7284300  7.891136e-01  6.069144e-04  7.891198e-01  6.069325e-04  7.454039e-01  5.440107e-04  
   0.7494300  7.904091e-01  6.267350e-04  7.904156e-01  6.267550e-04  7.465652e-01  5.616901e-04  
   0.7704300  7.917464e-01  6.467679e-04  7.917529e-01  6.467897e-04  7.477635e-01  5.795512e-04  
   0.7914300  7.931262e-01  6.670218e-04  7.931327e-01  6.670457e-04  7.489998e-01  5.976011e-04  
   0.8114300  7.944794e-01  6.865234e-04  7.944861e-01  6.865493e-04  7.502123e-01  6.149733e-04  
   0.8324300  7.959427e-01  7.072324e-04  7.959493e-01  7.072601e-04  7.515228e-01  6.334127e-04  
   0.8540300  7.974938e-01  7.287897e-04  7.975004e-01  7.288196e-04  7.529120e-01  6.525989e-04  
   0.8740300  7.989713e-01  7.489916e-04  7.989781e-01  7.490231e-04  7.542349e-01  6.705698e-04  
   0.8950300  8.005668e-01  7.704625e-04  8.005735e-01  7.704959e-04  7.556629e-01  6.896607e-04  
   0.9160300  8.022069e-01  7.922084e-04  8.022140e-01  7.922436e-04  7.571313e-01  7.089869e-04  
   0.9370300  8.038937e-01  8.142398e-04  8.039006e-01  8.142766e-04  7.586405e-01  7.285569e-04  
   0.9580300  8.056266e-01  8.365677e-04  8.056339e-01  8.366060e-04  7.601909e-01  7.483799e-04  
   0.9780300  8.073214e-01  8.581184e-04  8.073285e-01  8.581582e-04  7.617067e-01  7.675028e-04  
   0.9990300  8.091472e-01  8.810572e-04  8.091545e-01  8.810982e-04  7.633399e-01  7.878471e-04  
   1.0200300  8.110217e-01  9.043255e-04  8.110291e-01  9.043678e-04  7.650160e-01  8.084723e-04  
   1.0410300  8.129458e-01  9.279356e-04  8.129533e-01  9.279791e-04  7.667358e-01  8.293886e-04  
   1.0620300  8.149199e-01  9.518993e-04  8.149275e-01  9.519442e-04  7.685001e-01  8.506061e-04  
   1.0830300  8.169449e-01  9.762294e-04  8.169523e-01  9.762752e-04  7.703093e-01  8.721350e-04  
   1.1030300  8.189208e-01  9.997523e-04  8.189287e-01  9.997995e-04  7.720745e-01  8.929378e-04  
   1.1240300  8.210469e-01  1.024834e-03  8.210548e-01  1.024882e-03  7.739732e-01  9.151053e-04  
   1.1450300  8.232262e-01  1.050320e-03  8.232343e-01  1.050369e-03  7.759189e-01  9.376167e-04  
   1.1660300  8.254595e-01  1.076224e-03  8.254675e-01  1.076275e-03  7.779122e-01  9.604838e-04  
   1.1870300  8.277473e-01  1.102561e-03  8.277557e-01  1.102614e-03  7.799539e-01  9.837180e-04  
   1.2080300  8.300911e-01  1.129347e-03  8.300995e-01  1.129402e-03  7.820446e-01  1.007333e-03  
   1.2280300  8.323755e-01  1.155288e-03  8.323838e-01  1.155344e-03  7.840819e-01  1.030188e-03  
   1.2490300  8.348303e-01  1.182994e-03  8.348389e-01  1.183053e-03  7.862705e-01  1.054583e-03  
   1.2706300  8.374170e-01  1.212011e-03  8.374256e-01  1.212073e-03  7.885761e-01  1.080115e-03  
   1.2906300  8.398680e-01  1.239365e-03  8.398767e-01  1.239429e-03  7.907601e-01  1.104167e-03  
   1.3116300  8.425009e-01  1.268608e-03  8.425100e-01  1.268675e-03  7.931056e-01  1.129863e-03  
   1.3326300  8.451957e-01  1.298404e-03  8.452047e-01  1.298474e-03  7.955051e-01  1.156027e-03  
   1.3536299  8.479535e-01  1.328775e-03  8.479627e-01  1.328848e-03  7.979600e-01  1.182677e-03  
   1.3746300  8.507761e-01  1.359741e-03  8.507854e-01  1.359818e-03  8.004718e-01  1.209831e-03  
   1.3946300  8.535253e-01  1.389809e-03  8.535348e-01  1.389888e-03  8.029176e-01  1.236176e-03  
   1.4156300  8.564773e-01  1.422005e-03  8.564870e-01  1.422087e-03  8.055428e-01  1.264367e-03  
   1.4366300  8.594977e-01  1.454867e-03  8.595074e-01  1.454951e-03  8.082279e-01  1.293119e-03  
   1.4576300  8.625882e-01  1.488419e-03  8.625983e-01  1.488505e-03  8.109743e-01  1.322453e-03  
   1.4786299  8.657503e-01  1.522686e-03  8.657604e-01  1.522775e-03  8.137832e-01  1.352389e-03  
   1.4996300  8.689851e-01  1.557696e-03  8.689955e-01  1.557787e-03  8.166558e-01  1.382952e-03  
   1.5196300  8.721346e-01  1.591755e-03  8.721452e-01  1.591848e-03  8.194516e-01  1.412661e-03  
   1.5406300  8.755162e-01  1.628298e-03  8.755269e-01  1.628392e-03  8.224519e-01  1.444513e-03  
   1.5616300  8.789752e-01  1.665670e-03  8.789862e-01  1.665765e-03  8.255200e-01  1.477062e-03  
   1.5826300  8.825136e-01  1.703901e-03  8.825245e-01  1.703999e-03  8.286571e-01  1.510337e-03  
   1.6036299  8.861331e-01  1.743029e-03  8.861445e-01  1.743128e-03  8.318647e-01  1.544365e-03  
   1.6246300  8.898357e-01  1.783086e-03  8.898472e-01  1.783186e-03  8.351445e-01  1.579178e-03  
   1.6446300  8.934405e-01  1.822134e-03  8.934522e-01  1.822236e-03  8.383362e-01  1.613094e-03  
   1.6656300  8.973106e-01  1.864117e-03  8.973227e-01  1.864219e-03  8.417614e-01  1.649539e-03  
   1.6872300  9.013844e-01  1.908391e-03  9.013966e-01  1.908495e-03  8.453653e-01  1.687957e-03  
   1.7072300  9.052421e-01  1.950415e-03  9.052547e-01  1.950520e-03  8.487768e-01  1.724413e-03  
   1.7282300  9.093850e-01  1.995652e-03  9.093977e-01  1.995758e-03  8.524379e-01  1.763650e-03  
   1.7492300  9.136236e-01  2.042074e-03  9.136362e-01  2.042184e-03  8.561822e-01  1.803923e-03  
   1.7702301  9.179607e-01  2.089736e-03  9.179737e-01  2.089848e-03  8.600115e-01  1.845289e-03  
   1.7912300  9.223993e-01  2.138693e-03  9.224128e-01  2.138807e-03  8.639288e-01  1.887809e-03  
   1.8112299  9.267239e-01  2.186579e-03  9.267377e-01  2.186697e-03  8.677431e-01  1.929445e-03  
   1.8322300  9.313688e-01  2.238241e-03  9.313830e-01  2.238361e-03  8.718382e-01  1.974433e-03  
   1.8532300  9.361243e-01  2.291384e-03  9.361386e-01  2.291508e-03  8.760283e-01  2.020802e-03  
   1.8742300  9.409932e-01  2.346082e-03  9.410074e-01  2.346210e-03  8.803157e-01  2.068645e-03  
   1.8952301  9.459786e-01  2.402411e-03  9.459936e-01  2.402544e-03  8.847040e-01  2.118060e-03  
   1.9162300  9.510847e-01  2.460452e-03  9.510998e-01  2.460590e-03  8.891950e-01  2.169150e-03  
   1.9362299  9.560617e-01  2.517402e-03  9.560771e-01  2.517545e-03  8.935700e-01  2.219470e-03  
   1.9572300  9.614120e-01  2.579051e-03  9.614279e-01  2.579200e-03  8.982705e-01  2.274171e-03  
   1.9782300  9.668937e-01  2.642697e-03  9.669099e-01  2.642853e-03  9.030831e-01  2.330913e-03  
   1.9992300  9.725105e-01  2.708456e-03  9.725269e-01  2.708618e-03  9.080108e-01  2.389841e-03  
   2.0202301  9.782665e-01  2.776453e-03  9.782830e-01  2.776622e-03  9.130579e-01  2.451114e-03  
   2.0412300  9.841664e-01  2.846824e-03  9.841837e-01  2.847002e-03  9.182266e-01  2.514905e-03  
   2.0612299  9.899234e-01  2.916192e-03  9.899408e-01  2.916377e-03  9.232666e-01  2.578177e-03  
   2.0822301  9.961179e-01  2.991654e-03  9.961360e-01  2.991847e-03  9.286858e-01  2.647460e-03  
   2.1038301  1.002656e+00  3.072268e-03  1.002674e+00  3.072471e-03  9.344010e-01  2.722007e-03  
   2.1238301  1.008864e+00  3.149810e-03  1.008883e+00  3.150021e-03  9.398226e-01  2.794239e-03  
   2.1448300  1.015550e+00  3.234444e-03  1.015569e+00  3.234666e-03  9.456561e-01  2.873671e-03  
   2.1658299  1.022412e+00  3.322612e-03  1.022431e+00  3.322844e-03  9.516383e-01  2.957067e-03  
   2.1868300  1.029457e+00  3.414585e-03  1.029477e+00  3.414828e-03  9.577743e-01  3.044744e-03  
   2.2078300  1.036693e+00  3.510650e-03  1.036714e+00  3.510904e-03  9.640699e-01  3.137026e-03  
   2.2278299  1.043769e+00  3.606240e-03  1.043790e+00  3.606507e-03  9.702193e-01  3.229506e-03  
   2.2488301  1.051399e+00  3.711251e-03  1.051421e+00  3.711531e-03  9.768435e-01  3.331772e-03  
   2.2698300  1.059243e+00  3.821388e-03  1.059266e+00  3.821680e-03  9.836451e-01  3.439671e-03  
   2.2908299  1.067310e+00  3.937072e-03  1.067334e+00  3.937380e-03  9.906321e-01  3.553578e-03  
   2.3118300  1.075610e+00  4.058760e-03  1.075634e+00  4.059085e-03  9.978108e-01  3.673873e-03  
   2.3328300  1.084152e+00  4.186950e-03  1.084176e+00  4.187289e-03  1.005189e+00  3.800945e-03  
   2.3528299  1.092522e+00  4.315590e-03  1.092547e+00  4.315946e-03  1.012409e+00  3.928655e-03  
   2.3738301  1.101568e+00  4.458128e-03  1.101593e+00  4.458501e-03  1.020201e+00  4.070203e-03  
   2.3948300  1.110890e+00  4.608981e-03  1.110916e+00  4.609371e-03  1.028219e+00  4.219864e-03  
   2.4158299  1.120500e+00  4.768901e-03  1.120527e+00  4.769311e-03  1.036471e+00  4.378172e-03  
   2.4368300  1.130413e+00  4.938732e-03  1.130440e+00  4.939165e-03  1.044971e+00  4.545725e-03  
   2.4578300  1.140644e+00  5.119426e-03  1.140672e+00  5.119880e-03  1.053727e+00  4.723186e-03  
   2.4778299  1.150697e+00  5.302593e-03  1.150727e+00  5.303070e-03  1.062317e+00  4.902092e-03  
   2.4988301  1.161596e+00  5.507729e-03  1.161627e+00  5.508236e-03  1.071612e+00  5.101151e-03  
   2.5204301  1.173195e+00  5.733866e-03  1.173226e+00  5.734404e-03  1.081484e+00  5.318881e-03  
   2.5404301  1.184303e+00  5.958461e-03  1.184336e+00  5.959029e-03  1.090919e+00  5.533258e-03  
   2.5614300  1.196371e+00  6.211853e-03  1.196405e+00  6.212462e-03  1.101149e+00  5.772823e-03  
   2.5824299  1.208879e+00  6.485435e-03  1.208914e+00  6.486086e-03  1.111727e+00  6.028686e-03  
   2.6034300  1.221856e+00  6.781890e-03  1.221892e+00  6.782590e-03  1.122675e+00  6.302634e-03  
   2.6244299  1.235331e+00  7.104456e-03  1.235369e+00  7.105207e-03  1.134014e+00  6.596795e-03  
   2.6444299  1.248661e+00  7.439626e-03  1.248700e+00  7.440436e-03  1.145199e+00  6.898135e-03  
   2.6654301  1.263215e+00  7.825786e-03  1.263255e+00  7.826664e-03  1.157377e+00  7.239896e-03  
   2.6864300  1.278382e+00  8.253413e-03  1.278424e+00  8.254372e-03  1.170027e+00  7.611617e-03  
   2.7074299  1.294212e+00  8.731038e-03  1.294255e+00  8.732085e-03  1.183185e+00  8.018503e-03  
   2.7284300  1.310759e+00  9.270003e-03  1.310804e+00  9.271159e-03  1.196887e+00  8.467264e-03  
   2.7494299  1.328084e+00  9.885549e-03  1.328132e+00  9.886827e-03  1.211175e+00  8.966675e-03  
   2.7694299  1.345373e+00  1.056182e-02  1.345421e+00  1.056324e-02  1.225371e+00  9.499876e-03  
   2.7904301  1.364428e+00  1.139315e-02  1.364479e+00  1.139475e-02  1.240944e+00  1.013462e-02  
   2.8114300  1.384495e+00  1.238559e-02  1.384549e+00  1.238742e-02  1.257258e+00  1.086541e-02  
   2.8324299  1.405671e+00  1.358946e-02  1.405728e+00  1.359157e-02  1.274380e+00  1.171792e-02  
   2.8534300  1.428064e+00  1.507181e-02  1.428124e+00  1.507428e-02  1.292381e+00  1.272563e-02  
   2.8744299  1.451791e+00  1.692092e-02  1.451854e+00  1.692385e-02  1.311342e+00  1.393192e-02  
   2.8944299  1.475740e+00  1.912747e-02  1.475806e+00  1.913096e-02  1.330371e+00  1.531637e-02  
   2.9154301  1.502427e+00  2.205181e-02  1.502497e+00  2.205608e-02  1.351463e+00  1.708559e-02  
   2.9370301  1.531652e+00  2.589770e-02  1.531726e+00  2.590298e-02  1.374450e+00  1.933566e-02  
   2.9570301  1.560420e+00  3.042541e-02  1.560499e+00  3.043191e-02  1.397000e+00  2.191331e-02  
   2.9780300  1.592486e+00  3.643970e-02  1.592570e+00  3.644780e-02  1.422091e+00  2.526617e-02  
   2.9990301  1.626518e+00  4.405416e-02  1.626606e+00  4.406428e-02  1.448731e+00  2.944874e-02  
   3.0200300  1.662529e+00  5.362723e-02  1.662623e+00  5.363984e-02  1.477014e+00  3.466610e-02  
   3.0410299  1.700478e+00  6.555734e-02  1.700577e+00  6.557300e-02  1.507018e+00  4.116232e-02  
   3.0610299  1.738315e+00  7.950249e-02  1.738418e+00  7.952159e-02  1.537242e+00  4.879846e-02  
   3.0820301  1.779627e+00  9.728332e-02  1.779736e+00  9.730665e-02  1.570720e+00  5.865028e-02  
   3.1030300  1.822263e+00  1.187113e-01  1.822375e+00  1.187395e-01  1.605945e+00  7.073733e-02  
   3.1240301  1.865824e+00  1.441995e-01  1.865941e+00  1.442333e-01  1.642819e+00  8.545380e-02  
   3.1450300  1.909801e+00  1.741053e-01  1.909920e+00  1.741451e-01  1.681158e+00  1.032139e-01  
   3.1660299  1.953595e+00  2.087042e-01  1.953717e+00  2.087507e-01  1.720690e+00  1.244374e-01  
   3.1860299  1.994513e+00  2.461715e-01  1.994635e+00  2.462246e-01  1.759108e+00  1.482401e-01  
   3.2070301  2.035943e+00  2.902877e-01  2.036065e+00  2.903480e-01  1.799795e+00  1.773527e-01  
   3.2280300  2.075059e+00  3.391829e-01  2.075179e+00  3.392501e-01  1.840266e+00  2.109770e-01  
   3.2490301  2.111121e+00  3.925864e-01  2.111236e+00  3.926605e-01  1.879847e+00  2.493141e-01  
   3.2700300  2.143438e+00  4.500684e-01  2.143548e+00  4.501489e-01  1.917789e+00  2.924373e-01  
   3.2910299  2.171416e+00  5.110564e-01  2.171519e+00  5.111426e-01  1.953293e+00  3.402698e-01  
   3.3110299  2.193596e+00  5.717673e-01  2.193691e+00  5.718583e-01  1.984101e+00  3.899802e-01  
   3.3320301  2.211891e+00  6.375275e-01  2.211977e+00  6.376228e-01  2.012540e+00  4.461360e-01  
   3.3536301  2.225222e+00  7.064687e-01  2.225298e+00  7.065673e-01  2.036885e+00  5.075110e-01  
   3.3736300  2.232628e+00  7.707132e-01  2.232693e+00  7.708139e-01  2.054432e+00  5.669029e-01  
   3.3946300  2.235482e+00  8.378451e-01  2.235536e+00  8.379475e-01  2.067274e+00  6.310583e-01  
   3.4156301  2.233628e+00  9.039704e-01  2.233671e+00  9.040737e-01  2.074162e+00  6.960897e-01  
   3.4366300  2.227522e+00  9.685193e-01  2.227554e+00  9.686225e-01  2.075072e+00  7.609743e-01  
   3.4576299  2.217693e+00  1.031064e+00  2.217715e+00  1.031168e+00  2.070204e+00  8.247006e-01  
   3.4776299  2.205386e+00  1.088512e+00  2.205399e+00  1.088616e+00  2.060577e+00  8.834512e-01  
   3.4986300  2.189905e+00  1.146474e+00  2.189908e+00  1.146578e+00  2.045810e+00  9.423064e-01  
   3.5196300  2.172302e+00  1.202006e+00  2.172298e+00  1.202111e+00  2.027028e+00  9.976093e-01  
   3.5406301  2.153017e+00  1.255195e+00  2.153005e+00  1.255301e+00  2.005101e+00  1.048900e+00  
   3.5616300  2.132395e+00  1.306189e+00  2.132376e+00  1.306296e+00  1.980958e+00  1.095939e+00  
   3.5826299  2.110685e+00  1.355168e+00  2.110660e+00  1.355277e+00  1.955518e+00  1.138717e+00  
   3.6026299  2.089149e+00  1.400103e+00  2.089117e+00  1.400212e+00  1.930867e+00  1.175679e+00  
   3.6236300  2.065719e+00  1.445625e+00  2.065682e+00  1.445735e+00  1.905252e+00  1.210886e+00  
   3.6446300  2.041505e+00  1.489534e+00  2.041463e+00  1.489643e+00  1.880486e+00  1.242909e+00  
   3.6656301  2.016541e+00  1.531860e+00  2.016495e+00  1.531968e+00  1.856982e+00  1.272348e+00  
   3.6866300  1.990885e+00  1.572572e+00  1.990836e+00  1.572678e+00  1.834962e+00  1.299826e+00  
   3.7076299  1.964635e+00  1.611591e+00  1.964585e+00  1.611694e+00  1.814481e+00  1.325935e+00  
   3.7276299  1.939240e+00  1.647083e+00  1.939188e+00  1.647180e+00  1.796327e+00  1.350000e+00  
   3.7486300  1.912398e+00  1.682491e+00  1.912346e+00  1.682585e+00  1.778509e+00  1.374811e+00  
   3.7702301  1.884949e+00  1.716852e+00  1.884898e+00  1.716940e+00  1.761270e+00  1.400116e+00  
   3.7902300  1.860065e+00  1.746791e+00  1.860015e+00  1.746874e+00  1.746081e+00  1.423477e+00  
   3.8112299  1.834946e+00  1.776362e+00  1.834900e+00  1.776441e+00  1.730763e+00  1.447952e+00  
   3.8322301  1.811366e+00  1.804213e+00  1.811325e+00  1.804289e+00  1.716010e+00  1.472304e+00  
   3.8532300  1.789841e+00  1.830670e+00  1.789805e+00  1.830746e+00  1.701857e+00  1.496424e+00  
   3.8742299  1.770855e+00  1.856207e+00  1.770825e+00  1.856285e+00  1.688461e+00  1.520216e+00  
   3.8942299  1.755509e+00  1.880239e+00  1.755484e+00  1.880320e+00  1.676656e+00  1.542531e+00  
   3.9152300  1.742551e+00  1.905883e+00  1.742530e+00  1.905973e+00  1.665602e+00  1.565657e+00  
   3.9362299  1.732962e+00  1.932804e+00  1.732946e+00  1.932906e+00  1.656328e+00  1.588659e+00  
   3.9572301  1.726699e+00  1.961951e+00  1.726685e+00  1.962068e+00  1.649247e+00  1.611885e+00  
   3.9782300  1.723494e+00  1.994318e+00  1.723482e+00  1.994455e+00  1.644724e+00  1.635843e+00  
   3.9992299  1.722845e+00  2.030897e+00  1.722832e+00  2.031055e+00  1.643022e+00  1.661192e+00  
   4.0192299  1.723923e+00  2.070510e+00  1.723908e+00  2.070691e+00  1.644130e+00  1.687355e+00  
   4.0402298  1.725899e+00  2.117910e+00  1.725879e+00  2.118116e+00  1.648081e+00  1.717800e+00  
   4.0612302  1.727569e+00  2.171911e+00  1.727540e+00  2.172143e+00  1.654588e+00  1.752221e+00  
   4.0822301  1.727564e+00  2.232956e+00  1.727524e+00  2.233216e+00  1.663096e+00  1.791562e+00  
   4.1032300  1.724379e+00  2.301235e+00  1.724326e+00  2.301520e+00  1.672778e+00  1.836717e+00  
   4.1242299  1.716437e+00  2.376647e+00  1.716368e+00  2.376954e+00  1.682547e+00  1.888465e+00  
   4.1442299  1.702989e+00  2.454730e+00  1.702904e+00  2.455056e+00  1.690706e+00  1.944432e+00  
   4.1652298  1.681208e+00  2.542615e+00  1.681103e+00  2.542958e+00  1.696577e+00  2.010572e+00  
   4.1868300  1.649134e+00  2.638290e+00  1.649010e+00  2.638644e+00  1.697945e+00  2.086567e+00  
   4.2068300  1.609512e+00  2.730478e+00  1.609368e+00  2.730839e+00  1.693269e+00  2.163896e+00  
   4.2278299  1.556628e+00  2.829575e+00  1.556462e+00  2.829936e+00  1.680399e+00  2.251685e+00  
   4.2488298  1.491415e+00  2.929409e+00  1.491228e+00  2.929765e+00  1.657594e+00  2.345217e+00  
   4.2698302  1.413372e+00  3.028216e+00  1.413165e+00  3.028559e+00  1.623205e+00  2.443074e+00  
   4.2908301  1.322301e+00  3.124144e+00  1.322074e+00  3.124470e+00  1.575847e+00  2.543449e+00  
   4.3108301  1.223547e+00  3.211119e+00  1.223301e+00  3.211420e+00  1.517746e+00  2.639446e+00  
   4.3318300  1.107620e+00  3.296053e+00  1.107355e+00  3.296323e+00  1.442531e+00  2.738382e+00  
   4.3528299  9.798353e-01  3.372661e+00  9.795514e-01  3.372896e+00  1.352690e+00  2.832922e+00  
   4.3738298  8.411592e-01  3.439225e+00  8.408565e-01  3.439420e+00  1.248712e+00  2.920497e+00  
   4.3948302  6.928144e-01  3.494141e+00  6.924934e-01  3.494291e+00  1.131648e+00  2.998628e+00  
   4.4158301  5.362779e-01  3.535946e+00  5.359393e-01  3.536048e+00  1.003103e+00  3.065045e+00  
   4.4358301  3.811244e-01  3.562400e+00  3.807700e-01  3.562454e+00  8.718970e-01  3.115651e+00  
   4.4568300  2.136560e-01  3.575112e+00  2.132866e-01  3.575115e+00  7.272671e-01  3.154078e+00  
   4.4778299  4.355047e-02  3.571573e+00  4.316849e-02  3.571523e+00  5.782713e-01  3.176484e+00  
   4.4988298  -1.269870e-01  3.551233e+00  -1.273780e-01  3.551131e+00  4.277394e-01  3.182460e+00  
   4.5198302  -2.956519e-01  3.513865e+00  -2.960480e-01  3.513713e+00  2.784743e-01  3.172168e+00  
   4.5408301  -4.600774e-01  3.459612e+00  -4.604736e-01  3.459413e+00  1.331300e-01  3.146311e+00  
   4.5608301  -6.105865e-01  3.392731e+00  -6.109776e-01  3.392492e+00  5.175823e-04  3.108292e+00  
   4.5818300  -7.600497e-01  3.307438e+00  -7.604299e-01  3.307160e+00  -1.306971e-01  3.055801e+00  
   4.6034298  -9.024413e-01  3.205014e+00  -9.028038e-01  3.204704e+00  -2.554465e-01  2.990283e+00  
   4.6234298  -1.022289e+00  3.098535e+00  -1.022631e+00  3.098201e+00  -3.606639e-01  2.921071e+00  
   4.6444302  -1.134232e+00  2.976718e+00  -1.134546e+00  2.976365e+00  -4.598325e-01  2.841551e+00  
   4.6654301  -1.230825e+00  2.846995e+00  -1.231107e+00  2.846629e+00  -5.471483e-01  2.757011e+00  
   4.6864300  -1.311401e+00  2.711928e+00  -1.311648e+00  2.711559e+00  -6.227049e-01  2.669359e+00  
   4.7074299  -1.375781e+00  2.574161e+00  -1.375992e+00  2.573792e+00  -6.868915e-01  2.580330e+00  
   4.7274299  -1.422317e+00  2.442816e+00  -1.422493e+00  2.442454e+00  -7.380133e-01  2.495651e+00  
   4.7484298  -1.456388e+00  2.307097e+00  -1.456528e+00  2.306745e+00  -7.819267e-01  2.408100e+00  
   4.7694302  -1.476438e+00  2.175758e+00  -1.476542e+00  2.175422e+00  -8.167015e-01  2.322990e+00  
   4.7904301  -1.483916e+00  2.050632e+00  -1.483987e+00  2.050315e+00  -8.432646e-01  2.241168e+00  
   4.8114300  -1.480486e+00  1.933149e+00  -1.480526e+00  1.932852e+00  -8.625586e-01  2.163268e+00  
   4.8324299  -1.467917e+00  1.824326e+00  -1.467928e+00  1.824050e+00  -8.755082e-01  2.089739e+00  
   4.8524299  -1.449078e+00  1.729299e+00  -1.449064e+00  1.729043e+00  -8.827528e-01  2.024039e+00  
   4.8734298  -1.423723e+00  1.638806e+00  -1.423687e+00  1.638571e+00  -8.858152e-01  1.959741e+00  
   4.8944302  -1.394206e+00  1.557763e+00  -1.394149e+00  1.557545e+00  -8.849788e-01  1.900278e+00  
   4.9154301  -1.361922e+00  1.485854e+00  -1.361845e+00  1.485654e+00  -8.809425e-01  1.845590e+00  
   4.9364300  -1.328061e+00  1.422571e+00  -1.327967e+00  1.422386e+00  -8.743332e-01  1.795537e+00  
   4.9574299  -1.293606e+00  1.367276e+00  -1.293496e+00  1.367105e+00  -8.657041e-01  1.749920e+00  
   4.9774299  -1.260955e+00  1.321390e+00  -1.260830e+00  1.321230e+00  -8.560509e-01  1.710381e+00  
   4.9984298  -1.227418e+00  1.279610e+00  -1.227279e+00  1.279459e+00  -8.448071e-01  1.672703e+00  
