w Re-xx Im-xx Re-yy Im-yy Re-zz Im-zz
# Gaussian absolute broadening  0.15 [eV]
   0.0000000  7.707381e-01  8.921458e-05  7.707282e-01  8.921491e-05  7.258735e-01  7.905170e-05  
   0.0200000  7.708389e-01  9.548266e-05  7.708287e-01  9.548308e-05  7.259630e-01  8.460399e-05  
   0.0410000  7.709590e-01  1.026256e-04  7.709490e-01  1.026261e-04  7.260691e-01  9.093081e-05  
   0.0620000  7.710957e-01  1.103801e-04  7.710855e-01  1.103808e-04  7.261902e-01  9.779899e-05  
   0.0830000  7.712508e-01  1.187805e-04  7.712408e-01  1.187814e-04  7.263277e-01  1.052388e-04  
   0.1040000  7.714267e-01  1.278565e-04  7.714167e-01  1.278576e-04  7.264838e-01  1.132765e-04  
   0.1240000  7.716154e-01  1.371501e-04  7.716053e-01  1.371514e-04  7.266508e-01  1.215061e-04  
   0.1450000  7.718383e-01  1.476057e-04  7.718282e-01  1.476074e-04  7.268485e-01  1.307641e-04  
   0.1660000  7.720883e-01  1.587825e-04  7.720785e-01  1.587844e-04  7.270699e-01  1.406596e-04  
   0.1870000  7.723679e-01  1.706767e-04  7.723579e-01  1.706790e-04  7.273173e-01  1.511893e-04  
   0.2080000  7.726790e-01  1.832738e-04  7.726691e-01  1.832765e-04  7.275933e-01  1.623401e-04  
   0.2290000  7.730232e-01  1.965483e-04  7.730132e-01  1.965515e-04  7.278984e-01  1.740891e-04  
   0.2490000  7.733839e-01  2.097881e-04  7.733740e-01  2.097917e-04  7.282175e-01  1.858058e-04  
   0.2700000  7.737977e-01  2.242748e-04  7.737877e-01  2.242788e-04  7.285842e-01  1.986241e-04  
   0.2910000  7.742487e-01  2.393110e-04  7.742388e-01  2.393155e-04  7.289833e-01  2.119264e-04  
   0.3120000  7.747377e-01  2.548426e-04  7.747279e-01  2.548475e-04  7.294170e-01  2.256644e-04  
   0.3330000  7.752656e-01  2.708142e-04  7.752557e-01  2.708193e-04  7.298839e-01  2.397886e-04  
   0.3540000  7.758321e-01  2.871716e-04  7.758222e-01  2.871770e-04  7.303857e-01  2.542509e-04  
   0.3740000  7.764077e-01  3.030631e-04  7.763981e-01  3.030688e-04  7.308955e-01  2.682978e-04  
   0.3950000  7.770503e-01  3.200347e-04  7.770405e-01  3.200405e-04  7.314641e-01  2.832957e-04  
   0.4160000  7.777315e-01  3.372611e-04  7.777215e-01  3.372669e-04  7.320670e-01  2.985141e-04  
   0.4374300  7.784670e-01  3.550706e-04  7.784573e-01  3.550764e-04  7.327179e-01  3.142431e-04  
   0.4574300  7.791895e-01  3.718791e-04  7.791796e-01  3.718848e-04  7.333576e-01  3.290830e-04  
   0.4784300  7.799861e-01  3.897051e-04  7.799761e-01  3.897108e-04  7.340624e-01  3.448162e-04  
   0.4994300  7.808208e-01  4.077012e-04  7.808111e-01  4.077068e-04  7.348008e-01  3.606935e-04  
   0.5204300  7.816947e-01  4.258598e-04  7.816848e-01  4.258654e-04  7.355737e-01  3.767083e-04  
   0.5414300  7.826071e-01  4.441777e-04  7.825972e-01  4.441833e-04  7.363809e-01  3.928569e-04  
   0.5614300  7.835122e-01  4.617712e-04  7.835025e-01  4.617769e-04  7.371817e-01  4.083607e-04  
   0.5824300  7.845011e-01  4.804017e-04  7.844915e-01  4.804078e-04  7.380560e-01  4.247715e-04  
   0.6034300  7.855293e-01  4.991968e-04  7.855197e-01  4.992033e-04  7.389652e-01  4.413199e-04  
   0.6244300  7.865978e-01  5.181620e-04  7.865882e-01  5.181693e-04  7.399094e-01  4.580102e-04  
   0.6454300  7.877061e-01  5.373028e-04  7.876965e-01  5.373110e-04  7.408890e-01  4.748471e-04  
   0.6664300  7.888549e-01  5.566254e-04  7.888454e-01  5.566346e-04  7.419044e-01  4.918361e-04  
   0.6864300  7.899867e-01  5.752029e-04  7.899774e-01  5.752132e-04  7.429043e-01  5.081615e-04  
   0.7074300  7.912156e-01  5.949009e-04  7.912062e-01  5.949127e-04  7.439899e-01  5.254627e-04  
   0.7284300  7.924859e-01  6.148017e-04  7.924767e-01  6.148149e-04  7.451119e-01  5.429329e-04  
   0.7494300  7.937986e-01  6.349131e-04  7.937891e-01  6.349281e-04  7.462708e-01  5.605787e-04  
   0.7704300  7.951532e-01  6.552431e-04  7.951438e-01  6.552599e-04  7.474669e-01  5.784062e-04  
   0.7914300  7.965510e-01  6.758003e-04  7.965418e-01  6.758189e-04  7.487008e-01  5.964223e-04  
   0.8114300  7.979221e-01  6.955971e-04  7.979130e-01  6.956173e-04  7.499107e-01  6.137621e-04  
   0.8324300  7.994048e-01  7.166222e-04  7.993956e-01  7.166440e-04  7.512186e-01  6.321671e-04  
   0.8540300  8.009765e-01  7.385128e-04  8.009674e-01  7.385363e-04  7.526051e-01  6.513176e-04  
   0.8740300  8.024739e-01  7.590298e-04  8.024647e-01  7.590548e-04  7.539256e-01  6.692554e-04  
   0.8950300  8.040907e-01  7.808394e-04  8.040818e-01  7.808659e-04  7.553509e-01  6.883112e-04  
   0.9160300  8.057532e-01  8.029323e-04  8.057445e-01  8.029601e-04  7.568164e-01  7.076019e-04  
   0.9370300  8.074628e-01  8.253193e-04  8.074537e-01  8.253488e-04  7.583226e-01  7.271362e-04  
   0.9580300  8.092194e-01  8.480116e-04  8.092105e-01  8.480423e-04  7.598700e-01  7.469234e-04  
   0.9780300  8.109372e-01  8.699180e-04  8.109283e-01  8.699503e-04  7.613828e-01  7.660117e-04  
   0.9990300  8.127884e-01  8.932400e-04  8.127795e-01  8.932733e-04  7.630126e-01  7.863195e-04  
   1.0200300  8.146889e-01  9.169026e-04  8.146803e-01  9.169371e-04  7.646856e-01  8.069081e-04  
   1.0410300  8.166398e-01  9.409172e-04  8.166313e-01  9.409535e-04  7.664019e-01  8.277878e-04  
   1.0620300  8.186417e-01  9.652969e-04  8.186331e-01  9.653346e-04  7.681629e-01  8.489683e-04  
   1.0830300  8.206950e-01  9.900546e-04  8.206866e-01  9.900943e-04  7.699686e-01  8.704601e-04  
   1.1030300  8.226992e-01  1.013997e-03  8.226910e-01  1.014038e-03  7.717304e-01  8.912276e-04  
   1.1240300  8.248559e-01  1.039532e-03  8.248476e-01  1.039574e-03  7.736255e-01  9.133586e-04  
   1.1450300  8.270664e-01  1.065485e-03  8.270581e-01  1.065529e-03  7.755673e-01  9.358333e-04  
   1.1660300  8.293319e-01  1.091871e-03  8.293238e-01  1.091917e-03  7.775570e-01  9.586635e-04  
   1.1870300  8.316534e-01  1.118705e-03  8.316452e-01  1.118754e-03  7.795950e-01  9.818611e-04  
   1.2080300  8.340317e-01  1.146004e-03  8.340237e-01  1.146054e-03  7.816817e-01  1.005440e-03  
   1.2280300  8.363498e-01  1.172450e-03  8.363419e-01  1.172501e-03  7.837151e-01  1.028260e-03  
   1.2490300  8.388412e-01  1.200703e-03  8.388334e-01  1.200756e-03  7.858998e-01  1.052620e-03  
   1.2706300  8.414668e-01  1.230303e-03  8.414589e-01  1.230357e-03  7.882010e-01  1.078116e-03  
   1.2906300  8.439548e-01  1.258214e-03  8.439471e-01  1.258270e-03  7.903810e-01  1.102135e-03  
   1.3116300  8.466281e-01  1.288063e-03  8.466206e-01  1.288121e-03  7.927223e-01  1.127797e-03  
   1.3326300  8.493645e-01  1.318488e-03  8.493568e-01  1.318546e-03  7.951173e-01  1.153928e-03  
   1.3536299  8.521649e-01  1.349509e-03  8.521575e-01  1.349569e-03  7.975679e-01  1.180546e-03  
   1.3746300  8.550316e-01  1.381152e-03  8.550242e-01  1.381213e-03  8.000751e-01  1.207669e-03  
   1.3946300  8.578244e-01  1.411886e-03  8.578172e-01  1.411949e-03  8.025166e-01  1.233986e-03  
   1.4156300  8.608236e-01  1.444810e-03  8.608165e-01  1.444874e-03  8.051372e-01  1.262149e-03  
   1.4366300  8.638925e-01  1.478428e-03  8.638856e-01  1.478493e-03  8.078175e-01  1.290874e-03  
   1.4576300  8.670335e-01  1.512765e-03  8.670267e-01  1.512834e-03  8.105592e-01  1.320183e-03  
   1.4786299  8.702475e-01  1.547853e-03  8.702408e-01  1.547923e-03  8.133632e-01  1.350096e-03  
   1.4996300  8.735360e-01  1.583718e-03  8.735294e-01  1.583791e-03  8.162310e-01  1.380638e-03  
   1.5196300  8.767384e-01  1.618626e-03  8.767322e-01  1.618702e-03  8.190222e-01  1.410329e-03  
   1.5406300  8.801774e-01  1.656101e-03  8.801711e-01  1.656179e-03  8.220178e-01  1.442164e-03  
   1.5616300  8.836958e-01  1.694450e-03  8.836898e-01  1.694531e-03  8.250809e-01  1.474699e-03  
   1.5826300  8.872957e-01  1.733709e-03  8.872896e-01  1.733793e-03  8.282127e-01  1.507960e-03  
   1.6036299  8.909789e-01  1.773919e-03  8.909733e-01  1.774006e-03  8.314155e-01  1.541978e-03  
   1.6246300  8.947473e-01  1.815122e-03  8.947417e-01  1.815213e-03  8.346905e-01  1.576780e-03  
   1.6446300  8.984169e-01  1.855329e-03  8.984115e-01  1.855422e-03  8.378774e-01  1.610682e-03  
   1.6656300  9.023577e-01  1.898610e-03  9.023524e-01  1.898706e-03  8.412976e-01  1.647109e-03  
   1.6872300  9.065071e-01  1.944327e-03  9.065021e-01  1.944425e-03  8.448966e-01  1.685503e-03  
   1.7072300  9.104374e-01  1.987799e-03  9.104326e-01  1.987899e-03  8.483033e-01  1.721923e-03  
   1.7282300  9.146592e-01  2.034698e-03  9.146544e-01  2.034802e-03  8.519595e-01  1.761106e-03  
   1.7492300  9.189800e-01  2.082966e-03  9.189755e-01  2.083073e-03  8.556991e-01  1.801297e-03  
   1.7702301  9.234028e-01  2.132698e-03  9.233984e-01  2.132809e-03  8.595240e-01  1.842548e-03  
   1.7912300  9.279303e-01  2.184008e-03  9.279261e-01  2.184121e-03  8.634366e-01  1.884907e-03  
   1.8112299  9.323431e-01  2.234459e-03  9.323393e-01  2.234577e-03  8.672467e-01  1.926336e-03  
   1.8322300  9.370843e-01  2.289244e-03  9.370807e-01  2.289365e-03  8.713377e-01  1.971038e-03  
   1.8532300  9.419403e-01  2.346053e-03  9.419370e-01  2.346177e-03  8.755241e-01  2.017041e-03  
   1.8742300  9.469141e-01  2.405086e-03  9.469110e-01  2.405215e-03  8.798083e-01  2.064429e-03  
   1.8952301  9.520090e-01  2.466571e-03  9.520062e-01  2.466706e-03  8.841933e-01  2.113294e-03  
   1.9162300  9.572291e-01  2.530763e-03  9.572265e-01  2.530904e-03  8.886817e-01  2.163747e-03  
   1.9362299  9.623199e-01  2.594676e-03  9.623173e-01  2.594824e-03  8.930551e-01  2.213392e-03  
   1.9572300  9.677948e-01  2.665003e-03  9.677927e-01  2.665158e-03  8.977544e-01  2.267340e-03  
   1.9782300  9.734062e-01  2.738956e-03  9.734044e-01  2.739120e-03  9.025666e-01  2.323333e-03  
   1.9992300  9.791583e-01  2.816890e-03  9.791567e-01  2.817065e-03  9.074954e-01  2.381589e-03  
   2.0202301  9.850557e-01  2.899182e-03  9.850543e-01  2.899366e-03  9.125444e-01  2.442372e-03  
   2.0412300  9.911023e-01  2.986210e-03  9.911014e-01  2.986406e-03  9.177173e-01  2.505990e-03  
   2.0612299  9.970050e-01  3.073850e-03  9.970046e-01  3.074058e-03  9.227623e-01  2.569552e-03  
   2.0822301  1.003359e+00  3.171233e-03  1.003359e+00  3.171456e-03  9.281889e-01  2.639828e-03  
   2.1038301  1.010067e+00  3.277522e-03  1.010067e+00  3.277760e-03  9.339137e-01  2.716407e-03  
   2.1238301  1.016439e+00  3.381818e-03  1.016439e+00  3.382070e-03  9.393467e-01  2.791724e-03  
   2.1448300  1.023302e+00  3.497766e-03  1.023303e+00  3.498035e-03  9.451945e-01  2.875988e-03  
   2.1658299  1.030349e+00  3.620666e-03  1.030350e+00  3.620952e-03  9.511935e-01  2.966251e-03  
   2.1868300  1.037586e+00  3.750884e-03  1.037588e+00  3.751187e-03  9.573492e-01  3.063276e-03  
   2.2078300  1.045021e+00  3.888799e-03  1.045023e+00  3.889121e-03  9.636670e-01  3.167875e-03  
   2.2278299  1.052293e+00  4.027684e-03  1.052296e+00  4.028025e-03  9.698409e-01  3.275323e-03  
   2.2488301  1.060138e+00  4.181857e-03  1.060141e+00  4.182218e-03  9.764932e-01  3.397220e-03  
   2.2698300  1.068204e+00  4.345072e-03  1.068208e+00  4.345455e-03  9.833258e-01  3.529307e-03  
   2.2908299  1.076503e+00  4.517907e-03  1.076507e+00  4.518315e-03  9.903459e-01  3.672513e-03  
   2.3118300  1.085045e+00  4.701012e-03  1.085049e+00  4.701450e-03  9.975603e-01  3.827770e-03  
   2.3328300  1.093839e+00  4.895134e-03  1.093844e+00  4.895602e-03  1.004976e+00  3.996010e-03  
   2.3528299  1.102459e+00  5.091019e-03  1.102465e+00  5.091524e-03  1.012233e+00  4.169173e-03  
   2.3738301  1.111780e+00  5.309172e-03  1.111787e+00  5.309717e-03  1.020066e+00  4.365503e-03  
   2.3948300  1.121390e+00  5.541142e-03  1.121398e+00  5.541733e-03  1.028124e+00  4.577663e-03  
   2.4158299  1.131304e+00  5.788121e-03  1.131312e+00  5.788764e-03  1.036418e+00  4.806687e-03  
   2.4368300  1.141535e+00  6.051453e-03  1.141544e+00  6.052153e-03  1.044959e+00  5.053678e-03  
   2.4578300  1.152102e+00  6.332642e-03  1.152112e+00  6.333406e-03  1.053756e+00  5.319805e-03  
   2.4778299  1.162493e+00  6.618625e-03  1.162503e+00  6.619450e-03  1.062385e+00  5.592234e-03  
   2.4988301  1.173766e+00  6.939921e-03  1.173777e+00  6.940818e-03  1.071720e+00  5.899568e-03  
   2.5204301  1.185771e+00  7.295287e-03  1.185784e+00  7.296260e-03  1.081630e+00  6.240080e-03  
   2.5404301  1.197280e+00  7.649461e-03  1.197293e+00  7.650509e-03  1.091100e+00  6.579092e-03  
   2.5614300  1.209796e+00  8.050660e-03  1.209810e+00  8.051787e-03  1.101363e+00  6.961607e-03  
   2.5824299  1.222781e+00  8.486033e-03  1.222797e+00  8.487245e-03  1.111973e+00  7.373696e-03  
   2.6034300  1.236270e+00  8.960853e-03  1.236287e+00  8.962153e-03  1.122949e+00  7.818257e-03  
   2.6244299  1.250295e+00  9.481743e-03  1.250313e+00  9.483133e-03  1.134313e+00  8.298830e-03  
   2.6444299  1.264187e+00  1.002836e-02  1.264206e+00  1.002984e-02  1.145522e+00  8.794076e-03  
   2.6654301  1.279378e+00  1.066566e-02  1.279399e+00  1.066726e-02  1.157721e+00  9.358937e-03  
   2.6864300  1.295234e+00  1.138131e-02  1.295256e+00  1.138303e-02  1.170390e+00  9.976856e-03  
   2.7074299  1.311809e+00  1.219281e-02  1.311832e+00  1.219467e-02  1.183564e+00  1.065716e-02  
   2.7284300  1.329161e+00  1.312260e-02  1.329186e+00  1.312464e-02  1.197278e+00  1.141184e-02  
   2.7494299  1.347357e+00  1.419940e-02  1.347385e+00  1.420164e-02  1.211575e+00  1.225622e-02  
   2.7694299  1.365536e+00  1.539513e-02  1.365566e+00  1.539761e-02  1.225772e+00  1.316152e-02  
   2.7904301  1.385593e+00  1.687412e-02  1.385625e+00  1.687692e-02  1.241336e+00  1.424155e-02  
   2.8114300  1.406726e+00  1.864006e-02  1.406760e+00  1.864328e-02  1.257622e+00  1.548365e-02  
   2.8324299  1.429028e+00  2.076727e-02  1.429065e+00  2.077101e-02  1.274689e+00  1.692440e-02  
   2.8534300  1.452597e+00  2.334896e-02  1.452637e+00  2.335340e-02  1.292595e+00  1.860808e-02  
   2.8744299  1.477534e+00  2.650102e-02  1.477577e+00  2.650634e-02  1.311402e+00  2.058774e-02  
   2.8944299  1.502650e+00  3.016345e-02  1.502697e+00  3.016984e-02  1.330210e+00  2.280598e-02  
   2.9154301  1.530551e+00  3.486835e-02  1.530600e+00  3.487619e-02  1.350966e+00  2.555604e-02  
   2.9370301  1.560975e+00  4.084040e-02  1.561028e+00  4.085015e-02  1.373466e+00  2.892519e-02  
   2.9570301  1.590774e+00  4.762223e-02  1.590831e+00  4.763417e-02  1.395403e+00  3.262960e-02  
   2.9780300  1.623792e+00  5.631175e-02  1.623853e+00  5.632657e-02  1.419648e+00  3.724095e-02  
   2.9990301  1.658592e+00  6.692170e-02  1.658656e+00  6.694004e-02  1.445200e+00  4.273014e-02  
   3.0200300  1.695132e+00  7.980321e-02  1.695200e+00  7.982585e-02  1.472119e+00  4.926106e-02  
   3.0410299  1.733314e+00  9.533381e-02  1.733385e+00  9.536153e-02  1.500455e+00  5.702459e-02  
   3.0610299  1.771045e+00  1.129462e-01  1.771118e+00  1.129796e-01  1.528788e+00  6.576554e-02  
   3.0820301  1.811856e+00  1.347769e-01  1.811929e+00  1.348172e-01  1.559958e+00  7.659836e-02  
   3.1030300  1.853548e+00  1.603907e-01  1.853621e+00  1.604386e-01  1.592551e+00  8.940192e-02  
   3.1240301  1.895695e+00  1.901157e-01  1.895767e+00  1.901723e-01  1.626494e+00  1.044837e-01  
   3.1450300  1.937774e+00  2.242115e-01  1.937843e+00  2.242775e-01  1.661646e+00  1.221710e-01  
   3.1660299  1.979192e+00  2.628471e-01  1.979257e+00  2.629232e-01  1.697797e+00  1.428011e-01  
   3.1860299  2.017428e+00  3.039154e-01  2.017488e+00  3.040017e-01  1.732886e+00  1.654874e-01  
   3.2070301  2.055643e+00  3.514547e-01  2.055694e+00  3.515519e-01  1.770056e+00  1.927919e-01  
   3.2280300  2.091198e+00  4.033102e-01  2.091241e+00  4.034187e-01  1.807091e+00  2.239166e-01  
   3.2490301  2.123425e+00  4.591322e-01  2.123459e+00  4.592520e-01  1.843434e+00  2.590434e-01  
   3.2700300  2.151722e+00  5.184336e-01  2.151745e+00  5.185642e-01  1.878450e+00  2.982513e-01  
   3.2910299  2.175575e+00  5.806130e-01  2.175586e+00  5.807539e-01  1.911456e+00  3.414966e-01  
   3.3110299  2.193796e+00  6.418743e-01  2.193798e+00  6.420246e-01  1.940380e+00  3.862675e-01  
   3.3320301  2.207963e+00  7.076257e-01  2.207956e+00  7.077847e-01  1.967454e+00  4.367210e-01  
   3.3536301  2.217123e+00  7.759850e-01  2.217107e+00  7.761520e-01  1.991133e+00  4.917963e-01  
   3.3736300  2.220751e+00  8.392382e-01  2.220727e+00  8.394114e-01  2.008795e+00  5.450900e-01  
   3.3946300  2.219727e+00  9.049384e-01  2.219696e+00  9.051171e-01  2.022552e+00  6.027213e-01  
   3.4156301  2.214067e+00  9.693103e-01  2.214030e+00  9.694926e-01  2.031195e+00  6.612780e-01  
   3.4366300  2.204195e+00  1.031855e+00  2.204153e+00  1.032040e+00  2.034694e+00  7.199251e-01  
   3.4576299  2.190612e+00  1.092203e+00  2.190565e+00  1.092389e+00  2.033220e+00  7.778467e-01  
   3.4776299  2.174717e+00  1.147411e+00  2.174665e+00  1.147597e+00  2.027521e+00  8.316475e-01  
   3.4986300  2.155444e+00  1.202879e+00  2.155388e+00  1.203063e+00  2.017524e+00  8.860873e-01  
   3.5196300  2.134043e+00  1.255764e+00  2.133981e+00  1.255946e+00  2.004053e+00  9.379296e-01  
   3.5406301  2.110994e+00  1.306129e+00  2.110928e+00  1.306308e+00  1.987835e+00  9.868395e-01  
   3.5616300  2.086714e+00  1.354089e+00  2.086640e+00  1.354264e+00  1.969627e+00  1.032654e+00  
   3.5826299  2.061548e+00  1.399785e+00  2.061468e+00  1.399958e+00  1.950166e+00  1.075387e+00  
   3.6026299  2.037012e+00  1.441337e+00  2.036925e+00  1.441506e+00  1.931081e+00  1.113370e+00  
   3.6236300  2.010859e+00  1.483021e+00  2.010764e+00  1.483185e+00  1.911004e+00  1.150673e+00  
   3.6446300  1.984475e+00  1.522802e+00  1.984372e+00  1.522963e+00  1.891317e+00  1.185697e+00  
   3.6656301  1.958001e+00  1.560740e+00  1.957892e+00  1.560897e+00  1.872314e+00  1.218850e+00  
   3.6866300  1.931574e+00  1.596852e+00  1.931459e+00  1.597006e+00  1.854153e+00  1.250535e+00  
   3.7076299  1.905340e+00  1.631137e+00  1.905222e+00  1.631287e+00  1.836869e+00  1.281117e+00  
   3.7276299  1.880697e+00  1.662080e+00  1.880576e+00  1.662226e+00  1.821172e+00  1.309488e+00  
   3.7486300  1.855384e+00  1.692774e+00  1.855265e+00  1.692918e+00  1.805393e+00  1.338684e+00  
   3.7702301  1.830222e+00  1.722468e+00  1.830104e+00  1.722610e+00  1.789787e+00  1.368195e+00  
   3.7902300  1.807990e+00  1.748356e+00  1.807879e+00  1.748496e+00  1.775809e+00  1.395078e+00  
   3.8112299  1.786081e+00  1.774053e+00  1.785976e+00  1.774191e+00  1.761584e+00  1.422811e+00  
   3.8322301  1.765983e+00  1.798502e+00  1.765887e+00  1.798640e+00  1.747863e+00  1.449964e+00  
   3.8532300  1.748046e+00  1.822102e+00  1.747959e+00  1.822241e+00  1.734781e+00  1.476463e+00  
   3.8742299  1.732587e+00  1.845371e+00  1.732512e+00  1.845511e+00  1.722569e+00  1.502275e+00  
   3.8942299  1.720401e+00  1.867809e+00  1.720335e+00  1.867953e+00  1.712031e+00  1.526256e+00  
   3.9152300  1.710420e+00  1.892383e+00  1.710363e+00  1.892531e+00  1.702459e+00  1.550951e+00  
   3.9362299  1.703351e+00  1.918827e+00  1.703302e+00  1.918982e+00  1.694796e+00  1.575431e+00  
   3.9572301  1.699064e+00  1.948061e+00  1.699016e+00  1.948222e+00  1.689405e+00  1.600134e+00  
   3.9782300  1.697230e+00  1.981026e+00  1.697183e+00  1.981197e+00  1.686582e+00  1.625651e+00  
   3.9992299  1.697317e+00  2.018659e+00  1.697264e+00  2.018839e+00  1.686511e+00  1.652723e+00  
   4.0192299  1.698495e+00  2.059636e+00  1.698433e+00  2.059826e+00  1.689029e+00  1.680744e+00  
   4.0402298  1.699956e+00  2.108777e+00  1.699879e+00  2.108976e+00  1.694230e+00  1.713437e+00  
   4.0612302  1.700506e+00  2.164760e+00  1.700406e+00  2.164965e+00  1.701665e+00  1.750475e+00  
   4.0822301  1.698822e+00  2.227938e+00  1.698694e+00  2.228151e+00  1.710695e+00  1.792863e+00  
   4.1032300  1.693469e+00  2.298415e+00  1.693307e+00  2.298629e+00  1.720415e+00  1.841540e+00  
   4.1242299  1.682957e+00  2.375990e+00  1.682754e+00  2.376205e+00  1.729665e+00  1.897317e+00  
   4.1442299  1.666788e+00  2.456012e+00  1.666543e+00  2.456223e+00  1.736750e+00  1.957596e+00  
   4.1652298  1.641993e+00  2.545708e+00  1.641700e+00  2.545910e+00  1.740837e+00  2.028733e+00  
   4.1868300  1.606818e+00  2.642899e+00  1.606472e+00  2.643088e+00  1.739632e+00  2.110299e+00  
   4.2068300  1.564492e+00  2.736086e+00  1.564095e+00  2.736261e+00  1.731896e+00  2.193072e+00  
   4.2278299  1.509132e+00  2.835733e+00  1.508682e+00  2.835889e+00  1.715131e+00  2.286728e+00  
   4.2488298  1.442016e+00  2.935541e+00  1.441513e+00  2.935675e+00  1.687789e+00  2.386104e+00  
   4.2698302  1.362833e+00  3.033699e+00  1.362282e+00  3.033810e+00  1.648312e+00  2.489574e+00  
   4.2908301  1.271556e+00  3.128339e+00  1.270961e+00  3.128426e+00  1.595439e+00  2.595126e+00  
   4.3108301  1.173595e+00  3.213511e+00  1.172961e+00  3.213576e+00  1.531829e+00  2.695464e+00  
   4.3318300  1.059608e+00  3.295990e+00  1.058942e+00  3.296031e+00  1.450726e+00  2.798171e+00  
   4.3528299  9.349124e-01  3.369648e+00  9.342219e-01  3.369670e+00  1.355066e+00  2.895540e+00  
   4.3738298  8.004150e-01  3.432875e+00  7.997080e-01  3.432877e+00  1.245503e+00  2.984916e+00  
   4.3948302  6.572102e-01  3.484190e+00  6.564957e-01  3.484174e+00  1.123242e+00  3.063781e+00  
   4.4158301  5.065861e-01  3.522273e+00  5.058728e-01  3.522241e+00  9.900060e-01  3.129887e+00  
   4.4358301  3.575673e-01  3.545196e+00  3.568629e-01  3.545149e+00  8.548830e-01  3.179284e+00  
   4.4568300  1.968190e-01  3.554348e+00  1.961317e-01  3.554286e+00  7.067618e-01  3.215585e+00  
   4.4778299  3.345823e-02  3.547522e+00  3.279525e-02  3.547442e+00  5.549254e-01  3.235119e+00  
   4.4988298  -1.305571e-01  3.524272e+00  -1.311899e-01  3.524174e+00  4.021873e-01  3.237635e+00  
   4.5198302  -2.931351e-01  3.484456e+00  -2.937324e-01  3.484338e+00  2.513148e-01  3.223459e+00  
   4.5408301  -4.520720e-01  3.428280e+00  -4.526298e-01  3.428139e+00  1.049127e-01  3.193463e+00  
   4.5608301  -5.980083e-01  3.360091e+00  -5.985258e-01  3.359928e+00  -2.824508e-02  3.151408e+00  
   4.5818300  -7.434072e-01  3.273997e+00  -7.438803e-01  3.273808e+00  -1.595971e-01  3.094728e+00  
   4.6034298  -8.824069e-01  3.171368e+00  -8.828333e-01  3.171151e+00  -2.840719e-01  3.025089e+00  
   4.6234298  -9.997908e-01  3.065245e+00  -1.000174e+00  3.065002e+00  -3.886983e-01  2.952339e+00  
   4.6444302  -1.109780e+00  2.944349e+00  -1.110118e+00  2.944080e+00  -4.869330e-01  2.869487e+00  
   4.6654301  -1.204988e+00  2.816072e+00  -1.205281e+00  2.815778e+00  -5.730277e-01  2.782079e+00  
   4.6864300  -1.284659e+00  2.682932e+00  -1.284910e+00  2.682615e+00  -6.471092e-01  2.692074e+00  
   4.7074299  -1.348533e+00  2.547516e+00  -1.348744e+00  2.547178e+00  -7.096013e-01  2.601238e+00  
   4.7274299  -1.394892e+00  2.418748e+00  -1.395067e+00  2.418395e+00  -7.589408e-01  2.515355e+00  
   4.7484298  -1.429042e+00  2.286022e+00  -1.429181e+00  2.285654e+00  -8.008450e-01  2.427074e+00  
   4.7694302  -1.449397e+00  2.157900e+00  -1.449503e+00  2.157522e+00  -8.335130e-01  2.341761e+00  
   4.7904301  -1.457376e+00  2.036141e+00  -1.457451e+00  2.035756e+00  -8.579170e-01  2.260225e+00  
   4.8114300  -1.454620e+00  1.922103e+00  -1.454667e+00  1.921713e+00  -8.750445e-01  2.183058e+00  
   4.8324299  -1.442882e+00  1.816737e+00  -1.442903e+00  1.816344e+00  -8.858622e-01  2.110666e+00  
   4.8524299  -1.424968e+00  1.724962e+00  -1.424967e+00  1.724567e+00  -8.911444e-01  2.046381e+00  
   4.8734298  -1.400718e+00  1.637794e+00  -1.400694e+00  1.637399e+00  -8.922496e-01  1.983875e+00  
   4.8944302  -1.372432e+00  1.559946e+00  -1.372388e+00  1.559552e+00  -8.895898e-01  1.926480e+00  
   4.9154301  -1.341496e+00  1.491077e+00  -1.341433e+00  1.490682e+00  -8.838860e-01  1.874099e+00  
   4.9364300  -1.309091e+00  1.430659e+00  -1.309009e+00  1.430264e+00  -8.757815e-01  1.826564e+00  
   4.9574299  -1.276188e+00  1.378045e+00  -1.276090e+00  1.377650e+00  -8.658411e-01  1.783650e+00  
   4.9774299  -1.245097e+00  1.334538e+00  -1.244983e+00  1.334142e+00  -8.551157e-01  1.746837e+00  
   4.9984298  -1.213272e+00  1.295076e+00  -1.213142e+00  1.294678e+00  -8.429344e-01  1.712166e+00  
