w Re-xx Im-xx Re-yy Im-yy Re-zz Im-zz
# Gaussian absolute broadening  0.15 [eV]
   0.0000000  7.679657e-01  8.819431e-05  7.679716e-01  8.819755e-05  7.260196e-01  7.923706e-05  
   0.0200000  7.680656e-01  9.439101e-05  7.680715e-01  9.439475e-05  7.261091e-01  8.480267e-05  
   0.0410000  7.681844e-01  1.014524e-04  7.681901e-01  1.014567e-04  7.262155e-01  9.114463e-05  
   0.0620000  7.683192e-01  1.091184e-04  7.683252e-01  1.091233e-04  7.263372e-01  9.802920e-05  
   0.0830000  7.684727e-01  1.174228e-04  7.684786e-01  1.174285e-04  7.264747e-01  1.054867e-04  
   0.1040000  7.686466e-01  1.263950e-04  7.686527e-01  1.264015e-04  7.266313e-01  1.135434e-04  
   0.1240000  7.688330e-01  1.355820e-04  7.688391e-01  1.355893e-04  7.267988e-01  1.217925e-04  
   0.1450000  7.690535e-01  1.459177e-04  7.690594e-01  1.459260e-04  7.269966e-01  1.310723e-04  
   0.1660000  7.693004e-01  1.569659e-04  7.693066e-01  1.569752e-04  7.272184e-01  1.409911e-04  
   0.1870000  7.695769e-01  1.687231e-04  7.695830e-01  1.687335e-04  7.274670e-01  1.515456e-04  
   0.2080000  7.698846e-01  1.811748e-04  7.698905e-01  1.811864e-04  7.277432e-01  1.627224e-04  
   0.2290000  7.702248e-01  1.942957e-04  7.702311e-01  1.943086e-04  7.280490e-01  1.744989e-04  
   0.2490000  7.705814e-01  2.073820e-04  7.705874e-01  2.073960e-04  7.283688e-01  1.862429e-04  
   0.2700000  7.709905e-01  2.217001e-04  7.709966e-01  2.217154e-04  7.287363e-01  1.990911e-04  
   0.2910000  7.714363e-01  2.365608e-04  7.714426e-01  2.365774e-04  7.291365e-01  2.124244e-04  
   0.3120000  7.719199e-01  2.519104e-04  7.719260e-01  2.519284e-04  7.295710e-01  2.261944e-04  
   0.3330000  7.724414e-01  2.676940e-04  7.724476e-01  2.677132e-04  7.300392e-01  2.403515e-04  
   0.3540000  7.730013e-01  2.838582e-04  7.730076e-01  2.838787e-04  7.305418e-01  2.548475e-04  
   0.3740000  7.735706e-01  2.995610e-04  7.735767e-01  2.995825e-04  7.310528e-01  2.689274e-04  
   0.3950000  7.742056e-01  3.163301e-04  7.742118e-01  3.163527e-04  7.316231e-01  2.839603e-04  
   0.4160000  7.748788e-01  3.333499e-04  7.748851e-01  3.333733e-04  7.322274e-01  2.992146e-04  
   0.4374300  7.756057e-01  3.509446e-04  7.756121e-01  3.509687e-04  7.328799e-01  3.149807e-04  
   0.4574300  7.763200e-01  3.675488e-04  7.763263e-01  3.675735e-04  7.335207e-01  3.298556e-04  
   0.4784300  7.771072e-01  3.851570e-04  7.771134e-01  3.851821e-04  7.342271e-01  3.456262e-04  
   0.4994300  7.779323e-01  4.029314e-04  7.779388e-01  4.029569e-04  7.349675e-01  3.615412e-04  
   0.5204300  7.787955e-01  4.208648e-04  7.788021e-01  4.208904e-04  7.357422e-01  3.775942e-04  
   0.5414300  7.796974e-01  4.389538e-04  7.797037e-01  4.389795e-04  7.365510e-01  3.937815e-04  
   0.5614300  7.805920e-01  4.563256e-04  7.805986e-01  4.563512e-04  7.373537e-01  4.093226e-04  
   0.5824300  7.815692e-01  4.747196e-04  7.815760e-01  4.747451e-04  7.382302e-01  4.257730e-04  
   0.6034300  7.825853e-01  4.932736e-04  7.825918e-01  4.932990e-04  7.391415e-01  4.423616e-04  
   0.6244300  7.836408e-01  5.119935e-04  7.836474e-01  5.120189e-04  7.400880e-01  4.590926e-04  
   0.6454300  7.847360e-01  5.308845e-04  7.847427e-01  5.309099e-04  7.410700e-01  4.759709e-04  
   0.6664300  7.858713e-01  5.499525e-04  7.858779e-01  5.499778e-04  7.420875e-01  4.930014e-04  
   0.6864300  7.869895e-01  5.682831e-04  7.869963e-01  5.683085e-04  7.430901e-01  5.093676e-04  
   0.7074300  7.882035e-01  5.877167e-04  7.882103e-01  5.877422e-04  7.441783e-01  5.267121e-04  
   0.7284300  7.894585e-01  6.073478e-04  7.894654e-01  6.073735e-04  7.453029e-01  5.442263e-04  
   0.7494300  7.907552e-01  6.271839e-04  7.907621e-01  6.272098e-04  7.464643e-01  5.619168e-04  
   0.7704300  7.920932e-01  6.472328e-04  7.921002e-01  6.472591e-04  7.476633e-01  5.797898e-04  
   0.7914300  7.934739e-01  6.675028e-04  7.934810e-01  6.675293e-04  7.489002e-01  5.978526e-04  
   0.8114300  7.948282e-01  6.870201e-04  7.948353e-01  6.870469e-04  7.501131e-01  6.152376e-04  
   0.8324300  7.962926e-01  7.077455e-04  7.962998e-01  7.077729e-04  7.514243e-01  6.336907e-04  
   0.8540300  7.978448e-01  7.293207e-04  7.978520e-01  7.293481e-04  7.528139e-01  6.528920e-04  
   0.8740300  7.993233e-01  7.495388e-04  7.993305e-01  7.495665e-04  7.541376e-01  6.708775e-04  
   0.8950300  8.009199e-01  7.710272e-04  8.009273e-01  7.710551e-04  7.555666e-01  6.899845e-04  
   0.9160300  8.025614e-01  7.927910e-04  8.025689e-01  7.928191e-04  7.570355e-01  7.093271e-04  
   0.9370300  8.042492e-01  8.148405e-04  8.042566e-01  8.148689e-04  7.585453e-01  7.289142e-04  
   0.9580300  8.059835e-01  8.371867e-04  8.059911e-01  8.372153e-04  7.600965e-01  7.487555e-04  
   0.9780300  8.076794e-01  8.587550e-04  8.076870e-01  8.587838e-04  7.616131e-01  7.678965e-04  
   0.9990300  8.095067e-01  8.817125e-04  8.095143e-01  8.817416e-04  7.632471e-01  7.882604e-04  
   1.0200300  8.113826e-01  9.050000e-04  8.113904e-01  9.050292e-04  7.649241e-01  8.089061e-04  
   1.0410300  8.133081e-01  9.286296e-04  8.133157e-01  9.286589e-04  7.666448e-01  8.298441e-04  
   1.0620300  8.152836e-01  9.526130e-04  8.152915e-01  9.526424e-04  7.684101e-01  8.510844e-04  
   1.0830300  8.173100e-01  9.769625e-04  8.173178e-01  9.769920e-04  7.702205e-01  8.726375e-04  
   1.1030300  8.192878e-01  1.000505e-03  8.192956e-01  1.000535e-03  7.719867e-01  8.934638e-04  
   1.1240300  8.214152e-01  1.025606e-03  8.214233e-01  1.025636e-03  7.738866e-01  9.156583e-04  
   1.1450300  8.235961e-01  1.051113e-03  8.236043e-01  1.051143e-03  7.758332e-01  9.381975e-04  
   1.1660300  8.258309e-01  1.077038e-03  8.258394e-01  1.077068e-03  7.778279e-01  9.610940e-04  
   1.1870300  8.281206e-01  1.103397e-03  8.281292e-01  1.103427e-03  7.798709e-01  9.843592e-04  
   1.2080300  8.304662e-01  1.130205e-03  8.304748e-01  1.130235e-03  7.819630e-01  1.008006e-03  
   1.2280300  8.327523e-01  1.156166e-03  8.327609e-01  1.156197e-03  7.840017e-01  1.030894e-03  
   1.2490300  8.352090e-01  1.183895e-03  8.352177e-01  1.183926e-03  7.861919e-01  1.055324e-03  
   1.2706300  8.377978e-01  1.212937e-03  8.378065e-01  1.212968e-03  7.884990e-01  1.080895e-03  
   1.2906300  8.402503e-01  1.240313e-03  8.402593e-01  1.240345e-03  7.906847e-01  1.104984e-03  
   1.3116300  8.428854e-01  1.269581e-03  8.428942e-01  1.269613e-03  7.930320e-01  1.130720e-03  
   1.3326300  8.455823e-01  1.299402e-03  8.455914e-01  1.299436e-03  7.954333e-01  1.156927e-03  
   1.3536299  8.483421e-01  1.329798e-03  8.483515e-01  1.329833e-03  7.978901e-01  1.183621e-03  
   1.3746300  8.511667e-01  1.360791e-03  8.511761e-01  1.360828e-03  8.004040e-01  1.210821e-03  
   1.3946300  8.539179e-01  1.390884e-03  8.539276e-01  1.390922e-03  8.028518e-01  1.237213e-03  
   1.4156300  8.568723e-01  1.423108e-03  8.568820e-01  1.423148e-03  8.054790e-01  1.265455e-03  
   1.4366300  8.598949e-01  1.455998e-03  8.599049e-01  1.456040e-03  8.081666e-01  1.294259e-03  
   1.4576300  8.629878e-01  1.489579e-03  8.629978e-01  1.489623e-03  8.109156e-01  1.323648e-03  
   1.4786299  8.661523e-01  1.523877e-03  8.661625e-01  1.523923e-03  8.137271e-01  1.353643e-03  
   1.4996300  8.693898e-01  1.558918e-03  8.694000e-01  1.558967e-03  8.166024e-01  1.384265e-03  
   1.5196300  8.725418e-01  1.593006e-03  8.725523e-01  1.593059e-03  8.194007e-01  1.414034e-03  
   1.5406300  8.759258e-01  1.629582e-03  8.759365e-01  1.629638e-03  8.224039e-01  1.445950e-03  
   1.5616300  8.793877e-01  1.666987e-03  8.793985e-01  1.667046e-03  8.254752e-01  1.478567e-03  
   1.5826300  8.829287e-01  1.705254e-03  8.829396e-01  1.705317e-03  8.286157e-01  1.511909e-03  
   1.6036299  8.865511e-01  1.744418e-03  8.865621e-01  1.744484e-03  8.318265e-01  1.546005e-03  
   1.6246300  8.902568e-01  1.784513e-03  8.902680e-01  1.784584e-03  8.351101e-01  1.580885e-03  
   1.6446300  8.938643e-01  1.823598e-03  8.938759e-01  1.823673e-03  8.383053e-01  1.614861e-03  
   1.6656300  8.977373e-01  1.865623e-03  8.977489e-01  1.865702e-03  8.417342e-01  1.651362e-03  
   1.6872300  9.018144e-01  1.909944e-03  9.018266e-01  1.910027e-03  8.453425e-01  1.689826e-03  
   1.7072300  9.056756e-01  1.952014e-03  9.056878e-01  1.952102e-03  8.487577e-01  1.726308e-03  
   1.7282300  9.098216e-01  1.997304e-03  9.098338e-01  1.997396e-03  8.524236e-01  1.765548e-03  
   1.7492300  9.140636e-01  2.043786e-03  9.140761e-01  2.043883e-03  8.561726e-01  1.805789e-03  
   1.7702301  9.184045e-01  2.091515e-03  9.184170e-01  2.091617e-03  8.600069e-01  1.847075e-03  
   1.7912300  9.228468e-01  2.140550e-03  9.228598e-01  2.140657e-03  8.639292e-01  1.889454e-03  
   1.8112299  9.271747e-01  2.188519e-03  9.271881e-01  2.188630e-03  8.677487e-01  1.930881e-03  
   1.8322300  9.318238e-01  2.240285e-03  9.318375e-01  2.240399e-03  8.718495e-01  1.975551e-03  
   1.8532300  9.365833e-01  2.293551e-03  9.365969e-01  2.293669e-03  8.760455e-01  2.021480e-03  
   1.8742300  9.414563e-01  2.348393e-03  9.414703e-01  2.348515e-03  8.803393e-01  2.068737e-03  
   1.8952301  9.464462e-01  2.404893e-03  9.464605e-01  2.405020e-03  8.847340e-01  2.117393e-03  
   1.9162300  9.515567e-01  2.463137e-03  9.515713e-01  2.463269e-03  8.892319e-01  2.167525e-03  
   1.9362299  9.565381e-01  2.520315e-03  9.565530e-01  2.520451e-03  8.936142e-01  2.216724e-03  
   1.9572300  9.618930e-01  2.582244e-03  9.619082e-01  2.582385e-03  8.983229e-01  2.270004e-03  
   1.9782300  9.673798e-01  2.646218e-03  9.673954e-01  2.646366e-03  9.031440e-01  2.325050e-03  
   1.9992300  9.730012e-01  2.712360e-03  9.730170e-01  2.712513e-03  9.080807e-01  2.381988e-03  
   2.0202301  9.787632e-01  2.780800e-03  9.787791e-01  2.780958e-03  9.131375e-01  2.440957e-03  
   2.0412300  9.846680e-01  2.851680e-03  9.846849e-01  2.851846e-03  9.183173e-01  2.502117e-03  
   2.0612299  9.904306e-01  2.921602e-03  9.904472e-01  2.921776e-03  9.233689e-01  2.562569e-03  
   2.0822301  9.966310e-01  2.997728e-03  9.966483e-01  2.997911e-03  9.288008e-01  2.628562e-03  
   2.1038301  1.003175e+00  3.079124e-03  1.003193e+00  3.079316e-03  9.345304e-01  2.699382e-03  
   2.1238301  1.009390e+00  3.157493e-03  1.009408e+00  3.157694e-03  9.399675e-01  2.767872e-03  
   2.1448300  1.016082e+00  3.243121e-03  1.016100e+00  3.243333e-03  9.458192e-01  2.843110e-03  
   2.1658299  1.022951e+00  3.332435e-03  1.022970e+00  3.332659e-03  9.518204e-01  2.922103e-03  
   2.1868300  1.030004e+00  3.425740e-03  1.030023e+00  3.425978e-03  9.579784e-01  3.005252e-03  
   2.2078300  1.037247e+00  3.523363e-03  1.037267e+00  3.523615e-03  9.642973e-01  3.093001e-03  
   2.2278299  1.044331e+00  3.620696e-03  1.044351e+00  3.620962e-03  9.704724e-01  3.181305e-03  
   2.2488301  1.051969e+00  3.727866e-03  1.051990e+00  3.728148e-03  9.771255e-01  3.279512e-03  
   2.2698300  1.059822e+00  3.840569e-03  1.059843e+00  3.840867e-03  9.839597e-01  3.383919e-03  
   2.2908299  1.067898e+00  3.959307e-03  1.067920e+00  3.959627e-03  9.909816e-01  3.495163e-03  
   2.3118300  1.076207e+00  4.084633e-03  1.076230e+00  4.084973e-03  9.981990e-01  3.613927e-03  
   2.3328300  1.084759e+00  4.217141e-03  1.084782e+00  4.217501e-03  1.005619e+00  3.740933e-03  
   2.3528299  1.093138e+00  4.350621e-03  1.093162e+00  4.351002e-03  1.012883e+00  3.870255e-03  
   2.3738301  1.102195e+00  4.499105e-03  1.102219e+00  4.499509e-03  1.020724e+00  4.015609e-03  
   2.3948300  1.111527e+00  4.656889e-03  1.111552e+00  4.657319e-03  1.028794e+00  4.171603e-03  
   2.4158299  1.121147e+00  4.824820e-03  1.121173e+00  4.825277e-03  1.037103e+00  4.339147e-03  
   2.4368300  1.131071e+00  5.003830e-03  1.131098e+00  5.004319e-03  1.045662e+00  4.519213e-03  
   2.4578300  1.141313e+00  5.194938e-03  1.141340e+00  5.195457e-03  1.054482e+00  4.712829e-03  
   2.4778299  1.151376e+00  5.389225e-03  1.151404e+00  5.389773e-03  1.063135e+00  4.910845e-03  
   2.4988301  1.162285e+00  5.607327e-03  1.162313e+00  5.607910e-03  1.072501e+00  5.134230e-03  
   2.5204301  1.173892e+00  5.848201e-03  1.173922e+00  5.848825e-03  1.082448e+00  5.381906e-03  
   2.5404301  1.185008e+00  6.087699e-03  1.185039e+00  6.088363e-03  1.091958e+00  5.628818e-03  
   2.5614300  1.197083e+00  6.358028e-03  1.197116e+00  6.358738e-03  1.102269e+00  5.907882e-03  
   2.5824299  1.209597e+00  6.649835e-03  1.209630e+00  6.650595e-03  1.112931e+00  6.209100e-03  
   2.6034300  1.222579e+00  6.965756e-03  1.222613e+00  6.966571e-03  1.123966e+00  6.534665e-03  
   2.6244299  1.236057e+00  7.308993e-03  1.236092e+00  7.309868e-03  1.135395e+00  6.887136e-03  
   2.6444299  1.249388e+00  7.664929e-03  1.249424e+00  7.665864e-03  1.146671e+00  7.250636e-03  
   2.6654301  1.263940e+00  8.074012e-03  1.263978e+00  8.075023e-03  1.158947e+00  7.665076e-03  
   2.6864300  1.279104e+00  8.525697e-03  1.279143e+00  8.526788e-03  1.171698e+00  8.117569e-03  
   2.7074299  1.294927e+00  9.028535e-03  1.294968e+00  9.029719e-03  1.184960e+00  8.613868e-03  
   2.7284300  1.311464e+00  9.593916e-03  1.311507e+00  9.595208e-03  1.198769e+00  9.161318e-03  
   2.7494299  1.328777e+00  1.023716e-02  1.328821e+00  1.023858e-02  1.213169e+00  9.769408e-03  
   2.7694299  1.346048e+00  1.094108e-02  1.346095e+00  1.094264e-02  1.227473e+00  1.041623e-02  
   2.7904301  1.365083e+00  1.180291e-02  1.365132e+00  1.180465e-02  1.243165e+00  1.118196e-02  
   2.8114300  1.385123e+00  1.282742e-02  1.385174e+00  1.282940e-02  1.259602e+00  1.205708e-02  
   2.8324299  1.406268e+00  1.406497e-02  1.406322e+00  1.406725e-02  1.276852e+00  1.306907e-02  
   2.8534300  1.428624e+00  1.558253e-02  1.428681e+00  1.558522e-02  1.294986e+00  1.425371e-02  
   2.8744299  1.452308e+00  1.746815e-02  1.452368e+00  1.747136e-02  1.314084e+00  1.565723e-02  
   2.8944299  1.476211e+00  1.971019e-02  1.476274e+00  1.971408e-02  1.333251e+00  1.725161e-02  
   2.9154301  1.502844e+00  2.267174e-02  1.502911e+00  2.267655e-02  1.354491e+00  1.926853e-02  
   2.9370301  1.532006e+00  2.655444e-02  1.532077e+00  2.656052e-02  1.377635e+00  2.180765e-02  
   2.9570301  1.560713e+00  3.111314e-02  1.560788e+00  3.112076e-02  1.400332e+00  2.468924e-02  
   2.9780300  1.592710e+00  3.715425e-02  1.592790e+00  3.716395e-02  1.425576e+00  2.840483e-02  
   2.9990301  1.626671e+00  4.478646e-02  1.626755e+00  4.479881e-02  1.452363e+00  3.300130e-02  
   3.0200300  1.662611e+00  5.436408e-02  1.662701e+00  5.437978e-02  1.480780e+00  3.869043e-02  
   3.0410299  1.700492e+00  6.628069e-02  1.700587e+00  6.630052e-02  1.510897e+00  4.572260e-02  
   3.0610299  1.738269e+00  8.019120e-02  1.738370e+00  8.021577e-02  1.541198e+00  5.393373e-02  
   3.0820301  1.779528e+00  9.790708e-02  1.779634e+00  9.793758e-02  1.574715e+00  6.446061e-02  
   3.1030300  1.822125e+00  1.192350e-01  1.822237e+00  1.192724e-01  1.609921e+00  7.729691e-02  
   3.1240301  1.865667e+00  1.445822e-01  1.865783e+00  1.446276e-01  1.646702e+00  9.283461e-02  
   3.1450300  1.909652e+00  1.743012e-01  1.909771e+00  1.743555e-01  1.684859e+00  1.114815e-01  
   3.1660299  1.953485e+00  2.086643e-01  1.953607e+00  2.087284e-01  1.724103e+00  1.336460e-01  
   3.1860299  1.994478e+00  2.458603e-01  1.994602e+00  2.459343e-01  1.762135e+00  1.583801e-01  
   3.2070301  2.036031e+00  2.896436e-01  2.036157e+00  2.897285e-01  1.802285e+00  1.884869e-01  
   3.2280300  2.075326e+00  3.381612e-01  2.075451e+00  3.382574e-01  1.842076e+00  2.230966e-01  
   3.2490301  2.111627e+00  3.911506e-01  2.111749e+00  3.912579e-01  1.880829e+00  2.623815e-01  
   3.2700300  2.144251e+00  4.481924e-01  2.144371e+00  4.483103e-01  1.917797e+00  3.063853e-01  
   3.2910299  2.172609e+00  5.087278e-01  2.172724e+00  5.088560e-01  1.952186e+00  3.550033e-01  
   3.3110299  2.195222e+00  5.690107e-01  2.195332e+00  5.691479e-01  1.981810e+00  4.053507e-01  
   3.3320301  2.214046e+00  6.343397e-01  2.214148e+00  6.344851e-01  2.008896e+00  4.620422e-01  
   3.3536301  2.227993e+00  7.028728e-01  2.228089e+00  7.030256e-01  2.031752e+00  5.238170e-01  
   3.3736300  2.236029e+00  7.667844e-01  2.236116e+00  7.669429e-01  2.047858e+00  5.834428e-01  
   3.3946300  2.239596e+00  8.336225e-01  2.239676e+00  8.337857e-01  2.059142e+00  6.477126e-01  
   3.4156301  2.238490e+00  8.995160e-01  2.238563e+00  8.996829e-01  2.064451e+00  7.127440e-01  
   3.4366300  2.233150e+00  9.638960e-01  2.233217e+00  9.640654e-01  2.063787e+00  7.775382e-01  
   3.4576299  2.224085e+00  1.026333e+00  2.224147e+00  1.026505e+00  2.057368e+00  8.411136e-01  
   3.4776299  2.212488e+00  1.083728e+00  2.212546e+00  1.083900e+00  2.046303e+00  8.996897e-01  
   3.4986300  2.197712e+00  1.141679e+00  2.197766e+00  1.141852e+00  2.030081e+00  9.583532e-01  
   3.5196300  2.180759e+00  1.197238e+00  2.180811e+00  1.197412e+00  2.009907e+00  1.013471e+00  
   3.5406301  2.162056e+00  1.250488e+00  2.162107e+00  1.250661e+00  1.986666e+00  1.064592e+00  
   3.5616300  2.141941e+00  1.301577e+00  2.141993e+00  1.301750e+00  1.961289e+00  1.111475e+00  
   3.5826299  2.120660e+00  1.350691e+00  2.120712e+00  1.350862e+00  1.934704e+00  1.154096e+00  
   3.6026299  2.099462e+00  1.395802e+00  2.099514e+00  1.395972e+00  1.909048e+00  1.190889e+00  
   3.6236300  2.076318e+00  1.441578e+00  2.076370e+00  1.441745e+00  1.882474e+00  1.225871e+00  
   3.6446300  2.052327e+00  1.485835e+00  2.052378e+00  1.485999e+00  1.856856e+00  1.257592e+00  
   3.6656301  2.027531e+00  1.528631e+00  2.027578e+00  1.528790e+00  1.832609e+00  1.286620e+00  
   3.6866300  2.001992e+00  1.569962e+00  2.002036e+00  1.570115e+00  1.809969e+00  1.313554e+00  
   3.7076299  1.975813e+00  1.609773e+00  1.975852e+00  1.609919e+00  1.788993e+00  1.338965e+00  
   3.7276299  1.950438e+00  1.646194e+00  1.950471e+00  1.646333e+00  1.770493e+00  1.362210e+00  
   3.7486300  1.923560e+00  1.682775e+00  1.923585e+00  1.682905e+00  1.752446e+00  1.385996e+00  
   3.7702301  1.895996e+00  1.718544e+00  1.896013e+00  1.718665e+00  1.735123e+00  1.410078e+00  
   3.7902300  1.870913e+00  1.749955e+00  1.870921e+00  1.750067e+00  1.719993e+00  1.432165e+00  
   3.8112299  1.845466e+00  1.781214e+00  1.845467e+00  1.781317e+00  1.704880e+00  1.455172e+00  
   3.8322301  1.821409e+00  1.810854e+00  1.821402e+00  1.810949e+00  1.690471e+00  1.477946e+00  
   3.8532300  1.799232e+00  1.839143e+00  1.799218e+00  1.839232e+00  1.676791e+00  1.500397e+00  
   3.8742299  1.779396e+00  1.866490e+00  1.779378e+00  1.866574e+00  1.663986e+00  1.522450e+00  
   3.8942299  1.763046e+00  1.892154e+00  1.763025e+00  1.892235e+00  1.652833e+00  1.543061e+00  
   3.9152300  1.748827e+00  1.919350e+00  1.748804e+00  1.919431e+00  1.642538e+00  1.564359e+00  
   3.9362299  1.737778e+00  1.947583e+00  1.737756e+00  1.947667e+00  1.634073e+00  1.585505e+00  
   3.9572301  1.729878e+00  1.977741e+00  1.729859e+00  1.977831e+00  1.627822e+00  1.606856e+00  
   3.9782300  1.724895e+00  2.010767e+00  1.724880e+00  2.010867e+00  1.624119e+00  1.628926e+00  
   3.9992299  1.722371e+00  2.047619e+00  1.722362e+00  2.047732e+00  1.623195e+00  1.652385e+00  
   4.0192299  1.721621e+00  2.087118e+00  1.721617e+00  2.087246e+00  1.624978e+00  1.676751e+00  
   4.0402298  1.721682e+00  2.134007e+00  1.721683e+00  2.134155e+00  1.629545e+00  1.705327e+00  
   4.0612302  1.721492e+00  2.187121e+00  1.721498e+00  2.187291e+00  1.636554e+00  1.737909e+00  
   4.0822301  1.719728e+00  2.246946e+00  1.719737e+00  2.247141e+00  1.645435e+00  1.775456e+00  
   4.1032300  1.714929e+00  2.313727e+00  1.714938e+00  2.313947e+00  1.655362e+00  1.818876e+00  
   4.1242299  1.705550e+00  2.387438e+00  1.705555e+00  2.387683e+00  1.665258e+00  1.868962e+00  
   4.1442299  1.690926e+00  2.463785e+00  1.690922e+00  2.464054e+00  1.673449e+00  1.923423e+00  
   4.1652298  1.668134e+00  2.549812e+00  1.668116e+00  2.550102e+00  1.679293e+00  1.988071e+00  
   4.1868300  1.635282e+00  2.643625e+00  1.635244e+00  2.643934e+00  1.680616e+00  2.062631e+00  
   4.2068300  1.595192e+00  2.734210e+00  1.595130e+00  2.734533e+00  1.675933e+00  2.138726e+00  
   4.2278299  1.542096e+00  2.831815e+00  1.542002e+00  2.832148e+00  1.663147e+00  2.225322e+00  
   4.2488298  1.476972e+00  2.930408e+00  1.476842e+00  2.930746e+00  1.640580e+00  2.317773e+00  
   4.2698302  1.399329e+00  3.028260e+00  1.399157e+00  3.028596e+00  1.606637e+00  2.414673e+00  
   4.2908301  1.308974e+00  3.123531e+00  1.308756e+00  3.123862e+00  1.559975e+00  2.514233e+00  
   4.3108301  1.211191e+00  3.210149e+00  1.210928e+00  3.210469e+00  1.502802e+00  2.609605e+00  
   4.3318300  1.096571e+00  3.294958e+00  1.096257e+00  3.295262e+00  1.428852e+00  2.708071e+00  
   4.3528299  9.703601e-01  3.371646e+00  9.699968e-01  3.371929e+00  1.340572e+00  2.802357e+00  
   4.3738298  8.334815e-01  3.438427e+00  8.330709e-01  3.438686e+00  1.238423e+00  2.889923e+00  
   4.3948302  6.871069e-01  3.493617e+00  6.866517e-01  3.493850e+00  1.123416e+00  2.968308e+00  
   4.4158301  5.326539e-01  3.535674e+00  5.321593e-01  3.535876e+00  9.970956e-01  3.035249e+00  
   4.4358301  3.795336e-01  3.562273e+00  3.790070e-01  3.562447e+00  8.681008e-01  3.086605e+00  
   4.4568300  2.141961e-01  3.574977e+00  2.136427e-01  3.575118e+00  7.258134e-01  3.126057e+00  
   4.4778299  4.616774e-02  3.571213e+00  4.559574e-02  3.571322e+00  5.791043e-01  3.149695e+00  
   4.4988298  -1.223832e-01  3.550403e+00  -1.229656e-01  3.550479e+00  4.307302e-01  3.157056e+00  
   4.5198302  -2.891758e-01  3.512315e+00  -2.897602e-01  3.512357e+00  2.834315e-01  3.148235e+00  
   4.5408301  -4.518524e-01  3.457111e+00  -4.524309e-01  3.457120e+00  1.398151e-01  3.123865e+00  
   4.5608301  -6.008090e-01  3.389150e+00  -6.013749e-01  3.389129e+00  8.599474e-03  3.087205e+00  
   4.5818300  -7.487531e-01  3.302602e+00  -7.492993e-01  3.302551e+00  -1.214221e-01  3.036017e+00  
   4.6034298  -8.896896e-01  3.198841e+00  -8.902104e-01  3.198762e+00  -2.452320e-01  2.971648e+00  
   4.6234298  -1.008282e+00  3.091165e+00  -1.008775e+00  3.091061e+00  -3.498239e-01  2.903289e+00  
   4.6444302  -1.119002e+00  2.968222e+00  -1.119465e+00  2.968094e+00  -4.485635e-01  2.824425e+00  
   4.6654301  -1.214483e+00  2.837590e+00  -1.214913e+00  2.837440e+00  -5.356547e-01  2.740298e+00  
   4.6864300  -1.294079e+00  2.701903e+00  -1.294477e+00  2.701734e+00  -6.111624e-01  2.652834e+00  
   4.7074299  -1.357642e+00  2.563857e+00  -1.358009e+00  2.563670e+00  -6.754517e-01  2.563803e+00  
   4.7274299  -1.403581e+00  2.432589e+00  -1.403921e+00  2.432388e+00  -7.267966e-01  2.478988e+00  
   4.7484298  -1.437249e+00  2.297316e+00  -1.437563e+00  2.297101e+00  -7.710655e-01  2.391203e+00  
   4.7694302  -1.457151e+00  2.166780e+00  -1.457442e+00  2.166552e+00  -8.063173e-01  2.305815e+00  
   4.7904301  -1.464757e+00  2.042774e+00  -1.465028e+00  2.042535e+00  -8.334803e-01  2.223716e+00  
   4.8114300  -1.461734e+00  1.926675e+00  -1.461987e+00  1.926425e+00  -8.535008e-01  2.145576e+00  
   4.8324299  -1.449846e+00  1.819435e+00  -1.450084e+00  1.819173e+00  -8.673073e-01  2.071872e+00  
   4.8524299  -1.431890e+00  1.726039e+00  -1.432116e+00  1.725767e+00  -8.754905e-01  2.006079e+00  
   4.8734298  -1.407682e+00  1.637325e+00  -1.407895e+00  1.637042e+00  -8.796656e-01  1.941765e+00  
   4.8944302  -1.379498e+00  1.558068e+00  -1.379700e+00  1.557774e+00  -8.800656e-01  1.882366e+00  
   4.9154301  -1.348691e+00  1.487902e+00  -1.348883e+00  1.487597e+00  -8.773791e-01  1.827813e+00  
   4.9364300  -1.316411e+00  1.426278e+00  -1.316591e+00  1.425962e+00  -8.722185e-01  1.777950e+00  
   4.9574299  -1.283596e+00  1.372527e+00  -1.283765e+00  1.372200e+00  -8.651206e-01  1.732563e+00  
   4.9774299  -1.252528e+00  1.327987e+00  -1.252685e+00  1.327651e+00  -8.569850e-01  1.693265e+00  
   4.9984298  -1.220645e+00  1.287480e+00  -1.220788e+00  1.287134e+00  -8.473787e-01  1.655849e+00  
