w Re-xx Im-xx Re-yy Im-yy Re-zz Im-zz
# Gaussian absolute broadening  0.15 [eV]
   0.0000000  7.707846e-01  8.926295e-05  7.707959e-01  8.926332e-05  7.259458e-01  7.909576e-05  
   0.0200000  7.708854e-01  9.553325e-05  7.708970e-01  9.553374e-05  7.260353e-01  8.465121e-05  
   0.0410000  7.710056e-01  1.026785e-04  7.710168e-01  1.026792e-04  7.261415e-01  9.098148e-05  
   0.0620000  7.711420e-01  1.104355e-04  7.711536e-01  1.104364e-04  7.262626e-01  9.785329e-05  
   0.0830000  7.712973e-01  1.188386e-04  7.713088e-01  1.188397e-04  7.264003e-01  1.052968e-04  
   0.1040000  7.714735e-01  1.279174e-04  7.714847e-01  1.279189e-04  7.265564e-01  1.133383e-04  
   0.1240000  7.716622e-01  1.372137e-04  7.716738e-01  1.372156e-04  7.267237e-01  1.215716e-04  
   0.1450000  7.718852e-01  1.476724e-04  7.718964e-01  1.476749e-04  7.269211e-01  1.308336e-04  
   0.1660000  7.721352e-01  1.588524e-04  7.721468e-01  1.588556e-04  7.271427e-01  1.407331e-04  
   0.1870000  7.724150e-01  1.707500e-04  7.724265e-01  1.707541e-04  7.273905e-01  1.512669e-04  
   0.2080000  7.727261e-01  1.833508e-04  7.727377e-01  1.833560e-04  7.276661e-01  1.624218e-04  
   0.2290000  7.730707e-01  1.966292e-04  7.730821e-01  1.966355e-04  7.279714e-01  1.741749e-04  
   0.2490000  7.734314e-01  2.098730e-04  7.734427e-01  2.098806e-04  7.282907e-01  1.858954e-04  
   0.2700000  7.738451e-01  2.243640e-04  7.738569e-01  2.243732e-04  7.286576e-01  1.987178e-04  
   0.2910000  7.742965e-01  2.394050e-04  7.743081e-01  2.394158e-04  7.290570e-01  2.120243e-04  
   0.3120000  7.747859e-01  2.549414e-04  7.747974e-01  2.549543e-04  7.294906e-01  2.257666e-04  
   0.3330000  7.753137e-01  2.709181e-04  7.753253e-01  2.709329e-04  7.299577e-01  2.398950e-04  
   0.3540000  7.758803e-01  2.872810e-04  7.758921e-01  2.872979e-04  7.304597e-01  2.543617e-04  
   0.3740000  7.764564e-01  3.031779e-04  7.764679e-01  3.031970e-04  7.309695e-01  2.684130e-04  
   0.3950000  7.770992e-01  3.201553e-04  7.771109e-01  3.201767e-04  7.315384e-01  2.834155e-04  
   0.4160000  7.777805e-01  3.373878e-04  7.777923e-01  3.374115e-04  7.321415e-01  2.986388e-04  
   0.4374300  7.785164e-01  3.552038e-04  7.785281e-01  3.552297e-04  7.327929e-01  3.143731e-04  
   0.4574300  7.792391e-01  3.720183e-04  7.792509e-01  3.720464e-04  7.334327e-01  3.292181e-04  
   0.4784300  7.800359e-01  3.898512e-04  7.800478e-01  3.898812e-04  7.341378e-01  3.449569e-04  
   0.4994300  7.808711e-01  4.078542e-04  7.808829e-01  4.078861e-04  7.348766e-01  3.608400e-04  
   0.5204300  7.817453e-01  4.260198e-04  7.817570e-01  4.260536e-04  7.356496e-01  3.768609e-04  
   0.5414300  7.826579e-01  4.443449e-04  7.826700e-01  4.443805e-04  7.364570e-01  3.930159e-04  
   0.5614300  7.835635e-01  4.619458e-04  7.835756e-01  4.619827e-04  7.372581e-01  4.085261e-04  
   0.5824300  7.845529e-01  4.805840e-04  7.845649e-01  4.806222e-04  7.381329e-01  4.249438e-04  
   0.6034300  7.855813e-01  4.993873e-04  7.855935e-01  4.994267e-04  7.390425e-01  4.414993e-04  
   0.6244300  7.866503e-01  5.183609e-04  7.866625e-01  5.184014e-04  7.399871e-01  4.581973e-04  
   0.6454300  7.877591e-01  5.375105e-04  7.877713e-01  5.375519e-04  7.409670e-01  4.750422e-04  
   0.6664300  7.889083e-01  5.568424e-04  7.889206e-01  5.568844e-04  7.419828e-01  4.920390e-04  
   0.6864300  7.900406e-01  5.754290e-04  7.900531e-01  5.754714e-04  7.429832e-01  5.083727e-04  
   0.7074300  7.912700e-01  5.951368e-04  7.912823e-01  5.951799e-04  7.440693e-01  5.256826e-04  
   0.7284300  7.925410e-01  6.150478e-04  7.925534e-01  6.150913e-04  7.451915e-01  5.431620e-04  
   0.7494300  7.938538e-01  6.351699e-04  7.938666e-01  6.352140e-04  7.463508e-01  5.608168e-04  
   0.7704300  7.952093e-01  6.555109e-04  7.952219e-01  6.555554e-04  7.475477e-01  5.786541e-04  
   0.7914300  7.966076e-01  6.760796e-04  7.966203e-01  6.761245e-04  7.487817e-01  5.966802e-04  
   0.8114300  7.979793e-01  6.958873e-04  7.979922e-01  6.959328e-04  7.499922e-01  6.140294e-04  
   0.8324300  7.994626e-01  7.169243e-04  7.994756e-01  7.169709e-04  7.513009e-01  6.324446e-04  
   0.8540300  8.010349e-01  7.388276e-04  8.010482e-01  7.388754e-04  7.526878e-01  6.516058e-04  
   0.8740300  8.025331e-01  7.593565e-04  8.025461e-01  7.594054e-04  7.540088e-01  6.695538e-04  
   0.8950300  8.041505e-01  7.811790e-04  8.041638e-01  7.812294e-04  7.554348e-01  6.886200e-04  
   0.9160300  8.058140e-01  8.032855e-04  8.058273e-01  8.033378e-04  7.569009e-01  7.079216e-04  
   0.9370300  8.075241e-01  8.256863e-04  8.075374e-01  8.257407e-04  7.584077e-01  7.274668e-04  
   0.9580300  8.092813e-01  8.483931e-04  8.092949e-01  8.484494e-04  7.599559e-01  7.472653e-04  
   0.9780300  8.109999e-01  8.703141e-04  8.110135e-01  8.703723e-04  7.614695e-01  7.663651e-04  
   0.9990300  8.128520e-01  8.936518e-04  8.128657e-01  8.937124e-04  7.631001e-01  7.866848e-04  
   1.0200300  8.147536e-01  9.173303e-04  8.147671e-01  9.173930e-04  7.647735e-01  8.072861e-04  
   1.0410300  8.167053e-01  9.413625e-04  8.167189e-01  9.414270e-04  7.664908e-01  8.281789e-04  
   1.0620300  8.187081e-01  9.657603e-04  8.187221e-01  9.658275e-04  7.682526e-01  8.493734e-04  
   1.0830300  8.207626e-01  9.905376e-04  8.207768e-01  9.906061e-04  7.700592e-01  8.708803e-04  
   1.1030300  8.227677e-01  1.014498e-03  8.227818e-01  1.014569e-03  7.718219e-01  8.916630e-04  
   1.1240300  8.249254e-01  1.040054e-03  8.249396e-01  1.040126e-03  7.737180e-01  9.138100e-04  
   1.1450300  8.271371e-01  1.066028e-03  8.271515e-01  1.066103e-03  7.756608e-01  9.363021e-04  
   1.1660300  8.294038e-01  1.092437e-03  8.294184e-01  1.092513e-03  7.776513e-01  9.591508e-04  
   1.1870300  8.317264e-01  1.119295e-03  8.317412e-01  1.119372e-03  7.796903e-01  9.823676e-04  
   1.2080300  8.341057e-01  1.146618e-03  8.341206e-01  1.146697e-03  7.817782e-01  1.005967e-03  
   1.2280300  8.364253e-01  1.173087e-03  8.364402e-01  1.173167e-03  7.838125e-01  1.028809e-03  
   1.2490300  8.389181e-01  1.201367e-03  8.389333e-01  1.201448e-03  7.859985e-01  1.053191e-03  
   1.2706300  8.415451e-01  1.230994e-03  8.415602e-01  1.231077e-03  7.883009e-01  1.078712e-03  
   1.2906300  8.440344e-01  1.258932e-03  8.440498e-01  1.259016e-03  7.904822e-01  1.102755e-03  
   1.3116300  8.467092e-01  1.288810e-03  8.467248e-01  1.288895e-03  7.928246e-01  1.128444e-03  
   1.3326300  8.494468e-01  1.319264e-03  8.494629e-01  1.319351e-03  7.952213e-01  1.154603e-03  
   1.3536299  8.522493e-01  1.350317e-03  8.522654e-01  1.350406e-03  7.976733e-01  1.181251e-03  
   1.3746300  8.551178e-01  1.381993e-03  8.551338e-01  1.382083e-03  8.001819e-01  1.208405e-03  
   1.3946300  8.579123e-01  1.412760e-03  8.579283e-01  1.412852e-03  8.026248e-01  1.234755e-03  
   1.4156300  8.609132e-01  1.445720e-03  8.609296e-01  1.445813e-03  8.052471e-01  1.262953e-03  
   1.4366300  8.639843e-01  1.479376e-03  8.640008e-01  1.479471e-03  8.079295e-01  1.291716e-03  
   1.4576300  8.671271e-01  1.513755e-03  8.671440e-01  1.513852e-03  8.106728e-01  1.321065e-03  
   1.4786299  8.703433e-01  1.548886e-03  8.703604e-01  1.548984e-03  8.134789e-01  1.351022e-03  
   1.4996300  8.736340e-01  1.584797e-03  8.736511e-01  1.584898e-03  8.163487e-01  1.381609e-03  
   1.5196300  8.768386e-01  1.619753e-03  8.768560e-01  1.619855e-03  8.191419e-01  1.411348e-03  
   1.5406300  8.802799e-01  1.657279e-03  8.802974e-01  1.657384e-03  8.221396e-01  1.443237e-03  
   1.5616300  8.838012e-01  1.695684e-03  8.838189e-01  1.695791e-03  8.252051e-01  1.475829e-03  
   1.5826300  8.874035e-01  1.735002e-03  8.874214e-01  1.735112e-03  8.283395e-01  1.509154e-03  
   1.6036299  8.910896e-01  1.775274e-03  8.911077e-01  1.775386e-03  8.315449e-01  1.543239e-03  
   1.6246300  8.948607e-01  1.816544e-03  8.948798e-01  1.816658e-03  8.348224e-01  1.578117e-03  
   1.6446300  8.985337e-01  1.856816e-03  8.985524e-01  1.856934e-03  8.380123e-01  1.612098e-03  
   1.6656300  9.024775e-01  1.900170e-03  9.024966e-01  1.900292e-03  8.414354e-01  1.648618e-03  
   1.6872300  9.066305e-01  1.945966e-03  9.066497e-01  1.946091e-03  8.450378e-01  1.687115e-03  
   1.7072300  9.105645e-01  1.989517e-03  9.105840e-01  1.989646e-03  8.484476e-01  1.723646e-03  
   1.7282300  9.147899e-01  2.036508e-03  9.148093e-01  2.036640e-03  8.521077e-01  1.762960e-03  
   1.7492300  9.191144e-01  2.084878e-03  9.191346e-01  2.085014e-03  8.558512e-01  1.803305e-03  
   1.7702301  9.235417e-01  2.134729e-03  9.235620e-01  2.134871e-03  8.596802e-01  1.844734e-03  
   1.7912300  9.280740e-01  2.186187e-03  9.280946e-01  2.186333e-03  8.635976e-01  1.887306e-03  
   1.8112299  9.324914e-01  2.236821e-03  9.325125e-01  2.236972e-03  8.674126e-01  1.928979e-03  
   1.8322300  9.372380e-01  2.291859e-03  9.372593e-01  2.292015e-03  8.715085e-01  1.973993e-03  
   1.8532300  9.420999e-01  2.349020e-03  9.421215e-01  2.349181e-03  8.757007e-01  2.020388e-03  
   1.8742300  9.470797e-01  2.408546e-03  9.471017e-01  2.408713e-03  8.799911e-01  2.068268e-03  
   1.8952301  9.521819e-01  2.470720e-03  9.522042e-01  2.470896e-03  8.843829e-01  2.117760e-03  
   1.9162300  9.574088e-01  2.535871e-03  9.574314e-01  2.536055e-03  8.888786e-01  2.169019e-03  
   1.9362299  9.625067e-01  2.601029e-03  9.625300e-01  2.601223e-03  8.932600e-01  2.219648e-03  
   1.9572300  9.679902e-01  2.673110e-03  9.680139e-01  2.673315e-03  8.979681e-01  2.274926e-03  
   1.9782300  9.736105e-01  2.749392e-03  9.736342e-01  2.749612e-03  9.027902e-01  2.332645e-03  
   1.9992300  9.793724e-01  2.830364e-03  9.793969e-01  2.830602e-03  9.077297e-01  2.393140e-03  
   2.0202301  9.852803e-01  2.916537e-03  9.853047e-01  2.916792e-03  9.127903e-01  2.456819e-03  
   2.0412300  9.913379e-01  3.008421e-03  9.913630e-01  3.008699e-03  9.179757e-01  2.524167e-03  
   2.0612299  9.972517e-01  3.101706e-03  9.972773e-01  3.102009e-03  9.230341e-01  2.592249e-03  
   2.0822301  1.003617e+00  3.206185e-03  1.003643e+00  3.206514e-03  9.284762e-01  2.668527e-03  
   2.1038301  1.010337e+00  3.321081e-03  1.010363e+00  3.321442e-03  9.342175e-01  2.752916e-03  
   2.1238301  1.016720e+00  3.434546e-03  1.016747e+00  3.434939e-03  9.396672e-01  2.837243e-03  
   2.1448300  1.023595e+00  3.561316e-03  1.023622e+00  3.561745e-03  9.455337e-01  2.933142e-03  
   2.1658299  1.030651e+00  3.696141e-03  1.030679e+00  3.696607e-03  9.515523e-01  3.037624e-03  
   2.1868300  1.037898e+00  3.839192e-03  1.037927e+00  3.839695e-03  9.577281e-01  3.151821e-03  
   2.2078300  1.045341e+00  3.990569e-03  1.045370e+00  3.991110e-03  9.640666e-01  3.276897e-03  
   2.2278299  1.052619e+00  4.142523e-03  1.052649e+00  4.143103e-03  9.702595e-01  3.407216e-03  
   2.2488301  1.060468e+00  4.310278e-03  1.060499e+00  4.310898e-03  9.769322e-01  3.556924e-03  
   2.2698300  1.068537e+00  4.486453e-03  1.068568e+00  4.487113e-03  9.837829e-01  3.720914e-03  
   2.2908299  1.076837e+00  4.671114e-03  1.076869e+00  4.671811e-03  9.908198e-01  3.900225e-03  
   2.3118300  1.085377e+00  4.864394e-03  1.085409e+00  4.865126e-03  9.980490e-01  4.095799e-03  
   2.3328300  1.094169e+00  5.066535e-03  1.094202e+00  5.067302e-03  1.005476e+00  4.308459e-03  
   2.3528299  1.102785e+00  5.267658e-03  1.102820e+00  5.268456e-03  1.012740e+00  4.527539e-03  
   2.3738301  1.112103e+00  5.488448e-03  1.112138e+00  5.489279e-03  1.020575e+00  4.775542e-03  
   2.3948300  1.121709e+00  5.719890e-03  1.121745e+00  5.720753e-03  1.028631e+00  5.042469e-03  
   2.4158299  1.131620e+00  5.963071e-03  1.131656e+00  5.963969e-03  1.036917e+00  5.328791e-03  
   2.4368300  1.141851e+00  6.219390e-03  1.141889e+00  6.220318e-03  1.045442e+00  5.634943e-03  
   2.4578300  1.152420e+00  6.490560e-03  1.152459e+00  6.491526e-03  1.054218e+00  5.961355e-03  
   2.4778299  1.162816e+00  6.764545e-03  1.162856e+00  6.765546e-03  1.062818e+00  6.291496e-03  
   2.4988301  1.174100e+00  7.071152e-03  1.174140e+00  7.072190e-03  1.072117e+00  6.658917e-03  
   2.5204301  1.186123e+00  7.409836e-03  1.186164e+00  7.410919e-03  1.081983e+00  7.059752e-03  
   2.5404301  1.197653e+00  7.747840e-03  1.197696e+00  7.748969e-03  1.091405e+00  7.452447e-03  
   2.5614300  1.210199e+00  8.132126e-03  1.210244e+00  8.133307e-03  1.101611e+00  7.888236e-03  
   2.5824299  1.223223e+00  8.551546e-03  1.223268e+00  8.552788e-03  1.112158e+00  8.349638e-03  
   2.6034300  1.236758e+00  9.012379e-03  1.236805e+00  9.013685e-03  1.123066e+00  8.838866e-03  
   2.6244299  1.250839e+00  9.522332e-03  1.250887e+00  9.523717e-03  1.134359e+00  9.358937e-03  
   2.6444299  1.264795e+00  1.006251e-02  1.264844e+00  1.006398e-02  1.145495e+00  9.886722e-03  
   2.6654301  1.280061e+00  1.069861e-02  1.280113e+00  1.070018e-02  1.157616e+00  1.048037e-02  
   2.6864300  1.296003e+00  1.142042e-02  1.296057e+00  1.142212e-02  1.170204e+00  1.112183e-02  
   2.7074299  1.312676e+00  1.224752e-02  1.312731e+00  1.224938e-02  1.183296e+00  1.182099e-02  
   2.7284300  1.330137e+00  1.320488e-02  1.330194e+00  1.320693e-02  1.196928e+00  1.259073e-02  
   2.7494299  1.348453e+00  1.432429e-02  1.348512e+00  1.432658e-02  1.211138e+00  1.344748e-02  
   2.7694299  1.366756e+00  1.557789e-02  1.366818e+00  1.558047e-02  1.225250e+00  1.436323e-02  
   2.7904301  1.386950e+00  1.713982e-02  1.387015e+00  1.714278e-02  1.240719e+00  1.545400e-02  
   2.8114300  1.408227e+00  1.901595e-02  1.408294e+00  1.901941e-02  1.256901e+00  1.670760e-02  
   2.8324299  1.430675e+00  2.128552e-02  1.430745e+00  2.128963e-02  1.273849e+00  1.816109e-02  
   2.8534300  1.454386e+00  2.404669e-02  1.454460e+00  2.405163e-02  1.291618e+00  1.985848e-02  
   2.8744299  1.479455e+00  2.741987e-02  1.479532e+00  2.742587e-02  1.310262e+00  2.185141e-02  
   2.8944299  1.504677e+00  3.133506e-02  1.504758e+00  3.134236e-02  1.328888e+00  2.407932e-02  
   2.9154301  1.532661e+00  3.635200e-02  1.532746e+00  3.636103e-02  1.349417e+00  2.683218e-02  
   2.9370301  1.563128e+00  4.269550e-02  1.563217e+00  4.270679e-02  1.371639e+00  3.018989e-02  
   2.9570301  1.592915e+00  4.986532e-02  1.593008e+00  4.987919e-02  1.393277e+00  3.386327e-02  
   2.9780300  1.625855e+00  5.900355e-02  1.625952e+00  5.902075e-02  1.417163e+00  3.841152e-02  
   2.9990301  1.660496e+00  7.009710e-02  1.660598e+00  7.011836e-02  1.442308e+00  4.379547e-02  
   3.0200300  1.696785e+00  8.348653e-02  1.696891e+00  8.351267e-02  1.468777e+00  5.016736e-02  
   3.0410299  1.734610e+00  9.953555e-02  1.734720e+00  9.956743e-02  1.496629e+00  5.770624e-02  
   3.0610299  1.771895e+00  1.176362e-01  1.772008e+00  1.176745e-01  1.524477e+00  6.616238e-02  
   3.0820301  1.812117e+00  1.399558e-01  1.812233e+00  1.400017e-01  1.555126e+00  7.661319e-02  
   3.1030300  1.853096e+00  1.660138e-01  1.853213e+00  1.660682e-01  1.587202e+00  8.894405e-02  
   3.1240301  1.894402e+00  1.961175e-01  1.894519e+00  1.961813e-01  1.620649e+00  1.034607e-01  
   3.1450300  1.935515e+00  2.305060e-01  1.935632e+00  2.305799e-01  1.655343e+00  1.204935e-01  
   3.1660299  1.975851e+00  2.693294e-01  1.975964e+00  2.694139e-01  1.691092e+00  1.403884e-01  
   3.1860299  2.012956e+00  3.104648e-01  2.013064e+00  3.105599e-01  1.725865e+00  1.623129e-01  
   3.2070301  2.049897e+00  3.579461e-01  2.049999e+00  3.580521e-01  1.762783e+00  1.887714e-01  
   3.2280300  2.084109e+00  4.096057e-01  2.084203e+00  4.097226e-01  1.799658e+00  2.190271e-01  
   3.2490301  2.114953e+00  4.650929e-01  2.115038e+00  4.652200e-01  1.835937e+00  2.532895e-01  
   3.2700300  2.141855e+00  5.239257e-01  2.141927e+00  5.240619e-01  1.870984e+00  2.916676e-01  
   3.2910299  2.164334e+00  5.855129e-01  2.164394e+00  5.856571e-01  1.904114e+00  3.341471e-01  
   3.3110299  2.181304e+00  6.461090e-01  2.181351e+00  6.462592e-01  1.933238e+00  3.782736e-01  
   3.3320301  2.194249e+00  7.110718e-01  2.194284e+00  7.112270e-01  1.960601e+00  4.281628e-01  
   3.3536301  2.202285e+00  7.785426e-01  2.202306e+00  7.787003e-01  1.984656e+00  4.827969e-01  
   3.3736300  2.205023e+00  8.409177e-01  2.205031e+00  8.410763e-01  2.002731e+00  5.358190e-01  
   3.3946300  2.203241e+00  9.056504e-01  2.203237e+00  9.058075e-01  2.016991e+00  5.933124e-01  
   3.4156301  2.197018e+00  9.690127e-01  2.197004e+00  9.691665e-01  2.026206e+00  6.518797e-01  
   3.4366300  2.186787e+00  1.030505e+00  2.186765e+00  1.030653e+00  2.030352e+00  7.106791e-01  
   3.4576299  2.173044e+00  1.089748e+00  2.173015e+00  1.089890e+00  2.029607e+00  7.688819e-01  
   3.4776299  2.157174e+00  1.143843e+00  2.157140e+00  1.143976e+00  2.024682e+00  8.230553e-01  
   3.4986300  2.138100e+00  1.198058e+00  2.138062e+00  1.198182e+00  2.015585e+00  8.779795e-01  
   3.5196300  2.117057e+00  1.249587e+00  2.117018e+00  1.249701e+00  2.003100e+00  9.303831e-01  
   3.5406301  2.094510e+00  1.298478e+00  2.094471e+00  1.298583e+00  1.987949e+00  9.799114e-01  
   3.5616300  2.070865e+00  1.344842e+00  2.070827e+00  1.344936e+00  1.970865e+00  1.026384e+00  
   3.5826299  2.046463e+00  1.388832e+00  2.046426e+00  1.388916e+00  1.952557e+00  1.069794e+00  
   3.6026299  2.022777e+00  1.428677e+00  2.022743e+00  1.428752e+00  1.934562e+00  1.108421e+00  
   3.6236300  1.997656e+00  1.468526e+00  1.997623e+00  1.468591e+00  1.915579e+00  1.146384e+00  
   3.6446300  1.972461e+00  1.506489e+00  1.972432e+00  1.506547e+00  1.896887e+00  1.182027e+00  
   3.6656301  1.947355e+00  1.542701e+00  1.947329e+00  1.542751e+00  1.878735e+00  1.215739e+00  
   3.6866300  1.922491e+00  1.577266e+00  1.922468e+00  1.577310e+00  1.861244e+00  1.247904e+00  
   3.7076299  1.898028e+00  1.610270e+00  1.898008e+00  1.610309e+00  1.844421e+00  1.278868e+00  
   3.7276299  1.875266e+00  1.640317e+00  1.875249e+00  1.640353e+00  1.828961e+00  1.307500e+00  
   3.7486300  1.852126e+00  1.670485e+00  1.852111e+00  1.670520e+00  1.813221e+00  1.336856e+00  
   3.7702301  1.829380e+00  1.700137e+00  1.829370e+00  1.700171e+00  1.797462e+00  1.366419e+00  
   3.7902300  1.809518e+00  1.726469e+00  1.809511e+00  1.726506e+00  1.783205e+00  1.393264e+00  
   3.8112299  1.790177e+00  1.753139e+00  1.790175e+00  1.753181e+00  1.768599e+00  1.420900e+00  
   3.8322301  1.772667e+00  1.779070e+00  1.772671e+00  1.779118e+00  1.754472e+00  1.447946e+00  
   3.8532300  1.757264e+00  1.804615e+00  1.757276e+00  1.804670e+00  1.741028e+00  1.474393e+00  
   3.8742299  1.744208e+00  1.830233e+00  1.744228e+00  1.830299e+00  1.728564e+00  1.500283e+00  
   3.8942299  1.734117e+00  1.855212e+00  1.734144e+00  1.855290e+00  1.717938e+00  1.524540e+00  
   3.9152300  1.726063e+00  1.882684e+00  1.726098e+00  1.882775e+00  1.708477e+00  1.549822e+00  
   3.9362299  1.720580e+00  1.912167e+00  1.720622e+00  1.912276e+00  1.701150e+00  1.575279e+00  
   3.9572301  1.717485e+00  1.944480e+00  1.717533e+00  1.944606e+00  1.696318e+00  1.601430e+00  
   3.9782300  1.716418e+00  1.980467e+00  1.716471e+00  1.980611e+00  1.694246e+00  1.628925e+00  
   3.9992299  1.716825e+00  2.020967e+00  1.716880e+00  2.021131e+00  1.695057e+00  1.658546e+00  
   4.0192299  1.717894e+00  2.064451e+00  1.717949e+00  2.064634e+00  1.698458e+00  1.689530e+00  
   4.0402298  1.718821e+00  2.115911e+00  1.718871e+00  2.116114e+00  1.704528e+00  1.725872e+00  
   4.0612302  1.718436e+00  2.173820e+00  1.718478e+00  2.174042e+00  1.712650e+00  1.767044e+00  
   4.0822301  1.715460e+00  2.238475e+00  1.715491e+00  2.238715e+00  1.722052e+00  1.813946e+00  
   4.1032300  1.708506e+00  2.309922e+00  1.708521e+00  2.310179e+00  1.731701e+00  1.867375e+00  
   4.1242299  1.696139e+00  2.387929e+00  1.696135e+00  2.388199e+00  1.740319e+00  1.927969e+00  
   4.1442299  1.678018e+00  2.467837e+00  1.677993e+00  2.468117e+00  1.746205e+00  1.992711e+00  
   4.1652298  1.651026e+00  2.556856e+00  1.650977e+00  2.557144e+00  1.748353e+00  2.068202e+00  
   4.1868300  1.613481e+00  2.652763e+00  1.613405e+00  2.653056e+00  1.744426e+00  2.153676e+00  
   4.2068300  1.568897e+00  2.744257e+00  1.568796e+00  2.744552e+00  1.733554e+00  2.239365e+00  
   4.2278299  1.511135e+00  2.841640e+00  1.511008e+00  2.841935e+00  1.712959e+00  2.335196e+00  
   4.2488298  1.441614e+00  2.938746e+00  1.441461e+00  2.939039e+00  1.681380e+00  2.435711e+00  
   4.2698302  1.360056e+00  3.033835e+00  1.359880e+00  3.034124e+00  1.637447e+00  2.539214e+00  
   4.2908301  1.266470e+00  3.125123e+00  1.266272e+00  3.125405e+00  1.580110e+00  2.643672e+00  
   4.3108301  1.166412e+00  3.206919e+00  1.166195e+00  3.207195e+00  1.512448e+00  2.741957e+00  
   4.3318300  1.050388e+00  3.285748e+00  1.050154e+00  3.286019e+00  1.427506e+00  2.841538e+00  
   4.3528299  9.238941e-01  3.355745e+00  9.236450e-01  3.356010e+00  1.328624e+00  2.934923e+00  
   4.3738298  7.879212e-01  3.415390e+00  7.876585e-01  3.415649e+00  1.216611e+00  3.019630e+00  
   4.3948302  6.436574e-01  3.463297e+00  6.433819e-01  3.463550e+00  1.092778e+00  3.093331e+00  
   4.4158301  4.924834e-01  3.498235e+00  4.921966e-01  3.498481e+00  9.589005e-01  3.153974e+00  
   4.4358301  3.434919e-01  3.518490e+00  3.431952e-01  3.518727e+00  8.240285e-01  3.198054e+00  
   4.4568300  1.834129e-01  3.525266e+00  1.831062e-01  3.525491e+00  6.770235e-01  3.228802e+00  
   4.4778299  2.140995e-02  3.516579e+00  2.109371e-02  3.516790e+00  5.270793e-01  3.242938e+00  
   4.4988298  -1.405678e-01  3.492058e+00  -1.408927e-01  3.492249e+00  3.768804e-01  3.240290e+00  
   4.5198302  -3.004842e-01  3.451624e+00  -3.008167e-01  3.451791e+00  2.290449e-01  3.221233e+00  
   4.5408301  -4.562411e-01  3.395523e+00  -4.565798e-01  3.395661e+00  8.602238e-02  3.186645e+00  
   4.5608301  -5.988040e-01  3.328068e+00  -5.991468e-01  3.328173e+00  -4.373242e-02  3.140476e+00  
   4.5818300  -7.404755e-01  3.243427e+00  -7.408209e-01  3.243494e+00  -1.714444e-01  3.079715e+00  
   4.6034298  -8.756557e-01  3.142972e+00  -8.760012e-01  3.142995e+00  -2.922134e-01  3.006097e+00  
   4.6234298  -9.897092e-01  3.039404e+00  -9.900529e-01  3.039384e+00  -3.935171e-01  2.929836e+00  
   4.6444302  -1.096601e+00  2.921640e+00  -1.096941e+00  2.921575e+00  -4.884238e-01  2.843454e+00  
   4.6654301  -1.189276e+00  2.796824e+00  -1.189609e+00  2.796714e+00  -5.713785e-01  2.752687e+00  
   4.6864300  -1.267091e+00  2.667327e+00  -1.267417e+00  2.667171e+00  -6.425102e-01  2.659515e+00  
   4.7074299  -1.329845e+00  2.535582e+00  -1.330163e+00  2.535387e+00  -7.022291e-01  2.565745e+00  
   4.7274299  -1.375825e+00  2.410211e+00  -1.376134e+00  2.409981e+00  -7.490705e-01  2.477337e+00  
   4.7484298  -1.410257e+00  2.280831e+00  -1.410557e+00  2.280569e+00  -7.884774e-01  2.386742e+00  
   4.7694302  -1.431506e+00  2.155736e+00  -1.431797e+00  2.155448e+00  -8.187518e-01  2.299514e+00  
   4.7904301  -1.440876e+00  2.036622e+00  -1.441159e+00  2.036314e+00  -8.408477e-01  2.216510e+00  
   4.8114300  -1.439880e+00  1.924815e+00  -1.440154e+00  1.924492e+00  -8.557395e-01  2.138352e+00  
   4.8324299  -1.430139e+00  1.821263e+00  -1.430405e+00  1.820930e+00  -8.643901e-01  2.065453e+00  
   4.8524299  -1.414237e+00  1.730845e+00  -1.414496e+00  1.730507e+00  -8.676736e-01  2.001126e+00  
   4.8734298  -1.392110e+00  1.644746e+00  -1.392362e+00  1.644409e+00  -8.667566e-01  1.939009e+00  
   4.8944302  -1.365872e+00  1.567650e+00  -1.366117e+00  1.567316e+00  -8.621636e-01  1.882402e+00  
   4.9154301  -1.336844e+00  1.499266e+00  -1.337081e+00  1.498938e+00  -8.546290e-01  1.831150e+00  
   4.9364300  -1.306161e+00  1.439117e+00  -1.306390e+00  1.438798e+00  -8.448091e-01  1.785019e+00  
   4.9574299  -1.274769e+00  1.386604e+00  -1.274991e+00  1.386296e+00  -8.332803e-01  1.743716e+00  
   4.9774299  -1.244911e+00  1.343075e+00  -1.245124e+00  1.342779e+00  -8.211691e-01  1.708569e+00  
   4.9984298  -1.214166e+00  1.303499e+00  -1.214371e+00  1.303217e+00  -8.076728e-01  1.675726e+00  
