w Re-xx Im-xx Re-yy Im-yy Re-zz Im-zz
# Gaussian absolute broadening  0.15 [eV]
   0.0000000  7.705781e-01  8.915590e-05  7.705817e-01  8.915868e-05  7.258416e-01  7.903155e-05  
   0.0200000  7.706790e-01  9.541854e-05  7.706828e-01  9.542170e-05  7.259308e-01  8.458301e-05  
   0.0410000  7.707988e-01  1.025552e-04  7.708026e-01  1.025588e-04  7.260372e-01  9.090891e-05  
   0.0620000  7.709354e-01  1.103030e-04  7.709389e-01  1.103071e-04  7.261581e-01  9.777607e-05  
   0.0830000  7.710904e-01  1.186962e-04  7.710939e-01  1.187008e-04  7.262957e-01  1.052148e-04  
   0.1040000  7.712662e-01  1.277645e-04  7.712699e-01  1.277696e-04  7.264517e-01  1.132512e-04  
   0.1240000  7.714549e-01  1.370501e-04  7.714584e-01  1.370558e-04  7.266188e-01  1.214794e-04  
   0.1450000  7.716776e-01  1.474971e-04  7.716813e-01  1.475034e-04  7.268163e-01  1.307358e-04  
   0.1660000  7.719275e-01  1.586646e-04  7.719314e-01  1.586715e-04  7.270377e-01  1.406296e-04  
   0.1870000  7.722068e-01  1.705491e-04  7.722106e-01  1.705567e-04  7.272853e-01  1.511574e-04  
   0.2080000  7.725176e-01  1.831362e-04  7.725215e-01  1.831445e-04  7.275609e-01  1.623060e-04  
   0.2290000  7.728618e-01  1.964005e-04  7.728655e-01  1.964095e-04  7.278660e-01  1.740526e-04  
   0.2490000  7.732221e-01  2.096302e-04  7.732260e-01  2.096399e-04  7.281849e-01  1.857667e-04  
   0.2700000  7.736357e-01  2.241060e-04  7.736393e-01  2.241165e-04  7.285514e-01  1.985822e-04  
   0.2910000  7.740862e-01  2.391313e-04  7.740902e-01  2.391426e-04  7.289508e-01  2.118813e-04  
   0.3120000  7.745751e-01  2.546518e-04  7.745788e-01  2.546638e-04  7.293842e-01  2.256161e-04  
   0.3330000  7.751025e-01  2.706119e-04  7.751063e-01  2.706248e-04  7.298512e-01  2.397369e-04  
   0.3540000  7.756684e-01  2.869581e-04  7.756724e-01  2.869718e-04  7.303526e-01  2.541956e-04  
   0.3740000  7.762438e-01  3.028386e-04  7.762476e-01  3.028532e-04  7.308624e-01  2.682391e-04  
   0.3950000  7.768860e-01  3.197984e-04  7.768900e-01  3.198138e-04  7.314310e-01  2.832332e-04  
   0.4160000  7.775666e-01  3.370128e-04  7.775704e-01  3.370290e-04  7.320337e-01  2.984479e-04  
   0.4374300  7.783015e-01  3.548100e-04  7.783054e-01  3.548271e-04  7.326847e-01  3.141729e-04  
   0.4574300  7.790235e-01  3.716066e-04  7.790273e-01  3.716243e-04  7.333239e-01  3.290091e-04  
   0.4784300  7.798194e-01  3.894201e-04  7.798234e-01  3.894385e-04  7.340284e-01  3.447385e-04  
   0.4994300  7.806535e-01  4.074029e-04  7.806576e-01  4.074218e-04  7.347669e-01  3.606118e-04  
   0.5204300  7.815266e-01  4.255479e-04  7.815308e-01  4.255675e-04  7.355397e-01  3.766225e-04  
   0.5414300  7.824385e-01  4.438518e-04  7.824424e-01  4.438719e-04  7.363464e-01  3.927671e-04  
   0.5614300  7.833431e-01  4.614313e-04  7.833472e-01  4.614517e-04  7.371469e-01  4.082670e-04  
   0.5824300  7.843313e-01  4.800468e-04  7.843355e-01  4.800676e-04  7.380212e-01  4.246735e-04  
   0.6034300  7.853587e-01  4.988266e-04  7.853629e-01  4.988475e-04  7.389302e-01  4.412174e-04  
   0.6244300  7.864262e-01  5.177755e-04  7.864305e-01  5.177966e-04  7.398744e-01  4.579033e-04  
   0.6454300  7.875337e-01  5.368995e-04  7.875381e-01  5.369210e-04  7.408537e-01  4.747355e-04  
   0.6664300  7.886817e-01  5.562048e-04  7.886860e-01  5.562266e-04  7.418689e-01  4.917193e-04  
   0.6864300  7.898128e-01  5.747656e-04  7.898172e-01  5.747874e-04  7.428683e-01  5.080400e-04  
   0.7074300  7.910408e-01  5.944455e-04  7.910450e-01  5.944674e-04  7.439538e-01  5.253361e-04  
   0.7284300  7.923098e-01  6.143276e-04  7.923144e-01  6.143497e-04  7.450754e-01  5.428008e-04  
   0.7494300  7.936215e-01  6.344201e-04  7.936261e-01  6.344425e-04  7.462339e-01  5.604409e-04  
   0.7704300  7.949750e-01  6.547306e-04  7.949797e-01  6.547534e-04  7.474298e-01  5.782621e-04  
   0.7914300  7.963719e-01  6.752678e-04  7.963764e-01  6.752907e-04  7.486634e-01  5.962721e-04  
   0.8114300  7.977419e-01  6.950450e-04  7.977467e-01  6.950684e-04  7.498730e-01  6.136055e-04  
   0.8324300  7.992234e-01  7.160489e-04  7.992281e-01  7.160731e-04  7.511806e-01  6.320037e-04  
   0.8540300  8.007941e-01  7.379174e-04  8.007988e-01  7.379420e-04  7.525666e-01  6.511467e-04  
   0.8740300  8.022900e-01  7.584133e-04  8.022947e-01  7.584388e-04  7.538867e-01  6.690772e-04  
   0.8950300  8.039054e-01  7.802000e-04  8.039103e-01  7.802264e-04  7.553118e-01  6.881248e-04  
   0.9160300  8.055665e-01  8.022693e-04  8.055719e-01  8.022968e-04  7.567768e-01  7.074072e-04  
   0.9370300  8.072747e-01  8.246322e-04  8.072798e-01  8.246612e-04  7.582825e-01  7.269330e-04  
   0.9580300  8.090296e-01  8.472992e-04  8.090348e-01  8.473296e-04  7.598296e-01  7.467109e-04  
   0.9780300  8.107459e-01  8.691809e-04  8.107513e-01  8.692131e-04  7.613421e-01  7.657907e-04  
   0.9990300  8.125957e-01  8.924762e-04  8.126010e-01  8.925102e-04  7.629713e-01  7.860893e-04  
   1.0200300  8.144946e-01  9.161102e-04  8.145000e-01  9.161465e-04  7.646439e-01  8.066681e-04  
   1.0410300  8.164436e-01  9.400965e-04  8.164491e-01  9.401345e-04  7.663599e-01  8.275383e-04  
   1.0620300  8.184441e-01  9.644463e-04  8.184494e-01  9.644863e-04  7.681202e-01  8.487090e-04  
   1.0830300  8.204955e-01  9.891732e-04  8.205010e-01  9.892152e-04  7.699254e-01  8.701907e-04  
   1.1030300  8.224978e-01  1.013085e-03  8.225037e-01  1.013129e-03  7.716866e-01  8.909488e-04  
   1.1240300  8.246526e-01  1.038586e-03  8.246583e-01  1.038632e-03  7.735813e-01  9.130696e-04  
   1.1450300  8.268611e-01  1.064504e-03  8.268670e-01  1.064551e-03  7.755225e-01  9.355338e-04  
   1.1660300  8.291244e-01  1.090854e-03  8.291304e-01  1.090903e-03  7.775113e-01  9.583532e-04  
   1.1870300  8.314437e-01  1.117651e-03  8.314497e-01  1.117701e-03  7.795485e-01  9.815397e-04  
   1.2080300  8.338196e-01  1.144909e-03  8.338258e-01  1.144961e-03  7.816347e-01  1.005106e-03  
   1.2280300  8.361354e-01  1.171315e-03  8.361416e-01  1.171368e-03  7.836675e-01  1.027915e-03  
   1.2490300  8.386246e-01  1.199525e-03  8.386309e-01  1.199579e-03  7.858512e-01  1.052261e-03  
   1.2706300  8.412474e-01  1.229079e-03  8.412539e-01  1.229134e-03  7.881518e-01  1.077743e-03  
   1.2906300  8.437330e-01  1.256945e-03  8.437396e-01  1.257001e-03  7.903311e-01  1.101748e-03  
   1.3116300  8.464035e-01  1.286744e-03  8.464105e-01  1.286801e-03  7.926712e-01  1.127394e-03  
   1.3326300  8.491369e-01  1.317116e-03  8.491438e-01  1.317175e-03  7.950659e-01  1.153508e-03  
   1.3536299  8.519346e-01  1.348083e-03  8.519416e-01  1.348143e-03  7.975153e-01  1.180107e-03  
   1.3746300  8.547984e-01  1.379668e-03  8.548053e-01  1.379729e-03  8.000216e-01  1.207210e-03  
   1.3946300  8.575879e-01  1.410344e-03  8.575951e-01  1.410408e-03  8.024622e-01  1.233507e-03  
   1.4156300  8.605837e-01  1.443203e-03  8.605912e-01  1.443270e-03  8.050818e-01  1.261648e-03  
   1.4366300  8.636493e-01  1.476753e-03  8.636569e-01  1.476822e-03  8.077609e-01  1.290348e-03  
   1.4576300  8.667868e-01  1.511020e-03  8.667943e-01  1.511091e-03  8.105016e-01  1.319631e-03  
   1.4786299  8.699970e-01  1.546031e-03  8.700048e-01  1.546105e-03  8.133044e-01  1.349516e-03  
   1.4996300  8.732816e-01  1.581815e-03  8.732896e-01  1.581892e-03  8.161711e-01  1.380028e-03  
   1.5196300  8.764802e-01  1.616641e-03  8.764883e-01  1.616720e-03  8.189611e-01  1.409689e-03  
   1.5406300  8.799149e-01  1.654023e-03  8.799230e-01  1.654104e-03  8.219553e-01  1.441488e-03  
   1.5616300  8.834288e-01  1.692269e-03  8.834372e-01  1.692353e-03  8.250168e-01  1.473986e-03  
   1.5826300  8.870239e-01  1.731416e-03  8.870324e-01  1.731502e-03  8.281472e-01  1.507207e-03  
   1.6036299  8.907023e-01  1.771500e-03  8.907112e-01  1.771588e-03  8.313484e-01  1.541180e-03  
   1.6246300  8.944656e-01  1.812560e-03  8.944744e-01  1.812650e-03  8.346214e-01  1.575934e-03  
   1.6446300  8.981305e-01  1.852611e-03  8.981395e-01  1.852703e-03  8.378068e-01  1.609788e-03  
   1.6656300  9.020655e-01  1.895699e-03  9.020746e-01  1.895794e-03  8.412248e-01  1.646159e-03  
   1.6872300  9.062086e-01  1.941176e-03  9.062182e-01  1.941274e-03  8.448218e-01  1.684488e-03  
   1.7072300  9.101334e-01  1.984382e-03  9.101432e-01  1.984481e-03  8.482262e-01  1.720844e-03  
   1.7282300  9.143484e-01  2.030939e-03  9.143584e-01  2.031040e-03  8.518805e-01  1.759952e-03  
   1.7492300  9.186619e-01  2.078778e-03  9.186719e-01  2.078881e-03  8.556173e-01  1.800060e-03  
   1.7702301  9.230770e-01  2.127970e-03  9.230874e-01  2.128077e-03  8.594394e-01  1.841215e-03  
   1.7912300  9.275970e-01  2.178597e-03  9.276077e-01  2.178706e-03  8.633490e-01  1.883466e-03  
   1.8112299  9.320017e-01  2.228231e-03  9.320123e-01  2.228342e-03  8.671564e-01  1.924774e-03  
   1.8322300  9.367343e-01  2.281931e-03  9.367453e-01  2.282045e-03  8.712441e-01  1.969326e-03  
   1.8532300  9.415806e-01  2.337370e-03  9.415918e-01  2.337489e-03  8.754265e-01  2.015147e-03  
   1.8742300  9.465446e-01  2.394684e-03  9.465562e-01  2.394806e-03  8.797069e-01  2.062308e-03  
   1.8952301  9.516295e-01  2.454025e-03  9.516413e-01  2.454153e-03  8.840874e-01  2.110884e-03  
   1.9162300  9.568381e-01  2.515567e-03  9.568502e-01  2.515699e-03  8.885712e-01  2.160962e-03  
   1.9362299  9.619175e-01  2.576404e-03  9.619303e-01  2.576542e-03  8.929394e-01  2.210136e-03  
   1.9572300  9.673804e-01  2.642836e-03  9.673934e-01  2.642981e-03  8.976328e-01  2.263429e-03  
   1.9782300  9.729789e-01  2.712127e-03  9.729925e-01  2.712279e-03  9.024393e-01  2.318545e-03  
   1.9992300  9.787183e-01  2.784549e-03  9.787318e-01  2.784709e-03  9.073606e-01  2.375624e-03  
   2.0202301  9.846025e-01  2.860405e-03  9.846165e-01  2.860576e-03  9.124020e-01  2.434829e-03  
   2.0412300  9.906362e-01  2.940023e-03  9.906502e-01  2.940203e-03  9.175656e-01  2.496349e-03  
   2.0612299  9.965264e-01  3.019667e-03  9.965409e-01  3.019860e-03  9.226018e-01  2.557293e-03  
   2.0822301  1.002867e+00  3.107674e-03  1.002882e+00  3.107880e-03  9.280180e-01  2.624002e-03  
   2.1038301  1.009562e+00  3.203298e-03  1.009578e+00  3.203520e-03  9.337308e-01  2.695828e-03  
   2.1238301  1.015923e+00  3.296866e-03  1.015939e+00  3.297106e-03  9.391522e-01  2.765552e-03  
   2.1448300  1.022775e+00  3.400779e-03  1.022792e+00  3.401038e-03  9.449870e-01  2.842475e-03  
   2.1658299  1.029812e+00  3.511011e-03  1.029828e+00  3.511291e-03  9.509717e-01  2.923632e-03  
   2.1868300  1.037041e+00  3.628141e-03  1.037058e+00  3.628445e-03  9.571131e-01  3.009523e-03  
   2.2078300  1.044468e+00  3.752806e-03  1.044486e+00  3.753136e-03  9.634160e-01  3.100700e-03  
   2.2278299  1.051734e+00  3.879201e-03  1.051753e+00  3.879558e-03  9.695750e-01  3.193012e-03  
   2.2488301  1.059574e+00  4.020738e-03  1.059593e+00  4.021126e-03  9.762118e-01  3.296334e-03  
   2.2698300  1.067638e+00  4.172204e-03  1.067657e+00  4.172623e-03  9.830298e-01  3.406921e-03  
   2.2908299  1.075935e+00  4.334609e-03  1.075954e+00  4.335062e-03  9.900350e-01  3.525565e-03  
   2.3118300  1.084475e+00  4.509076e-03  1.084495e+00  4.509565e-03  9.972363e-01  3.653112e-03  
   2.3328300  1.093269e+00  4.696831e-03  1.093290e+00  4.697357e-03  1.004640e+00  3.790463e-03  
   2.3528299  1.101889e+00  4.889212e-03  1.101910e+00  4.889776e-03  1.011888e+00  3.931271e-03  
   2.3738301  1.111208e+00  5.106823e-03  1.111230e+00  5.107427e-03  1.019712e+00  4.090608e-03  
   2.3948300  1.120816e+00  5.341874e-03  1.120839e+00  5.342517e-03  1.027766e+00  4.262788e-03  
   2.4158299  1.130724e+00  5.595895e-03  1.130748e+00  5.596584e-03  1.036058e+00  4.448985e-03  
   2.4368300  1.140947e+00  5.870457e-03  1.140972e+00  5.871191e-03  1.044600e+00  4.650460e-03  
   2.4578300  1.151501e+00  6.167139e-03  1.151526e+00  6.167921e-03  1.053403e+00  4.868569e-03  
   2.4778299  1.161873e+00  6.471727e-03  1.161900e+00  6.472556e-03  1.062040e+00  5.093113e-03  
   2.4988301  1.173120e+00  6.816264e-03  1.173148e+00  6.817148e-03  1.071389e+00  5.348103e-03  
   2.5204301  1.185091e+00  7.198847e-03  1.185119e+00  7.199793e-03  1.081319e+00  5.632772e-03  
   2.5404301  1.196557e+00  7.580341e-03  1.196586e+00  7.581349e-03  1.090812e+00  5.918480e-03  
   2.5614300  1.209017e+00  8.011187e-03  1.209048e+00  8.012267e-03  1.101104e+00  6.243569e-03  
   2.5824299  1.221935e+00  8.475567e-03  1.221966e+00  8.476732e-03  1.111749e+00  6.596927e-03  
   2.6034300  1.235341e+00  8.976716e-03  1.235374e+00  8.977973e-03  1.122767e+00  6.981601e-03  
   2.6244299  1.249269e+00  9.518783e-03  1.249303e+00  9.520153e-03  1.134180e+00  7.401181e-03  
   2.6444299  1.263054e+00  1.007817e-02  1.263089e+00  1.007965e-02  1.145440e+00  7.837229e-03  
   2.6654301  1.278117e+00  1.071792e-02  1.278153e+00  1.071955e-02  1.157700e+00  8.338464e-03  
   2.6864300  1.293827e+00  1.142114e-02  1.293865e+00  1.142294e-02  1.170436e+00  8.890649e-03  
   2.7074299  1.310240e+00  1.220121e-02  1.310280e+00  1.220320e-02  1.183683e+00  9.502114e-03  
   2.7284300  1.327416e+00  1.307608e-02  1.327458e+00  1.307829e-02  1.197478e+00  1.018343e-02  
   2.7494299  1.345420e+00  1.406960e-02  1.345464e+00  1.407210e-02  1.211860e+00  1.094799e-02  
   2.7694299  1.363406e+00  1.515499e-02  1.363452e+00  1.515779e-02  1.226147e+00  1.176917e-02  
   2.7904301  1.383250e+00  1.648039e-02  1.383298e+00  1.648359e-02  1.241813e+00  1.274978e-02  
   2.8114300  1.404164e+00  1.804870e-02  1.404215e+00  1.805239e-02  1.258214e+00  1.387833e-02  
   2.8324299  1.426245e+00  1.992874e-02  1.426298e+00  1.993305e-02  1.275408e+00  1.518873e-02  
   2.8534300  1.449596e+00  2.220842e-02  1.449653e+00  2.221352e-02  1.293459e+00  1.672315e-02  
   2.8744299  1.474326e+00  2.499857e-02  1.474386e+00  2.500466e-02  1.312435e+00  1.853363e-02  
   2.8944299  1.499260e+00  2.825657e-02  1.499323e+00  2.826389e-02  1.331431e+00  2.057276e-02  
   2.9154301  1.526994e+00  3.247070e-02  1.527060e+00  3.247963e-02  1.352419e+00  2.311870e-02  
   2.9370301  1.557284e+00  3.786480e-02  1.557354e+00  3.787587e-02  1.375203e+00  2.626680e-02  
   2.9570301  1.587001e+00  4.404470e-02  1.587076e+00  4.405825e-02  1.397449e+00  2.976530e-02  
   2.9780300  1.619991e+00  5.203449e-02  1.620071e+00  5.205128e-02  1.422072e+00  3.417225e-02  
   2.9990301  1.654832e+00  6.187932e-02  1.654916e+00  6.190013e-02  1.448062e+00  3.948655e-02  
   3.0200300  1.691497e+00  7.393771e-02  1.691585e+00  7.396342e-02  1.475477e+00  4.589415e-02  
   3.0410299  1.729897e+00  8.859816e-02  1.729989e+00  8.862975e-02  1.504363e+00  5.361176e-02  
   3.0610299  1.767934e+00  1.053520e-01  1.768031e+00  1.053902e-01  1.533263e+00  6.240737e-02  
   3.0820301  1.809176e+00  1.262684e-01  1.809275e+00  1.263146e-01  1.565060e+00  7.343031e-02  
   3.1030300  1.851418e+00  1.509780e-01  1.851520e+00  1.510334e-01  1.598289e+00  8.658992e-02  
   3.1240301  1.894232e+00  1.798363e-01  1.894336e+00  1.799020e-01  1.632848e+00  1.022219e-01  
   3.1450300  1.937090e+00  2.131326e-01  1.937195e+00  2.132096e-01  1.668560e+00  1.206766e-01  
   3.1660299  1.979389e+00  2.510673e-01  1.979492e+00  2.511564e-01  1.705175e+00  1.423072e-01  
   3.1860299  2.018537e+00  2.915876e-01  2.018638e+00  2.916889e-01  1.740575e+00  1.661679e-01  
   3.2070301  2.057769e+00  3.387032e-01  2.057866e+00  3.388176e-01  1.777887e+00  1.949317e-01  
   3.2280300  2.094371e+00  3.903129e-01  2.094462e+00  3.904403e-01  1.814832e+00  2.277261e-01  
   3.2490301  2.127648e+00  4.460809e-01  2.127733e+00  4.462212e-01  1.850810e+00  2.646971e-01  
   3.2700300  2.156966e+00  5.055260e-01  2.157042e+00  5.056784e-01  1.885154e+00  3.058726e-01  
   3.2910299  2.181786e+00  5.680413e-01  2.181854e+00  5.682049e-01  1.917163e+00  3.511440e-01  
   3.3110299  2.200868e+00  6.297882e-01  2.200927e+00  6.299609e-01  1.944829e+00  3.978301e-01  
   3.3320301  2.215869e+00  6.962000e-01  2.215918e+00  6.963810e-01  1.970274e+00  4.501997e-01  
   3.3536301  2.225817e+00  7.653688e-01  2.225857e+00  7.655559e-01  1.991982e+00  5.070560e-01  
   3.3736300  2.230135e+00  8.294584e-01  2.230167e+00  8.296495e-01  2.007605e+00  5.617490e-01  
   3.3946300  2.229822e+00  8.960946e-01  2.229845e+00  8.962884e-01  2.019073e+00  6.205184e-01  
   3.4156301  2.224898e+00  9.614335e-01  2.224915e+00  9.616286e-01  2.025361e+00  6.798114e-01  
   3.4366300  2.215830e+00  1.024958e+00  2.215840e+00  1.025152e+00  2.026546e+00  7.387473e-01  
   3.4576299  2.203153e+00  1.086286e+00  2.203157e+00  1.086479e+00  2.022910e+00  7.964841e-01  
   3.4776299  2.188242e+00  1.142430e+00  2.188242e+00  1.142621e+00  2.015393e+00  8.496659e-01  
   3.4986300  2.170139e+00  1.198895e+00  2.170134e+00  1.199083e+00  2.003838e+00  9.030098e-01  
   3.5196300  2.150033e+00  1.252813e+00  2.150026e+00  1.252998e+00  1.989258e+00  9.533417e-01  
   3.5406301  2.128369e+00  1.304276e+00  2.128359e+00  1.304459e+00  1.972446e+00  1.000391e+00  
   3.5616300  2.105499e+00  1.353432e+00  2.105487e+00  1.353613e+00  1.954200e+00  1.044079e+00  
   3.5826299  2.081686e+00  1.400457e+00  2.081671e+00  1.400637e+00  1.935266e+00  1.084515e+00  
   3.6026299  2.058285e+00  1.443422e+00  2.058269e+00  1.443602e+00  1.917185e+00  1.120249e+00  
   3.6236300  2.033057e+00  1.486764e+00  2.033038e+00  1.486943e+00  1.898637e+00  1.155231e+00  
   3.6446300  2.007204e+00  1.528389e+00  2.007183e+00  1.528569e+00  1.880884e+00  1.188076e+00  
   3.6656301  1.980757e+00  1.568345e+00  1.980733e+00  1.568525e+00  1.864107e+00  1.219287e+00  
   3.6866300  1.953755e+00  1.606622e+00  1.953730e+00  1.606803e+00  1.848338e+00  1.249349e+00  
   3.7076299  1.926274e+00  1.643164e+00  1.926247e+00  1.643346e+00  1.833474e+00  1.278682e+00  
   3.7276299  1.899776e+00  1.676277e+00  1.899747e+00  1.676458e+00  1.819982e+00  1.306242e+00  
   3.7486300  1.871813e+00  1.709185e+00  1.871783e+00  1.709365e+00  1.806287e+00  1.334992e+00  
   3.7702301  1.843203e+00  1.740970e+00  1.843172e+00  1.741150e+00  1.792462e+00  1.364460e+00  
   3.7902300  1.817195e+00  1.768516e+00  1.817165e+00  1.768692e+00  1.779720e+00  1.391636e+00  
   3.8112299  1.790815e+00  1.795545e+00  1.790787e+00  1.795719e+00  1.766308e+00  1.419957e+00  
   3.8322301  1.765869e+00  1.820796e+00  1.765843e+00  1.820966e+00  1.752874e+00  1.447909e+00  
   3.8532300  1.742867e+00  1.844560e+00  1.742846e+00  1.844728e+00  1.739558e+00  1.475322e+00  
   3.8742299  1.722310e+00  1.867283e+00  1.722293e+00  1.867446e+00  1.726626e+00  1.502066e+00  
   3.8942299  1.705408e+00  1.888494e+00  1.705398e+00  1.888654e+00  1.715006e+00  1.526860e+00  
   3.9152300  1.690803e+00  1.911026e+00  1.690799e+00  1.911185e+00  1.703964e+00  1.552241e+00  
   3.9362299  1.679618e+00  1.934685e+00  1.679620e+00  1.934841e+00  1.694584e+00  1.577154e+00  
   3.9572301  1.671878e+00  1.960447e+00  1.671886e+00  1.960604e+00  1.687336e+00  1.601966e+00  
   3.9782300  1.667387e+00  1.989358e+00  1.667400e+00  1.989516e+00  1.682625e+00  1.627218e+00  
   3.9992299  1.665709e+00  2.022470e+00  1.665724e+00  2.022632e+00  1.680737e+00  1.653617e+00  
   4.0192299  1.666097e+00  2.058834e+00  1.666110e+00  2.059003e+00  1.681679e+00  1.680605e+00  
   4.0402298  1.667690e+00  2.102952e+00  1.667699e+00  2.103127e+00  1.685465e+00  1.711809e+00  
   4.0612302  1.669356e+00  2.153866e+00  1.669354e+00  2.154053e+00  1.691801e+00  1.746969e+00  
   4.0822301  1.669739e+00  2.212074e+00  1.669725e+00  2.212274e+00  1.700105e+00  1.787133e+00  
   4.1032300  1.667346e+00  2.277800e+00  1.667311e+00  2.278014e+00  1.709517e+00  1.833305e+00  
   4.1242299  1.660600e+00  2.350960e+00  1.660540e+00  2.351189e+00  1.718911e+00  1.886370e+00  
   4.1442299  1.648673e+00  2.427173e+00  1.648584e+00  2.427419e+00  1.726577e+00  1.943953e+00  
   4.1652298  1.628899e+00  2.513372e+00  1.628776e+00  2.513634e+00  1.731756e+00  2.012232e+00  
   4.1868300  1.599346e+00  2.607574e+00  1.599184e+00  2.607853e+00  1.732194e+00  2.090930e+00  
   4.2068300  1.562489e+00  2.698608e+00  1.562289e+00  2.698902e+00  1.726448e+00  2.171200e+00  
   4.2278299  1.512979e+00  2.796679e+00  1.512738e+00  2.796985e+00  1.712243e+00  2.262473e+00  
   4.2488298  1.451645e+00  2.895652e+00  1.451361e+00  2.895970e+00  1.687914e+00  2.359791e+00  
   4.2698302  1.377993e+00  2.993747e+00  1.377667e+00  2.994073e+00  1.651858e+00  2.461597e+00  
   4.2908301  1.291818e+00  3.089108e+00  1.291451e+00  3.089439e+00  1.602754e+00  2.565921e+00  
   4.3108301  1.198168e+00  3.175682e+00  1.197764e+00  3.176014e+00  1.542988e+00  2.665524e+00  
   4.3318300  1.088004e+00  3.260350e+00  1.087565e+00  3.260678e+00  1.466102e+00  2.767924e+00  
   4.3528299  9.663146e-01  3.336869e+00  9.658433e-01  3.337189e+00  1.374749e+00  2.865463e+00  
   4.3738298  8.339483e-01  3.403536e+00  8.334495e-01  3.403844e+00  1.269479e+00  2.955468e+00  
   4.3948302  6.919948e-01  3.458760e+00  6.914726e-01  3.459050e+00  1.151390e+00  3.035397e+00  
   4.4158301  5.417818e-01  3.501088e+00  5.412415e-01  3.501357e+00  1.022101e+00  3.102969e+00  
   4.4358301  3.924498e-01  3.528242e+00  3.918964e-01  3.528486e+00  8.904423e-01  3.154100e+00  
   4.4568300  2.307434e-01  3.541899e+00  2.301814e-01  3.542112e+00  7.455660e-01  3.192531e+00  
   4.4778299  6.591351e-02  3.539510e+00  6.534886e-02  3.539691e+00  5.965006e-01  3.214464e+00  
   4.4988298  -9.993912e-02  3.520513e+00  -1.005014e-01  3.520659e+00  4.460029e-01  3.219588e+00  
   4.5198302  -2.645863e-01  3.484668e+00  -2.651405e-01  3.484777e+00  2.967994e-01  3.208162e+00  
   4.5408301  -4.257050e-01  3.432104e+00  -4.262460e-01  3.432174e+00  1.514721e-01  3.180979e+00  
   4.5608301  -5.737383e-01  3.366971e+00  -5.742623e-01  3.367005e+00  1.878231e-02  3.141587e+00  
   4.5818300  -7.212967e-01  3.283648e+00  -7.217984e-01  3.283645e+00  -1.126482e-01  3.087596e+00  
   4.6034298  -8.624334e-01  3.183382e+00  -8.629089e-01  3.183345e+00  -2.377788e-01  3.020511e+00  
   4.6234298  -9.817082e-01  3.079005e+00  -9.821572e-01  3.078940e+00  -3.434858e-01  2.949854e+00  
   4.6444302  -1.093597e+00  2.959493e+00  -1.094018e+00  2.959404e+00  -4.432819e-01  2.868837e+00  
   4.6654301  -1.190634e+00  2.832157e+00  -1.191026e+00  2.832049e+00  -5.312988e-01  2.782834e+00  
   4.6864300  -1.272083e+00  2.699538e+00  -1.272449e+00  2.699417e+00  -6.075769e-01  2.693759e+00  
   4.7074299  -1.337702e+00  2.564251e+00  -1.338046e+00  2.564123e+00  -6.724492e-01  2.603356e+00  
   4.7274299  -1.385702e+00  2.435272e+00  -1.386029e+00  2.435143e+00  -7.241408e-01  2.517429e+00  
   4.7484298  -1.421557e+00  2.302007e+00  -1.421872e+00  2.301880e+00  -7.685184e-01  2.428640e+00  
   4.7694302  -1.443590e+00  2.173055e+00  -1.443899e+00  2.172935e+00  -8.035811e-01  2.342384e+00  
   4.7904301  -1.453204e+00  2.050211e+00  -1.453514e+00  2.050102e+00  -8.302255e-01  2.259522e+00  
   4.8114300  -1.452016e+00  1.934869e+00  -1.452333e+00  1.934772e+00  -8.493739e-01  2.180699e+00  
   4.8324299  -1.441754e+00  1.828014e+00  -1.442084e+00  1.827931e+00  -8.619395e-01  2.106374e+00  
   4.8524299  -1.425133e+00  1.734679e+00  -1.425481e+00  1.734609e+00  -8.685933e-01  2.040039e+00  
   4.8734298  -1.402095e+00  1.645753e+00  -1.402466e+00  1.645696e+00  -8.708019e-01  1.975205e+00  
   4.8944302  -1.374849e+00  1.566050e+00  -1.375247e+00  1.566006e+00  -8.688802e-01  1.915339e+00  
   4.9154301  -1.344761e+00  1.495256e+00  -1.345187e+00  1.495221e+00  -8.635385e-01  1.860373e+00  
   4.9364300  -1.312996e+00  1.432865e+00  -1.313453e+00  1.432836e+00  -8.554183e-01  1.810165e+00  
   4.9574299  -1.280518e+00  1.378249e+00  -1.281006e+00  1.378225e+00  -8.450900e-01  1.764507e+00  
   4.9774299  -1.249626e+00  1.332825e+00  -1.250144e+00  1.332803e+00  -8.336601e-01  1.725028e+00  
   4.9984298  -1.217798e+00  1.291354e+00  -1.218346e+00  1.291332e+00  -8.204032e-01  1.687514e+00  
