w Re-xx Im-xx Re-yy Im-yy Re-zz Im-zz
# Gaussian absolute broadening  0.15 [eV]
   0.0000000  7.679166e-01  8.819214e-05  7.679123e-01  8.819421e-05  7.253947e-01  7.901607e-05  
   0.0200000  7.680165e-01  9.438849e-05  7.680123e-01  9.439088e-05  7.254840e-01  8.456544e-05  
   0.0410000  7.681349e-01  1.014495e-04  7.681307e-01  1.014522e-04  7.255902e-01  9.088881e-05  
   0.0620000  7.682701e-01  1.091150e-04  7.682657e-01  1.091181e-04  7.257110e-01  9.775332e-05  
   0.0830000  7.684233e-01  1.174190e-04  7.684189e-01  1.174225e-04  7.258487e-01  1.051890e-04  
   0.1040000  7.685974e-01  1.263906e-04  7.685932e-01  1.263945e-04  7.260047e-01  1.132220e-04  
   0.1240000  7.687837e-01  1.355772e-04  7.687798e-01  1.355814e-04  7.261716e-01  1.214467e-04  
   0.1450000  7.690042e-01  1.459123e-04  7.690000e-01  1.459169e-04  7.263688e-01  1.306992e-04  
   0.1660000  7.692515e-01  1.569599e-04  7.692472e-01  1.569649e-04  7.265904e-01  1.405886e-04  
   0.1870000  7.695277e-01  1.687165e-04  7.695236e-01  1.687219e-04  7.268377e-01  1.511116e-04  
   0.2080000  7.698353e-01  1.811675e-04  7.698312e-01  1.811733e-04  7.271132e-01  1.622552e-04  
   0.2290000  7.701757e-01  1.942879e-04  7.701716e-01  1.942938e-04  7.274182e-01  1.739963e-04  
   0.2490000  7.705321e-01  2.073734e-04  7.705279e-01  2.073796e-04  7.277372e-01  1.857050e-04  
   0.2700000  7.709413e-01  2.216909e-04  7.709370e-01  2.216973e-04  7.281035e-01  1.985143e-04  
   0.2910000  7.713870e-01  2.365510e-04  7.713830e-01  2.365575e-04  7.285027e-01  2.118072e-04  
   0.3120000  7.718707e-01  2.518999e-04  7.718665e-01  2.519066e-04  7.289358e-01  2.255353e-04  
   0.3330000  7.723921e-01  2.676828e-04  7.723880e-01  2.676896e-04  7.294027e-01  2.396492e-04  
   0.3540000  7.729522e-01  2.838462e-04  7.729481e-01  2.838532e-04  7.299039e-01  2.541008e-04  
   0.3740000  7.735211e-01  2.995482e-04  7.735171e-01  2.995554e-04  7.304134e-01  2.681373e-04  
   0.3950000  7.741562e-01  3.163164e-04  7.741521e-01  3.163240e-04  7.309818e-01  2.831238e-04  
   0.4160000  7.748293e-01  3.333353e-04  7.748254e-01  3.333432e-04  7.315843e-01  2.983308e-04  
   0.4374300  7.755563e-01  3.509287e-04  7.755525e-01  3.509373e-04  7.322350e-01  3.140477e-04  
   0.4574300  7.762706e-01  3.675319e-04  7.762666e-01  3.675411e-04  7.328739e-01  3.288763e-04  
   0.4784300  7.770577e-01  3.851390e-04  7.770538e-01  3.851490e-04  7.335783e-01  3.445973e-04  
   0.4994300  7.778828e-01  4.029122e-04  7.778789e-01  4.029231e-04  7.343166e-01  3.604621e-04  
   0.5204300  7.787462e-01  4.208443e-04  7.787422e-01  4.208563e-04  7.350888e-01  3.764641e-04  
   0.5414300  7.796479e-01  4.389321e-04  7.796441e-01  4.389452e-04  7.358952e-01  3.925999e-04  
   0.5614300  7.805424e-01  4.563029e-04  7.805386e-01  4.563169e-04  7.366954e-01  4.080911e-04  
   0.5824300  7.815195e-01  4.746957e-04  7.815161e-01  4.747110e-04  7.375695e-01  4.244881e-04  
   0.6034300  7.825355e-01  4.932490e-04  7.825318e-01  4.932652e-04  7.384779e-01  4.410225e-04  
   0.6244300  7.835912e-01  5.119683e-04  7.835876e-01  5.119854e-04  7.394217e-01  4.576983e-04  
   0.6454300  7.846863e-01  5.308588e-04  7.846827e-01  5.308768e-04  7.404007e-01  4.745203e-04  
   0.6664300  7.858217e-01  5.499265e-04  7.858179e-01  5.499452e-04  7.414153e-01  4.914937e-04  
   0.6864300  7.869397e-01  5.682569e-04  7.869362e-01  5.682764e-04  7.424144e-01  5.078043e-04  
   0.7074300  7.881535e-01  5.876902e-04  7.881500e-01  5.877106e-04  7.434991e-01  5.250893e-04  
   0.7284300  7.894083e-01  6.073211e-04  7.894049e-01  6.073425e-04  7.446203e-01  5.425428e-04  
   0.7494300  7.907050e-01  6.271575e-04  7.907017e-01  6.271794e-04  7.457784e-01  5.601715e-04  
   0.7704300  7.920431e-01  6.472061e-04  7.920399e-01  6.472292e-04  7.469736e-01  5.779813e-04  
   0.7914300  7.934239e-01  6.674759e-04  7.934205e-01  6.675001e-04  7.482064e-01  5.959790e-04  
   0.8114300  7.947782e-01  6.869926e-04  7.947749e-01  6.870184e-04  7.494156e-01  6.133008e-04  
   0.8324300  7.962425e-01  7.077173e-04  7.962391e-01  7.077450e-04  7.507228e-01  6.316863e-04  
   0.8540300  7.977945e-01  7.292915e-04  7.977911e-01  7.293212e-04  7.521080e-01  6.508158e-04  
   0.8740300  7.992731e-01  7.495082e-04  7.992699e-01  7.495402e-04  7.534273e-01  6.687335e-04  
   0.8950300  8.008696e-01  7.709951e-04  8.008664e-01  7.710296e-04  7.548516e-01  6.877670e-04  
   0.9160300  8.025111e-01  7.927571e-04  8.025082e-01  7.927942e-04  7.563160e-01  7.070344e-04  
   0.9370300  8.041987e-01  8.148047e-04  8.041959e-01  8.148446e-04  7.578210e-01  7.265442e-04  
   0.9580300  8.059329e-01  8.371489e-04  8.059303e-01  8.371916e-04  7.593671e-01  7.463056e-04  
   0.9780300  8.076286e-01  8.587155e-04  8.076258e-01  8.587606e-04  7.608787e-01  7.653686e-04  
   0.9990300  8.094560e-01  8.816711e-04  8.094534e-01  8.817188e-04  7.625070e-01  7.856480e-04  
   1.0200300  8.113317e-01  9.049568e-04  8.113293e-01  9.050067e-04  7.641786e-01  8.062071e-04  
   1.0410300  8.132571e-01  9.285847e-04  8.132546e-01  9.286367e-04  7.658936e-01  8.270557e-04  
   1.0620300  8.152328e-01  9.525667e-04  8.152304e-01  9.526205e-04  7.676528e-01  8.482040e-04  
   1.0830300  8.172588e-01  9.769150e-04  8.172567e-01  9.769703e-04  7.694572e-01  8.696619e-04  
   1.1030300  8.192368e-01  1.000457e-03  8.192345e-01  1.000513e-03  7.712172e-01  8.903962e-04  
   1.1240300  8.213641e-01  1.025557e-03  8.213620e-01  1.025615e-03  7.731106e-01  9.124903e-04  
   1.1450300  8.235450e-01  1.051064e-03  8.235428e-01  1.051122e-03  7.750507e-01  9.349264e-04  
   1.1660300  8.257796e-01  1.076989e-03  8.257777e-01  1.077048e-03  7.770382e-01  9.577161e-04  
   1.1870300  8.280693e-01  1.103347e-03  8.280673e-01  1.103407e-03  7.790741e-01  9.808718e-04  
   1.2080300  8.304147e-01  1.130154e-03  8.304129e-01  1.130215e-03  7.811589e-01  1.004406e-03  
   1.2280300  8.327008e-01  1.156117e-03  8.326991e-01  1.156177e-03  7.831901e-01  1.027183e-03  
   1.2490300  8.351575e-01  1.183846e-03  8.351559e-01  1.183907e-03  7.853726e-01  1.051494e-03  
   1.2706300  8.377460e-01  1.212887e-03  8.377445e-01  1.212949e-03  7.876714e-01  1.076936e-03  
   1.2906300  8.401988e-01  1.240263e-03  8.401972e-01  1.240326e-03  7.898488e-01  1.100903e-03  
   1.3116300  8.428336e-01  1.269532e-03  8.428324e-01  1.269595e-03  7.921875e-01  1.126508e-03  
   1.3326300  8.455305e-01  1.299354e-03  8.455293e-01  1.299417e-03  7.945798e-01  1.152578e-03  
   1.3536299  8.482904e-01  1.329750e-03  8.482894e-01  1.329814e-03  7.970275e-01  1.179131e-03  
   1.3746300  8.511147e-01  1.360744e-03  8.511139e-01  1.360810e-03  7.995315e-01  1.206184e-03  
   1.3946300  8.538659e-01  1.390837e-03  8.538653e-01  1.390904e-03  8.019702e-01  1.232432e-03  
   1.4156300  8.568200e-01  1.423062e-03  8.568196e-01  1.423130e-03  8.045874e-01  1.260516e-03  
   1.4366300  8.598429e-01  1.455953e-03  8.598425e-01  1.456022e-03  8.072643e-01  1.289157e-03  
   1.4576300  8.629357e-01  1.489535e-03  8.629354e-01  1.489605e-03  8.100023e-01  1.318376e-03  
   1.4786299  8.661001e-01  1.523834e-03  8.661000e-01  1.523905e-03  8.128026e-01  1.348193e-03  
   1.4996300  8.693375e-01  1.558876e-03  8.693373e-01  1.558949e-03  8.156664e-01  1.378631e-03  
   1.5196300  8.724893e-01  1.592966e-03  8.724896e-01  1.593042e-03  8.184534e-01  1.408217e-03  
   1.5406300  8.758734e-01  1.629543e-03  8.758737e-01  1.629620e-03  8.214442e-01  1.439934e-03  
   1.5616300  8.793352e-01  1.666950e-03  8.793357e-01  1.667029e-03  8.245025e-01  1.472341e-03  
   1.5826300  8.828762e-01  1.705220e-03  8.828770e-01  1.705300e-03  8.276294e-01  1.505465e-03  
   1.6036299  8.864987e-01  1.744385e-03  8.864994e-01  1.744468e-03  8.308266e-01  1.539333e-03  
   1.6246300  8.902043e-01  1.784481e-03  8.902053e-01  1.784567e-03  8.340957e-01  1.573975e-03  
   1.6446300  8.938118e-01  1.823567e-03  8.938129e-01  1.823656e-03  8.372773e-01  1.607713e-03  
   1.6656300  8.976843e-01  1.865592e-03  8.976859e-01  1.865683e-03  8.406907e-01  1.643953e-03  
   1.6872300  9.017621e-01  1.909912e-03  9.017636e-01  1.910006e-03  8.442824e-01  1.682136e-03  
   1.7072300  9.056229e-01  1.951980e-03  9.056248e-01  1.952078e-03  8.476824e-01  1.718344e-03  
   1.7282300  9.097690e-01  1.997266e-03  9.097708e-01  1.997366e-03  8.513311e-01  1.757283e-03  
   1.7492300  9.140108e-01  2.043740e-03  9.140130e-01  2.043844e-03  8.550622e-01  1.797205e-03  
   1.7702301  9.183513e-01  2.091458e-03  9.183537e-01  2.091566e-03  8.588782e-01  1.838154e-03  
   1.7912300  9.227937e-01  2.140476e-03  9.227964e-01  2.140588e-03  8.627812e-01  1.880175e-03  
   1.8112299  9.271218e-01  2.188423e-03  9.271248e-01  2.188540e-03  8.665817e-01  1.921238e-03  
   1.8322300  9.317709e-01  2.240157e-03  9.317742e-01  2.240278e-03  8.706617e-01  1.965498e-03  
   1.8532300  9.365302e-01  2.293382e-03  9.365335e-01  2.293508e-03  8.748363e-01  2.010986e-03  
   1.8742300  9.414036e-01  2.348172e-03  9.414071e-01  2.348304e-03  8.791077e-01  2.057758e-03  
   1.8952301  9.463931e-01  2.404607e-03  9.463971e-01  2.404743e-03  8.834788e-01  2.105877e-03  
   1.9162300  9.515035e-01  2.462770e-03  9.515074e-01  2.462912e-03  8.879520e-01  2.155412e-03  
   1.9362299  9.564848e-01  2.519855e-03  9.564894e-01  2.520002e-03  8.923100e-01  2.203967e-03  
   1.9572300  9.618398e-01  2.581667e-03  9.618446e-01  2.581821e-03  8.969917e-01  2.256478e-03  
   1.9782300  9.673265e-01  2.645507e-03  9.673318e-01  2.645666e-03  9.017848e-01  2.310635e-03  
   1.9992300  9.729478e-01  2.711491e-03  9.729533e-01  2.711657e-03  9.066924e-01  2.366532e-03  
   2.0202301  9.787098e-01  2.779755e-03  9.787155e-01  2.779926e-03  9.117182e-01  2.424275e-03  
   2.0412300  9.846150e-01  2.850439e-03  9.846210e-01  2.850616e-03  9.168657e-01  2.483976e-03  
   2.0612299  9.903769e-01  2.920153e-03  9.903838e-01  2.920337e-03  9.218845e-01  2.542775e-03  
   2.0822301  9.965777e-01  2.996041e-03  9.965847e-01  2.996232e-03  9.272813e-01  2.606689e-03  
   2.1038301  1.003122e+00  3.077170e-03  1.003129e+00  3.077370e-03  9.329721e-01  2.674924e-03  
   2.1238301  1.009336e+00  3.155271e-03  1.009344e+00  3.155477e-03  9.383715e-01  2.740531e-03  
   2.1448300  1.016029e+00  3.240592e-03  1.016037e+00  3.240808e-03  9.441813e-01  2.812127e-03  
   2.1658299  1.022898e+00  3.329569e-03  1.022906e+00  3.329794e-03  9.501389e-01  2.886722e-03  
   2.1868300  1.029950e+00  3.422495e-03  1.029959e+00  3.422731e-03  9.562504e-01  2.964575e-03  
   2.2078300  1.037194e+00  3.519687e-03  1.037203e+00  3.519933e-03  9.625211e-01  3.045967e-03  
   2.2278299  1.044277e+00  3.616542e-03  1.044287e+00  3.616799e-03  9.686474e-01  3.127061e-03  
   2.2488301  1.051915e+00  3.723112e-03  1.051926e+00  3.723383e-03  9.752469e-01  3.216298e-03  
   2.2698300  1.059768e+00  3.835093e-03  1.059779e+00  3.835378e-03  9.820241e-01  3.310094e-03  
   2.2908299  1.067844e+00  3.952945e-03  1.067855e+00  3.953246e-03  9.889873e-01  3.408866e-03  
   2.3118300  1.076153e+00  4.077168e-03  1.076164e+00  4.077486e-03  9.961424e-01  3.513069e-03  
   2.3328300  1.084704e+00  4.208311e-03  1.084716e+00  4.208647e-03  1.003498e+00  3.623189e-03  
   2.3528299  1.093083e+00  4.340182e-03  1.093096e+00  4.340537e-03  1.010697e+00  3.734065e-03  
   2.3738301  1.102138e+00  4.486597e-03  1.102152e+00  4.486972e-03  1.018467e+00  3.857349e-03  
   2.3948300  1.111469e+00  4.641840e-03  1.111484e+00  4.642236e-03  1.026464e+00  3.988289e-03  
   2.4158299  1.121089e+00  4.806682e-03  1.121105e+00  4.807102e-03  1.034696e+00  4.127590e-03  
   2.4368300  1.131012e+00  4.981972e-03  1.131028e+00  4.982418e-03  1.043175e+00  4.276021e-03  
   2.4578300  1.141253e+00  5.168643e-03  1.141269e+00  5.169114e-03  1.051913e+00  4.434429e-03  
   2.4778299  1.151315e+00  5.357958e-03  1.151333e+00  5.358458e-03  1.060485e+00  4.595426e-03  
   2.4988301  1.162223e+00  5.569974e-03  1.162242e+00  5.570503e-03  1.069763e+00  4.776120e-03  
   2.5204301  1.173830e+00  5.803572e-03  1.173850e+00  5.804137e-03  1.079616e+00  4.975631e-03  
   2.5404301  1.184946e+00  6.035340e-03  1.184967e+00  6.035936e-03  1.089036e+00  5.173952e-03  
   2.5614300  1.197022e+00  6.296428e-03  1.197044e+00  6.297066e-03  1.099248e+00  5.397706e-03  
   2.5824299  1.209537e+00  6.577762e-03  1.209559e+00  6.578445e-03  1.109809e+00  5.639056e-03  
   2.6034300  1.222520e+00  6.881885e-03  1.222544e+00  6.882617e-03  1.120739e+00  5.900025e-03  
   2.6244299  1.236001e+00  7.211895e-03  1.236026e+00  7.212684e-03  1.132060e+00  6.182990e-03  
   2.6444299  1.249336e+00  7.553819e-03  1.249362e+00  7.554665e-03  1.143229e+00  6.475545e-03  
   2.6654301  1.263894e+00  7.946591e-03  1.263922e+00  7.947505e-03  1.155387e+00  6.810295e-03  
   2.6864300  1.279066e+00  8.380209e-03  1.279094e+00  8.381206e-03  1.168017e+00  7.177525e-03  
   2.7074299  1.294900e+00  8.863101e-03  1.294930e+00  8.864189e-03  1.181153e+00  7.582683e-03  
   2.7284300  1.311451e+00  9.406527e-03  1.311483e+00  9.407720e-03  1.194831e+00  8.032731e-03  
   2.7494299  1.328781e+00  1.002567e-02  1.328815e+00  1.002699e-02  1.209093e+00  8.536642e-03  
   2.7694299  1.346074e+00  1.070455e-02  1.346110e+00  1.070602e-02  1.223262e+00  9.077305e-03  
   2.7904301  1.365135e+00  1.153779e-02  1.365175e+00  1.153944e-02  1.238803e+00  9.723349e-03  
   2.8114300  1.385211e+00  1.253133e-02  1.385252e+00  1.253321e-02  1.255083e+00  1.046905e-02  
   2.8324299  1.406399e+00  1.373558e-02  1.406443e+00  1.373776e-02  1.272165e+00  1.134005e-02  
   2.8534300  1.428809e+00  1.521778e-02  1.428855e+00  1.522036e-02  1.290122e+00  1.236965e-02  
   2.8744299  1.452558e+00  1.706646e-02  1.452608e+00  1.706955e-02  1.309033e+00  1.360084e-02  
   2.8944299  1.476538e+00  1.927271e-02  1.476591e+00  1.927646e-02  1.328008e+00  1.501122e-02  
   2.9154301  1.503267e+00  2.219744e-02  1.503324e+00  2.220210e-02  1.349037e+00  1.680912e-02  
   2.9370301  1.532550e+00  2.604536e-02  1.532612e+00  2.605125e-02  1.371952e+00  1.908891e-02  
   2.9570301  1.561391e+00  3.057760e-02  1.561456e+00  3.058499e-02  1.394426e+00  2.169271e-02  
   2.9780300  1.593554e+00  3.660101e-02  1.593624e+00  3.661043e-02  1.419428e+00  2.506959e-02  
   2.9990301  1.627707e+00  4.423119e-02  1.627782e+00  4.424323e-02  1.445970e+00  2.927012e-02  
   3.0200300  1.663870e+00  5.382923e-02  1.663950e+00  5.384456e-02  1.474143e+00  3.449639e-02  
   3.0410299  1.702002e+00  6.579663e-02  1.702086e+00  6.581605e-02  1.504025e+00  4.098901e-02  
   3.0610299  1.740042e+00  7.979169e-02  1.740131e+00  7.981584e-02  1.534121e+00  4.860650e-02  
   3.0820301  1.781598e+00  9.764311e-02  1.781692e+00  9.767321e-02  1.567452e+00  5.841865e-02  
   3.1030300  1.824507e+00  1.191629e-01  1.824605e+00  1.192000e-01  1.602517e+00  7.044087e-02  
   3.1240301  1.868366e+00  1.447656e-01  1.868468e+00  1.448108e-01  1.639216e+00  8.506243e-02  
   3.1450300  1.912658e+00  1.748085e-01  1.912763e+00  1.748629e-01  1.677366e+00  1.026926e-01  
   3.1660299  1.956777e+00  2.095651e-01  1.956884e+00  2.096296e-01  1.716695e+00  1.237463e-01  
   3.1860299  1.998006e+00  2.471974e-01  1.998113e+00  2.472725e-01  1.754906e+00  1.473460e-01  
   3.2070301  2.039753e+00  2.914959e-01  2.039860e+00  2.915827e-01  1.795361e+00  1.761984e-01  
   3.2280300  2.079171e+00  3.405736e-01  2.079274e+00  3.406726e-01  1.835585e+00  2.095118e-01  
   3.2490301  2.115512e+00  3.941498e-01  2.115612e+00  3.942615e-01  1.874908e+00  2.474864e-01  
   3.2700300  2.148085e+00  4.517840e-01  2.148179e+00  4.519082e-01  1.912578e+00  2.901971e-01  
   3.2910299  2.176295e+00  5.128945e-01  2.176380e+00  5.130309e-01  1.947800e+00  3.375717e-01  
   3.3110299  2.198674e+00  5.736885e-01  2.198752e+00  5.738362e-01  1.978329e+00  3.868099e-01  
   3.3320301  2.217164e+00  6.394984e-01  2.217232e+00  6.396567e-01  2.006469e+00  4.424430e-01  
   3.3536301  2.230682e+00  7.084529e-01  2.230741e+00  7.086215e-01  2.030497e+00  5.032664e-01  
   3.3736300  2.238257e+00  7.726837e-01  2.238304e+00  7.728607e-01  2.047746e+00  5.621504e-01  
   3.3946300  2.241285e+00  8.397861e-01  2.241321e+00  8.399707e-01  2.060269e+00  6.257939e-01  
   3.4156301  2.239600e+00  9.058829e-01  2.239627e+00  9.060746e-01  2.066834e+00  6.903557e-01  
   3.4366300  2.233655e+00  9.704227e-01  2.233671e+00  9.706195e-01  2.067415e+00  7.548321e-01  
   3.4576299  2.223968e+00  1.032996e+00  2.223975e+00  1.033198e+00  2.062213e+00  8.182303e-01  
   3.4776299  2.211768e+00  1.090519e+00  2.211767e+00  1.090725e+00  2.052264e+00  8.767564e-01  
   3.4986300  2.196353e+00  1.148619e+00  2.196343e+00  1.148828e+00  2.037156e+00  9.354792e-01  
   3.5196300  2.178757e+00  1.204349e+00  2.178740e+00  1.204560e+00  2.018030e+00  9.907600e-01  
   3.5406301  2.159405e+00  1.257788e+00  2.159380e+00  1.258000e+00  1.995766e+00  1.042141e+00  
   3.5616300  2.138634e+00  1.309067e+00  2.138604e+00  1.309280e+00  1.971295e+00  1.089376e+00  
   3.5826299  2.116697e+00  1.358344e+00  2.116660e+00  1.358557e+00  1.945551e+00  1.132447e+00  
   3.6026299  2.094875e+00  1.403544e+00  2.094834e+00  1.403756e+00  1.920645e+00  1.169764e+00  
   3.6236300  2.071093e+00  1.449296e+00  2.071048e+00  1.449506e+00  1.894812e+00  1.205408e+00  
   3.6446300  2.046499e+00  1.493356e+00  2.046449e+00  1.493562e+00  1.869905e+00  1.237915e+00  
   3.6656301  2.021159e+00  1.535729e+00  2.021106e+00  1.535931e+00  1.846353e+00  1.267869e+00  
   3.6866300  1.995169e+00  1.576369e+00  1.995114e+00  1.576564e+00  1.824407e+00  1.295875e+00  
   3.7076299  1.968670e+00  1.615189e+00  1.968615e+00  1.615378e+00  1.804139e+00  1.322512e+00  
   3.7276299  1.943148e+00  1.650381e+00  1.943093e+00  1.650561e+00  1.786332e+00  1.347070e+00  
   3.7486300  1.916324e+00  1.685380e+00  1.916271e+00  1.685552e+00  1.769040e+00  1.372382e+00  
   3.7702301  1.889078e+00  1.719250e+00  1.889028e+00  1.719411e+00  1.752518e+00  1.398180e+00  
   3.7902300  1.864558e+00  1.748709e+00  1.864513e+00  1.748861e+00  1.738142e+00  1.421976e+00  
   3.8112299  1.840003e+00  1.777797e+00  1.839965e+00  1.777939e+00  1.723815e+00  1.446879e+00  
   3.8322301  1.817156e+00  1.805233e+00  1.817125e+00  1.805369e+00  1.710166e+00  1.471627e+00  
   3.8532300  1.796499e+00  1.831393e+00  1.796475e+00  1.831522e+00  1.697185e+00  1.496102e+00  
   3.8742299  1.778470e+00  1.856791e+00  1.778455e+00  1.856916e+00  1.684985e+00  1.520192e+00  
   3.8942299  1.764068e+00  1.880861e+00  1.764062e+00  1.880985e+00  1.674291e+00  1.542723e+00  
   3.9152300  1.752073e+00  1.906750e+00  1.752075e+00  1.906877e+00  1.664323e+00  1.565977e+00  
   3.9362299  1.743359e+00  1.934122e+00  1.743370e+00  1.934257e+00  1.656000e+00  1.588979e+00  
   3.9572301  1.737820e+00  1.963919e+00  1.737838e+00  1.964065e+00  1.649689e+00  1.612041e+00  
   3.9782300  1.735133e+00  1.997109e+00  1.735156e+00  1.997270e+00  1.645716e+00  1.635635e+00  
   3.9992299  1.734753e+00  2.034647e+00  1.734778e+00  2.034828e+00  1.644317e+00  1.660391e+00  
   4.0192299  1.735826e+00  2.075257e+00  1.735854e+00  2.075459e+00  1.645469e+00  1.685750e+00  
   4.0402298  1.737508e+00  2.123741e+00  1.737533e+00  2.123971e+00  1.649208e+00  1.715082e+00  
   4.0612302  1.738583e+00  2.178817e+00  1.738602e+00  2.179076e+00  1.655251e+00  1.748108e+00  
   4.0822301  1.737694e+00  2.240878e+00  1.737703e+00  2.241166e+00  1.663063e+00  1.785775e+00  
   4.1032300  1.733359e+00  2.310067e+00  1.733356e+00  2.310386e+00  1.671853e+00  1.828994e+00  
   4.1242299  1.724033e+00  2.386251e+00  1.724012e+00  2.386600e+00  1.680577e+00  1.878574e+00  
   4.1442299  1.709087e+00  2.464920e+00  1.709047e+00  2.465293e+00  1.687646e+00  1.932297e+00  
   4.1652298  1.685590e+00  2.553252e+00  1.685526e+00  2.553648e+00  1.692330e+00  1.995939e+00  
   4.1868300  1.651648e+00  2.649203e+00  1.651555e+00  2.649616e+00  1.692494e+00  2.069276e+00  
   4.2068300  1.610250e+00  2.741490e+00  1.610130e+00  2.741913e+00  1.686781e+00  2.144120e+00  
   4.2278299  1.555505e+00  2.840537e+00  1.555352e+00  2.840964e+00  1.672963e+00  2.229343e+00  
   4.2488298  1.488485e+00  2.940184e+00  1.488298e+00  2.940605e+00  1.649418e+00  2.320425e+00  
   4.2698302  1.408735e+00  3.038681e+00  1.408513e+00  3.039089e+00  1.614555e+00  2.416019e+00  
   4.2908301  1.316101e+00  3.134188e+00  1.315844e+00  3.134577e+00  1.567035e+00  2.514392e+00  
   4.3108301  1.216027e+00  3.220670e+00  1.215737e+00  3.221031e+00  1.509104e+00  2.608791e+00  
   4.3318300  1.098920e+00  3.304985e+00  1.098597e+00  3.305312e+00  1.434430e+00  2.706434e+00  
   4.3528299  9.701986e-01  3.380869e+00  9.698437e-01  3.381158e+00  1.345505e+00  2.800135e+00  
   4.3738298  8.308470e-01  3.446591e+00  8.304619e-01  3.446837e+00  1.242804e+00  2.887369e+00  
   4.3948302  6.821032e-01  3.500532e+00  6.816906e-01  3.500734e+00  1.127344e+00  2.965684e+00  
   4.4158301  5.254537e-01  3.541218e+00  5.250171e-01  3.541374e+00  1.000676e+00  3.032824e+00  
   4.4358301  3.704619e-01  3.566463e+00  3.700058e-01  3.566576e+00  8.714537e-01  3.084608e+00  
   4.4568300  2.034442e-01  3.577757e+00  2.029716e-01  3.577826e+00  7.290328e-01  3.124753e+00  
   4.4778299  3.406962e-02  3.572662e+00  3.358566e-02  3.572689e+00  5.822915e-01  3.149309e+00  
   4.4988298  -1.354699e-01  3.550653e+00  -1.359606e-01  3.550643e+00  4.339722e-01  3.157794e+00  
   4.5198302  -3.028917e-01  3.511551e+00  -3.033837e-01  3.511506e+00  2.867949e-01  3.150269e+00  
   4.5408301  -4.658583e-01  3.455553e+00  -4.663461e-01  3.455477e+00  1.433394e-01  3.127332e+00  
   4.5608301  -6.148133e-01  3.387063e+00  -6.152916e-01  3.386962e+00  1.228467e-02  3.092129e+00  
   4.5818300  -7.625185e-01  3.300206e+00  -7.629820e-01  3.300083e+00  -1.175929e-01  3.042528e+00  
   4.6034298  -9.030274e-01  3.196387e+00  -9.034700e-01  3.196245e+00  -2.413179e-01  2.979798e+00  
   4.6234298  -1.021126e+00  3.088865e+00  -1.021546e+00  3.088707e+00  -3.459195e-01  2.912917e+00  
   4.6444302  -1.131295e+00  2.966265e+00  -1.131686e+00  2.966097e+00  -4.447872e-01  2.835513e+00  
   4.6654301  -1.226247e+00  2.836113e+00  -1.226608e+00  2.835936e+00  -5.321478e-01  2.752702e+00  
   4.6864300  -1.305385e+00  2.700984e+00  -1.305713e+00  2.700802e+00  -6.080763e-01  2.666360e+00  
   4.7074299  -1.368586e+00  2.563514e+00  -1.368881e+00  2.563329e+00  -6.729370e-01  2.578217e+00  
   4.7274299  -1.414284e+00  2.432760e+00  -1.414547e+00  2.432575e+00  -7.249553e-01  2.494003e+00  
   4.7484298  -1.447803e+00  2.297941e+00  -1.448035e+00  2.297758e+00  -7.700461e-01  2.406571e+00  
   4.7694302  -1.467650e+00  2.167733e+00  -1.467852e+00  2.167552e+00  -8.062077e-01  2.321244e+00  
   4.7904301  -1.475272e+00  2.043904e+00  -1.475447e+00  2.043727e+00  -8.343337e-01  2.238923e+00  
   4.8114300  -1.472313e+00  1.927817e+00  -1.472463e+00  1.927645e+00  -8.553334e-01  2.160295e+00  
   4.8324299  -1.460511e+00  1.820426e+00  -1.460640e+00  1.820260e+00  -8.700994e-01  2.085867e+00  
   4.8524299  -1.442641e+00  1.726748e+00  -1.442754e+00  1.726586e+00  -8.791493e-01  2.019198e+00  
   4.8734298  -1.418512e+00  1.637609e+00  -1.418609e+00  1.637454e+00  -8.841594e-01  1.953809e+00  
   4.8944302  -1.390388e+00  1.557824e+00  -1.390472e+00  1.557673e+00  -8.852999e-01  1.893217e+00  
   4.9154301  -1.359617e+00  1.487055e+00  -1.359692e+00  1.486909e+00  -8.832467e-01  1.837395e+00  
   4.9364300  -1.327350e+00  1.424780e+00  -1.327417e+00  1.424638e+00  -8.786083e-01  1.786225e+00  
   4.9574299  -1.294534e+00  1.370357e+00  -1.294595e+00  1.370218e+00  -8.719230e-01  1.739525e+00  
   4.9774299  -1.263458e+00  1.325178e+00  -1.263514e+00  1.325042e+00  -8.640844e-01  1.698997e+00  
   4.9984298  -1.231567e+00  1.284019e+00  -1.231619e+00  1.283885e+00  -8.546990e-01  1.660329e+00  
