w Re-xx Im-xx Re-yy Im-yy Re-zz Im-zz
# Gaussian absolute broadening  0.15 [eV]
   0.0000000  7.679620e-01  8.828766e-05  7.679563e-01  8.828975e-05  7.228794e-01  7.865120e-05  
   0.0200000  7.680618e-01  9.448970e-05  7.680564e-01  9.449209e-05  7.229681e-01  8.417411e-05  
   0.0410000  7.681807e-01  1.015571e-04  7.681751e-01  1.015598e-04  7.230738e-01  9.046731e-05  
   0.0620000  7.683160e-01  1.092295e-04  7.683102e-01  1.092326e-04  7.231942e-01  9.729893e-05  
   0.0830000  7.684693e-01  1.175408e-04  7.684637e-01  1.175443e-04  7.233311e-01  1.046990e-04  
   0.1040000  7.686435e-01  1.265203e-04  7.686381e-01  1.265243e-04  7.234863e-01  1.126936e-04  
   0.1240000  7.688302e-01  1.357148e-04  7.688245e-01  1.357192e-04  7.236524e-01  1.208790e-04  
   0.1450000  7.690508e-01  1.460588e-04  7.690451e-01  1.460636e-04  7.238489e-01  1.300871e-04  
   0.1660000  7.692981e-01  1.571159e-04  7.692924e-01  1.571212e-04  7.240694e-01  1.399292e-04  
   0.1870000  7.695747e-01  1.688827e-04  7.695692e-01  1.688884e-04  7.243158e-01  1.504019e-04  
   0.2080000  7.698826e-01  1.813445e-04  7.698771e-01  1.813507e-04  7.245897e-01  1.614921e-04  
   0.2290000  7.702234e-01  1.944763e-04  7.702178e-01  1.944828e-04  7.248932e-01  1.731772e-04  
   0.2490000  7.705801e-01  2.075734e-04  7.705746e-01  2.075803e-04  7.252108e-01  1.848300e-04  
   0.2700000  7.709895e-01  2.219037e-04  7.709840e-01  2.219110e-04  7.255755e-01  1.975783e-04  
   0.2910000  7.714360e-01  2.367774e-04  7.714304e-01  2.367850e-04  7.259727e-01  2.108077e-04  
   0.3120000  7.719199e-01  2.521406e-04  7.719143e-01  2.521487e-04  7.264037e-01  2.244703e-04  
   0.3330000  7.724419e-01  2.679384e-04  7.724364e-01  2.679470e-04  7.268683e-01  2.385168e-04  
   0.3540000  7.730024e-01  2.841175e-04  7.729970e-01  2.841265e-04  7.273673e-01  2.528996e-04  
   0.3740000  7.735720e-01  2.998352e-04  7.735665e-01  2.998447e-04  7.278743e-01  2.668689e-04  
   0.3950000  7.742077e-01  3.166204e-04  7.742020e-01  3.166306e-04  7.284400e-01  2.817839e-04  
   0.4160000  7.748815e-01  3.336568e-04  7.748761e-01  3.336676e-04  7.290395e-01  2.969182e-04  
   0.4374300  7.756093e-01  3.512688e-04  7.756040e-01  3.512805e-04  7.296873e-01  3.125598e-04  
   0.4574300  7.763240e-01  3.678899e-04  7.763186e-01  3.679024e-04  7.303232e-01  3.273172e-04  
   0.4784300  7.771118e-01  3.855161e-04  7.771065e-01  3.855296e-04  7.310241e-01  3.429629e-04  
   0.4994300  7.779378e-01  4.033088e-04  7.779325e-01  4.033234e-04  7.317588e-01  3.587515e-04  
   0.5204300  7.788023e-01  4.212609e-04  7.787968e-01  4.212765e-04  7.325274e-01  3.746765e-04  
   0.5414300  7.797046e-01  4.393687e-04  7.796993e-01  4.393853e-04  7.333301e-01  3.907346e-04  
   0.5614300  7.806000e-01  4.567589e-04  7.805948e-01  4.567765e-04  7.341266e-01  4.061513e-04  
   0.5824300  7.815782e-01  4.751723e-04  7.815732e-01  4.751908e-04  7.349963e-01  4.224695e-04  
   0.6034300  7.825953e-01  4.937463e-04  7.825902e-01  4.937658e-04  7.359005e-01  4.389242e-04  
   0.6244300  7.836520e-01  5.124865e-04  7.836468e-01  5.125066e-04  7.368396e-01  4.555201e-04  
   0.6454300  7.847481e-01  5.313982e-04  7.847431e-01  5.314188e-04  7.378139e-01  4.722615e-04  
   0.6664300  7.858845e-01  5.504871e-04  7.858794e-01  5.505082e-04  7.388236e-01  4.891530e-04  
   0.6864300  7.870038e-01  5.688380e-04  7.869987e-01  5.688594e-04  7.398181e-01  5.053855e-04  
   0.7074300  7.882189e-01  5.882931e-04  7.882140e-01  5.883149e-04  7.408977e-01  5.225873e-04  
   0.7284300  7.894751e-01  6.079461e-04  7.894701e-01  6.079680e-04  7.420134e-01  5.399570e-04  
   0.7494300  7.907730e-01  6.278050e-04  7.907681e-01  6.278270e-04  7.431660e-01  5.575003e-04  
   0.7704300  7.921124e-01  6.478765e-04  7.921075e-01  6.478987e-04  7.443556e-01  5.752238e-04  
   0.7914300  7.934946e-01  6.681698e-04  7.934898e-01  6.681922e-04  7.455826e-01  5.931344e-04  
   0.8114300  7.948502e-01  6.877094e-04  7.948454e-01  6.877320e-04  7.467858e-01  6.103717e-04  
   0.8324300  7.963160e-01  7.084588e-04  7.963114e-01  7.084818e-04  7.480866e-01  6.286672e-04  
   0.8540300  7.978695e-01  7.300588e-04  7.978650e-01  7.300823e-04  7.494652e-01  6.477031e-04  
   0.8740300  7.993497e-01  7.503004e-04  7.993454e-01  7.503244e-04  7.507783e-01  6.655322e-04  
   0.8950300  8.009478e-01  7.718138e-04  8.009433e-01  7.718386e-04  7.521957e-01  6.844713e-04  
   0.9160300  8.025913e-01  7.936033e-04  8.025867e-01  7.936289e-04  7.536530e-01  7.036431e-04  
   0.9370300  8.042806e-01  8.156791e-04  8.042762e-01  8.157059e-04  7.551507e-01  7.230559e-04  
   0.9580300  8.060168e-01  8.380521e-04  8.060124e-01  8.380801e-04  7.566893e-01  7.427183e-04  
   0.9780300  8.077143e-01  8.596467e-04  8.077101e-01  8.596757e-04  7.581937e-01  7.616857e-04  
   0.9990300  8.095436e-01  8.826323e-04  8.095394e-01  8.826624e-04  7.598145e-01  7.818634e-04  
   1.0200300  8.114215e-01  9.059489e-04  8.114172e-01  9.059801e-04  7.614776e-01  8.023193e-04  
   1.0410300  8.133487e-01  9.296087e-04  8.133447e-01  9.296405e-04  7.631844e-01  8.230630e-04  
   1.0620300  8.153266e-01  9.536229e-04  8.153225e-01  9.536555e-04  7.649353e-01  8.441044e-04  
   1.0830300  8.173550e-01  9.780050e-04  8.173512e-01  9.780382e-04  7.667304e-01  8.654543e-04  
   1.1030300  8.193349e-01  1.001579e-03  8.193309e-01  1.001612e-03  7.684820e-01  8.860832e-04  
   1.1240300  8.214648e-01  1.026714e-03  8.214613e-01  1.026748e-03  7.703663e-01  9.080658e-04  
   1.1450300  8.236480e-01  1.052256e-03  8.236443e-01  1.052290e-03  7.722970e-01  9.303881e-04  
   1.1660300  8.258853e-01  1.078218e-03  8.258817e-01  1.078251e-03  7.742748e-01  9.530620e-04  
   1.1870300  8.281776e-01  1.104615e-03  8.281741e-01  1.104647e-03  7.763008e-01  9.760997e-04  
   1.2080300  8.305256e-01  1.131461e-03  8.305222e-01  1.131493e-03  7.783754e-01  9.995140e-04  
   1.2280300  8.328142e-01  1.157461e-03  8.328109e-01  1.157492e-03  7.803968e-01  1.022174e-03  
   1.2490300  8.352737e-01  1.185231e-03  8.352704e-01  1.185262e-03  7.825685e-01  1.046360e-03  
   1.2706300  8.378651e-01  1.214316e-03  8.378621e-01  1.214347e-03  7.848560e-01  1.071672e-03  
   1.2906300  8.403208e-01  1.241734e-03  8.403178e-01  1.241764e-03  7.870226e-01  1.095515e-03  
   1.3116300  8.429588e-01  1.271047e-03  8.429559e-01  1.271077e-03  7.893499e-01  1.120987e-03  
   1.3326300  8.456588e-01  1.300915e-03  8.456560e-01  1.300946e-03  7.917305e-01  1.146921e-03  
   1.3536299  8.484219e-01  1.331359e-03  8.484192e-01  1.331391e-03  7.941663e-01  1.173335e-03  
   1.3746300  8.512496e-01  1.362401e-03  8.512472e-01  1.362435e-03  7.966580e-01  1.200246e-03  
   1.3946300  8.540044e-01  1.392543e-03  8.540019e-01  1.392578e-03  7.990843e-01  1.226355e-03  
   1.4156300  8.569624e-01  1.424820e-03  8.569600e-01  1.424857e-03  8.016888e-01  1.254291e-03  
   1.4366300  8.599887e-01  1.457764e-03  8.599864e-01  1.457804e-03  8.043524e-01  1.282780e-03  
   1.4576300  8.630855e-01  1.491400e-03  8.630834e-01  1.491444e-03  8.070769e-01  1.311844e-03  
   1.4786299  8.662537e-01  1.525756e-03  8.662518e-01  1.525803e-03  8.098630e-01  1.341503e-03  
   1.4996300  8.694952e-01  1.560857e-03  8.694935e-01  1.560908e-03  8.127125e-01  1.371778e-03  
   1.5196300  8.726511e-01  1.595005e-03  8.726494e-01  1.595059e-03  8.154857e-01  1.401206e-03  
   1.5406300  8.760395e-01  1.631644e-03  8.760379e-01  1.631703e-03  8.184617e-01  1.432752e-03  
   1.5616300  8.795058e-01  1.669116e-03  8.795043e-01  1.669178e-03  8.215047e-01  1.464986e-03  
   1.5826300  8.830513e-01  1.707452e-03  8.830501e-01  1.707518e-03  8.246161e-01  1.497933e-03  
   1.6036299  8.866785e-01  1.746685e-03  8.866775e-01  1.746757e-03  8.277971e-01  1.531619e-03  
   1.6246300  8.903888e-01  1.786854e-03  8.903880e-01  1.786931e-03  8.310501e-01  1.566074e-03  
   1.6446300  8.940011e-01  1.826013e-03  8.940004e-01  1.826092e-03  8.342155e-01  1.599631e-03  
   1.6656300  8.978793e-01  1.868114e-03  8.978789e-01  1.868198e-03  8.376120e-01  1.635674e-03  
   1.6872300  9.019620e-01  1.912516e-03  9.019617e-01  1.912604e-03  8.411858e-01  1.673651e-03  
   1.7072300  9.058282e-01  1.954662e-03  9.058282e-01  1.954754e-03  8.445682e-01  1.709662e-03  
   1.7282300  9.099797e-01  2.000032e-03  9.099801e-01  2.000127e-03  8.481985e-01  1.748390e-03  
   1.7492300  9.142281e-01  2.046592e-03  9.142284e-01  2.046693e-03  8.519108e-01  1.788095e-03  
   1.7702301  9.185746e-01  2.094396e-03  9.185751e-01  2.094501e-03  8.557074e-01  1.828821e-03  
   1.7912300  9.230233e-01  2.143504e-03  9.230241e-01  2.143612e-03  8.595909e-01  1.870614e-03  
   1.8112299  9.273577e-01  2.191536e-03  9.273585e-01  2.191649e-03  8.633721e-01  1.911456e-03  
   1.8322300  9.320133e-01  2.243359e-03  9.320145e-01  2.243477e-03  8.674314e-01  1.955478e-03  
   1.8532300  9.367797e-01  2.296671e-03  9.367810e-01  2.296793e-03  8.715845e-01  2.000724e-03  
   1.8742300  9.416600e-01  2.351547e-03  9.416619e-01  2.351673e-03  8.758342e-01  2.047253e-03  
   1.8952301  9.466574e-01  2.408062e-03  9.466592e-01  2.408193e-03  8.801828e-01  2.095130e-03  
   1.9162300  9.517756e-01  2.466301e-03  9.517778e-01  2.466436e-03  8.846333e-01  2.144423e-03  
   1.9362299  9.567643e-01  2.523452e-03  9.567668e-01  2.523593e-03  8.889688e-01  2.192755e-03  
   1.9572300  9.621275e-01  2.585327e-03  9.621302e-01  2.585473e-03  8.936264e-01  2.245038e-03  
   1.9782300  9.676228e-01  2.649219e-03  9.676256e-01  2.649371e-03  8.983952e-01  2.298980e-03  
   1.9992300  9.732531e-01  2.715246e-03  9.732563e-01  2.715404e-03  9.032776e-01  2.354681e-03  
   2.0202301  9.790239e-01  2.783540e-03  9.790275e-01  2.783704e-03  9.082774e-01  2.412251e-03  
   2.0412300  9.849389e-01  2.854242e-03  9.849429e-01  2.854412e-03  9.133985e-01  2.471809e-03  
   2.0612299  9.907102e-01  2.923961e-03  9.907146e-01  2.924138e-03  9.183915e-01  2.530503e-03  
   2.0822301  9.969211e-01  2.999840e-03  9.969257e-01  3.000024e-03  9.237599e-01  2.594349e-03  
   2.1038301  1.003476e+00  3.080945e-03  1.003481e+00  3.081138e-03  9.294214e-01  2.662563e-03  
   2.1238301  1.009701e+00  3.159008e-03  1.009707e+00  3.159210e-03  9.347926e-01  2.728199e-03  
   2.1448300  1.016405e+00  3.244274e-03  1.016411e+00  3.244485e-03  9.405718e-01  2.799881e-03  
   2.1658299  1.023286e+00  3.333176e-03  1.023292e+00  3.333398e-03  9.464983e-01  2.874622e-03  
   2.1868300  1.030351e+00  3.426008e-03  1.030358e+00  3.426242e-03  9.525779e-01  2.952681e-03  
   2.2078300  1.037608e+00  3.523083e-03  1.037615e+00  3.523330e-03  9.588156e-01  3.034337e-03  
   2.2278299  1.044704e+00  3.619803e-03  1.044711e+00  3.620064e-03  9.649093e-01  3.115734e-03  
   2.2488301  1.052356e+00  3.726206e-03  1.052364e+00  3.726480e-03  9.714737e-01  3.205336e-03  
   2.2698300  1.060223e+00  3.837979e-03  1.060232e+00  3.838273e-03  9.782150e-01  3.299536e-03  
   2.2908299  1.068314e+00  3.955588e-03  1.068323e+00  3.955897e-03  9.851411e-01  3.398738e-03  
   2.3118300  1.076639e+00  4.079524e-03  1.076649e+00  4.079852e-03  9.922580e-01  3.503379e-03  
   2.3328300  1.085206e+00  4.210327e-03  1.085217e+00  4.210677e-03  9.995741e-01  3.613933e-03  
   2.3528299  1.093601e+00  4.341827e-03  1.093613e+00  4.342196e-03  1.006734e+00  3.725201e-03  
   2.3738301  1.102676e+00  4.487790e-03  1.102687e+00  4.488180e-03  1.014462e+00  3.848847e-03  
   2.3948300  1.112026e+00  4.642515e-03  1.112038e+00  4.642933e-03  1.022415e+00  3.980091e-03  
   2.4158299  1.121666e+00  4.806771e-03  1.121679e+00  4.807211e-03  1.030602e+00  4.119612e-03  
   2.4368300  1.131609e+00  4.981389e-03  1.131623e+00  4.981857e-03  1.039035e+00  4.268168e-03  
   2.4578300  1.141871e+00  5.167292e-03  1.141886e+00  5.167789e-03  1.047724e+00  4.426592e-03  
   2.4778299  1.151956e+00  5.355766e-03  1.151971e+00  5.356295e-03  1.056249e+00  4.587497e-03  
   2.4988301  1.162889e+00  5.566767e-03  1.162905e+00  5.567328e-03  1.065476e+00  4.767978e-03  
   2.5204301  1.174521e+00  5.799134e-03  1.174539e+00  5.799734e-03  1.075275e+00  4.967159e-03  
   2.5404301  1.185664e+00  6.029546e-03  1.185682e+00  6.030187e-03  1.084643e+00  5.165083e-03  
   2.5614300  1.197769e+00  6.288948e-03  1.197788e+00  6.289638e-03  1.094799e+00  5.388364e-03  
   2.5824299  1.210314e+00  6.568257e-03  1.210334e+00  6.568999e-03  1.105303e+00  5.629226e-03  
   2.6034300  1.223330e+00  6.869948e-03  1.223351e+00  6.870747e-03  1.116174e+00  5.889754e-03  
   2.6244299  1.236846e+00  7.197049e-03  1.236868e+00  7.197914e-03  1.127436e+00  6.172411e-03  
   2.6444299  1.250216e+00  7.535686e-03  1.250240e+00  7.536619e-03  1.138546e+00  6.464900e-03  
   2.6654301  1.264815e+00  7.924410e-03  1.264840e+00  7.925422e-03  1.150641e+00  6.799956e-03  
   2.6864300  1.280029e+00  8.353312e-03  1.280056e+00  8.354416e-03  1.163207e+00  7.168039e-03  
   2.7074299  1.295910e+00  8.830789e-03  1.295938e+00  8.831996e-03  1.176276e+00  7.574807e-03  
   2.7284300  1.312511e+00  9.368093e-03  1.312541e+00  9.369418e-03  1.189887e+00  8.027462e-03  
   2.7494299  1.329895e+00  9.980454e-03  1.329927e+00  9.981914e-03  1.204079e+00  8.535281e-03  
   2.7694299  1.347246e+00  1.065234e-02  1.347279e+00  1.065396e-02  1.218178e+00  9.081177e-03  
   2.7904301  1.366372e+00  1.147786e-02  1.366409e+00  1.147968e-02  1.233645e+00  9.734681e-03  
   2.8114300  1.386520e+00  1.246359e-02  1.386559e+00  1.246567e-02  1.249845e+00  1.049029e-02  
   2.8324299  1.407788e+00  1.366041e-02  1.407829e+00  1.366282e-02  1.266844e+00  1.137413e-02  
   2.8534300  1.430286e+00  1.513621e-02  1.430329e+00  1.513906e-02  1.284712e+00  1.241998e-02  
   2.8744299  1.454133e+00  1.698044e-02  1.454180e+00  1.698388e-02  1.303526e+00  1.367132e-02  
   2.8944299  1.478215e+00  1.918541e-02  1.478265e+00  1.918958e-02  1.322401e+00  1.510486e-02  
   2.9154301  1.505062e+00  2.211343e-02  1.505116e+00  2.211861e-02  1.343312e+00  1.693144e-02  
   2.9370301  1.534479e+00  2.597174e-02  1.534537e+00  2.597829e-02  1.366088e+00  1.924528e-02  
   2.9570301  1.563453e+00  3.052218e-02  1.563515e+00  3.053039e-02  1.388415e+00  2.188419e-02  
   2.9780300  1.595766e+00  3.657630e-02  1.595833e+00  3.658674e-02  1.413237e+00  2.530051e-02  
   2.9990301  1.630078e+00  4.425217e-02  1.630149e+00  4.426543e-02  1.439565e+00  2.954115e-02  
   3.0200300  1.666405e+00  5.391424e-02  1.666481e+00  5.393104e-02  1.467485e+00  3.480526e-02  
   3.0410299  1.704702e+00  6.596763e-02  1.704783e+00  6.598877e-02  1.497066e+00  4.132934e-02  
   3.0610299  1.742896e+00  8.006834e-02  1.742981e+00  8.009444e-02  1.526822e+00  4.896606e-02  
   3.0820301  1.784603e+00  9.805893e-02  1.784693e+00  9.809120e-02  1.559732e+00  5.878098e-02  
   3.1030300  1.827648e+00  1.197502e-01  1.827741e+00  1.197896e-01  1.594305e+00  7.078073e-02  
   3.1240301  1.871614e+00  1.455598e-01  1.871711e+00  1.456074e-01  1.630433e+00  8.534632e-02  
   3.1450300  1.915979e+00  1.758480e-01  1.916077e+00  1.759045e-01  1.667929e+00  1.028782e-01  
   3.1660299  1.960125e+00  2.108906e-01  1.960224e+00  2.109569e-01  1.706521e+00  1.237824e-01  
   3.1860299  2.001328e+00  2.488355e-01  2.001428e+00  2.489117e-01  1.743955e+00  1.471845e-01  
   3.2070301  2.042989e+00  2.935066e-01  2.043087e+00  2.935934e-01  1.783523e+00  1.757646e-01  
   3.2280300  2.082250e+00  3.430043e-01  2.082344e+00  3.431017e-01  1.822801e+00  2.087339e-01  
   3.2490301  2.118359e+00  3.970499e-01  2.118448e+00  3.971578e-01  1.861137e+00  2.462893e-01  
   3.2700300  2.150624e+00  4.552040e-01  2.150705e+00  4.553219e-01  1.897803e+00  2.885052e-01  
   3.2910299  2.178448e+00  5.168860e-01  2.178520e+00  5.170130e-01  1.932036e+00  3.353115e-01  
   3.3110299  2.200393e+00  5.782725e-01  2.200455e+00  5.784071e-01  1.961665e+00  3.839460e-01  
   3.3320301  2.218363e+00  6.447530e-01  2.218414e+00  6.448944e-01  1.988937e+00  4.388873e-01  
   3.3536301  2.231290e+00  7.144457e-01  2.231328e+00  7.145928e-01  2.012195e+00  4.989494e-01  
   3.3736300  2.238276e+00  7.793978e-01  2.238303e+00  7.795486e-01  2.028874e+00  5.570970e-01  
   3.3946300  2.240665e+00  8.472893e-01  2.240678e+00  8.474429e-01  2.040973e+00  6.199496e-01  
   3.4156301  2.238335e+00  9.141960e-01  2.238335e+00  9.143517e-01  2.047319e+00  6.837178e-01  
   3.4366300  2.231757e+00  9.795538e-01  2.231744e+00  9.797099e-01  2.047903e+00  7.474144e-01  
   3.4576299  2.221469e+00  1.042937e+00  2.221444e+00  1.043093e+00  2.042933e+00  8.100607e-01  
   3.4776299  2.208746e+00  1.101207e+00  2.208709e+00  1.101364e+00  2.033414e+00  8.679075e-01  
   3.4986300  2.192846e+00  1.160049e+00  2.192798e+00  1.160205e+00  2.018969e+00  9.259642e-01  
   3.5196300  2.174845e+00  1.216461e+00  2.174786e+00  1.216617e+00  2.000699e+00  9.806307e-01  
   3.5406301  2.155176e+00  1.270503e+00  2.155108e+00  1.270659e+00  1.979455e+00  1.031449e+00  
   3.5616300  2.134178e+00  1.322293e+00  2.134102e+00  1.322450e+00  1.956135e+00  1.078171e+00  
   3.5826299  2.112101e+00  1.371976e+00  2.112017e+00  1.372135e+00  1.931633e+00  1.120768e+00  
   3.6026299  2.090218e+00  1.417461e+00  2.090128e+00  1.417621e+00  1.907957e+00  1.157666e+00  
   3.6236300  2.066431e+00  1.463400e+00  2.066336e+00  1.463562e+00  1.883429e+00  1.192895e+00  
   3.6446300  2.041867e+00  1.507536e+00  2.041768e+00  1.507698e+00  1.859800e+00  1.225006e+00  
   3.6656301  2.016566e+00  1.549881e+00  2.016464e+00  1.550045e+00  1.837467e+00  1.254584e+00  
   3.6866300  1.990583e+00  1.590400e+00  1.990481e+00  1.590564e+00  1.816652e+00  1.282236e+00  
   3.7076299  1.964025e+00  1.629022e+00  1.963924e+00  1.629186e+00  1.797405e+00  1.308555e+00  
   3.7276299  1.938344e+00  1.663969e+00  1.938246e+00  1.664130e+00  1.780454e+00  1.332857e+00  
   3.7486300  1.911210e+00  1.698667e+00  1.911116e+00  1.698827e+00  1.763930e+00  1.357968e+00  
   3.7702301  1.883456e+00  1.732193e+00  1.883368e+00  1.732351e+00  1.748060e+00  1.383659e+00  
   3.7902300  1.858272e+00  1.761313e+00  1.858191e+00  1.761467e+00  1.734167e+00  1.407465e+00  
   3.8112299  1.832806e+00  1.790021e+00  1.832735e+00  1.790173e+00  1.720236e+00  1.432513e+00  
   3.8322301  1.808830e+00  1.817049e+00  1.808768e+00  1.817198e+00  1.706885e+00  1.457553e+00  
   3.8532300  1.786845e+00  1.842755e+00  1.786793e+00  1.842902e+00  1.694128e+00  1.482476e+00  
   3.8742299  1.767323e+00  1.867632e+00  1.767281e+00  1.867778e+00  1.682101e+00  1.507167e+00  
   3.8942299  1.751391e+00  1.891120e+00  1.751358e+00  1.891267e+00  1.671542e+00  1.530397e+00  
   3.9152300  1.737732e+00  1.916277e+00  1.737709e+00  1.916427e+00  1.661705e+00  1.554501e+00  
   3.9362299  1.727366e+00  1.942768e+00  1.727350e+00  1.942923e+00  1.653515e+00  1.578444e+00  
   3.9572301  1.720251e+00  1.971512e+00  1.720242e+00  1.971675e+00  1.647344e+00  1.602513e+00  
   3.9782300  1.716135e+00  2.003464e+00  1.716130e+00  2.003637e+00  1.643514e+00  1.627150e+00  
   3.9992299  1.714526e+00  2.039577e+00  1.714525e+00  2.039764e+00  1.642249e+00  1.652962e+00  
   4.0192299  1.714658e+00  2.078669e+00  1.714658e+00  2.078870e+00  1.643500e+00  1.679320e+00  
   4.0402298  1.715616e+00  2.125416e+00  1.715615e+00  2.125636e+00  1.647286e+00  1.709684e+00  
   4.0612302  1.716251e+00  2.178648e+00  1.716245e+00  2.178886e+00  1.653284e+00  1.743715e+00  
   4.0822301  1.715197e+00  2.238808e+00  1.715185e+00  2.239065e+00  1.660922e+00  1.782363e+00  
   4.1032300  1.710954e+00  2.306102e+00  1.710933e+00  2.306376e+00  1.669376e+00  1.826540e+00  
   4.1242299  1.701945e+00  2.380459e+00  1.701913e+00  2.380751e+00  1.677572e+00  1.877054e+00  
   4.1442299  1.687479e+00  2.457508e+00  1.687432e+00  2.457814e+00  1.683940e+00  1.931641e+00  
   4.1652298  1.664634e+00  2.544325e+00  1.664569e+00  2.544641e+00  1.687673e+00  1.996162e+00  
   4.1868300  1.631490e+00  2.638969e+00  1.631403e+00  2.639292e+00  1.686639e+00  2.070351e+00  
   4.2068300  1.590921e+00  2.730305e+00  1.590811e+00  2.730631e+00  1.679635e+00  2.145919e+00  
   4.2278299  1.537124e+00  2.828657e+00  1.536986e+00  2.828979e+00  1.664314e+00  2.231802e+00  
   4.2488298  1.471126e+00  2.927923e+00  1.470958e+00  2.928238e+00  1.639167e+00  2.323408e+00  
   4.2698302  1.392477e+00  3.026357e+00  1.392276e+00  3.026659e+00  1.602666e+00  2.419351e+00  
   4.2908301  1.301033e+00  3.122106e+00  1.300798e+00  3.122391e+00  1.553545e+00  2.517866e+00  
   4.3108301  1.202189e+00  3.209077e+00  1.201921e+00  3.209343e+00  1.494188e+00  2.612181e+00  
   4.3318300  1.086490e+00  3.294148e+00  1.086186e+00  3.294391e+00  1.418195e+00  2.709491e+00  
   4.3528299  9.593024e-01  3.370998e+00  9.589618e-01  3.371218e+00  1.328197e+00  2.802598e+00  
   4.3738298  8.216087e-01  3.437853e+00  8.212330e-01  3.438049e+00  1.224723e+00  2.888994e+00  
   4.3948302  6.746349e-01  3.493046e+00  6.742260e-01  3.493219e+00  1.108834e+00  2.966252e+00  
   4.4158301  5.198411e-01  3.535055e+00  5.194011e-01  3.535206e+00  9.821123e-01  3.032160e+00  
   4.4358301  3.666598e-01  3.561580e+00  3.661927e-01  3.561712e+00  8.531964e-01  3.082655e+00  
   4.4568300  2.015399e-01  3.574190e+00  2.010479e-01  3.574306e+00  7.114720e-01  3.121387e+00  
   4.4778299  3.400321e-02  3.570336e+00  3.349033e-02  3.570434e+00  5.657933e-01  3.144543e+00  
   4.4988298  -1.338188e-01  3.549445e+00  -1.343483e-01  3.549531e+00  4.188696e-01  3.151705e+00  
   4.5198302  -2.997001e-01  3.511295e+00  -3.002417e-01  3.511371e+00  2.733757e-01  3.143008e+00  
   4.5408301  -4.613526e-01  3.456052e+00  -4.619020e-01  3.456119e+00  1.318312e-01  3.119112e+00  
   4.5608301  -6.092991e-01  3.388074e+00  -6.098527e-01  3.388133e+00  2.743458e-03  3.083246e+00  
   4.5818300  -7.562217e-01  3.301528e+00  -7.567764e-01  3.301578e+00  -1.249910e-01  3.033246e+00  
   4.6034298  -8.962246e-01  3.197782e+00  -8.967777e-01  3.197824e+00  -2.465186e-01  2.970460e+00  
   4.6234298  -1.014114e+00  3.090125e+00  -1.014663e+00  3.090158e+00  -3.491739e-01  2.903860e+00  
   4.6444302  -1.124304e+00  2.967199e+00  -1.124849e+00  2.967221e+00  -4.461727e-01  2.827097e+00  
   4.6654301  -1.219489e+00  2.836570e+00  -1.220030e+00  2.836581e+00  -5.319190e-01  2.745269e+00  
   4.6864300  -1.299025e+00  2.700863e+00  -1.299561e+00  2.700860e+00  -6.065508e-01  2.660226e+00  
   4.7074299  -1.362746e+00  2.562762e+00  -1.363277e+00  2.562743e+00  -6.704771e-01  2.573661e+00  
   4.7274299  -1.409007e+00  2.431403e+00  -1.409535e+00  2.431367e+00  -7.219627e-01  2.491168e+00  
   4.7484298  -1.443152e+00  2.295988e+00  -1.443676e+00  2.295933e+00  -7.668695e-01  2.405722e+00  
   4.7694302  -1.463626e+00  2.165257e+00  -1.464147e+00  2.165184e+00  -8.032097e-01  2.322511e+00  
   4.7904301  -1.471851e+00  2.041009e+00  -1.472369e+00  2.040913e+00  -8.318358e-01  2.242379e+00  
   4.8114300  -1.469453e+00  1.924620e+00  -1.469967e+00  1.924503e+00  -8.536017e-01  2.165964e+00  
   4.8324299  -1.458159e+00  1.817052e+00  -1.458668e+00  1.816911e+00  -8.693355e-01  2.093722e+00  
   4.8524299  -1.440720e+00  1.723318e+00  -1.441223e+00  1.723155e+00  -8.794324e-01  2.029076e+00  
   4.8734298  -1.416986e+00  1.634233e+00  -1.417481e+00  1.634047e+00  -8.856106e-01  1.965716e+00  
   4.8944302  -1.389203e+00  1.554601e+00  -1.389688e+00  1.554392e+00  -8.879305e-01  1.907033e+00  
   4.9154301  -1.358726e+00  1.484070e+00  -1.359197e+00  1.483839e+00  -8.870175e-01  1.852981e+00  
   4.9364300  -1.326709e+00  1.422104e+00  -1.327165e+00  1.421851e+00  -8.834401e-01  1.803437e+00  
   4.9574299  -1.294105e+00  1.368044e+00  -1.294545e+00  1.367769e+00  -8.777079e-01  1.758215e+00  
   4.9774299  -1.263203e+00  1.323248e+00  -1.263625e+00  1.322954e+00  -8.706603e-01  1.718958e+00  
   4.9984298  -1.231470e+00  1.282519e+00  -1.231872e+00  1.282206e+00  -8.619747e-01  1.681491e+00  
