w Re-xx Im-xx Re-yy Im-yy Re-zz Im-zz
# Gaussian absolute broadening  0.15 [eV]
   0.0000000  7.737741e-01  9.049696e-05  7.737986e-01  9.050529e-05  7.309180e-01  8.048853e-05  
   0.0200000  7.738764e-01  9.685609e-05  7.739009e-01  9.686472e-05  7.310091e-01  8.614203e-05  
   0.0410000  7.739982e-01  1.041029e-04  7.740225e-01  1.041119e-04  7.311172e-01  9.258424e-05  
   0.0620000  7.741367e-01  1.119706e-04  7.741612e-01  1.119798e-04  7.312403e-01  9.957777e-05  
   0.0830000  7.742940e-01  1.204939e-04  7.743185e-01  1.205035e-04  7.313805e-01  1.071534e-04  
   0.1040000  7.744729e-01  1.297031e-04  7.744971e-01  1.297130e-04  7.315393e-01  1.153379e-04  
   0.1240000  7.746644e-01  1.391334e-04  7.746887e-01  1.391436e-04  7.317094e-01  1.237181e-04  
   0.1450000  7.748904e-01  1.497434e-04  7.749149e-01  1.497539e-04  7.319103e-01  1.331456e-04  
   0.1660000  7.751440e-01  1.610857e-04  7.751684e-01  1.610967e-04  7.321359e-01  1.432225e-04  
   0.1870000  7.754276e-01  1.731568e-04  7.754520e-01  1.731683e-04  7.323881e-01  1.539456e-04  
   0.2080000  7.757434e-01  1.859421e-04  7.757677e-01  1.859542e-04  7.326691e-01  1.653016e-04  
   0.2290000  7.760926e-01  1.994158e-04  7.761171e-01  1.994286e-04  7.329795e-01  1.772671e-04  
   0.2490000  7.764584e-01  2.128552e-04  7.764831e-01  2.128687e-04  7.333046e-01  1.892003e-04  
   0.2700000  7.768784e-01  2.275614e-04  7.769030e-01  2.275758e-04  7.336778e-01  2.022560e-04  
   0.2910000  7.773362e-01  2.428267e-04  7.773607e-01  2.428420e-04  7.340845e-01  2.158054e-04  
   0.3120000  7.778325e-01  2.585964e-04  7.778571e-01  2.586127e-04  7.345256e-01  2.297995e-04  
   0.3330000  7.783679e-01  2.748141e-04  7.783926e-01  2.748316e-04  7.350016e-01  2.441880e-04  
   0.3540000  7.789428e-01  2.914255e-04  7.789676e-01  2.914440e-04  7.355124e-01  2.589220e-04  
   0.3740000  7.795272e-01  3.075652e-04  7.795519e-01  3.075849e-04  7.360314e-01  2.732341e-04  
   0.3950000  7.801791e-01  3.248039e-04  7.802039e-01  3.248249e-04  7.366106e-01  2.885162e-04  
   0.4160000  7.808704e-01  3.423032e-04  7.808954e-01  3.423255e-04  7.372246e-01  3.040249e-04  
   0.4374300  7.816170e-01  3.603975e-04  7.816417e-01  3.604210e-04  7.378878e-01  3.200553e-04  
   0.4574300  7.823502e-01  3.774766e-04  7.823752e-01  3.775015e-04  7.385389e-01  3.351814e-04  
   0.4784300  7.831588e-01  3.955926e-04  7.831836e-01  3.956188e-04  7.392568e-01  3.512198e-04  
   0.4994300  7.840064e-01  4.138835e-04  7.840316e-01  4.139111e-04  7.400093e-01  3.674071e-04  
   0.5204300  7.848933e-01  4.323427e-04  7.849182e-01  4.323718e-04  7.407966e-01  3.837366e-04  
   0.5414300  7.858196e-01  4.509668e-04  7.858446e-01  4.509974e-04  7.416186e-01  4.002049e-04  
   0.5614300  7.867388e-01  4.688576e-04  7.867639e-01  4.688898e-04  7.424343e-01  4.160179e-04  
   0.5824300  7.877429e-01  4.878065e-04  7.877682e-01  4.878401e-04  7.433252e-01  4.327582e-04  
   0.6034300  7.887871e-01  5.069262e-04  7.888125e-01  5.069613e-04  7.442515e-01  4.496415e-04  
   0.6244300  7.898719e-01  5.262230e-04  7.898974e-01  5.262599e-04  7.452136e-01  4.666722e-04  
   0.6454300  7.909974e-01  5.457025e-04  7.910230e-01  5.457411e-04  7.462119e-01  4.838558e-04  
   0.6664300  7.921646e-01  5.653718e-04  7.921898e-01  5.654119e-04  7.472463e-01  5.011964e-04  
   0.6864300  7.933140e-01  5.842873e-04  7.933395e-01  5.843289e-04  7.482654e-01  5.178635e-04  
   0.7074300  7.945623e-01  6.043483e-04  7.945880e-01  6.043912e-04  7.493717e-01  5.355299e-04  
   0.7284300  7.958529e-01  6.246209e-04  7.958788e-01  6.246650e-04  7.505153e-01  5.533719e-04  
   0.7494300  7.971865e-01  6.451142e-04  7.972122e-01  6.451595e-04  7.516966e-01  5.713968e-04  
   0.7704300  7.985631e-01  6.658360e-04  7.985891e-01  6.658824e-04  7.529158e-01  5.896107e-04  
   0.7914300  7.999836e-01  6.867953e-04  8.000095e-01  6.868425e-04  7.541736e-01  6.080217e-04  
   0.8114300  8.013771e-01  7.069854e-04  8.014030e-01  7.070335e-04  7.554070e-01  6.257447e-04  
   0.8324300  8.028842e-01  7.284351e-04  8.029103e-01  7.284841e-04  7.567407e-01  6.445608e-04  
   0.8540300  8.044819e-01  7.507749e-04  8.045080e-01  7.508248e-04  7.581544e-01  6.641434e-04  
   0.8740300  8.060042e-01  7.717204e-04  8.060305e-01  7.717711e-04  7.595009e-01  6.824905e-04  
   0.8950300  8.076478e-01  7.939932e-04  8.076744e-01  7.940448e-04  7.609544e-01  7.019853e-04  
   0.9160300  8.093386e-01  8.165634e-04  8.093653e-01  8.166162e-04  7.624490e-01  7.217258e-04  
   0.9370300  8.110771e-01  8.394431e-04  8.111039e-01  8.394968e-04  7.639853e-01  7.417208e-04  
   0.9580300  8.128638e-01  8.626439e-04  8.128908e-01  8.626989e-04  7.655638e-01  7.619801e-04  
   0.9780300  8.146116e-01  8.850508e-04  8.146385e-01  8.851070e-04  7.671074e-01  7.815299e-04  
   0.9990300  8.164951e-01  9.089158e-04  8.165221e-01  9.089731e-04  7.687703e-01  8.023338e-04  
   1.0200300  8.184290e-01  9.331394e-04  8.184561e-01  9.331980e-04  7.704771e-01  8.234323e-04  
   1.0410300  8.204148e-01  9.577362e-04  8.204420e-01  9.577958e-04  7.722291e-01  8.448357e-04  
   1.0620300  8.224525e-01  9.827192e-04  8.224799e-01  9.827801e-04  7.740266e-01  8.665553e-04  
   1.0830300  8.245431e-01  1.008103e-03  8.245707e-01  1.008164e-03  7.758694e-01  8.886009e-04  
   1.1030300  8.265840e-01  1.032663e-03  8.266117e-01  1.032726e-03  7.776682e-01  9.099114e-04  
   1.1240300  8.287806e-01  1.058870e-03  8.288083e-01  1.058935e-03  7.796033e-01  9.326282e-04  
   1.1450300  8.310323e-01  1.085524e-03  8.310602e-01  1.085589e-03  7.815863e-01  9.557070e-04  
   1.1660300  8.333407e-01  1.112639e-03  8.333688e-01  1.112705e-03  7.836180e-01  9.791598e-04  
   1.1870300  8.357065e-01  1.140232e-03  8.357350e-01  1.140299e-03  7.856997e-01  1.003000e-03  
   1.2080300  8.381307e-01  1.168322e-03  8.381593e-01  1.168391e-03  7.878317e-01  1.027241e-03  
   1.2280300  8.404942e-01  1.195553e-03  8.405230e-01  1.195623e-03  7.899094e-01  1.050713e-03  
   1.2490300  8.430352e-01  1.224668e-03  8.430638e-01  1.224740e-03  7.921419e-01  1.075779e-03  
   1.2706300  8.457134e-01  1.255195e-03  8.457424e-01  1.255270e-03  7.944940e-01  1.102026e-03  
   1.2906300  8.482521e-01  1.284007e-03  8.482813e-01  1.284084e-03  7.967225e-01  1.126765e-03  
   1.3116300  8.509805e-01  1.314847e-03  8.510099e-01  1.314927e-03  7.991160e-01  1.153209e-03  
   1.3326300  8.537740e-01  1.346315e-03  8.538035e-01  1.346397e-03  8.015655e-01  1.180149e-03  
   1.3536299  8.566343e-01  1.378438e-03  8.566639e-01  1.378523e-03  8.040721e-01  1.207606e-03  
   1.3746300  8.595627e-01  1.411247e-03  8.595926e-01  1.411335e-03  8.066368e-01  1.235599e-03  
   1.3946300  8.624166e-01  1.443160e-03  8.624468e-01  1.443252e-03  8.091349e-01  1.262777e-03  
   1.4156300  8.654826e-01  1.477405e-03  8.655131e-01  1.477500e-03  8.118171e-01  1.291877e-03  
   1.4366300  8.686215e-01  1.512444e-03  8.686521e-01  1.512543e-03  8.145611e-01  1.321578e-03  
   1.4576300  8.718348e-01  1.548323e-03  8.718658e-01  1.548426e-03  8.173682e-01  1.351902e-03  
   1.4786299  8.751247e-01  1.585100e-03  8.751556e-01  1.585206e-03  8.202401e-01  1.382873e-03  
   1.4996300  8.784926e-01  1.622840e-03  8.785238e-01  1.622949e-03  8.231778e-01  1.414518e-03  
   1.5196300  8.817735e-01  1.659753e-03  8.818051e-01  1.659866e-03  8.260377e-01  1.445305e-03  
   1.5406300  8.852991e-01  1.699627e-03  8.853307e-01  1.699744e-03  8.291076e-01  1.478341e-03  
   1.5616300  8.889078e-01  1.740768e-03  8.889399e-01  1.740890e-03  8.322481e-01  1.512134e-03  
   1.5826300  8.926027e-01  1.783334e-03  8.926347e-01  1.783461e-03  8.354602e-01  1.546714e-03  
   1.6036299  8.963853e-01  1.827524e-03  8.964180e-01  1.827656e-03  8.387457e-01  1.582115e-03  
   1.6246300  9.002585e-01  1.873583e-03  9.002917e-01  1.873723e-03  8.421063e-01  1.618375e-03  
   1.6446300  9.040334e-01  1.919464e-03  9.040666e-01  1.919610e-03  8.453780e-01  1.653742e-03  
   1.6656300  9.080898e-01  1.970107e-03  9.081231e-01  1.970263e-03  8.488899e-01  1.691796e-03  
   1.6872300  9.123647e-01  2.025295e-03  9.123983e-01  2.025463e-03  8.525873e-01  1.731971e-03  
   1.7072300  9.164177e-01  2.079675e-03  9.164517e-01  2.079855e-03  8.560885e-01  1.770156e-03  
   1.7282300  9.207739e-01  2.140743e-03  9.208086e-01  2.140939e-03  8.598477e-01  1.811333e-03  
   1.7492300  9.252371e-01  2.206532e-03  9.252716e-01  2.206745e-03  8.636942e-01  1.853693e-03  
   1.7702301  9.298092e-01  2.277768e-03  9.298443e-01  2.278003e-03  8.676304e-01  1.897324e-03  
   1.7912300  9.344936e-01  2.355231e-03  9.345290e-01  2.355491e-03  8.716590e-01  1.942334e-03  
   1.8112299  9.390624e-01  2.435538e-03  9.390979e-01  2.435826e-03  8.755844e-01  1.986596e-03  
   1.8322300  9.439747e-01  2.527505e-03  9.440110e-01  2.527825e-03  8.798014e-01  2.034690e-03  
   1.8532300  9.490082e-01  2.628094e-03  9.490450e-01  2.628450e-03  8.841190e-01  2.084624e-03  
   1.8742300  9.541665e-01  2.738068e-03  9.542036e-01  2.738464e-03  8.885406e-01  2.136631e-03  
   1.8952301  9.594525e-01  2.858127e-03  9.594901e-01  2.858567e-03  8.930697e-01  2.190989e-03  
   1.9162300  9.648687e-01  2.988890e-03  9.649065e-01  2.989378e-03  8.977090e-01  2.248034e-03  
   1.9362299  9.701514e-01  3.123870e-03  9.701894e-01  3.124406e-03  9.022332e-01  2.305230e-03  
   1.9572300  9.758320e-01  3.276998e-03  9.758706e-01  3.277586e-03  9.070979e-01  2.368758e-03  
   1.9782300  9.816537e-01  3.442179e-03  9.816926e-01  3.442821e-03  9.120842e-01  2.436391e-03  
   1.9992300  9.876195e-01  3.619742e-03  9.876595e-01  3.620440e-03  9.171951e-01  2.508772e-03  
   2.0202301  9.937353e-01  3.809998e-03  9.937758e-01  3.810753e-03  9.224353e-01  2.586640e-03  
   2.0412300  1.000005e+00  4.013272e-03  1.000046e+00  4.014080e-03  9.278095e-01  2.670822e-03  
   2.0612299  1.006123e+00  4.219311e-03  1.006165e+00  4.220168e-03  9.330552e-01  2.757712e-03  
   2.0822301  1.012708e+00  4.449160e-03  1.012750e+00  4.450069e-03  9.387020e-01  2.856968e-03  
   2.1038301  1.019658e+00  4.700601e-03  1.019701e+00  4.701557e-03  9.446648e-01  2.968772e-03  
   2.1238301  1.026260e+00  4.947632e-03  1.026303e+00  4.948630e-03  9.503292e-01  3.082178e-03  
   2.1448300  1.033371e+00  5.222510e-03  1.033414e+00  5.223546e-03  9.564304e-01  3.212703e-03  
   2.1658299  1.040671e+00  5.514151e-03  1.040715e+00  5.515223e-03  9.626949e-01  3.356270e-03  
   2.1868300  1.048170e+00  5.823552e-03  1.048214e+00  5.824653e-03  9.691284e-01  3.514300e-03  
   2.2078300  1.055874e+00  6.151722e-03  1.055919e+00  6.152845e-03  9.757370e-01  3.688294e-03  
   2.2278299  1.063410e+00  6.482656e-03  1.063455e+00  6.483797e-03  9.821997e-01  3.870320e-03  
   2.2488301  1.071539e+00  6.850392e-03  1.071585e+00  6.851546e-03  9.891696e-01  4.080246e-03  
   2.2698300  1.079900e+00  7.239758e-03  1.079946e+00  7.240920e-03  9.963346e-01  4.311275e-03  
   2.2908299  1.088502e+00  7.651596e-03  1.088549e+00  7.652767e-03  1.003703e+00  4.565473e-03  
   2.3118300  1.097357e+00  8.086702e-03  1.097405e+00  8.087873e-03  1.011283e+00  4.845120e-03  
   2.3328300  1.106476e+00  8.545871e-03  1.106525e+00  8.547042e-03  1.019083e+00  5.152746e-03  
   2.3528299  1.115418e+00  9.006439e-03  1.115468e+00  9.007605e-03  1.026724e+00  5.474324e-03  
   2.3738301  1.125092e+00  9.515712e-03  1.125142e+00  9.516871e-03  1.034979e+00  5.845055e-03  
   2.3948300  1.135072e+00  1.005309e-02  1.135123e+00  1.005424e-02  1.043481e+00  6.253141e-03  
   2.4158299  1.145376e+00  1.062130e-02  1.145429e+00  1.062243e-02  1.052241e+00  6.702560e-03  
   2.4368300  1.156024e+00  1.122422e-02  1.156077e+00  1.122533e-02  1.061270e+00  7.197775e-03  
   2.4578300  1.167036e+00  1.186726e-02  1.167091e+00  1.186835e-02  1.070581e+00  7.743796e-03  
   2.4778299  1.177883e+00  1.252366e-02  1.177938e+00  1.252472e-02  1.079719e+00  8.316233e-03  
   2.4988301  1.189671e+00  1.326815e-02  1.189727e+00  1.326918e-02  1.089613e+00  8.978463e-03  
   2.5204301  1.202251e+00  1.410537e-02  1.202309e+00  1.410638e-02  1.100122e+00  9.732494e-03  
   2.5404301  1.214334e+00  1.495891e-02  1.214393e+00  1.495992e-02  1.110166e+00  1.050424e-02  
   2.5614300  1.227499e+00  1.595312e-02  1.227559e+00  1.595413e-02  1.121052e+00  1.139972e-02  
   2.5824299  1.241180e+00  1.706771e-02  1.241242e+00  1.706879e-02  1.132301e+00  1.239271e-02  
   2.6034300  1.255406e+00  1.832587e-02  1.255470e+00  1.832704e-02  1.143930e+00  1.349498e-02  
   2.6244299  1.270207e+00  1.975336e-02  1.270272e+00  1.975471e-02  1.155953e+00  1.471952e-02  
   2.6444299  1.284863e+00  2.129622e-02  1.284931e+00  2.129783e-02  1.167788e+00  1.601249e-02  
   2.6654301  1.300869e+00  2.313806e-02  1.300938e+00  2.314005e-02  1.180634e+00  1.751804e-02  
   2.6864300  1.317534e+00  2.523914e-02  1.317605e+00  2.524166e-02  1.193926e+00  1.919123e-02  
   2.7074299  1.334889e+00  2.763401e-02  1.334963e+00  2.763722e-02  1.207683e+00  2.104932e-02  
   2.7284300  1.352966e+00  3.035920e-02  1.353042e+00  3.036330e-02  1.221924e+00  2.311016e-02  
   2.7494299  1.371795e+00  3.345350e-02  1.371873e+00  3.345869e-02  1.236668e+00  2.539207e-02  
   2.7694299  1.390459e+00  3.678189e-02  1.390541e+00  3.678833e-02  1.251199e+00  2.778809e-02  
   2.7904301  1.410861e+00  4.072120e-02  1.410945e+00  4.072919e-02  1.266991e+00  3.055660e-02  
   2.8114300  1.432126e+00  4.516619e-02  1.432213e+00  4.517597e-02  1.283360e+00  3.360423e-02  
   2.8324299  1.454300e+00  5.017552e-02  1.454390e+00  5.018731e-02  1.300336e+00  3.695356e-02  
   2.8534300  1.477432e+00  5.581784e-02  1.477525e+00  5.583190e-02  1.317958e+00  4.063020e-02  
   2.8744299  1.501575e+00  6.217444e-02  1.501672e+00  6.219103e-02  1.336266e+00  4.466407e-02  
   2.8944299  1.525559e+00  6.898141e-02  1.525659e+00  6.900063e-02  1.354386e+00  4.887124e-02  
   2.9154301  1.551835e+00  7.703125e-02  1.551939e+00  7.705341e-02  1.374181e+00  5.371525e-02  
   2.9370301  1.580086e+00  8.641928e-02  1.580194e+00  8.644475e-02  1.395427e+00  5.921081e-02  
   2.9570301  1.607391e+00  9.626741e-02  1.607502e+00  9.629625e-02  1.415960e+00  6.482770e-02  
   2.9780300  1.637278e+00  1.079892e-01  1.637393e+00  1.080218e-01  1.438475e+00  7.135462e-02  
   2.9990301  1.668420e+00  1.213421e-01  1.668540e+00  1.213788e-01  1.462036e+00  7.862900e-02  
   3.0200300  1.700797e+00  1.365730e-01  1.700920e+00  1.366141e-01  1.486708e+00  8.677761e-02  
   3.0410299  1.734345e+00  1.539538e-01  1.734471e+00  1.539999e-01  1.512549e+00  9.595312e-02  
   3.0610299  1.767283e+00  1.727720e-01  1.767413e+00  1.728233e-01  1.538287e+00  1.058119e-01  
   3.0820301  1.802741e+00  1.951991e-01  1.802876e+00  1.952563e-01  1.566520e+00  1.175422e-01  
   3.1030300  1.838856e+00  2.206537e-01  1.838993e+00  2.207174e-01  1.595982e+00  1.309213e-01  
   3.1240301  1.875322e+00  2.494200e-01  1.875462e+00  2.494908e-01  1.626633e+00  1.462185e-01  
   3.1450300  1.911749e+00  2.817460e-01  1.911890e+00  2.818246e-01  1.658373e+00  1.637259e-01  
   3.1660299  1.947682e+00  3.178267e-01  1.947824e+00  3.179136e-01  1.691045e+00  1.837510e-01  
   3.1860299  1.980969e+00  3.557913e-01  1.981112e+00  3.558866e-01  1.722818e+00  2.054462e-01  
   3.2070301  2.014396e+00  3.994646e-01  2.014538e+00  3.995693e-01  1.756573e+00  2.312642e-01  
   3.2280300  2.045681e+00  4.469645e-01  2.045820e+00  4.470786e-01  1.790349e+00  2.604493e-01  
   3.2490301  2.074229e+00  4.980962e-01  2.074365e+00  4.982200e-01  1.823680e+00  2.932035e-01  
   3.2700300  2.099477e+00  5.525405e-01  2.099607e+00  5.526736e-01  1.856028e+00  3.296452e-01  
   3.2910299  2.120916e+00  6.098604e-01  2.121039e+00  6.100022e-01  1.886810e+00  3.697896e-01  
   3.3110299  2.137409e+00  6.666266e-01  2.137524e+00  6.667761e-01  1.914109e+00  4.113674e-01  
   3.3320301  2.150308e+00  7.279118e-01  2.150413e+00  7.280681e-01  1.940071e+00  4.583090e-01  
   3.3536301  2.158670e+00  7.920293e-01  2.158763e+00  7.921914e-01  1.963298e+00  5.097160e-01  
   3.3736300  2.161943e+00  8.517054e-01  2.162025e+00  8.518707e-01  1.981198e+00  5.596738e-01  
   3.3946300  2.160863e+00  9.139979e-01  2.160933e+00  9.141654e-01  1.995882e+00  6.139842e-01  
   3.4156301  2.155403e+00  9.752647e-01  2.155461e+00  9.754328e-01  2.006109e+00  6.695202e-01  
   3.4366300  2.145935e+00  1.034920e+00  2.145983e+00  1.035086e+00  2.011776e+00  7.255514e-01  
   3.4576299  2.132934e+00  1.092486e+00  2.132970e+00  1.092649e+00  2.012948e+00  7.813433e-01  
   3.4776299  2.117759e+00  1.145045e+00  2.117788e+00  1.145202e+00  2.010087e+00  8.336170e-01  
   3.4986300  2.099442e+00  1.197638e+00  2.099463e+00  1.197789e+00  2.003259e+00  8.869993e-01  
   3.5196300  2.079241e+00  1.247485e+00  2.079258e+00  1.247628e+00  1.992988e+00  9.383273e-01  
   3.5406301  2.057690e+00  1.294619e+00  2.057704e+00  1.294754e+00  1.979853e+00  9.872125e-01  
   3.5616300  2.035258e+00  1.339169e+00  2.035269e+00  1.339295e+00  1.964474e+00  1.033409e+00  
   3.5826299  2.012331e+00  1.381342e+00  2.012343e+00  1.381459e+00  1.947489e+00  1.076819e+00  
   3.6026299  1.990306e+00  1.419522e+00  1.990320e+00  1.419631e+00  1.930380e+00  1.115605e+00  
   3.6236300  1.967183e+00  1.457776e+00  1.967199e+00  1.457877e+00  1.911959e+00  1.153795e+00  
   3.6446300  1.944190e+00  1.494383e+00  1.944209e+00  1.494478e+00  1.893531e+00  1.189627e+00  
   3.6656301  1.921402e+00  1.529545e+00  1.921425e+00  1.529634e+00  1.875455e+00  1.223408e+00  
   3.6866300  1.898861e+00  1.563410e+00  1.898887e+00  1.563493e+00  1.857981e+00  1.255464e+00  
   3.7076299  1.876600e+00  1.596066e+00  1.876630e+00  1.596145e+00  1.841255e+00  1.286116e+00  
   3.7276299  1.855711e+00  1.626086e+00  1.855744e+00  1.626162e+00  1.826074e+00  1.314264e+00  
   3.7486300  1.834199e+00  1.656483e+00  1.834235e+00  1.656556e+00  1.810917e+00  1.342943e+00  
   3.7702301  1.812682e+00  1.686556e+00  1.812720e+00  1.686628e+00  1.796128e+00  1.371677e+00  
   3.7902300  1.793507e+00  1.713351e+00  1.793548e+00  1.713423e+00  1.783124e+00  1.397687e+00  
   3.8112299  1.774414e+00  1.740484e+00  1.774457e+00  1.740556e+00  1.770184e+00  1.424437e+00  
   3.8322301  1.756694e+00  1.766757e+00  1.756739e+00  1.766830e+00  1.758031e+00  1.450648e+00  
   3.8532300  1.740681e+00  1.792449e+00  1.740729e+00  1.792525e+00  1.746798e+00  1.476364e+00  
   3.8742299  1.726700e+00  1.817970e+00  1.726750e+00  1.818048e+00  1.736694e+00  1.501681e+00  
   3.8942299  1.715527e+00  1.842610e+00  1.715580e+00  1.842693e+00  1.728376e+00  1.525586e+00  
   3.9152300  1.706234e+00  1.869477e+00  1.706287e+00  1.869565e+00  1.721317e+00  1.550749e+00  
   3.9362299  1.699509e+00  1.898132e+00  1.699562e+00  1.898227e+00  1.716296e+00  1.576408e+00  
   3.9572301  1.695272e+00  1.929443e+00  1.695324e+00  1.929545e+00  1.713600e+00  1.603144e+00  
   3.9782300  1.693252e+00  1.964320e+00  1.693301e+00  1.964429e+00  1.713426e+00  1.631686e+00  
   3.9992299  1.692970e+00  2.003667e+00  1.693015e+00  2.003784e+00  1.715829e+00  1.662891e+00  
   4.0192299  1.693684e+00  2.046068e+00  1.693723e+00  2.046192e+00  1.720393e+00  1.695948e+00  
   4.0402298  1.694595e+00  2.096457e+00  1.694627e+00  2.096590e+00  1.727230e+00  1.735110e+00  
   4.0612302  1.694592e+00  2.153397e+00  1.694615e+00  2.153538e+00  1.735563e+00  1.779781e+00  
   4.0822301  1.692412e+00  2.217204e+00  1.692424e+00  2.217355e+00  1.744514e+00  1.830842e+00  
   4.1032300  1.686674e+00  2.287927e+00  1.686676e+00  2.288087e+00  1.752947e+00  1.889017e+00  
   4.1242299  1.675935e+00  2.365321e+00  1.675928e+00  2.365490e+00  1.759486e+00  1.954806e+00  
   4.1442299  1.659732e+00  2.444721e+00  1.659716e+00  2.444902e+00  1.762511e+00  2.024740e+00  
   4.1652298  1.635113e+00  2.533253e+00  1.635090e+00  2.533447e+00  1.760680e+00  2.105702e+00  
   4.1868300  1.600353e+00  2.628670e+00  1.600324e+00  2.628879e+00  1.751596e+00  2.196524e+00  
   4.2068300  1.558613e+00  2.719689e+00  1.558582e+00  2.719912e+00  1.735017e+00  2.286627e+00  
   4.2278299  1.504053e+00  2.816535e+00  1.504020e+00  2.816774e+00  1.707539e+00  2.386230e+00  
   4.2488298  1.437887e+00  2.913053e+00  1.437855e+00  2.913309e+00  1.668298e+00  2.489359e+00  
   4.2698302  1.359757e+00  3.007525e+00  1.359727e+00  3.007798e+00  1.616104e+00  2.594080e+00  
   4.2908301  1.269584e+00  3.098206e+00  1.269556e+00  3.098495e+00  1.550135e+00  2.698197e+00  
   4.3108301  1.172670e+00  3.179492e+00  1.172646e+00  3.179796e+00  1.474137e+00  2.794640e+00  
   4.3318300  1.059740e+00  3.257939e+00  1.059716e+00  3.258256e+00  1.380581e+00  2.890710e+00  
   4.3528299  9.360220e-01  3.327801e+00  9.359974e-01  3.328125e+00  1.273493e+00  2.979088e+00  
   4.3738298  8.024050e-01  3.387647e+00  8.023772e-01  3.387974e+00  1.153938e+00  3.057498e+00  
   4.3948302  6.599840e-01  3.436172e+00  6.599498e-01  3.436496e+00  1.023449e+00  3.123896e+00  
   4.4158301  5.100681e-01  3.472193e+00  5.100245e-01  3.472507e+00  8.839886e-01  3.176565e+00  
   4.4358301  3.616883e-01  3.493927e+00  3.616336e-01  3.494225e+00  7.449224e-01  3.212762e+00  
   4.4568300  2.016272e-01  3.502698e+00  2.015579e-01  3.502971e+00  5.947798e-01  3.235284e+00  
   4.4778299  3.903282e-02  3.496387e+00  3.894741e-02  3.496629e+00  4.430402e-01  3.241584e+00  
   4.4988298  -1.240690e-01  3.474509e+00  -1.241710e-01  3.474717e+00  2.923909e-01  3.231799e+00  
   4.5198302  -2.855218e-01  3.436846e+00  -2.856400e-01  3.437016e+00  1.454171e-01  3.206553e+00  
   4.5408301  -4.430705e-01  3.383493e+00  -4.432033e-01  3.383620e+00  4.503864e-03  3.166919e+00  
   4.5608301  -5.874103e-01  3.318496e+00  -5.875545e-01  3.318583e+00  -1.221670e-01  3.117125e+00  
   4.5818300  -7.308375e-01  3.236147e+00  -7.309906e-01  3.236192e+00  -2.456247e-01  3.053873e+00  
   4.6034298  -8.675148e-01  3.137650e+00  -8.676735e-01  3.137657e+00  -3.610813e-01  2.979126e+00  
   4.6234298  -9.825270e-01  3.035490e+00  -9.826874e-01  3.035465e+00  -4.567782e-01  2.903102e+00  
   4.6444302  -1.089869e+00  2.918792e+00  -1.090028e+00  2.918740e+00  -5.452769e-01  2.818258e+00  
   4.6654301  -1.182360e+00  2.794667e+00  -1.182514e+00  2.794595e+00  -6.215079e-01  2.730271e+00  
   4.6864300  -1.259346e+00  2.665569e+00  -1.259495e+00  2.665482e+00  -6.858402e-01  2.641031e+00  
   4.7074299  -1.320671e+00  2.534040e+00  -1.320814e+00  2.533946e+00  -7.389349e-01  2.552228e+00  
   4.7274299  -1.364815e+00  2.408805e+00  -1.364952e+00  2.408710e+00  -7.798562e-01  2.469389e+00  
   4.7484298  -1.396937e+00  2.279596e+00  -1.397070e+00  2.279505e+00  -8.136782e-01  2.385381e+00  
   4.7694302  -1.415623e+00  2.154789e+00  -1.415755e+00  2.154705e+00  -8.392129e-01  2.305339e+00  
   4.7904301  -1.422321e+00  2.036142e+00  -1.422454e+00  2.036067e+00  -8.575724e-01  2.229949e+00  
   4.8114300  -1.418672e+00  1.925013e+00  -1.418810e+00  1.924950e+00  -8.698385e-01  2.159661e+00  
   4.8324299  -1.406409e+00  1.822361e+00  -1.406555e+00  1.822310e+00  -8.770250e-01  2.094721e+00  
   4.8524299  -1.388300e+00  1.732994e+00  -1.388457e+00  1.732953e+00  -8.799916e-01  2.037916e+00  
   4.8734298  -1.364111e+00  1.648174e+00  -1.364282e+00  1.648142e+00  -8.798233e-01  1.983505e+00  
   4.8944302  -1.336098e+00  1.572497e+00  -1.336286e+00  1.572472e+00  -8.769959e-01  1.934291e+00  
   4.9154301  -1.305581e+00  1.505629e+00  -1.305788e+00  1.505609e+00  -8.721207e-01  1.890027e+00  
   4.9364300  -1.273679e+00  1.447054e+00  -1.273906e+00  1.447035e+00  -8.657119e-01  1.850414e+00  
   4.9574299  -1.241306e+00  1.396134e+00  -1.241553e+00  1.396114e+00  -8.581945e-01  1.815119e+00  
   4.9774299  -1.210698e+00  1.354112e+00  -1.210966e+00  1.354090e+00  -8.503231e-01  1.785201e+00  
   4.9984298  -1.179321e+00  1.316088e+00  -1.179609e+00  1.316060e+00  -8.415803e-01  1.757329e+00  
