w Re-xx Im-xx Re-yy Im-yy Re-zz Im-zz
# Gaussian absolute broadening  0.15 [eV]
   0.0000000  7.678573e-01  8.817228e-05  7.678688e-01  8.817250e-05  7.272805e-01  7.964300e-05  
   0.0200000  7.679572e-01  9.436641e-05  7.679686e-01  9.436670e-05  7.273704e-01  8.523699e-05  
   0.0410000  7.680757e-01  1.014249e-04  7.680871e-01  1.014253e-04  7.274777e-01  9.161125e-05  
   0.0620000  7.682107e-01  1.090876e-04  7.682221e-01  1.090881e-04  7.275994e-01  9.853091e-05  
   0.0830000  7.683638e-01  1.173884e-04  7.683756e-01  1.173891e-04  7.277381e-01  1.060264e-04  
   0.1040000  7.685379e-01  1.263567e-04  7.685494e-01  1.263575e-04  7.278951e-01  1.141241e-04  
   0.1240000  7.687244e-01  1.355397e-04  7.687359e-01  1.355407e-04  7.280635e-01  1.224152e-04  
   0.1450000  7.689446e-01  1.458708e-04  7.689562e-01  1.458721e-04  7.282625e-01  1.317422e-04  
   0.1660000  7.691915e-01  1.569141e-04  7.692032e-01  1.569158e-04  7.284854e-01  1.417116e-04  
   0.1870000  7.694680e-01  1.686661e-04  7.694798e-01  1.686681e-04  7.287350e-01  1.523199e-04  
   0.2080000  7.697754e-01  1.811122e-04  7.697871e-01  1.811147e-04  7.290128e-01  1.635539e-04  
   0.2290000  7.701158e-01  1.942273e-04  7.701274e-01  1.942303e-04  7.293200e-01  1.753907e-04  
   0.2490000  7.704720e-01  2.073076e-04  7.704834e-01  2.073112e-04  7.296417e-01  1.871949e-04  
   0.2700000  7.708809e-01  2.216193e-04  7.708926e-01  2.216235e-04  7.300110e-01  2.001091e-04  
   0.2910000  7.713268e-01  2.364733e-04  7.713385e-01  2.364782e-04  7.304134e-01  2.135112e-04  
   0.3120000  7.718099e-01  2.518161e-04  7.718216e-01  2.518218e-04  7.308499e-01  2.273525e-04  
   0.3330000  7.723312e-01  2.675925e-04  7.723429e-01  2.675990e-04  7.313207e-01  2.415833e-04  
   0.3540000  7.728911e-01  2.837493e-04  7.729026e-01  2.837566e-04  7.318258e-01  2.561552e-04  
   0.3740000  7.734599e-01  2.994450e-04  7.734717e-01  2.994531e-04  7.323395e-01  2.703089e-04  
   0.3950000  7.740946e-01  3.162063e-04  7.741063e-01  3.162154e-04  7.329124e-01  2.854214e-04  
   0.4160000  7.747675e-01  3.332181e-04  7.747793e-01  3.332281e-04  7.335200e-01  3.007567e-04  
   0.4374300  7.754942e-01  3.508043e-04  7.755060e-01  3.508153e-04  7.341758e-01  3.166072e-04  
   0.4574300  7.762082e-01  3.674006e-04  7.762199e-01  3.674125e-04  7.348201e-01  3.315626e-04  
   0.4784300  7.769949e-01  3.850002e-04  7.770067e-01  3.850131e-04  7.355300e-01  3.474188e-04  
   0.4994300  7.778198e-01  4.027659e-04  7.778316e-01  4.027798e-04  7.362744e-01  3.634210e-04  
   0.5204300  7.786828e-01  4.206905e-04  7.786949e-01  4.207054e-04  7.370531e-01  3.795627e-04  
   0.5414300  7.795840e-01  4.387703e-04  7.795961e-01  4.387864e-04  7.378662e-01  3.958405e-04  
   0.5614300  7.804782e-01  4.561335e-04  7.804905e-01  4.561504e-04  7.386730e-01  4.114692e-04  
   0.5824300  7.814553e-01  4.745184e-04  7.814674e-01  4.745363e-04  7.395542e-01  4.280130e-04  
   0.6034300  7.824708e-01  4.930634e-04  7.824829e-01  4.930820e-04  7.404700e-01  4.446967e-04  
   0.6244300  7.835259e-01  5.117743e-04  7.835382e-01  5.117939e-04  7.414218e-01  4.615248e-04  
   0.6454300  7.846205e-01  5.306563e-04  7.846327e-01  5.306766e-04  7.424088e-01  4.785016e-04  
   0.6664300  7.857554e-01  5.497155e-04  7.857677e-01  5.497365e-04  7.434319e-01  4.956328e-04  
   0.6864300  7.868733e-01  5.680378e-04  7.868853e-01  5.680593e-04  7.444398e-01  5.120962e-04  
   0.7074300  7.880866e-01  5.874623e-04  7.880991e-01  5.874845e-04  7.455336e-01  5.295448e-04  
   0.7284300  7.893412e-01  6.070846e-04  7.893534e-01  6.071071e-04  7.466642e-01  5.471649e-04  
   0.7494300  7.906370e-01  6.269122e-04  7.906495e-01  6.269353e-04  7.478324e-01  5.649631e-04  
   0.7704300  7.919745e-01  6.469524e-04  7.919872e-01  6.469758e-04  7.490377e-01  5.829458e-04  
   0.7914300  7.933548e-01  6.672138e-04  7.933674e-01  6.672376e-04  7.502812e-01  6.011203e-04  
   0.8114300  7.947083e-01  6.867225e-04  7.947209e-01  6.867470e-04  7.515007e-01  6.186134e-04  
   0.8324300  7.961723e-01  7.074389e-04  7.961850e-01  7.074641e-04  7.528192e-01  6.371823e-04  
   0.8540300  7.977237e-01  7.290043e-04  7.977365e-01  7.290305e-04  7.542166e-01  6.565045e-04  
   0.8740300  7.992017e-01  7.492130e-04  7.992144e-01  7.492399e-04  7.555473e-01  6.746046e-04  
   0.8950300  8.007974e-01  7.706920e-04  8.008104e-01  7.707200e-04  7.569842e-01  6.938342e-04  
   0.9160300  8.024384e-01  7.924455e-04  8.024514e-01  7.924751e-04  7.584613e-01  7.133018e-04  
   0.9370300  8.041254e-01  8.144846e-04  8.041385e-01  8.145160e-04  7.599798e-01  7.330172e-04  
   0.9580300  8.058591e-01  8.368201e-04  8.058720e-01  8.368534e-04  7.615398e-01  7.529893e-04  
   0.9780300  8.075540e-01  8.583780e-04  8.075672e-01  8.584136e-04  7.630648e-01  7.722582e-04  
   0.9990300  8.093807e-01  8.813245e-04  8.093939e-01  8.813624e-04  7.647079e-01  7.927595e-04  
   1.0200300  8.112558e-01  9.046004e-04  8.112691e-01  9.046410e-04  7.663946e-01  8.135461e-04  
   1.0410300  8.131803e-01  9.282188e-04  8.131937e-01  9.282621e-04  7.681252e-01  8.346292e-04  
   1.0620300  8.151550e-01  9.521901e-04  8.151684e-01  9.522367e-04  7.699007e-01  8.560182e-04  
   1.0830300  8.171805e-01  9.765278e-04  8.171940e-01  9.765775e-04  7.717213e-01  8.777239e-04  
   1.1030300  8.191573e-01  1.000058e-03  8.191709e-01  1.000111e-03  7.734981e-01  8.987008e-04  
   1.1240300  8.212841e-01  1.025148e-03  8.212977e-01  1.025204e-03  7.754090e-01  9.210563e-04  
   1.1450300  8.234639e-01  1.050643e-03  8.234776e-01  1.050701e-03  7.773674e-01  9.437622e-04  
   1.1660300  8.256980e-01  1.076556e-03  8.257118e-01  1.076618e-03  7.793736e-01  9.668294e-04  
   1.1870300  8.279864e-01  1.102903e-03  8.280005e-01  1.102967e-03  7.814290e-01  9.902716e-04  
   1.2080300  8.303308e-01  1.129698e-03  8.303450e-01  1.129765e-03  7.835339e-01  1.014100e-03  
   1.2280300  8.326162e-01  1.155649e-03  8.326302e-01  1.155717e-03  7.855849e-01  1.037166e-03  
   1.2490300  8.350716e-01  1.183366e-03  8.350859e-01  1.183436e-03  7.877886e-01  1.061790e-03  
   1.2706300  8.376591e-01  1.212395e-03  8.376736e-01  1.212467e-03  7.901096e-01  1.087565e-03  
   1.2906300  8.401107e-01  1.239760e-03  8.401254e-01  1.239833e-03  7.923087e-01  1.111851e-03  
   1.3116300  8.427446e-01  1.269015e-03  8.427593e-01  1.269090e-03  7.946706e-01  1.137800e-03  
   1.3326300  8.454402e-01  1.298825e-03  8.454551e-01  1.298900e-03  7.970871e-01  1.164227e-03  
   1.3536299  8.481992e-01  1.329210e-03  8.482139e-01  1.329286e-03  7.995597e-01  1.191149e-03  
   1.3746300  8.510224e-01  1.360192e-03  8.510373e-01  1.360268e-03  8.020892e-01  1.218585e-03  
   1.3946300  8.537723e-01  1.390273e-03  8.537876e-01  1.390351e-03  8.045530e-01  1.245211e-03  
   1.4156300  8.567255e-01  1.422487e-03  8.567408e-01  1.422564e-03  8.071975e-01  1.273706e-03  
   1.4366300  8.597471e-01  1.455364e-03  8.597624e-01  1.455442e-03  8.099026e-01  1.302775e-03  
   1.4576300  8.628384e-01  1.488934e-03  8.628542e-01  1.489012e-03  8.126695e-01  1.332437e-03  
   1.4786299  8.660017e-01  1.523220e-03  8.660175e-01  1.523299e-03  8.154999e-01  1.362717e-03  
   1.4996300  8.692377e-01  1.558249e-03  8.692536e-01  1.558329e-03  8.183948e-01  1.393636e-03  
   1.5196300  8.723884e-01  1.592328e-03  8.724045e-01  1.592409e-03  8.212120e-01  1.423698e-03  
   1.5406300  8.757710e-01  1.628893e-03  8.757874e-01  1.628975e-03  8.242357e-01  1.455935e-03  
   1.5616300  8.792314e-01  1.666288e-03  8.792478e-01  1.666372e-03  8.273284e-01  1.488886e-03  
   1.5826300  8.827710e-01  1.704546e-03  8.827876e-01  1.704632e-03  8.304908e-01  1.522578e-03  
   1.6036299  8.863918e-01  1.743702e-03  8.864087e-01  1.743791e-03  8.337247e-01  1.557041e-03  
   1.6246300  8.900961e-01  1.783793e-03  8.901130e-01  1.783884e-03  8.370315e-01  1.592305e-03  
   1.6446300  8.937021e-01  1.822877e-03  8.937192e-01  1.822971e-03  8.402501e-01  1.626664e-03  
   1.6656300  8.975737e-01  1.864905e-03  8.975911e-01  1.865002e-03  8.437042e-01  1.663588e-03  
   1.6872300  9.016492e-01  1.909236e-03  9.016670e-01  1.909337e-03  8.473394e-01  1.702512e-03  
   1.7072300  9.055089e-01  1.951323e-03  9.055266e-01  1.951429e-03  8.507807e-01  1.739443e-03  
   1.7282300  9.096534e-01  1.996642e-03  9.096715e-01  1.996751e-03  8.544742e-01  1.779186e-03  
   1.7492300  9.138938e-01  2.043167e-03  9.139119e-01  2.043281e-03  8.582522e-01  1.819962e-03  
   1.7702301  9.182330e-01  2.090958e-03  9.182510e-01  2.091078e-03  8.621168e-01  1.861823e-03  
   1.7912300  9.226739e-01  2.140081e-03  9.226924e-01  2.140204e-03  8.660705e-01  1.904824e-03  
   1.8112299  9.270005e-01  2.188162e-03  9.270195e-01  2.188291e-03  8.699208e-01  1.946893e-03  
   1.8322300  9.316480e-01  2.240082e-03  9.316671e-01  2.240216e-03  8.740553e-01  1.992303e-03  
   1.8532300  9.364061e-01  2.293550e-03  9.364253e-01  2.293689e-03  8.782866e-01  2.039055e-03  
   1.8742300  9.412777e-01  2.348652e-03  9.412973e-01  2.348796e-03  8.826171e-01  2.087233e-03  
   1.8952301  9.462660e-01  2.405480e-03  9.462859e-01  2.405629e-03  8.870498e-01  2.136934e-03  
   1.9162300  9.513752e-01  2.464131e-03  9.513952e-01  2.464286e-03  8.915877e-01  2.188268e-03  
   1.9362299  9.563553e-01  2.521784e-03  9.563758e-01  2.521942e-03  8.960096e-01  2.238790e-03  
   1.9572300  9.617088e-01  2.584312e-03  9.617299e-01  2.584476e-03  9.007614e-01  2.293691e-03  
   1.9782300  9.671944e-01  2.649005e-03  9.672159e-01  2.649175e-03  9.056281e-01  2.350656e-03  
   1.9992300  9.728144e-01  2.715998e-03  9.728363e-01  2.716173e-03  9.106125e-01  2.409879e-03  
   2.0202301  9.785753e-01  2.785438e-03  9.785972e-01  2.785619e-03  9.157192e-01  2.471587e-03  
   2.0412300  9.844795e-01  2.857483e-03  9.845015e-01  2.857671e-03  9.209513e-01  2.536039e-03  
   2.0612299  9.902404e-01  2.928683e-03  9.902629e-01  2.928877e-03  9.260550e-01  2.600251e-03  
   2.0822301  9.964401e-01  3.006348e-03  9.964629e-01  3.006548e-03  9.315447e-01  2.670984e-03  
   2.1038301  1.002983e+00  3.089560e-03  1.003007e+00  3.089769e-03  9.373361e-01  2.747692e-03  
   2.1238301  1.009197e+00  3.169847e-03  1.009221e+00  3.170064e-03  9.428336e-01  2.822725e-03  
   2.1448300  1.015888e+00  3.257765e-03  1.015912e+00  3.257989e-03  9.487512e-01  2.906163e-03  
   2.1658299  1.022756e+00  3.349681e-03  1.022781e+00  3.349917e-03  9.548222e-01  2.994942e-03  
   2.1868300  1.029808e+00  3.445945e-03  1.029833e+00  3.446190e-03  9.610533e-01  3.089720e-03  
   2.2078300  1.037051e+00  3.546924e-03  1.037076e+00  3.547180e-03  9.674484e-01  3.191205e-03  
   2.2278299  1.044133e+00  3.647865e-03  1.044159e+00  3.648134e-03  9.736994e-01  3.294807e-03  
   2.2488301  1.051771e+00  3.759303e-03  1.051798e+00  3.759586e-03  9.804358e-01  3.411682e-03  
   2.2698300  1.059623e+00  3.876817e-03  1.059650e+00  3.877115e-03  9.873565e-01  3.537712e-03  
   2.2908299  1.067698e+00  4.000961e-03  1.067726e+00  4.001276e-03  9.944686e-01  3.673819e-03  
   2.3118300  1.076006e+00  4.132333e-03  1.076034e+00  4.132664e-03  1.001779e+00  3.820955e-03  
   2.3328300  1.084557e+00  4.271574e-03  1.084586e+00  4.271921e-03  1.009297e+00  3.980096e-03  
   2.3528299  1.092935e+00  4.412140e-03  1.092964e+00  4.412508e-03  1.016655e+00  4.143742e-03  
   2.3738301  1.101989e+00  4.568818e-03  1.102019e+00  4.569207e-03  1.024599e+00  4.329243e-03  
   2.3948300  1.111319e+00  4.735602e-03  1.111350e+00  4.736012e-03  1.032774e+00  4.529782e-03  
   2.4158299  1.120937e+00  4.913379e-03  1.120968e+00  4.913815e-03  1.041192e+00  4.746457e-03  
   2.4368300  1.130857e+00  5.103129e-03  1.130890e+00  5.103590e-03  1.049861e+00  4.980410e-03  
   2.4578300  1.141096e+00  5.305921e-03  1.141128e+00  5.306411e-03  1.058795e+00  5.232854e-03  
   2.4778299  1.151155e+00  5.512278e-03  1.151189e+00  5.512794e-03  1.067558e+00  5.491671e-03  
   2.4988301  1.162059e+00  5.744131e-03  1.162094e+00  5.744680e-03  1.077042e+00  5.784112e-03  
   2.5204301  1.173661e+00  6.000425e-03  1.173696e+00  6.001009e-03  1.087113e+00  6.108652e-03  
   2.5404301  1.184772e+00  6.255493e-03  1.184808e+00  6.256115e-03  1.096739e+00  6.432265e-03  
   2.5614300  1.196841e+00  6.543704e-03  1.196879e+00  6.544368e-03  1.107174e+00  6.797889e-03  
   2.5824299  1.209348e+00  6.855203e-03  1.209386e+00  6.855913e-03  1.117962e+00  7.192158e-03  
   2.6034300  1.222321e+00  7.192921e-03  1.222361e+00  7.193685e-03  1.129125e+00  7.617609e-03  
   2.6244299  1.235790e+00  7.560408e-03  1.235831e+00  7.561228e-03  1.140685e+00  8.077128e-03  
   2.6444299  1.249112e+00  7.942102e-03  1.249154e+00  7.942989e-03  1.152087e+00  8.549536e-03  
   2.6654301  1.263653e+00  8.381458e-03  1.263697e+00  8.382421e-03  1.164496e+00  9.085901e-03  
   2.6864300  1.278804e+00  8.867245e-03  1.278849e+00  8.868291e-03  1.177383e+00  9.668320e-03  
   2.7074299  1.294612e+00  9.408573e-03  1.294658e+00  9.409721e-03  1.190783e+00  1.030278e-02  
   2.7284300  1.311132e+00  1.001745e-02  1.311179e+00  1.001872e-02  1.204733e+00  1.099683e-02  
   2.7494299  1.328422e+00  1.070984e-02  1.328472e+00  1.071126e-02  1.219277e+00  1.176024e-02  
   2.7694299  1.345669e+00  1.146644e-02  1.345721e+00  1.146802e-02  1.233723e+00  1.256343e-02  
   2.7904301  1.364672e+00  1.239035e-02  1.364726e+00  1.239216e-02  1.249568e+00  1.350276e-02  
   2.8114300  1.384674e+00  1.348447e-02  1.384730e+00  1.348657e-02  1.266167e+00  1.456198e-02  
   2.8324299  1.405770e+00  1.479961e-02  1.405830e+00  1.480207e-02  1.283585e+00  1.576987e-02  
   2.8534300  1.428069e+00  1.640298e-02  1.428130e+00  1.640595e-02  1.301897e+00  1.716406e-02  
   2.8744299  1.451681e+00  1.838243e-02  1.451745e+00  1.838610e-02  1.321186e+00  1.879328e-02  
   2.8944299  1.475501e+00  2.072074e-02  1.475569e+00  2.072527e-02  1.340546e+00  2.062066e-02  
   2.9154301  1.502029e+00  2.378921e-02  1.502100e+00  2.379496e-02  1.362003e+00  2.290512e-02  
   2.9370301  1.531061e+00  2.778564e-02  1.531137e+00  2.779307e-02  1.385386e+00  2.574916e-02  
   2.9570301  1.559626e+00  3.244970e-02  1.559706e+00  3.245917e-02  1.408319e+00  2.894545e-02  
   2.9780300  1.591448e+00  3.859661e-02  1.591533e+00  3.860885e-02  1.433823e+00  3.303161e-02  
   2.9990301  1.625206e+00  4.632314e-02  1.625296e+00  4.633894e-02  1.460882e+00  3.804704e-02  
   3.0200300  1.660915e+00  5.597542e-02  1.661010e+00  5.599569e-02  1.489578e+00  4.421151e-02  
   3.0410299  1.698536e+00  6.793725e-02  1.698636e+00  6.796306e-02  1.519974e+00  5.178349e-02  
   3.0610299  1.736041e+00  8.185330e-02  1.736147e+00  8.188546e-02  1.550534e+00  6.057594e-02  
   3.0820301  1.776990e+00  9.952423e-02  1.777102e+00  9.956433e-02  1.584301e+00  7.179067e-02  
   3.1030300  1.819262e+00  1.207435e-01  1.819378e+00  1.207928e-01  1.619725e+00  8.539967e-02  
   3.1240301  1.862466e+00  1.459073e-01  1.862588e+00  1.459670e-01  1.656673e+00  1.017984e-01  
   3.1450300  1.906113e+00  1.753591e-01  1.906239e+00  1.754305e-01  1.694926e+00  1.213948e-01  
   3.1660299  1.949620e+00  2.093653e-01  1.949750e+00  2.094493e-01  1.734176e+00  1.445931e-01  
   3.1860299  1.990323e+00  2.461362e-01  1.990456e+00  2.462330e-01  1.772110e+00  1.703818e-01  
   3.2070301  2.031610e+00  2.893877e-01  2.031744e+00  2.894981e-01  1.812028e+00  2.016546e-01  
   3.2280300  2.070687e+00  3.372948e-01  2.070822e+00  3.374190e-01  1.851441e+00  2.374684e-01  
   3.2490301  2.106832e+00  3.896106e-01  2.106965e+00  3.897477e-01  1.889649e+00  2.779661e-01  
   3.2700300  2.139371e+00  4.459369e-01  2.139502e+00  4.460862e-01  1.925898e+00  3.231552e-01  
   3.2910299  2.167719e+00  5.057406e-01  2.167845e+00  5.059012e-01  1.959391e+00  3.728880e-01  
   3.3110299  2.190394e+00  5.653382e-01  2.190515e+00  5.655073e-01  1.987999e+00  4.241886e-01  
   3.3320301  2.209354e+00  6.299883e-01  2.209467e+00  6.301646e-01  2.013857e+00  4.817190e-01  
   3.3536301  2.223509e+00  6.978964e-01  2.223614e+00  6.980775e-01  2.035295e+00  5.441320e-01  
   3.3736300  2.231786e+00  7.613179e-01  2.231882e+00  7.615013e-01  2.049972e+00  6.041027e-01  
   3.3946300  2.235642e+00  8.277512e-01  2.235727e+00  8.279348e-01  2.059663e+00  6.684431e-01  
   3.4156301  2.234846e+00  8.933628e-01  2.234921e+00  8.935447e-01  2.063319e+00  7.332184e-01  
   3.4366300  2.229823e+00  9.575858e-01  2.229887e+00  9.577636e-01  2.060975e+00  7.974172e-01  
   3.4576299  2.221069e+00  1.019984e+00  2.221124e+00  1.020156e+00  2.052890e+00  8.600610e-01  
   3.4776299  2.209756e+00  1.077437e+00  2.209803e+00  1.077602e+00  2.040284e+00  9.174572e-01  
   3.4986300  2.195269e+00  1.135529e+00  2.195306e+00  1.135688e+00  2.022522e+00  9.746119e-01  
   3.5196300  2.178601e+00  1.191289e+00  2.178631e+00  1.191440e+00  2.000920e+00  1.028000e+00  
   3.5406301  2.160192e+00  1.244771e+00  2.160215e+00  1.244913e+00  1.976380e+00  1.077238e+00  
   3.5616300  2.140399e+00  1.296099e+00  2.140414e+00  1.296233e+00  1.949851e+00  1.122162e+00  
   3.5826299  2.119489e+00  1.345438e+00  2.119499e+00  1.345564e+00  1.922267e+00  1.162828e+00  
   3.6026299  2.098705e+00  1.390737e+00  2.098710e+00  1.390855e+00  1.895804e+00  1.197832e+00  
   3.6236300  2.076083e+00  1.436672e+00  2.076082e+00  1.436783e+00  1.868524e+00  1.231076e+00  
   3.6446300  2.052710e+00  1.481046e+00  2.052704e+00  1.481150e+00  1.842338e+00  1.261252e+00  
   3.6656301  2.028635e+00  1.523921e+00  2.028622e+00  1.524017e+00  1.817652e+00  1.288963e+00  
   3.6866300  2.003917e+00  1.565299e+00  2.003899e+00  1.565388e+00  1.794687e+00  1.314821e+00  
   3.7076299  1.978646e+00  1.605138e+00  1.978622e+00  1.605220e+00  1.773500e+00  1.339393e+00  
   3.7276299  1.954202e+00  1.641582e+00  1.954170e+00  1.641659e+00  1.754901e+00  1.362042e+00  
   3.7486300  1.928348e+00  1.678199e+00  1.928310e+00  1.678270e+00  1.736867e+00  1.385384e+00  
   3.7702301  1.901861e+00  1.714041e+00  1.901815e+00  1.714108e+00  1.719694e+00  1.409168e+00  
   3.7902300  1.877770e+00  1.745570e+00  1.877718e+00  1.745633e+00  1.704836e+00  1.431089e+00  
   3.8112299  1.853335e+00  1.777029e+00  1.853278e+00  1.777089e+00  1.690160e+00  1.454007e+00  
   3.8322301  1.830237e+00  1.806968e+00  1.830173e+00  1.807027e+00  1.676353e+00  1.476758e+00  
   3.8532300  1.808938e+00  1.835679e+00  1.808870e+00  1.835738e+00  1.663437e+00  1.499246e+00  
   3.8742299  1.789879e+00  1.863587e+00  1.789809e+00  1.863649e+00  1.651541e+00  1.521396e+00  
   3.8942299  1.774157e+00  1.889931e+00  1.774084e+00  1.889998e+00  1.641365e+00  1.542168e+00  
   3.9152300  1.760455e+00  1.918001e+00  1.760383e+00  1.918076e+00  1.632170e+00  1.563727e+00  
   3.9362299  1.749760e+00  1.947272e+00  1.749690e+00  1.947356e+00  1.624822e+00  1.585248e+00  
   3.9572301  1.742025e+00  1.978619e+00  1.741958e+00  1.978716e+00  1.619641e+00  1.607109e+00  
   3.9782300  1.736999e+00  2.012960e+00  1.736937e+00  2.013074e+00  1.616889e+00  1.629839e+00  
   3.9992299  1.734205e+00  2.051216e+00  1.734148e+00  2.051349e+00  1.616729e+00  1.654114e+00  
   4.0192299  1.732972e+00  2.092090e+00  1.732920e+00  2.092243e+00  1.619009e+00  1.679400e+00  
   4.0402298  1.732280e+00  2.140409e+00  1.732234e+00  2.140584e+00  1.623808e+00  1.709077e+00  
   4.0612302  1.731086e+00  2.194878e+00  1.731045e+00  2.195076e+00  1.630720e+00  1.742879e+00  
   4.0822301  1.728077e+00  2.255918e+00  1.728038e+00  2.256140e+00  1.639162e+00  1.781737e+00  
   4.1032300  1.721809e+00  2.323716e+00  1.721772e+00  2.323961e+00  1.648317e+00  1.826529e+00  
   4.1242299  1.710768e+00  2.398198e+00  1.710730e+00  2.398464e+00  1.657130e+00  1.878021e+00  
   4.1442299  1.694414e+00  2.475020e+00  1.694371e+00  2.475303e+00  1.664039e+00  1.933830e+00  
   4.1652298  1.669691e+00  2.561254e+00  1.669639e+00  2.561551e+00  1.668325e+00  1.999881e+00  
   4.1868300  1.634776e+00  2.654970e+00  1.634710e+00  2.655276e+00  1.667876e+00  2.075862e+00  
   4.2068300  1.592745e+00  2.745201e+00  1.592661e+00  2.745510e+00  1.661457e+00  2.153241e+00  
   4.2278299  1.537616e+00  2.842197e+00  1.537509e+00  2.842503e+00  1.646802e+00  2.241146e+00  
   4.2488298  1.470498e+00  2.939982e+00  1.470361e+00  2.940278e+00  1.622369e+00  2.334855e+00  
   4.2698302  1.390924e+00  3.036883e+00  1.390752e+00  3.037162e+00  1.586604e+00  2.432950e+00  
   4.2908301  1.298722e+00  3.131122e+00  1.298510e+00  3.131379e+00  1.538200e+00  2.533618e+00  
   4.3108301  1.199271e+00  3.216737e+00  1.199016e+00  3.216968e+00  1.479467e+00  2.629940e+00  
   4.3318300  1.083008e+00  3.300525e+00  1.082705e+00  3.300722e+00  1.404005e+00  2.729249e+00  
   4.3528299  9.552804e-01  3.376274e+00  9.549276e-01  3.376434e+00  1.314366e+00  2.824176e+00  
   4.3738298  8.170308e-01  3.442236e+00  8.166272e-01  3.442355e+00  1.211033e+00  2.912123e+00  
   4.3948302  6.694514e-01  3.496757e+00  6.689979e-01  3.496834e+00  1.095045e+00  2.990577e+00  
   4.4158301  5.139906e-01  3.538311e+00  5.134889e-01  3.538342e+00  9.679743e-01  3.057225e+00  
   4.4358301  3.601238e-01  3.564595e+00  3.595800e-01  3.564583e+00  8.385124e-01  3.107923e+00  
   4.4568300  1.942615e-01  3.577137e+00  1.936789e-01  3.577076e+00  6.960260e-01  3.146264e+00  
   4.4778299  2.600973e-02  3.573373e+00  2.539440e-02  3.573268e+00  5.494499e-01  3.168348e+00  
   4.4988298  -1.424331e-01  3.552714e+00  -1.430731e-01  3.552564e+00  4.015688e-01  3.173718e+00  
   4.5198302  -3.087644e-01  3.514907e+00  -3.094209e-01  3.514713e+00  2.551438e-01  3.162501e+00  
   4.5408301  -4.706191e-01  3.460096e+00  -4.712830e-01  3.459859e+00  1.127908e-01  3.135378e+00  
   4.5608301  -6.184651e-01  3.392594e+00  -6.191279e-01  3.392318e+00  -1.686254e-02  3.095829e+00  
   4.5818300  -7.649244e-01  3.306594e+00  -7.655773e-01  3.306283e+00  -1.448828e-01  3.041414e+00  
   4.6034298  -9.040393e-01  3.203451e+00  -9.046738e-01  3.203104e+00  -2.662805e-01  2.973619e+00  
   4.6234298  -1.020734e+00  3.096375e+00  -1.021344e+00  3.095999e+00  -3.683586e-01  2.902095e+00  
   4.6444302  -1.129312e+00  2.974080e+00  -1.129892e+00  2.973677e+00  -4.642199e-01  2.820023e+00  
   4.6654301  -1.222576e+00  2.844097e+00  -1.223121e+00  2.843670e+00  -5.482477e-01  2.732912e+00  
   4.6864300  -1.299958e+00  2.709050e+00  -1.300464e+00  2.708602e+00  -6.205715e-01  2.642782e+00  
   4.7074299  -1.361385e+00  2.571621e+00  -1.361851e+00  2.571155e+00  -6.816225e-01  2.551484e+00  
   4.7274299  -1.405423e+00  2.440912e+00  -1.405850e+00  2.440432e+00  -7.298919e-01  2.464935e+00  
   4.7484298  -1.437285e+00  2.306189e+00  -1.437672e+00  2.305695e+00  -7.710000e-01  2.375806e+00  
   4.7694302  -1.455611e+00  2.176155e+00  -1.455959e+00  2.175649e+00  -8.032134e-01  2.289571e+00  
   4.7904301  -1.461891e+00  2.052598e+00  -1.462203e+00  2.052082e+00  -8.275074e-01  2.207106e+00  
   4.8114300  -1.457801e+00  1.936887e+00  -1.458078e+00  1.936361e+00  -8.448647e-01  2.129042e+00  
   4.8324299  -1.445092e+00  1.829970e+00  -1.445338e+00  1.829435e+00  -8.562405e-01  2.055802e+00  
   4.8524299  -1.426568e+00  1.736818e+00  -1.426786e+00  1.736276e+00  -8.623396e-01  1.990752e+00  
   4.8734298  -1.401962e+00  1.648293e+00  -1.402153e+00  1.647743e+00  -8.645753e-01  1.927466e+00  
   4.8944302  -1.373551e+00  1.569154e+00  -1.373718e+00  1.568597e+00  -8.632893e-01  1.869278e+00  
   4.9154301  -1.342656e+00  1.499038e+00  -1.342800e+00  1.498474e+00  -8.591607e-01  1.816052e+00  
   4.9364300  -1.310392e+00  1.437398e+00  -1.310514e+00  1.436828e+00  -8.527871e-01  1.767572e+00  
   4.9574299  -1.277667e+00  1.383571e+00  -1.277768e+00  1.382996e+00  -8.446853e-01  1.723573e+00  
   4.9774299  -1.246728e+00  1.338906e+00  -1.246811e+00  1.338326e+00  -8.357682e-01  1.685565e+00  
   4.9984298  -1.215002e+00  1.298220e+00  -1.215065e+00  1.297636e+00  -8.255020e-01  1.649439e+00  
