w Re-xx Im-xx Re-yy Im-yy Re-zz Im-zz
# Gaussian absolute broadening  0.15 [eV]
   0.0000000  7.677500e-01  8.816410e-05  7.677446e-01  8.816410e-05  7.260926e-01  7.921298e-05  
   0.0200000  7.678493e-01  9.435675e-05  7.678440e-01  9.435676e-05  7.261821e-01  8.477551e-05  
   0.0410000  7.679680e-01  1.014135e-04  7.679630e-01  1.014135e-04  7.262884e-01  9.111388e-05  
   0.0620000  7.681031e-01  1.090742e-04  7.680978e-01  1.090742e-04  7.264097e-01  9.799452e-05  
   0.0830000  7.682562e-01  1.173728e-04  7.682511e-01  1.173728e-04  7.265474e-01  1.054477e-04  
   0.1040000  7.684305e-01  1.263385e-04  7.684252e-01  1.263386e-04  7.267041e-01  1.134996e-04  
   0.1240000  7.686166e-01  1.355189e-04  7.686115e-01  1.355189e-04  7.268714e-01  1.217438e-04  
   0.1450000  7.688370e-01  1.458469e-04  7.688318e-01  1.458470e-04  7.270690e-01  1.310180e-04  
   0.1660000  7.690837e-01  1.568869e-04  7.690785e-01  1.568871e-04  7.272909e-01  1.409308e-04  
   0.1870000  7.693602e-01  1.686354e-04  7.693550e-01  1.686356e-04  7.275392e-01  1.514788e-04  
   0.2080000  7.696675e-01  1.810777e-04  7.696624e-01  1.810780e-04  7.278153e-01  1.626488e-04  
   0.2290000  7.700078e-01  1.941889e-04  7.700026e-01  1.941893e-04  7.281207e-01  1.744180e-04  
   0.2490000  7.703640e-01  2.072654e-04  7.703590e-01  2.072659e-04  7.284408e-01  1.861547e-04  
   0.2700000  7.707727e-01  2.215729e-04  7.707676e-01  2.215736e-04  7.288078e-01  1.989947e-04  
   0.2910000  7.712182e-01  2.364227e-04  7.712132e-01  2.364238e-04  7.292081e-01  2.123196e-04  
   0.3120000  7.717016e-01  2.517612e-04  7.716966e-01  2.517626e-04  7.296422e-01  2.260808e-04  
   0.3330000  7.722231e-01  2.675334e-04  7.722178e-01  2.675354e-04  7.301101e-01  2.402289e-04  
   0.3540000  7.727825e-01  2.836861e-04  7.727774e-01  2.836886e-04  7.306127e-01  2.547156e-04  
   0.3740000  7.733514e-01  2.993778e-04  7.733463e-01  2.993811e-04  7.311232e-01  2.687863e-04  
   0.3950000  7.739858e-01  3.161353e-04  7.739808e-01  3.161395e-04  7.316930e-01  2.838095e-04  
   0.4160000  7.746587e-01  3.331430e-04  7.746537e-01  3.331483e-04  7.322971e-01  2.990539e-04  
   0.4374300  7.753853e-01  3.507256e-04  7.753804e-01  3.507321e-04  7.329493e-01  3.148097e-04  
   0.4574300  7.760991e-01  3.673183e-04  7.760940e-01  3.673262e-04  7.335898e-01  3.296750e-04  
   0.4784300  7.768857e-01  3.849144e-04  7.768806e-01  3.849239e-04  7.342957e-01  3.454352e-04  
   0.4994300  7.777103e-01  4.026768e-04  7.777056e-01  4.026878e-04  7.350358e-01  3.613397e-04  
   0.5204300  7.785734e-01  4.205980e-04  7.785683e-01  4.206108e-04  7.358099e-01  3.773822e-04  
   0.5414300  7.794744e-01  4.386747e-04  7.794694e-01  4.386891e-04  7.366186e-01  3.935588e-04  
   0.5614300  7.803686e-01  4.560351e-04  7.803636e-01  4.560511e-04  7.374205e-01  4.090895e-04  
   0.5824300  7.813452e-01  4.744169e-04  7.813403e-01  4.744343e-04  7.382964e-01  4.255287e-04  
   0.6034300  7.823605e-01  4.929591e-04  7.823558e-01  4.929780e-04  7.392073e-01  4.421055e-04  
   0.6244300  7.834154e-01  5.116672e-04  7.834108e-01  5.116874e-04  7.401533e-01  4.588247e-04  
   0.6454300  7.845101e-01  5.305464e-04  7.845053e-01  5.305674e-04  7.411345e-01  4.756902e-04  
   0.6664300  7.856444e-01  5.496028e-04  7.856399e-01  5.496244e-04  7.421519e-01  4.927078e-04  
   0.6864300  7.867620e-01  5.679226e-04  7.867574e-01  5.679448e-04  7.431534e-01  5.090610e-04  
   0.7074300  7.879753e-01  5.873445e-04  7.879705e-01  5.873669e-04  7.442411e-01  5.263911e-04  
   0.7284300  7.892295e-01  6.069640e-04  7.892248e-01  6.069863e-04  7.453648e-01  5.438901e-04  
   0.7494300  7.905253e-01  6.267887e-04  7.905207e-01  6.268110e-04  7.465258e-01  5.615648e-04  
   0.7704300  7.918626e-01  6.468258e-04  7.918581e-01  6.468480e-04  7.477239e-01  5.794211e-04  
   0.7914300  7.932423e-01  6.670838e-04  7.932381e-01  6.671059e-04  7.489600e-01  5.974661e-04  
   0.8114300  7.945957e-01  6.865892e-04  7.945915e-01  6.866115e-04  7.501721e-01  6.148334e-04  
   0.8324300  7.960593e-01  7.073017e-04  7.960551e-01  7.073241e-04  7.514825e-01  6.332672e-04  
   0.8540300  7.976105e-01  7.288629e-04  7.976062e-01  7.288857e-04  7.528710e-01  6.524478e-04  
   0.8740300  7.990883e-01  7.490680e-04  7.990842e-01  7.490912e-04  7.541939e-01  6.704135e-04  
   0.8950300  8.006836e-01  7.705418e-04  8.006796e-01  7.705661e-04  7.556216e-01  6.894983e-04  
   0.9160300  8.023244e-01  7.922907e-04  8.023203e-01  7.923163e-04  7.570897e-01  7.088185e-04  
   0.9370300  8.040109e-01  8.143248e-04  8.040071e-01  8.143520e-04  7.585984e-01  7.283823e-04  
   0.9580300  8.057440e-01  8.366552e-04  8.057402e-01  8.366841e-04  7.601485e-01  7.481988e-04  
   0.9780300  8.074389e-01  8.582082e-04  8.074352e-01  8.582389e-04  7.616640e-01  7.673157e-04  
   0.9990300  8.092651e-01  8.811491e-04  8.092614e-01  8.811819e-04  7.632967e-01  7.876537e-04  
   1.0200300  8.111399e-01  9.044200e-04  8.111362e-01  9.044554e-04  7.649723e-01  8.082723e-04  
   1.0410300  8.130639e-01  9.280331e-04  8.130604e-01  9.280699e-04  7.666917e-01  8.291826e-04  
   1.0620300  8.150384e-01  9.519996e-04  8.150350e-01  9.520386e-04  7.684556e-01  8.503938e-04  
   1.0830300  8.170635e-01  9.763323e-04  8.170600e-01  9.763732e-04  7.702644e-01  8.719165e-04  
   1.1030300  8.190398e-01  9.998583e-04  8.190367e-01  9.999004e-04  7.720292e-01  8.927136e-04  
   1.1240300  8.211663e-01  1.024943e-03  8.211629e-01  1.024987e-03  7.739275e-01  9.148751e-04  
   1.1450300  8.233456e-01  1.050433e-03  8.233425e-01  1.050478e-03  7.758724e-01  9.373805e-04  
   1.1660300  8.255790e-01  1.076342e-03  8.255760e-01  1.076387e-03  7.778653e-01  9.602412e-04  
   1.1870300  8.278673e-01  1.102684e-03  8.278645e-01  1.102730e-03  7.799065e-01  9.834691e-04  
   1.2080300  8.302112e-01  1.129475e-03  8.302083e-01  1.129521e-03  7.819967e-01  1.007077e-03  
   1.2280300  8.324960e-01  1.155420e-03  8.324932e-01  1.155467e-03  7.840336e-01  1.029925e-03  
   1.2490300  8.349510e-01  1.183133e-03  8.349484e-01  1.183179e-03  7.862217e-01  1.054313e-03  
   1.2706300  8.375379e-01  1.212156e-03  8.375355e-01  1.212203e-03  7.885265e-01  1.079836e-03  
   1.2906300  8.399892e-01  1.239516e-03  8.399866e-01  1.239563e-03  7.907100e-01  1.103880e-03  
   1.3116300  8.426224e-01  1.268765e-03  8.426203e-01  1.268813e-03  7.930549e-01  1.129566e-03  
   1.3326300  8.453175e-01  1.298568e-03  8.453155e-01  1.298617e-03  7.954538e-01  1.155720e-03  
   1.3536299  8.480759e-01  1.328946e-03  8.480737e-01  1.328996e-03  7.979081e-01  1.182358e-03  
   1.3746300  8.508984e-01  1.359920e-03  8.508965e-01  1.359971e-03  8.004191e-01  1.209499e-03  
   1.3946300  8.536479e-01  1.389994e-03  8.536462e-01  1.390048e-03  8.028640e-01  1.235832e-03  
   1.4156300  8.566005e-01  1.422198e-03  8.565989e-01  1.422253e-03  8.054887e-01  1.264008e-03  
   1.4366300  8.596214e-01  1.455067e-03  8.596200e-01  1.455125e-03  8.081729e-01  1.292744e-03  
   1.4576300  8.627124e-01  1.488627e-03  8.627108e-01  1.488687e-03  8.109186e-01  1.322060e-03  
   1.4786299  8.658748e-01  1.522903e-03  8.658737e-01  1.522965e-03  8.137266e-01  1.351978e-03  
   1.4996300  8.691100e-01  1.557923e-03  8.691090e-01  1.557988e-03  8.165984e-01  1.382519e-03  
   1.5196300  8.722600e-01  1.591991e-03  8.722590e-01  1.592058e-03  8.193932e-01  1.412206e-03  
   1.5406300  8.756420e-01  1.628544e-03  8.756413e-01  1.628614e-03  8.223926e-01  1.444032e-03  
   1.5616300  8.791017e-01  1.665927e-03  8.791011e-01  1.666000e-03  8.254596e-01  1.476553e-03  
   1.5826300  8.826405e-01  1.704172e-03  8.826401e-01  1.704248e-03  8.285954e-01  1.509793e-03  
   1.6036299  8.862606e-01  1.743314e-03  8.862604e-01  1.743393e-03  8.318020e-01  1.543782e-03  
   1.6246300  8.899637e-01  1.783387e-03  8.899638e-01  1.783470e-03  8.350807e-01  1.578549e-03  
   1.6446300  8.935694e-01  1.822452e-03  8.935694e-01  1.822537e-03  8.382712e-01  1.612410e-03  
   1.6656300  8.974398e-01  1.864455e-03  8.974400e-01  1.864543e-03  8.416950e-01  1.648784e-03  
   1.6872300  9.015146e-01  1.908756e-03  9.015149e-01  1.908847e-03  8.452975e-01  1.687109e-03  
   1.7072300  9.053733e-01  1.950808e-03  9.053739e-01  1.950903e-03  8.487072e-01  1.723453e-03  
   1.7282300  9.095168e-01  1.996079e-03  9.095175e-01  1.996177e-03  8.523669e-01  1.762540e-03  
   1.7492300  9.137558e-01  2.042544e-03  9.137570e-01  2.042646e-03  8.561093e-01  1.802614e-03  
   1.7702301  9.180939e-01  2.090259e-03  9.180952e-01  2.090364e-03  8.599367e-01  1.843720e-03  
   1.7912300  9.225335e-01  2.139281e-03  9.225353e-01  2.139390e-03  8.638517e-01  1.885903e-03  
   1.8112299  9.268595e-01  2.187243e-03  9.268612e-01  2.187356e-03  8.676640e-01  1.927124e-03  
   1.8322300  9.315052e-01  2.239004e-03  9.315075e-01  2.239121e-03  8.717567e-01  1.971553e-03  
   1.8532300  9.362620e-01  2.292271e-03  9.362645e-01  2.292394e-03  8.759439e-01  2.017213e-03  
   1.8742300  9.411322e-01  2.347124e-03  9.411350e-01  2.347250e-03  8.802289e-01  2.064160e-03  
   1.8952301  9.461194e-01  2.403645e-03  9.461222e-01  2.403777e-03  8.846138e-01  2.112458e-03  
   1.9162300  9.512267e-01  2.461924e-03  9.512298e-01  2.462061e-03  8.891016e-01  2.162172e-03  
   1.9362299  9.562052e-01  2.519154e-03  9.562088e-01  2.519296e-03  8.934737e-01  2.210902e-03  
   1.9572300  9.615573e-01  2.581160e-03  9.615610e-01  2.581306e-03  8.981704e-01  2.263597e-03  
   1.9782300  9.670414e-01  2.645243e-03  9.670455e-01  2.645396e-03  9.029792e-01  2.317944e-03  
   1.9992300  9.726598e-01  2.711534e-03  9.726638e-01  2.711691e-03  9.079030e-01  2.374037e-03  
   2.0202301  9.784183e-01  2.780174e-03  9.784228e-01  2.780337e-03  9.129459e-01  2.431984e-03  
   2.0412300  9.843202e-01  2.851319e-03  9.843255e-01  2.851489e-03  9.181104e-01  2.491904e-03  
   2.0612299  9.900795e-01  2.921567e-03  9.900852e-01  2.921742e-03  9.231464e-01  2.550926e-03  
   2.0822301  9.962772e-01  2.998126e-03  9.962831e-01  2.998308e-03  9.285618e-01  2.615100e-03  
   2.1038301  1.002818e+00  3.080089e-03  1.002824e+00  3.080277e-03  9.342725e-01  2.683638e-03  
   2.1238301  1.009030e+00  3.159107e-03  1.009036e+00  3.159301e-03  9.396908e-01  2.749568e-03  
   2.1448300  1.015719e+00  3.245567e-03  1.015725e+00  3.245769e-03  9.455214e-01  2.821560e-03  
   2.1658299  1.022584e+00  3.335886e-03  1.022592e+00  3.336097e-03  9.515005e-01  2.896624e-03  
   2.1868300  1.029634e+00  3.430388e-03  1.029641e+00  3.430609e-03  9.576347e-01  2.975038e-03  
   2.2078300  1.036874e+00  3.529417e-03  1.036882e+00  3.529648e-03  9.639288e-01  3.057103e-03  
   2.2278299  1.043954e+00  3.628295e-03  1.043962e+00  3.628537e-03  9.700782e-01  3.138967e-03  
   2.2488301  1.051588e+00  3.737312e-03  1.051598e+00  3.737564e-03  9.767032e-01  3.229169e-03  
   2.2698300  1.059438e+00  3.852092e-03  1.059448e+00  3.852359e-03  9.835067e-01  3.324122e-03  
   2.2908299  1.067509e+00  3.973136e-03  1.067520e+00  3.973420e-03  9.904972e-01  3.424274e-03  
   2.3118300  1.075815e+00  4.100980e-03  1.075825e+00  4.101281e-03  9.976810e-01  3.530113e-03  
   2.3328300  1.084361e+00  4.236202e-03  1.084374e+00  4.236521e-03  1.005066e+00  3.642163e-03  
   2.3528299  1.092736e+00  4.372421e-03  1.092749e+00  4.372758e-03  1.012295e+00  3.755183e-03  
   2.3738301  1.101787e+00  4.523918e-03  1.101800e+00  4.524277e-03  1.020097e+00  3.881079e-03  
   2.3948300  1.111114e+00  4.684815e-03  1.111127e+00  4.685196e-03  1.028127e+00  4.015044e-03  
   2.4158299  1.120728e+00  4.855929e-03  1.120743e+00  4.856334e-03  1.036395e+00  4.157827e-03  
   2.4368300  1.130646e+00  5.038159e-03  1.130661e+00  5.038588e-03  1.044910e+00  4.310248e-03  
   2.4578300  1.140880e+00  5.232497e-03  1.140896e+00  5.232953e-03  1.053685e+00  4.473206e-03  
   2.4778299  1.150937e+00  5.429853e-03  1.150953e+00  5.430334e-03  1.062295e+00  4.639111e-03  
   2.4988301  1.161838e+00  5.651167e-03  1.161856e+00  5.651677e-03  1.071613e+00  4.825618e-03  
   2.5204301  1.173438e+00  5.895340e-03  1.173456e+00  5.895884e-03  1.081511e+00  5.031892e-03  
   2.5404301  1.184546e+00  6.137907e-03  1.184566e+00  6.138484e-03  1.090973e+00  5.237238e-03  
   2.5614300  1.196614e+00  6.411495e-03  1.196634e+00  6.412110e-03  1.101232e+00  5.469228e-03  
   2.5824299  1.209119e+00  6.706639e-03  1.209141e+00  6.707290e-03  1.111841e+00  5.719765e-03  
   2.6034300  1.222092e+00  7.026011e-03  1.222115e+00  7.026706e-03  1.122821e+00  5.990938e-03  
   2.6244299  1.235561e+00  7.372847e-03  1.235586e+00  7.373594e-03  1.134194e+00  6.285173e-03  
   2.6444299  1.248884e+00  7.732391e-03  1.248909e+00  7.733189e-03  1.145415e+00  6.589499e-03  
   2.6654301  1.263428e+00  8.145476e-03  1.263455e+00  8.146328e-03  1.157631e+00  6.937739e-03  
   2.6864300  1.278583e+00  8.601403e-03  1.278611e+00  8.602322e-03  1.170319e+00  7.319649e-03  
   2.7074299  1.294398e+00  9.108737e-03  1.294428e+00  9.109734e-03  1.183516e+00  7.740715e-03  
   2.7284300  1.310927e+00  9.678887e-03  1.310959e+00  9.679974e-03  1.197258e+00  8.207938e-03  
   2.7494299  1.328233e+00  1.032718e-02  1.328266e+00  1.032837e-02  1.211585e+00  8.730368e-03  
   2.7694299  1.345499e+00  1.103619e-02  1.345535e+00  1.103753e-02  1.225818e+00  9.290014e-03  
   2.7904301  1.364529e+00  1.190371e-02  1.364567e+00  1.190522e-02  1.241430e+00  9.957589e-03  
   2.8114300  1.384569e+00  1.293436e-02  1.384609e+00  1.293611e-02  1.257782e+00  1.072672e-02  
   2.8324299  1.405717e+00  1.417867e-02  1.405759e+00  1.418073e-02  1.274940e+00  1.162347e-02  
   2.8534300  1.428082e+00  1.570396e-02  1.428127e+00  1.570644e-02  1.292976e+00  1.268173e-02  
   2.8744299  1.451781e+00  1.759874e-02  1.451830e+00  1.760180e-02  1.311969e+00  1.394530e-02  
   2.8944299  1.475708e+00  1.985160e-02  1.475760e+00  1.985539e-02  1.331029e+00  1.539104e-02  
   2.9154301  1.502379e+00  2.282782e-02  1.502434e+00  2.283264e-02  1.352152e+00  1.723221e-02  
   2.9370301  1.531595e+00  2.673079e-02  1.531655e+00  2.673703e-02  1.375169e+00  1.956512e-02  
   2.9570301  1.560370e+00  3.131499e-02  1.560434e+00  3.132297e-02  1.397746e+00  2.222822e-02  
   2.9780300  1.592460e+00  3.739253e-02  1.592529e+00  3.740285e-02  1.422867e+00  2.568089e-02  
   2.9990301  1.626536e+00  4.507429e-02  1.626610e+00  4.508762e-02  1.449538e+00  2.997487e-02  
   3.0200300  1.662617e+00  5.471847e-02  1.662696e+00  5.473557e-02  1.477854e+00  3.531690e-02  
   3.0410299  1.700662e+00  6.672278e-02  1.700747e+00  6.674456e-02  1.507895e+00  4.195307e-02  
   3.0610299  1.738614e+00  8.074017e-02  1.738704e+00  8.076730e-02  1.538156e+00  4.973882e-02  
   3.0820301  1.780070e+00  9.859629e-02  1.780166e+00  9.863010e-02  1.571676e+00  5.976733e-02  
   3.1030300  1.822869e+00  1.200956e-01  1.822971e+00  1.201371e-01  1.606946e+00  7.205379e-02  
   3.1240301  1.866604e+00  1.456461e-01  1.866711e+00  1.456965e-01  1.643866e+00  8.699473e-02  
   3.1450300  1.910756e+00  1.755988e-01  1.910866e+00  1.756590e-01  1.682248e+00  1.050063e-01  
   3.1660299  1.954710e+00  2.102215e-01  1.954825e+00  2.102924e-01  1.721818e+00  1.265091e-01  
   3.1860299  1.995755e+00  2.476817e-01  1.995873e+00  2.477635e-01  1.760260e+00  1.506033e-01  
   3.2070301  2.037280e+00  2.917505e-01  2.037399e+00  2.918441e-01  1.800952e+00  1.800464e-01  
   3.2280300  2.076438e+00  3.405490e-01  2.076556e+00  3.406545e-01  1.841403e+00  2.140224e-01  
   3.2490301  2.112481e+00  3.937998e-01  2.112598e+00  3.939171e-01  1.880929e+00  2.527262e-01  
   3.2700300  2.144717e+00  4.510695e-01  2.144830e+00  4.511978e-01  1.918771e+00  2.962232e-01  
   3.2910299  2.172555e+00  5.117867e-01  2.172662e+00  5.119254e-01  1.954125e+00  3.444277e-01  
   3.3110299  2.194555e+00  5.721915e-01  2.194656e+00  5.723388e-01  1.984736e+00  3.944810e-01  
   3.3320301  2.212629e+00  6.375918e-01  2.212720e+00  6.377468e-01  2.012911e+00  4.509759e-01  
   3.3536301  2.225713e+00  7.061408e-01  2.225794e+00  7.063023e-01  2.036916e+00  5.126678e-01  
   3.3736300  2.232895e+00  7.700249e-01  2.232965e+00  7.701914e-01  2.054092e+00  5.723172e-01  
   3.3946300  2.235537e+00  8.368075e-01  2.235592e+00  8.369772e-01  2.066489e+00  6.367015e-01  
   3.4156301  2.233511e+00  9.026404e-01  2.233551e+00  9.028121e-01  2.072882e+00  7.019171e-01  
   3.4366300  2.227282e+00  9.669797e-01  2.227306e+00  9.671526e-01  2.073257e+00  7.669410e-01  
   3.4576299  2.217387e+00  1.029420e+00  2.217393e+00  1.029593e+00  2.067826e+00  8.307663e-01  
   3.4776299  2.205067e+00  1.086877e+00  2.205058e+00  1.087049e+00  2.057646e+00  8.895783e-01  
   3.4986300  2.189618e+00  1.144968e+00  2.189590e+00  1.145138e+00  2.042293e+00  9.484719e-01  
   3.5196300  2.172082e+00  1.200742e+00  2.172036e+00  1.200910e+00  2.022924e+00  1.003793e+00  
   3.5406301  2.152889e+00  1.254268e+00  2.152825e+00  1.254434e+00  2.000419e+00  1.055093e+00  
   3.5616300  2.132372e+00  1.305665e+00  2.132289e+00  1.305828e+00  1.975705e+00  1.102141e+00  
   3.5826299  2.110775e+00  1.355076e+00  2.110675e+00  1.355237e+00  1.949704e+00  1.144934e+00  
   3.6026299  2.089353e+00  1.400409e+00  2.089238e+00  1.400566e+00  1.924527e+00  1.181923e+00  
   3.6236300  2.066064e+00  1.446290e+00  2.065933e+00  1.446443e+00  1.898365e+00  1.217175e+00  
   3.6446300  2.042028e+00  1.490456e+00  2.041884e+00  1.490605e+00  1.873061e+00  1.249263e+00  
   3.6656301  2.017309e+00  1.532898e+00  2.017154e+00  1.533042e+00  1.849032e+00  1.278787e+00  
   3.6866300  1.992001e+00  1.573555e+00  1.991839e+00  1.573694e+00  1.826512e+00  1.306367e+00  
   3.7076299  1.966245e+00  1.612331e+00  1.966078e+00  1.612465e+00  1.805572e+00  1.332593e+00  
   3.7276299  1.941492e+00  1.647413e+00  1.941324e+00  1.647542e+00  1.787041e+00  1.356777e+00  
   3.7486300  1.915543e+00  1.682225e+00  1.915377e+00  1.682349e+00  1.768918e+00  1.381715e+00  
   3.7702301  1.889275e+00  1.715824e+00  1.889116e+00  1.715943e+00  1.751494e+00  1.407146e+00  
   3.7902300  1.865735e+00  1.744971e+00  1.865585e+00  1.745087e+00  1.736276e+00  1.430611e+00  
   3.8112299  1.842286e+00  1.773684e+00  1.842148e+00  1.773798e+00  1.721098e+00  1.455173e+00  
   3.8322301  1.820614e+00  1.800725e+00  1.820492e+00  1.800839e+00  1.706674e+00  1.479580e+00  
   3.8532300  1.801189e+00  1.826502e+00  1.801085e+00  1.826617e+00  1.693038e+00  1.503717e+00  
   3.8742299  1.784421e+00  1.851571e+00  1.784337e+00  1.851688e+00  1.680337e+00  1.527476e+00  
   3.8942299  1.771216e+00  1.875417e+00  1.771153e+00  1.875539e+00  1.669332e+00  1.549706e+00  
   3.9152300  1.760437e+00  1.901200e+00  1.760396e+00  1.901331e+00  1.659229e+00  1.572677e+00  
   3.9362299  1.752849e+00  1.928637e+00  1.752830e+00  1.928779e+00  1.650967e+00  1.595449e+00  
   3.9572301  1.748298e+00  1.958692e+00  1.748301e+00  1.958847e+00  1.644908e+00  1.618363e+00  
   3.9782300  1.746420e+00  1.992344e+00  1.746441e+00  1.992515e+00  1.641359e+00  1.641921e+00  
   3.9992299  1.746631e+00  2.030545e+00  1.746670e+00  2.030734e+00  1.640532e+00  1.666780e+00  
   4.0192299  1.748047e+00  2.071953e+00  1.748098e+00  2.072162e+00  1.642344e+00  1.692389e+00  
   4.0402298  1.749846e+00  2.121422e+00  1.749905e+00  2.121655e+00  1.646871e+00  1.722166e+00  
   4.0612302  1.750798e+00  2.177585e+00  1.750861e+00  2.177840e+00  1.653772e+00  1.755832e+00  
   4.0822301  1.749571e+00  2.240783e+00  1.749633e+00  2.241066e+00  1.662490e+00  1.794338e+00  
   4.1032300  1.744723e+00  2.311110e+00  1.744779e+00  2.311418e+00  1.672218e+00  1.838585e+00  
   4.1242299  1.734759e+00  2.388378e+00  1.734804e+00  2.388712e+00  1.681895e+00  1.889359e+00  
   4.1442299  1.719144e+00  2.467988e+00  1.719170e+00  2.468345e+00  1.689873e+00  1.944345e+00  
   4.1652298  1.694932e+00  2.557180e+00  1.694936e+00  2.557557e+00  1.695500e+00  2.009401e+00  
   4.1868300  1.660301e+00  2.653850e+00  1.660276e+00  2.654245e+00  1.696610e+00  2.084235e+00  
   4.2068300  1.618349e+00  2.746640e+00  1.618293e+00  2.747049e+00  1.691732e+00  2.160452e+00  
   4.2278299  1.563140e+00  2.846046e+00  1.563047e+00  2.846463e+00  1.678731e+00  2.247047e+00  
   4.2488298  1.495796e+00  2.945881e+00  1.495664e+00  2.946299e+00  1.655913e+00  2.339372e+00  
   4.2698302  1.415863e+00  3.044401e+00  1.415690e+00  3.044816e+00  1.621658e+00  2.436031e+00  
   4.2908301  1.323175e+00  3.139783e+00  1.322960e+00  3.140187e+00  1.574594e+00  2.535244e+00  
   4.3108301  1.223146e+00  3.226013e+00  1.222892e+00  3.226401e+00  1.516926e+00  2.630203e+00  
   4.3318300  1.106156e+00  3.309936e+00  1.105861e+00  3.310302e+00  1.442320e+00  2.728158e+00  
   4.3528299  9.775783e-01  3.385305e+00  9.772466e-01  3.385644e+00  1.353228e+00  2.821871e+00  
   4.3738298  8.383583e-01  3.450396e+00  8.379914e-01  3.450701e+00  1.250106e+00  2.908815e+00  
   4.3948302  6.896930e-01  3.503592e+00  6.892957e-01  3.503861e+00  1.133971e+00  2.986549e+00  
   4.4158301  5.330373e-01  3.543431e+00  5.326140e-01  3.543661e+00  1.006382e+00  3.052835e+00  
   4.4358301  3.779389e-01  3.567785e+00  3.774961e-01  3.567975e+00  8.760743e-01  3.103575e+00  
   4.4568300  2.106947e-01  3.578071e+00  2.102373e-01  3.578221e+00  7.323303e-01  3.142415e+00  
   4.4778299  4.097840e-02  3.571924e+00  4.051298e-02  3.572031e+00  5.841230e-01  3.165498e+00  
   4.4988298  -1.290024e-01  3.548855e+00  -1.294696e-01  3.548919e+00  4.342500e-01  3.172382e+00  
   4.5198302  -2.969391e-01  3.508725e+00  -2.974012e-01  3.508749e+00  2.854929e-01  3.163183e+00  
   4.5408301  -4.604598e-01  3.451782e+00  -4.609108e-01  3.451769e+00  1.404943e-01  3.138547e+00  
   4.5608301  -6.099442e-01  3.382517e+00  -6.103792e-01  3.382470e+00  8.060878e-03  3.101748e+00  
   4.5818300  -7.581710e-01  3.295022e+00  -7.585843e-01  3.294945e+00  -1.231133e-01  3.050538e+00  
   4.6034298  -8.991446e-01  3.190777e+00  -8.995315e-01  3.190670e+00  -2.479580e-01  2.986266e+00  
   4.6234298  -1.017584e+00  3.083097e+00  -1.017944e+00  3.082968e+00  -3.533638e-01  2.918094e+00  
   4.6444302  -1.128002e+00  2.960593e+00  -1.128330e+00  2.960445e+00  -4.528055e-01  2.839503e+00  
   4.6654301  -1.223087e+00  2.830800e+00  -1.223384e+00  2.830639e+00  -5.404444e-01  2.755697e+00  
   4.6864300  -1.302242e+00  2.696282e+00  -1.302508e+00  2.696112e+00  -6.163486e-01  2.668563e+00  
   4.7074299  -1.365361e+00  2.559639e+00  -1.365597e+00  2.559465e+00  -6.808872e-01  2.579834e+00  
   4.7274299  -1.410904e+00  2.429835e+00  -1.411112e+00  2.429662e+00  -7.323366e-01  2.495251e+00  
   4.7484298  -1.444200e+00  2.296137e+00  -1.444383e+00  2.295970e+00  -7.765796e-01  2.407620e+00  
   4.7694302  -1.463783e+00  2.167123e+00  -1.463945e+00  2.166965e+00  -8.116689e-01  2.322272e+00  
   4.7904301  -1.471123e+00  2.044510e+00  -1.471267e+00  2.044365e+00  -8.385366e-01  2.240086e+00  
   4.8114300  -1.467879e+00  1.929615e+00  -1.468010e+00  1.929483e+00  -8.581335e-01  2.161728e+00  
   4.8324299  -1.455805e+00  1.823352e+00  -1.455925e+00  1.823236e+00  -8.713941e-01  2.087682e+00  
   4.8524299  -1.437694e+00  1.730660e+00  -1.437808e+00  1.730559e+00  -8.789518e-01  2.021459e+00  
   4.8734298  -1.413335e+00  1.642446e+00  -1.413445e+00  1.642361e+00  -8.823695e-01  1.956602e+00  
   4.8944302  -1.385006e+00  1.563458e+00  -1.385115e+00  1.563389e+00  -8.819226e-01  1.896589e+00  
   4.9154301  -1.354053e+00  1.493354e+00  -1.354163e+00  1.493300e+00  -8.783147e-01  1.841370e+00  
   4.9364300  -1.321624e+00  1.431614e+00  -1.321737e+00  1.431574e+00  -8.721747e-01  1.790815e+00  
   4.9574299  -1.288659e+00  1.377604e+00  -1.288777e+00  1.377576e+00  -8.640564e-01  1.744727e+00  
   4.9774299  -1.257450e+00  1.332711e+00  -1.257574e+00  1.332693e+00  -8.549257e-01  1.704768e+00  
   4.9984298  -1.225424e+00  1.291753e+00  -1.225554e+00  1.291743e+00  -8.442651e-01  1.666678e+00  
