w Re-xx Im-xx Re-yy Im-yy Re-zz Im-zz
# Gaussian absolute broadening  0.15 [eV]
   0.0000000  7.678094e-01  8.816545e-05  7.678135e-01  8.817212e-05  7.269156e-01  7.949353e-05  
   0.0200000  7.679090e-01  9.435848e-05  7.679133e-01  9.436619e-05  7.270054e-01  8.507659e-05  
   0.0410000  7.680278e-01  1.014156e-04  7.680319e-01  1.014245e-04  7.271124e-01  9.143852e-05  
   0.0620000  7.681625e-01  1.090769e-04  7.681667e-01  1.090872e-04  7.272339e-01  9.834480e-05  
   0.0830000  7.683159e-01  1.173761e-04  7.683200e-01  1.173879e-04  7.273723e-01  1.058259e-04  
   0.1040000  7.684900e-01  1.263426e-04  7.684943e-01  1.263560e-04  7.275294e-01  1.139082e-04  
   0.1240000  7.686763e-01  1.355238e-04  7.686806e-01  1.355388e-04  7.276973e-01  1.221836e-04  
   0.1450000  7.688966e-01  1.458529e-04  7.689007e-01  1.458696e-04  7.278958e-01  1.314930e-04  
   0.1660000  7.691436e-01  1.568942e-04  7.691478e-01  1.569126e-04  7.281186e-01  1.414438e-04  
   0.1870000  7.694200e-01  1.686441e-04  7.694240e-01  1.686642e-04  7.283677e-01  1.520322e-04  
   0.2080000  7.697273e-01  1.810881e-04  7.697316e-01  1.811098e-04  7.286447e-01  1.632453e-04  
   0.2290000  7.700677e-01  1.942011e-04  7.700717e-01  1.942244e-04  7.289516e-01  1.750601e-04  
   0.2490000  7.704238e-01  2.072794e-04  7.704283e-01  2.073040e-04  7.292723e-01  1.868425e-04  
   0.2700000  7.708327e-01  2.215892e-04  7.708370e-01  2.216150e-04  7.296411e-01  1.997328e-04  
   0.2910000  7.712783e-01  2.364415e-04  7.712827e-01  2.364682e-04  7.300428e-01  2.131102e-04  
   0.3120000  7.717616e-01  2.517827e-04  7.717661e-01  2.518101e-04  7.304785e-01  2.269260e-04  
   0.3330000  7.722831e-01  2.675577e-04  7.722875e-01  2.675856e-04  7.309482e-01  2.411304e-04  
   0.3540000  7.728427e-01  2.837135e-04  7.728470e-01  2.837414e-04  7.314528e-01  2.556753e-04  
   0.3740000  7.734115e-01  2.994084e-04  7.734159e-01  2.994361e-04  7.319652e-01  2.698028e-04  
   0.3950000  7.740462e-01  3.161690e-04  7.740505e-01  3.161964e-04  7.325373e-01  2.848869e-04  
   0.4160000  7.747191e-01  3.331805e-04  7.747234e-01  3.332072e-04  7.331434e-01  3.001934e-04  
   0.4374300  7.754456e-01  3.507666e-04  7.754503e-01  3.507924e-04  7.337981e-01  3.160138e-04  
   0.4574300  7.761596e-01  3.673628e-04  7.761639e-01  3.673878e-04  7.344413e-01  3.309404e-04  
   0.4784300  7.769464e-01  3.849627e-04  7.769509e-01  3.849866e-04  7.351500e-01  3.467661e-04  
   0.4994300  7.777710e-01  4.027287e-04  7.777755e-01  4.027515e-04  7.358928e-01  3.627370e-04  
   0.5204300  7.786342e-01  4.206538e-04  7.786387e-01  4.206754e-04  7.366701e-01  3.788467e-04  
   0.5414300  7.795352e-01  4.387340e-04  7.795399e-01  4.387546e-04  7.374818e-01  3.950914e-04  
   0.5614300  7.804295e-01  4.560977e-04  7.804342e-01  4.561172e-04  7.382872e-01  4.106881e-04  
   0.5824300  7.814062e-01  4.744828e-04  7.814110e-01  4.745014e-04  7.391663e-01  4.271976e-04  
   0.6034300  7.824219e-01  4.930280e-04  7.824266e-01  4.930457e-04  7.400806e-01  4.438460e-04  
   0.6244300  7.834770e-01  5.117391e-04  7.834817e-01  5.117560e-04  7.410305e-01  4.606378e-04  
   0.6454300  7.845714e-01  5.306209e-04  7.845762e-01  5.306373e-04  7.420157e-01  4.775776e-04  
   0.6664300  7.857061e-01  5.496799e-04  7.857109e-01  5.496959e-04  7.430369e-01  4.946707e-04  
   0.6864300  7.868237e-01  5.680018e-04  7.868287e-01  5.680173e-04  7.440425e-01  5.110971e-04  
   0.7074300  7.880371e-01  5.874257e-04  7.880421e-01  5.874409e-04  7.451344e-01  5.285059e-04  
   0.7284300  7.892914e-01  6.070473e-04  7.892964e-01  6.070624e-04  7.462628e-01  5.460851e-04  
   0.7494300  7.905873e-01  6.268739e-04  7.905926e-01  6.268891e-04  7.474285e-01  5.638418e-04  
   0.7704300  7.919248e-01  6.469128e-04  7.919300e-01  6.469281e-04  7.486314e-01  5.817822e-04  
   0.7914300  7.933048e-01  6.671729e-04  7.933102e-01  6.671884e-04  7.498727e-01  5.999129e-04  
   0.8114300  7.946584e-01  6.866804e-04  7.946637e-01  6.866960e-04  7.510895e-01  6.173640e-04  
   0.8324300  7.961221e-01  7.073952e-04  7.961274e-01  7.074113e-04  7.524053e-01  6.358878e-04  
   0.8540300  7.976736e-01  7.289589e-04  7.976790e-01  7.289755e-04  7.538000e-01  6.551627e-04  
   0.8740300  7.991515e-01  7.491665e-04  7.991568e-01  7.491835e-04  7.551279e-01  6.732179e-04  
   0.8950300  8.007471e-01  7.706432e-04  8.007527e-01  7.706612e-04  7.565618e-01  6.923989e-04  
   0.9160300  8.023879e-01  7.923952e-04  8.023936e-01  7.924139e-04  7.580358e-01  7.118174e-04  
   0.9370300  8.040748e-01  8.144327e-04  8.040804e-01  8.144525e-04  7.595512e-01  7.314821e-04  
   0.9580300  8.058081e-01  8.367662e-04  8.058137e-01  8.367875e-04  7.611078e-01  7.514023e-04  
   0.9780300  8.075032e-01  8.583227e-04  8.075089e-01  8.583452e-04  7.626297e-01  7.706201e-04  
   0.9990300  8.093296e-01  8.812673e-04  8.093355e-01  8.812915e-04  7.642694e-01  7.910663e-04  
   1.0200300  8.112044e-01  9.045415e-04  8.112105e-01  9.045679e-04  7.659523e-01  8.117962e-04  
   1.0410300  8.131291e-01  9.281578e-04  8.131350e-01  9.281865e-04  7.676792e-01  8.328204e-04  
   1.0620300  8.151035e-01  9.521277e-04  8.151097e-01  9.521586e-04  7.694510e-01  8.541486e-04  
   1.0830300  8.171290e-01  9.764640e-04  8.171353e-01  9.764971e-04  7.712675e-01  8.757914e-04  
   1.1030300  8.191056e-01  9.999929e-04  8.191118e-01  1.000029e-03  7.730402e-01  8.967065e-04  
   1.1240300  8.212324e-01  1.025081e-03  8.212386e-01  1.025120e-03  7.749470e-01  9.189949e-04  
   1.1450300  8.234118e-01  1.050574e-03  8.234183e-01  1.050615e-03  7.769009e-01  9.416309e-04  
   1.1660300  8.256456e-01  1.076485e-03  8.256521e-01  1.076530e-03  7.789029e-01  9.646266e-04  
   1.1870300  8.279342e-01  1.102830e-03  8.279409e-01  1.102878e-03  7.809534e-01  9.879933e-04  
   1.2080300  8.302782e-01  1.129624e-03  8.302852e-01  1.129673e-03  7.830533e-01  1.011745e-03  
   1.2280300  8.325634e-01  1.155572e-03  8.325703e-01  1.155625e-03  7.850994e-01  1.034735e-03  
   1.2490300  8.350187e-01  1.183288e-03  8.350256e-01  1.183342e-03  7.872979e-01  1.059276e-03  
   1.2706300  8.376060e-01  1.212315e-03  8.376132e-01  1.212372e-03  7.896137e-01  1.084964e-03  
   1.2906300  8.400576e-01  1.239678e-03  8.400649e-01  1.239737e-03  7.918075e-01  1.109165e-03  
   1.3116300  8.426913e-01  1.268932e-03  8.426988e-01  1.268993e-03  7.941635e-01  1.135023e-03  
   1.3326300  8.453867e-01  1.298740e-03  8.453942e-01  1.298803e-03  7.965742e-01  1.161354e-03  
   1.3536299  8.481454e-01  1.329123e-03  8.481530e-01  1.329188e-03  7.990406e-01  1.188178e-03  
   1.3746300  8.509684e-01  1.360103e-03  8.509763e-01  1.360170e-03  8.015638e-01  1.215511e-03  
   1.3946300  8.537183e-01  1.390184e-03  8.537263e-01  1.390251e-03  8.040212e-01  1.242034e-03  
   1.4156300  8.566712e-01  1.422395e-03  8.566793e-01  1.422464e-03  8.066590e-01  1.270418e-03  
   1.4366300  8.596926e-01  1.455272e-03  8.597008e-01  1.455342e-03  8.093570e-01  1.299371e-03  
   1.4576300  8.627838e-01  1.488839e-03  8.627922e-01  1.488912e-03  8.121166e-01  1.328912e-03  
   1.4786299  8.659468e-01  1.523124e-03  8.659555e-01  1.523198e-03  8.149396e-01  1.359064e-03  
   1.4996300  8.691826e-01  1.558152e-03  8.691912e-01  1.558228e-03  8.178263e-01  1.389850e-03  
   1.5196300  8.723332e-01  1.592229e-03  8.723418e-01  1.592306e-03  8.206361e-01  1.419781e-03  
   1.5406300  8.757154e-01  1.628792e-03  8.757244e-01  1.628870e-03  8.236516e-01  1.451873e-03  
   1.5616300  8.791757e-01  1.666185e-03  8.791850e-01  1.666265e-03  8.267354e-01  1.484673e-03  
   1.5826300  8.827151e-01  1.704440e-03  8.827245e-01  1.704523e-03  8.298888e-01  1.518206e-03  
   1.6036299  8.863359e-01  1.743593e-03  8.863452e-01  1.743677e-03  8.331133e-01  1.552503e-03  
   1.6246300  8.900396e-01  1.783677e-03  8.900492e-01  1.783765e-03  8.364104e-01  1.587594e-03  
   1.6446300  8.936456e-01  1.822754e-03  8.936556e-01  1.822844e-03  8.396195e-01  1.621781e-03  
   1.6656300  8.975166e-01  1.864770e-03  8.975266e-01  1.864862e-03  8.430630e-01  1.658515e-03  
   1.6872300  9.015924e-01  1.909084e-03  9.016025e-01  1.909178e-03  8.466868e-01  1.697236e-03  
   1.7072300  9.054514e-01  1.951149e-03  9.054620e-01  1.951247e-03  8.501171e-01  1.733971e-03  
   1.7282300  9.095957e-01  1.996435e-03  9.096064e-01  1.996537e-03  8.537992e-01  1.773497e-03  
   1.7492300  9.138359e-01  2.042914e-03  9.138467e-01  2.043020e-03  8.575647e-01  1.814045e-03  
   1.7702301  9.181746e-01  2.090644e-03  9.181859e-01  2.090754e-03  8.614165e-01  1.855665e-03  
   1.7912300  9.226152e-01  2.139681e-03  9.226268e-01  2.139795e-03  8.653567e-01  1.898407e-03  
   1.8112299  9.269417e-01  2.187656e-03  9.269532e-01  2.187775e-03  8.691937e-01  1.940213e-03  
   1.8322300  9.315885e-01  2.239430e-03  9.316005e-01  2.239552e-03  8.733136e-01  1.985320e-03  
   1.8532300  9.363461e-01  2.292709e-03  9.363587e-01  2.292837e-03  8.775294e-01  2.031734e-03  
   1.8742300  9.412177e-01  2.347570e-03  9.412301e-01  2.347703e-03  8.818436e-01  2.079532e-03  
   1.8952301  9.462054e-01  2.404096e-03  9.462183e-01  2.404235e-03  8.862595e-01  2.128796e-03  
   1.9162300  9.513144e-01  2.462378e-03  9.513274e-01  2.462523e-03  8.907797e-01  2.179618e-03  
   1.9362299  9.562939e-01  2.519605e-03  9.563074e-01  2.519757e-03  8.951840e-01  2.229566e-03  
   1.9572300  9.616477e-01  2.581606e-03  9.616612e-01  2.581764e-03  8.999162e-01  2.283752e-03  
   1.9782300  9.671330e-01  2.645686e-03  9.671468e-01  2.645851e-03  9.047623e-01  2.339855e-03  
   1.9992300  9.727530e-01  2.711973e-03  9.727674e-01  2.712145e-03  9.097248e-01  2.398036e-03  
   2.0202301  9.785133e-01  2.780619e-03  9.785278e-01  2.780799e-03  9.148083e-01  2.458476e-03  
   2.0412300  9.844173e-01  2.851788e-03  9.844325e-01  2.851978e-03  9.200165e-01  2.521386e-03  
   2.0612299  9.901787e-01  2.922088e-03  9.901941e-01  2.922285e-03  9.250954e-01  2.583816e-03  
   2.0822301  9.963784e-01  2.998749e-03  9.963945e-01  2.998956e-03  9.305578e-01  2.652275e-03  
   2.1038301  1.002922e+00  3.080891e-03  1.002939e+00  3.081109e-03  9.363195e-01  2.726120e-03  
   2.1238301  1.009137e+00  3.160175e-03  1.009154e+00  3.160404e-03  9.417878e-01  2.797926e-03  
   2.1448300  1.015829e+00  3.247055e-03  1.015846e+00  3.247295e-03  9.476731e-01  2.877252e-03  
   2.1658299  1.022698e+00  3.337988e-03  1.022716e+00  3.338240e-03  9.537097e-01  2.961034e-03  
   2.1868300  1.029752e+00  3.433356e-03  1.029770e+00  3.433622e-03  9.599039e-01  3.049752e-03  
   2.2078300  1.036996e+00  3.533577e-03  1.037015e+00  3.533859e-03  9.662613e-01  3.143926e-03  
   2.2278299  1.044081e+00  3.633972e-03  1.044100e+00  3.634268e-03  9.724729e-01  3.239207e-03  
   2.2488301  1.051721e+00  3.745071e-03  1.051741e+00  3.745385e-03  9.791667e-01  3.345703e-03  
   2.2698300  1.059576e+00  3.862549e-03  1.059597e+00  3.862881e-03  9.860424e-01  3.459434e-03  
   2.2908299  1.067655e+00  3.987032e-03  1.067675e+00  3.987384e-03  9.931065e-01  3.581082e-03  
   2.3118300  1.075966e+00  4.119189e-03  1.075988e+00  4.119564e-03  1.000368e+00  3.711357e-03  
   2.3328300  1.084521e+00  4.259749e-03  1.084543e+00  4.260144e-03  1.007834e+00  3.850993e-03  
   2.3528299  1.092903e+00  4.402152e-03  1.092925e+00  4.402568e-03  1.015141e+00  3.993397e-03  
   2.3738301  1.101961e+00  4.561452e-03  1.101985e+00  4.561894e-03  1.023030e+00  4.153586e-03  
   2.3948300  1.111296e+00  4.731668e-03  1.111320e+00  4.732137e-03  1.031148e+00  4.325531e-03  
   2.4158299  1.120918e+00  4.913785e-03  1.120943e+00  4.914280e-03  1.039506e+00  4.510140e-03  
   2.4368300  1.130843e+00  5.108866e-03  1.130869e+00  5.109387e-03  1.048116e+00  4.708378e-03  
   2.4578300  1.141085e+00  5.318059e-03  1.141111e+00  5.318608e-03  1.056988e+00  4.921290e-03  
   2.4778299  1.151147e+00  5.531549e-03  1.151175e+00  5.532128e-03  1.065692e+00  5.138758e-03  
   2.4988301  1.162054e+00  5.772001e-03  1.162082e+00  5.772613e-03  1.075113e+00  5.383753e-03  
   2.5204301  1.173657e+00  6.038293e-03  1.173686e+00  6.038940e-03  1.085118e+00  5.655028e-03  
   2.5404301  1.184768e+00  6.303580e-03  1.184798e+00  6.304263e-03  1.094682e+00  5.925137e-03  
   2.5614300  1.196836e+00  6.603356e-03  1.196867e+00  6.604078e-03  1.105052e+00  6.230114e-03  
   2.5824299  1.209339e+00  6.927029e-03  1.209371e+00  6.927797e-03  1.115775e+00  6.559019e-03  
   2.6034300  1.222307e+00  7.277186e-03  1.222340e+00  7.278001e-03  1.126873e+00  6.914264e-03  
   2.6244299  1.235768e+00  7.656913e-03  1.235802e+00  7.657778e-03  1.138368e+00  7.298630e-03  
   2.6444299  1.249079e+00  8.049554e-03  1.249115e+00  8.050479e-03  1.149707e+00  7.694785e-03  
   2.6654301  1.263608e+00  8.498998e-03  1.263644e+00  8.499992e-03  1.162052e+00  8.146136e-03  
   2.6864300  1.278742e+00  8.992636e-03  1.278781e+00  8.993707e-03  1.174875e+00  8.638456e-03  
   2.7074299  1.294532e+00  9.538668e-03  1.294572e+00  9.539834e-03  1.188211e+00  9.177716e-03  
   2.7284300  1.311032e+00  1.014810e-02  1.311074e+00  1.014937e-02  1.202098e+00  9.771452e-03  
   2.7494299  1.328303e+00  1.083581e-02  1.328346e+00  1.083722e-02  1.216576e+00  1.042930e-02  
   2.7694299  1.345530e+00  1.158206e-02  1.345576e+00  1.158363e-02  1.230960e+00  1.112680e-02  
   2.7904301  1.364514e+00  1.248787e-02  1.364562e+00  1.248964e-02  1.246737e+00  1.194922e-02  
   2.8114300  1.384500e+00  1.355542e-02  1.384550e+00  1.355747e-02  1.263264e+00  1.288448e-02  
   2.8324299  1.405587e+00  1.483462e-02  1.405640e+00  1.483702e-02  1.280606e+00  1.395984e-02  
   2.8534300  1.427883e+00  1.639198e-02  1.427939e+00  1.639486e-02  1.298835e+00  1.521069e-02  
   2.8744299  1.451504e+00  1.831505e-02  1.451563e+00  1.831856e-02  1.318032e+00  1.668276e-02  
   2.8944299  1.475346e+00  2.059014e-02  1.475409e+00  2.059443e-02  1.337295e+00  1.834401e-02  
   2.9154301  1.501914e+00  2.358304e-02  1.501981e+00  2.358844e-02  1.358641e+00  2.043209e-02  
   2.9370301  1.531011e+00  2.749365e-02  1.531081e+00  2.750056e-02  1.381895e+00  2.304468e-02  
   2.9570301  1.559657e+00  3.207349e-02  1.559732e+00  3.208223e-02  1.404698e+00  2.599391e-02  
   2.9780300  1.591592e+00  3.813090e-02  1.591672e+00  3.814209e-02  1.430055e+00  2.977970e-02  
   2.9990301  1.625492e+00  4.577212e-02  1.625577e+00  4.578646e-02  1.456957e+00  3.444549e-02  
   3.0200300  1.661373e+00  5.535007e-02  1.661464e+00  5.536834e-02  1.485489e+00  4.020355e-02  
   3.0410299  1.699193e+00  6.725682e-02  1.699290e+00  6.727995e-02  1.515718e+00  4.730556e-02  
   3.0610299  1.736908e+00  8.114698e-02  1.737011e+00  8.117571e-02  1.546118e+00  5.558611e-02  
   3.0820301  1.778095e+00  9.882846e-02  1.778203e+00  9.886412e-02  1.579725e+00  6.619246e-02  
   3.1030300  1.820605e+00  1.201072e-01  1.820720e+00  1.201508e-01  1.614999e+00  7.911988e-02  
   3.1240301  1.864037e+00  1.453889e-01  1.864158e+00  1.454417e-01  1.651818e+00  9.476719e-02  
   3.1450300  1.907878e+00  1.750249e-01  1.908004e+00  1.750876e-01  1.689970e+00  1.135508e-01  
   3.1660299  1.951524e+00  2.092858e-01  1.951654e+00  2.093594e-01  1.729156e+00  1.358895e-01  
   3.1860299  1.992283e+00  2.463652e-01  1.992416e+00  2.464494e-01  1.767070e+00  1.608358e-01  
   3.2070301  2.033523e+00  2.900041e-01  2.033658e+00  2.900998e-01  1.807023e+00  1.912266e-01  
   3.2280300  2.072422e+00  3.383520e-01  2.072558e+00  3.384590e-01  1.846533e+00  2.261966e-01  
   3.2490301  2.108236e+00  3.911433e-01  2.108371e+00  3.912605e-01  1.884915e+00  2.659311e-01  
   3.2700300  2.140280e+00  4.479547e-01  2.140412e+00  4.480810e-01  1.921422e+00  3.104847e-01  
   3.2910299  2.167963e+00  5.082239e-01  2.168090e+00  5.083577e-01  1.955264e+00  3.597593e-01  
   3.3110299  2.189854e+00  5.682161e-01  2.189977e+00  5.683550e-01  1.984295e+00  4.108327e-01  
   3.3320301  2.207855e+00  6.331979e-01  2.207971e+00  6.333401e-01  2.010700e+00  4.683867e-01  
   3.3536301  2.220914e+00  7.013292e-01  2.221021e+00  7.014720e-01  2.032809e+00  5.311407e-01  
   3.3736300  2.228118e+00  7.648292e-01  2.228216e+00  7.649702e-01  2.048204e+00  5.917348e-01  
   3.3946300  2.230839e+00  8.311993e-01  2.230927e+00  8.313364e-01  2.058751e+00  6.570554e-01  
   3.4156301  2.228961e+00  8.965981e-01  2.229040e+00  8.967290e-01  2.063359e+00  7.231333e-01  
   3.4366300  2.222963e+00  9.604695e-01  2.223030e+00  9.605929e-01  2.062053e+00  7.889280e-01  
   3.4576299  2.213395e+00  1.022401e+00  2.213451e+00  1.022515e+00  2.055084e+00  8.534122e-01  
   3.4776299  2.201492e+00  1.079333e+00  2.201539e+00  1.079438e+00  2.043597e+00  9.127297e-01  
   3.4986300  2.186605e+00  1.136836e+00  2.186640e+00  1.136932e+00  2.027057e+00  9.720060e-01  
   3.5196300  2.169772e+00  1.192002e+00  2.169798e+00  1.192089e+00  2.006705e+00  1.027539e+00  
   3.5406301  2.151423e+00  1.244925e+00  2.151441e+00  1.245003e+00  1.983428e+00  1.078863e+00  
   3.5616300  2.131890e+00  1.295758e+00  2.131898e+00  1.295829e+00  1.958155e+00  1.125731e+00  
   3.5826299  2.111402e+00  1.344685e+00  2.111402e+00  1.344750e+00  1.931801e+00  1.168131e+00  
   3.6026299  2.091130e+00  1.389671e+00  2.091121e+00  1.389731e+00  1.906466e+00  1.204539e+00  
   3.6236300  2.069110e+00  1.435350e+00  2.069094e+00  1.435407e+00  1.880310e+00  1.238965e+00  
   3.6446300  2.046365e+00  1.479524e+00  2.046343e+00  1.479578e+00  1.855165e+00  1.270007e+00  
   3.6656301  2.022905e+00  1.522220e+00  2.022875e+00  1.522272e+00  1.831414e+00  1.298275e+00  
   3.6866300  1.998764e+00  1.563405e+00  1.998728e+00  1.563456e+00  1.809259e+00  1.324403e+00  
   3.7076299  1.974021e+00  1.603004e+00  1.973980e+00  1.603055e+00  1.788733e+00  1.349002e+00  
   3.7276299  1.950031e+00  1.639151e+00  1.949987e+00  1.639202e+00  1.770600e+00  1.371496e+00  
   3.7486300  1.924616e+00  1.675371e+00  1.924569e+00  1.675422e+00  1.752860e+00  1.394544e+00  
   3.7702301  1.898559e+00  1.710708e+00  1.898511e+00  1.710761e+00  1.735753e+00  1.417948e+00  
   3.7902300  1.874866e+00  1.741701e+00  1.874818e+00  1.741755e+00  1.720723e+00  1.439501e+00  
   3.8112299  1.850869e+00  1.772552e+00  1.850822e+00  1.772609e+00  1.705609e+00  1.462064e+00  
   3.8322301  1.828242e+00  1.801882e+00  1.828196e+00  1.801943e+00  1.691092e+00  1.484532e+00  
   3.8532300  1.807458e+00  1.830037e+00  1.807415e+00  1.830102e+00  1.677199e+00  1.506837e+00  
   3.8742299  1.788956e+00  1.857499e+00  1.788916e+00  1.857569e+00  1.664079e+00  1.528919e+00  
   3.8942299  1.773794e+00  1.883569e+00  1.773755e+00  1.883646e+00  1.652534e+00  1.549734e+00  
   3.9152300  1.760698e+00  1.911562e+00  1.760662e+00  1.911648e+00  1.641736e+00  1.571441e+00  
   3.9362299  1.750607e+00  1.941008e+00  1.750572e+00  1.941104e+00  1.632671e+00  1.593201e+00  
   3.9572301  1.743455e+00  1.972809e+00  1.743419e+00  1.972917e+00  1.625724e+00  1.615365e+00  
   3.9782300  1.738970e+00  2.007893e+00  1.738932e+00  2.008016e+00  1.621230e+00  1.638433e+00  
   3.9992299  1.736661e+00  2.047170e+00  1.736618e+00  2.047308e+00  1.619418e+00  1.663050e+00  
   4.0192299  1.735832e+00  2.089253e+00  1.735781e+00  2.089408e+00  1.620264e+00  1.688636e+00  
   4.0402298  1.735500e+00  2.139051e+00  1.735440e+00  2.139224e+00  1.623753e+00  1.718573e+00  
   4.0612302  1.734603e+00  2.195155e+00  1.734531e+00  2.195348e+00  1.629587e+00  1.752549e+00  
   4.0822301  1.731837e+00  2.257924e+00  1.731751e+00  2.258137e+00  1.637203e+00  1.791464e+00  
   4.1032300  1.725768e+00  2.327471e+00  1.725666e+00  2.327703e+00  1.645778e+00  1.836169e+00  
   4.1242299  1.714890e+00  2.403639e+00  1.714769e+00  2.403889e+00  1.654245e+00  1.887392e+00  
   4.1442299  1.698662e+00  2.481936e+00  1.698526e+00  2.482199e+00  1.661013e+00  1.942750e+00  
   4.1652298  1.674048e+00  2.569501e+00  1.673892e+00  2.569775e+00  1.665313e+00  2.008087e+00  
   4.1868300  1.639212e+00  2.664272e+00  1.639040e+00  2.664554e+00  1.665010e+00  2.083040e+00  
   4.2068300  1.597221e+00  2.755131e+00  1.597034e+00  2.755416e+00  1.658804e+00  2.159173e+00  
   4.2278299  1.542089e+00  2.852363e+00  1.541887e+00  2.852645e+00  1.644422e+00  2.245441e+00  
   4.2488298  1.474909e+00  2.949903e+00  1.474695e+00  2.950178e+00  1.620281e+00  2.337171e+00  
   4.2698302  1.395205e+00  3.046046e+00  1.394982e+00  3.046307e+00  1.584808e+00  2.432952e+00  
   4.2908301  1.302796e+00  3.138999e+00  1.302566e+00  3.139241e+00  1.536681e+00  2.531006e+00  
   4.3108301  1.203078e+00  3.222906e+00  1.202842e+00  3.223126e+00  1.478186e+00  2.624614e+00  
   4.3318300  1.086467e+00  3.304425e+00  1.086227e+00  3.304617e+00  1.402944e+00  2.720925e+00  
   4.3528299  9.583331e-01  3.377478e+00  9.580905e-01  3.377640e+00  1.313485e+00  2.812813e+00  
   4.3738298  8.196395e-01  3.440404e+00  8.193956e-01  3.440535e+00  1.210283e+00  2.897814e+00  
   4.3948302  6.716026e-01  3.491658e+00  6.713574e-01  3.491754e+00  1.094362e+00  2.973559e+00  
   4.4158301  5.156933e-01  3.529847e+00  5.154468e-01  3.529908e+00  9.672803e-01  3.037885e+00  
   4.4358301  3.614268e-01  3.552969e+00  3.611793e-01  3.552996e+00  8.377168e-01  3.086859e+00  
   4.4568300  1.951876e-01  3.562380e+00  1.949383e-01  3.562369e+00  6.950136e-01  3.124014e+00  
   4.4778299  2.660607e-02  3.555825e+00  2.635470e-02  3.555780e+00  5.480952e-01  3.145640e+00  
   4.4988298  -1.421257e-01  3.532846e+00  -1.423798e-01  3.532766e+00  3.997408e-01  3.151335e+00  
   4.5198302  -3.087233e-01  3.493300e+00  -3.089801e-01  3.493187e+00  2.527163e-01  3.141238e+00  
   4.5408301  -4.708479e-01  3.437403e+00  -4.711073e-01  3.437258e+00  1.096508e-01  3.116005e+00  
   4.5608301  -6.189834e-01  3.369501e+00  -6.192448e-01  3.369328e+00  -2.076485e-02  3.078915e+00  
   4.5818300  -7.658105e-01  3.283743e+00  -7.660737e-01  3.283542e+00  -1.496452e-01  3.027680e+00  
   4.6034298  -9.053990e-01  3.181498e+00  -9.056628e-01  3.181272e+00  -2.719566e-01  2.963677e+00  
   4.6234298  -1.022633e+00  3.075759e+00  -1.022897e+00  3.075512e+00  -3.748758e-01  2.896007e+00  
   4.6444302  -1.131886e+00  2.955275e+00  -1.132149e+00  2.955008e+00  -4.715857e-01  2.818207e+00  
   4.6654301  -1.225922e+00  2.827389e+00  -1.226183e+00  2.827107e+00  -5.564024e-01  2.735460e+00  
   4.6864300  -1.304149e+00  2.694586e+00  -1.304407e+00  2.694290e+00  -6.294378e-01  2.649664e+00  
   4.7074299  -1.366453e+00  2.559416e+00  -1.366709e+00  2.559110e+00  -6.911128e-01  2.562559e+00  
   4.7274299  -1.411317e+00  2.430770e+00  -1.411570e+00  2.430455e+00  -7.398915e-01  2.479792e+00  
   4.7484298  -1.443990e+00  2.298031e+00  -1.444240e+00  2.297709e+00  -7.814460e-01  2.394345e+00  
   4.7694302  -1.463026e+00  2.169737e+00  -1.463273e+00  2.169407e+00  -8.140205e-01  2.311452e+00  
   4.7904301  -1.469879e+00  2.047644e+00  -1.470123e+00  2.047307e+00  -8.385966e-01  2.231966e+00  
   4.8114300  -1.466196e+00  1.933113e+00  -1.466438e+00  1.932769e+00  -8.561641e-01  2.156515e+00  
   4.8324299  -1.453716e+00  1.827110e+00  -1.453957e+00  1.826759e+00  -8.676854e-01  2.085532e+00  
   4.8524299  -1.435242e+00  1.734609e+00  -1.435481e+00  1.734250e+00  -8.738695e-01  2.022321e+00  
   4.8734298  -1.410519e+00  1.646575e+00  -1.410756e+00  1.646207e+00  -8.761437e-01  1.960670e+00  
   4.8944302  -1.381837e+00  1.567774e+00  -1.382072e+00  1.567397e+00  -8.748507e-01  1.903851e+00  
   4.9154301  -1.350539e+00  1.497887e+00  -1.350771e+00  1.497500e+00  -8.706756e-01  1.851762e+00  
   4.9364300  -1.317768e+00  1.436405e+00  -1.317996e+00  1.436007e+00  -8.642220e-01  1.804225e+00  
   4.9574299  -1.284461e+00  1.382698e+00  -1.284684e+00  1.382290e+00  -8.560143e-01  1.761008e+00  
   4.9774299  -1.252924e+00  1.338137e+00  -1.253141e+00  1.337718e+00  -8.469779e-01  1.723619e+00  
   4.9984298  -1.220548e+00  1.297566e+00  -1.220757e+00  1.297136e+00  -8.365737e-01  1.688039e+00  
