w Re-xx Im-xx Re-yy Im-yy Re-zz Im-zz
# Gaussian absolute broadening  0.15 [eV]
   0.0000000  7.677622e-01  8.827188e-05  7.677568e-01  8.827828e-05  7.217746e-01  7.853672e-05  
   0.0200000  7.678619e-01  9.447256e-05  7.678567e-01  9.447960e-05  7.218632e-01  8.405238e-05  
   0.0410000  7.679807e-01  1.015384e-04  7.679757e-01  1.015461e-04  7.219688e-01  9.033734e-05  
   0.0620000  7.681159e-01  1.092092e-04  7.681109e-01  1.092178e-04  7.220891e-01  9.715991e-05  
   0.0830000  7.682696e-01  1.175189e-04  7.682641e-01  1.175282e-04  7.222257e-01  1.045501e-04  
   0.1040000  7.684436e-01  1.264967e-04  7.684384e-01  1.265068e-04  7.223805e-01  1.125340e-04  
   0.1240000  7.686303e-01  1.356895e-04  7.686252e-01  1.357005e-04  7.225466e-01  1.207085e-04  
   0.1450000  7.688508e-01  1.460317e-04  7.688455e-01  1.460436e-04  7.227427e-01  1.299042e-04  
   0.1660000  7.690982e-01  1.570870e-04  7.690930e-01  1.570997e-04  7.229627e-01  1.397330e-04  
   0.1870000  7.693747e-01  1.688519e-04  7.693696e-01  1.688655e-04  7.232090e-01  1.501915e-04  
   0.2080000  7.696824e-01  1.813117e-04  7.696772e-01  1.813261e-04  7.234827e-01  1.612667e-04  
   0.2290000  7.700232e-01  1.944415e-04  7.700180e-01  1.944568e-04  7.237855e-01  1.729359e-04  
   0.2490000  7.703800e-01  2.075365e-04  7.703748e-01  2.075526e-04  7.241029e-01  1.845729e-04  
   0.2700000  7.707893e-01  2.218646e-04  7.707842e-01  2.218813e-04  7.244670e-01  1.973038e-04  
   0.2910000  7.712356e-01  2.367357e-04  7.712304e-01  2.367532e-04  7.248635e-01  2.105153e-04  
   0.3120000  7.717195e-01  2.520964e-04  7.717142e-01  2.521145e-04  7.252941e-01  2.241595e-04  
   0.3330000  7.722415e-01  2.678915e-04  7.722363e-01  2.679101e-04  7.257581e-01  2.381870e-04  
   0.3540000  7.728019e-01  2.840676e-04  7.727966e-01  2.840867e-04  7.262564e-01  2.525504e-04  
   0.3740000  7.733713e-01  2.997823e-04  7.733662e-01  2.998019e-04  7.267627e-01  2.665010e-04  
   0.3950000  7.740067e-01  3.165641e-04  7.740017e-01  3.165842e-04  7.273275e-01  2.813959e-04  
   0.4160000  7.746805e-01  3.335971e-04  7.746755e-01  3.336176e-04  7.279263e-01  2.965100e-04  
   0.4374300  7.754081e-01  3.512055e-04  7.754031e-01  3.512265e-04  7.285731e-01  3.121308e-04  
   0.4574300  7.761229e-01  3.678231e-04  7.761179e-01  3.678446e-04  7.292082e-01  3.268686e-04  
   0.4784300  7.769107e-01  3.854456e-04  7.769057e-01  3.854675e-04  7.299083e-01  3.424935e-04  
   0.4994300  7.777364e-01  4.032346e-04  7.777314e-01  4.032571e-04  7.306420e-01  3.582613e-04  
   0.5204300  7.786005e-01  4.211829e-04  7.785956e-01  4.212062e-04  7.314095e-01  3.741652e-04  
   0.5414300  7.795029e-01  4.392872e-04  7.794979e-01  4.393112e-04  7.322112e-01  3.902021e-04  
   0.5614300  7.803982e-01  4.566738e-04  7.803934e-01  4.566986e-04  7.330064e-01  4.055983e-04  
   0.5824300  7.813763e-01  4.750838e-04  7.813715e-01  4.751095e-04  7.338752e-01  4.218950e-04  
   0.6034300  7.823929e-01  4.936547e-04  7.823883e-01  4.936811e-04  7.347780e-01  4.383279e-04  
   0.6244300  7.834495e-01  5.123916e-04  7.834449e-01  5.124189e-04  7.357160e-01  4.549017e-04  
   0.6454300  7.845454e-01  5.312999e-04  7.845407e-01  5.313281e-04  7.366889e-01  4.716205e-04  
   0.6664300  7.856817e-01  5.503861e-04  7.856769e-01  5.504151e-04  7.376972e-01  4.884895e-04  
   0.6864300  7.868006e-01  5.687342e-04  7.867961e-01  5.687642e-04  7.386903e-01  5.047002e-04  
   0.7074300  7.880155e-01  5.881867e-04  7.880110e-01  5.882171e-04  7.397684e-01  5.218788e-04  
   0.7284300  7.892715e-01  6.078370e-04  7.892671e-01  6.078680e-04  7.408829e-01  5.392249e-04  
   0.7494300  7.905694e-01  6.276935e-04  7.905649e-01  6.277248e-04  7.420339e-01  5.567446e-04  
   0.7704300  7.919085e-01  6.477626e-04  7.919040e-01  6.477942e-04  7.432217e-01  5.744447e-04  
   0.7914300  7.932904e-01  6.680533e-04  7.932860e-01  6.680852e-04  7.444471e-01  5.923311e-04  
   0.8114300  7.946458e-01  6.875910e-04  7.946413e-01  6.876229e-04  7.456486e-01  6.095453e-04  
   0.8324300  7.961114e-01  7.083380e-04  7.961072e-01  7.083699e-04  7.469478e-01  6.278165e-04  
   0.8540300  7.976648e-01  7.299356e-04  7.976606e-01  7.299674e-04  7.483245e-01  6.468272e-04  
   0.8740300  7.991447e-01  7.501748e-04  7.991406e-01  7.502068e-04  7.496359e-01  6.646332e-04  
   0.8950300  8.007425e-01  7.716860e-04  8.007384e-01  7.717179e-04  7.510514e-01  6.835480e-04  
   0.9160300  8.023857e-01  7.934730e-04  8.023817e-01  7.935049e-04  7.525066e-01  7.026950e-04  
   0.9370300  8.040748e-01  8.155463e-04  8.040707e-01  8.155785e-04  7.540027e-01  7.220830e-04  
   0.9580300  8.058106e-01  8.379169e-04  8.058066e-01  8.379496e-04  7.555389e-01  7.417208e-04  
   0.9780300  8.075081e-01  8.595091e-04  8.075041e-01  8.595421e-04  7.570415e-01  7.606647e-04  
   0.9990300  8.093369e-01  8.824919e-04  8.093331e-01  8.825260e-04  7.586599e-01  7.808175e-04  
   1.0200300  8.112145e-01  9.058062e-04  8.112108e-01  9.058408e-04  7.603210e-01  8.012480e-04  
   1.0410300  8.131415e-01  9.294631e-04  8.131379e-01  9.294989e-04  7.620254e-01  8.219659e-04  
   1.0620300  8.151190e-01  9.534747e-04  8.151155e-01  9.535117e-04  7.637739e-01  8.429817e-04  
   1.0830300  8.171473e-01  9.778540e-04  8.171436e-01  9.778923e-04  7.655669e-01  8.643054e-04  
   1.1030300  8.191267e-01  1.001425e-03  8.191231e-01  1.001465e-03  7.673162e-01  8.849093e-04  
   1.1240300  8.212565e-01  1.026558e-03  8.212529e-01  1.026599e-03  7.691978e-01  9.068645e-04  
   1.1450300  8.234391e-01  1.052097e-03  8.234358e-01  1.052140e-03  7.711262e-01  9.291593e-04  
   1.1660300  8.256761e-01  1.078056e-03  8.256729e-01  1.078101e-03  7.731013e-01  9.518057e-04  
   1.1870300  8.279680e-01  1.104449e-03  8.279650e-01  1.104496e-03  7.751244e-01  9.748145e-04  
   1.2080300  8.303158e-01  1.131292e-03  8.303127e-01  1.131341e-03  7.771963e-01  9.981997e-04  
   1.2280300  8.326042e-01  1.157289e-03  8.326010e-01  1.157340e-03  7.792152e-01  1.020832e-03  
   1.2490300  8.350633e-01  1.185057e-03  8.350603e-01  1.185109e-03  7.813838e-01  1.044988e-03  
   1.2706300  8.376545e-01  1.214139e-03  8.376517e-01  1.214193e-03  7.836687e-01  1.070269e-03  
   1.2906300  8.401096e-01  1.241554e-03  8.401068e-01  1.241610e-03  7.858323e-01  1.094083e-03  
   1.3116300  8.427474e-01  1.270864e-03  8.427449e-01  1.270922e-03  7.881566e-01  1.119524e-03  
   1.3326300  8.454469e-01  1.300730e-03  8.454444e-01  1.300789e-03  7.905342e-01  1.145427e-03  
   1.3536299  8.482096e-01  1.331171e-03  8.482072e-01  1.331232e-03  7.929667e-01  1.171809e-03  
   1.3746300  8.510370e-01  1.362212e-03  8.510348e-01  1.362274e-03  7.954552e-01  1.198689e-03  
   1.3946300  8.537914e-01  1.392352e-03  8.537893e-01  1.392415e-03  7.978784e-01  1.224767e-03  
   1.4156300  8.567487e-01  1.424626e-03  8.567467e-01  1.424692e-03  8.004795e-01  1.252671e-03  
   1.4366300  8.597749e-01  1.457569e-03  8.597731e-01  1.457636e-03  8.031397e-01  1.281127e-03  
   1.4576300  8.628711e-01  1.491205e-03  8.628694e-01  1.491272e-03  8.058606e-01  1.310158e-03  
   1.4786299  8.660392e-01  1.525559e-03  8.660375e-01  1.525628e-03  8.086433e-01  1.339783e-03  
   1.4996300  8.692802e-01  1.560660e-03  8.692787e-01  1.560730e-03  8.114893e-01  1.370025e-03  
   1.5196300  8.724357e-01  1.594807e-03  8.724344e-01  1.594879e-03  8.142589e-01  1.399420e-03  
   1.5406300  8.758235e-01  1.631446e-03  8.758224e-01  1.631519e-03  8.172312e-01  1.430932e-03  
   1.5616300  8.792896e-01  1.668917e-03  8.792886e-01  1.668993e-03  8.202702e-01  1.463131e-03  
   1.5826300  8.828348e-01  1.707254e-03  8.828338e-01  1.707331e-03  8.233778e-01  1.496041e-03  
   1.6036299  8.864614e-01  1.746488e-03  8.864610e-01  1.746568e-03  8.265548e-01  1.529691e-03  
   1.6246300  8.901714e-01  1.786658e-03  8.901707e-01  1.786740e-03  8.298036e-01  1.564110e-03  
   1.6446300  8.937835e-01  1.825817e-03  8.937832e-01  1.825901e-03  8.329650e-01  1.597631e-03  
   1.6656300  8.976612e-01  1.867920e-03  8.976609e-01  1.868007e-03  8.363573e-01  1.633638e-03  
   1.6872300  9.017436e-01  1.912324e-03  9.017437e-01  1.912414e-03  8.399267e-01  1.671576e-03  
   1.7072300  9.056095e-01  1.954474e-03  9.056098e-01  1.954567e-03  8.433052e-01  1.707552e-03  
   1.7282300  9.097607e-01  1.999847e-03  9.097614e-01  1.999942e-03  8.469307e-01  1.746243e-03  
   1.7492300  9.140086e-01  2.046413e-03  9.140091e-01  2.046512e-03  8.506384e-01  1.785913e-03  
   1.7702301  9.183546e-01  2.094225e-03  9.183552e-01  2.094327e-03  8.544306e-01  1.826605e-03  
   1.7912300  9.228033e-01  2.143340e-03  9.228040e-01  2.143445e-03  8.583091e-01  1.868367e-03  
   1.8112299  9.271370e-01  2.191383e-03  9.271383e-01  2.191493e-03  8.620860e-01  1.909181e-03  
   1.8322300  9.317922e-01  2.243221e-03  9.317942e-01  2.243333e-03  8.661402e-01  1.953179e-03  
   1.8532300  9.365584e-01  2.296552e-03  9.365603e-01  2.296669e-03  8.702883e-01  1.998404e-03  
   1.8742300  9.414381e-01  2.351452e-03  9.414402e-01  2.351572e-03  8.745329e-01  2.044920e-03  
   1.8952301  9.464354e-01  2.407999e-03  9.464378e-01  2.408122e-03  8.788765e-01  2.092792e-03  
   1.9162300  9.515535e-01  2.466277e-03  9.515559e-01  2.466406e-03  8.833217e-01  2.142090e-03  
   1.9362299  9.565421e-01  2.523477e-03  9.565449e-01  2.523610e-03  8.876524e-01  2.190439e-03  
   1.9572300  9.619050e-01  2.585415e-03  9.619080e-01  2.585554e-03  8.923044e-01  2.242752e-03  
   1.9782300  9.674003e-01  2.649388e-03  9.674037e-01  2.649531e-03  8.970677e-01  2.296744e-03  
   1.9992300  9.730299e-01  2.715514e-03  9.730340e-01  2.715664e-03  9.019442e-01  2.352514e-03  
   2.0202301  9.788013e-01  2.783932e-03  9.788054e-01  2.784088e-03  9.069383e-01  2.410178e-03  
   2.0412300  9.847160e-01  2.854786e-03  9.847205e-01  2.854950e-03  9.120539e-01  2.469856e-03  
   2.0612299  9.904878e-01  2.924686e-03  9.904924e-01  2.924856e-03  9.170410e-01  2.528695e-03  
   2.0822301  9.966986e-01  3.000792e-03  9.967037e-01  3.000970e-03  9.224034e-01  2.592730e-03  
   2.1038301  1.003254e+00  3.082181e-03  1.003259e+00  3.082368e-03  9.280586e-01  2.661182e-03  
   2.1238301  1.009479e+00  3.160557e-03  1.009485e+00  3.160754e-03  9.334240e-01  2.727085e-03  
   2.1448300  1.016183e+00  3.246213e-03  1.016189e+00  3.246421e-03  9.391972e-01  2.799100e-03  
   2.1658299  1.023064e+00  3.335576e-03  1.023071e+00  3.335796e-03  9.451169e-01  2.874235e-03  
   2.1868300  1.030130e+00  3.428946e-03  1.030137e+00  3.429178e-03  9.511902e-01  2.952756e-03  
   2.2078300  1.037387e+00  3.526645e-03  1.037394e+00  3.526891e-03  9.574209e-01  3.034946e-03  
   2.2278299  1.044484e+00  3.624042e-03  1.044492e+00  3.624303e-03  9.635085e-01  3.116924e-03  
   2.2488301  1.052137e+00  3.731256e-03  1.052145e+00  3.731534e-03  9.700659e-01  3.207219e-03  
   2.2698300  1.060004e+00  3.843948e-03  1.060014e+00  3.844243e-03  9.768001e-01  3.302194e-03  
   2.2908299  1.068096e+00  3.962590e-03  1.068106e+00  3.962905e-03  9.837191e-01  3.402261e-03  
   2.3118300  1.076422e+00  4.087683e-03  1.076432e+00  4.088018e-03  9.908284e-01  3.507857e-03  
   2.3328300  1.084990e+00  4.219772e-03  1.085001e+00  4.220129e-03  9.981371e-01  3.619449e-03  
   2.3528299  1.093387e+00  4.352630e-03  1.093398e+00  4.353008e-03  1.005289e+00  3.731782e-03  
   2.3738301  1.102461e+00  4.500166e-03  1.102473e+00  4.500568e-03  1.013009e+00  3.856628e-03  
   2.3948300  1.111813e+00  4.656632e-03  1.111825e+00  4.657058e-03  1.020954e+00  3.989139e-03  
   2.4158299  1.121453e+00  4.822806e-03  1.121467e+00  4.823260e-03  1.029132e+00  4.129995e-03  
   2.4368300  1.131398e+00  4.999548e-03  1.131412e+00  5.000029e-03  1.037557e+00  4.279946e-03  
   2.4578300  1.141661e+00  5.187796e-03  1.141676e+00  5.188306e-03  1.046237e+00  4.439817e-03  
   2.4778299  1.151747e+00  5.378731e-03  1.151762e+00  5.379273e-03  1.054753e+00  4.602143e-03  
   2.4988301  1.162681e+00  5.592579e-03  1.162697e+00  5.593154e-03  1.063970e+00  4.784157e-03  
   2.5204301  1.174315e+00  5.828192e-03  1.174333e+00  5.828804e-03  1.073760e+00  4.984960e-03  
   2.5404301  1.185458e+00  6.061922e-03  1.185477e+00  6.062575e-03  1.083118e+00  5.184426e-03  
   2.5614300  1.197564e+00  6.325158e-03  1.197584e+00  6.325854e-03  1.093264e+00  5.409365e-03  
   2.5824299  1.210111e+00  6.608693e-03  1.210132e+00  6.609439e-03  1.103757e+00  5.651939e-03  
   2.6034300  1.223128e+00  6.915035e-03  1.223150e+00  6.915838e-03  1.114618e+00  5.914242e-03  
   2.6244299  1.236646e+00  7.247250e-03  1.236669e+00  7.248117e-03  1.125868e+00  6.198754e-03  
   2.6444299  1.250017e+00  7.591233e-03  1.250042e+00  7.592164e-03  1.136967e+00  6.493105e-03  
   2.6654301  1.264618e+00  7.986109e-03  1.264644e+00  7.987120e-03  1.149051e+00  6.830245e-03  
   2.6864300  1.279834e+00  8.421790e-03  1.279861e+00  8.422889e-03  1.161604e+00  7.200591e-03  
   2.7074299  1.295716e+00  8.906750e-03  1.295745e+00  8.907951e-03  1.174661e+00  7.609860e-03  
   2.7284300  1.312320e+00  9.452370e-03  1.312351e+00  9.453692e-03  1.188258e+00  8.065335e-03  
   2.7494299  1.329708e+00  1.007403e-02  1.329740e+00  1.007549e-02  1.202437e+00  8.576388e-03  
   2.7694299  1.347061e+00  1.075588e-02  1.347095e+00  1.075750e-02  1.216524e+00  9.125883e-03  
   2.7904301  1.366192e+00  1.159326e-02  1.366229e+00  1.159509e-02  1.231977e+00  9.783870e-03  
   2.8114300  1.386344e+00  1.259265e-02  1.386383e+00  1.259474e-02  1.248164e+00  1.054489e-02  
   2.8324299  1.407617e+00  1.380533e-02  1.407659e+00  1.380776e-02  1.265150e+00  1.143531e-02  
   2.8534300  1.430122e+00  1.529969e-02  1.430166e+00  1.530255e-02  1.283004e+00  1.248921e-02  
   2.8744299  1.453977e+00  1.716576e-02  1.454024e+00  1.716921e-02  1.301805e+00  1.375037e-02  
   2.8944299  1.478067e+00  1.939516e-02  1.478118e+00  1.939933e-02  1.320670e+00  1.519520e-02  
   2.9154301  1.504925e+00  2.235325e-02  1.504979e+00  2.235840e-02  1.341570e+00  1.703597e-02  
   2.9370301  1.534353e+00  2.624783e-02  1.534412e+00  2.625433e-02  1.364336e+00  1.936715e-02  
   2.9570301  1.563339e+00  3.083712e-02  1.563401e+00  3.084523e-02  1.386656e+00  2.202475e-02  
   2.9780300  1.595665e+00  3.693768e-02  1.595732e+00  3.694795e-02  1.411473e+00  2.546339e-02  
   2.9990301  1.629991e+00  4.466559e-02  1.630062e+00  4.467861e-02  1.437799e+00  2.972891e-02  
   3.0200300  1.666330e+00  5.438466e-02  1.666407e+00  5.440110e-02  1.465720e+00  3.501990e-02  
   3.0410299  1.704639e+00  6.649867e-02  1.704719e+00  6.651931e-02  1.495306e+00  4.157210e-02  
   3.0610299  1.742842e+00  8.065855e-02  1.742927e+00  8.068401e-02  1.525071e+00  4.923562e-02  
   3.0820301  1.784557e+00  9.871013e-02  1.784646e+00  9.874158e-02  1.557996e+00  5.907720e-02  
   3.1030300  1.827603e+00  1.204577e-01  1.827695e+00  1.204960e-01  1.592589e+00  7.110015e-02  
   3.1240301  1.871568e+00  1.463147e-01  1.871664e+00  1.463609e-01  1.628745e+00  8.568335e-02  
   3.1450300  1.915928e+00  1.766369e-01  1.916024e+00  1.766919e-01  1.666277e+00  1.032248e-01  
   3.1660299  1.960065e+00  2.116960e-01  1.960162e+00  2.117605e-01  1.704914e+00  1.241279e-01  
   3.1860299  2.001257e+00  2.496364e-01  2.001353e+00  2.497105e-01  1.742398e+00  1.475172e-01  
   3.2070301  2.042906e+00  2.942789e-01  2.043000e+00  2.943634e-01  1.782030e+00  1.760693e-01  
   3.2280300  2.082156e+00  3.437221e-01  2.082247e+00  3.438172e-01  1.821382e+00  2.089941e-01  
   3.2490301  2.118260e+00  3.976874e-01  2.118345e+00  3.977929e-01  1.859800e+00  2.464877e-01  
   3.2700300  2.150526e+00  4.557376e-01  2.150603e+00  4.558532e-01  1.896556e+00  2.886243e-01  
   3.2910299  2.178360e+00  5.172964e-01  2.178428e+00  5.174209e-01  1.930885e+00  3.353349e-01  
   3.3110299  2.200327e+00  5.785521e-01  2.200384e+00  5.786843e-01  1.960610e+00  3.838642e-01  
   3.3320301  2.218330e+00  6.448871e-01  2.218375e+00  6.450265e-01  1.987982e+00  4.386829e-01  
   3.3536301  2.231302e+00  7.144289e-01  2.231334e+00  7.145742e-01  2.011339e+00  4.986091e-01  
   3.3736300  2.238338e+00  7.792455e-01  2.238358e+00  7.793948e-01  2.028101e+00  5.566253e-01  
   3.3946300  2.240784e+00  8.470028e-01  2.240791e+00  8.471557e-01  2.040275e+00  6.193380e-01  
   3.4156301  2.238513e+00  9.137867e-01  2.238507e+00  9.139415e-01  2.046678e+00  6.829686e-01  
   3.4366300  2.231988e+00  9.790320e-01  2.231969e+00  9.791881e-01  2.047296e+00  7.465334e-01  
   3.4576299  2.221746e+00  1.042311e+00  2.221715e+00  1.042468e+00  2.042336e+00  8.090571e-01  
   3.4776299  2.209051e+00  1.100486e+00  2.209010e+00  1.100644e+00  2.032803e+00  8.667983e-01  
   3.4986300  2.193165e+00  1.159226e+00  2.193115e+00  1.159384e+00  2.018315e+00  9.247578e-01  
   3.5196300  2.175156e+00  1.215527e+00  2.175097e+00  1.215686e+00  1.999974e+00  9.793434e-01  
   3.5406301  2.155460e+00  1.269445e+00  2.155392e+00  1.269605e+00  1.978636e+00  1.030098e+00  
   3.5616300  2.134414e+00  1.321092e+00  2.134340e+00  1.321253e+00  1.955197e+00  1.076771e+00  
   3.5826299  2.112270e+00  1.370610e+00  2.112190e+00  1.370771e+00  1.930557e+00  1.119338e+00  
   3.6026299  2.090306e+00  1.415917e+00  2.090223e+00  1.416080e+00  1.906734e+00  1.156221e+00  
   3.6236300  2.066422e+00  1.461649e+00  2.066335e+00  1.461813e+00  1.882041e+00  1.191447e+00  
   3.6446300  2.041748e+00  1.505561e+00  2.041660e+00  1.505726e+00  1.858241e+00  1.223569e+00  
   3.6656301  2.016328e+00  1.547670e+00  2.016240e+00  1.547835e+00  1.835736e+00  1.253164e+00  
   3.6866300  1.990220e+00  1.587947e+00  1.990134e+00  1.588112e+00  1.814751e+00  1.280842e+00  
   3.7076299  1.963530e+00  1.626328e+00  1.963446e+00  1.626492e+00  1.795344e+00  1.307189e+00  
   3.7276299  1.937720e+00  1.661051e+00  1.937642e+00  1.661212e+00  1.778252e+00  1.331516e+00  
   3.7486300  1.910448e+00  1.695524e+00  1.910377e+00  1.695682e+00  1.761596e+00  1.356650e+00  
   3.7702301  1.882553e+00  1.728836e+00  1.882490e+00  1.728990e+00  1.745611e+00  1.382356e+00  
   3.7902300  1.857241e+00  1.757775e+00  1.857187e+00  1.757925e+00  1.731630e+00  1.406164e+00  
   3.8112299  1.831650e+00  1.786316e+00  1.831605e+00  1.786461e+00  1.717630e+00  1.431196e+00  
   3.8322301  1.807558e+00  1.813206e+00  1.807524e+00  1.813346e+00  1.704235e+00  1.456200e+00  
   3.8532300  1.785474e+00  1.838805e+00  1.785453e+00  1.838941e+00  1.691459e+00  1.481060e+00  
   3.8742299  1.765876e+00  1.863609e+00  1.765864e+00  1.863745e+00  1.679437e+00  1.505655e+00  
   3.8942299  1.749893e+00  1.887065e+00  1.749891e+00  1.887199e+00  1.668907e+00  1.528763e+00  
   3.9152300  1.736209e+00  1.912228e+00  1.736217e+00  1.912364e+00  1.659127e+00  1.552700e+00  
   3.9362299  1.725845e+00  1.938767e+00  1.725862e+00  1.938908e+00  1.651019e+00  1.576436e+00  
   3.9572301  1.718760e+00  1.967601e+00  1.718785e+00  1.967749e+00  1.644956e+00  1.600255e+00  
   3.9782300  1.714700e+00  1.999682e+00  1.714730e+00  1.999841e+00  1.641261e+00  1.624603e+00  
   3.9992299  1.713169e+00  2.035959e+00  1.713204e+00  2.036132e+00  1.640159e+00  1.650091e+00  
   4.0192299  1.713391e+00  2.075232e+00  1.713428e+00  2.075422e+00  1.641591e+00  1.676116e+00  
   4.0402298  1.714456e+00  2.122190e+00  1.714493e+00  2.122399e+00  1.645595e+00  1.706116e+00  
   4.0612302  1.715204e+00  2.175643e+00  1.715239e+00  2.175872e+00  1.651834e+00  1.739787e+00  
   4.0822301  1.714268e+00  2.236030e+00  1.714298e+00  2.236279e+00  1.659736e+00  1.778093e+00  
   4.1032300  1.710142e+00  2.303546e+00  1.710166e+00  2.303817e+00  1.668473e+00  1.821967e+00  
   4.1242299  1.701248e+00  2.378118e+00  1.701261e+00  2.378407e+00  1.676962e+00  1.872240e+00  
   4.1442299  1.686885e+00  2.455362e+00  1.686887e+00  2.455667e+00  1.683617e+00  1.926670e+00  
   4.1652298  1.664142e+00  2.542371e+00  1.664127e+00  2.542687e+00  1.687648e+00  1.991114e+00  
   4.1868300  1.631091e+00  2.637201e+00  1.631058e+00  2.637524e+00  1.686910e+00  2.065332e+00  
   4.2068300  1.590596e+00  2.728702e+00  1.590542e+00  2.729027e+00  1.680165e+00  2.141024e+00  
   4.2278299  1.536857e+00  2.827219e+00  1.536779e+00  2.827541e+00  1.665091e+00  2.227138e+00  
   4.2488298  1.470894e+00  2.926648e+00  1.470790e+00  2.926961e+00  1.640159e+00  2.319065e+00  
   4.2698302  1.392251e+00  3.025244e+00  1.392118e+00  3.025543e+00  1.603836e+00  2.415406e+00  
   4.2908301  1.300780e+00  3.121155e+00  1.300615e+00  3.121437e+00  1.554850e+00  2.514373e+00  
   4.3108301  1.201874e+00  3.208283e+00  1.201677e+00  3.208545e+00  1.495583e+00  2.609145e+00  
   4.3318300  1.086070e+00  3.293519e+00  1.085840e+00  3.293758e+00  1.419633e+00  2.706939e+00  
   4.3528299  9.587347e-01  3.370532e+00  9.584715e-01  3.370747e+00  1.329630e+00  2.800513e+00  
   4.3738298  8.208558e-01  3.437543e+00  8.205595e-01  3.437738e+00  1.226100e+00  2.887330e+00  
   4.3948302  6.736638e-01  3.492885e+00  6.733355e-01  3.493061e+00  1.110107e+00  2.964945e+00  
   4.4158301  5.186266e-01  3.535028e+00  5.182684e-01  3.535189e+00  9.832327e-01  3.031130e+00  
   4.4358301  3.651996e-01  3.561665e+00  3.648158e-01  3.561814e+00  8.541341e-01  3.081805e+00  
   4.4568300  1.998197e-01  3.574372e+00  1.994124e-01  3.574517e+00  7.121856e-01  3.120632e+00  
   4.4778299  3.203291e-02  3.570586e+00  3.160651e-02  3.570732e+00  5.662595e-01  3.143783e+00  
   4.4988298  -1.360163e-01  3.549740e+00  -1.364571e-01  3.549892e+00  4.190780e-01  3.150850e+00  
   4.5198302  -3.020910e-01  3.511609e+00  -3.025406e-01  3.511772e+00  2.733288e-01  3.141976e+00  
   4.5408301  -4.638933e-01  3.456358e+00  -4.643467e-01  3.456538e+00  1.315461e-01  3.117836e+00  
   4.5608301  -6.119363e-01  3.388354e+00  -6.123886e-01  3.388551e+00  2.260056e-03  3.081691e+00  
   4.5818300  -7.589071e-01  3.301762e+00  -7.593538e-01  3.301979e+00  -1.256410e-01  3.031375e+00  
   4.6034298  -8.989021e-01  3.197957e+00  -8.993391e-01  3.198196e+00  -2.472846e-01  2.968261e+00  
   4.6234298  -1.016733e+00  3.090239e+00  -1.017159e+00  3.090498e+00  -3.499912e-01  2.901378e+00  
   4.6444302  -1.126813e+00  2.967249e+00  -1.127226e+00  2.967527e+00  -4.469824e-01  2.824365e+00  
   4.6654301  -1.221844e+00  2.836564e+00  -1.222243e+00  2.836857e+00  -5.326583e-01  2.742354e+00  
   4.6864300  -1.301187e+00  2.700811e+00  -1.301574e+00  2.701116e+00  -6.071610e-01  2.657214e+00  
   4.7074299  -1.364685e+00  2.562679e+00  -1.365062e+00  2.562992e+00  -6.709061e-01  2.570647e+00  
   4.7274299  -1.410714e+00  2.431307e+00  -1.411084e+00  2.431624e+00  -7.221801e-01  2.488247e+00  
   4.7484298  -1.444602e+00  2.295896e+00  -1.444969e+00  2.296214e+00  -7.668343e-01  2.402995e+00  
   4.7694302  -1.464812e+00  2.165190e+00  -1.465180e+00  2.165502e+00  -8.029034e-01  2.320070e+00  
   4.7904301  -1.472774e+00  2.040981e+00  -1.473148e+00  2.041284e+00  -8.312530e-01  2.240303e+00  
   4.8114300  -1.470121e+00  1.924645e+00  -1.470504e+00  1.924936e+00  -8.527496e-01  2.164314e+00  
   4.8324299  -1.458586e+00  1.817142e+00  -1.458982e+00  1.817417e+00  -8.682335e-01  2.092541e+00  
   4.8524299  -1.440933e+00  1.723476e+00  -1.441345e+00  1.723734e+00  -8.781204e-01  2.028364e+00  
   4.8734298  -1.416997e+00  1.634467e+00  -1.417429e+00  1.634704e+00  -8.841159e-01  1.965502e+00  
   4.8944302  -1.389037e+00  1.554914e+00  -1.389489e+00  1.555128e+00  -8.862994e-01  1.907305e+00  
   4.9154301  -1.358408e+00  1.484460e+00  -1.358883e+00  1.484651e+00  -8.853023e-01  1.853715e+00  
   4.9364300  -1.326268e+00  1.422567e+00  -1.326766e+00  1.422734e+00  -8.816969e-01  1.804596e+00  
   4.9574299  -1.293570e+00  1.368576e+00  -1.294090e+00  1.368718e+00  -8.759950e-01  1.759758e+00  
   4.9774299  -1.262604e+00  1.323840e+00  -1.263145e+00  1.323958e+00  -8.690315e-01  1.720821e+00  
   4.9984298  -1.230829e+00  1.283166e+00  -1.231392e+00  1.283260e+00  -8.604918e-01  1.683642e+00  
