w Re-xx Im-xx Re-yy Im-yy Re-zz Im-zz
# Gaussian absolute broadening  0.15 [eV]
   0.0000000  7.688793e-01  8.851467e-05  7.688946e-01  8.853940e-05  7.247305e-01  7.883690e-05  
   0.0200000  7.689795e-01  9.473279e-05  7.689949e-01  9.475680e-05  7.248196e-01  8.437157e-05  
   0.0410000  7.690986e-01  1.018186e-04  7.691138e-01  1.018418e-04  7.249252e-01  9.067827e-05  
   0.0620000  7.692341e-01  1.095110e-04  7.692494e-01  1.095333e-04  7.250462e-01  9.752453e-05  
   0.0830000  7.693880e-01  1.178440e-04  7.694033e-01  1.178653e-04  7.251832e-01  1.049405e-04  
   0.1040000  7.695624e-01  1.268470e-04  7.695779e-01  1.268674e-04  7.253388e-01  1.129524e-04  
   0.1240000  7.697498e-01  1.360656e-04  7.697652e-01  1.360849e-04  7.255052e-01  1.211555e-04  
   0.1450000  7.699708e-01  1.464368e-04  7.699861e-01  1.464551e-04  7.257023e-01  1.303836e-04  
   0.1660000  7.702188e-01  1.575230e-04  7.702343e-01  1.575403e-04  7.259232e-01  1.402471e-04  
   0.1870000  7.704963e-01  1.693207e-04  7.705117e-01  1.693370e-04  7.261699e-01  1.507426e-04  
   0.2080000  7.708046e-01  1.818154e-04  7.708203e-01  1.818307e-04  7.264448e-01  1.618570e-04  
   0.2290000  7.711466e-01  1.949817e-04  7.711620e-01  1.949963e-04  7.267488e-01  1.735675e-04  
   0.2490000  7.715042e-01  2.081134e-04  7.715196e-01  2.081272e-04  7.270670e-01  1.852455e-04  
   0.2700000  7.719145e-01  2.224815e-04  7.719302e-01  2.224947e-04  7.274324e-01  1.980213e-04  
   0.2910000  7.723621e-01  2.373943e-04  7.723776e-01  2.374070e-04  7.278305e-01  2.112792e-04  
   0.3120000  7.728472e-01  2.527981e-04  7.728629e-01  2.528104e-04  7.282626e-01  2.249712e-04  
   0.3330000  7.733706e-01  2.686377e-04  7.733863e-01  2.686498e-04  7.287285e-01  2.390478e-04  
   0.3540000  7.739324e-01  2.848594e-04  7.739483e-01  2.848715e-04  7.292283e-01  2.534610e-04  
   0.3740000  7.745038e-01  3.006186e-04  7.745193e-01  3.006308e-04  7.297364e-01  2.674599e-04  
   0.3950000  7.751411e-01  3.174480e-04  7.751567e-01  3.174606e-04  7.303034e-01  2.824062e-04  
   0.4160000  7.758167e-01  3.345295e-04  7.758324e-01  3.345425e-04  7.309043e-01  2.975722e-04  
   0.4374300  7.765463e-01  3.521880e-04  7.765620e-01  3.522018e-04  7.315534e-01  3.132464e-04  
   0.4574300  7.772629e-01  3.688530e-04  7.772787e-01  3.688676e-04  7.321908e-01  3.280345e-04  
   0.4784300  7.780527e-01  3.865259e-04  7.780685e-01  3.865414e-04  7.328933e-01  3.437127e-04  
   0.4994300  7.788808e-01  4.043658e-04  7.788967e-01  4.043824e-04  7.336296e-01  3.595340e-04  
   0.5204300  7.797474e-01  4.223656e-04  7.797632e-01  4.223834e-04  7.343999e-01  3.754920e-04  
   0.5414300  7.806522e-01  4.405217e-04  7.806683e-01  4.405408e-04  7.352043e-01  3.915835e-04  
   0.5614300  7.815500e-01  4.579585e-04  7.815660e-01  4.579790e-04  7.360024e-01  4.070322e-04  
   0.5824300  7.825307e-01  4.764215e-04  7.825469e-01  4.764434e-04  7.368743e-01  4.233844e-04  
   0.6034300  7.835504e-01  4.950458e-04  7.835666e-01  4.950690e-04  7.377802e-01  4.398737e-04  
   0.6244300  7.846100e-01  5.138371e-04  7.846261e-01  5.138615e-04  7.387215e-01  4.565043e-04  
   0.6454300  7.857091e-01  5.328004e-04  7.857252e-01  5.328261e-04  7.396981e-01  4.732806e-04  
   0.6664300  7.868482e-01  5.519421e-04  7.868645e-01  5.519688e-04  7.407098e-01  4.902080e-04  
   0.6864300  7.879705e-01  5.703443e-04  7.879868e-01  5.703719e-04  7.417067e-01  5.064746e-04  
   0.7074300  7.891892e-01  5.898540e-04  7.892056e-01  5.898825e-04  7.427886e-01  5.237128e-04  
   0.7284300  7.904485e-01  6.095627e-04  7.904651e-01  6.095919e-04  7.439069e-01  5.411194e-04  
   0.7494300  7.917499e-01  6.294785e-04  7.917663e-01  6.295081e-04  7.450620e-01  5.587002e-04  
   0.7704300  7.930930e-01  6.496085e-04  7.931095e-01  6.496385e-04  7.462541e-01  5.764617e-04  
   0.7914300  7.944788e-01  6.699608e-04  7.944955e-01  6.699912e-04  7.474836e-01  5.944105e-04  
   0.8114300  7.958379e-01  6.895585e-04  7.958546e-01  6.895891e-04  7.486896e-01  6.116849e-04  
   0.8324300  7.973078e-01  7.103696e-04  7.973247e-01  7.104005e-04  7.499932e-01  6.300195e-04  
   0.8540300  7.988658e-01  7.320348e-04  7.988827e-01  7.320660e-04  7.513747e-01  6.490963e-04  
   0.8740300  8.003498e-01  7.523381e-04  8.003668e-01  7.523695e-04  7.526909e-01  6.669639e-04  
   0.8950300  8.019524e-01  7.739174e-04  8.019693e-01  7.739493e-04  7.541113e-01  6.859443e-04  
   0.9160300  8.036000e-01  7.957740e-04  8.036172e-01  7.958066e-04  7.555717e-01  7.051573e-04  
   0.9370300  8.052943e-01  8.179188e-04  8.053116e-01  8.179522e-04  7.570727e-01  7.246119e-04  
   0.9580300  8.070350e-01  8.403619e-04  8.070523e-01  8.403964e-04  7.586148e-01  7.443170e-04  
   0.9780300  8.087374e-01  8.620245e-04  8.087547e-01  8.620602e-04  7.601225e-01  7.633253e-04  
   0.9990300  8.105716e-01  8.850832e-04  8.105893e-01  8.851204e-04  7.617465e-01  7.835467e-04  
   1.0200300  8.124548e-01  9.084745e-04  8.124725e-01  9.085138e-04  7.634133e-01  8.040461e-04  
   1.0410300  8.143876e-01  9.322101e-04  8.144054e-01  9.322514e-04  7.651238e-01  8.248340e-04  
   1.0620300  8.163710e-01  9.563022e-04  8.163890e-01  9.563461e-04  7.668783e-01  8.459205e-04  
   1.0830300  8.184053e-01  9.807637e-04  8.184231e-01  9.808099e-04  7.686777e-01  8.673155e-04  
   1.1030300  8.203902e-01  1.004415e-03  8.204086e-01  1.004464e-03  7.704329e-01  8.879883e-04  
   1.1240300  8.225265e-01  1.029633e-03  8.225448e-01  1.029686e-03  7.723213e-01  9.100164e-04  
   1.1450300  8.247161e-01  1.055261e-03  8.247344e-01  1.055316e-03  7.742563e-01  9.323853e-04  
   1.1660300  8.269597e-01  1.081310e-03  8.269781e-01  1.081369e-03  7.762383e-01  9.551063e-04  
   1.1870300  8.292585e-01  1.107796e-03  8.292773e-01  1.107858e-03  7.782686e-01  9.781916e-04  
   1.2080300  8.316133e-01  1.134734e-03  8.316321e-01  1.134800e-03  7.803478e-01  1.001654e-03  
   1.2280300  8.339087e-01  1.160825e-03  8.339276e-01  1.160893e-03  7.823734e-01  1.024360e-03  
   1.2490300  8.363753e-01  1.188693e-03  8.363943e-01  1.188764e-03  7.845497e-01  1.048596e-03  
   1.2706300  8.389744e-01  1.217881e-03  8.389937e-01  1.217956e-03  7.868422e-01  1.073960e-03  
   1.2906300  8.414374e-01  1.245397e-03  8.414566e-01  1.245475e-03  7.890137e-01  1.097852e-03  
   1.3116300  8.440831e-01  1.274817e-03  8.441030e-01  1.274897e-03  7.913458e-01  1.123376e-03  
   1.3326300  8.467911e-01  1.304795e-03  8.468108e-01  1.304878e-03  7.937316e-01  1.149363e-03  
   1.3536299  8.495626e-01  1.335353e-03  8.495824e-01  1.335438e-03  7.961724e-01  1.175830e-03  
   1.3746300  8.523989e-01  1.366513e-03  8.524189e-01  1.366601e-03  7.986695e-01  1.202797e-03  
   1.3946300  8.551620e-01  1.396770e-03  8.551822e-01  1.396860e-03  8.011010e-01  1.228959e-03  
   1.4156300  8.581290e-01  1.429172e-03  8.581493e-01  1.429264e-03  8.037109e-01  1.256952e-03  
   1.4366300  8.611647e-01  1.462246e-03  8.611852e-01  1.462340e-03  8.063803e-01  1.285499e-03  
   1.4576300  8.642708e-01  1.496017e-03  8.642916e-01  1.496112e-03  8.091107e-01  1.314622e-03  
   1.4786299  8.674492e-01  1.530510e-03  8.674699e-01  1.530609e-03  8.119029e-01  1.344340e-03  
   1.4996300  8.707007e-01  1.565755e-03  8.707217e-01  1.565856e-03  8.147583e-01  1.374676e-03  
   1.5196300  8.738666e-01  1.600045e-03  8.738880e-01  1.600147e-03  8.175373e-01  1.404163e-03  
   1.5406300  8.772658e-01  1.636837e-03  8.772872e-01  1.636942e-03  8.205194e-01  1.435773e-03  
   1.5616300  8.807430e-01  1.674469e-03  8.807648e-01  1.674576e-03  8.235691e-01  1.468070e-03  
   1.5826300  8.843001e-01  1.712969e-03  8.843220e-01  1.713079e-03  8.266868e-01  1.501081e-03  
   1.6036299  8.879392e-01  1.752374e-03  8.879611e-01  1.752487e-03  8.298750e-01  1.534834e-03  
   1.6246300  8.916618e-01  1.792721e-03  8.916842e-01  1.792836e-03  8.331345e-01  1.569356e-03  
   1.6446300  8.952861e-01  1.832052e-03  8.953087e-01  1.832171e-03  8.363065e-01  1.602976e-03  
   1.6656300  8.991768e-01  1.874344e-03  8.991995e-01  1.874466e-03  8.397100e-01  1.639089e-03  
   1.6872300  9.032733e-01  1.918949e-03  9.032964e-01  1.919075e-03  8.432913e-01  1.677136e-03  
   1.7072300  9.071530e-01  1.961291e-03  9.071763e-01  1.961421e-03  8.466808e-01  1.713214e-03  
   1.7282300  9.113184e-01  2.006873e-03  9.113423e-01  2.007008e-03  8.503188e-01  1.752011e-03  
   1.7492300  9.155813e-01  2.053655e-03  9.156051e-01  2.053795e-03  8.540389e-01  1.791785e-03  
   1.7702301  9.199432e-01  2.101692e-03  9.199674e-01  2.101835e-03  8.578433e-01  1.832579e-03  
   1.7912300  9.244074e-01  2.151038e-03  9.244323e-01  2.151185e-03  8.617349e-01  1.874438e-03  
   1.8112299  9.287572e-01  2.199308e-03  9.287820e-01  2.199460e-03  8.655238e-01  1.915340e-03  
   1.8322300  9.334294e-01  2.251390e-03  9.334546e-01  2.251546e-03  8.695913e-01  1.959422e-03  
   1.8532300  9.382128e-01  2.304972e-03  9.382386e-01  2.305134e-03  8.737529e-01  2.004721e-03  
   1.8742300  9.431107e-01  2.360128e-03  9.431368e-01  2.360294e-03  8.780114e-01  2.051296e-03  
   1.8952301  9.481266e-01  2.416937e-03  9.481526e-01  2.417108e-03  8.823693e-01  2.099210e-03  
   1.9162300  9.532638e-01  2.475482e-03  9.532904e-01  2.475658e-03  8.868290e-01  2.148529e-03  
   1.9362299  9.582714e-01  2.532940e-03  9.582982e-01  2.533121e-03  8.911732e-01  2.196871e-03  
   1.9572300  9.636555e-01  2.595154e-03  9.636828e-01  2.595341e-03  8.958402e-01  2.249149e-03  
   1.9782300  9.691722e-01  2.659408e-03  9.691997e-01  2.659600e-03  9.006189e-01  2.303067e-03  
   1.9992300  9.748247e-01  2.725827e-03  9.748526e-01  2.726026e-03  9.055109e-01  2.358720e-03  
   2.0202301  9.806184e-01  2.794550e-03  9.806468e-01  2.794755e-03  9.105214e-01  2.416214e-03  
   2.0412300  9.865571e-01  2.865732e-03  9.865860e-01  2.865945e-03  9.156529e-01  2.475666e-03  
   2.0612299  9.923526e-01  2.935973e-03  9.923819e-01  2.936194e-03  9.206560e-01  2.534226e-03  
   2.0822301  9.985893e-01  3.012486e-03  9.986193e-01  3.012716e-03  9.260356e-01  2.597893e-03  
   2.1038301  1.005172e+00  3.094367e-03  1.005203e+00  3.094607e-03  9.317080e-01  2.665882e-03  
   2.1238301  1.011424e+00  3.173293e-03  1.011455e+00  3.173542e-03  9.370909e-01  2.731266e-03  
   2.1448300  1.018158e+00  3.259655e-03  1.018189e+00  3.259916e-03  9.428819e-01  2.802643e-03  
   2.1658299  1.025069e+00  3.349900e-03  1.025101e+00  3.350172e-03  9.488207e-01  2.877037e-03  
   2.1868300  1.032167e+00  3.444378e-03  1.032200e+00  3.444663e-03  9.549127e-01  2.954711e-03  
   2.2078300  1.039457e+00  3.543464e-03  1.039490e+00  3.543764e-03  9.611635e-01  3.035952e-03  
   2.2278299  1.046587e+00  3.642507e-03  1.046620e+00  3.642822e-03  9.672699e-01  3.116939e-03  
   2.2488301  1.054276e+00  3.751848e-03  1.054310e+00  3.752177e-03  9.738488e-01  3.206106e-03  
   2.2698300  1.062181e+00  3.867149e-03  1.062216e+00  3.867496e-03  9.806047e-01  3.299888e-03  
   2.2908299  1.070312e+00  3.988945e-03  1.070348e+00  3.989314e-03  9.875460e-01  3.398712e-03  
   2.3118300  1.078679e+00  4.117807e-03  1.078715e+00  4.118193e-03  9.946780e-01  3.503045e-03  
   2.3328300  1.087291e+00  4.254340e-03  1.087327e+00  4.254749e-03  1.002011e+00  3.613390e-03  
   2.3528299  1.095729e+00  4.392093e-03  1.095766e+00  4.392525e-03  1.009187e+00  3.724576e-03  
   2.3738301  1.104850e+00  4.545505e-03  1.104888e+00  4.545962e-03  1.016932e+00  3.848303e-03  
   2.3948300  1.114249e+00  4.708616e-03  1.114288e+00  4.709096e-03  1.024904e+00  3.979825e-03  
   2.4158299  1.123940e+00  4.882211e-03  1.123979e+00  4.882718e-03  1.033111e+00  4.119864e-03  
   2.4368300  1.133936e+00  5.067130e-03  1.133977e+00  5.067667e-03  1.041564e+00  4.269211e-03  
   2.4578300  1.144253e+00  5.264289e-03  1.144295e+00  5.264856e-03  1.050275e+00  4.428743e-03  
   2.4778299  1.154391e+00  5.464361e-03  1.154434e+00  5.464959e-03  1.058821e+00  4.591038e-03  
   2.4988301  1.165383e+00  5.688438e-03  1.165426e+00  5.689072e-03  1.068071e+00  4.773377e-03  
   2.5204301  1.177078e+00  5.935211e-03  1.177123e+00  5.935882e-03  1.077896e+00  4.974953e-03  
   2.5404301  1.188280e+00  6.179807e-03  1.188326e+00  6.180518e-03  1.087288e+00  5.175595e-03  
   2.5614300  1.200451e+00  6.454988e-03  1.200498e+00  6.455742e-03  1.097471e+00  5.402325e-03  
   2.5824299  1.213065e+00  6.750993e-03  1.213113e+00  6.751796e-03  1.108003e+00  5.647347e-03  
   2.6034300  1.226153e+00  7.070352e-03  1.226202e+00  7.071212e-03  1.118903e+00  5.912883e-03  
   2.6244299  1.239744e+00  7.416172e-03  1.239795e+00  7.417087e-03  1.130194e+00  6.201552e-03  
   2.6444299  1.253189e+00  7.773732e-03  1.253242e+00  7.774713e-03  1.141334e+00  6.500904e-03  
   2.6654301  1.267871e+00  8.183646e-03  1.267926e+00  8.184708e-03  1.153463e+00  6.844617e-03  
   2.6864300  1.283175e+00  8.635357e-03  1.283231e+00  8.636509e-03  1.166062e+00  7.223201e-03  
   2.7074299  1.299151e+00  9.137626e-03  1.299208e+00  9.138880e-03  1.179168e+00  7.642766e-03  
   2.7284300  1.315854e+00  9.702196e-03  1.315914e+00  9.703578e-03  1.192815e+00  8.111108e-03  
   2.7494299  1.333349e+00  1.034497e-02  1.333411e+00  1.034650e-02  1.207046e+00  8.638242e-03  
   2.7694299  1.350812e+00  1.104957e-02  1.350876e+00  1.105127e-02  1.221184e+00  9.206791e-03  
   2.7904301  1.370069e+00  1.191447e-02  1.370135e+00  1.191641e-02  1.236693e+00  9.889697e-03  
   2.8114300  1.390356e+00  1.294623e-02  1.390424e+00  1.294847e-02  1.252937e+00  1.068192e-02  
   2.8324299  1.411777e+00  1.419763e-02  1.411848e+00  1.420025e-02  1.269980e+00  1.161137e-02  
   2.8534300  1.434442e+00  1.573892e-02  1.434517e+00  1.574206e-02  1.287893e+00  1.271403e-02  
   2.8744299  1.458474e+00  1.766246e-02  1.458552e+00  1.766629e-02  1.306751e+00  1.403590e-02  
   2.8944299  1.482748e+00  1.995895e-02  1.482829e+00  1.996362e-02  1.325668e+00  1.555202e-02  
   2.9154301  1.509816e+00  2.300371e-02  1.509902e+00  2.300954e-02  1.346619e+00  1.748460e-02  
   2.9370301  1.539481e+00  2.700889e-02  1.539572e+00  2.701630e-02  1.369432e+00  1.993166e-02  
   2.9570301  1.568708e+00  3.172431e-02  1.568803e+00  3.173362e-02  1.391788e+00  2.271914e-02  
   2.9780300  1.601310e+00  3.798695e-02  1.601410e+00  3.799880e-02  1.416632e+00  2.632097e-02  
   2.9990301  1.635935e+00  4.591314e-02  1.636042e+00  4.592824e-02  1.442973e+00  3.078049e-02  
   3.0200300  1.672601e+00  5.587322e-02  1.672714e+00  5.589233e-02  1.470894e+00  3.629950e-02  
   3.0410299  1.711263e+00  6.827795e-02  1.711381e+00  6.830200e-02  1.500464e+00  4.311639e-02  
   3.0610299  1.749826e+00  8.276761e-02  1.749951e+00  8.279731e-02  1.530197e+00  5.106787e-02  
   3.0820301  1.791943e+00  1.012280e-01  1.792074e+00  1.012647e-01  1.563069e+00  6.125036e-02  
   3.1030300  1.835410e+00  1.234553e-01  1.835547e+00  1.235001e-01  1.597591e+00  7.365340e-02  
   3.1240301  1.879810e+00  1.498685e-01  1.879953e+00  1.499225e-01  1.633654e+00  8.865392e-02  
   3.1450300  1.924607e+00  1.808273e-01  1.924755e+00  1.808915e-01  1.671074e+00  1.066463e-01  
   3.1660299  1.969173e+00  2.166041e-01  1.969325e+00  2.166795e-01  1.709580e+00  1.280284e-01  
   3.1860299  2.010752e+00  2.553013e-01  2.010907e+00  2.553878e-01  1.746921e+00  1.518926e-01  
   3.2070301  2.052765e+00  3.008074e-01  2.052922e+00  3.009060e-01  1.786383e+00  1.809533e-01  
   3.2280300  2.092319e+00  3.511719e-01  2.092478e+00  3.512828e-01  1.825545e+00  2.143846e-01  
   3.2490301  2.128644e+00  4.060968e-01  2.128802e+00  4.062197e-01  1.863751e+00  2.523676e-01  
   3.2700300  2.161027e+00  4.651196e-01  2.161183e+00  4.652538e-01  1.900275e+00  2.949595e-01  
   3.2910299  2.188857e+00  5.276335e-01  2.189010e+00  5.277780e-01  1.934347e+00  3.420725e-01  
   3.3110299  2.210694e+00  5.897509e-01  2.210844e+00  5.899042e-01  1.963807e+00  3.909176e-01  
   3.3320301  2.228415e+00  6.569073e-01  2.228561e+00  6.570680e-01  1.990888e+00  4.459779e-01  
   3.3536301  2.240940e+00  7.271683e-01  2.241081e+00  7.273349e-01  2.013936e+00  5.060368e-01  
   3.3736300  2.247421e+00  7.925098e-01  2.247557e+00  7.926801e-01  2.030418e+00  5.640553e-01  
   3.3946300  2.249141e+00  8.606505e-01  2.249273e+00  8.608226e-01  2.042322e+00  6.266335e-01  
   3.4156301  2.246009e+00  9.276327e-01  2.246137e+00  9.278049e-01  2.048502e+00  6.899822e-01  
   3.4366300  2.238505e+00  9.928904e-01  2.238631e+00  9.930606e-01  2.048973e+00  7.531173e-01  
   3.4576299  2.227179e+00  1.056007e+00  2.227302e+00  1.056174e+00  2.043970e+00  8.150707e-01  
   3.4776299  2.213372e+00  1.113885e+00  2.213493e+00  1.114048e+00  2.034519e+00  8.721532e-01  
   3.4986300  2.196248e+00  1.172196e+00  2.196367e+00  1.172354e+00  2.020272e+00  9.293234e-01  
   3.5196300  2.176947e+00  1.227992e+00  2.177063e+00  1.228142e+00  2.002347e+00  9.830511e-01  
   3.5406301  2.155915e+00  1.281373e+00  2.156028e+00  1.281517e+00  1.981608e+00  1.032917e+00  
   3.5616300  2.133509e+00  1.332504e+00  2.133619e+00  1.332639e+00  1.958955e+00  1.078716e+00  
   3.5826299  2.109992e+00  1.381575e+00  2.110095e+00  1.381702e+00  1.935267e+00  1.120466e+00  
   3.6026299  2.086724e+00  1.426560e+00  2.086822e+00  1.426678e+00  1.912483e+00  1.156661e+00  
   3.6236300  2.061487e+00  1.472098e+00  2.061576e+00  1.472207e+00  1.888984e+00  1.191297e+00  
   3.6446300  2.035495e+00  1.515986e+00  2.035573e+00  1.516086e+00  1.866439e+00  1.222993e+00  
   3.6656301  2.008802e+00  1.558253e+00  2.008869e+00  1.558343e+00  1.845199e+00  1.252347e+00  
   3.6866300  1.981481e+00  1.598861e+00  1.981536e+00  1.598942e+00  1.825434e+00  1.279973e+00  
   3.7076299  1.953641e+00  1.637721e+00  1.953684e+00  1.637792e+00  1.807154e+00  1.306452e+00  
   3.7276299  1.926800e+00  1.672996e+00  1.926831e+00  1.673059e+00  1.791013e+00  1.331060e+00  
   3.7486300  1.898505e+00  1.708091e+00  1.898525e+00  1.708147e+00  1.775194e+00  1.356624e+00  
   3.7702301  1.869611e+00  1.742008e+00  1.869623e+00  1.742057e+00  1.759873e+00  1.382877e+00  
   3.7902300  1.843409e+00  1.771395e+00  1.843416e+00  1.771438e+00  1.746326e+00  1.407247e+00  
   3.8112299  1.816901e+00  1.800201e+00  1.816905e+00  1.800242e+00  1.732596e+00  1.432889e+00  
   3.8322301  1.791898e+00  1.827058e+00  1.791904e+00  1.827097e+00  1.719292e+00  1.458480e+00  
   3.8532300  1.768895e+00  1.852252e+00  1.768907e+00  1.852291e+00  1.706453e+00  1.483873e+00  
   3.8742299  1.748368e+00  1.876224e+00  1.748390e+00  1.876267e+00  1.694239e+00  1.508923e+00  
   3.8942299  1.731499e+00  1.898462e+00  1.731533e+00  1.898510e+00  1.683432e+00  1.532377e+00  
   3.9152300  1.716900e+00  1.921905e+00  1.716950e+00  1.921960e+00  1.673291e+00  1.556586e+00  
   3.9362299  1.705668e+00  1.946306e+00  1.705735e+00  1.946372e+00  1.664773e+00  1.580507e+00  
   3.9572301  1.697799e+00  1.972652e+00  1.697886e+00  1.972730e+00  1.658276e+00  1.604439e+00  
   3.9782300  1.693082e+00  2.001989e+00  1.693189e+00  2.002081e+00  1.654140e+00  1.628849e+00  
   3.9992299  1.691067e+00  2.035379e+00  1.691192e+00  2.035487e+00  1.652601e+00  1.654374e+00  
   4.0192299  1.691022e+00  2.071881e+00  1.691163e+00  2.072007e+00  1.653631e+00  1.680432e+00  
   4.0402298  1.692040e+00  2.116024e+00  1.692194e+00  2.116168e+00  1.657234e+00  1.710485e+00  
   4.0612302  1.692998e+00  2.166862e+00  1.693161e+00  2.167025e+00  1.663100e+00  1.744245e+00  
   4.0822301  1.692530e+00  2.224917e+00  1.692698e+00  2.225099e+00  1.670660e+00  1.782690e+00  
   4.1032300  1.689121e+00  2.290446e+00  1.689288e+00  2.290645e+00  1.679089e+00  1.826758e+00  
   4.1242299  1.681165e+00  2.363399e+00  1.681327e+00  2.363614e+00  1.687308e+00  1.877285e+00  
   4.1442299  1.667872e+00  2.439441e+00  1.668023e+00  2.439669e+00  1.693738e+00  1.932012e+00  
   4.1652298  1.646397e+00  2.525517e+00  1.646533e+00  2.525754e+00  1.697571e+00  1.996827e+00  
   4.1868300  1.614766e+00  2.619688e+00  1.614880e+00  2.619930e+00  1.696664e+00  2.071487e+00  
   4.2068300  1.575655e+00  2.710797e+00  1.575745e+00  2.711040e+00  1.689792e+00  2.147647e+00  
   4.2278299  1.523414e+00  2.809068e+00  1.523477e+00  2.809307e+00  1.674610e+00  2.234313e+00  
   4.2488298  1.458977e+00  2.908370e+00  1.459009e+00  2.908600e+00  1.649593e+00  2.326863e+00  
   4.2698302  1.381878e+00  3.006913e+00  1.381877e+00  3.007128e+00  1.613203e+00  2.423904e+00  
   4.2908301  1.291970e+00  3.102823e+00  1.291935e+00  3.103020e+00  1.564170e+00  2.523661e+00  
   4.3108301  1.194577e+00  3.189988e+00  1.194509e+00  3.190166e+00  1.504879e+00  2.619280e+00  
   4.3318300  1.080395e+00  3.275317e+00  1.080293e+00  3.275470e+00  1.428934e+00  2.718072e+00  
   4.3528299  9.547210e-01  3.352499e+00  9.545873e-01  3.352629e+00  1.338978e+00  2.812767e+00  
   4.3738298  8.185445e-01  3.419790e+00  8.183802e-01  3.419895e+00  1.235550e+00  2.900834e+00  
   4.3948302  6.730839e-01  3.475552e+00  6.728927e-01  3.475636e+00  1.119725e+00  2.979831e+00  
   4.4158301  5.197862e-01  3.518291e+00  5.195724e-01  3.518354e+00  9.930969e-01  3.047526e+00  
   4.4358301  3.679935e-01  3.545674e+00  3.677632e-01  3.545723e+00  8.643074e-01  3.099741e+00  
   4.4568300  2.042646e-01  3.559361e+00  2.040229e-01  3.559400e+00  7.227589e-01  3.140271e+00  
   4.4778299  3.801550e-02  3.556748e+00  3.776926e-02  3.556780e+00  5.772983e-01  3.165171e+00  
   4.4988298  -1.286582e-01  3.537236e+00  -1.289023e-01  3.537269e+00  4.306263e-01  3.173976e+00  
   4.5198302  -2.935634e-01  3.500560e+00  -2.937985e-01  3.500597e+00  2.854019e-01  3.166765e+00  
   4.5408301  -4.544368e-01  3.446827e+00  -4.546569e-01  3.446875e+00  1.441262e-01  3.144128e+00  
   4.5608301  -6.018370e-01  3.380266e+00  -6.020386e-01  3.380328e+00  1.527472e-02  3.109187e+00  
   4.5818300  -7.483910e-01  3.295121e+00  -7.485702e-01  3.295203e+00  -1.122510e-01  3.059813e+00  
   4.6034298  -8.882195e-01  3.192669e+00  -8.883745e-01  3.192774e+00  -2.336207e-01  2.997233e+00  
   4.6234298  -1.006106e+00  3.086026e+00  -1.006241e+00  3.086156e+00  -3.361891e-01  2.930388e+00  
   4.6444302  -1.116423e+00  2.963945e+00  -1.116538e+00  2.964101e+00  -4.331571e-01  2.852890e+00  
   4.6654301  -1.211823e+00  2.833917e+00  -1.211925e+00  2.834099e+00  -5.189247e-01  2.769831e+00  
   4.6864300  -1.291614e+00  2.698565e+00  -1.291712e+00  2.698773e+00  -5.936120e-01  2.683079e+00  
   4.7074299  -1.355586e+00  2.560592e+00  -1.355688e+00  2.560824e+00  -6.576028e-01  2.594370e+00  
   4.7274299  -1.402046e+00  2.429171e+00  -1.402161e+00  2.429421e+00  -7.091320e-01  2.509485e+00  
   4.7484298  -1.436325e+00  2.293536e+00  -1.436464e+00  2.293800e+00  -7.540373e-01  2.421237e+00  
   4.7694302  -1.456832e+00  2.162471e+00  -1.457003e+00  2.162743e+00  -7.903004e-01  2.335011e+00  
   4.7904301  -1.464972e+00  2.037818e+00  -1.465185e+00  2.038092e+00  -8.187497e-01  2.251742e+00  
   4.8114300  -1.462363e+00  1.921000e+00  -1.462624e+00  1.921269e+00  -8.402218e-01  2.172153e+00  
   4.8324299  -1.450733e+00  1.813014e+00  -1.451047e+00  1.813270e+00  -8.555344e-01  2.096784e+00  
   4.8524299  -1.432858e+00  1.718919e+00  -1.433224e+00  1.719157e+00  -8.651076e-01  2.029264e+00  
   4.8734298  -1.408553e+00  1.629515e+00  -1.408975e+00  1.629728e+00  -8.706090e-01  1.963049e+00  
   4.8944302  -1.380089e+00  1.549640e+00  -1.380567e+00  1.549821e+00  -8.721287e-01  1.901719e+00  
   4.9154301  -1.348831e+00  1.478946e+00  -1.349362e+00  1.479092e+00  -8.703027e-01  1.845254e+00  
   4.9364300  -1.315945e+00  1.416897e+00  -1.316525e+00  1.417003e+00  -8.657112e-01  1.793545e+00  
   4.9574299  -1.282391e+00  1.362831e+00  -1.283016e+00  1.362894e+00  -8.588769e-01  1.746412e+00  
   4.9774299  -1.250515e+00  1.318092e+00  -1.251178e+00  1.318113e+00  -8.507099e-01  1.705566e+00  
   4.9984298  -1.217696e+00  1.277480e+00  -1.218392e+00  1.277457e+00  -8.407870e-01  1.666665e+00  
