w Re-xx Im-xx Re-yy Im-yy Re-zz Im-zz
# Gaussian absolute broadening  0.15 [eV]
   0.0000000  7.688877e-01  8.854551e-05  7.688895e-01  8.854641e-05  7.243546e-01  7.868730e-05  
   0.0200000  7.689879e-01  9.476396e-05  7.689896e-01  9.476503e-05  7.244435e-01  8.421388e-05  
   0.0410000  7.691068e-01  1.018502e-04  7.691087e-01  1.018515e-04  7.245492e-01  9.051132e-05  
   0.0620000  7.692425e-01  1.095431e-04  7.692441e-01  1.095447e-04  7.246695e-01  9.734745e-05  
   0.0830000  7.693964e-01  1.178767e-04  7.693982e-01  1.178786e-04  7.248067e-01  1.047523e-04  
   0.1040000  7.695711e-01  1.268805e-04  7.695727e-01  1.268827e-04  7.249619e-01  1.127520e-04  
   0.1240000  7.697583e-01  1.360999e-04  7.697601e-01  1.361025e-04  7.251281e-01  1.209426e-04  
   0.1450000  7.699792e-01  1.464722e-04  7.699810e-01  1.464753e-04  7.253246e-01  1.301565e-04  
   0.1660000  7.702276e-01  1.575596e-04  7.702293e-01  1.575632e-04  7.255452e-01  1.400047e-04  
   0.1870000  7.705049e-01  1.693588e-04  7.705067e-01  1.693628e-04  7.257916e-01  1.504837e-04  
   0.2080000  7.708136e-01  1.818551e-04  7.708153e-01  1.818595e-04  7.260661e-01  1.615806e-04  
   0.2290000  7.711555e-01  1.950233e-04  7.711571e-01  1.950282e-04  7.263696e-01  1.732726e-04  
   0.2490000  7.715130e-01  2.081568e-04  7.715147e-01  2.081622e-04  7.266874e-01  1.849321e-04  
   0.2700000  7.719235e-01  2.225270e-04  7.719253e-01  2.225329e-04  7.270523e-01  1.976878e-04  
   0.2910000  7.723712e-01  2.374421e-04  7.723729e-01  2.374483e-04  7.274498e-01  2.109249e-04  
   0.3120000  7.728563e-01  2.528484e-04  7.728583e-01  2.528550e-04  7.278809e-01  2.245952e-04  
   0.3330000  7.733798e-01  2.686906e-04  7.733819e-01  2.686977e-04  7.283460e-01  2.386499e-04  
   0.3540000  7.739419e-01  2.849151e-04  7.739438e-01  2.849227e-04  7.288452e-01  2.530407e-04  
   0.3740000  7.745133e-01  3.006771e-04  7.745150e-01  3.006850e-04  7.293524e-01  2.670181e-04  
   0.3950000  7.751506e-01  3.175096e-04  7.751524e-01  3.175179e-04  7.299185e-01  2.819413e-04  
   0.4160000  7.758262e-01  3.345941e-04  7.758282e-01  3.346028e-04  7.305185e-01  2.970841e-04  
   0.4374300  7.765560e-01  3.522563e-04  7.765580e-01  3.522655e-04  7.311666e-01  3.127345e-04  
   0.4574300  7.772727e-01  3.689245e-04  7.772748e-01  3.689344e-04  7.318027e-01  3.274999e-04  
   0.4784300  7.780629e-01  3.866011e-04  7.780648e-01  3.866116e-04  7.325041e-01  3.431538e-04  
   0.4994300  7.788911e-01  4.044449e-04  7.788931e-01  4.044561e-04  7.332392e-01  3.589506e-04  
   0.5204300  7.797577e-01  4.224487e-04  7.797598e-01  4.224608e-04  7.340081e-01  3.748836e-04  
   0.5414300  7.806628e-01  4.406092e-04  7.806650e-01  4.406224e-04  7.348113e-01  3.909493e-04  
   0.5614300  7.815609e-01  4.580501e-04  7.815629e-01  4.580642e-04  7.356081e-01  4.063731e-04  
   0.5824300  7.825418e-01  4.765176e-04  7.825440e-01  4.765328e-04  7.364783e-01  4.226982e-04  
   0.6034300  7.835617e-01  4.951467e-04  7.835638e-01  4.951630e-04  7.373830e-01  4.391597e-04  
   0.6244300  7.846212e-01  5.139426e-04  7.846237e-01  5.139603e-04  7.383227e-01  4.557614e-04  
   0.6454300  7.857208e-01  5.329109e-04  7.857230e-01  5.329296e-04  7.392976e-01  4.725086e-04  
   0.6664300  7.868601e-01  5.520577e-04  7.868625e-01  5.520775e-04  7.403079e-01  4.894056e-04  
   0.6864300  7.879826e-01  5.704647e-04  7.879848e-01  5.704855e-04  7.413027e-01  5.056424e-04  
   0.7074300  7.892014e-01  5.899795e-04  7.892039e-01  5.900013e-04  7.423828e-01  5.228486e-04  
   0.7284300  7.904611e-01  6.096935e-04  7.904637e-01  6.097163e-04  7.434995e-01  5.402222e-04  
   0.7494300  7.917627e-01  6.296145e-04  7.917654e-01  6.296379e-04  7.446525e-01  5.577693e-04  
   0.7704300  7.931060e-01  6.497496e-04  7.931087e-01  6.497736e-04  7.458425e-01  5.754961e-04  
   0.7914300  7.944922e-01  6.701077e-04  7.944950e-01  6.701321e-04  7.470700e-01  5.934093e-04  
   0.8114300  7.958516e-01  6.897104e-04  7.958543e-01  6.897352e-04  7.482738e-01  6.106494e-04  
   0.8324300  7.973219e-01  7.105273e-04  7.973248e-01  7.105523e-04  7.495753e-01  6.289472e-04  
   0.8540300  7.988802e-01  7.321983e-04  7.988831e-01  7.322236e-04  7.509544e-01  6.479850e-04  
   0.8740300  8.003644e-01  7.525074e-04  8.003675e-01  7.525325e-04  7.522683e-01  6.658159e-04  
   0.8950300  8.019674e-01  7.740927e-04  8.019704e-01  7.741184e-04  7.536860e-01  6.847568e-04  
   0.9160300  8.036156e-01  7.959558e-04  8.036188e-01  7.959818e-04  7.551439e-01  7.039297e-04  
   0.9370300  8.053100e-01  8.181072e-04  8.053133e-01  8.181338e-04  7.566424e-01  7.233434e-04  
   0.9580300  8.070512e-01  8.405569e-04  8.070545e-01  8.405845e-04  7.581816e-01  7.430064e-04  
   0.9780300  8.087539e-01  8.622263e-04  8.087574e-01  8.622549e-04  7.596864e-01  7.619738e-04  
   0.9990300  8.105887e-01  8.852924e-04  8.105922e-01  8.853224e-04  7.613077e-01  7.821512e-04  
   1.0200300  8.124723e-01  9.086911e-04  8.124759e-01  9.087231e-04  7.629717e-01  8.026059e-04  
   1.0410300  8.144054e-01  9.324349e-04  8.144093e-01  9.324685e-04  7.646791e-01  8.233479e-04  
   1.0620300  8.163893e-01  9.565348e-04  8.163931e-01  9.565714e-04  7.664303e-01  8.443872e-04  
   1.0830300  8.184239e-01  9.810049e-04  8.184277e-01  9.810440e-04  7.682261e-01  8.657339e-04  
   1.1030300  8.204097e-01  1.004664e-03  8.204138e-01  1.004706e-03  7.699784e-01  8.863594e-04  
   1.1240300  8.225465e-01  1.029892e-03  8.225505e-01  1.029937e-03  7.718633e-01  9.083368e-04  
   1.1450300  8.247365e-01  1.055529e-03  8.247406e-01  1.055577e-03  7.737944e-01  9.306533e-04  
   1.1660300  8.269807e-01  1.081588e-03  8.269851e-01  1.081640e-03  7.757728e-01  9.533208e-04  
   1.1870300  8.292803e-01  1.108084e-03  8.292844e-01  1.108140e-03  7.777992e-01  9.763503e-04  
   1.2080300  8.316355e-01  1.135033e-03  8.316401e-01  1.135092e-03  7.798743e-01  9.997557e-04  
   1.2280300  8.339314e-01  1.161134e-03  8.339360e-01  1.161195e-03  7.818962e-01  1.022406e-03  
   1.2490300  8.363988e-01  1.189014e-03  8.364035e-01  1.189078e-03  7.840683e-01  1.046581e-03  
   1.2706300  8.389985e-01  1.218215e-03  8.390034e-01  1.218282e-03  7.863563e-01  1.071881e-03  
   1.2906300  8.414622e-01  1.245743e-03  8.414671e-01  1.245813e-03  7.885236e-01  1.095712e-03  
   1.3116300  8.441089e-01  1.275177e-03  8.441141e-01  1.275249e-03  7.908509e-01  1.121169e-03  
   1.3326300  8.468176e-01  1.305169e-03  8.468228e-01  1.305243e-03  7.932321e-01  1.147088e-03  
   1.3536299  8.495898e-01  1.335742e-03  8.495953e-01  1.335818e-03  7.956681e-01  1.173485e-03  
   1.3746300  8.524271e-01  1.366918e-03  8.524325e-01  1.366996e-03  7.981600e-01  1.200378e-03  
   1.3946300  8.551908e-01  1.397190e-03  8.551967e-01  1.397271e-03  8.005866e-01  1.226469e-03  
   1.4156300  8.581588e-01  1.429610e-03  8.581646e-01  1.429692e-03  8.031911e-01  1.254384e-03  
   1.4366300  8.611954e-01  1.462702e-03  8.612013e-01  1.462785e-03  8.058553e-01  1.282851e-03  
   1.4576300  8.643025e-01  1.496492e-03  8.643087e-01  1.496577e-03  8.085798e-01  1.311890e-03  
   1.4786299  8.674818e-01  1.531006e-03  8.674882e-01  1.531093e-03  8.113661e-01  1.341522e-03  
   1.4996300  8.707346e-01  1.566271e-03  8.707411e-01  1.566361e-03  8.142155e-01  1.371769e-03  
   1.5196300  8.739014e-01  1.600582e-03  8.739080e-01  1.600674e-03  8.169884e-01  1.401167e-03  
   1.5406300  8.773017e-01  1.637398e-03  8.773086e-01  1.637492e-03  8.199643e-01  1.432681e-03  
   1.5616300  8.807802e-01  1.675053e-03  8.807871e-01  1.675149e-03  8.230073e-01  1.464878e-03  
   1.5826300  8.843384e-01  1.713579e-03  8.843458e-01  1.713679e-03  8.261183e-01  1.497785e-03  
   1.6036299  8.879786e-01  1.753010e-03  8.879861e-01  1.753113e-03  8.292994e-01  1.531430e-03  
   1.6246300  8.917027e-01  1.793385e-03  8.917103e-01  1.793491e-03  8.325517e-01  1.565841e-03  
   1.6446300  8.953283e-01  1.832746e-03  8.953363e-01  1.832855e-03  8.357163e-01  1.599352e-03  
   1.6656300  8.992207e-01  1.875070e-03  8.992289e-01  1.875181e-03  8.391123e-01  1.635344e-03  
   1.6872300  9.033188e-01  1.919711e-03  9.033273e-01  1.919826e-03  8.426853e-01  1.673263e-03  
   1.7072300  9.071999e-01  1.962087e-03  9.072083e-01  1.962207e-03  8.460672e-01  1.709218e-03  
   1.7282300  9.113669e-01  2.007710e-03  9.113759e-01  2.007833e-03  8.496964e-01  1.747881e-03  
   1.7492300  9.156316e-01  2.054534e-03  9.156402e-01  2.054661e-03  8.534075e-01  1.787517e-03  
   1.7702301  9.199952e-01  2.102618e-03  9.200047e-01  2.102749e-03  8.572030e-01  1.828169e-03  
   1.7912300  9.244615e-01  2.152018e-03  9.244711e-01  2.152153e-03  8.610848e-01  1.869880e-03  
   1.8112299  9.288133e-01  2.200346e-03  9.288231e-01  2.200485e-03  8.648648e-01  1.910636e-03  
   1.8322300  9.334874e-01  2.252496e-03  9.334977e-01  2.252640e-03  8.689224e-01  1.954561e-03  
   1.8532300  9.382733e-01  2.306160e-03  9.382837e-01  2.306308e-03  8.730735e-01  1.999699e-03  
   1.8742300  9.431739e-01  2.361413e-03  9.431843e-01  2.361565e-03  8.773213e-01  2.046108e-03  
   1.8952301  9.481919e-01  2.418339e-03  9.482027e-01  2.418496e-03  8.816680e-01  2.093854e-03  
   1.9162300  9.533317e-01  2.477028e-03  9.533432e-01  2.477192e-03  8.861158e-01  2.143002e-03  
   1.9362299  9.583423e-01  2.534657e-03  9.583539e-01  2.534825e-03  8.904490e-01  2.191184e-03  
   1.9572300  9.637291e-01  2.597094e-03  9.637409e-01  2.597268e-03  8.951038e-01  2.243296e-03  
   1.9782300  9.692487e-01  2.661629e-03  9.692611e-01  2.661810e-03  8.998696e-01  2.297055e-03  
   1.9992300  9.749045e-01  2.728402e-03  9.749172e-01  2.728588e-03  9.047486e-01  2.352561e-03  
   2.0202301  9.807016e-01  2.797568e-03  9.807147e-01  2.797761e-03  9.097449e-01  2.409930e-03  
   2.0412300  9.866439e-01  2.869301e-03  9.866575e-01  2.869501e-03  9.148621e-01  2.469289e-03  
   2.0612299  9.924428e-01  2.940183e-03  9.924564e-01  2.940391e-03  9.198511e-01  2.527800e-03  
   2.0822301  9.986834e-01  3.017510e-03  9.986981e-01  3.017727e-03  9.252156e-01  2.591476e-03  
   2.1038301  1.005271e+00  3.100396e-03  1.005285e+00  3.100624e-03  9.308724e-01  2.659553e-03  
   2.1238301  1.011526e+00  3.180415e-03  1.011541e+00  3.180653e-03  9.362391e-01  2.725120e-03  
   2.1448300  1.018264e+00  3.268098e-03  1.018280e+00  3.268347e-03  9.420132e-01  2.796810e-03  
   2.1658299  1.025180e+00  3.359833e-03  1.025196e+00  3.360095e-03  9.479339e-01  2.871673e-03  
   2.1868300  1.032281e+00  3.455953e-03  1.032298e+00  3.456228e-03  9.540079e-01  2.950002e-03  
   2.2078300  1.039575e+00  3.556802e-03  1.039593e+00  3.557091e-03  9.602392e-01  3.032112e-03  
   2.2278299  1.046709e+00  3.657584e-03  1.046727e+00  3.657889e-03  9.663265e-01  3.114148e-03  
   2.2488301  1.054402e+00  3.768748e-03  1.054420e+00  3.769071e-03  9.728836e-01  3.204676e-03  
   2.2698300  1.062311e+00  3.885781e-03  1.062330e+00  3.886122e-03  9.796169e-01  3.300098e-03  
   2.2908299  1.070446e+00  4.009110e-03  1.070465e+00  4.009471e-03  9.865340e-01  3.400849e-03  
   2.3118300  1.078816e+00  4.139182e-03  1.078836e+00  4.139565e-03  9.936413e-01  3.507390e-03  
   2.3328300  1.087430e+00  4.276467e-03  1.087451e+00  4.276870e-03  1.000947e+00  3.620202e-03  
   2.3528299  1.095872e+00  4.414379e-03  1.095894e+00  4.414805e-03  1.008095e+00  3.733948e-03  
   2.3738301  1.104996e+00  4.567240e-03  1.105018e+00  4.567691e-03  1.015811e+00  3.860528e-03  
   2.3948300  1.114399e+00  4.728931e-03  1.114422e+00  4.729408e-03  1.023749e+00  3.995000e-03  
   2.4158299  1.124094e+00  4.900116e-03  1.124118e+00  4.900622e-03  1.031921e+00  4.137998e-03  
   2.4368300  1.134095e+00  5.081538e-03  1.134120e+00  5.082072e-03  1.040336e+00  4.290206e-03  
   2.4578300  1.144418e+00  5.274035e-03  1.144444e+00  5.274603e-03  1.049005e+00  4.452376e-03  
   2.4778299  1.154565e+00  5.468549e-03  1.154591e+00  5.469149e-03  1.057510e+00  4.616856e-03  
   2.4988301  1.165565e+00  5.685608e-03  1.165592e+00  5.686247e-03  1.066712e+00  4.801007e-03  
   2.5204301  1.177272e+00  5.923924e-03  1.177301e+00  5.924607e-03  1.076485e+00  5.003772e-03  
   2.5404301  1.188488e+00  6.159647e-03  1.188517e+00  6.160373e-03  1.085825e+00  5.204754e-03  
   2.5614300  1.200675e+00  6.424519e-03  1.200706e+00  6.425298e-03  1.095951e+00  5.430881e-03  
   2.5824299  1.213310e+00  6.709364e-03  1.213341e+00  6.710197e-03  1.106420e+00  5.674141e-03  
   2.6034300  1.226421e+00  7.016886e-03  1.226454e+00  7.017781e-03  1.117254e+00  5.936545e-03  
   2.6244299  1.240041e+00  7.350442e-03  1.240075e+00  7.351400e-03  1.128475e+00  6.220499e-03  
   2.6444299  1.253517e+00  7.696173e-03  1.253553e+00  7.697206e-03  1.139544e+00  6.513669e-03  
   2.6654301  1.268238e+00  8.093839e-03  1.268275e+00  8.094960e-03  1.151592e+00  6.848852e-03  
   2.6864300  1.283585e+00  8.533882e-03  1.283624e+00  8.535102e-03  1.164107e+00  7.216535e-03  
   2.7074299  1.299610e+00  9.025552e-03  1.299651e+00  9.026882e-03  1.177122e+00  7.622511e-03  
   2.7284300  1.316370e+00  9.581211e-03  1.316412e+00  9.582669e-03  1.190673e+00  8.074212e-03  
   2.7494299  1.333927e+00  1.021750e-02  1.333972e+00  1.021911e-02  1.204802e+00  8.581232e-03  
   2.7694299  1.351458e+00  1.091902e-02  1.351505e+00  1.092081e-02  1.218837e+00  9.126925e-03  
   2.7904301  1.370793e+00  1.178509e-02  1.370842e+00  1.178711e-02  1.234229e+00  9.781304e-03  
   2.8114300  1.391168e+00  1.282393e-02  1.391219e+00  1.282624e-02  1.250348e+00  1.053948e-02  
   2.8324299  1.412684e+00  1.409016e-02  1.412739e+00  1.409285e-02  1.267256e+00  1.142815e-02  
   2.8534300  1.435453e+00  1.565630e-02  1.435511e+00  1.565949e-02  1.285023e+00  1.248159e-02  
   2.8744299  1.459597e+00  1.761756e-02  1.459658e+00  1.762140e-02  1.303721e+00  1.374348e-02  
   2.8944299  1.483984e+00  1.996509e-02  1.484049e+00  1.996976e-02  1.322471e+00  1.518966e-02  
   2.9154301  1.511178e+00  2.308334e-02  1.511247e+00  2.308917e-02  1.343231e+00  1.703146e-02  
   2.9370301  1.540977e+00  2.719057e-02  1.541050e+00  2.719798e-02  1.365827e+00  1.936140e-02  
   2.9570301  1.570329e+00  3.202974e-02  1.570406e+00  3.203906e-02  1.387961e+00  2.201317e-02  
   2.9780300  1.603060e+00  3.845888e-02  1.603141e+00  3.847081e-02  1.412551e+00  2.543720e-02  
   2.9990301  1.637807e+00  4.659587e-02  1.637893e+00  4.661113e-02  1.438614e+00  2.967463e-02  
   3.0200300  1.674582e+00  5.681817e-02  1.674672e+00  5.683761e-02  1.466237e+00  3.491828e-02  
   3.0410299  1.713329e+00  6.954329e-02  1.713425e+00  6.956796e-02  1.495488e+00  4.139718e-02  
   3.0610299  1.751948e+00  8.439748e-02  1.752047e+00  8.442819e-02  1.524905e+00  4.896031e-02  
   3.0820301  1.794081e+00  1.033068e-01  1.794184e+00  1.033451e-01  1.557437e+00  5.865745e-02  
   3.1030300  1.837515e+00  1.260520e-01  1.837620e+00  1.260990e-01  1.591620e+00  7.048960e-02  
   3.1240301  1.881818e+00  1.530498e-01  1.881925e+00  1.531070e-01  1.627360e+00  8.483008e-02  
   3.1450300  1.926444e+00  1.846531e-01  1.926552e+00  1.847215e-01  1.664486e+00  1.020734e-01  
   3.1660299  1.970758e+00  2.211229e-01  1.970864e+00  2.212036e-01  1.702744e+00  1.226221e-01  
   3.1860299  2.012013e+00  2.605098e-01  2.012115e+00  2.606030e-01  1.739911e+00  1.456226e-01  
   3.2070301  2.053598e+00  3.067515e-01  2.053695e+00  3.068583e-01  1.779273e+00  1.737168e-01  
   3.2280300  2.092635e+00  3.578395e-01  2.092724e+00  3.579598e-01  1.818440e+00  2.061397e-01  
   3.2490301  2.128361e+00  4.134494e-01  2.128442e+00  4.135830e-01  1.856774e+00  2.430956e-01  
   3.2700300  2.160081e+00  4.730929e-01  2.160150e+00  4.732390e-01  1.893563e+00  2.846680e-01  
   3.2910299  2.187203e+00  5.361390e-01  2.187258e+00  5.362962e-01  1.928047e+00  3.307962e-01  
   3.3110299  2.208342e+00  5.986626e-01  2.208386e+00  5.988290e-01  1.958042e+00  3.787604e-01  
   3.3320301  2.225339e+00  6.661253e-01  2.225368e+00  6.662993e-01  1.985830e+00  4.329789e-01  
   3.3536301  2.237154e+00  7.365638e-01  2.237167e+00  7.367433e-01  2.009751e+00  4.922817e-01  
   3.3736300  2.243032e+00  8.019415e-01  2.243032e+00  8.021244e-01  2.027158e+00  5.497126e-01  
   3.3946300  2.244200e+00  8.699887e-01  2.244188e+00  8.701727e-01  2.040134e+00  6.117998e-01  
   3.4156301  2.240615e+00  9.367462e-01  2.240590e+00  9.369295e-01  2.047460e+00  6.747890e-01  
   3.4366300  2.232763e+00  1.001651e+00  2.232728e+00  1.001832e+00  2.049122e+00  7.376943e-01  
   3.4576299  2.221200e+00  1.064289e+00  2.221156e+00  1.064467e+00  2.045321e+00  7.995438e-01  
   3.4776299  2.207260e+00  1.121592e+00  2.207210e+00  1.121766e+00  2.036998e+00  8.566380e-01  
   3.4986300  2.190087e+00  1.179169e+00  2.190031e+00  1.179339e+00  2.023885e+00  9.139307e-01  
   3.5196300  2.170814e+00  1.234082e+00  2.170754e+00  1.234247e+00  2.007023e+00  9.678900e-01  
   3.5406301  2.149873e+00  1.286419e+00  2.149810e+00  1.286581e+00  1.987252e+00  1.018093e+00  
   3.5616300  2.127606e+00  1.336325e+00  2.127543e+00  1.336484e+00  1.965455e+00  1.064334e+00  
   3.5826299  2.104268e+00  1.383975e+00  2.104205e+00  1.384132e+00  1.942506e+00  1.106629e+00  
   3.6026299  2.081209e+00  1.427415e+00  2.081149e+00  1.427570e+00  1.920316e+00  1.143439e+00  
   3.6236300  2.056236e+00  1.471127e+00  2.056177e+00  1.471280e+00  1.897327e+00  1.178816e+00  
   3.6446300  2.030571e+00  1.512989e+00  2.030514e+00  1.513142e+00  1.875190e+00  1.211340e+00  
   3.6656301  2.004289e+00  1.553053e+00  2.004236e+00  1.553206e+00  1.854269e+00  1.241590e+00  
   3.6866300  1.977495e+00  1.591321e+00  1.977446e+00  1.591475e+00  1.834761e+00  1.270157e+00  
   3.7076299  1.950335e+00  1.627759e+00  1.950290e+00  1.627915e+00  1.816695e+00  1.297590e+00  
   3.7276299  1.924314e+00  1.660718e+00  1.924273e+00  1.660876e+00  1.800738e+00  1.323088e+00  
   3.7486300  1.897094e+00  1.693452e+00  1.897058e+00  1.693613e+00  1.785118e+00  1.349529e+00  
   3.7702301  1.869560e+00  1.725115e+00  1.869529e+00  1.725279e+00  1.770028e+00  1.376591e+00  
   3.7902300  1.844860e+00  1.752663e+00  1.844834e+00  1.752833e+00  1.756731e+00  1.401600e+00  
   3.8112299  1.820177e+00  1.779895e+00  1.820158e+00  1.780070e+00  1.743311e+00  1.427781e+00  
   3.8322301  1.797236e+00  1.805630e+00  1.797223e+00  1.805811e+00  1.730368e+00  1.453780e+00  
   3.8532300  1.776491e+00  1.830233e+00  1.776485e+00  1.830421e+00  1.717935e+00  1.479457e+00  
   3.8742299  1.758357e+00  1.854202e+00  1.758358e+00  1.854401e+00  1.706161e+00  1.504700e+00  
   3.8942299  1.743824e+00  1.877016e+00  1.743832e+00  1.877224e+00  1.695791e+00  1.528288e+00  
   3.9152300  1.731655e+00  1.901674e+00  1.731669e+00  1.901893e+00  1.686102e+00  1.552635e+00  
   3.9362299  1.722731e+00  1.927893e+00  1.722752e+00  1.928123e+00  1.678013e+00  1.576747e+00  
   3.9572301  1.716958e+00  1.956608e+00  1.716984e+00  1.956849e+00  1.671895e+00  1.600979e+00  
   3.9782300  1.714035e+00  1.988787e+00  1.714064e+00  1.989041e+00  1.668067e+00  1.625852e+00  
   3.9992299  1.713439e+00  2.025394e+00  1.713470e+00  2.025661e+00  1.666750e+00  1.652045e+00  
   4.0192299  1.714350e+00  2.065209e+00  1.714382e+00  2.065489e+00  1.667898e+00  1.678958e+00  
   4.0402298  1.715927e+00  2.112978e+00  1.715956e+00  2.113271e+00  1.671520e+00  1.710152e+00  
   4.0612302  1.716983e+00  2.167481e+00  1.717007e+00  2.167785e+00  1.677295e+00  1.745301e+00  
   4.0822301  1.716172e+00  2.229133e+00  1.716187e+00  2.229449e+00  1.684652e+00  1.785362e+00  
   4.1032300  1.712015e+00  2.298094e+00  1.712019e+00  2.298419e+00  1.692768e+00  1.831239e+00  
   4.1242299  1.702963e+00  2.374232e+00  1.702953e+00  2.374565e+00  1.700568e+00  1.883713e+00  
   4.1442299  1.688360e+00  2.453019e+00  1.688334e+00  2.453357e+00  1.706505e+00  1.940366e+00  
   4.1652298  1.665298e+00  2.541621e+00  1.665252e+00  2.541961e+00  1.709719e+00  2.007206e+00  
   4.1868300  1.631876e+00  2.637971e+00  1.631806e+00  2.638311e+00  1.708070e+00  2.083870e+00  
   4.2068300  1.591022e+00  2.730687e+00  1.590930e+00  2.731023e+00  1.700412e+00  2.161736e+00  
   4.2278299  1.536917e+00  2.830198e+00  1.536800e+00  2.830526e+00  1.684303e+00  2.249963e+00  
   4.2488298  1.470622e+00  2.930260e+00  1.470481e+00  2.930578e+00  1.658251e+00  2.343760e+00  
   4.2698302  1.391709e+00  3.029069e+00  1.391543e+00  3.029376e+00  1.620717e+00  2.441671e+00  
   4.2908301  1.300055e+00  3.124742e+00  1.299864e+00  3.125031e+00  1.570433e+00  2.541866e+00  
   4.3108301  1.201081e+00  3.211209e+00  1.200868e+00  3.211482e+00  1.509859e+00  2.637468e+00  
   4.3318300  1.085338e+00  3.295313e+00  1.085105e+00  3.295569e+00  1.432481e+00  2.735763e+00  
   4.3528299  9.582208e-01  3.370786e+00  9.579687e-01  3.371027e+00  1.341021e+00  2.829470e+00  
   4.3738298  8.207276e-01  3.435919e+00  8.204594e-01  3.436144e+00  1.236042e+00  2.916078e+00  
   4.3948302  6.740928e-01  3.489128e+00  6.738110e-01  3.489341e+00  1.118650e+00  2.993183e+00  
   4.4158301  5.197773e-01  3.528992e+00  5.194849e-01  3.529195e+00  9.904709e-01  3.058609e+00  
   4.4358301  3.671741e-01  3.553425e+00  3.668742e-01  3.553621e+00  8.602548e-01  3.108387e+00  
   4.4568300  2.027754e-01  3.563896e+00  2.024703e-01  3.564089e+00  7.172994e-01  3.146152e+00  
   4.4778299  3.605333e-02  3.558067e+00  3.574552e-02  3.558258e+00  5.705642e-01  3.168183e+00  
   4.4988298  -1.308899e-01  3.535468e+00  -1.311980e-01  3.535660e+00  4.227877e-01  3.174130e+00  
   4.5198302  -2.958616e-01  3.495958e+00  -2.961684e-01  3.496153e+00  2.766618e-01  3.164188e+00  
   4.5408301  -4.566083e-01  3.439763e+00  -4.569123e-01  3.439961e+00  1.347138e-01  3.139068e+00  
   4.5608301  -6.037266e-01  3.371286e+00  -6.040272e-01  3.371487e+00  5.451270e-03  3.102090e+00  
   4.5818300  -7.498439e-01  3.284650e+00  -7.501407e-01  3.284855e+00  -1.222591e-01  3.051006e+00  
   4.6034298  -8.891128e-01  3.181252e+00  -8.894057e-01  3.181460e+00  -2.435594e-01  2.987200e+00  
   4.6234298  -1.006424e+00  3.074268e+00  -1.006714e+00  3.074476e+00  -3.458442e-01  2.919734e+00  
   4.6444302  -1.116122e+00  2.952345e+00  -1.116410e+00  2.952550e+00  -4.423138e-01  2.842125e+00  
   4.6654301  -1.210936e+00  2.822937e+00  -1.211223e+00  2.823138e+00  -5.274125e-01  2.759483e+00  
   4.6864300  -1.290214e+00  2.688577e+00  -1.290502e+00  2.688772e+00  -6.013034e-01  2.673619e+00  
   4.7074299  -1.353781e+00  2.551859e+00  -1.354071e+00  2.552045e+00  -6.644166e-01  2.586187e+00  
   4.7274299  -1.399977e+00  2.421777e+00  -1.400271e+00  2.421953e+00  -7.150770e-01  2.502791e+00  
   4.7484298  -1.434120e+00  2.287592e+00  -1.434419e+00  2.287756e+00  -7.590779e-01  2.416287e+00  
   4.7694302  -1.454641e+00  2.157933e+00  -1.454946e+00  2.158082e+00  -7.944821e-01  2.331888e+00  
   4.7904301  -1.462940e+00  2.034564e+00  -1.463251e+00  2.034697e+00  -8.221503e-01  2.250432e+00  
   4.8114300  -1.460624e+00  1.918852e+00  -1.460943e+00  1.918966e+00  -8.429418e-01  2.172560e+00  
   4.8324299  -1.449407e+00  1.811764e+00  -1.449733e+00  1.811858e+00  -8.576892e-01  2.098748e+00  
   4.8524299  -1.432024e+00  1.718319e+00  -1.432356e+00  1.718393e+00  -8.668380e-01  2.032524e+00  
   4.8734298  -1.408323e+00  1.629388e+00  -1.408660e+00  1.629439e+00  -8.720134e-01  1.967450e+00  
   4.8944302  -1.380540e+00  1.549789e+00  -1.380883e+00  1.549816e+00  -8.733248e-01  1.907029e+00  
   4.9154301  -1.350030e+00  1.479203e+00  -1.350376e+00  1.479204e+00  -8.713986e-01  1.851250e+00  
   4.9364300  -1.317949e+00  1.417121e+00  -1.318296e+00  1.417096e+00  -8.668036e-01  1.800018e+00  
   4.9574299  -1.285251e+00  1.362916e+00  -1.285599e+00  1.362862e+00  -8.600495e-01  1.753179e+00  
   4.9774299  -1.254236e+00  1.317973e+00  -1.254583e+00  1.317893e+00  -8.520238e-01  1.712466e+00  
   4.9984298  -1.222365e+00  1.277099e+00  -1.222708e+00  1.276990e+00  -8.423053e-01  1.673574e+00  
