w Re-xx Im-xx Re-yy Im-yy Re-zz Im-zz
# Gaussian absolute broadening  0.15 [eV]
   0.0000000  7.678893e-01  8.818915e-05  7.679089e-01  8.819003e-05  7.301316e-01  8.055619e-05  
   0.0200000  7.679893e-01  9.438481e-05  7.680088e-01  9.438590e-05  7.302228e-01  8.621351e-05  
   0.0410000  7.681076e-01  1.014450e-04  7.681273e-01  1.014463e-04  7.303311e-01  9.266008e-05  
   0.0620000  7.682428e-01  1.091096e-04  7.682622e-01  1.091112e-04  7.304544e-01  9.965841e-05  
   0.0830000  7.683961e-01  1.174124e-04  7.684156e-01  1.174143e-04  7.305945e-01  1.072392e-04  
   0.1040000  7.685701e-01  1.263829e-04  7.685896e-01  1.263851e-04  7.307534e-01  1.154293e-04  
   0.1240000  7.687566e-01  1.355680e-04  7.687761e-01  1.355706e-04  7.309236e-01  1.238152e-04  
   0.1450000  7.689767e-01  1.459015e-04  7.689967e-01  1.459046e-04  7.311248e-01  1.332491e-04  
   0.1660000  7.692238e-01  1.569475e-04  7.692437e-01  1.569510e-04  7.313505e-01  1.433328e-04  
   0.1870000  7.695004e-01  1.687022e-04  7.695199e-01  1.687062e-04  7.316030e-01  1.540632e-04  
   0.2080000  7.698078e-01  1.811513e-04  7.698275e-01  1.811558e-04  7.318838e-01  1.654268e-04  
   0.2290000  7.701482e-01  1.942697e-04  7.701679e-01  1.942746e-04  7.321947e-01  1.774005e-04  
   0.2490000  7.705048e-01  2.073533e-04  7.705242e-01  2.073587e-04  7.325199e-01  1.893416e-04  
   0.2700000  7.709136e-01  2.216688e-04  7.709333e-01  2.216747e-04  7.328932e-01  2.024060e-04  
   0.2910000  7.713595e-01  2.365269e-04  7.713792e-01  2.365333e-04  7.333003e-01  2.159645e-04  
   0.3120000  7.718428e-01  2.518740e-04  7.718628e-01  2.518809e-04  7.337420e-01  2.299679e-04  
   0.3330000  7.723643e-01  2.676553e-04  7.723843e-01  2.676626e-04  7.342179e-01  2.443659e-04  
   0.3540000  7.729242e-01  2.838171e-04  7.729440e-01  2.838249e-04  7.347291e-01  2.591097e-04  
   0.3740000  7.734932e-01  2.995180e-04  7.735130e-01  2.995262e-04  7.352486e-01  2.734313e-04  
   0.3950000  7.741281e-01  3.162850e-04  7.741481e-01  3.162939e-04  7.358283e-01  2.887238e-04  
   0.4160000  7.748011e-01  3.333029e-04  7.748212e-01  3.333124e-04  7.364426e-01  3.042428e-04  
   0.4374300  7.755280e-01  3.508956e-04  7.755482e-01  3.509059e-04  7.371060e-01  3.202841e-04  
   0.4574300  7.762422e-01  3.674981e-04  7.762624e-01  3.675093e-04  7.377578e-01  3.354205e-04  
   0.4784300  7.770292e-01  3.851046e-04  7.770494e-01  3.851170e-04  7.384762e-01  3.514700e-04  
   0.4994300  7.778543e-01  4.028773e-04  7.778745e-01  4.028910e-04  7.392293e-01  3.676684e-04  
   0.5204300  7.787176e-01  4.208089e-04  7.787380e-01  4.208242e-04  7.400168e-01  3.840094e-04  
   0.5414300  7.796192e-01  4.388962e-04  7.796394e-01  4.389133e-04  7.408395e-01  4.004894e-04  
   0.5614300  7.805136e-01  4.562664e-04  7.805339e-01  4.562855e-04  7.416559e-01  4.163135e-04  
   0.5824300  7.814909e-01  4.746586e-04  7.815111e-01  4.746802e-04  7.425475e-01  4.330658e-04  
   0.6034300  7.825067e-01  4.932111e-04  7.825271e-01  4.932352e-04  7.434743e-01  4.499615e-04  
   0.6244300  7.835623e-01  5.119297e-04  7.835827e-01  5.119566e-04  7.444371e-01  4.670047e-04  
   0.6454300  7.846570e-01  5.308194e-04  7.846776e-01  5.308493e-04  7.454359e-01  4.842007e-04  
   0.6664300  7.857924e-01  5.498867e-04  7.858129e-01  5.499195e-04  7.464713e-01  5.015544e-04  
   0.6864300  7.869102e-01  5.682163e-04  7.869310e-01  5.682522e-04  7.474911e-01  5.182339e-04  
   0.7074300  7.881243e-01  5.876493e-04  7.881448e-01  5.876885e-04  7.485982e-01  5.359134e-04  
   0.7284300  7.893791e-01  6.072802e-04  7.893997e-01  6.073226e-04  7.497424e-01  5.537692e-04  
   0.7494300  7.906755e-01  6.271165e-04  7.906963e-01  6.271621e-04  7.509245e-01  5.718077e-04  
   0.7704300  7.920138e-01  6.471660e-04  7.920345e-01  6.472144e-04  7.521446e-01  5.900358e-04  
   0.7914300  7.933942e-01  6.674369e-04  7.934152e-01  6.674884e-04  7.534035e-01  6.084606e-04  
   0.8114300  7.947483e-01  6.869557e-04  7.947694e-01  6.870094e-04  7.546377e-01  6.261976e-04  
   0.8324300  7.962126e-01  7.076831e-04  7.962338e-01  7.077392e-04  7.559724e-01  6.450284e-04  
   0.8540300  7.977647e-01  7.292611e-04  7.977860e-01  7.293190e-04  7.573869e-01  6.646262e-04  
   0.8740300  7.992433e-01  7.494822e-04  7.992646e-01  7.495416e-04  7.587345e-01  6.829873e-04  
   0.8950300  8.008397e-01  7.709746e-04  8.008611e-01  7.710350e-04  7.601891e-01  7.024977e-04  
   0.9160300  8.024812e-01  7.927431e-04  8.025028e-01  7.928042e-04  7.616848e-01  7.222531e-04  
   0.9370300  8.041689e-01  8.147983e-04  8.041905e-01  8.148598e-04  7.632223e-01  7.422636e-04  
   0.9580300  8.059032e-01  8.371515e-04  8.059247e-01  8.372123e-04  7.648019e-01  7.625382e-04  
   0.9780300  8.075989e-01  8.587270e-04  8.076206e-01  8.587872e-04  7.663463e-01  7.821025e-04  
   0.9990300  8.094262e-01  8.816930e-04  8.094481e-01  8.817524e-04  7.680108e-01  8.029222e-04  
   1.0200300  8.113019e-01  9.049902e-04  8.113242e-01  9.050486e-04  7.697189e-01  8.240364e-04  
   1.0410300  8.132277e-01  9.286306e-04  8.132496e-01  9.286875e-04  7.714720e-01  8.454559e-04  
   1.0620300  8.152032e-01  9.526257e-04  8.152254e-01  9.526815e-04  7.732706e-01  8.671910e-04  
   1.0830300  8.172296e-01  9.769886e-04  8.172519e-01  9.770434e-04  7.751151e-01  8.892535e-04  
   1.1030300  8.192075e-01  1.000544e-03  8.192298e-01  1.000598e-03  7.769151e-01  9.105793e-04  
   1.1240300  8.213350e-01  1.025661e-03  8.213575e-01  1.025715e-03  7.788516e-01  9.333137e-04  
   1.1450300  8.235162e-01  1.051184e-03  8.235388e-01  1.051237e-03  7.808360e-01  9.564094e-04  
   1.1660300  8.257511e-01  1.077127e-03  8.257740e-01  1.077181e-03  7.828695e-01  9.798802e-04  
   1.1870300  8.280411e-01  1.103505e-03  8.280638e-01  1.103560e-03  7.849526e-01  1.003739e-03  
   1.2080300  8.303866e-01  1.130332e-03  8.304098e-01  1.130390e-03  7.870861e-01  1.027999e-03  
   1.2280300  8.326732e-01  1.156316e-03  8.326964e-01  1.156374e-03  7.891653e-01  1.051489e-03  
   1.2490300  8.351302e-01  1.184069e-03  8.351535e-01  1.184130e-03  7.913995e-01  1.076575e-03  
   1.2706300  8.377194e-01  1.213137e-03  8.377429e-01  1.213201e-03  7.937534e-01  1.102844e-03  
   1.2906300  8.401724e-01  1.240540e-03  8.401961e-01  1.240608e-03  7.959835e-01  1.127604e-03  
   1.3116300  8.428079e-01  1.269839e-03  8.428317e-01  1.269910e-03  7.983790e-01  1.154072e-03  
   1.3326300  8.455053e-01  1.299694e-03  8.455292e-01  1.299769e-03  8.008301e-01  1.181038e-03  
   1.3536299  8.482658e-01  1.330129e-03  8.482902e-01  1.330207e-03  8.033388e-01  1.208524e-03  
   1.3746300  8.510912e-01  1.361163e-03  8.511154e-01  1.361245e-03  8.059053e-01  1.236551e-03  
   1.3946300  8.538433e-01  1.391301e-03  8.538678e-01  1.391385e-03  8.084056e-01  1.263767e-03  
   1.4156300  8.567986e-01  1.423577e-03  8.568231e-01  1.423665e-03  8.110895e-01  1.292917e-03  
   1.4366300  8.598226e-01  1.456525e-03  8.598472e-01  1.456617e-03  8.138356e-01  1.322681e-03  
   1.4576300  8.629165e-01  1.490173e-03  8.629415e-01  1.490267e-03  8.166452e-01  1.353088e-03  
   1.4786299  8.660822e-01  1.524546e-03  8.661074e-01  1.524644e-03  8.195193e-01  1.384172e-03  
   1.4996300  8.693211e-01  1.559678e-03  8.693463e-01  1.559777e-03  8.224593e-01  1.415969e-03  
   1.5196300  8.724746e-01  1.593867e-03  8.725002e-01  1.593970e-03  8.253218e-01  1.446952e-03  
   1.5406300  8.758604e-01  1.630568e-03  8.758864e-01  1.630673e-03  8.283945e-01  1.480266e-03  
   1.5616300  8.793243e-01  1.668126e-03  8.793502e-01  1.668234e-03  8.315377e-01  1.514434e-03  
   1.5826300  8.828676e-01  1.706581e-03  8.828937e-01  1.706691e-03  8.347526e-01  1.549517e-03  
   1.6036299  8.864926e-01  1.745977e-03  8.865191e-01  1.746090e-03  8.380409e-01  1.585583e-03  
   1.6246300  8.902007e-01  1.786364e-03  8.902274e-01  1.786479e-03  8.414048e-01  1.622712e-03  
   1.6446300  8.938111e-01  1.825795e-03  8.938382e-01  1.825912e-03  8.446796e-01  1.659137e-03  
   1.6656300  8.976876e-01  1.868271e-03  8.977147e-01  1.868390e-03  8.481948e-01  1.698593e-03  
   1.6872300  9.017684e-01  1.913177e-03  9.017957e-01  1.913299e-03  8.518952e-01  1.740577e-03  
   1.7072300  9.056331e-01  1.955922e-03  9.056612e-01  1.956046e-03  8.553995e-01  1.780820e-03  
   1.7282300  9.097838e-01  2.002087e-03  9.098118e-01  2.002213e-03  8.591619e-01  1.824608e-03  
   1.7492300  9.140307e-01  2.049648e-03  9.140587e-01  2.049776e-03  8.630113e-01  1.870092e-03  
   1.7702301  9.183767e-01  2.098698e-03  9.184051e-01  2.098830e-03  8.669503e-01  1.917414e-03  
   1.7912300  9.228252e-01  2.149336e-03  9.228536e-01  2.149470e-03  8.709810e-01  1.966728e-03  
   1.8112299  9.271590e-01  2.199138e-03  9.271881e-01  2.199275e-03  8.749083e-01  2.015704e-03  
   1.8322300  9.318147e-01  2.253189e-03  9.318439e-01  2.253330e-03  8.791263e-01  2.069425e-03  
   1.8532300  9.365812e-01  2.309164e-03  9.366108e-01  2.309310e-03  8.834446e-01  2.125721e-03  
   1.8742300  9.414622e-01  2.367190e-03  9.414921e-01  2.367340e-03  8.878657e-01  2.184851e-03  
   1.8952301  9.464605e-01  2.427401e-03  9.464910e-01  2.427556e-03  8.923932e-01  2.247117e-03  
   1.9162300  9.515801e-01  2.489944e-03  9.516109e-01  2.490103e-03  8.970302e-01  2.312868e-03  
   1.9362299  9.565708e-01  2.551813e-03  9.566019e-01  2.551980e-03  9.015502e-01  2.379098e-03  
   1.9572300  9.619358e-01  2.619361e-03  9.619673e-01  2.619535e-03  9.064096e-01  2.452876e-03  
   1.9782300  9.674337e-01  2.689735e-03  9.674657e-01  2.689916e-03  9.113891e-01  2.531515e-03  
   1.9992300  9.730669e-01  2.763134e-03  9.730991e-01  2.763323e-03  9.164913e-01  2.615623e-03  
   2.0202301  9.788413e-01  2.839784e-03  9.788738e-01  2.839983e-03  9.217212e-01  2.705892e-03  
   2.0412300  9.847599e-01  2.919934e-03  9.847931e-01  2.920144e-03  9.270827e-01  2.803115e-03  
   2.0612299  9.905357e-01  2.999788e-03  9.905695e-01  3.000009e-03  9.323148e-01  2.903003e-03  
   2.0822301  9.967513e-01  3.087646e-03  9.967858e-01  3.087881e-03  9.379458e-01  3.016548e-03  
   2.1038301  1.003313e+00  3.182691e-03  1.003347e+00  3.182942e-03  9.438892e-01  3.143827e-03  
   2.1238301  1.009544e+00  3.275325e-03  1.009579e+00  3.275593e-03  9.495341e-01  3.272416e-03  
   2.1448300  1.016255e+00  3.377851e-03  1.016290e+00  3.378139e-03  9.556124e-01  3.420007e-03  
   2.1658299  1.023143e+00  3.486300e-03  1.023179e+00  3.486610e-03  9.618497e-01  3.582093e-03  
   2.1868300  1.030216e+00  3.601276e-03  1.030253e+00  3.601611e-03  9.682531e-01  3.760447e-03  
   2.2078300  1.037481e+00  3.723431e-03  1.037519e+00  3.723793e-03  9.748259e-01  3.956897e-03  
   2.2278299  1.044586e+00  3.847093e-03  1.044624e+00  3.847483e-03  9.812492e-01  4.162516e-03  
   2.2488301  1.052247e+00  3.985353e-03  1.052286e+00  3.985774e-03  9.881691e-01  4.399587e-03  
   2.2698300  1.060123e+00  4.133000e-03  1.060162e+00  4.133452e-03  9.952744e-01  4.659964e-03  
   2.2908299  1.068223e+00  4.290850e-03  1.068262e+00  4.291337e-03  1.002571e+00  4.945088e-03  
   2.3118300  1.076554e+00  4.459743e-03  1.076594e+00  4.460266e-03  1.010063e+00  5.256101e-03  
   2.3328300  1.085127e+00  4.640523e-03  1.085168e+00  4.641082e-03  1.017756e+00  5.593784e-03  
   2.3528299  1.093526e+00  4.824536e-03  1.093567e+00  4.825131e-03  1.025276e+00  5.940566e-03  
   2.3738301  1.102600e+00  5.031022e-03  1.102642e+00  5.031651e-03  1.033382e+00  6.331160e-03  
   2.3948300  1.111947e+00  5.251962e-03  1.111990e+00  5.252628e-03  1.041708e+00  6.748550e-03  
   2.4158299  1.121580e+00  5.488247e-03  1.121623e+00  5.488947e-03  1.050266e+00  7.192125e-03  
   2.4368300  1.131510e+00  5.740779e-03  1.131555e+00  5.741515e-03  1.059063e+00  7.661043e-03  
   2.4578300  1.141754e+00  6.010467e-03  1.141801e+00  6.011238e-03  1.068110e+00  8.154351e-03  
   2.4778299  1.151815e+00  6.284127e-03  1.151862e+00  6.284929e-03  1.076971e+00  8.645974e-03  
   2.4988301  1.162716e+00  6.590064e-03  1.162763e+00  6.590903e-03  1.086544e+00  9.184271e-03  
   2.5204301  1.174307e+00  6.925694e-03  1.174356e+00  6.926569e-03  1.096694e+00  9.760944e-03  
   2.5404301  1.185401e+00  7.256468e-03  1.185450e+00  7.257378e-03  1.106383e+00  1.031545e-02  
   2.5614300  1.197445e+00  7.625733e-03  1.197496e+00  7.626681e-03  1.116873e+00  1.091912e-02  
   2.5824299  1.209918e+00  8.018980e-03  1.209970e+00  8.019964e-03  1.127710e+00  1.154545e-02  
   2.6034300  1.222849e+00  8.438085e-03  1.222903e+00  8.439102e-03  1.138913e+00  1.219576e-02  
   2.6244299  1.236268e+00  8.885415e-03  1.236323e+00  8.886473e-03  1.150509e+00  1.287202e-02  
   2.6444299  1.249532e+00  9.340565e-03  1.249589e+00  9.341658e-03  1.161942e+00  1.354277e-02  
   2.6654301  1.264006e+00  9.853083e-03  1.264063e+00  9.854212e-03  1.174382e+00  1.427865e-02  
   2.6864300  1.279081e+00  1.040665e-02  1.279140e+00  1.040783e-02  1.187299e+00  1.505163e-02  
   2.7074299  1.294806e+00  1.100911e-02  1.294868e+00  1.101034e-02  1.200732e+00  1.586802e-02  
   2.7284300  1.311238e+00  1.167129e-02  1.311300e+00  1.167258e-02  1.214719e+00  1.673598e-02  
   2.7494299  1.328437e+00  1.240811e-02  1.328501e+00  1.240948e-02  1.229304e+00  1.766609e-02  
   2.7694299  1.345595e+00  1.319801e-02  1.345662e+00  1.319949e-02  1.243797e+00  1.862231e-02  
   2.7904301  1.364504e+00  1.414690e-02  1.364573e+00  1.414853e-02  1.259701e+00  1.971750e-02  
   2.8114300  1.384415e+00  1.525560e-02  1.384487e+00  1.525743e-02  1.276368e+00  2.092898e-02  
   2.8324299  1.405428e+00  1.657519e-02  1.405502e+00  1.657732e-02  1.293868e+00  2.228698e-02  
   2.8534300  1.427650e+00  1.817383e-02  1.427727e+00  1.817637e-02  1.312276e+00  2.383067e-02  
   2.8744299  1.451197e+00  2.014113e-02  1.451277e+00  2.014423e-02  1.331678e+00  2.561048e-02  
   2.8944299  1.474967e+00  2.246342e-02  1.475051e+00  2.246724e-02  1.351161e+00  2.758397e-02  
   2.9154301  1.501459e+00  2.551428e-02  1.501547e+00  2.551911e-02  1.372767e+00  3.002686e-02  
   2.9370301  1.530472e+00  2.949743e-02  1.530564e+00  2.950364e-02  1.396327e+00  3.304200e-02  
   2.9570301  1.559035e+00  3.416023e-02  1.559132e+00  3.416813e-02  1.419444e+00  3.640749e-02  
   2.9780300  1.590873e+00  4.032604e-02  1.590975e+00  4.033621e-02  1.445167e+00  4.068697e-02  
   2.9990301  1.624661e+00  4.810281e-02  1.624768e+00  4.811587e-02  1.472468e+00  4.591770e-02  
   3.0200300  1.660409e+00  5.784916e-02  1.660521e+00  5.786581e-02  1.501431e+00  5.232699e-02  
   3.0410299  1.698070e+00  6.996257e-02  1.698187e+00  6.998360e-02  1.532116e+00  6.018258e-02  
   3.0610299  1.735603e+00  8.408932e-02  1.735726e+00  8.411537e-02  1.562963e+00  6.929095e-02  
   3.0820301  1.776559e+00  1.020640e-01  1.776687e+00  1.020961e-01  1.597041e+00  8.089700e-02  
   3.1030300  1.818794e+00  1.236824e-01  1.818926e+00  1.237216e-01  1.632769e+00  9.497099e-02  
   3.1240301  1.861897e+00  1.493483e-01  1.862034e+00  1.493954e-01  1.669997e+00  1.119209e-01  
   3.1450300  1.905354e+00  1.794064e-01  1.905494e+00  1.794621e-01  1.708488e+00  1.321662e-01  
   3.1660299  1.948557e+00  2.141175e-01  1.948699e+00  2.141823e-01  1.747904e+00  1.561206e-01  
   3.1860299  1.988842e+00  2.516379e-01  1.988985e+00  2.517118e-01  1.785904e+00  1.827343e-01  
   3.2070301  2.029532e+00  2.957350e-01  2.029675e+00  2.958182e-01  1.825765e+00  2.149844e-01  
   3.2280300  2.067835e+00  3.445148e-01  2.067975e+00  3.446071e-01  1.864955e+00  2.518844e-01  
   3.2490301  2.103019e+00  3.976878e-01  2.103154e+00  3.977882e-01  1.902748e+00  2.935651e-01  
   3.2700300  2.134408e+00  4.548079e-01  2.134537e+00  4.549155e-01  1.938362e+00  3.400134e-01  
   3.2910299  2.161430e+00  5.152909e-01  2.161551e+00  5.154040e-01  1.970979e+00  3.910541e-01  
   3.3110299  2.182699e+00  5.753824e-01  2.182811e+00  5.754998e-01  1.998523e+00  4.436139e-01  
   3.3320301  2.200064e+00  6.403487e-01  2.200166e+00  6.404680e-01  2.023025e+00  5.024415e-01  
   3.3536301  2.212502e+00  7.083287e-01  2.212592e+00  7.084485e-01  2.042834e+00  5.661170e-01  
   3.3736300  2.219170e+00  7.715682e-01  2.219248e+00  7.716869e-01  2.055820e+00  6.271520e-01  
   3.3946300  2.221374e+00  8.375474e-01  2.221439e+00  8.376634e-01  2.063597e+00  6.924636e-01  
   3.4156301  2.219024e+00  9.024458e-01  2.219075e+00  9.025582e-01  2.065258e+00  7.580308e-01  
   3.4366300  2.212601e+00  9.657216e-01  2.212639e+00  9.658293e-01  2.060910e+00  8.228253e-01  
   3.4576299  2.202648e+00  1.026974e+00  2.202675e+00  1.027078e+00  2.050885e+00  8.858668e-01  
   3.4776299  2.190418e+00  1.083193e+00  2.190434e+00  1.083293e+00  2.036559e+00  9.434728e-01  
   3.4986300  2.175221e+00  1.139881e+00  2.175227e+00  1.139978e+00  2.017188e+00  1.000702e+00  
   3.5196300  2.158116e+00  1.194164e+00  2.158113e+00  1.194259e+00  1.994225e+00  1.054062e+00  
   3.5406301  2.139536e+00  1.246127e+00  2.139524e+00  1.246220e+00  1.968604e+00  1.103228e+00  
   3.5616300  2.119820e+00  1.295906e+00  2.119801e+00  1.296000e+00  1.941279e+00  1.148093e+00  
   3.5826299  2.099211e+00  1.343666e+00  2.099187e+00  1.343762e+00  1.913165e+00  1.188770e+00  
   3.6026299  2.078900e+00  1.387413e+00  2.078871e+00  1.387511e+00  1.886407e+00  1.223885e+00  
   3.6236300  2.056943e+00  1.431635e+00  2.056911e+00  1.431736e+00  1.858987e+00  1.257373e+00  
   3.6446300  2.034393e+00  1.474168e+00  2.034359e+00  1.474272e+00  1.832770e+00  1.287919e+00  
   3.6656301  2.011294e+00  1.515025e+00  2.011260e+00  1.515133e+00  1.808097e+00  1.316101e+00  
   3.6866300  1.987719e+00  1.554168e+00  1.987686e+00  1.554279e+00  1.785135e+00  1.342479e+00  
   3.7076299  1.963786e+00  1.591527e+00  1.963757e+00  1.591639e+00  1.763902e+00  1.367557e+00  
   3.7276299  1.940839e+00  1.625373e+00  1.940817e+00  1.625488e+00  1.745201e+00  1.390608e+00  
   3.7486300  1.916845e+00  1.659038e+00  1.916830e+00  1.659154e+00  1.727001e+00  1.414228e+00  
   3.7702301  1.892643e+00  1.691656e+00  1.892636e+00  1.691773e+00  1.709623e+00  1.438088e+00  
   3.7902300  1.871055e+00  1.720115e+00  1.871061e+00  1.720233e+00  1.694584e+00  1.459870e+00  
   3.8112299  1.849695e+00  1.748374e+00  1.849715e+00  1.748493e+00  1.679773e+00  1.482430e+00  
   3.8322301  1.830145e+00  1.775283e+00  1.830180e+00  1.775404e+00  1.665930e+00  1.504641e+00  
   3.8532300  1.812860e+00  1.801292e+00  1.812913e+00  1.801416e+00  1.653109e+00  1.526476e+00  
   3.8742299  1.798231e+00  1.826995e+00  1.798303e+00  1.827125e+00  1.641450e+00  1.547945e+00  
   3.8942299  1.787033e+00  1.851847e+00  1.787123e+00  1.851984e+00  1.631618e+00  1.568132e+00  
   3.9152300  1.778281e+00  1.879123e+00  1.778390e+00  1.879269e+00  1.622873e+00  1.589233e+00  
   3.9362299  1.772580e+00  1.908494e+00  1.772708e+00  1.908652e+00  1.616007e+00  1.610538e+00  
   3.9572301  1.769704e+00  1.940901e+00  1.769849e+00  1.941075e+00  1.611262e+00  1.632486e+00  
   3.9782300  1.769206e+00  1.977278e+00  1.769367e+00  1.977469e+00  1.608821e+00  1.655634e+00  
   3.9992299  1.770425e+00  2.018507e+00  1.770598e+00  2.018719e+00  1.608770e+00  1.680660e+00  
   4.0192299  1.772383e+00  2.063004e+00  1.772567e+00  2.063239e+00  1.610904e+00  1.706947e+00  
   4.0402298  1.774256e+00  2.115835e+00  1.774446e+00  2.116095e+00  1.615245e+00  1.737929e+00  
   4.0612302  1.774736e+00  2.175374e+00  1.774927e+00  2.175659e+00  1.621362e+00  1.773232e+00  
   4.0822301  1.772479e+00  2.241853e+00  1.772667e+00  2.242166e+00  1.628672e+00  1.813719e+00  
   4.1032300  1.766063e+00  2.315258e+00  1.766243e+00  2.315598e+00  1.636376e+00  1.860199e+00  
   4.1242299  1.754044e+00  2.395310e+00  1.754210e+00  2.395677e+00  1.643453e+00  1.913369e+00  
   4.1442299  1.736090e+00  2.477228e+00  1.736238e+00  2.477619e+00  1.648485e+00  1.970714e+00  
   4.1652298  1.709123e+00  2.568433e+00  1.709249e+00  2.568845e+00  1.650610e+00  2.038263e+00  
   4.1868300  1.671462e+00  2.666703e+00  1.671561e+00  2.667135e+00  1.647787e+00  2.115602e+00  
   4.2068300  1.626644e+00  2.760543e+00  1.626714e+00  2.760988e+00  1.639073e+00  2.194024e+00  
   4.2278299  1.568480e+00  2.860622e+00  1.568516e+00  2.861078e+00  1.621953e+00  2.282739e+00  
   4.2488298  1.498340e+00  2.960725e+00  1.498341e+00  2.961185e+00  1.595038e+00  2.376901e+00  
   4.2698302  1.415861e+00  3.059163e+00  1.415827e+00  3.059621e+00  1.556815e+00  2.475011e+00  
   4.2908301  1.320941e+00  3.154169e+00  1.320871e+00  3.154619e+00  1.506023e+00  2.575178e+00  
   4.3108301  1.219116e+00  3.239833e+00  1.219012e+00  3.240270e+00  1.445119e+00  2.670471e+00  
   4.3318300  1.100603e+00  3.323002e+00  1.100465e+00  3.323418e+00  1.367532e+00  2.768059e+00  
   4.3528299  9.708777e-01  3.397512e+00  9.707062e-01  3.397903e+00  1.275971e+00  2.860564e+00  
   4.3738298  8.308731e-01  3.461688e+00  8.306705e-01  3.462049e+00  1.170957e+00  2.945372e+00  
   4.3948302  6.817745e-01  3.513958e+00  6.815429e-01  3.514283e+00  1.053559e+00  3.019986e+00  
   4.4158301  5.250214e-01  3.552880e+00  5.247632e-01  3.553166e+00  9.253699e-01  3.082151e+00  
   4.4358301  3.701348e-01  3.576385e+00  3.698545e-01  3.576633e+00  7.951183e-01  3.128063e+00  
   4.4568300  2.034285e-01  3.585815e+00  2.031281e-01  3.586020e+00  6.520878e-01  3.160953e+00  
   4.4778299  3.457416e-02  3.578841e+00  3.425734e-02  3.579006e+00  5.052462e-01  3.177290e+00  
   4.4988298  -1.342195e-01  3.554977e+00  -1.345486e-01  3.555100e+00  3.573610e-01  3.176780e+00  
   4.5198302  -3.006451e-01  3.514080e+00  -3.009821e-01  3.514162e+00  2.111778e-01  3.159709e+00  
   4.5408301  -4.623426e-01  3.456400e+00  -4.626823e-01  3.456446e+00  6.930292e-02  3.126924e+00  
   4.5608301  -6.098221e-01  3.386468e+00  -6.101599e-01  3.386480e+00  -5.967472e-02  3.082298e+00  
   4.5818300  -7.557012e-01  3.298326e+00  -7.560316e-01  3.298307e+00  -1.867439e-01  3.023012e+00  
   4.6034298  -8.940609e-01  3.193496e+00  -8.943778e-01  3.193450e+00  -3.068849e-01  2.950819e+00  
   4.6234298  -1.009968e+00  3.085379e+00  -1.010268e+00  3.085313e+00  -4.075249e-01  2.875866e+00  
   4.6444302  -1.117692e+00  2.962555e+00  -1.117969e+00  2.962472e+00  -5.015686e-01  2.790931e+00  
   4.6654301  -1.210135e+00  2.832622e+00  -1.210384e+00  2.832526e+00  -5.834461e-01  2.701761e+00  
   4.6864300  -1.286788e+00  2.698171e+00  -1.287005e+00  2.698068e+00  -6.532800e-01  2.610408e+00  
   4.7074299  -1.347618e+00  2.561831e+00  -1.347800e+00  2.561724e+00  -7.115088e-01  2.518731e+00  
   4.7274299  -1.391236e+00  2.432546e+00  -1.391382e+00  2.432441e+00  -7.568027e-01  2.432597e+00  
   4.7484298  -1.422819e+00  2.299639e+00  -1.422925e+00  2.299540e+00  -7.945197e-01  2.344687e+00  
   4.7694302  -1.441023e+00  2.171659e+00  -1.441088e+00  2.171571e+00  -8.231173e-01  2.260428e+00  
   4.7904301  -1.447315e+00  2.050308e+00  -1.447336e+00  2.050232e+00  -8.436264e-01  2.180632e+00  
   4.8114300  -1.443332e+00  1.936872e+00  -1.443312e+00  1.936813e+00  -8.570879e-01  2.105857e+00  
   4.8324299  -1.430792e+00  1.832235e+00  -1.430729e+00  1.832196e+00  -8.645130e-01  2.036441e+00  
   4.8524299  -1.412447e+00  1.741213e+00  -1.412344e+00  1.741194e+00  -8.668448e-01  1.975450e+00  
   4.8734298  -1.388013e+00  1.654845e+00  -1.387869e+00  1.654850e+00  -8.651605e-01  1.916781e+00  
   4.8944302  -1.359731e+00  1.577764e+00  -1.359546e+00  1.577794e+00  -8.600238e-01  1.863486e+00  
   4.9154301  -1.328897e+00  1.509596e+00  -1.328673e+00  1.509654e+00  -8.521374e-01  1.815350e+00  
   4.9364300  -1.296613e+00  1.449795e+00  -1.296350e+00  1.449882e+00  -8.421137e-01  1.772086e+00  
   4.9574299  -1.263781e+00  1.397704e+00  -1.263482e+00  1.397820e+00  -8.304771e-01  1.733364e+00  
   4.9774299  -1.232661e+00  1.354607e+00  -1.232327e+00  1.354751e+00  -8.183017e-01  1.700387e+00  
   4.9984298  -1.200664e+00  1.315487e+00  -1.200297e+00  1.315662e+00  -8.047252e-01  1.669510e+00  
