w Re-xx Im-xx Re-yy Im-yy Re-zz Im-zz
# Gaussian absolute broadening  0.15 [eV]
   0.0000000  7.679528e-01  8.820982e-05  7.679636e-01  8.822657e-05  7.310315e-01  8.088379e-05  
   0.0200000  7.680526e-01  9.440736e-05  7.680635e-01  9.442450e-05  7.311231e-01  8.656560e-05  
   0.0410000  7.681714e-01  1.014696e-04  7.681822e-01  1.014872e-04  7.312317e-01  9.304010e-05  
   0.0620000  7.683063e-01  1.091365e-04  7.683175e-01  1.091544e-04  7.313556e-01  1.000689e-04  
   0.0830000  7.684597e-01  1.174417e-04  7.684706e-01  1.174600e-04  7.314963e-01  1.076827e-04  
   0.1040000  7.686340e-01  1.264147e-04  7.686447e-01  1.264334e-04  7.316561e-01  1.159087e-04  
   0.1240000  7.688204e-01  1.356024e-04  7.688311e-01  1.356214e-04  7.318268e-01  1.243314e-04  
   0.1450000  7.690406e-01  1.459389e-04  7.690514e-01  1.459581e-04  7.320291e-01  1.338068e-04  
   0.1660000  7.692877e-01  1.569877e-04  7.692984e-01  1.570073e-04  7.322557e-01  1.439351e-04  
   0.1870000  7.695643e-01  1.687456e-04  7.695752e-01  1.687655e-04  7.325091e-01  1.547129e-04  
   0.2080000  7.698717e-01  1.811979e-04  7.698827e-01  1.812182e-04  7.327912e-01  1.661270e-04  
   0.2290000  7.702122e-01  1.943195e-04  7.702231e-01  1.943401e-04  7.331034e-01  1.781538e-04  
   0.2490000  7.705687e-01  2.074064e-04  7.705796e-01  2.074273e-04  7.334300e-01  1.901483e-04  
   0.2700000  7.709780e-01  2.217252e-04  7.709888e-01  2.217465e-04  7.338052e-01  2.032711e-04  
   0.2910000  7.714239e-01  2.365868e-04  7.714350e-01  2.366084e-04  7.342140e-01  2.168903e-04  
   0.3120000  7.719073e-01  2.519375e-04  7.719184e-01  2.519596e-04  7.346573e-01  2.309567e-04  
   0.3330000  7.724289e-01  2.677222e-04  7.724400e-01  2.677447e-04  7.351356e-01  2.454198e-04  
   0.3540000  7.729890e-01  2.838876e-04  7.730001e-01  2.839107e-04  7.356488e-01  2.602304e-04  
   0.3740000  7.735581e-01  2.995919e-04  7.735693e-01  2.996155e-04  7.361708e-01  2.746172e-04  
   0.3950000  7.741932e-01  3.163627e-04  7.742044e-01  3.163869e-04  7.367526e-01  2.899797e-04  
   0.4160000  7.748666e-01  3.333844e-04  7.748777e-01  3.334093e-04  7.373699e-01  3.055703e-04  
   0.4374300  7.755938e-01  3.509813e-04  7.756048e-01  3.510069e-04  7.380363e-01  3.216861e-04  
   0.4574300  7.763079e-01  3.675878e-04  7.763191e-01  3.676141e-04  7.386910e-01  3.368935e-04  
   0.4784300  7.770952e-01  3.851987e-04  7.771063e-01  3.852259e-04  7.394125e-01  3.530188e-04  
   0.4994300  7.779205e-01  4.029759e-04  7.779316e-01  4.030040e-04  7.401688e-01  3.692949e-04  
   0.5204300  7.787840e-01  4.209124e-04  7.787953e-01  4.209417e-04  7.409602e-01  3.857149e-04  
   0.5414300  7.796857e-01  4.390049e-04  7.796971e-01  4.390351e-04  7.417862e-01  4.022757e-04  
   0.5614300  7.805805e-01  4.563801e-04  7.805917e-01  4.564115e-04  7.426063e-01  4.181785e-04  
   0.5824300  7.815579e-01  4.747780e-04  7.815695e-01  4.748105e-04  7.435021e-01  4.350154e-04  
   0.6034300  7.825742e-01  4.933365e-04  7.825857e-01  4.933703e-04  7.444330e-01  4.519972e-04  
   0.6244300  7.836300e-01  5.120612e-04  7.836415e-01  5.120960e-04  7.454002e-01  4.691291e-04  
   0.6454300  7.847250e-01  5.309574e-04  7.847366e-01  5.309933e-04  7.464037e-01  4.864155e-04  
   0.6664300  7.858604e-01  5.500313e-04  7.858720e-01  5.500682e-04  7.474437e-01  5.038622e-04  
   0.6864300  7.869790e-01  5.683679e-04  7.869908e-01  5.684054e-04  7.484683e-01  5.206323e-04  
   0.7074300  7.881932e-01  5.878081e-04  7.882050e-01  5.878463e-04  7.495806e-01  5.384094e-04  
   0.7284300  7.894484e-01  6.074465e-04  7.894602e-01  6.074851e-04  7.507304e-01  5.563648e-04  
   0.7494300  7.907451e-01  6.272909e-04  7.907571e-01  6.273297e-04  7.519181e-01  5.745059e-04  
   0.7704300  7.920836e-01  6.473485e-04  7.920954e-01  6.473871e-04  7.531438e-01  5.928392e-04  
   0.7914300  7.934646e-01  6.676278e-04  7.934765e-01  6.676662e-04  7.544087e-01  6.113722e-04  
   0.8114300  7.948190e-01  6.871545e-04  7.948313e-01  6.871927e-04  7.556489e-01  6.292146e-04  
   0.8324300  7.962837e-01  7.078903e-04  7.962961e-01  7.079279e-04  7.569903e-01  6.481592e-04  
   0.8540300  7.978361e-01  7.294769e-04  7.978485e-01  7.295141e-04  7.584118e-01  6.678777e-04  
   0.8740300  7.993152e-01  7.497059e-04  7.993274e-01  7.497430e-04  7.597656e-01  6.863534e-04  
   0.8950300  8.009120e-01  7.712065e-04  8.009245e-01  7.712432e-04  7.612277e-01  7.059875e-04  
   0.9160300  8.025541e-01  7.929833e-04  8.025665e-01  7.930197e-04  7.627307e-01  7.258710e-04  
   0.9370300  8.042423e-01  8.150468e-04  8.042548e-01  8.150832e-04  7.642758e-01  7.460132e-04  
   0.9580300  8.059768e-01  8.374074e-04  8.059896e-01  8.374440e-04  7.658634e-01  7.664241e-04  
   0.9780300  8.076733e-01  8.589901e-04  8.076860e-01  8.590274e-04  7.674159e-01  7.861224e-04  
   0.9990300  8.095010e-01  8.819636e-04  8.095140e-01  8.820018e-04  7.690888e-01  8.070873e-04  
   1.0200300  8.113776e-01  9.052689e-04  8.113906e-01  9.053079e-04  7.708059e-01  8.283521e-04  
   1.0410300  8.133035e-01  9.289162e-04  8.133166e-01  9.289566e-04  7.725683e-01  8.499270e-04  
   1.0620300  8.152800e-01  9.529190e-04  8.152931e-01  9.529607e-04  7.743765e-01  8.718237e-04  
   1.0830300  8.173070e-01  9.772900e-04  8.173202e-01  9.773331e-04  7.762309e-01  8.940535e-04  
   1.1030300  8.192851e-01  1.000853e-03  8.192986e-01  1.000898e-03  7.780406e-01  9.155451e-04  
   1.1240300  8.214136e-01  1.025979e-03  8.214270e-01  1.026025e-03  7.799878e-01  9.384590e-04  
   1.1450300  8.235953e-01  1.051511e-03  8.236089e-01  1.051558e-03  7.819830e-01  9.617424e-04  
   1.1660300  8.258311e-01  1.077465e-03  8.258446e-01  1.077513e-03  7.840278e-01  9.854081e-04  
   1.1870300  8.281217e-01  1.103853e-03  8.281354e-01  1.103903e-03  7.861227e-01  1.009469e-03  
   1.2080300  8.304681e-01  1.130693e-03  8.304822e-01  1.130744e-03  7.882685e-01  1.033940e-03  
   1.2280300  8.327550e-01  1.156688e-03  8.327691e-01  1.156739e-03  7.903600e-01  1.057641e-03  
   1.2490300  8.352129e-01  1.184455e-03  8.352273e-01  1.184507e-03  7.926072e-01  1.082958e-03  
   1.2706300  8.378029e-01  1.213538e-03  8.378172e-01  1.213591e-03  7.949750e-01  1.109476e-03  
   1.2906300  8.402568e-01  1.240956e-03  8.402713e-01  1.241010e-03  7.972186e-01  1.134478e-03  
   1.3116300  8.428931e-01  1.270270e-03  8.429079e-01  1.270326e-03  7.996287e-01  1.161215e-03  
   1.3326300  8.455915e-01  1.300144e-03  8.456064e-01  1.300200e-03  8.020951e-01  1.188467e-03  
   1.3536299  8.483531e-01  1.330595e-03  8.483682e-01  1.330654e-03  8.046197e-01  1.216258e-03  
   1.3746300  8.511794e-01  1.361649e-03  8.511943e-01  1.361710e-03  8.072029e-01  1.244614e-03  
   1.3946300  8.539326e-01  1.391805e-03  8.539478e-01  1.391868e-03  8.097194e-01  1.272170e-03  
   1.4156300  8.568888e-01  1.424103e-03  8.569041e-01  1.424169e-03  8.124214e-01  1.301712e-03  
   1.4366300  8.599138e-01  1.457073e-03  8.599291e-01  1.457142e-03  8.151860e-01  1.331915e-03  
   1.4576300  8.630090e-01  1.490745e-03  8.630248e-01  1.490816e-03  8.180149e-01  1.362819e-03  
   1.4786299  8.661759e-01  1.525144e-03  8.661920e-01  1.525219e-03  8.209094e-01  1.394475e-03  
   1.4996300  8.694159e-01  1.560303e-03  8.694320e-01  1.560381e-03  8.238708e-01  1.426943e-03  
   1.5196300  8.725707e-01  1.594523e-03  8.725873e-01  1.594604e-03  8.267541e-01  1.458682e-03  
   1.5406300  8.759580e-01  1.631258e-03  8.759744e-01  1.631343e-03  8.298501e-01  1.492946e-03  
   1.5616300  8.794233e-01  1.668856e-03  8.794400e-01  1.668944e-03  8.330173e-01  1.528268e-03  
   1.5826300  8.829679e-01  1.707358e-03  8.829848e-01  1.707450e-03  8.362577e-01  1.564758e-03  
   1.6036299  8.865947e-01  1.746811e-03  8.866118e-01  1.746907e-03  8.395728e-01  1.602547e-03  
   1.6246300  8.903044e-01  1.787268e-03  8.903217e-01  1.787367e-03  8.429645e-01  1.641780e-03  
   1.6446300  8.939165e-01  1.826782e-03  8.939341e-01  1.826884e-03  8.462670e-01  1.680637e-03  
   1.6656300  8.977948e-01  1.869369e-03  8.978125e-01  1.869476e-03  8.498126e-01  1.723177e-03  
   1.6872300  9.018777e-01  1.914425e-03  9.018958e-01  1.914535e-03  8.535459e-01  1.769000e-03  
   1.7072300  9.057449e-01  1.957350e-03  9.057631e-01  1.957465e-03  8.570820e-01  1.813491e-03  
   1.7282300  9.098971e-01  2.003762e-03  9.099159e-01  2.003880e-03  8.608791e-01  1.862571e-03  
   1.7492300  9.141464e-01  2.051649e-03  9.141653e-01  2.051773e-03  8.647648e-01  1.914312e-03  
   1.7702301  9.184947e-01  2.101125e-03  9.185140e-01  2.101253e-03  8.687415e-01  1.968986e-03  
   1.7912300  9.229458e-01  2.152317e-03  9.229649e-01  2.152450e-03  8.728118e-01  2.026887e-03  
   1.8112299  9.272823e-01  2.202788e-03  9.273020e-01  2.202927e-03  8.767778e-01  2.085326e-03  
   1.8322300  9.319411e-01  2.257727e-03  9.319609e-01  2.257873e-03  8.810388e-01  2.150485e-03  
   1.8532300  9.367107e-01  2.314807e-03  9.367309e-01  2.314958e-03  8.854012e-01  2.219918e-03  
   1.8742300  9.415950e-01  2.374184e-03  9.416157e-01  2.374344e-03  8.898686e-01  2.294041e-03  
   1.8952301  9.465967e-01  2.436021e-03  9.466175e-01  2.436187e-03  8.944438e-01  2.373297e-03  
   1.9162300  9.517193e-01  2.500475e-03  9.517406e-01  2.500648e-03  8.991300e-01  2.458152e-03  
   1.9362299  9.567133e-01  2.564440e-03  9.567347e-01  2.564622e-03  9.036990e-01  2.544603e-03  
   1.9572300  9.620817e-01  2.634463e-03  9.621037e-01  2.634653e-03  9.086109e-01  2.641751e-03  
   1.9782300  9.675829e-01  2.707571e-03  9.676048e-01  2.707769e-03  9.136441e-01  2.745899e-03  
   1.9992300  9.732190e-01  2.783918e-03  9.732416e-01  2.784125e-03  9.188013e-01  2.857515e-03  
   2.0202301  9.789961e-01  2.863672e-03  9.790190e-01  2.863889e-03  9.240876e-01  2.977099e-03  
   2.0412300  9.849178e-01  2.947014e-03  9.849409e-01  2.947239e-03  9.295062e-01  3.105184e-03  
   2.0612299  9.906958e-01  3.029909e-03  9.907194e-01  3.030144e-03  9.347936e-01  3.235647e-03  
   2.0822301  9.969136e-01  3.120887e-03  9.969380e-01  3.121133e-03  9.404835e-01  3.382268e-03  
   2.1038301  1.003477e+00  3.218980e-03  1.003501e+00  3.219238e-03  9.464884e-01  3.544360e-03  
   2.1238301  1.009709e+00  3.314222e-03  1.009734e+00  3.314490e-03  9.521909e-01  3.705756e-03  
   2.1448300  1.016421e+00  3.419210e-03  1.016447e+00  3.419492e-03  9.583302e-01  3.888333e-03  
   2.1658299  1.023311e+00  3.529798e-03  1.023337e+00  3.530096e-03  9.646305e-01  4.086039e-03  
   2.1868300  1.030386e+00  3.646568e-03  1.030412e+00  3.646880e-03  9.710978e-01  4.300861e-03  
   2.2078300  1.037651e+00  3.770166e-03  1.037678e+00  3.770494e-03  9.777361e-01  4.534963e-03  
   2.2278299  1.044757e+00  3.894879e-03  1.044785e+00  3.895227e-03  9.842234e-01  4.777953e-03  
   2.2488301  1.052420e+00  4.033915e-03  1.052448e+00  4.034284e-03  9.912119e-01  5.056350e-03  
   2.2698300  1.060297e+00  4.182021e-03  1.060325e+00  4.182411e-03  9.983874e-01  5.360752e-03  
   2.2908299  1.068398e+00  4.340027e-03  1.068427e+00  4.340440e-03  1.005756e+00  5.693183e-03  
   2.3118300  1.076731e+00  4.508780e-03  1.076761e+00  4.509219e-03  1.013322e+00  6.055378e-03  
   2.3328300  1.085307e+00  4.689133e-03  1.085337e+00  4.689600e-03  1.021093e+00  6.448701e-03  
   2.3528299  1.093709e+00  4.872479e-03  1.093739e+00  4.872974e-03  1.028687e+00  6.853167e-03  
   2.3738301  1.102786e+00  5.078008e-03  1.102819e+00  5.078535e-03  1.036874e+00  7.309849e-03  
   2.3948300  1.112139e+00  5.297771e-03  1.112172e+00  5.298332e-03  1.045284e+00  7.799651e-03  
   2.4158299  1.121778e+00  5.532734e-03  1.121812e+00  5.533332e-03  1.053926e+00  8.322715e-03  
   2.4368300  1.131717e+00  5.783938e-03  1.131752e+00  5.784576e-03  1.062811e+00  8.879049e-03  
   2.4578300  1.141973e+00  6.052512e-03  1.142008e+00  6.053190e-03  1.071948e+00  9.468627e-03  
   2.4778299  1.152046e+00  6.325584e-03  1.152082e+00  6.326308e-03  1.080895e+00  1.006108e-02  
   2.4988301  1.162962e+00  6.631805e-03  1.162999e+00  6.632578e-03  1.090559e+00  1.071585e-02  
   2.5204301  1.174572e+00  6.969236e-03  1.174610e+00  6.970066e-03  1.100804e+00  1.142463e-02  
   2.5404301  1.185686e+00  7.303654e-03  1.185725e+00  7.304537e-03  1.110579e+00  1.211337e-02  
   2.5614300  1.197755e+00  7.679516e-03  1.197796e+00  7.680462e-03  1.121159e+00  1.287093e-02  
   2.5824299  1.210257e+00  8.083042e-03  1.210298e+00  8.084052e-03  1.132082e+00  1.366472e-02  
   2.6034300  1.223220e+00  8.517012e-03  1.223262e+00  8.518095e-03  1.143371e+00  1.449603e-02  
   2.6244299  1.236672e+00  8.984756e-03  1.236716e+00  8.985910e-03  1.155047e+00  1.536646e-02  
   2.6444299  1.249971e+00  9.465379e-03  1.250017e+00  9.466610e-03  1.166553e+00  1.623366e-02  
   2.6654301  1.264482e+00  1.001187e-02  1.264529e+00  1.001318e-02  1.179066e+00  1.718695e-02  
   2.6864300  1.279595e+00  1.060768e-02  1.279643e+00  1.060908e-02  1.192055e+00  1.818756e-02  
   2.7074299  1.295357e+00  1.126145e-02  1.295407e+00  1.126295e-02  1.205556e+00  1.924059e-02  
   2.7284300  1.311823e+00  1.198471e-02  1.311875e+00  1.198632e-02  1.219611e+00  2.035317e-02  
   2.7494299  1.329052e+00  1.279300e-02  1.329105e+00  1.279473e-02  1.234265e+00  2.153531e-02  
   2.7694299  1.346233e+00  1.366109e-02  1.346288e+00  1.366296e-02  1.248825e+00  2.273851e-02  
   2.7904301  1.365157e+00  1.470310e-02  1.365215e+00  1.470514e-02  1.264804e+00  2.410123e-02  
   2.8114300  1.385072e+00  1.591640e-02  1.385133e+00  1.591867e-02  1.281551e+00  2.559069e-02  
   2.8324299  1.406074e+00  1.735213e-02  1.406137e+00  1.735469e-02  1.299139e+00  2.724045e-02  
   2.8534300  1.428267e+00  1.907811e-02  1.428333e+00  1.908107e-02  1.317643e+00  2.909442e-02  
   2.8744299  1.451763e+00  2.118313e-02  1.451832e+00  2.118661e-02  1.337147e+00  3.120917e-02  
   2.8944299  1.475461e+00  2.364484e-02  1.475533e+00  2.364898e-02  1.356736e+00  3.353145e-02  
   2.9154301  1.501844e+00  2.684835e-02  1.501920e+00  2.685344e-02  1.378460e+00  3.638015e-02  
   2.9370301  1.530707e+00  3.099130e-02  1.530788e+00  3.099767e-02  1.402143e+00  3.986494e-02  
   2.9570301  1.559093e+00  3.579962e-02  1.559177e+00  3.580754e-02  1.425373e+00  4.372197e-02  
   2.9780300  1.590698e+00  4.210871e-02  1.590788e+00  4.211875e-02  1.451209e+00  4.858597e-02  
   2.9990301  1.624203e+00  5.001016e-02  1.624298e+00  5.002289e-02  1.478611e+00  5.448064e-02  
   3.0200300  1.659619e+00  5.985148e-02  1.659719e+00  5.986761e-02  1.507652e+00  6.164155e-02  
   3.0410299  1.696898e+00  7.201745e-02  1.697004e+00  7.203778e-02  1.538384e+00  7.034276e-02  
   3.0610299  1.734027e+00  8.614200e-02  1.734139e+00  8.616716e-02  1.569239e+00  8.034720e-02  
   3.0820301  1.774525e+00  1.040456e-01  1.774642e+00  1.040769e-01  1.603275e+00  9.298971e-02  
   3.1030300  1.816281e+00  1.255091e-01  1.816404e+00  1.255475e-01  1.638902e+00  1.081945e-01  
   3.1240301  1.858907e+00  1.509239e-01  1.859035e+00  1.509705e-01  1.675962e+00  1.263617e-01  
   3.1450300  1.901910e+00  1.806263e-01  1.902042e+00  1.806822e-01  1.714208e+00  1.478985e-01  
   3.1660299  1.944712e+00  2.148727e-01  1.944849e+00  2.149388e-01  1.753301e+00  1.732014e-01  
   3.1860299  1.984692e+00  2.518509e-01  1.984831e+00  2.519276e-01  1.790918e+00  2.011335e-01  
   3.2070301  2.025173e+00  2.952816e-01  2.025314e+00  2.953701e-01  1.830301e+00  2.347802e-01  
   3.2280300  2.063408e+00  3.433102e-01  2.063549e+00  3.434108e-01  1.868937e+00  2.730630e-01  
   3.2490301  2.098689e+00  3.956683e-01  2.098829e+00  3.957813e-01  1.906110e+00  3.160844e-01  
   3.2700300  2.130361e+00  4.519362e-01  2.130499e+00  4.520611e-01  1.941045e+00  3.638031e-01  
   3.2910299  2.157861e+00  5.115592e-01  2.157995e+00  5.116959e-01  1.972933e+00  4.160161e-01  
   3.3110299  2.179762e+00  5.708535e-01  2.179892e+00  5.710003e-01  1.999745e+00  4.695768e-01  
   3.3320301  2.197973e+00  6.350334e-01  2.198095e+00  6.351902e-01  2.023444e+00  5.293109e-01  
   3.3536301  2.211448e+00  7.022877e-01  2.211564e+00  7.024533e-01  2.042396e+00  5.937408e-01  
   3.3736300  2.219203e+00  7.649508e-01  2.219312e+00  7.651231e-01  2.054559e+00  6.552939e-01  
   3.3946300  2.222644e+00  8.304388e-01  2.222743e+00  8.306165e-01  2.061444e+00  7.209440e-01  
   3.4156301  2.221593e+00  8.949724e-01  2.221682e+00  8.951546e-01  2.062178e+00  7.866224e-01  
   3.4366300  2.216486e+00  9.580144e-01  2.216566e+00  9.581992e-01  2.056869e+00  8.512834e-01  
   3.4576299  2.207835e+00  1.019164e+00  2.207906e+00  1.019351e+00  2.045847e+00  9.139332e-01  
   3.4776299  2.196799e+00  1.075405e+00  2.196860e+00  1.075592e+00  2.030540e+00  9.709167e-01  
   3.4986300  2.182784e+00  1.132240e+00  2.182834e+00  1.132427e+00  2.010116e+00  1.027226e+00  
   3.5196300  2.166764e+00  1.186795e+00  2.166806e+00  1.186981e+00  1.986093e+00  1.079396e+00  
   3.5406301  2.149164e+00  1.239156e+00  2.149194e+00  1.239341e+00  1.959422e+00  1.127113e+00  
   3.5616300  2.130314e+00  1.289464e+00  2.130336e+00  1.289647e+00  1.931084e+00  1.170297e+00  
   3.5826299  2.110457e+00  1.337890e+00  2.110470e+00  1.338071e+00  1.902022e+00  1.209093e+00  
   3.6026299  2.090757e+00  1.382407e+00  2.090760e+00  1.382586e+00  1.874447e+00  1.242274e+00  
   3.6236300  2.069335e+00  1.427587e+00  2.069331e+00  1.427764e+00  1.846281e+00  1.273634e+00  
   3.6446300  2.047214e+00  1.471239e+00  2.047203e+00  1.471413e+00  1.819452e+00  1.302015e+00  
   3.6656301  2.024441e+00  1.513378e+00  2.024423e+00  1.513549e+00  1.794309e+00  1.328055e+00  
   3.6866300  2.001085e+00  1.553964e+00  2.001062e+00  1.554131e+00  1.771022e+00  1.352379e+00  
   3.7076299  1.977264e+00  1.592918e+00  1.977237e+00  1.593082e+00  1.749598e+00  1.375546e+00  
   3.7276299  1.954312e+00  1.628415e+00  1.954283e+00  1.628575e+00  1.730823e+00  1.396950e+00  
   3.7486300  1.930187e+00  1.663928e+00  1.930156e+00  1.664083e+00  1.712634e+00  1.419053e+00  
   3.7702301  1.905698e+00  1.698542e+00  1.905667e+00  1.698693e+00  1.695328e+00  1.441599e+00  
   3.7902300  1.883693e+00  1.728902e+00  1.883665e+00  1.729050e+00  1.680380e+00  1.462386e+00  
   3.8112299  1.861723e+00  1.759175e+00  1.861696e+00  1.759320e+00  1.665657e+00  1.484115e+00  
   3.8322301  1.841371e+00  1.788071e+00  1.841347e+00  1.788214e+00  1.651868e+00  1.505684e+00  
   3.8532300  1.823080e+00  1.815995e+00  1.823059e+00  1.816138e+00  1.639045e+00  1.527022e+00  
   3.8742299  1.807236e+00  1.843492e+00  1.807220e+00  1.843636e+00  1.627323e+00  1.548093e+00  
   3.8942299  1.794684e+00  1.869892e+00  1.794672e+00  1.870040e+00  1.617380e+00  1.567942e+00  
   3.9152300  1.784313e+00  1.898584e+00  1.784305e+00  1.898737e+00  1.608483e+00  1.588689e+00  
   3.9362299  1.776807e+00  1.929115e+00  1.776802e+00  1.929275e+00  1.601463e+00  1.609603e+00  
   3.9572301  1.771962e+00  1.962392e+00  1.771959e+00  1.962560e+00  1.596609e+00  1.631095e+00  
   3.9782300  1.769364e+00  1.999324e+00  1.769364e+00  1.999503e+00  1.594155e+00  1.653717e+00  
   3.9992299  1.768390e+00  2.040785e+00  1.768390e+00  2.040974e+00  1.594236e+00  1.678157e+00  
   4.0192299  1.768211e+00  2.085203e+00  1.768211e+00  2.085403e+00  1.596674e+00  1.703855e+00  
   4.0402298  1.767833e+00  2.137654e+00  1.767830e+00  2.137866e+00  1.601551e+00  1.734225e+00  
   4.0612302  1.766095e+00  2.196543e+00  1.766090e+00  2.196764e+00  1.608438e+00  1.768972e+00  
   4.0822301  1.761696e+00  2.262147e+00  1.761685e+00  2.262377e+00  1.616744e+00  1.809006e+00  
   4.1032300  1.753244e+00  2.334511e+00  1.753226e+00  2.334745e+00  1.625631e+00  1.855175e+00  
   4.1242299  1.739321e+00  2.413414e+00  1.739293e+00  2.413651e+00  1.634023e+00  1.908200e+00  
   4.1442299  1.719692e+00  2.494194e+00  1.719652e+00  2.494431e+00  1.640354e+00  1.965561e+00  
   4.1652298  1.691116e+00  2.584207e+00  1.691062e+00  2.584438e+00  1.643802e+00  2.033263e+00  
   4.1868300  1.651958e+00  2.681296e+00  1.651887e+00  2.681518e+00  1.642190e+00  2.110855e+00  
   4.2068300  1.605893e+00  2.774099e+00  1.605805e+00  2.774311e+00  1.634368e+00  2.189525e+00  
   4.2278299  1.546559e+00  2.873142e+00  1.546450e+00  2.873339e+00  1.617857e+00  2.278429e+00  
   4.2488298  1.475391e+00  2.972231e+00  1.475260e+00  2.972410e+00  1.591143e+00  2.372611e+00  
   4.2698302  1.392036e+00  3.069622e+00  1.391881e+00  3.069782e+00  1.552664e+00  2.470476e+00  
   4.2908301  1.296411e+00  3.163477e+00  1.296232e+00  3.163617e+00  1.501137e+00  2.570053e+00  
   4.3108301  1.194106e+00  3.247872e+00  1.193904e+00  3.247992e+00  1.439101e+00  2.664408e+00  
   4.3318300  1.075333e+00  3.329454e+00  1.075106e+00  3.329555e+00  1.359916e+00  2.760589e+00  
   4.3528299  9.456470e-01  3.402055e+00  9.453973e-01  3.402136e+00  1.266409e+00  2.851259e+00  
   4.3738298  8.060356e-01  3.463965e+00  8.057633e-01  3.464028e+00  1.159206e+00  2.933843e+00  
   4.3948302  6.577240e-01  3.513610e+00  6.574302e-01  3.513656e+00  1.039499e+00  3.005910e+00  
   4.4158301  5.021757e-01  3.549594e+00  5.018630e-01  3.549624e+00  9.090143e-01  3.065304e+00  
   4.4358301  3.488227e-01  3.570086e+00  3.484943e-01  3.570101e+00  7.767146e-01  3.108467e+00  
   4.4568300  1.840979e-01  3.576246e+00  1.837558e-01  3.576244e+00  6.318050e-01  3.138472e+00  
   4.4778299  1.753828e-02  3.566030e+00  1.718548e-02  3.566010e+00  4.834749e-01  3.152040e+00  
   4.4988298  -1.487462e-01  3.539111e+00  -1.491063e-01  3.539070e+00  3.345849e-01  3.148979e+00  
   4.5198302  -3.125702e-01  3.495497e+00  -3.129335e-01  3.495432e+00  1.879443e-01  3.129671e+00  
   4.5408301  -4.717058e-01  3.435569e+00  -4.720685e-01  3.435478e+00  4.619156e-02  3.095021e+00  
   4.5608301  -6.169017e-01  3.364017e+00  -6.172597e-01  3.363899e+00  -8.213069e-02  3.049005e+00  
   4.5818300  -7.606559e-01  3.274774e+00  -7.610043e-01  3.274623e+00  -2.079747e-01  2.988676e+00  
   4.6034298  -8.972095e-01  3.169457e+00  -8.975438e-01  3.169268e+00  -3.263395e-01  2.915847e+00  
   4.6234298  -1.011834e+00  3.061437e+00  -1.012150e+00  3.061212e+00  -4.249402e-01  2.840667e+00  
   4.6444302  -1.118622e+00  2.939204e+00  -1.118916e+00  2.938939e+00  -5.165221e-01  2.755821e+00  
   4.6654301  -1.210522e+00  2.810260e+00  -1.210790e+00  2.809958e+00  -5.957068e-01  2.667015e+00  
   4.6864300  -1.286966e+00  2.677077e+00  -1.287203e+00  2.676740e+00  -6.627157e-01  2.576234e+00  
   4.7074299  -1.347841e+00  2.542158e+00  -1.348045e+00  2.541791e+00  -7.180833e-01  2.485261e+00  
   4.7274299  -1.391656e+00  2.414268e+00  -1.391826e+00  2.413876e+00  -7.606966e-01  2.399856e+00  
   4.7484298  -1.423523e+00  2.282770e+00  -1.423656e+00  2.282361e+00  -7.957173e-01  2.312711e+00  
   4.7694302  -1.442014e+00  2.156070e+00  -1.442110e+00  2.155652e+00  -8.217989e-01  2.229161e+00  
   4.7904301  -1.448537e+00  2.035812e+00  -1.448596e+00  2.035394e+00  -8.400178e-01  2.149968e+00  
   4.8114300  -1.444691e+00  1.923252e+00  -1.444714e+00  1.922844e+00  -8.514458e-01  2.075656e+00  
   4.8324299  -1.432168e+00  1.819262e+00  -1.432160e+00  1.818870e+00  -8.571121e-01  2.006536e+00  
   4.8524299  -1.413730e+00  1.728643e+00  -1.413693e+00  1.728276e+00  -8.580295e-01  1.945659e+00  
   4.8734298  -1.389091e+00  1.642488e+00  -1.389027e+00  1.642155e+00  -8.551297e-01  1.886928e+00  
   4.8944302  -1.360511e+00  1.565424e+00  -1.360425e+00  1.565132e+00  -8.490424e-01  1.833390e+00  
   4.9154301  -1.329311e+00  1.497101e+00  -1.329208e+00  1.496855e+00  -8.404533e-01  1.784838e+00  
   4.9364300  -1.296616e+00  1.436997e+00  -1.296500e+00  1.436803e+00  -8.299534e-01  1.740998e+00  
   4.9574299  -1.263350e+00  1.384478e+00  -1.263225e+00  1.384339e+00  -8.180439e-01  1.701561e+00  
   4.9774299  -1.231811e+00  1.340878e+00  -1.231682e+00  1.340793e+00  -8.057759e-01  1.667790e+00  
   4.9984298  -1.199384e+00  1.301147e+00  -1.199255e+00  1.301121e+00  -7.922550e-01  1.635981e+00  
