w Re-xx Im-xx Re-yy Im-yy Re-zz Im-zz
# Gaussian absolute broadening  0.15 [eV]
   0.0000000  7.687051e-01  8.838384e-05  7.687240e-01  8.838716e-05  7.269893e-01  7.911443e-05  
   0.0200000  7.688050e-01  9.459304e-05  7.688240e-01  9.459686e-05  7.270789e-01  8.467059e-05  
   0.0410000  7.689241e-01  1.016687e-04  7.689427e-01  1.016731e-04  7.271852e-01  9.100184e-05  
   0.0620000  7.690591e-01  1.093501e-04  7.690782e-01  1.093551e-04  7.273061e-01  9.787481e-05  
   0.0830000  7.692128e-01  1.176712e-04  7.692320e-01  1.176769e-04  7.274439e-01  1.053198e-04  
   0.1040000  7.693871e-01  1.266614e-04  7.694063e-01  1.266679e-04  7.276003e-01  1.133630e-04  
   0.1240000  7.695742e-01  1.358669e-04  7.695934e-01  1.358741e-04  7.277673e-01  1.215983e-04  
   0.1450000  7.697950e-01  1.462234e-04  7.698138e-01  1.462314e-04  7.279651e-01  1.308626e-04  
   0.1660000  7.700425e-01  1.572938e-04  7.700617e-01  1.573027e-04  7.281865e-01  1.407649e-04  
   0.1870000  7.703197e-01  1.690747e-04  7.703387e-01  1.690845e-04  7.284344e-01  1.513018e-04  
   0.2080000  7.706279e-01  1.815516e-04  7.706469e-01  1.815623e-04  7.287104e-01  1.624601e-04  
   0.2290000  7.709687e-01  1.946992e-04  7.709879e-01  1.947107e-04  7.290156e-01  1.742170e-04  
   0.2490000  7.713262e-01  2.078120e-04  7.713454e-01  2.078243e-04  7.293348e-01  1.859415e-04  
   0.2700000  7.717359e-01  2.221593e-04  7.717550e-01  2.221724e-04  7.297018e-01  1.987682e-04  
   0.2910000  7.721828e-01  2.370504e-04  7.722019e-01  2.370643e-04  7.301016e-01  2.120792e-04  
   0.3120000  7.726673e-01  2.524315e-04  7.726865e-01  2.524460e-04  7.305351e-01  2.258260e-04  
   0.3330000  7.731899e-01  2.682474e-04  7.732093e-01  2.682627e-04  7.310027e-01  2.399591e-04  
   0.3540000  7.737511e-01  2.844449e-04  7.737704e-01  2.844608e-04  7.315047e-01  2.544304e-04  
   0.3740000  7.743214e-01  3.001802e-04  7.743406e-01  3.001966e-04  7.320147e-01  2.684858e-04  
   0.3950000  7.749576e-01  3.169839e-04  7.749770e-01  3.170006e-04  7.325838e-01  2.834925e-04  
   0.4160000  7.756322e-01  3.340388e-04  7.756516e-01  3.340561e-04  7.331873e-01  2.987198e-04  
   0.4374300  7.763609e-01  3.516699e-04  7.763803e-01  3.516876e-04  7.338386e-01  3.144575e-04  
   0.4574300  7.770764e-01  3.683087e-04  7.770959e-01  3.683267e-04  7.344787e-01  3.293055e-04  
   0.4784300  7.778651e-01  3.859538e-04  7.778847e-01  3.859721e-04  7.351838e-01  3.450469e-04  
   0.4994300  7.786920e-01  4.037656e-04  7.787116e-01  4.037841e-04  7.359228e-01  3.609320e-04  
   0.5204300  7.795573e-01  4.217368e-04  7.795769e-01  4.217556e-04  7.366962e-01  3.769543e-04  
   0.5414300  7.804608e-01  4.398642e-04  7.804804e-01  4.398833e-04  7.375038e-01  3.931102e-04  
   0.5614300  7.813574e-01  4.572729e-04  7.813771e-01  4.572923e-04  7.383051e-01  4.086206e-04  
   0.5824300  7.823365e-01  4.757063e-04  7.823564e-01  4.757264e-04  7.391801e-01  4.250378e-04  
   0.6034300  7.833548e-01  4.943007e-04  7.833746e-01  4.943213e-04  7.400897e-01  4.415922e-04  
   0.6244300  7.844124e-01  5.130615e-04  7.844324e-01  5.130827e-04  7.410346e-01  4.582883e-04  
   0.6454300  7.855101e-01  5.319940e-04  7.855300e-01  5.320159e-04  7.420147e-01  4.751303e-04  
   0.6664300  7.866477e-01  5.511042e-04  7.866675e-01  5.511272e-04  7.430307e-01  4.921237e-04  
   0.6864300  7.877681e-01  5.694756e-04  7.877881e-01  5.694996e-04  7.440313e-01  5.084532e-04  
   0.7074300  7.889845e-01  5.889527e-04  7.890047e-01  5.889781e-04  7.451174e-01  5.257583e-04  
   0.7284300  7.902423e-01  6.086279e-04  7.902626e-01  6.086548e-04  7.462400e-01  5.432314e-04  
   0.7494300  7.915415e-01  6.285090e-04  7.915620e-01  6.285376e-04  7.473998e-01  5.608797e-04  
   0.7704300  7.928827e-01  6.486033e-04  7.929029e-01  6.486336e-04  7.485961e-01  5.787089e-04  
   0.7914300  7.942662e-01  6.689198e-04  7.942867e-01  6.689520e-04  7.498308e-01  5.967262e-04  
   0.8114300  7.956234e-01  6.884819e-04  7.956437e-01  6.885159e-04  7.510412e-01  6.140661e-04  
   0.8324300  7.970908e-01  7.092550e-04  7.971114e-01  7.092905e-04  7.523500e-01  6.324705e-04  
   0.8540300  7.986464e-01  7.308800e-04  7.986671e-01  7.309174e-04  7.537371e-01  6.516195e-04  
   0.8740300  8.001283e-01  7.511453e-04  8.001489e-01  7.511843e-04  7.550580e-01  6.695552e-04  
   0.8950300  8.017281e-01  7.726841e-04  8.017488e-01  7.727245e-04  7.564840e-01  6.886074e-04  
   0.9160300  8.033733e-01  7.944989e-04  8.033942e-01  7.945406e-04  7.579500e-01  7.078935e-04  
   0.9370300  8.050647e-01  8.166011e-04  8.050857e-01  8.166439e-04  7.594569e-01  7.274223e-04  
   0.9580300  8.068026e-01  8.390009e-04  8.068237e-01  8.390447e-04  7.610049e-01  7.472026e-04  
   0.9780300  8.085023e-01  8.606210e-04  8.085236e-01  8.606658e-04  7.625185e-01  7.662838e-04  
   0.9990300  8.103335e-01  8.836344e-04  8.103549e-01  8.836798e-04  7.641487e-01  7.865826e-04  
   1.0200300  8.122136e-01  9.069791e-04  8.122351e-01  9.070254e-04  7.658221e-01  8.071611e-04  
   1.0410300  8.141432e-01  9.306670e-04  8.141647e-01  9.307144e-04  7.675393e-01  8.280295e-04  
   1.0620300  8.161234e-01  9.547105e-04  8.161448e-01  9.547582e-04  7.693007e-01  8.491976e-04  
   1.0830300  8.181540e-01  9.791214e-04  8.181757e-01  9.791706e-04  7.711068e-01  8.706756e-04  
   1.1030300  8.201361e-01  1.002723e-03  8.201579e-01  1.002773e-03  7.728691e-01  8.914290e-04  
   1.1240300  8.222685e-01  1.027889e-03  8.222905e-01  1.027940e-03  7.747647e-01  9.135427e-04  
   1.1450300  8.244541e-01  1.053462e-03  8.244763e-01  1.053515e-03  7.767069e-01  9.359986e-04  
   1.1660300  8.266940e-01  1.079455e-03  8.267162e-01  1.079509e-03  7.786967e-01  9.588083e-04  
   1.1870300  8.289891e-01  1.105883e-03  8.290113e-01  1.105939e-03  7.807351e-01  9.819837e-04  
   1.2080300  8.313397e-01  1.132762e-03  8.313621e-01  1.132819e-03  7.828221e-01  1.005537e-03  
   1.2280300  8.336310e-01  1.158793e-03  8.336535e-01  1.158852e-03  7.848554e-01  1.028332e-03  
   1.2490300  8.360933e-01  1.186598e-03  8.361161e-01  1.186658e-03  7.870405e-01  1.052661e-03  
   1.2706300  8.386878e-01  1.215718e-03  8.387108e-01  1.215781e-03  7.893417e-01  1.078123e-03  
   1.2906300  8.411462e-01  1.243169e-03  8.411692e-01  1.243234e-03  7.915216e-01  1.102107e-03  
   1.3116300  8.437875e-01  1.272518e-03  8.438105e-01  1.272585e-03  7.938628e-01  1.127730e-03  
   1.3326300  8.464903e-01  1.302424e-03  8.465137e-01  1.302493e-03  7.962576e-01  1.153817e-03  
   1.3536299  8.492569e-01  1.332905e-03  8.492804e-01  1.332977e-03  7.987081e-01  1.180386e-03  
   1.3746300  8.520879e-01  1.363987e-03  8.521116e-01  1.364061e-03  8.012148e-01  1.207455e-03  
   1.3946300  8.548459e-01  1.394167e-03  8.548696e-01  1.394244e-03  8.036558e-01  1.233717e-03  
   1.4156300  8.578070e-01  1.426484e-03  8.578312e-01  1.426564e-03  8.062756e-01  1.261817e-03  
   1.4366300  8.608372e-01  1.459470e-03  8.608614e-01  1.459552e-03  8.089556e-01  1.290472e-03  
   1.4576300  8.639374e-01  1.493149e-03  8.639617e-01  1.493235e-03  8.116962e-01  1.319706e-03  
   1.4786299  8.671094e-01  1.527548e-03  8.671340e-01  1.527637e-03  8.144991e-01  1.349536e-03  
   1.4996300  8.703547e-01  1.562695e-03  8.703795e-01  1.562787e-03  8.173657e-01  1.379988e-03  
   1.5196300  8.735143e-01  1.596886e-03  8.735393e-01  1.596981e-03  8.201553e-01  1.409586e-03  
   1.5406300  8.769067e-01  1.633573e-03  8.769318e-01  1.633671e-03  8.231491e-01  1.441314e-03  
   1.5616300  8.803770e-01  1.671093e-03  8.804025e-01  1.671195e-03  8.262104e-01  1.473733e-03  
   1.5826300  8.839270e-01  1.709478e-03  8.839527e-01  1.709584e-03  8.293403e-01  1.506867e-03  
   1.6036299  8.875582e-01  1.748763e-03  8.875842e-01  1.748873e-03  8.325405e-01  1.540746e-03  
   1.6246300  8.912733e-01  1.788983e-03  8.912991e-01  1.789096e-03  8.358127e-01  1.575396e-03  
   1.6446300  8.948902e-01  1.828191e-03  8.949162e-01  1.828308e-03  8.389969e-01  1.609142e-03  
   1.6656300  8.987726e-01  1.870348e-03  8.987992e-01  1.870468e-03  8.424135e-01  1.645388e-03  
   1.6872300  9.028603e-01  1.914806e-03  9.028872e-01  1.914932e-03  8.460085e-01  1.683576e-03  
   1.7072300  9.067314e-01  1.957007e-03  9.067585e-01  1.957138e-03  8.494112e-01  1.719786e-03  
   1.7282300  9.108878e-01  2.002434e-03  9.109153e-01  2.002569e-03  8.530629e-01  1.758725e-03  
   1.7492300  9.151407e-01  2.049054e-03  9.151682e-01  2.049194e-03  8.567972e-01  1.798645e-03  
   1.7702301  9.194931e-01  2.096921e-03  9.195206e-01  2.097065e-03  8.606161e-01  1.839588e-03  
   1.7912300  9.239471e-01  2.146089e-03  9.239754e-01  2.146237e-03  8.645224e-01  1.881600e-03  
   1.8112299  9.282868e-01  2.194180e-03  9.283150e-01  2.194334e-03  8.683259e-01  1.922650e-03  
   1.8322300  9.329479e-01  2.246066e-03  9.329767e-01  2.246224e-03  8.724089e-01  1.966891e-03  
   1.8532300  9.377201e-01  2.299439e-03  9.377494e-01  2.299603e-03  8.765864e-01  2.012352e-03  
   1.8742300  9.426064e-01  2.354373e-03  9.426355e-01  2.354542e-03  8.808610e-01  2.059093e-03  
   1.8952301  9.476098e-01  2.410944e-03  9.476396e-01  2.411119e-03  8.852352e-01  2.107176e-03  
   1.9162300  9.527341e-01  2.469236e-03  9.527642e-01  2.469415e-03  8.897116e-01  2.156667e-03  
   1.9362299  9.577296e-01  2.526431e-03  9.577596e-01  2.526615e-03  8.940726e-01  2.205177e-03  
   1.9572300  9.630992e-01  2.588344e-03  9.631301e-01  2.588534e-03  8.987571e-01  2.257631e-03  
   1.9782300  9.686015e-01  2.652264e-03  9.686326e-01  2.652460e-03  9.035533e-01  2.311728e-03  
   1.9992300  9.742388e-01  2.718307e-03  9.742704e-01  2.718509e-03  9.084640e-01  2.367560e-03  
   2.0202301  9.800168e-01  2.786600e-03  9.800491e-01  2.786811e-03  9.134929e-01  2.425231e-03  
   2.0412300  9.859391e-01  2.857287e-03  9.859712e-01  2.857504e-03  9.186430e-01  2.484856e-03  
   2.0612299  9.917182e-01  2.926974e-03  9.917510e-01  2.927199e-03  9.236649e-01  2.543577e-03  
   2.0822301  9.979368e-01  3.002801e-03  9.979699e-01  3.003034e-03  9.290640e-01  2.607404e-03  
   2.1038301  1.004500e+00  3.083832e-03  1.004534e+00  3.084074e-03  9.347578e-01  2.675540e-03  
   2.1238301  1.010734e+00  3.161810e-03  1.010768e+00  3.162061e-03  9.401596e-01  2.741044e-03  
   2.1448300  1.017446e+00  3.246971e-03  1.017480e+00  3.247232e-03  9.459718e-01  2.812518e-03  
   2.1658299  1.024336e+00  3.335758e-03  1.024371e+00  3.336031e-03  9.519317e-01  2.886972e-03  
   2.1868300  1.031411e+00  3.428471e-03  1.031446e+00  3.428756e-03  9.580454e-01  2.964656e-03  
   2.2078300  1.038677e+00  3.525429e-03  1.038713e+00  3.525727e-03  9.643185e-01  3.045841e-03  
   2.2278299  1.045783e+00  3.622052e-03  1.045820e+00  3.622362e-03  9.704461e-01  3.126696e-03  
   2.2488301  1.053446e+00  3.728378e-03  1.053483e+00  3.728702e-03  9.770481e-01  3.215625e-03  
   2.2698300  1.061324e+00  3.840114e-03  1.061362e+00  3.840456e-03  9.838269e-01  3.309038e-03  
   2.2908299  1.069427e+00  3.957740e-03  1.069465e+00  3.958099e-03  9.907917e-01  3.407335e-03  
   2.3118300  1.077763e+00  4.081765e-03  1.077802e+00  4.082138e-03  9.979480e-01  3.510952e-03  
   2.3328300  1.086343e+00  4.212738e-03  1.086383e+00  4.213131e-03  1.005305e+00  3.620359e-03  
   2.3528299  1.094751e+00  4.344488e-03  1.094792e+00  4.344902e-03  1.012504e+00  3.730416e-03  
   2.3738301  1.103838e+00  4.490818e-03  1.103880e+00  4.491256e-03  1.020275e+00  3.852673e-03  
   2.3948300  1.113202e+00  4.646023e-03  1.113245e+00  4.646486e-03  1.028273e+00  3.982403e-03  
   2.4158299  1.122857e+00  4.810878e-03  1.122900e+00  4.811365e-03  1.036505e+00  4.120293e-03  
   2.4368300  1.132816e+00  4.986215e-03  1.132860e+00  4.986731e-03  1.044984e+00  4.267102e-03  
   2.4578300  1.143094e+00  5.172961e-03  1.143139e+00  5.173506e-03  1.053722e+00  4.423673e-03  
   2.4778299  1.153195e+00  5.362353e-03  1.153241e+00  5.362931e-03  1.062294e+00  4.582725e-03  
   2.4988301  1.164145e+00  5.574437e-03  1.164191e+00  5.575053e-03  1.071572e+00  4.761183e-03  
   2.5204301  1.175796e+00  5.808067e-03  1.175844e+00  5.808722e-03  1.081425e+00  4.958213e-03  
   2.5404301  1.186956e+00  6.039796e-03  1.187005e+00  6.040493e-03  1.090844e+00  5.154093e-03  
   2.5614300  1.199081e+00  6.300757e-03  1.199131e+00  6.301502e-03  1.101057e+00  5.375182e-03  
   2.5824299  1.211647e+00  6.581848e-03  1.211698e+00  6.582646e-03  1.111618e+00  5.613815e-03  
   2.6034300  1.224684e+00  6.885602e-03  1.224737e+00  6.886456e-03  1.122548e+00  5.872077e-03  
   2.6244299  1.238223e+00  7.215110e-03  1.238277e+00  7.216031e-03  1.133871e+00  6.152418e-03  
   2.6444299  1.251615e+00  7.556458e-03  1.251671e+00  7.557440e-03  1.145041e+00  6.442637e-03  
   2.6654301  1.266239e+00  7.948545e-03  1.266296e+00  7.949607e-03  1.157201e+00  6.775201e-03  
   2.6864300  1.281479e+00  8.381468e-03  1.281537e+00  8.382616e-03  1.169833e+00  7.140624e-03  
   2.7074299  1.297386e+00  8.863746e-03  1.297446e+00  8.864990e-03  1.182971e+00  7.544473e-03  
   2.7284300  1.314016e+00  9.406770e-03  1.314077e+00  9.408124e-03  1.196652e+00  7.993837e-03  
   2.7494299  1.331430e+00  1.002590e-02  1.331494e+00  1.002739e-02  1.210916e+00  8.497823e-03  
   2.7694299  1.348810e+00  1.070535e-02  1.348876e+00  1.070700e-02  1.225086e+00  9.039382e-03  
   2.7904301  1.367970e+00  1.154009e-02  1.368039e+00  1.154195e-02  1.240629e+00  9.687361e-03  
   2.8114300  1.388152e+00  1.253649e-02  1.388223e+00  1.253860e-02  1.256907e+00  1.043614e-02  
   2.8324299  1.409456e+00  1.374550e-02  1.409530e+00  1.374797e-02  1.273986e+00  1.131146e-02  
   2.8534300  1.431993e+00  1.523513e-02  1.432070e+00  1.523805e-02  1.291935e+00  1.234670e-02  
   2.8744299  1.455881e+00  1.709489e-02  1.455961e+00  1.709843e-02  1.310833e+00  1.358488e-02  
   2.8944299  1.480006e+00  1.931628e-02  1.480090e+00  1.932061e-02  1.329792e+00  1.500310e-02  
   2.9154301  1.506903e+00  2.226332e-02  1.506991e+00  2.226873e-02  1.350794e+00  1.681029e-02  
   2.9370301  1.536378e+00  2.614322e-02  1.536470e+00  2.615012e-02  1.373669e+00  1.910031e-02  
   2.9570301  1.565414e+00  3.071563e-02  1.565511e+00  3.072434e-02  1.396095e+00  2.171351e-02  
   2.9780300  1.597804e+00  3.679512e-02  1.597905e+00  3.680626e-02  1.421028e+00  2.509905e-02  
   2.9990301  1.632208e+00  4.449917e-02  1.632315e+00  4.451340e-02  1.447480e+00  2.930527e-02  
   3.0200300  1.668647e+00  5.419283e-02  1.668759e+00  5.421092e-02  1.475540e+00  3.453177e-02  
   3.0410299  1.707080e+00  6.628194e-02  1.707197e+00  6.630481e-02  1.505279e+00  4.101573e-02  
   3.0610299  1.745430e+00  8.042130e-02  1.745553e+00  8.044960e-02  1.535207e+00  4.861265e-02  
   3.0820301  1.787333e+00  9.845826e-02  1.787461e+00  9.849329e-02  1.568323e+00  5.838487e-02  
   3.1030300  1.830607e+00  1.202025e-01  1.830740e+00  1.202453e-01  1.603130e+00  7.034165e-02  
   3.1240301  1.874837e+00  1.460719e-01  1.874974e+00  1.461235e-01  1.639524e+00  8.486449e-02  
   3.1450300  1.919497e+00  1.764263e-01  1.919639e+00  1.764877e-01  1.677318e+00  1.023540e-01  
   3.1660299  1.963964e+00  2.115404e-01  1.964109e+00  2.116122e-01  1.716239e+00  1.232160e-01  
   3.1860299  2.005488e+00  2.495556e-01  2.005635e+00  2.496379e-01  1.754015e+00  1.465777e-01  
   3.2070301  2.047488e+00  2.942989e-01  2.047636e+00  2.943924e-01  1.793968e+00  1.751151e-01  
   3.2280300  2.087077e+00  3.438623e-01  2.087224e+00  3.439668e-01  1.833652e+00  2.080414e-01  
   3.2490301  2.123485e+00  3.979604e-01  2.123630e+00  3.980755e-01  1.872407e+00  2.455550e-01  
   3.2700300  2.155998e+00  4.561475e-01  2.156140e+00  4.562721e-01  1.909501e+00  2.877331e-01  
   3.2910299  2.184007e+00  5.178363e-01  2.184144e+00  5.179690e-01  1.944157e+00  3.345113e-01  
   3.3110299  2.206058e+00  5.792005e-01  2.206190e+00  5.793397e-01  1.974179e+00  3.831348e-01  
   3.3320301  2.224056e+00  6.456263e-01  2.224179e+00  6.457703e-01  2.001845e+00  4.380916e-01  
   3.3536301  2.236921e+00  7.152308e-01  2.237035e+00  7.153777e-01  2.025478e+00  4.982122e-01  
   3.3736300  2.243773e+00  7.800786e-01  2.243878e+00  7.802268e-01  2.042468e+00  5.564659e-01  
   3.3946300  2.245951e+00  8.478491e-01  2.246046e+00  8.479968e-01  2.054856e+00  6.194989e-01  
   3.4156301  2.243359e+00  9.146386e-01  2.243441e+00  9.147845e-01  2.061442e+00  6.835331e-01  
   3.4366300  2.236486e+00  9.799044e-01  2.236556e+00  9.800469e-01  2.062223e+00  7.475929e-01  
   3.4576299  2.225898e+00  1.043243e+00  2.225954e+00  1.043383e+00  2.057407e+00  8.107091e-01  
   3.4776299  2.212901e+00  1.101538e+00  2.212944e+00  1.101674e+00  2.048002e+00  8.691061e-01  
   3.4986300  2.196751e+00  1.160500e+00  2.196779e+00  1.160632e+00  2.033650e+00  9.278463e-01  
   3.5196300  2.178551e+00  1.217144e+00  2.178564e+00  1.217274e+00  2.015460e+00  9.832993e-01  
   3.5406301  2.158749e+00  1.271548e+00  2.158745e+00  1.271677e+00  1.994297e+00  1.034994e+00  
   3.5616300  2.137688e+00  1.323839e+00  2.137667e+00  1.323968e+00  1.971077e+00  1.082665e+00  
   3.5826299  2.115613e+00  1.374161e+00  2.115576e+00  1.374290e+00  1.946707e+00  1.126266e+00  
   3.6026299  2.093789e+00  1.420379e+00  2.093736e+00  1.420511e+00  1.923197e+00  1.164150e+00  
   3.6236300  2.070112e+00  1.467208e+00  2.070043e+00  1.467343e+00  1.898896e+00  1.200425e+00  
   3.6446300  2.045690e+00  1.512340e+00  2.045604e+00  1.512477e+00  1.875548e+00  1.233575e+00  
   3.6656301  2.020545e+00  1.555765e+00  2.020444e+00  1.555906e+00  1.853545e+00  1.264158e+00  
   3.6866300  1.994714e+00  1.597424e+00  1.994600e+00  1.597568e+00  1.833095e+00  1.292768e+00  
   3.7076299  1.968281e+00  1.637218e+00  1.968154e+00  1.637364e+00  1.814230e+00  1.319978e+00  
   3.7276299  1.942679e+00  1.673283e+00  1.942541e+00  1.673431e+00  1.797632e+00  1.345052e+00  
   3.7486300  1.915567e+00  1.709129e+00  1.915420e+00  1.709278e+00  1.781441e+00  1.370881e+00  
   3.7702301  1.887756e+00  1.743775e+00  1.887604e+00  1.743924e+00  1.765837e+00  1.397199e+00  
   3.7902300  1.862435e+00  1.773844e+00  1.862279e+00  1.773993e+00  1.752095e+00  1.421480e+00  
   3.8112299  1.836731e+00  1.803431e+00  1.836572e+00  1.803578e+00  1.738200e+00  1.446912e+00  
   3.8322301  1.812413e+00  1.831185e+00  1.812254e+00  1.831331e+00  1.724739e+00  1.472224e+00  
   3.8532300  1.789986e+00  1.857438e+00  1.789829e+00  1.857581e+00  1.711720e+00  1.497309e+00  
   3.8742299  1.769927e+00  1.882661e+00  1.769774e+00  1.882804e+00  1.699278e+00  1.522067e+00  
   3.8942299  1.753408e+00  1.906283e+00  1.753259e+00  1.906425e+00  1.688196e+00  1.545290e+00  
   3.9152300  1.739074e+00  1.931370e+00  1.738932e+00  1.931514e+00  1.677702e+00  1.569332e+00  
   3.9362299  1.727998e+00  1.957589e+00  1.727862e+00  1.957733e+00  1.668775e+00  1.593182e+00  
   3.9572301  1.720171e+00  1.985878e+00  1.720043e+00  1.986027e+00  1.661834e+00  1.617149e+00  
   3.9782300  1.715379e+00  2.017229e+00  1.715258e+00  2.017385e+00  1.657251e+00  1.641702e+00  
   3.9992299  1.713169e+00  2.052643e+00  1.713054e+00  2.052807e+00  1.655305e+00  1.667465e+00  
   4.0192299  1.712835e+00  2.091024e+00  1.712724e+00  2.091198e+00  1.656024e+00  1.693825e+00  
   4.0402298  1.713447e+00  2.137033e+00  1.713338e+00  2.137220e+00  1.659425e+00  1.724251e+00  
   4.0612302  1.713915e+00  2.189585e+00  1.713805e+00  2.189786e+00  1.665259e+00  1.758408e+00  
   4.0822301  1.712895e+00  2.249170e+00  1.712780e+00  2.249386e+00  1.672994e+00  1.797243e+00  
   4.1032300  1.708899e+00  2.316027e+00  1.708775e+00  2.316258e+00  1.681830e+00  1.841658e+00  
   4.1242299  1.700351e+00  2.390103e+00  1.700214e+00  2.390351e+00  1.690707e+00  1.892454e+00  
   4.1442299  1.686514e+00  2.467035e+00  1.686360e+00  2.467296e+00  1.698001e+00  1.947340e+00  
   4.1652298  1.664511e+00  2.553869e+00  1.664334e+00  2.554143e+00  1.702976e+00  2.012189e+00  
   4.1868300  1.632397e+00  2.648654e+00  1.632192e+00  2.648937e+00  1.703473e+00  2.086728e+00  
   4.2068300  1.592896e+00  2.740199e+00  1.592663e+00  2.740486e+00  1.698070e+00  2.162620e+00  
   4.2278299  1.540300e+00  2.838801e+00  1.540032e+00  2.839090e+00  1.684559e+00  2.248842e+00  
   4.2488298  1.475543e+00  2.938312e+00  1.475238e+00  2.938597e+00  1.661282e+00  2.340784e+00  
   4.2698302  1.398129e+00  3.036939e+00  1.397788e+00  3.037217e+00  1.626632e+00  2.437064e+00  
   4.2908301  1.307877e+00  3.132800e+00  1.307496e+00  3.133065e+00  1.579262e+00  2.535919e+00  
   4.3108301  1.210091e+00  3.219780e+00  1.209674e+00  3.220028e+00  1.521408e+00  2.630564e+00  
   4.3318300  1.095392e+00  3.304750e+00  1.094938e+00  3.304977e+00  1.446745e+00  2.728233e+00  
   4.3528299  9.690613e-01  3.381390e+00  9.685723e-01  3.381593e+00  1.357760e+00  2.821719e+00  
   4.3738298  8.320614e-01  3.447942e+00  8.315407e-01  3.448118e+00  1.254923e+00  2.908514e+00  
   4.3948302  6.856029e-01  3.502764e+00  6.850539e-01  3.502914e+00  1.139253e+00  2.986192e+00  
   4.4158301  5.311363e-01  3.544369e+00  5.305636e-01  3.544491e+00  1.012299e+00  3.052540e+00  
   4.4358301  3.780896e-01  3.570510e+00  3.774993e-01  3.570606e+00  8.827299e-01  3.103468e+00  
   4.4568300  2.129305e-01  3.582756e+00  2.123266e-01  3.582825e+00  7.398643e-01  3.142659e+00  
   4.4778299  4.518022e-02  3.578601e+00  4.456959e-02  3.578644e+00  5.925985e-01  3.166262e+00  
   4.4988298  -1.230111e-01  3.557501e+00  -1.236222e-01  3.557520e+00  4.436792e-01  3.173843e+00  
   4.5198302  -2.893929e-01  3.519244e+00  -2.899975e-01  3.519239e+00  2.958396e-01  3.165510e+00  
   4.5408301  -4.516461e-01  3.463994e+00  -4.522373e-01  3.463966e+00  1.516804e-01  3.141893e+00  
   4.5608301  -6.002262e-01  3.396090e+00  -6.007982e-01  3.396042e+00  1.994347e-02  3.106183e+00  
   4.5818300  -7.478411e-01  3.309680e+00  -7.483868e-01  3.309614e+00  -1.106281e-01  3.056203e+00  
   4.6034298  -8.885444e-01  3.206108e+00  -8.890565e-01  3.206023e+00  -2.350004e-01  2.993249e+00  
   4.6234298  -1.007036e+00  3.098600e+00  -1.007512e+00  3.098500e+00  -3.401003e-01  2.926298e+00  
   4.6444302  -1.117776e+00  2.975780e+00  -1.118210e+00  2.975665e+00  -4.393471e-01  2.848949e+00  
   4.6654301  -1.213399e+00  2.845168e+00  -1.213788e+00  2.845041e+00  -5.269041e-01  2.766300e+00  
   4.6864300  -1.293238e+00  2.709354e+00  -1.293580e+00  2.709217e+00  -6.028202e-01  2.680206e+00  
   4.7074299  -1.357114e+00  2.571000e+00  -1.357408e+00  2.570855e+00  -6.674448e-01  2.592373e+00  
   4.7274299  -1.403381e+00  2.439252e+00  -1.403631e+00  2.439103e+00  -7.190284e-01  2.508493e+00  
   4.7484298  -1.437388e+00  2.303272e+00  -1.437592e+00  2.303120e+00  -7.634522e-01  2.421435e+00  
   4.7694302  -1.457586e+00  2.171824e+00  -1.457748e+00  2.171673e+00  -7.987515e-01  2.336493e+00  
   4.7904301  -1.465415e+00  2.046721e+00  -1.465536e+00  2.046572e+00  -8.258485e-01  2.254552e+00  
   4.8114300  -1.462520e+00  1.929366e+00  -1.462604e+00  1.929220e+00  -8.456867e-01  2.176294e+00  
   4.8324299  -1.450653e+00  1.820744e+00  -1.450704e+00  1.820603e+00  -8.591945e-01  2.102219e+00  
   4.8524299  -1.432616e+00  1.725950e+00  -1.432638e+00  1.725815e+00  -8.669887e-01  2.035866e+00  
   4.8734298  -1.408222e+00  1.635717e+00  -1.408216e+00  1.635590e+00  -8.706504e-01  1.970787e+00  
   4.8944302  -1.379761e+00  1.554927e+00  -1.379731e+00  1.554806e+00  -8.704386e-01  1.910481e+00  
   4.9154301  -1.348604e+00  1.483244e+00  -1.348553e+00  1.483131e+00  -8.670517e-01  1.854921e+00  
   4.9364300  -1.315920e+00  1.420147e+00  -1.315849e+00  1.420040e+00  -8.611135e-01  1.803993e+00  
   4.9574299  -1.282668e+00  1.364990e+00  -1.282579e+00  1.364889e+00  -8.531734e-01  1.757517e+00  
   4.9774299  -1.251171e+00  1.319186e+00  -1.251067e+00  1.319090e+00  -8.441870e-01  1.717186e+00  
   4.9984298  -1.218841e+00  1.277441e+00  -1.218721e+00  1.277351e+00  -8.336480e-01  1.678717e+00  
