w Re-xx Im-xx Re-yy Im-yy Re-zz Im-zz
# Gaussian absolute broadening  0.15 [eV]
   0.0000000  7.688954e-01  8.854085e-05  7.688959e-01  8.854544e-05  7.244667e-01  7.871215e-05  
   0.0200000  7.689956e-01  9.475856e-05  7.689962e-01  9.476387e-05  7.245557e-01  8.424151e-05  
   0.0410000  7.691146e-01  1.018440e-04  7.691153e-01  1.018501e-04  7.246614e-01  9.054216e-05  
   0.0620000  7.692503e-01  1.095359e-04  7.692507e-01  1.095429e-04  7.247822e-01  9.738185e-05  
   0.0830000  7.694041e-01  1.178685e-04  7.694046e-01  1.178765e-04  7.249189e-01  1.047907e-04  
   0.1040000  7.695787e-01  1.268711e-04  7.695791e-01  1.268802e-04  7.250743e-01  1.127948e-04  
   0.1240000  7.697661e-01  1.360894e-04  7.697664e-01  1.360995e-04  7.252407e-01  1.209899e-04  
   0.1450000  7.699870e-01  1.464604e-04  7.699875e-01  1.464716e-04  7.254375e-01  1.302089e-04  
   0.1660000  7.702352e-01  1.575465e-04  7.702357e-01  1.575589e-04  7.256579e-01  1.400627e-04  
   0.1870000  7.705126e-01  1.693443e-04  7.705131e-01  1.693578e-04  7.259047e-01  1.505477e-04  
   0.2080000  7.708213e-01  1.818391e-04  7.708218e-01  1.818538e-04  7.261791e-01  1.616509e-04  
   0.2290000  7.711629e-01  1.950059e-04  7.711635e-01  1.950216e-04  7.264828e-01  1.733495e-04  
   0.2490000  7.715206e-01  2.081380e-04  7.715213e-01  2.081548e-04  7.268007e-01  1.850157e-04  
   0.2700000  7.719312e-01  2.225068e-04  7.719318e-01  2.225245e-04  7.271658e-01  1.977783e-04  
   0.2910000  7.723787e-01  2.374203e-04  7.723793e-01  2.374390e-04  7.275635e-01  2.110225e-04  
   0.3120000  7.728640e-01  2.528251e-04  7.728646e-01  2.528446e-04  7.279949e-01  2.247002e-04  
   0.3330000  7.733874e-01  2.686658e-04  7.733883e-01  2.686861e-04  7.284601e-01  2.387621e-04  
   0.3540000  7.739494e-01  2.848888e-04  7.739502e-01  2.849099e-04  7.289596e-01  2.531601e-04  
   0.3740000  7.745205e-01  3.006493e-04  7.745212e-01  3.006710e-04  7.294670e-01  2.671444e-04  
   0.3950000  7.751580e-01  3.174802e-04  7.751587e-01  3.175026e-04  7.300335e-01  2.820748e-04  
   0.4160000  7.758337e-01  3.345631e-04  7.758345e-01  3.345861e-04  7.306336e-01  2.972248e-04  
   0.4374300  7.765635e-01  3.522235e-04  7.765642e-01  3.522472e-04  7.312820e-01  3.128823e-04  
   0.4574300  7.772800e-01  3.688901e-04  7.772810e-01  3.689145e-04  7.319186e-01  3.276545e-04  
   0.4784300  7.780700e-01  3.865648e-04  7.780710e-01  3.865900e-04  7.326202e-01  3.433156e-04  
   0.4994300  7.788984e-01  4.044069e-04  7.788993e-01  4.044326e-04  7.333557e-01  3.591195e-04  
   0.5204300  7.797648e-01  4.224088e-04  7.797656e-01  4.224353e-04  7.341252e-01  3.750599e-04  
   0.5414300  7.806699e-01  4.405674e-04  7.806708e-01  4.405946e-04  7.349286e-01  3.911332e-04  
   0.5614300  7.815679e-01  4.580067e-04  7.815689e-01  4.580344e-04  7.357260e-01  4.065643e-04  
   0.5824300  7.825487e-01  4.764725e-04  7.825497e-01  4.765010e-04  7.365965e-01  4.228974e-04  
   0.6034300  7.835685e-01  4.950997e-04  7.835695e-01  4.951290e-04  7.375016e-01  4.393668e-04  
   0.6244300  7.846282e-01  5.138940e-04  7.846293e-01  5.139238e-04  7.384418e-01  4.559770e-04  
   0.6454300  7.857276e-01  5.328608e-04  7.857287e-01  5.328911e-04  7.394169e-01  4.727325e-04  
   0.6664300  7.868669e-01  5.520057e-04  7.868680e-01  5.520370e-04  7.404280e-01  4.896383e-04  
   0.6864300  7.879893e-01  5.704112e-04  7.879905e-01  5.704432e-04  7.414234e-01  5.058837e-04  
   0.7074300  7.892081e-01  5.899245e-04  7.892092e-01  5.899573e-04  7.425040e-01  5.230989e-04  
   0.7284300  7.904676e-01  6.096365e-04  7.904689e-01  6.096707e-04  7.436210e-01  5.404816e-04  
   0.7494300  7.917691e-01  6.295556e-04  7.917705e-01  6.295908e-04  7.447746e-01  5.580380e-04  
   0.7704300  7.931123e-01  6.496891e-04  7.931137e-01  6.497257e-04  7.459655e-01  5.757745e-04  
   0.7914300  7.944983e-01  6.700449e-04  7.944998e-01  6.700833e-04  7.471936e-01  5.936977e-04  
   0.8114300  7.958577e-01  6.896456e-04  7.958593e-01  6.896856e-04  7.483980e-01  6.109470e-04  
   0.8324300  7.973278e-01  7.104600e-04  7.973295e-01  7.105019e-04  7.497001e-01  6.292549e-04  
   0.8540300  7.988861e-01  7.321285e-04  7.988880e-01  7.321726e-04  7.510799e-01  6.483034e-04  
   0.8740300  8.003703e-01  7.524350e-04  8.003721e-01  7.524812e-04  7.523943e-01  6.661445e-04  
   0.8950300  8.019729e-01  7.740177e-04  8.019750e-01  7.740660e-04  7.538129e-01  6.850962e-04  
   0.9160300  8.036212e-01  7.958780e-04  8.036230e-01  7.959284e-04  7.552716e-01  7.042803e-04  
   0.9370300  8.053154e-01  8.180267e-04  8.053175e-01  8.180789e-04  7.567708e-01  7.237055e-04  
   0.9580300  8.070564e-01  8.404739e-04  8.070585e-01  8.405279e-04  7.583109e-01  7.433805e-04  
   0.9780300  8.087591e-01  8.621408e-04  8.087614e-01  8.621966e-04  7.598166e-01  7.623598e-04  
   0.9990300  8.105937e-01  8.852045e-04  8.105959e-01  8.852615e-04  7.614386e-01  7.825500e-04  
   1.0200300  8.124771e-01  9.086010e-04  8.124795e-01  9.086591e-04  7.631032e-01  8.030178e-04  
   1.0410300  8.144102e-01  9.323420e-04  8.144128e-01  9.324017e-04  7.648116e-01  8.237734e-04  
   1.0620300  8.163939e-01  9.564401e-04  8.163965e-01  9.565004e-04  7.665642e-01  8.448269e-04  
   1.0830300  8.184284e-01  9.809083e-04  8.184310e-01  9.809689e-04  7.683609e-01  8.661881e-04  
   1.1030300  8.204139e-01  1.004566e-03  8.204166e-01  1.004627e-03  7.701141e-01  8.868279e-04  
   1.1240300  8.225505e-01  1.029791e-03  8.225533e-01  1.029853e-03  7.720001e-01  9.088207e-04  
   1.1450300  8.247402e-01  1.055426e-03  8.247431e-01  1.055488e-03  7.739322e-01  9.311534e-04  
   1.1660300  8.269843e-01  1.081483e-03  8.269873e-01  1.081545e-03  7.759118e-01  9.538368e-04  
   1.1870300  8.292835e-01  1.107977e-03  8.292866e-01  1.108039e-03  7.779394e-01  9.768835e-04  
   1.2080300  8.316387e-01  1.134923e-03  8.316420e-01  1.134986e-03  7.800158e-01  1.000306e-03  
   1.2280300  8.339345e-01  1.161022e-03  8.339379e-01  1.161084e-03  7.820387e-01  1.022973e-03  
   1.2490300  8.364016e-01  1.188898e-03  8.364050e-01  1.188961e-03  7.842121e-01  1.047167e-03  
   1.2706300  8.390010e-01  1.218095e-03  8.390048e-01  1.218159e-03  7.865015e-01  1.072485e-03  
   1.2906300  8.414645e-01  1.245620e-03  8.414680e-01  1.245684e-03  7.886695e-01  1.096334e-03  
   1.3116300  8.441108e-01  1.275048e-03  8.441148e-01  1.275112e-03  7.909986e-01  1.121812e-03  
   1.3326300  8.468192e-01  1.305035e-03  8.468232e-01  1.305101e-03  7.933812e-01  1.147751e-03  
   1.3536299  8.495913e-01  1.335603e-03  8.495955e-01  1.335668e-03  7.958186e-01  1.174168e-03  
   1.3746300  8.524280e-01  1.366773e-03  8.524324e-01  1.366839e-03  7.983121e-01  1.201083e-03  
   1.3946300  8.551916e-01  1.397039e-03  8.551959e-01  1.397106e-03  8.007400e-01  1.227195e-03  
   1.4156300  8.581589e-01  1.429450e-03  8.581635e-01  1.429519e-03  8.033462e-01  1.255133e-03  
   1.4366300  8.611954e-01  1.462534e-03  8.612000e-01  1.462603e-03  8.060118e-01  1.283624e-03  
   1.4576300  8.643021e-01  1.496315e-03  8.643070e-01  1.496386e-03  8.087378e-01  1.312687e-03  
   1.4786299  8.674811e-01  1.530820e-03  8.674859e-01  1.530892e-03  8.115261e-01  1.342345e-03  
   1.4996300  8.707330e-01  1.566075e-03  8.707385e-01  1.566149e-03  8.143772e-01  1.372618e-03  
   1.5196300  8.738998e-01  1.600375e-03  8.739051e-01  1.600451e-03  8.171521e-01  1.402043e-03  
   1.5406300  8.772996e-01  1.637179e-03  8.773052e-01  1.637258e-03  8.201298e-01  1.433584e-03  
   1.5616300  8.807775e-01  1.674821e-03  8.807834e-01  1.674904e-03  8.231747e-01  1.465811e-03  
   1.5826300  8.843354e-01  1.713334e-03  8.843414e-01  1.713420e-03  8.262876e-01  1.498748e-03  
   1.6036299  8.879750e-01  1.752752e-03  8.879812e-01  1.752842e-03  8.294707e-01  1.532424e-03  
   1.6246300  8.916983e-01  1.793111e-03  8.917048e-01  1.793206e-03  8.327250e-01  1.566866e-03  
   1.6446300  8.953236e-01  1.832457e-03  8.953301e-01  1.832556e-03  8.358922e-01  1.600407e-03  
   1.6656300  8.992151e-01  1.874765e-03  8.992222e-01  1.874869e-03  8.392901e-01  1.636433e-03  
   1.6872300  9.033127e-01  1.919389e-03  9.033197e-01  1.919498e-03  8.428653e-01  1.674387e-03  
   1.7072300  9.071931e-01  1.961750e-03  9.072002e-01  1.961864e-03  8.462496e-01  1.710375e-03  
   1.7282300  9.113598e-01  2.007356e-03  9.113672e-01  2.007476e-03  8.498812e-01  1.749074e-03  
   1.7492300  9.156230e-01  2.054167e-03  9.156307e-01  2.054291e-03  8.535949e-01  1.788747e-03  
   1.7702301  9.199860e-01  2.102238e-03  9.199939e-01  2.102367e-03  8.573929e-01  1.829437e-03  
   1.7912300  9.244515e-01  2.151626e-03  9.244599e-01  2.151761e-03  8.612776e-01  1.871188e-03  
   1.8112299  9.288021e-01  2.199946e-03  9.288106e-01  2.200085e-03  8.650600e-01  1.911983e-03  
   1.8322300  9.334756e-01  2.252090e-03  9.334843e-01  2.252234e-03  8.691205e-01  1.955951e-03  
   1.8532300  9.382603e-01  2.305749e-03  9.382691e-01  2.305898e-03  8.732747e-01  2.001131e-03  
   1.8742300  9.431595e-01  2.360998e-03  9.431686e-01  2.361152e-03  8.775253e-01  2.047585e-03  
   1.8952301  9.481764e-01  2.417918e-03  9.481858e-01  2.418076e-03  8.818750e-01  2.095373e-03  
   1.9162300  9.533147e-01  2.476593e-03  9.533249e-01  2.476756e-03  8.863261e-01  2.144561e-03  
   1.9362299  9.583239e-01  2.534193e-03  9.583338e-01  2.534361e-03  8.906623e-01  2.192775e-03  
   1.9572300  9.637090e-01  2.596573e-03  9.637192e-01  2.596746e-03  8.953205e-01  2.244910e-03  
   1.9782300  9.692268e-01  2.661006e-03  9.692376e-01  2.661184e-03  9.000892e-01  2.298673e-03  
   1.9992300  9.748805e-01  2.727607e-03  9.748918e-01  2.727790e-03  9.049715e-01  2.354154e-03  
   2.0202301  9.806753e-01  2.796506e-03  9.806871e-01  2.796695e-03  9.099715e-01  2.411455e-03  
   2.0412300  9.866151e-01  2.867839e-03  9.866271e-01  2.868035e-03  9.150925e-01  2.470681e-03  
   2.0612299  9.924117e-01  2.938178e-03  9.924240e-01  2.938381e-03  9.200851e-01  2.528987e-03  
   2.0822301  9.986495e-01  3.014721e-03  9.986623e-01  3.014931e-03  9.254531e-01  2.592333e-03  
   2.1038301  1.005233e+00  3.096512e-03  1.005246e+00  3.096730e-03  9.311132e-01  2.659912e-03  
   2.1238301  1.011486e+00  3.175206e-03  1.011500e+00  3.175433e-03  9.364837e-01  2.724832e-03  
   2.1448300  1.018220e+00  3.261121e-03  1.018234e+00  3.261357e-03  9.422616e-01  2.795606e-03  
   2.1658299  1.025132e+00  3.350652e-03  1.025147e+00  3.350899e-03  9.481862e-01  2.869256e-03  
   2.1868300  1.032230e+00  3.444088e-03  1.032246e+00  3.444345e-03  9.542638e-01  2.946015e-03  
   2.2078300  1.039521e+00  3.541738e-03  1.039537e+00  3.542007e-03  9.604989e-01  3.026142e-03  
   2.2278299  1.046651e+00  3.638981e-03  1.046667e+00  3.639262e-03  9.665905e-01  3.105845e-03  
   2.2488301  1.054341e+00  3.745916e-03  1.054358e+00  3.746210e-03  9.731524e-01  3.193408e-03  
   2.2698300  1.062247e+00  3.858215e-03  1.062264e+00  3.858523e-03  9.798903e-01  3.285280e-03  
   2.2908299  1.070379e+00  3.976359e-03  1.070397e+00  3.976681e-03  9.868128e-01  3.381860e-03  
   2.3118300  1.078747e+00  4.100867e-03  1.078766e+00  4.101203e-03  9.939262e-01  3.483576e-03  
   2.3328300  1.087360e+00  4.232310e-03  1.087379e+00  4.232664e-03  1.001238e+00  3.590900e-03  
   2.3528299  1.095801e+00  4.364518e-03  1.095821e+00  4.364890e-03  1.008395e+00  3.698813e-03  
   2.3738301  1.104925e+00  4.511377e-03  1.104946e+00  4.511768e-03  1.016119e+00  3.818660e-03  
   2.3948300  1.114329e+00  4.667213e-03  1.114350e+00  4.667624e-03  1.024068e+00  3.945831e-03  
   2.4158299  1.124025e+00  4.832862e-03  1.124046e+00  4.833296e-03  1.032251e+00  4.081042e-03  
   2.4368300  1.134028e+00  5.009247e-03  1.134051e+00  5.009707e-03  1.040679e+00  4.225089e-03  
   2.4578300  1.144353e+00  5.197392e-03  1.144377e+00  5.197878e-03  1.049364e+00  4.378852e-03  
   2.4778299  1.154501e+00  5.388560e-03  1.154526e+00  5.389074e-03  1.057885e+00  4.535236e-03  
   2.4988301  1.165505e+00  5.603111e-03  1.165530e+00  5.603657e-03  1.067107e+00  4.710963e-03  
   2.5204301  1.177215e+00  5.840089e-03  1.177242e+00  5.840670e-03  1.076902e+00  4.905337e-03  
   2.5404301  1.188433e+00  6.075829e-03  1.188460e+00  6.076449e-03  1.086266e+00  5.098988e-03  
   2.5614300  1.200622e+00  6.342146e-03  1.200651e+00  6.342810e-03  1.096417e+00  5.318081e-03  
   2.5824299  1.213257e+00  6.629990e-03  1.213287e+00  6.630703e-03  1.106915e+00  5.555197e-03  
   2.6034300  1.226369e+00  6.942146e-03  1.226400e+00  6.942909e-03  1.117780e+00  5.812578e-03  
   2.6244299  1.239987e+00  7.281983e-03  1.240020e+00  7.282805e-03  1.129035e+00  6.092855e-03  
   2.6444299  1.253460e+00  7.635231e-03  1.253494e+00  7.636115e-03  1.140138e+00  6.383977e-03  
   2.6654301  1.268175e+00  8.042331e-03  1.268210e+00  8.043290e-03  1.152225e+00  6.718754e-03  
   2.6864300  1.283512e+00  8.493268e-03  1.283549e+00  8.494304e-03  1.164780e+00  7.088020e-03  
   2.7074299  1.299524e+00  8.997078e-03  1.299562e+00  8.998209e-03  1.177838e+00  7.497767e-03  
   2.7284300  1.316267e+00  9.565840e-03  1.316307e+00  9.567076e-03  1.191435e+00  7.955628e-03  
   2.7494299  1.333802e+00  1.021584e-02  1.333845e+00  1.021721e-02  1.205611e+00  8.471414e-03  
   2.7694299  1.351307e+00  1.093055e-02  1.351351e+00  1.093207e-02  1.219693e+00  9.028099e-03  
   2.7904301  1.370607e+00  1.181006e-02  1.370654e+00  1.181178e-02  1.235137e+00  9.697125e-03  
   2.8114300  1.390940e+00  1.286131e-02  1.390989e+00  1.286327e-02  1.251310e+00  1.047358e-02  
   2.8324299  1.412407e+00  1.413812e-02  1.412459e+00  1.414041e-02  1.268276e+00  1.138486e-02  
   2.8534300  1.435117e+00  1.571217e-02  1.435172e+00  1.571489e-02  1.286101e+00  1.246622e-02  
   2.8744299  1.459191e+00  1.767761e-02  1.459249e+00  1.768091e-02  1.304862e+00  1.376276e-02  
   2.8944299  1.483502e+00  2.002460e-02  1.483564e+00  2.002863e-02  1.323674e+00  1.524992e-02  
   2.9154301  1.510604e+00  2.313621e-02  1.510669e+00  2.314126e-02  1.344501e+00  1.714554e-02  
   2.9370301  1.540294e+00  2.722839e-02  1.540364e+00  2.723483e-02  1.367168e+00  1.954561e-02  
   2.9570301  1.569531e+00  3.204439e-02  1.569606e+00  3.205252e-02  1.389369e+00  2.227929e-02  
   2.9780300  1.602128e+00  3.843746e-02  1.602207e+00  3.844787e-02  1.414027e+00  2.581124e-02  
   2.9990301  1.636727e+00  4.652381e-02  1.636810e+00  4.653712e-02  1.440155e+00  3.018408e-02  
   3.0200300  1.673338e+00  5.667804e-02  1.673427e+00  5.669499e-02  1.467831e+00  3.559618e-02  
   3.0410299  1.711911e+00  6.931482e-02  1.712004e+00  6.933627e-02  1.497121e+00  4.228244e-02  
   3.0610299  1.750353e+00  8.406350e-02  1.750450e+00  8.409008e-02  1.526553e+00  5.008446e-02  
   3.0820301  1.792295e+00  1.028375e-01  1.792397e+00  1.028705e-01  1.559070e+00  6.008108e-02  
   3.1030300  1.835540e+00  1.254210e-01  1.835645e+00  1.254613e-01  1.593194e+00  7.226685e-02  
   3.1240301  1.879660e+00  1.522312e-01  1.879767e+00  1.522801e-01  1.628820e+00  8.701825e-02  
   3.1450300  1.924121e+00  1.836234e-01  1.924230e+00  1.836817e-01  1.665761e+00  1.047307e-01  
   3.1660299  1.968297e+00  2.198637e-01  1.968406e+00  2.199321e-01  1.703750e+00  1.258051e-01  
   3.1860299  2.009457e+00  2.590221e-01  2.009564e+00  2.591007e-01  1.740570e+00  1.493546e-01  
   3.2070301  2.050987e+00  3.050235e-01  2.051090e+00  3.051134e-01  1.779461e+00  1.780683e-01  
   3.2280300  2.090028e+00  3.558838e-01  2.090126e+00  3.559850e-01  1.818036e+00  2.111428e-01  
   3.2490301  2.125822e+00  4.112938e-01  2.125912e+00  4.114060e-01  1.855653e+00  2.487668e-01  
   3.2700300  2.157676e+00  4.707810e-01  2.157758e+00  4.709036e-01  1.891599e+00  2.910047e-01  
   3.2910299  2.184997e+00  5.337292e-01  2.185069e+00  5.338618e-01  1.925124e+00  3.377747e-01  
   3.3110299  2.206383e+00  5.962269e-01  2.206445e+00  5.963674e-01  1.954108e+00  3.863069e-01  
   3.3320301  2.223687e+00  6.637424e-01  2.223737e+00  6.638905e-01  1.980753e+00  4.410548e-01  
   3.3536301  2.235855e+00  7.343273e-01  2.235894e+00  7.344813e-01  2.003443e+00  5.008087e-01  
   3.3736300  2.242077e+00  7.999247e-01  2.242104e+00  8.000829e-01  2.019691e+00  5.585572e-01  
   3.3946300  2.243601e+00  8.682854e-01  2.243617e+00  8.684465e-01  2.031470e+00  6.208616e-01  
   3.4156301  2.240345e+00  9.354319e-01  2.240350e+00  9.355946e-01  2.037659e+00  6.839442e-01  
   3.4366300  2.232773e+00  1.000789e+00  2.232770e+00  1.000952e+00  2.038280e+00  7.468206e-01  
   3.4576299  2.221420e+00  1.063927e+00  2.221409e+00  1.064089e+00  2.033571e+00  8.085274e-01  
   3.4776299  2.207601e+00  1.121735e+00  2.207585e+00  1.121895e+00  2.024526e+00  8.653945e-01  
   3.4986300  2.190457e+00  1.179856e+00  2.190436e+00  1.180013e+00  2.010825e+00  9.223726e-01  
   3.5196300  2.171103e+00  1.235315e+00  2.171078e+00  1.235469e+00  1.993551e+00  9.759644e-01  
   3.5406301  2.149968e+00  1.288192e+00  2.149940e+00  1.288341e+00  1.973534e+00  1.025775e+00  
   3.5616300  2.127394e+00  1.338624e+00  2.127364e+00  1.338768e+00  1.951643e+00  1.071623e+00  
   3.5826299  2.103641e+00  1.386786e+00  2.103611e+00  1.386923e+00  1.928722e+00  1.113552e+00  
   3.6026299  2.080091e+00  1.430703e+00  2.080062e+00  1.430833e+00  1.906640e+00  1.150060e+00  
   3.6236300  2.054515e+00  1.474910e+00  2.054486e+00  1.475031e+00  1.883819e+00  1.185183e+00  
   3.6446300  2.028167e+00  1.517270e+00  2.028138e+00  1.517382e+00  1.861867e+00  1.217531e+00  
   3.6656301  2.001138e+00  1.557844e+00  2.001112e+00  1.557945e+00  1.841118e+00  1.247693e+00  
   3.6866300  1.973544e+00  1.596635e+00  1.973519e+00  1.596726e+00  1.821741e+00  1.276263e+00  
   3.7076299  1.945542e+00  1.633616e+00  1.945519e+00  1.633696e+00  1.803748e+00  1.303789e+00  
   3.7276299  1.918693e+00  1.667103e+00  1.918673e+00  1.667174e+00  1.787804e+00  1.329452e+00  
   3.7486300  1.890587e+00  1.700397e+00  1.890568e+00  1.700458e+00  1.772137e+00  1.356142e+00  
   3.7702301  1.862135e+00  1.732623e+00  1.862119e+00  1.732674e+00  1.756947e+00  1.383525e+00  
   3.7902300  1.836589e+00  1.760661e+00  1.836576e+00  1.760705e+00  1.743527e+00  1.408875e+00  
   3.8112299  1.811038e+00  1.788347e+00  1.811028e+00  1.788386e+00  1.729969e+00  1.435442e+00  
   3.8322301  1.787260e+00  1.814448e+00  1.787254e+00  1.814483e+00  1.716903e+00  1.461831e+00  
   3.8532300  1.765728e+00  1.839299e+00  1.765726e+00  1.839334e+00  1.704387e+00  1.487879e+00  
   3.8742299  1.746873e+00  1.863374e+00  1.746876e+00  1.863411e+00  1.692590e+00  1.513443e+00  
   3.8942299  1.731733e+00  1.886137e+00  1.731740e+00  1.886180e+00  1.682269e+00  1.537266e+00  
   3.9152300  1.719026e+00  1.910573e+00  1.719036e+00  1.910623e+00  1.672718e+00  1.561754e+00  
   3.9362299  1.709683e+00  1.936396e+00  1.709697e+00  1.936457e+00  1.664856e+00  1.585869e+00  
   3.9572301  1.703623e+00  1.964550e+00  1.703640e+00  1.964625e+00  1.659055e+00  1.609937e+00  
   3.9782300  1.700551e+00  1.996024e+00  1.700569e+00  1.996113e+00  1.655626e+00  1.634454e+00  
   3.9992299  1.699948e+00  2.031811e+00  1.699965e+00  2.031918e+00  1.654778e+00  1.660075e+00  
   4.0192299  1.700981e+00  2.070766e+00  1.700995e+00  2.070892e+00  1.656428e+00  1.686234e+00  
   4.0402298  1.702811e+00  2.117588e+00  1.702821e+00  2.117733e+00  1.660622e+00  1.716412e+00  
   4.0612302  1.704237e+00  2.171129e+00  1.704238e+00  2.171295e+00  1.667003e+00  1.750323e+00  
   4.0822301  1.703895e+00  2.231840e+00  1.703884e+00  2.232028e+00  1.674996e+00  1.788945e+00  
   4.1032300  1.700293e+00  2.299901e+00  1.700265e+00  2.300109e+00  1.683773e+00  1.833220e+00  
   4.1242299  1.691868e+00  2.375201e+00  1.691820e+00  2.375427e+00  1.692263e+00  1.883980e+00  
   4.1442299  1.677920e+00  2.453253e+00  1.677850e+00  2.453494e+00  1.698889e+00  1.938958e+00  
   4.1652298  1.655606e+00  2.541158e+00  1.655509e+00  2.541413e+00  1.702873e+00  2.004066e+00  
   4.1868300  1.623018e+00  2.636869e+00  1.622891e+00  2.637134e+00  1.702078e+00  2.079066e+00  
   4.2068300  1.583004e+00  2.729069e+00  1.582848e+00  2.729340e+00  1.695281e+00  2.155578e+00  
   4.2278299  1.529861e+00  2.828118e+00  1.529671e+00  2.828391e+00  1.680158e+00  2.242656e+00  
   4.2488298  1.464617e+00  2.927816e+00  1.464394e+00  2.928087e+00  1.655184e+00  2.335652e+00  
   4.2698302  1.386850e+00  3.026375e+00  1.386594e+00  3.026639e+00  1.618825e+00  2.433165e+00  
   4.2908301  1.296434e+00  3.121931e+00  1.296145e+00  3.122186e+00  1.569808e+00  2.533392e+00  
   4.3108301  1.198712e+00  3.208442e+00  1.198393e+00  3.208685e+00  1.510511e+00  2.629429e+00  
   4.3318300  1.084334e+00  3.292781e+00  1.083987e+00  3.293007e+00  1.434532e+00  2.728585e+00  
   4.3528299  9.585929e-01  3.368703e+00  9.582200e-01  3.368912e+00  1.344498e+00  2.823515e+00  
   4.3738298  8.224356e-01  3.434510e+00  8.220398e-01  3.434702e+00  1.240940e+00  2.911638e+00  
   4.3948302  6.770358e-01  3.488617e+00  6.766210e-01  3.488792e+00  1.124919e+00  2.990459e+00  
   4.4158301  5.237911e-01  3.529582e+00  5.233613e-01  3.529739e+00  9.980168e-01  3.057701e+00  
   4.4358301  3.720009e-01  3.555215e+00  3.715614e-01  3.555356e+00  8.688862e-01  3.109207e+00  
   4.4568300  2.081900e-01  3.567052e+00  2.077453e-01  3.567179e+00  7.268885e-01  3.148690e+00  
   4.4778299  4.174985e-02  3.562626e+00  4.130502e-02  3.562739e+00  5.808826e-01  3.172256e+00  
   4.4988298  -1.252315e-01  3.541389e+00  -1.256716e-01  3.541490e+00  4.335717e-01  3.179480e+00  
   4.5198302  -2.905529e-01  3.503118e+00  -2.909834e-01  3.503211e+00  2.876231e-01  3.170510e+00  
   4.5408301  -4.519293e-01  3.447968e+00  -4.523461e-01  3.448054e+00  1.455520e-01  3.146026e+00  
   4.5608301  -5.998610e-01  3.380253e+00  -6.002617e-01  3.380334e+00  1.589547e-02  3.109335e+00  
   4.5818300  -7.469937e-01  3.294133e+00  -7.473755e-01  3.294212e+00  -1.125002e-01  3.058230e+00  
   4.6034298  -8.874020e-01  3.190946e+00  -8.877638e-01  3.191024e+00  -2.347593e-01  2.994088e+00  
   4.6234298  -1.005784e+00  3.083875e+00  -1.006128e+00  3.083955e+00  -3.381146e-01  2.926066e+00  
   4.6444302  -1.116557e+00  2.961599e+00  -1.116884e+00  2.961683e+00  -4.358385e-01  2.847670e+00  
   4.6654301  -1.212338e+00  2.831617e+00  -1.212652e+00  2.831707e+00  -5.222592e-01  2.764085e+00  
   4.6864300  -1.292438e+00  2.696522e+00  -1.292744e+00  2.696620e+00  -5.974706e-01  2.677182e+00  
   4.7074299  -1.356656e+00  2.558976e+00  -1.356961e+00  2.559083e+00  -6.618375e-01  2.588663e+00  
   4.7274299  -1.403313e+00  2.428075e+00  -1.403620e+00  2.428192e+00  -7.135785e-01  2.504233e+00  
   4.7484298  -1.437782e+00  2.293055e+00  -1.438100e+00  2.293183e+00  -7.585523e-01  2.416678e+00  
   4.7694302  -1.458488e+00  2.162629e+00  -1.458822e+00  2.162767e+00  -7.947339e-01  2.331291e+00  
   4.7904301  -1.466864e+00  2.038595e+00  -1.467218e+00  2.038741e+00  -8.229686e-01  2.248929e+00  
   4.8114300  -1.464548e+00  1.922337e+00  -1.464927e+00  1.922491e+00  -8.441153e-01  2.170240e+00  
   4.8324299  -1.453287e+00  1.814826e+00  -1.453693e+00  1.814984e+00  -8.590172e-01  2.095700e+00  
   4.8524299  -1.435846e+00  1.721088e+00  -1.436280e+00  1.721249e+00  -8.681455e-01  2.028859e+00  
   4.8734298  -1.412092e+00  1.631949e+00  -1.412555e+00  1.632109e+00  -8.731487e-01  1.963208e+00  
   4.8944302  -1.384281e+00  1.552225e+00  -1.384773e+00  1.552381e+00  -8.741624e-01  1.902267e+00  
   4.9154301  -1.353779e+00  1.481575e+00  -1.354298e+00  1.481724e+00  -8.718441e-01  1.846012e+00  
   4.9364300  -1.321749e+00  1.419470e+00  -1.322292e+00  1.419610e+00  -8.667905e-01  1.794335e+00  
   4.9574299  -1.289148e+00  1.365260e+00  -1.289712e+00  1.365388e+00  -8.595380e-01  1.747068e+00  
   4.9774299  -1.258266e+00  1.320315e+00  -1.258848e+00  1.320430e+00  -8.510208e-01  1.705954e+00  
   4.9984298  -1.226576e+00  1.279428e+00  -1.227173e+00  1.279528e+00  -8.407863e-01  1.666644e+00  
