w Re-xx Im-xx Re-yy Im-yy Re-zz Im-zz
# Gaussian absolute broadening  0.15 [eV]
   0.0000000  7.686712e-01  8.845592e-05  7.686808e-01  8.845594e-05  7.246616e-01  7.885132e-05  
   0.0200000  7.687712e-01  9.467156e-05  7.687809e-01  9.467158e-05  7.247505e-01  8.438798e-05  
   0.0410000  7.688900e-01  1.017545e-04  7.688997e-01  1.017545e-04  7.248566e-01  9.069702e-05  
   0.0620000  7.690257e-01  1.094437e-04  7.690352e-01  1.094437e-04  7.249774e-01  9.754595e-05  
   0.0830000  7.691794e-01  1.177732e-04  7.691891e-01  1.177732e-04  7.251143e-01  1.049649e-04  
   0.1040000  7.693539e-01  1.267723e-04  7.693636e-01  1.267724e-04  7.252700e-01  1.129800e-04  
   0.1240000  7.695410e-01  1.359867e-04  7.695508e-01  1.359869e-04  7.254368e-01  1.211866e-04  
   0.1450000  7.697620e-01  1.463532e-04  7.697718e-01  1.463534e-04  7.256337e-01  1.304186e-04  
   0.1660000  7.700099e-01  1.574341e-04  7.700195e-01  1.574345e-04  7.258545e-01  1.402864e-04  
   0.1870000  7.702872e-01  1.692261e-04  7.702968e-01  1.692265e-04  7.261016e-01  1.507866e-04  
   0.2080000  7.705954e-01  1.817145e-04  7.706051e-01  1.817151e-04  7.263765e-01  1.619060e-04  
   0.2290000  7.709370e-01  1.948740e-04  7.709466e-01  1.948748e-04  7.266809e-01  1.736219e-04  
   0.2490000  7.712944e-01  2.079985e-04  7.713042e-01  2.079995e-04  7.269991e-01  1.853054e-04  
   0.2700000  7.717047e-01  2.223586e-04  7.717146e-01  2.223600e-04  7.273645e-01  1.980872e-04  
   0.2910000  7.721519e-01  2.372628e-04  7.721618e-01  2.372646e-04  7.277629e-01  2.113515e-04  
   0.3120000  7.726369e-01  2.526575e-04  7.726468e-01  2.526597e-04  7.281951e-01  2.250502e-04  
   0.3330000  7.731600e-01  2.684873e-04  7.731699e-01  2.684902e-04  7.286610e-01  2.391336e-04  
   0.3540000  7.737216e-01  2.846990e-04  7.737316e-01  2.847025e-04  7.291611e-01  2.535540e-04  
   0.3740000  7.742923e-01  3.004482e-04  7.743022e-01  3.004524e-04  7.296695e-01  2.675598e-04  
   0.3950000  7.749292e-01  3.172668e-04  7.749392e-01  3.172718e-04  7.302368e-01  2.825135e-04  
   0.4160000  7.756045e-01  3.343369e-04  7.756146e-01  3.343429e-04  7.308378e-01  2.976869e-04  
   0.4374300  7.763338e-01  3.519841e-04  7.763438e-01  3.519910e-04  7.314872e-01  3.133690e-04  
   0.4574300  7.770500e-01  3.686383e-04  7.770600e-01  3.686462e-04  7.321248e-01  3.281642e-04  
   0.4784300  7.778393e-01  3.862998e-04  7.778495e-01  3.863087e-04  7.328276e-01  3.438498e-04  
   0.4994300  7.786670e-01  4.041285e-04  7.786772e-01  4.041384e-04  7.335640e-01  3.596785e-04  
   0.5204300  7.795331e-01  4.221170e-04  7.795434e-01  4.221280e-04  7.343346e-01  3.756439e-04  
   0.5414300  7.804374e-01  4.402620e-04  7.804477e-01  4.402740e-04  7.351394e-01  3.917424e-04  
   0.5614300  7.813348e-01  4.576881e-04  7.813451e-01  4.577012e-04  7.359378e-01  4.071979e-04  
   0.5824300  7.823151e-01  4.761401e-04  7.823253e-01  4.761540e-04  7.368099e-01  4.235569e-04  
   0.6034300  7.833341e-01  4.947538e-04  7.833445e-01  4.947684e-04  7.377164e-01  4.400528e-04  
   0.6244300  7.843928e-01  5.135339e-04  7.844033e-01  5.135494e-04  7.386579e-01  4.566897e-04  
   0.6454300  7.854913e-01  5.324862e-04  7.855017e-01  5.325027e-04  7.396348e-01  4.734722e-04  
   0.6664300  7.866300e-01  5.516171e-04  7.866405e-01  5.516345e-04  7.406473e-01  4.904057e-04  
   0.6864300  7.877516e-01  5.700086e-04  7.877621e-01  5.700268e-04  7.416443e-01  5.066777e-04  
   0.7074300  7.889693e-01  5.895070e-04  7.889798e-01  5.895260e-04  7.427264e-01  5.239220e-04  
   0.7284300  7.902282e-01  6.092041e-04  7.902389e-01  6.092240e-04  7.438453e-01  5.413340e-04  
   0.7494300  7.915287e-01  6.291078e-04  7.915393e-01  6.291287e-04  7.450008e-01  5.589209e-04  
   0.7704300  7.928707e-01  6.492252e-04  7.928817e-01  6.492471e-04  7.461933e-01  5.766882e-04  
   0.7914300  7.942560e-01  6.695649e-04  7.942669e-01  6.695879e-04  7.474235e-01  5.946428e-04  
   0.8114300  7.956143e-01  6.891497e-04  7.956252e-01  6.891738e-04  7.486297e-01  6.119230e-04  
   0.8324300  7.970832e-01  7.099472e-04  7.970942e-01  7.099723e-04  7.499339e-01  6.302642e-04  
   0.8540300  7.986402e-01  7.315978e-04  7.986513e-01  7.316241e-04  7.513161e-01  6.493476e-04  
   0.8740300  8.001235e-01  7.518868e-04  8.001346e-01  7.519141e-04  7.526324e-01  6.672219e-04  
   0.8950300  8.017250e-01  7.734508e-04  8.017362e-01  7.734793e-04  7.540537e-01  6.862095e-04  
   0.9160300  8.033717e-01  7.952919e-04  8.033831e-01  7.953215e-04  7.555146e-01  7.054301e-04  
   0.9370300  8.050649e-01  8.174204e-04  8.050762e-01  8.174510e-04  7.570162e-01  7.248925e-04  
   0.9580300  8.068045e-01  8.398467e-04  8.068160e-01  8.398786e-04  7.585589e-01  7.446057e-04  
   0.9780300  8.085057e-01  8.614931e-04  8.085175e-01  8.615259e-04  7.600669e-01  7.636221e-04  
   0.9990300  8.103390e-01  8.845342e-04  8.103506e-01  8.845683e-04  7.616918e-01  7.838520e-04  
   1.0200300  8.122209e-01  9.079074e-04  8.122326e-01  9.079424e-04  7.633592e-01  8.043605e-04  
   1.0410300  8.141524e-01  9.316245e-04  8.141643e-01  9.316605e-04  7.650703e-01  8.251576e-04  
   1.0620300  8.161346e-01  9.556977e-04  8.161466e-01  9.557347e-04  7.668257e-01  8.462538e-04  
   1.0830300  8.181673e-01  9.801398e-04  8.181796e-01  9.801779e-04  7.686257e-01  8.676579e-04  
   1.1030300  8.201515e-01  1.003772e-03  8.201637e-01  1.003811e-03  7.703817e-01  8.883399e-04  
   1.1240300  8.222862e-01  1.028970e-03  8.222985e-01  1.029011e-03  7.722706e-01  9.103774e-04  
   1.1450300  8.244742e-01  1.054576e-03  8.244866e-01  1.054618e-03  7.742062e-01  9.327562e-04  
   1.1660300  8.267165e-01  1.080604e-03  8.267289e-01  1.080647e-03  7.761890e-01  9.554870e-04  
   1.1870300  8.290138e-01  1.107067e-03  8.290264e-01  1.107112e-03  7.782203e-01  9.785820e-04  
   1.2080300  8.313669e-01  1.133983e-03  8.313796e-01  1.134029e-03  7.803001e-01  1.002054e-03  
   1.2280300  8.336608e-01  1.160050e-03  8.336735e-01  1.160098e-03  7.823267e-01  1.024769e-03  
   1.2490300  8.361257e-01  1.187893e-03  8.361386e-01  1.187943e-03  7.845038e-01  1.049014e-03  
   1.2706300  8.387231e-01  1.217055e-03  8.387362e-01  1.217107e-03  7.867968e-01  1.074388e-03  
   1.2906300  8.411843e-01  1.244545e-03  8.411974e-01  1.244600e-03  7.889694e-01  1.098289e-03  
   1.3116300  8.438284e-01  1.273936e-03  8.438419e-01  1.273993e-03  7.913022e-01  1.123822e-03  
   1.3326300  8.465345e-01  1.303886e-03  8.465480e-01  1.303945e-03  7.936892e-01  1.149819e-03  
   1.3536299  8.493040e-01  1.334413e-03  8.493176e-01  1.334475e-03  7.961310e-01  1.176295e-03  
   1.3746300  8.521383e-01  1.365542e-03  8.521519e-01  1.365607e-03  7.986289e-01  1.203271e-03  
   1.3946300  8.548993e-01  1.395767e-03  8.549133e-01  1.395836e-03  8.010615e-01  1.229442e-03  
   1.4156300  8.578640e-01  1.428135e-03  8.578782e-01  1.428207e-03  8.036725e-01  1.257444e-03  
   1.4366300  8.608975e-01  1.461174e-03  8.609118e-01  1.461248e-03  8.063427e-01  1.286000e-03  
   1.4576300  8.640016e-01  1.494908e-03  8.640159e-01  1.494985e-03  8.090740e-01  1.315132e-03  
   1.4786299  8.671772e-01  1.529363e-03  8.671919e-01  1.529445e-03  8.118673e-01  1.344859e-03  
   1.4996300  8.704263e-01  1.564568e-03  8.704412e-01  1.564653e-03  8.147241e-01  1.375204e-03  
   1.5196300  8.735897e-01  1.598818e-03  8.736048e-01  1.598906e-03  8.175039e-01  1.404700e-03  
   1.5406300  8.769864e-01  1.635568e-03  8.770016e-01  1.635659e-03  8.204874e-01  1.436318e-03  
   1.5616300  8.804610e-01  1.673154e-03  8.804763e-01  1.673248e-03  8.235381e-01  1.468624e-03  
   1.5826300  8.840151e-01  1.711608e-03  8.840308e-01  1.711706e-03  8.266571e-01  1.501644e-03  
   1.6036299  8.876512e-01  1.750964e-03  8.876671e-01  1.751066e-03  8.298463e-01  1.535406e-03  
   1.6246300  8.913707e-01  1.791259e-03  8.913866e-01  1.791365e-03  8.331071e-01  1.569937e-03  
   1.6446300  8.949922e-01  1.830540e-03  8.950082e-01  1.830649e-03  8.362802e-01  1.603565e-03  
   1.6656300  8.988797e-01  1.872778e-03  8.988963e-01  1.872890e-03  8.396851e-01  1.639686e-03  
   1.6872300  9.029729e-01  1.917324e-03  9.029895e-01  1.917440e-03  8.432677e-01  1.677742e-03  
   1.7072300  9.068490e-01  1.959610e-03  9.068657e-01  1.959729e-03  8.466584e-01  1.713826e-03  
   1.7282300  9.110113e-01  2.005131e-03  9.110282e-01  2.005253e-03  8.502977e-01  1.752630e-03  
   1.7492300  9.152700e-01  2.051850e-03  9.152873e-01  2.051977e-03  8.540189e-01  1.792411e-03  
   1.7702301  9.196278e-01  2.099821e-03  9.196456e-01  2.099951e-03  8.578249e-01  1.833210e-03  
   1.7912300  9.240881e-01  2.149101e-03  9.241062e-01  2.149234e-03  8.617176e-01  1.875072e-03  
   1.8112299  9.284338e-01  2.197306e-03  9.284521e-01  2.197444e-03  8.655077e-01  1.915975e-03  
   1.8322300  9.331016e-01  2.249321e-03  9.331201e-01  2.249463e-03  8.695768e-01  1.960056e-03  
   1.8532300  9.378809e-01  2.302835e-03  9.378998e-01  2.302981e-03  8.737399e-01  2.005351e-03  
   1.8742300  9.427739e-01  2.357923e-03  9.427931e-01  2.358075e-03  8.779995e-01  2.051918e-03  
   1.8952301  9.477852e-01  2.414665e-03  9.478043e-01  2.414822e-03  8.823587e-01  2.099818e-03  
   1.9162300  9.529170e-01  2.473146e-03  9.529367e-01  2.473308e-03  8.868195e-01  2.149114e-03  
   1.9362299  9.579194e-01  2.530543e-03  9.579396e-01  2.530711e-03  8.911653e-01  2.197428e-03  
   1.9572300  9.632977e-01  2.592694e-03  9.633184e-01  2.592867e-03  8.958336e-01  2.249664e-03  
   1.9782300  9.688082e-01  2.656883e-03  9.688291e-01  2.657062e-03  9.006135e-01  2.303526e-03  
   1.9992300  9.744546e-01  2.723231e-03  9.744758e-01  2.723417e-03  9.055068e-01  2.359101e-03  
   2.0202301  9.802418e-01  2.791872e-03  9.802637e-01  2.792065e-03  9.105186e-01  2.416495e-03  
   2.0412300  9.861738e-01  2.862952e-03  9.861959e-01  2.863152e-03  9.156511e-01  2.475817e-03  
   2.0612299  9.919621e-01  2.933063e-03  9.919847e-01  2.933271e-03  9.206553e-01  2.534220e-03  
   2.0822301  9.981913e-01  3.009393e-03  9.982141e-01  3.009610e-03  9.260359e-01  2.597678e-03  
   2.1038301  1.004766e+00  3.091011e-03  1.004789e+00  3.091235e-03  9.317098e-01  2.665392e-03  
   2.1238301  1.011010e+00  3.169597e-03  1.011034e+00  3.169830e-03  9.370933e-01  2.730460e-03  
   2.1448300  1.017734e+00  3.255473e-03  1.017758e+00  3.255716e-03  9.428855e-01  2.801423e-03  
   2.1658299  1.024636e+00  3.345057e-03  1.024661e+00  3.345310e-03  9.488248e-01  2.875305e-03  
   2.1868300  1.031723e+00  3.438653e-03  1.031748e+00  3.438918e-03  9.549177e-01  2.952347e-03  
   2.2078300  1.039002e+00  3.536585e-03  1.039028e+00  3.536863e-03  9.611687e-01  3.032816e-03  
   2.2278299  1.046121e+00  3.634222e-03  1.046147e+00  3.634513e-03  9.672756e-01  3.112913e-03  
   2.2488301  1.053798e+00  3.741707e-03  1.053825e+00  3.742013e-03  9.738550e-01  3.200956e-03  
   2.2698300  1.061691e+00  3.854702e-03  1.061719e+00  3.855025e-03  9.806108e-01  3.293389e-03  
   2.2908299  1.069809e+00  3.973683e-03  1.069837e+00  3.974025e-03  9.875516e-01  3.390602e-03  
   2.3118300  1.078161e+00  4.099161e-03  1.078190e+00  4.099521e-03  9.946834e-01  3.493025e-03  
   2.3328300  1.086758e+00  4.231691e-03  1.086788e+00  4.232071e-03  1.002016e+00  3.601118e-03  
   2.3528299  1.095183e+00  4.365016e-03  1.095213e+00  4.365416e-03  1.009191e+00  3.709808e-03  
   2.3738301  1.104288e+00  4.513103e-03  1.104319e+00  4.513525e-03  1.016936e+00  3.830491e-03  
   2.3948300  1.113671e+00  4.670174e-03  1.113703e+00  4.670622e-03  1.024906e+00  3.958495e-03  
   2.4158299  1.123346e+00  4.837015e-03  1.123378e+00  4.837490e-03  1.033112e+00  4.094490e-03  
   2.4368300  1.133326e+00  5.014471e-03  1.133359e+00  5.014976e-03  1.041563e+00  4.239215e-03  
   2.4578300  1.143626e+00  5.203487e-03  1.143660e+00  5.204022e-03  1.050272e+00  4.393484e-03  
   2.4778299  1.153748e+00  5.395206e-03  1.153783e+00  5.395774e-03  1.058816e+00  4.550121e-03  
   2.4988301  1.164722e+00  5.609933e-03  1.164758e+00  5.610539e-03  1.068064e+00  4.725779e-03  
   2.5204301  1.176400e+00  5.846529e-03  1.176437e+00  5.847174e-03  1.077887e+00  4.919610e-03  
   2.5404301  1.187585e+00  6.081261e-03  1.187624e+00  6.081951e-03  1.087276e+00  5.112219e-03  
   2.5614300  1.199738e+00  6.345687e-03  1.199777e+00  6.346423e-03  1.097457e+00  5.329523e-03  
   2.5824299  1.212333e+00  6.630592e-03  1.212374e+00  6.631384e-03  1.107986e+00  5.563998e-03  
   2.6034300  1.225402e+00  6.938552e-03  1.225444e+00  6.939404e-03  1.118883e+00  5.817719e-03  
   2.6244299  1.238974e+00  7.272712e-03  1.239017e+00  7.273625e-03  1.130172e+00  6.093144e-03  
   2.6444299  1.252400e+00  7.618922e-03  1.252445e+00  7.619908e-03  1.141309e+00  6.378359e-03  
   2.6654301  1.267060e+00  8.016643e-03  1.267106e+00  8.017702e-03  1.153435e+00  6.705384e-03  
   2.6864300  1.282340e+00  8.455788e-03  1.282388e+00  8.456940e-03  1.166031e+00  7.065065e-03  
   2.7074299  1.298290e+00  8.944983e-03  1.298339e+00  8.946237e-03  1.179134e+00  7.463110e-03  
   2.7284300  1.314965e+00  9.495753e-03  1.315016e+00  9.497117e-03  1.192778e+00  7.906803e-03  
   2.7494299  1.332428e+00  1.012367e-02  1.332481e+00  1.012518e-02  1.207006e+00  8.405530e-03  
   2.7694299  1.349857e+00  1.081274e-02  1.349913e+00  1.081440e-02  1.221141e+00  8.942799e-03  
   2.7904301  1.369074e+00  1.165932e-02  1.369131e+00  1.166119e-02  1.236646e+00  9.587490e-03  
   2.8114300  1.389318e+00  1.266998e-02  1.389378e+00  1.267211e-02  1.252887e+00  1.033484e-02  
   2.8324299  1.410690e+00  1.389658e-02  1.410752e+00  1.389905e-02  1.269928e+00  1.121136e-02  
   2.8534300  1.433301e+00  1.540830e-02  1.433366e+00  1.541121e-02  1.287839e+00  1.225138e-02  
   2.8744299  1.457272e+00  1.729626e-02  1.457341e+00  1.729975e-02  1.306700e+00  1.349901e-02  
   2.8944299  1.481484e+00  1.955204e-02  1.481556e+00  1.955628e-02  1.325621e+00  1.493176e-02  
   2.9154301  1.508482e+00  2.254556e-02  1.508558e+00  2.255083e-02  1.346583e+00  1.676137e-02  
   2.9370301  1.538071e+00  2.648760e-02  1.538151e+00  2.649429e-02  1.369414e+00  1.908377e-02  
   2.9570301  1.567224e+00  3.113402e-02  1.567308e+00  3.114240e-02  1.391798e+00  2.173697e-02  
   2.9780300  1.599747e+00  3.731247e-02  1.599835e+00  3.732314e-02  1.416685e+00  2.517660e-02  
   2.9990301  1.634295e+00  4.514199e-02  1.634388e+00  4.515556e-02  1.443085e+00  2.945118e-02  
   3.0200300  1.670886e+00  5.499297e-02  1.670984e+00  5.501017e-02  1.471088e+00  3.476236e-02  
   3.0410299  1.709478e+00  6.727673e-02  1.709580e+00  6.729838e-02  1.500763e+00  4.134956e-02  
   3.0610299  1.747982e+00  8.164120e-02  1.748087e+00  8.166795e-02  1.530622e+00  4.906435e-02  
   3.0820301  1.790044e+00  9.996106e-02  1.790153e+00  9.999408e-02  1.563656e+00  5.898360e-02  
   3.1030300  1.833469e+00  1.220399e-01  1.833581e+00  1.220802e-01  1.598370e+00  7.111458e-02  
   3.1240301  1.877838e+00  1.482989e-01  1.877952e+00  1.483474e-01  1.634660e+00  8.584246e-02  
   3.1450300  1.922617e+00  1.790986e-01  1.922732e+00  1.791561e-01  1.672337e+00  1.035719e-01  
   3.1660299  1.967179e+00  2.147126e-01  1.967293e+00  2.147798e-01  1.711128e+00  1.247130e-01  
   3.1860299  2.008767e+00  2.532514e-01  2.008879e+00  2.533284e-01  1.748767e+00  1.483805e-01  
   3.2070301  2.050804e+00  2.985881e-01  2.050912e+00  2.986754e-01  1.788562e+00  1.772832e-01  
   3.2280300  2.090399e+00  3.487800e-01  2.090502e+00  3.488775e-01  1.828079e+00  2.106212e-01  
   3.2490301  2.126785e+00  4.035297e-01  2.126881e+00  4.036370e-01  1.866656e+00  2.485909e-01  
   3.2700300  2.159259e+00  4.623771e-01  2.159346e+00  4.624934e-01  1.903564e+00  2.912637e-01  
   3.2910299  2.187218e+00  5.247186e-01  2.187294e+00  5.248425e-01  1.938034e+00  3.385648e-01  
   3.3110299  2.209224e+00  5.866812e-01  2.209290e+00  5.868114e-01  1.967885e+00  3.876984e-01  
   3.3320301  2.227191e+00  6.536934e-01  2.227244e+00  6.538289e-01  1.995386e+00  4.431837e-01  
   3.3536301  2.240060e+00  7.238388e-01  2.240099e+00  7.239778e-01  2.018878e+00  5.038144e-01  
   3.3736300  2.246961e+00  7.891153e-01  2.246989e+00  7.892565e-01  2.035773e+00  5.624837e-01  
   3.3946300  2.249248e+00  8.572467e-01  2.249264e+00  8.573890e-01  2.048110e+00  6.258655e-01  
   3.4156301  2.246834e+00  9.242941e-01  2.246835e+00  9.244369e-01  2.054706e+00  6.901293e-01  
   3.4366300  2.240210e+00  9.897029e-01  2.240199e+00  9.898461e-01  2.055563e+00  7.542738e-01  
   3.4576299  2.229939e+00  1.053065e+00  2.229916e+00  1.053209e+00  2.050890e+00  8.173075e-01  
   3.4776299  2.217297e+00  1.111267e+00  2.217263e+00  1.111411e+00  2.041679e+00  8.754581e-01  
   3.4986300  2.201555e+00  1.170007e+00  2.201509e+00  1.170154e+00  2.027575e+00  9.337582e-01  
   3.5196300  2.183778e+00  1.226309e+00  2.183721e+00  1.226460e+00  2.009658e+00  9.885885e-01  
   3.5406301  2.164383e+00  1.280257e+00  2.164316e+00  1.280412e+00  1.988761e+00  1.039492e+00  
   3.5616300  2.143681e+00  1.331984e+00  2.143604e+00  1.332146e+00  1.965766e+00  1.086227e+00  
   3.5826299  2.121887e+00  1.381653e+00  2.121800e+00  1.381822e+00  1.941541e+00  1.128778e+00  
   3.6026299  2.100222e+00  1.427181e+00  2.100127e+00  1.427356e+00  1.918061e+00  1.165590e+00  
   3.6236300  2.076576e+00  1.473231e+00  2.076473e+00  1.473414e+00  1.893646e+00  1.200701e+00  
   3.6446300  2.052022e+00  1.517549e+00  2.051910e+00  1.517740e+00  1.870014e+00  1.232690e+00  
   3.6656301  2.026566e+00  1.560149e+00  2.026448e+00  1.560345e+00  1.847546e+00  1.262156e+00  
   3.6866300  2.000241e+00  1.600987e+00  2.000118e+00  1.601188e+00  1.826451e+00  1.289728e+00  
   3.7076299  1.973133e+00  1.639985e+00  1.973005e+00  1.640186e+00  1.806776e+00  1.316009e+00  
   3.7276299  1.946730e+00  1.675325e+00  1.946601e+00  1.675524e+00  1.789284e+00  1.340319e+00  
   3.7486300  1.918632e+00  1.710452e+00  1.918502e+00  1.710647e+00  1.772062e+00  1.365486e+00  
   3.7702301  1.889675e+00  1.744408e+00  1.889547e+00  1.744596e+00  1.755352e+00  1.391273e+00  
   3.7902300  1.863205e+00  1.773884e+00  1.863082e+00  1.774061e+00  1.740592e+00  1.415187e+00  
   3.8112299  1.836234e+00  1.802884e+00  1.836119e+00  1.803050e+00  1.725682e+00  1.440346e+00  
   3.8322301  1.810624e+00  1.830087e+00  1.810518e+00  1.830240e+00  1.711308e+00  1.465471e+00  
   3.8532300  1.786909e+00  1.855811e+00  1.786815e+00  1.855951e+00  1.697512e+00  1.490422e+00  
   3.8742299  1.765600e+00  1.880521e+00  1.765520e+00  1.880648e+00  1.684453e+00  1.515059e+00  
   3.8942299  1.747947e+00  1.903657e+00  1.747882e+00  1.903774e+00  1.672943e+00  1.538144e+00  
   3.9152300  1.732502e+00  1.928236e+00  1.732456e+00  1.928344e+00  1.662158e+00  1.561981e+00  
   3.9362299  1.720410e+00  1.953939e+00  1.720382e+00  1.954043e+00  1.653089e+00  1.585538e+00  
   3.9572301  1.711671e+00  1.981705e+00  1.711662e+00  1.981809e+00  1.646121e+00  1.609098e+00  
   3.9782300  1.706070e+00  2.012525e+00  1.706078e+00  2.012632e+00  1.641587e+00  1.633115e+00  
   3.9992299  1.703151e+00  2.047394e+00  1.703175e+00  2.047509e+00  1.639718e+00  1.658210e+00  
   4.0192299  1.702225e+00  2.085240e+00  1.702263e+00  2.085367e+00  1.640492e+00  1.683810e+00  
   4.0402298  1.702295e+00  2.130664e+00  1.702345e+00  2.130809e+00  1.643884e+00  1.713320e+00  
   4.0612302  1.702288e+00  2.182594e+00  1.702345e+00  2.182760e+00  1.649600e+00  1.746454e+00  
   4.0822301  1.700853e+00  2.241508e+00  1.700914e+00  2.241697e+00  1.657071e+00  1.784179e+00  
   4.1032300  1.696495e+00  2.307622e+00  1.696554e+00  2.307838e+00  1.665479e+00  1.827415e+00  
   4.1242299  1.687636e+00  2.380864e+00  1.687689e+00  2.381106e+00  1.673750e+00  1.876985e+00  
   4.1442299  1.673552e+00  2.456893e+00  1.673594e+00  2.457161e+00  1.680310e+00  1.930677e+00  
   4.1652298  1.651348e+00  2.542651e+00  1.651376e+00  2.542944e+00  1.684370e+00  1.994262e+00  
   4.1868300  1.619102e+00  2.636178e+00  1.619110e+00  2.636492e+00  1.683808e+00  2.067508e+00  
   4.2068300  1.579559e+00  2.726415e+00  1.579546e+00  2.726748e+00  1.677364e+00  2.142227e+00  
   4.2278299  1.527014e+00  2.823510e+00  1.526977e+00  2.823857e+00  1.662752e+00  2.227260e+00  
   4.2488298  1.462416e+00  2.921397e+00  1.462354e+00  2.921752e+00  1.638426e+00  2.318078e+00  
   4.2698302  1.385279e+00  3.018323e+00  1.385190e+00  3.018681e+00  1.602844e+00  2.413321e+00  
   4.2908301  1.295417e+00  3.112454e+00  1.295301e+00  3.112809e+00  1.554716e+00  2.511256e+00  
   4.3108301  1.198105e+00  3.197817e+00  1.197964e+00  3.198165e+00  1.496353e+00  2.605158e+00  
   4.3318300  1.083994e+00  3.281186e+00  1.083826e+00  3.281523e+00  1.421418e+00  2.702216e+00  
   4.3528299  9.583216e-01  3.356395e+00  9.581284e-01  3.356714e+00  1.332461e+00  2.795290e+00  
   4.3738298  8.220245e-01  3.421744e+00  8.218066e-01  3.422046e+00  1.229970e+00  2.881897e+00  
   4.3948302  6.762819e-01  3.475654e+00  6.760399e-01  3.475933e+00  1.114966e+00  2.959631e+00  
   4.4158301  5.225152e-01  3.516670e+00  5.222499e-01  3.516927e+00  9.889901e-01  3.026288e+00  
   4.4358301  3.700967e-01  3.542576e+00  3.698102e-01  3.542811e+00  8.606224e-01  3.077748e+00  
   4.4568300  2.055386e-01  3.554916e+00  2.052313e-01  3.555130e+00  7.192735e-01  3.117745e+00  
   4.4778299  3.832009e-02  3.551195e+00  3.799326e-02  3.551387e+00  5.737416e-01  3.142389e+00  
   4.4988298  -1.294085e-01  3.530836e+00  -1.297528e-01  3.531009e+00  4.267233e-01  3.151226e+00  
   4.5198302  -2.953857e-01  3.493586e+00  -2.957453e-01  3.493741e+00  2.808916e-01  3.144334e+00  
   4.5408301  -4.572740e-01  3.439558e+00  -4.576461e-01  3.439697e+00  1.387784e-01  3.122312e+00  
   4.5608301  -6.055210e-01  3.372973e+00  -6.059024e-01  3.373097e+00  8.958581e-03  3.088226e+00  
   4.5818300  -7.527774e-01  3.288063e+00  -7.531659e-01  3.288173e+00  -1.197075e-01  3.040033e+00  
   4.6034298  -8.930793e-01  3.186106e+00  -8.934709e-01  3.186203e+00  -2.423143e-01  2.978957e+00  
   4.6234298  -1.011154e+00  3.080131e+00  -1.011546e+00  3.080214e+00  -3.460232e-01  2.913749e+00  
   4.6444302  -1.121404e+00  2.958931e+00  -1.121792e+00  2.958997e+00  -4.441220e-01  2.838200e+00  
   4.6654301  -1.216488e+00  2.829931e+00  -1.216869e+00  2.829980e+00  -5.308976e-01  2.757289e+00  
   4.6864300  -1.295752e+00  2.695711e+00  -1.296121e+00  2.695740e+00  -6.064270e-01  2.672842e+00  
   4.7074299  -1.359039e+00  2.558929e+00  -1.359395e+00  2.558934e+00  -6.710650e-01  2.586546e+00  
   4.7274299  -1.404761e+00  2.428654e+00  -1.405100e+00  2.428634e+00  -7.230167e-01  2.504012e+00  
   4.7484298  -1.438239e+00  2.294194e+00  -1.438556e+00  2.294146e+00  -7.681621e-01  2.418236e+00  
   4.7694302  -1.457979e+00  2.164240e+00  -1.458272e+00  2.164158e+00  -8.044683e-01  2.334440e+00  
   4.7904301  -1.465446e+00  2.040599e+00  -1.465710e+00  2.040483e+00  -8.327859e-01  2.253515e+00  
   4.8114300  -1.462299e+00  1.924667e+00  -1.462532e+00  1.924515e+00  -8.539790e-01  2.176152e+00  
   4.8324299  -1.450298e+00  1.817426e+00  -1.450495e+00  1.817237e+00  -8.688958e-01  2.102865e+00  
   4.8524299  -1.432241e+00  1.723898e+00  -1.432402e+00  1.723676e+00  -8.780124e-01  2.037182e+00  
   4.8734298  -1.407931e+00  1.634937e+00  -1.408051e+00  1.634681e+00  -8.829789e-01  1.972736e+00  
   4.8944302  -1.379650e+00  1.555350e+00  -1.379727e+00  1.555060e+00  -8.839325e-01  1.913012e+00  
   4.9154301  -1.348751e+00  1.484796e+00  -1.348783e+00  1.484478e+00  -8.815316e-01  1.857999e+00  
   4.9364300  -1.316382e+00  1.422749e+00  -1.316368e+00  1.422404e+00  -8.763740e-01  1.807599e+00  
   4.9574299  -1.283484e+00  1.368558e+00  -1.283424e+00  1.368192e+00  -8.689960e-01  1.761646e+00  
   4.9774299  -1.252346e+00  1.323596e+00  -1.252241e+00  1.323212e+00  -8.603405e-01  1.721817e+00  
   4.9984298  -1.220398e+00  1.282653e+00  -1.220247e+00  1.282256e+00  -8.499420e-01  1.683885e+00  
